195,196,710,201,205,206,912,208,721,55,1048,863,496,433,53,887,952,444,831
267,397,150,151,153,602,154,603,604,478,155,864,283,292,742,41,43,567,831
832,193,902,70,1036,205,396,721,722,28,669,350,862,33,547,496,497,1074,888,441,444
194,195,764,197,201,912,210,723,982,239,881,753,58,572,62
267,150,153,602,154,603,604,478,155,864,283,349,222,292,742,567,379
1025,196,903,904,713,207,208,730,796,989,797,416,417,1061,1062,806,1064,684,571,191
642,261,262,852,213,278,1045,984,214,343,870,871,422,743,170,238,502,314,1085
1045,281,345,347,733,222,159,161,297,46,47,688,1073,178,307,308,52,310,55,314,1085
704,705,708,68,70,267,715,331,403,33,37,429,381,58,380,701,702,703
516,139,140,461,147,724,57,34,743,299,177,179,756,757,633,638
516,139,140,335,147,34,299,300,301,175,177,179,756,757,759,57,635,638,639
139,140,335,147,724,34,35,743,299,300,177,179,756,757,57,638
194,195,197,199,201,207,912,723,239,881,753,58,764,62
194,195,197,199,201,207,912,210,723,239,881,753,58,572,62
517,460,147,35,299,44,300,175,177,50,179,56,57
517,147,35,299,300,44,175,177,50,179,56,57
847,211,345,347,349,223,227,228,170,108,109,494,493,178,1079
776,845,984,281,860,861,222,354,868,870,314,317,316,1085
847,211,917,347,223,225,227,228,869,102,870,424,233,493,494,1085,318
257,79,659,604,92,293,39,40,743,47,48,240,306,569,59,63
257,79,659,602,604,92,478,293,39,40,743,47,48,240,306,569,63
196,709,902,903,904,201,713,207,208,796,797,416,417,1062,1064,239,55,888,571,191
194,195,764,197,199,201,912,848,723,924,1057,739,881,753,572,62
198,1044,981,1047,95,96,678,936,489,682,491,492,619,622,112,946,627
838,842,79,659,729,90,411,92,412,287,614,743,42,46,307,308,447
65,268,21,85,408,409,89,88,95,96,934,551,678,682,365,238,175,176
194,195,197,201,912,848,210,723,982,739,548,753,564,764,62
602,603,604,159,39,40,41,43,46,47,48,688,307,308,52,120,59,124
602,603,604,159,39,40,41,43,46,47,48,688,307,308,52,120,59,124
659,39,41,297,43,46,47,48,688,307,52,308,310,120,59,124
659,39,40,41,297,43,46,47,48,688,307,308,310,120,124
194,643,195,197,199,201,713,207,730,989,1060,1061,809,58,62
640,516,139,461,724,57,34,35,177,50,633,636,637
198,267,1044,1047,473,96,738,678,169,682,491,492,622,625,946,947,958
324,457,395,204,334,80,275,163,36,166,295,167,168,169,303,624,625,944
194,195,643,197,199,201,713,207,912,982,239,881,58,62
322,847,211,918,223,225,227,228,102,39,488,233,40,493,494,495
394,780,340,344,345,281,347,349,798,799,800,801,170,811,108,109,812
192,513,835,709,593,664,665,601,866,546,547,548,549,550,941,49,762,763
135,776,777,779,829,845,206,918,984,985,222,420,870,872,425,1084,1085
902,711,205,721,722,145,403,863,864,33,806,809,106,107,760,949,54,888,380,381,831
780,781,340,347,798,799,800,801,170,811,812,108,1079,1084
780,781,340,347,798,799,800,801,170,811,108,812,109,1084
340,344,345,346,347,348,349,223,108,109,178,1079
194,195,323,197,902,199,201,848,912,210,982,739,740,750,239,755,564,62
776,845,918,984,985,281,222,868,869,870,871,314,1085,318
212,984,222,354,868,869,870,871,872,873,425,426,366,1072,1073,499,378
257,79,659,533,729,90,411,92,412,479,293,743,40,42,240,569,59,63
257,79,659,533,729,90,411,479,293,743,40,42,240,307,182,569,59,63
278,539,222,224,225,161,227,228,869,102,488,233,872,495,375,1084
600,601,120,41,43,941,46,687,48,688,498,307,52,308,310,55,698,954,59,124,63
453,845,917,919,860,353,354,868,871,424,425,377,378,316,317,318
64,258,910,911,336,339,932,933,294,235,305,948,248,61
6,968,907,908,909,268,1022,408,89,934,232,810,1071,304,117,889,126
64,258,259,583,336,152,357,173,948,245,566,60,127
278,539,222,224,225,161,227,228,869,102,488,233,872,495,1073,375
203,205,145,96,356,106,107,433,243,436,502,122,123
203,145,95,96,356,551,106,107,433,243,436,502,122,123
65,652,912,401,594,595,596,597,598,599,866,103,49,564
192,264,395,12,16,18,20,413,164,229,38,230,168,169,104,231,1013,374
71,72,74,158,159,160,46,688,307,52,308,59
320,321,322,325,326,327,521,76,77,144,875,876,877,319
71,72,74,158,159,160,46,307,52,308,120,59
576,579,580,581,398,598,599,23,862,674,554,496,564,1076,1077,889,890
71,72,74,158,159,160,46,307,52,308,120,59
71,72,74,158,159,160,46,688,307,52,308,120,59
845,917,860,861,353,354,868,423,424,316,377,378,252,317,318
1090,21,278,661,222,224,225,355,102,1062,488,361,998,495,49,56
776,777,845,212,918,984,985,281,860,222,870,1072,1073,314,1084,1085
258,259,6,583,910,336,339,980,1048,88,994,1059,296,236,127,305,250,60,511
1090,851,24,380,602,603,794,795,93,1050,224,735,998,103,366,60,304,113,49,952,1084
340,344,345,346,347,348,349,108,109,178,1079
320,321,322,325,326,327,521,76,77,144,875,876,877,319
845,918,984,985,281,222,353,868,869,870,871,872,1073,314,1085,318
776,845,918,984,281,985,222,353,868,869,870,871,872,314,1085,318
320,322,326,327,847,211,213,344,345,349,223,227,228,233,876,493,494,1073,319
260,966,582,905,399,609,931,358,935,936,937,938,363,112,245,246
340,344,345,346,347,348,349,108,109,178,1079
574,585,459,846,80,414,415,926,615,616,631,247,444,445,446
389,902,903,148,149,150,730,416,673,352,741,747,749,750,751,752,755,119,189
71,75,90,1051,92,297,46,47,48,688,307,52,310,120,59,124
257,961,964,79,659,729,90,411,412,422,743,40,39,240,306,569,63
704,1088,68,69,267,338,31,481,356,37,484,106,555,171,51,436,380,381,702
642,199,200,855,284,995,1001,1002,1003,620,1009,434,1011,1074,373,374,1015,1016
193,903,904,148,149,150,151,730,352,747,748,749,750,751,752,755,243
193,711,203,267,205,145,154,155,283,30,106,107,433,243,567
194,195,197,201,912,210,723,595,594,982,351,239,881,753,564,313,763,764
71,72,74,158,159,160,46,688,307,52,308,59
832,577,580,581,912,723,596,597,598,599,350,351,929,103,554,49,753,564,313,764
1030,1031,459,80,977,18,20,859,987,990,415,545,235,822,247,827,444,445,1087
963,964,965,271,272,84,85,87,88,89,1050,99,101,939
963,271,272,83,84,85,86,88,1050,97,99,101,939,255
963,968,271,272,83,84,85,88,1050,98,99,101,939,255
963,968,271,272,84,85,86,87,88,89,1050,97,98,99,101,939,255
963,968,271,272,83,84,85,87,88,89,1050,97,98,99,101,939,255
963,965,271,272,84,85,86,87,88,89,1050,98,99,101,939
963,84,85,86,87,88,89,99,100,101,232,939,366
3,14,403,413,545,229,38,486,104,487,230,231,997,1014,374,504,441
832,193,194,195,197,201,148,149,150,151,155,352,747,748,749,750,751,752,755
1029,1030,1031,1032,977,18,20,857,987,990,545,164,235,1080,1087
0,2,4,9,10,13,341,24,25,26,91,93,480
898,901,838,135,842,843,206,529,530,984,985,411,412,163,420,691,307,52,829
324,457,395,204,209,275,405,539,167,169,622,303,1082
324,457,395,204,209,275,405,167,168,169,622,303
265,401,220,669,670,671,672,621,496,113,435,121,570
711,854,602,603,476,604,477,478,292,742,368,565,959
0,2,4,8,332,13,341,24,25,26,91,1052,93,1067
453,845,917,860,861,353,354,868,869,423,424,316,377,252,317,318
203,205,145,481,356,106,107,433,243,436,502,122,123
963,964,271,83,84,85,86,87,88,89,1050,99,100,101,939,255
963,964,968,973,83,84,85,86,87,88,89,540,97,98,99,101,939
260,966,586,588,537,609,355,358,936,937,627,246
387,68,69,902,267,11,718,721,338,17,852,608,484,37,555,51,371,380,381
776,847,211,278,225,227,228,102,488,233,40,493,494,495
604,120,479,39,41,43,46,47,48,688,307,308,310,568,59,124
71,72,74,158,159,160,46,307,52,308,59
2,4,11,13,17,273,342,24,25,986,91,93,480,484,489,171,110,439
320,321,322,325,326,327,521,524,77,76,144,875,876,877,319
576,577,578,131,581,70,334,732,28,862,415,617,618,45,496,497,629
257,71,659,158,159,160,46,47,48,688,307,52,308,120,59,63
268,140,21,408,606,299,300,365,238,301,176,757,635,126,639
128,129,135,972,398,529,530,342,24,484,489,427,111,370,371,115,829
514,516,392,393,137,138,140,141,460,335,146,296,236,757,639
382,1028,68,331,78,338,147,927,555,299,1070,372,311,56,830
454,7,136,266,396,15,82,27,28,29,30,286,672,33,477,492,496,760
128,129,648,972,398,145,401,155,733,547,548,549,106,427,370,371,564
196,582,7,200,15,208,529,530,856,27,28,29,30,286,496,500,187,382
329,791,27,28,669,670,671,672,29,220,30,286,621,880,496,435,121
704,329,792,27,28,669,670,671,672,220,30,286,37,621,49,435,628,121
212,918,919,984,353,354,868,869,870,871,872,873,425,378,1085
193,203,205,145,356,106,107,433,243,436,502,122,123
645,584,793,732,606,607,489,619,174,175,371,1012,629,883,573,574
148,149,150,151,602,603,604,477,478,284,352,292,742,747,748,749,751,368,752,568
515,516,645,712,202,139,461,19,724,1068,1004,1005,1006,1007,626,1010,756,757,1013,632,633
0,1,2,4,8,9,10,13,17,19,26,93,480,171,115
193,203,1036,205,145,148,286,30,356,106,107,433,243,436,949,502,760,62
954,956,142,14,1042,278,32,353,226,868,871,360,873,234,1063,679,378,316,317
516,202,140,268,335,21,408,410,95,96,678,551,682,365,238,176,639
832,145,210,723,28,29,30,351,286,552,753,433,313
1085,212,919,215,353,868,869,870,871,872,873,499,186,253,318
453,917,919,353,354,868,869,871,424,376,377,378,316,318
192,258,583,328,336,607,357,294,619,173,948,1012,566,312,443,60
258,583,584,336,152,357,294,619,173,175,948,566,312,443
64,258,328,905,586,336,475,357,294,173,948,245,566,443,60
704,771,271,213,1045,278,984,860,222,228,102,870,495,561,690,818,375,314,1085
640,515,461,724,34,35,299,300,177,50,179,756,757,626,636,637,638
641,515,516,140,335,626,632,633,634,635,638,639
640,641,515,516,140,461,141,335,724,299,626,757,632,633,636,637
260,966,971,655,535,537,609,355,358,935,936,937,938,246
322,327,776,845,270,406,344,281,538,222,223,224,868,870,872,873,40,314,1084,1085,319
195,196,710,903,904,201,713,207,208,796,797,416,417,1062,1064,239,881,53,191
389,715,149,730,416,417,673,676,677,684,750,111,815,817,820,119,699,189,190
640,515,516,268,140,461,335,724,301,176,757,633,635,636,637,639
585,459,80,790,414,415,615,616,496,247,444,445,446
257,79,659,729,293,39,40,743,240,306,569,63
136,266,396,781,780,15,82,664,28,286,798,672,33,866,799,811,812,49,435,56,762
389,527,404,602,603,604,416,417,676,677,111,815,817,306,432,820,821,118,189,190
1025,194,195,197,201,713,207,912,210,1057,239,881,572,62
194,195,197,201,207,912,210,1057,239,881,753,761,572
513,650,203,912,210,723,982,286,863,350,1057,351,313,107,879,239,881,761,572
0,2,4,8,9,13,341,24,25,26,91,93,104
256,384,389,464,465,466,467,468,285,482,236,237,241,242
256,389,390,135,189,602,603,356,420,106,107,174,111,116,118,119,829,190
132,644,910,399,911,80,790,545,162,932,933,235,627,61,247,248,444,445
71,73,158,159,160,46,688,307,52,308,59
576,577,580,585,909,1038,401,1042,23,733,221,32,804,616,554,496,564,250,62
135,206,79,984,985,412,158,420,743,40,42,46,111,307,116,308,59,700,829
71,72,74,158,159,160,46,307,52,308,59
64,192,258,583,328,336,932,357,294,173,948,245,566,60,61
459,910,399,911,470,415,162,932,421,166,295,235,627,309,248,444
71,72,74,158,159,160,46,688,307,52,308,59
576,131,580,581,732,32,617,618,44,45,496,247,56,445,446
260,966,905,537,475,609,355,358,935,936,937,105,246,249
1091,324,330,204,334,275,163,36,998,166,295,168,169,624,625,946,944,945,1082
897,520,659,279,280,729,287,675,611,743,182,183,891,700,447
897,71,520,462,79,659,279,280,729,287,743,182,183,700,447
71,72,74,158,159,160,46,688,307,52,308,59
324,457,395,204,334,209,275,539,167,622,303,943,946
395,275,164,165,166,167,168,169,622,943,944,625,946,947,624
324,395,539,164,165,295,168,169,167,622,943,944,625,946,624,1082
1091,132,133,134,330,459,399,790,414,415,162,615,309,247,445,446
132,133,134,585,330,399,80,470,790,421,615,616,247,445,446
324,457,395,204,334,209,275,405,163,165,166,168,169,303,943,1082
322,776,845,984,281,344,860,861,354,870,40,375,314,1085
324,457,395,204,334,209,275,539,167,295,622,303,946
453,917,919,353,354,868,869,872,873,378,316,317,318
203,205,526,145,402,96,481,356,106,107,238,433,243,436,633,123
902,330,716,722,277,984,347,349,222,680,109,887,178,888,693,309,1079,949,315
212,918,353,868,869,870,871,872,873,425,378,1085,318
704,707,708,68,70,330,267,715,80,852,153,154,155,283,37,429,567,703
640,515,516,139,140,461,724,301,626,632,633,635,636,637,639
515,516,138,139,140,461,141,335,460,21,301,626,632,633,635,639
451,263,264,15,16,18,20,282,27,28,286,30,608,735,164,430,628
451,387,263,264,266,274,19,282,28,284,286,484,165,38,438,1014,441
11,81,17,273,19,480,484,485,489,171,172,813,110,115
642,68,267,203,79,19,342,153,154,283,155,552,759,51,567,571,123,381
6,907,844,909,908,268,1022,408,792,89,810,1071,304,880,176,117,126
193,391,203,1036,205,15,400,145,402,22,481,226,367,433,243,502,122,123
963,964,965,271,83,84,86,87,88,89,98,100,232,366,255
64,66,259,583,152,88,31,1059,357,294,296,236,442,948,250,60,61,127
132,133,134,583,582,966,586,967,588,846,537,926,415,607,418,619,247,511
897,520,659,279,280,729,287,743,182,183,700,63,447
256,384,389,464,465,466,467,285,482,740,237,750,241,242
324,457,395,204,209,275,539,165,166,167,169,622,303
1025,323,387,451,1091,903,904,266,721,274,403,282,30,863,417,33,490,236,441
1025,323,387,451,263,266,205,721,274,403,282,30,417,490,438,441
768,769,770,453,776,984,219,868,869,872,425,426,499,378,254,767
773,453,777,214,215,219,185,37,872,425,619,819,822,375,184,697,186,253
64,258,584,328,586,336,357,294,936,173,627,1012,245,948,566,312,60
391,203,205,781,15,22,481,802,226,106,367,433,243,436,502,122,123
320,321,322,325,326,327,76,144,344,345,40,233,875,876,319
320,321,322,325,326,327,521,344,345,40,875,876,877,319
320,321,322,325,326,327,521,344,40,875,876,877,319
320,321,322,325,326,327,521,76,144,40,876,877,319
3,14,274,282,26,156,413,94,545,229,38,230,231,997,1014,438,441
642,199,200,1033,1034,267,274,282,284,995,1001,748,620,1009,434,373,374
642,323,199,200,274,404,282,156,284,1001,747,620,748,434,1074,883,373,374
832,835,1036,205,145,913,210,914,27,28,29,30,286,1057,433,49,881,761
192,578,264,328,394,12,16,849,340,94,223,866,294,168,169,109,566,374
256,390,143,465,466,403,276,469,467,468,285,482,490,749,237,242,116
322,776,845,344,281,860,861,222,354,870,40,375,314,1085
453,774,787,788,789,215,353,423,424,425,252,376,377,316,317,767
768,769,770,766,214,215,868,869,871,872,425,426,377,378,765,254,767
963,262,198,330,142,145,82,958,984,795,226,229,997,361,234,883,956,702
67,261,262,6,653,142,654,213,408,32,873,44,365,304,117,442,126
585,330,459,80,414,415,162,615,616,247,444,445,446
585,330,459,80,414,415,615,616,247,444,445,446
1029,1030,1031,969,909,977,18,404,857,859,987,990,608,1080,125
320,321,322,325,326,327,523,76,524,875,876,877,319
320,321,322,325,326,327,521,144,875,876,877,319
652,716,912,210,723,725,982,350,351,863,313,239,879,753,761,764
453,214,215,919,219,868,423,872,425,186,424,426,499,185,378,253,254
899,836,455,456,777,779,780,781,219,799,800,801,423,184,185,378,252,253,254
449,833,450,519,333,1054,672,289,291,435,437,1081
211,984,729,222,224,225,228,102,488,233,40,493,365,495,240
768,899,772,773,774,771,845,781,767,215,217,218,425,375,377,895
768,769,771,772,773,774,781,214,217,218,1072,375,377,766,767
768,705,769,3,14,274,282,156,413,94,229,38,231,230,1014,438,441
711,151,602,603,604,476,478,542,477,292,742,368,440,379,959
968,202,268,973,974,408,409,410,540,934,551,810,365,238,176,126
704,705,706,707,708,68,70,267,337,852,853,37,429,379,380,701,703
585,459,399,80,414,415,615,309,247,248,444,445,446
200,1033,1034,148,149,150,155,284,352,740,748,749,750,751,752,1009,755,373,374
576,577,578,580,581,583,328,1042,732,554,49,566,312,443,60,1021
576,577,580,581,583,328,1042,732,554,49,629,566,312,443,60,1021
453,214,215,354,868,869,423,872,425,426,186,499,378,251,254
453,212,214,215,353,354,868,423,425,426,499,377,378,251,254
320,321,322,325,326,327,521,76,144,875,876,877,319
452,1029,977,408,409,859,987,990,551,1003,887,1009,180,181,1015,1080,1087
320,321,322,325,326,327,521,76,875,876,877,319
641,515,516,140,335,301,626,632,633,634,635,638,639
585,459,399,80,414,415,162,615,309,247,248,444,445,446
832,652,723,982,598,599,925,350,351,32,33,753,881,564,762,764
574,585,459,846,80,414,415,926,162,615,631,880,630,247,444,445,446
194,197,261,262,6,201,268,142,917,213,471,220,358,176,304,117,378,316,126
453,919,353,354,868,869,871,872,873,426,425,378,1085
641,516,139,140,147,724,300,301,302,1075,632,635,638,639
652,716,912,210,723,725,982,350,351,863,239,753,761,313,764
193,196,135,206,403,984,985,476,478,33,420,440,53,55,888,379,380,829,959
519,265,401,665,27,220,669,670,671,672,28,486,487,621,942,113,435,121,126
265,1048,220,669,670,671,672,995,807,808,621,431,496,113,435,628,121
192,258,644,583,328,336,357,294,173,948,245,566,443,60
715,718,527,850,659,851,469,534,216,794,795,859,998,814,818,821,823,824,827
198,712,912,1044,1047,95,96,678,169,682,491,492,622,750,238,625,946
256,384,390,143,464,465,466,467,276,468,602,603,285,482,237,111,242,116
192,258,328,336,1053,613,1002,1003,364,173,1009,1011,948,373,374,1015,1016,566,60
322,340,344,345,346,347,348,349,40,170,108,109,178,1079
340,344,345,346,347,348,349,108,109,178,1079
322,340,344,345,346,347,348,349,108,109,178,1079
340,344,345,346,347,348,349,170,108,109,178,1079
340,344,345,346,347,348,349,108,109,178,1079
453,774,787,788,917,789,215,353,423,424,425,376,377,252,317
768,769,770,453,766,214,215,868,869,871,872,425,426,873,378,765,254,767
963,964,511,662,88,89,1050,1058,162,418,874,363,366,249,127,255
459,399,535,727,536,537,538,414,415,162,615,935,936,937,235,938,247,248,444,445
652,848,594,595,723,725,924,925,863,867,739,740,741,1003,750,753,755,949,762
129,258,644,398,911,336,910,339,598,1048,548,933,235,305,248,61
520,657,663,183,733,1056,675,805,743,744,999,690,691,694,695,697,699,700
573,68,70,586,588,337,153,154,604,732,478,926,864,742,880,629,630,379,381,574,831
641,515,516,140,335,724,301,626,632,633,634,635,638,639
641,515,516,460,141,335,299,301,302,626,632,633,634,635,638,639
71,520,447,79,659,279,280,729,472,1051,287,52,182,183,700,63
258,1030,7,1031,330,1037,336,977,18,857,987,990,735,994,932,359,936,114,757,1087
323,911,531,532,533,600,601,606,607,33,556,557,878,558,561,498,563,562,182
265,401,220,669,670,671,672,621,496,113,435,121,570
517,596,277,724,984,345,347,349,222,606,607,161,170,108,300,175,1079,315,638
832,385,323,709,912,594,595,210,723,988,863,866,753,118,761,762,763
707,708,68,70,585,1034,267,337,852,23,37,429,496,49,497,438,441,380,703
0,2,4,9,10,13,341,24,25,26,91,93,480,171
322,340,344,345,346,347,348,349,108,109,178,1079
394,780,340,345,347,348,349,798,223,800,801,799,170,811,108,109,812
387,458,267,266,274,403,852,855,282,995,37,1001,490,429,431,373,951,703
963,964,965,83,85,86,87,88,89,99,100,232,939,366,255
516,139,140,335,147,724,34,35,299,300,177,179,756,757,57
1033,1034,1036,721,981,23,989,862,863,865,1061,806,1069,750,751,1074,887,760,761,191
1,8,9,10,11,17,273,24,480,484,485,489,171,172,110,115,439
453,774,917,215,353,423,424,425,316,376,377,252,317,318
453,774,782,783,784,917,215,353,423,424,425,376,377,252,317
964,453,782,784,785,786,917,353,422,423,424,425,376,377,378,252,317
453,782,783,784,785,786,917,215,353,423,424,425,376,377,252,317
322,772,773,774,327,915,344,217,218,345,40,686,693,694,375,696,251
768,769,770,453,766,215,984,868,869,871,872,425,426,873,378,765,254,767
769,770,964,453,776,214,215,868,869,422,872,425,426,873,378,254
323,329,1036,332,398,529,722,531,532,533,55,923,33,39,40,556,557,752,561,498,887
453,1084,917,919,353,354,868,869,423,424,811,812,376,377,378,316,317,318
128,129,581,648,972,398,14,529,94,548,549,935,427,370,371,564
385,386,389,119,863,673,684,750,111,241,242,118,887,1078,189,190
256,385,386,389,276,149,237,111,242,118,119,189,190
322,340,344,345,346,347,348,349,108,109,178,1079
328,457,334,977,275,1048,220,225,226,167,361,234,1003,233,495,303,1009,1080,570,956
832,194,652,912,401,210,723,596,597,1048,220,925,350,546,547,548,549,753,564
1029,1030,1031,1032,1037,976,977,474,858,1052,990,1066,1067,1003,431,1009,1087
388,645,5,975,340,1052,486,487,104,1066,1067,430,369,503,504
194,197,201,848,867,739,740,741,1003,750,754,755,1015,1016
1025,903,904,796,797,863,416,417,673,1064,684,54,760,699,831
1025,903,904,711,796,797,416,417,673,1064,684,942,886,54,571,831
1025,902,903,904,722,796,416,673,417,742,1064,684,949,886,887,888,761
257,584,79,19,659,405,729,411,412,484,293,39,40,236,569,240,306,1012,438,441,63
712,526,400,402,474,95,96,678,682,1003,1068,1004,1005,367,1010,1013
1025,902,711,721,722,854,476,478,863,416,673,1060,742,684,949,886,888,831
969,396,1036,273,1048,27,28,669,30,1003,941,496,1009,113,1011,628,1080,121,955,574
711,854,602,603,604,476,478,479,477,742,47,48,368,828,959
3,1037,14,474,1052,156,608,1066,1067,1068,113,1010,1013,438,1014,441,125
129,258,644,201,398,910,528,911,339,598,599,1048,33,548,933,235,305,248,61
642,267,279,153,154,155,796,283,863,417,567,742,1064,759,1069,949,886,887,831
832,652,912,210,723,596,597,982,599,598,925,350,351,753,564
995,807,1001,1002,1003,1004,1005,1006,431,1007,1009,1008,1011,1010,1068,1015,1016
135,776,829,845,206,984,985,860,222,868,420,870,872,1084,1085
641,515,516,140,335,301,302,626,1075,632,633,634,635,638,639
640,139,461,724,57,34,35,299,177,50,179,756,757,633
256,385,386,323,389,149,684,237,111,118,119,1078,189,190
385,386,323,389,149,989,673,684,111,118,119,1078,189,190
256,385,386,389,149,1061,237,111,689,118,119,1078,189,190
640,641,516,139,140,461,147,57,299,301,177,179,756,757,633,635,636,637,639
517,139,140,147,724,299,300,301,177,179,756,757,57,635,639
832,642,709,1036,398,912,210,723,982,600,863,1057,673,684,753,758,761,570
514,392,137,393,140,146,301,1075,635,638,639
71,520,447,79,659,279,280,729,287,743,182,183,59,700,63
329,265,332,28,220,672,929,289,291,103,807,808,621,175,435,437,1081
322,772,327,586,588,1085,406,536,344,538,345,605,609,422,870,40,745,41,233,500,701
1088,839,701,585,981,407,919,729,415,353,932,166,615,747,556,558,878,561,889,445,446
960,968,844,974,911,980,408,410,605,736,993,1058,992,99,934,935,1000,1017
967,584,588,654,661,662,736,418,1058,994,419,874,627,1017,1018
448,1036,396,909,145,210,983,600,608,864,356,433,882,691,697,693,436,760,761,892,125
10,11,17,273,81,480,484,485,489,171,172,813,110,115
654,661,662,736,992,418,994,419,1058,874,629,1017,1018
203,780,205,909,145,981,92,798,865,481,356,106,107,433,436,502,123
576,577,579,580,581,403,23,282,732,926,674,554,306,438,441
968,973,974,271,408,409,540,99,100,934,551,365,238
1034,267,1035,404,1046,855,154,865,995,1001,490,1003,1009,434,1074,1011,951,950,567
446,459,80,1021,732,414,415,932,615,616,247,444,573,574,445
193,203,1036,205,145,155,286,33,356,106,107,433,243,436,502,123
257,71,79,729,159,293,743,39,40,46,306,52,569,59,63
203,1036,205,145,286,356,106,107,433,243,436,502,122,123
384,256,193,389,390,465,466,467,276,468,989,285,482,1061,242,116,190
776,779,845,984,281,860,861,354,870,316,314,317,1084,1085
776,845,918,984,281,860,861,222,354,870,314,317,316,1085
1091,458,330,851,853,986,676,997,998,677,1001,1003,814,815,432,1009,1010,817,820
204,334,275,164,165,166,167,168,169,622,943,624,625,946,944,945,1082
71,72,74,158,159,160,46,688,307,52,308,59
260,966,905,971,401,537,609,355,358,935,937,938,246
711,854,602,603,476,604,477,478,742,684,368,565,959
256,193,385,389,199,464,465,466,467,468,482,620,237,241,242
968,973,974,271,408,409,540,99,100,934,551,365,238
583,328,844,336,791,792,926,357,294,173,880,948,566,312,443,60,574
11,273,17,19,480,484,485,489,171,813,110,176,115,371
395,845,275,278,984,222,224,225,161,228,102,488,233,872,495,375
256,384,389,464,465,466,467,468,285,482,807,237,431,241,242
256,464,465,466,467,468,404,285,482,1069,368,242,116,118,190
256,384,389,464,465,466,467,468,285,482,237,241,242,1009,190
644,966,582,967,905,586,846,535,727,536,475,609,418,937,938,1017,1018,574
833,449,450,519,332,333,220,1054,289,291,437,1081
960,581,648,584,846,732,605,926,607,992,929,606,619,174,175,371,1012,630
513,67,452,1037,595,725,982,408,409,857,987,220,858,859,551,1003,1009,180,181
704,70,201,331,78,593,338,913,469,534,664,665,987,37,741,298,750,311,380,381
340,344,345,346,347,348,349,108,109,178,1079
382,1028,68,331,78,338,927,1070,50,372,311,57,830
7,712,400,402,856,95,735,929,613,678,359,935,682,940,367,114,500,53
832,323,1036,652,594,595,531,533,598,599,532,923,350,547,549,687,881,887
1024,577,579,583,648,328,265,1038,528,401,1042,339,1048,220,33,929,305,628,566
451,580,581,454,264,266,397,846,913,594,274,282,286,33,554,492,496,49,574
256,385,384,389,464,465,466,467,285,482,237,241,242
1025,903,904,1033,1034,713,849,796,797,416,417,1062,1064,1003,1009,1074,571,191
193,1027,516,515,517,461,78,403,724,153,483,299,300,236,626,311,250,381
576,577,579,580,581,3,846,274,403,23,282,732,674,554,306,438,441
453,454,455,456,782,783,784,785,786,219,424,425,376,377,378,252,253
453,454,455,456,782,783,784,785,786,219,424,425,376,377,378,252
453,454,455,456,782,783,784,785,786,215,424,425,376,377,378,252
453,454,455,456,782,783,784,785,786,353,424,425,376,377,378,252
192,193,7,848,665,1053,221,739,995,613,867,740,364,750,431,374,568,61,62
514,392,393,137,138,140,141,335,146,301,302,1075,635,638,639
194,261,262,199,197,201,268,142,210,213,917,155,220,552,106,942,628,117,126
963,6,974,83,86,87,88,89,1050,97,98,99,101,934,810,366,304
1033,906,267,1034,404,1046,153,154,604,1001,171,759,1009,434,1074,373,374,950,440,381
201,848,977,725,924,925,863,867,739,741,740,750,881,754,755,1080
576,577,578,579,580,581,391,15,400,22,481,802,674,554,243,244,122,188,383
768,769,770,453,774,214,215,219,868,869,872,425,426,499,378,252,765,254,767
449,450,833,518,519,333,1054,288,289,995,291,807,437,1015
256,390,135,206,143,529,149,984,985,989,224,420,942,111,116,829
71,79,90,411,92,412,157,287,614,743,42,46,52,569,447
641,515,516,301,626,1075,632,633,634,635,638,639
384,389,464,465,466,467,276,468,285,478,482,742,241,242,116,567
391,712,526,400,402,95,96,928,678,682,367,382
388,645,202,1052,413,545,229,38,487,104,230,231,1067,997,1013,1014,504
976,977,1048,858,220,669,670,671,672,807,552,621,496,1009,113,628,1015,1080,121,1087
977,1048,857,858,220,669,670,671,672,807,552,808,1002,621,496,113,628,1080,121,1087
388,5,645,1037,1052,929,486,487,1067,430,369,1009,503,504
2,4,11,13,17,273,341,24,25,91,93,480,484,489,171,172,110
651,716,717,462,591,590,147,920,1051,349,734,744,683,686,560,759,698
712,526,400,402,95,96,928,678,682,367,244,122
388,645,712,1037,977,474,1052,929,484,487,104,1066,1067,1003,430,1009,503,504,1087
388,645,712,202,1037,975,474,1052,929,484,486,104,1066,1067,1003,430,1009,503
452,1037,408,409,474,987,928,994,802,551,759,365,180,181,692,1015,1016
1033,1034,1035,203,404,855,865,1001,1003,1069,1009,1074,434,950,951
193,195,148,149,150,155,352,417,740,741,567,748,749,750,751,881,755,887
384,256,193,389,390,464,465,466,467,276,468,482,163,237,241,242,116
457,395,204,334,209,275,164,165,166,36,168,169,622,303,625,946,1082
457,395,204,334,275,36,165,166,295,168,167,169,622,303,625,947,1082
324,330,204,334,275,539,36,165,166,295,998,168,303,947,1082
324,204,334,209,275,405,165,166,167,169,622,303,943,625,624,944
324,457,395,204,334,209,275,405,539,166,167,622,303
324,457,395,204,209,275,405,539,167,168,169,233,303
832,193,652,205,148,149,982,599,150,155,350,352,107,748,749,747,751,752,564,764
384,193,389,465,466,467,468,276,284,285,482,740,741,749,750,751,242,116
193,148,149,150,151,989,862,1060,741,747,749,750,751,752,755
384,256,389,464,465,466,467,468,285,482,237,241,242
79,659,729,90,411,92,412,157,287,614,743,42,46,569,447
515,516,138,460,461,141,140,21,301,302,1075,632,633,635,638,639
513,652,912,210,723,725,924,925,350,351,546,550,239,753,881,313
707,956,917,353,226,354,481,360,361,234,109,243,502,183,122,123,1084
1088,64,258,68,69,328,336,31,357,173,51,948,245,566,312,443,60
71,72,74,158,159,160,46,688,307,308,52,59
963,271,272,83,86,87,88,89,1050,97,98,99,100,101,939
963,271,272,83,85,86,87,88,89,97,98,99,100,101
963,83,84,85,86,87,88,89,97,98,99,100,101,939
0,1,2,4,10,13,341,24,25,26,91,474,93,489
193,903,904,201,848,148,150,417,739,740,741,748,749,750,751,755
193,201,848,148,150,863,352,739,740,741,749,750,751,752,755,887,831
193,197,201,848,148,150,155,417,739,740,741,748,749,750,751,755
576,577,578,579,580,581,648,528,929,674,554
576,577,578,579,580,581,648,528,23,929,674,937,554
322,327,776,847,211,347,223,227,228,40,233,170,493,494,178,1085
576,577,578,579,580,581,648,846,929,674,937,554,1003,1009
576,577,578,579,580,581,648,23,732,929,674,554,506,508
844,846,791,792,793,732,926,880,629,630,573,574
844,846,910,791,792,793,732,926,880,629,630,573,574
907,908,909,1022,791,792,793,732,28,1071,880,496,305,629,1078,121,574
79,729,90,411,92,412,157,287,160,611,614,743,42,46,447
907,908,909,339,1022,792,793,1048,732,97,98,937,1071,880,304,496,573,574
848,16,150,151,602,603,604,478,863,867,739,292,742,236,754,1013
576,579,580,581,978,979,980,23,793,992,554,505,506,508
576,577,578,960,580,581,648,653,654,528,980,541,992,929,554,505,507,509,510,511
576,577,578,579,580,581,960,653,846,654,528,980,541,992,929,505,507,509,510,511
580,581,846,978,979,980,23,732,733,992,929,506,505,1018,508
449,450,833,518,519,332,333,1054,288,289,291,437
960,844,978,979,980,926,607,992,736,935,1000,619,630,507,509,510,511
960,582,844,980,926,607,992,995,807,808,554,1011,630,1016,507,509,510,511
844,339,980,926,607,991,929,994,992,995,807,808,431,1015,1018,507,509,510,511
579,580,581,978,979,980,23,929,994,554,506,629,505,1018,508,511
384,385,1088,256,464,465,466,467,276,405,209,285,482,749,241,242
512,899,649,589,1041,657,1043,916,728,731,553,575
320,322,325,326,327,521,144,40,875,876,877,319
0,1,8,9,10,11,17,273,19,480,484,489,171,110,115
902,711,903,721,722,863,673,742,1064,684,888,949,886,887,760,761,831
576,577,578,579,580,581,844,23,793,926,606,992,674,554,630
711,151,153,154,602,603,604,477,478,476,292,742,368,959
576,577,578,579,580,581,388,648,528,1048,929,674,554,430,503
711,151,153,154,602,603,604,477,478,476,742,39,368,959
711,854,151,154,602,603,604,477,478,476,742,39,368,959
576,577,578,579,580,581,388,648,528,929,674,554,430,503
576,577,578,579,580,581,648,528,401,596,597,929,674,554
389,711,119,989,673,1060,1061,742,684,242,886,567,568,761,118,699,189,190
323,837,389,711,119,989,673,1060,1061,742,684,242,886,118,568,699,189,190
711,717,959,476,477,478,673,742,568,759,684,368,692,886,567,760,761,758,831
1089,1090,645,518,1037,402,665,1052,288,545,676,677,1066,1067,1068,1013,1015,957
457,275,213,1045,278,347,539,222,225,228,870,167,233,108,109,493,495,303,314
844,846,791,792,793,732,926,607,880,629,630,631,573,574
844,846,911,791,792,793,732,926,607,619,880,630,631,573,574
449,450,833,518,519,333,1054,288,289,291,437,1081,1023
446,844,846,791,792,732,926,619,880,629,630,631,573,574
844,846,791,792,793,732,926,414,938,880,629,630,631,573,574
844,846,791,792,793,732,926,619,880,630,631,573,574
844,846,911,791,792,793,732,926,607,619,880,630,631,573,574
844,846,791,792,793,732,926,414,938,619,880,630,631,573,574
260,966,967,905,586,588,661,662,535,537,538,609,355,358,935,936,937,874,246
968,973,974,271,408,409,540,99,100,934,551,365,238,176
960,961,844,653,654,541,926,542,992,544,993,736,543,994,991,1000,630
960,961,653,654,541,542,991,992,544,994,993,543,1000,619
847,344,345,346,347,223,228,40,233,170,108,494,178,1079
960,961,586,588,653,654,732,541,542,991,992,993,994,1000,937,936,880
387,266,274,403,1046,282,284,1053,156,735,490,750,306,755,373,374,950,438,441
586,588,661,662,538,736,609,1058,418,419,1059,874,627,1017,1018
193,259,324,395,204,720,405,343,735,930,166,679,296,168,169,236,685,754
520,529,530,721,531,982,598,730,155,989,29,33,867,1060,1061,548,106,239,564,700
577,578,579,452,648,398,529,530,474,156,928,929,802,803,33,1003,1009,374,1014
446,459,844,846,791,792,793,732,926,415,880,629,630,631,573,574
843,611,612,683,556,557,878,559,560,561,562,563,558,698
1025,713,1036,207,912,913,723,416,1057,417,313,239,881,753,761,572
1026,843,610,683,556,557,558,878,559,561,562,563
1026,843,611,683,556,557,878,559,560,561,562,563,558
843,611,612,683,556,557,878,559,558,561,562,563,691,890
1026,843,612,683,556,557,558,878,559,561,562,563
512,589,719,1041,657,1043,915,728,675,553,687,882,697,575
1026,843,611,683,556,557,878,559,560,558,562,563,561,698
843,658,611,612,683,556,557,878,559,558,561,562,691,690,563,890
1026,843,651,612,683,556,557,558,878,559,561,562,563
193,259,204,720,405,343,735,930,166,679,296,168,169,236,685,754
834,843,657,658,610,611,612,680,683,556,941,557,687,559,558,561,693
836,843,657,658,663,667,611,612,683,556,557,558,559,561,693,885,697
192,709,590,591,592,593,664,665,925,866,546,548,550,298,941,879,763
323,590,591,592,593,983,600,601,922,923,664,665,546,548,549,550,693,955
192,513,709,590,592,593,913,664,665,924,925,866,546,548,550,298,762
832,513,590,591,593,600,664,665,923,924,925,546,547,548,549,550,753
832,513,652,590,596,599,600,665,601,924,925,546,547,548,549,550,564
832,599,665,924,925,350,737,546,547,548,549,550,753,564
832,513,652,598,599,600,601,925,350,546,547,548,549,550,753,564
513,323,590,591,592,593,600,601,922,923,925,546,547,548,549,550,693
324,457,395,204,720,209,275,404,405,930,166,167,296,685,303,947,828
1033,1034,404,405,1001,1004,1005,1006,1007,1008,1009,434,1011,1010,1068,950,374,828
535,536,537,538,727,732,609,935,936,937,938,619,629
966,588,535,536,537,538,727,609,935,936,937,938,880,627
966,535,536,537,538,727,732,609,933,935,936,937,938
966,910,727,535,536,537,538,609,933,935,936,937,938
590,591,592,600,601,922,923,548,940,941,693,953,954,955
512,836,647,589,657,658,1043,1041,663,667,675,612,553,687,693,697,575
832,513,593,599,664,665,924,925,546,547,548,549,550,564
256,384,389,464,465,466,467,276,468,673,1061,684,237,1069,241,242,116,568,190
198,903,1033,1034,914,1046,855,865,738,806,1063,1069,750,1074,951
709,594,210,723,982,664,665,866,879,753,761,762,763,764
709,594,595,723,982,664,665,866,37,879,753,761,762,763,764
709,594,595,723,982,664,665,866,879,753,761,762,763,764
704,709,594,595,723,982,664,665,866,879,753,761,762,763,764
709,594,595,723,982,664,665,866,879,753,761,762,763,764
641,515,516,140,335,724,626,632,633,634,635,638,639
641,515,516,140,335,626,632,633,634,635,638,639
516,139,140,460,141,335,57,300,301,302,1075,632,633,634,635,638,639
194,648,201,844,398,401,339,596,598,1048,926,606,866,546,548,879,305,630
193,642,903,199,200,204,973,405,169,620,622,750,238,625,946,751,373,886,374
193,1027,516,515,78,335,403,724,153,483,299,300,236,626,381,311,632,633,636,637
258,644,966,586,588,910,911,994,932,933,936,937,938,627,629
590,591,592,593,600,601,922,923,665,664,546,548,549,550,940,941,953,954,955
513,835,709,650,652,716,596,725,982,597,924,351,737,546,550,879,753,761
1033,1034,855,865,738,740,806,1063,1003,1069,750,1009,1074,755,951
835,650,716,1036,717,913,914,797,286,863,1057,759,692,758,887,760,761,831
323,650,716,717,594,595,596,597,598,599,723,742,759,758,567,760,761,831
323,650,716,717,594,595,596,597,598,599,742,759,887,758,567,761,831
323,650,716,717,594,595,596,597,598,599,742,759,692,758,567,761,831
192,513,709,590,593,595,664,665,924,925,866,546,548,550,879,762,763
192,709,593,594,595,210,596,597,664,665,866,298,879,762,763
320,321,322,325,326,327,521,144,875,876,877,319
192,709,593,594,595,210,596,597,664,665,866,298,879,762,763
446,212,984,868,869,870,871,872,873,425,247,378,1085,318,445
832,596,597,598,599,23,925,350,737,546,548,549,564,759
832,596,597,598,599,925,350,737,546,548,549,564,759
193,203,205,145,22,481,106,107,433,243,436,502,122,123
71,79,90,411,92,412,157,287,160,611,614,42,46,52,59,447
832,579,648,401,594,595,596,597,598,599,23,929,546,737,548,759
832,581,648,912,401,595,596,597,598,599,23,929,546,737,548,759
128,11,273,17,19,342,24,283,484,485,489,171,110,115,371,1013
1026,843,651,668,683,556,557,878,559,558,561,562,560,563
512,836,647,589,1041,657,1043,663,667,612,553,885,697,575
650,1036,717,716,914,1051,863,759,692,949,758,887,760,761,1021,831
1036,1040,912,210,723,725,982,863,351,879,881,753,313,762,763,764
832,709,1036,1040,912,210,723,725,982,351,863,313,879,753,761,764
832,1036,912,723,725,982,863,351,313,881,753,564,949,761,570,763,764,62
832,1036,912,210,723,725,982,863,351,58,313,753,881,564,949,761,570,764,62
647,719,657,658,915,663,728,666,667,731,675,686,693,697
899,900,647,649,970,657,658,916,728,667,731,675,697,894
646,647,649,719,657,658,915,916,663,728,666,667,731,675,693,697
646,649,714,719,657,658,915,916,663,728,731,988,667,675,999,690,691
899,646,649,970,719,657,658,1041,916,915,728,666,731,667,675,697
897,71,520,447,79,659,729,90,411,159,287,743,182,183,700,63
646,647,649,714,657,658,915,728,667,988,731,999,697
832,195,196,709,710,70,201,206,208,210,608,1009,53,1013,380,381,831
582,966,586,587,588,844,846,661,662,791,792,926,609,418,874,880,497,249,574
576,577,578,580,581,585,330,459,80,414,415,615,616,554,247,444,445,446
960,961,844,653,654,541,926,542,992,993,994,991,1000,937,630
960,961,653,654,541,542,991,992,993,994,933,935,1000,937
837,717,730,989,673,1060,1061,1063,1064,809,684,942,886,568
647,657,915,663,600,728,983,667,675,680,686,693,694,695,696
834,719,657,658,915,916,663,728,731,610,675,680,693,695,697
647,840,1083,714,719,657,658,916,663,728,667,731,675,680,695,697,891
647,651,657,660,916,728,920,667,668,731,746,683,878,558,560,561,698
1026,647,651,971,657,660,920,666,667,668,999,744,746,560,690,693,698
647,651,657,660,916,728,920,731,668,746,683,556,558,878,560,698
451,259,263,264,15,274,282,27,28,29,286,30,608,164,113
576,131,579,581,205,145,729,732,30,286,617,618,106,107,45,433
14,794,795,413,545,676,997,229,230,231,38,816,822,1014,825,827
14,794,795,413,545,229,230,231,997,38,816,822,1014,825,827
14,794,795,413,545,229,230,231,997,38,816,822,1014,825,827
711,650,716,914,734,863,1064,692,761,886,887,760,758,949,831
646,843,719,657,658,915,920,731,667,675,805,999,744,561,690,691,885,697,698
646,1034,971,719,657,658,915,920,728,731,988,675,805,744,690,691,697
132,585,330,459,80,790,414,415,615,616,247,445,446
641,515,516,140,301,626,632,633,634,635,638,639
584,844,606,607,992,929,609,994,355,933,937,938,619,1012,630
584,732,606,607,992,929,994,355,933,936,937,938,619,1012,629
833,449,450,519,333,401,220,1054,289,291,437,1081
576,579,388,581,645,648,528,339,980,597,598,1048,607,929,486,487,1003,619,1009
18,20,413,545,676,677,997,229,230,231,38,235,814,816,822,1014,824,825,826,827
906,458,471,473,154,27,29,478,30,286,292,742,440,1064,368,434,950,568,379
896,899,836,647,841,589,663,666,667,612,1065,885,697,1020,894,895
896,899,836,647,841,777,651,920,1065,683,557,560,563,693,695,698,1020,894,895
776,845,917,984,281,985,860,222,870,811,812,314,1084,1085
320,321,322,325,326,327,521,522,144,875,876,877,319
320,321,325,326,327,521,523,524,525,76,144,875,876,877,319
320,321,322,325,326,327,521,523,524,76,525,77,144,875,877,319
835,713,1036,207,912,913,723,923,1057,546,417,239,881,753,949,761,572
647,590,719,657,915,916,728,731,675,680,744,686,693,694,695,696
647,651,657,916,660,663,920,728,731,668,675,680,746,683,557,560,563,695,698,1020
902,711,1036,721,722,863,1060,1064,888,949,54,887,760,761,831
647,719,657,915,916,663,728,731,675,680,686,693,694,695,696,697
1091,585,330,459,80,790,414,415,615,616,247,444,445,446
257,76,79,659,279,729,411,412,743,495,240,306,182,183,569,700,63
641,515,516,140,335,301,626,1075,632,633,634,635,638,639
641,515,140,335,301,626,1075,632,633,634,635,638,639
388,5,645,975,1052,929,486,487,1067,430,369,503,504
647,649,719,657,658,915,916,663,728,667,731,675,697,1083
646,647,649,651,719,657,658,663,667,668,675,690,691,697,698,1083
650,1036,717,1051,863,673,568,759,882,692,949,887,760,761,1021,831
836,647,649,714,719,657,658,915,916,663,728,667,731,675,693,697
832,652,723,596,597,982,598,599,925,350,737,546,548,549,753,564
527,676,677,815,816,817,819,820,821,822,823,824,825,826,827
582,966,586,587,588,846,791,732,926,609,937,880,629,573,574
1025,903,904,1033,1034,1035,468,154,416,417,865,292,806,1069,750,368,1074,565,567,568
323,1036,717,716,914,1051,863,673,759,692,949,758,887,760,761,1021,831
468,150,471,472,473,602,154,604,478,864,292,1069,565,757,568,124
468,150,471,472,473,154,602,604,478,864,292,1069,565,568,124,253
193,468,471,472,473,602,603,604,157,478,292,742,1069,565,568,124
212,353,868,869,870,871,872,873,425,378,1085,318
717,468,153,602,154,603,604,478,796,734,292,742,759,1069,692,565,886,567,568
650,1036,717,797,734,863,864,742,568,887,692,886,567,760,761,54,831
468,341,150,473,26,604,477,478,292,742,568,492,1069,368,565,54,440
1024,324,457,1038,79,209,275,405,343,90,92,167,40,39,42,303,310,120,124
320,321,325,326,327,521,523,76,77,525,524,144,875,876,877,319
836,647,714,657,658,663,728,667,731,675,680,686,693,694,695,697
650,716,717,656,849,914,734,863,864,759,760,692,886,887,758,761,699,831
704,705,706,707,708,70,267,80,37,429,444,701,702,703
900,839,840,1021,983,882,1076,885,1077,889,890,891,892,893
1027,70,331,78,337,914,150,857,221,37,1070,368,311,379,380,381,62,831
704,705,706,707,708,70,267,80,37,429,701,702,703
704,705,706,707,708,573,70,80,543,37,429,1006,701,702,703
272,29,226,36,229,230,231,360,872,234,361,870,873,233,169,1008,956
641,515,140,335,301,626,1075,632,633,634,635,638,639
641,515,516,140,335,301,626,1075,632,633,634,635,638,639
1025,902,903,721,722,730,989,863,673,1060,684,888,949,54,886,760,761,831
1033,1034,1035,404,855,862,735,865,490,759,1009,1074,434,1011,951
1033,1034,1035,404,855,862,735,865,490,1003,759,1009,1074,1011,434,951
1029,1030,1031,1032,1033,458,330,969,527,976,851,995,997,998,1001,1003,432,1009,370
646,649,714,719,657,658,915,916,663,920,728,667,731,988,675,999,697
647,649,714,719,657,658,915,916,663,728,920,666,667,731,675,693,695,697
897,898,900,901,838,842,663,667,675,805,744,752,690,691,884,693
897,898,901,838,842,591,663,667,675,805,744,690,691,884,693,703
897,898,901,838,842,591,983,988,805,744,690,691,884,693,703
1026,651,843,920,668,683,556,557,878,558,560,561,559,562
388,645,5,1052,929,486,487,1066,1067,430,369,1009,503,504
194,195,643,197,837,201,848,154,730,989,1060,1061,1063,809,942,886,567,54
641,515,516,140,301,626,1075,632,633,634,635,638,639
265,27,28,669,670,671,672,220,621,496,113,435,628,121
265,401,27,28,669,670,671,672,220,621,496,113,435,121
265,401,27,28,669,670,671,672,220,621,496,113,435,121,570
265,401,27,28,669,670,671,672,220,621,496,113,435,121,570
265,401,27,28,220,669,670,672,671,621,496,113,435,121,570
963,964,965,272,83,84,85,86,87,88,89,1050,97,99,101,939,255
641,515,516,140,301,626,1075,632,633,634,635,638,639
640,641,515,516,140,301,626,1075,632,633,634,635,636,637,638,639
899,900,649,714,719,657,658,915,916,1041,728,666,731,667,675,697
84,85,88,89,409,99,100,101,934,551,232,939,365,366
193,711,148,150,284,352,673,740,741,747,748,749,750,751,755,758,567
582,966,586,587,588,846,791,732,926,937,938,880,629,574
676,677,814,815,816,817,818,819,820,821,823,824,825
676,677,814,815,816,817,818,819,820,821,823,824,825
968,907,908,973,909,974,401,408,732,934,810,1071,121,570,573,1022
322,772,780,782,783,784,785,786,787,788,789,344,800,801
834,900,839,1021,983,600,882,885,889,890,891,892,893
834,839,840,1021,983,610,680,882,1076,885,1077,889,890,891,892,893
769,772,773,774,776,845,781,344,217,218,375,686,695,696,765,766,767
900,839,840,843,1021,988,559,882,562,1076,885,1077,889,890,891,892,893
193,642,720,343,930,679,296,169,685,622,173,625,946,947,945,948
193,642,720,343,930,679,296,169,685,622,173,625,946,947,948,566
834,900,839,840,1021,553,882,885,1077,889,890,891,892,893
193,642,720,343,930,679,296,685,622,173,624,625,946,947,945,948
900,646,839,714,1021,658,915,882,1076,1077,885,889,890,892,893
899,900,839,649,1021,657,728,731,882,1076,1077,885,890,891,892,893,894
899,900,839,649,1021,657,1041,728,731,882,1076,1077,885,890,891,892,893
844,846,791,792,793,732,926,994,938,880,629,630,573,574
837,711,730,989,673,1060,1061,742,1063,1064,809,684,942,886,54,568
844,846,791,792,793,732,926,938,880,629,630,573,574
576,578,131,580,581,579,70,585,732,94,931,615,616,617,618,45,628,1081
780,782,783,784,785,786,787,788,789,799,800,801
322,772,780,782,783,784,785,786,787,788,789,344,799,801
780,782,783,784,785,786,787,788,789,799,800,801
782,783,784,785,786,787,788,789,799,800,801
772,773,774,776,845,344,217,218,345,347,861,422,40,375,377,765,766
1025,902,903,721,722,730,863,673,1060,684,760,949,54,887,888,761,886,831
714,657,663,920,667,731,668,675,805,744,560,690,691,697,698
768,769,770,899,772,773,774,771,714,845,217,218,860,422,425,375,377,767
768,769,770,899,772,773,774,771,845,217,218,860,422,693,375,377,767
768,769,770,899,772,773,774,771,714,845,344,217,218,345,422,375,377,767
768,769,770,771,772,773,774,845,214,217,218,422,375,377,767
382,391,331,78,147,927,35,555,299,300,1070,177,50,179,372,57,830
194,195,197,201,1034,1033,848,981,855,1048,155,865,739,1074
768,770,899,772,773,774,845,781,217,218,860,861,422,425,375,377
768,769,770,772,773,774,845,781,217,218,860,861,422,693,375,697
899,772,773,774,845,781,344,217,218,345,347,861,422,40,375,377
576,577,578,579,580,581,520,846,656,980,23,733,926,605,1056,554,627,630,507,1083,699
194,1033,1034,1036,981,1048,862,863,865,806,489,813,751,1074,949,439,761
896,899,836,647,840,841,719,657,675,1065,697,891,1020,894,895
837,650,717,849,914,796,989,1060,1061,742,1063,809,759,887,242,692,886,567,568,831
834,900,839,840,719,1021,983,882,885,1077,889,890,891,892,893
647,649,651,660,916,728,920,666,731,668,746,683,558,878,560,698
326,327,782,783,784,785,786,787,788,789,799,800,801,319
326,327,782,783,784,785,786,787,788,789,799,800,801,319
650,716,717,656,849,914,734,863,759,692,886,887,760,761,699,831
322,326,327,782,783,784,785,786,787,788,789,344,319
650,716,656,914,863,1064,692,949,886,887,760,761,758,831
394,780,781,347,348,349,798,799,800,801,170,811,108,109,812
394,780,781,347,348,349,798,799,800,801,170,811,108,109,812,1079
780,781,340,344,345,347,798,799,800,801,170,811,108,109,812
780,781,340,344,347,348,349,798,799,800,801,811,108,109,812,1079
780,781,784,340,344,347,348,349,798,799,800,801,811,108,109,812,1079
896,899,900,836,649,841,657,658,1041,916,731,675,1065,697,1020,894,895
780,781,340,344,345,346,347,798,799,800,801,170,108,109,812
896,899,836,647,841,714,777,778,779,658,1065,697,1020,894,895
832,323,652,210,723,725,982,598,599,925,350,737,547,549,753,564
834,590,591,592,657,658,915,912,723,351,610,680,941,687,753,693,697
148,149,150,471,151,154,602,603,604,478,352,292,747,748,749,751,368,752,565,126
257,79,659,729,411,412,293,743,39,40,240,306,569,63
838,71,842,79,90,411,92,412,159,287,743,42,46,752,691,884,52,447
320,321,322,325,326,327,521,77,144,876,877,319
773,775,776,777,778,779,845,215,984,281,219,222,421,870,425,378,1085
773,775,776,777,778,779,845,984,281,860,222,421,870,872,314,378,1084,1085
773,775,776,777,778,779,845,214,215,984,281,219,222,870,425,378,1085
650,717,914,863,864,742,1064,759,887,886,567,760,761,54,699,831
772,775,776,777,779,845,214,984,985,281,870,40,314,375,378,251,1085
773,775,776,777,778,779,845,214,984,281,860,870,872,425,424,314,1084,1085
900,839,1021,983,1051,612,882,1076,1077,885,889,890,891,892,893
900,839,893,983,1051,882,1076,885,1077,889,890,891,892,1021
1025,835,837,650,1036,1039,1040,913,914,210,722,725,1057,673,1060,684,239,758,888,761,572
204,334,720,166,167,296,169,622,943,624,625,946,944,947,945,1082
900,839,1021,1051,988,559,562,1076,1077,885,889,890,891,892,893
900,839,1021,1043,1051,557,882,1076,885,1077,889,890,891,892,893
768,769,770,771,772,773,774,776,845,344,217,218,345,686,693,375,766,767
1091,330,334,399,720,343,930,36,166,295,679,296,235,685,248
899,900,836,647,649,970,657,658,1041,916,728,731,1065,697,894,895
651,149,150,668,747,683,556,878,558,752,561,882,691,751,1077
651,148,149,150,151,889,747,749,558,751,752,561,690,691,882,884,1077,878,557,761
588,535,727,536,537,538,609,355,935,936,937,938,627
576,580,581,388,645,648,528,980,1048,607,929,486,935,487,937,554,1003,619,1009
641,515,140,335,724,301,626,1075,632,633,634,635,638,639
324,204,209,659,275,405,404,215,218,479,163,167,296,569,252,376,185,828
896,899,836,647,841,719,912,723,596,597,663,351,675,313,1065,879,753,697,894,895
897,898,901,838,647,842,728,666,667,675,805,744,690,691,884,703
897,898,899,901,838,842,587,728,667,805,744,690,691,884,693,695
832,652,912,723,596,597,598,982,599,925,350,351,546,548,753,564
646,714,843,651,658,915,920,683,556,557,558,559,560,878,562,561
514,517,392,393,137,138,141,146,301,302,1075,635,638,639
896,841,590,719,657,663,611,612,675,683,940,557,556,560,563,697
71,79,90,411,92,412,159,287,614,743,42,46,52,569,59,447
832,580,581,912,210,723,596,597,598,599,925,351,546,548,554,753,564
256,715,718,850,851,469,534,1046,216,995,998,490,1003,1009,434,501
832,896,323,581,714,652,531,533,922,923,350,674,549,744,687,831
387,68,69,1028,70,267,718,852,283,864,608,484,37,555,51,249,380,381
1028,331,78,830,958,927,555,299,1070,943,50,179,372,311,57,382
641,515,516,301,626,1075,632,633,634,635,638,639
198,71,1044,1047,538,860,163,37,169,491,492,622,625,946,947,574
324,457,395,204,334,209,275,405,539,166,167,169,303
643,714,657,658,915,920,731,667,675,805,744,1070,690,691,697,698
79,729,90,411,92,412,157,287,614,743,42,46,498,52,447
204,334,720,166,168,169,622,943,624,625,946,947,944,945,1082
204,334,720,166,168,169,622,943,624,625,946,947,944,945,1082
650,1036,717,914,796,734,863,864,742,568,759,949,54,887,760,761,831
1025,902,903,904,711,721,722,796,797,416,417,673,1064,684,888
272,670,995,230,807,808,1002,1003,431,1011,435,1015,1016,957
725,924,670,995,807,808,552,1002,1003,431,435,1011,628,1015,1016,957
835,650,1036,656,849,914,913,734,863,744,692,758,887,886,761,699,831
776,845,212,918,984,345,344,281,860,349,222,870,1072,1073,314,1084,1085
641,515,516,301,626,1075,883,632,633,634,635,638,639
963,6,83,84,85,86,87,88,89,1050,98,99,100,101,810,366,304,126,255
67,260,971,653,654,655,662,992,419,358,105,874,497,246,249,1018
9,11,17,81,480,484,489,171,172,813,110,115,439
193,200,1033,148,149,150,151,284,352,165,747,748,749,750,751,752,755,373,374
512,906,394,589,1041,1043,726,353,290,226,361,234,233,683,553,170,687,377,378,575
512,394,845,1041,726,281,222,290,226,868,361,234,170,553,378,687,377,314,575
964,968,653,654,973,974,271,408,89,409,1050,540,99,934,551,810,304
265,401,27,220,669,670,671,672,621,496,113,435,121,1081
1027,1028,516,515,331,78,849,958,483,951,179,311,632,57,381,830,255
256,3,390,14,143,274,403,276,602,603,282,94,237,174,241,116,441
582,586,588,653,654,846,536,605,607,992,932,933,936,937,619,880,627,1012,629,574
516,517,140,461,141,460,724,299,300,301,302,1075,635,638,639
586,588,653,846,911,910,536,605,607,993,994,933,936,937,619,880,627,629,574
468,150,151,472,473,602,603,604,471,478,158,292,1069,174,565,568
1025,902,903,1036,721,722,730,863,673,1060,684,888,949,54,887,760,761,886,831
960,130,132,653,654,399,470,790,88,1049,541,992,162,421,235,247,442,445
676,677,814,815,817,818,819,820,821,823,824,825
677,814,815,817,818,819,820,821,822,823,824,825,827
64,66,259,258,963,583,511,87,152,88,357,236,60,61,127
64,66,259,963,964,583,511,152,88,236,60,127
64,258,66,259,583,511,653,654,336,152,541,357,294,173,948,60,127
130,132,585,459,653,654,399,470,790,88,1049,415,162,421,615,248,511
67,653,654,655,661,662,1058,419,355,358,105,874,246,249,1018
64,66,259,963,583,511,86,152,88,97,236,60,61,127
832,513,652,210,723,982,598,599,924,925,350,547,548,549,239,753,564
657,658,915,663,920,983,667,988,675,680,686,691,693,694,695,696
719,657,916,663,728,920,731,675,680,686,693,694,695,696,697
130,132,459,399,470,1049,162,421,166,295,235,309,248,442
130,132,459,399,470,1049,162,421,166,295,235,309,248,442
130,132,653,654,399,470,790,88,1049,541,162,421,235,442,445,511
64,258,963,583,653,654,336,152,88,541,357,294,173,127,948,443,60,511
715,204,718,850,851,469,534,1046,216,221,740,998,1001,750,1009,755,373,501
200,715,203,718,404,469,23,216,284,221,995,613,1002,107,434,1011,373,374,1015,1016
1025,903,904,711,722,416,417,673,1064,684,886,888,761
1025,903,904,711,722,863,416,417,673,1064,684,886,888,761
1028,68,520,331,78,830,849,657,403,728,35,1070,177,50,179,311,57,380,381,958
704,705,707,68,708,70,715,844,721,1051,606,926,607,37,429,496,630,379,701,702,703
704,705,707,68,708,70,715,271,792,793,1051,987,414,37,938,429,818,701,702,703
704,705,706,707,708,70,267,715,37,429,702,703
704,705,706,707,708,70,267,715,37,429,702,703
709,583,328,910,336,1055,33,803,804,935,936,937,619,173,948,566,312,510
583,328,588,910,336,732,1055,33,803,804,936,937,619,173,948,566,312,509
704,705,707,708,68,70,267,715,37,429,49,380,701,702,703
704,705,706,707,708,68,70,387,574,981,926,37,429,880,629,701,702,703
715,718,850,851,403,469,1046,534,855,216,735,998,434,373,374,501,958
195,391,15,400,22,27,29,30,286,802,422,367,243,760,122,382,383
387,200,266,403,469,534,855,735,739,740,741,806,1001,490,750,755,501,373,951
966,967,905,535,536,538,475,609,1058,935,937,874,1017,1018
387,905,202,81,274,19,982,342,282,480,1057,484,165,489,110,239,879,757
388,5,518,202,486,487,104,1066,430,369,1013,1014,503,504
1035,849,1046,855,154,155,1001,1003,1004,1005,1006,1007,1008,1009,434,951,1010,950,374,831
651,719,657,915,660,920,728,731,668,744,746,683,560,690,691,698
833,449,450,518,519,332,333,220,1054,289,291,437,121
1036,590,591,592,593,600,664,665,923,924,546,547,548,550,953,955
576,577,578,580,581,648,585,401,596,597,598,599,23,929,103,616,554,49,509,510
1091,391,458,715,718,850,851,853,469,534,216,795,998,814,819,821,825
11,17,81,273,24,480,484,485,489,171,172,813,110,115,439
1033,1034,1035,849,855,735,865,490,1003,1009,434,1011,1074,950,951,374
1033,1034,1035,203,850,404,853,1046,855,735,1009,1074,434,950,951
833,450,449,519,332,333,220,1054,288,289,291,437,121
676,677,814,815,817,818,819,820,821,822,823,824,825,827
527,677,814,815,816,817,818,819,820,821,823,824,825,827
676,677,814,816,817,818,819,820,821,823,824,827
586,588,653,661,662,538,736,1058,418,1059,419,874,629,1017,1018
677,814,815,817,818,819,820,821,822,823,824,825,827
677,814,815,817,818,819,820,821,823,824,825,826,827
676,677,814,815,816,817,818,819,820,821,823,824,825,827
676,677,814,815,816,817,819,820,821,822,824,825,826,827
676,677,814,815,816,817,819,820,821,822,823,824,825,826,827
646,649,714,719,657,658,915,916,728,666,731,675,999,680,697
676,677,814,815,816,817,818,819,820,821,822,823,825,826,827
899,649,970,719,657,658,915,916,1041,728,666,731,675,680,697
676,677,814,815,816,817,818,819,820,821,822,823,825,826,827
676,677,814,815,816,817,818,820,821,822,824,825,826,827
676,677,814,815,816,817,818,819,820,821,822,823,825,826,827
646,647,649,971,719,657,658,915,916,920,728,666,667,668,731,693,697
388,645,5,1037,474,1052,93,929,486,487,1067,430,369,503,504
1025,837,730,989,673,1060,1061,684,942,886,887,758,54,831
1025,837,711,914,730,989,673,1060,1061,684,942,886,758
584,586,653,846,654,732,606,607,994,936,938,619,627,1012,629,574
1026,843,660,683,556,557,878,559,558,561,562
1025,903,904,796,797,416,417,673,1060,1062,1064,684,886,54,760,571
1029,1030,1031,1032,977,857,858,987,859,990,1080,1087
1029,1030,1031,1032,977,857,858,987,859,990,1080,1087
1025,902,711,903,722,854,730,476,478,863,416,673,417,742,684,949,886,888
388,5,474,929,486,487,1003,430,369,1009,503,504,957
388,5,474,929,486,487,1003,430,369,1009,503,504,957
535,536,727,538,537,732,609,355,933,935,936,937,938,880,629
905,588,727,535,536,537,538,609,994,355,935,936,937,938,629
1033,458,1034,404,855,995,997,1001,1002,1003,1004,1068,1005,431,432,1009,951,1016
535,536,537,538,727,732,475,609,935,936,937,938,629
1029,1030,1031,1032,975,976,977,857,858,987,859,990,1080,1087
1042,794,795,545,814,817,818,819,820,821,823,824
14,794,795,1052,545,36,1067,814,815,816,822,825,826,827
1030,1031,969,975,976,977,18,404,857,987,859,990,608,104,1080,125,1087
1025,837,914,730,989,673,1060,1061,742,809,684,942,886,758
910,727,535,537,538,536,732,609,935,936,937,938,573
837,730,989,673,1060,1061,742,1064,809,684,942,886,887,758
260,966,582,584,905,586,399,536,538,475,609,931,358,936,937,938,112,627,246
646,649,714,719,657,658,915,916,728,666,731,988,999,693,694,697
903,904,713,207,848,914,154,797,863,417,739,740,741,1062,1064,750,881,755,761,831
900,839,893,983,1051,988,882,1076,885,1077,889,890,892,1021
1091,330,718,399,850,851,853,162,997,998,166,421,814,309,248
900,839,893,1041,882,1076,885,1077,889,890,891,892,1021
258,644,910,911,336,537,605,607,543,932,933,935,937,619,627,61
960,644,844,910,911,605,606,926,607,932,933,935,1000,619,627
1091,850,851,853,855,921,986,676,998,814,432,817,820,821,822,823
644,582,967,966,586,587,588,844,846,732,926,418,937,880,1017,574
71,72,73,74,75,79,659,158,159,41,43,46,47,688,689,307,52,310,120,59,124
579,580,581,648,329,269,1038,528,727,537,733,929,674,932,1081,507,510
580,581,978,979,980,23,732,929,554,1003,1009,629,505,506,508,511
580,581,978,979,980,23,88,793,732,992,929,554,505,506,508,511
968,973,974,84,85,408,409,540,99,101,934,551,304
715,204,718,209,850,851,469,534,216,221,998,490,622,625,945,947,946,501
643,837,711,730,989,1060,1061,742,1063,809,942,886,54,380
705,770,769,773,906,150,472,602,154,604,477,478,292,742,297,48,434,440
590,591,592,593,600,601,665,923,664,546,548,550,940,941,953,954,955
204,334,166,168,169,622,943,944,625,946,945,624,947,1082
204,334,166,168,169,622,943,624,625,946,944,947,945,1082
204,334,166,168,169,622,943,944,625,946,624,945,947,1082
896,899,836,841,657,658,663,675,1065,560,698,697,954,953,1020,894,895
204,334,166,168,169,622,943,944,625,946,624,945,947,1082
446,844,846,791,792,793,732,926,880,629,630,631,573,574
960,961,653,654,541,926,991,992,544,736,542,543,994,993,1000,630
960,961,586,653,654,541,542,543,544,993,991,992,994,936,1000,874,880,629
960,961,964,582,653,654,541,542,991,544,992,543,993,994,1000
644,653,910,911,654,339,535,732,993,994,932,933,936,1000,235,305,627,629,574
966,967,582,905,586,588,661,662,475,609,355,358,935,936,937
966,967,582,905,586,588,535,536,538,475,736,609,418,935,936,937,938
204,334,166,168,169,622,943,944,625,946,624,947,945,1082
323,590,591,592,593,600,601,922,923,925,546,547,548,549,550,940,761,955
968,973,974,85,408,409,540,99,100,101,934,551,304
128,129,581,972,1036,398,14,600,601,94,548,549,935,427,370,371,564
1001,1002,1003,1004,1005,1006,1007,1008,1009,1010,1011,1068,431,1015,1016
1001,1002,1003,1004,1005,1006,1007,1008,1009,1010,1011,1068,431,1015,1016
1001,1002,1003,1004,1005,1006,1007,1008,1009,1010,1011,1068,431,1015,1016
995,1001,1003,1004,1005,1006,1007,1008,431,1010,1011,1068,1015
995,37,1003,1004,1005,1006,1007,1008,1009,1010,1011,619,1068,431,1015
995,1001,1004,1005,1006,1007,1008,1009,1010,1011,431,1068,1015
995,1001,1002,1004,1005,1006,1007,1008,1009,1010,1011,1068,431,1015
272,995,1002,1004,1005,1006,1007,1008,1068,1010,1011,431,1015,1016
272,995,1002,1004,1005,1006,1007,1008,1009,1010,1011,1068,431,1015
995,1001,1004,1005,1006,1007,1008,1009,1010,1011,1068,431,1015,1016
995,1001,1002,1003,1004,1005,1006,431,1007,1009,1008,1011,1010,1068,1015,1016
458,995,1001,1002,1003,1004,1005,1006,1007,1008,1009,1010,1068,1016
995,807,1001,1003,1004,1005,1006,1007,431,1008,1010,1011,1009,1068
902,711,721,722,959,603,476,604,478,673,1060,742,684,949,886,887,888,831
900,1036,462,1051,889,863,759,882,691,885,1077,949,760,761,890,1021
968,973,974,84,85,408,409,540,99,100,101,934,551,304
968,973,974,909,727,408,409,540,993,99,100,934,551,304
891,840,590,600,601,923,675,548,940,941,882,697,953,954,955
1029,1030,1031,1032,975,976,977,18,859,987,990,1080,1087
1029,1030,1031,1032,975,976,977,857,859,987,990,1080,1087
1029,1030,1031,1032,975,976,977,859,987,990,1080,1087
1029,1030,1031,1032,975,976,977,859,987,990,1080,1087
1029,1030,1031,1032,975,976,977,859,987,990,1080,1087
1029,1030,1031,1032,969,975,976,977,987,859,990,1080,1087
1029,1030,1031,1032,975,976,977,857,858,859,987,990,1080,1087
841,589,590,591,592,657,1043,663,728,600,601,923,731,681,298,1076,1077,1019
576,577,578,579,580,581,388,648,584,528,1048,732,929,554,430,1012,629,503
192,258,583,328,648,336,528,1042,357,294,173,948,245,566,312,443
148,149,150,151,602,603,604,478,352,292,164,742,747,748,749,751,368,752,565,568
966,967,586,588,661,662,732,736,1058,418,419,874,1017,1018
966,967,586,588,661,662,732,736,609,1058,994,418,419,874,1017,1018
650,1036,717,1051,863,567,568,435,692,949,758,887,760,761,886,1021,831
1028,68,331,78,830,338,31,927,807,808,299,44,300,1070,372,56,958
590,591,1043,600,601,923,548,940,941,557,691,563,953,954,955
900,649,590,657,1041,600,601,923,940,941,1077,953,954,955,893,575
960,961,586,653,654,732,541,991,992,993,994,933,936,937,874,1000,629,1018
960,961,586,588,653,654,541,991,992,993,994,936,1000,937,938,629,1018
960,961,586,653,654,541,991,992,993,994,1000,936,937,938,880
960,961,844,653,654,541,926,607,992,993,994,991,1000,937,630
266,12,339,856,792,94,675,484,745,428,1009,1011,500,693,697,187,574
647,266,12,339,600,856,792,94,675,484,745,428,500,693,697,187,574
896,640,844,12,339,856,94,675,808,745,428,500,693,697,187,636,637
896,640,898,12,339,920,856,94,675,745,428,500,693,697,187,636,637
330,459,399,470,162,997,166,998,421,295,814,819,309,822,248,827,444
832,1036,1039,1040,913,912,863,1057,881,949,758,760,761,572
647,266,12,339,600,856,792,94,675,484,745,428,500,693,697,187,574
193,1028,331,78,830,147,958,927,1070,179,372,502,311,382
1,2,4,10,13,341,24,26,91,474,93,489,1080
382,1028,331,78,338,147,31,927,483,1070,372,311,56,830
963,964,968,973,974,271,84,85,88,89,1050,409,99,100,101,551,232,939
963,964,965,968,973,974,271,84,85,88,89,1050,409,99,100,101,551,939,255
963,964,965,968,973,974,84,85,87,89,1050,409,99,100,101,551,939
963,964,965,968,271,83,84,85,86,87,88,89,1050,99,100,101,939,255
968,973,974,408,409,540,99,100,934,551,810,939,304,1017
71,72,74,79,158,159,160,46,688,307,52,308,59,63
964,986,995,1001,1068,1005,1006,1007,1008,1004,1010,1011,431
835,650,1036,716,1039,1040,913,914,210,725,925,1056,1057,673,1060,684,758,761,572
1030,7,977,18,339,405,857,859,987,990,735,359,940,687,114,499,757,953,954
198,910,1044,1047,473,538,935,682,491,492,622,625,946,947,565,574
391,712,526,400,402,95,96,928,678,682,367,382
835,520,594,22,737,807,808,1002,1003,1009,1011,692,693,1015,1016,957
391,712,526,400,402,95,96,928,678,682,367,382
391,526,15,400,402,22,95,96,928,678,682,367,383
1029,1030,1031,1032,969,975,976,977,987,859,990,1080,1087
1029,1030,1031,1032,969,975,976,977,987,859,990,1080,1087
1029,1030,1031,1032,969,975,976,977,859,987,990,1080,1087
391,712,526,400,402,22,95,96,928,678,682,367,382
130,585,459,399,470,790,1049,415,162,421,166,615,309,248,442
1025,903,904,713,1036,207,912,913,723,416,1057,417,239,881,753,758,761,572
1037,975,977,474,859,987,1052,858,990,1067,1080,1087
1029,1030,1037,975,977,474,987,859,1052,858,990,1067,1087
1029,1030,1037,975,977,474,859,987,1052,858,990,1067,1080,1087
834,590,600,601,923,610,548,680,940,941,687,953,954,955
512,835,1036,589,590,1039,1040,591,913,1041,1043,600,601,553,687,691,761,575
960,584,844,846,911,605,926,606,607,992,935,1000,619,627,1012,630
899,647,649,970,719,657,658,915,916,1041,728,666,731,675,697
960,961,844,653,654,541,542,991,992,993,994,736,935,1000
577,709,582,907,908,909,1022,792,28,672,937,1071,880,496,1074,629,121,574
577,574,586,907,908,909,846,792,732,28,1071,880,496,629,62,121,1022
512,899,900,649,589,1041,657,1043,916,728,731,553,575
590,591,592,600,601,922,923,548,940,941,695,953,954,955
647,590,591,600,601,923,889,546,548,940,941,953,954,955
67,260,586,653,654,655,662,992,419,355,105,874,497,246,249,1018
644,910,911,535,536,538,991,994,932,933,936,937,235,627,629,248,61
3,899,714,14,658,600,922,923,667,94,999,681,298,691,693,697,954,1019,894
512,1036,589,590,1039,1040,913,1043,1057,553,687,881,949,758,761,572,575
960,961,653,910,654,541,542,543,544,992,993,994,991,1000,573
645,202,735,995,1004,1005,1006,1007,1008,1009,1010,1068,115,1013,374
641,515,516,140,335,34,301,626,1075,632,633,634,635,638,639
584,586,653,846,732,605,606,607,544,993,1000,619,627,1012,629,574
644,967,586,588,661,662,736,1058,994,418,419,937,874,1017,1018
67,260,586,655,271,661,662,992,355,419,105,874,497,246,249
0,2,4,9,10,13,341,24,25,26,91,93,104
265,401,220,669,670,671,672,621,496,113,435,121,570
193,267,203,726,855,279,1053,735,613,490,1003,364,1005,1009,1011,950,951,374
1091,459,399,851,853,470,162,997,998,421,166,295,814,432,309,822,248,444
453,784,785,917,353,423,424,425,426,376,377,378,251,252,317
1091,132,330,459,718,399,850,851,20,853,469,534,216,921,998,247,248,445
64,576,581,583,328,511,336,980,152,88,162,366,566,312,506,507,60,509,510,127
583,328,395,1038,336,1042,415,929,1059,236,173,948,566,312,250,445
641,515,517,140,335,724,300,301,626,1075,632,633,634,635,638,639
452,391,712,526,400,402,22,95,928,96,802,678,682,367,243,244,122
579,580,581,391,15,22,1052,928,802,994,122,1067,367,243,502,1017,1018,188,383
583,395,661,662,152,736,1058,1059,994,418,874,250,236,1018,60,511
329,511,332,333,401,980,152,220,672,289,994,929,621,1081,570,572,510,127
1029,1030,1031,1032,969,975,976,977,987,990,1080,1087
512,647,589,1041,658,1043,916,915,728,553,170,557,687,563,697,575
11,17,480,484,485,489,171,172,813,110,115,439
11,17,273,480,484,485,489,171,172,813,110,115,439
11,17,81,19,480,484,489,171,172,813,110,439
11,17,273,342,480,484,485,489,171,110,115,371,1013
11,17,273,342,480,484,485,489,171,813,110,115,371,439
576,579,580,581,11,17,273,480,484,485,489,554,171,172,813,110,115,439,383
772,774,845,212,344,345,861,222,102,488,233,1072,1073,752,124,884,375,377,314,1084
0,1,2,4,8,9,10,11,17,19,341,26,91,93,480
0,1,8,9,10,11,13,463,17,19,26,93,480,172,115
0,1,2,4,8,9,10,11,13,17,341,26,93,480,489,115
0,1,2,4,8,9,10,11,17,19,341,26,93,480,489,171
1035,205,145,212,919,868,869,871,360,873,362,234,425,618,426,617,499,502,122
833,450,449,519,332,333,669,1054,288,289,291,437,1081
449,450,833,518,519,332,333,1054,288,289,291,437
844,846,791,792,793,732,926,880,497,629,631,573,574
1091,330,718,850,851,659,853,20,855,921,735,998,490,500,309,951,248
11,463,17,342,480,484,485,489,171,172,813,110,115,438,439,441
385,386,905,907,908,588,844,401,1022,791,792,1048,220,937,1071,1078,118,189,190
580,581,583,328,588,336,732,1055,33,803,804,936,937,554,173,880,948,566,312
520,650,717,656,849,914,797,734,863,864,568,1070,692,886,887,758,699,831
650,1036,716,914,210,722,863,673,1060,684,888,949,758,887,760,761,886,831
963,964,965,968,84,85,86,87,88,89,1050,98,99,100,101,934,939
453,214,215,919,354,868,869,423,872,425,186,424,426,499,378,252
449,450,833,518,1030,519,333,857,987,859,990,1054,288,289,291,437,1023
68,1028,70,708,330,267,337,338,852,920,222,37,422,39,743,40,429,947,380
1088,704,68,708,70,69,267,337,852,413,37,229,429,51,823,826
646,649,714,719,658,915,916,728,666,731,988,675,999,690,697
391,712,526,400,402,95,96,928,678,682,367,244
962,452,1037,977,474,987,1052,928,802,38,1066,1067,1003,1014,375,1080,1087
71,73,75,90,158,159,160,297,46,688,48,307,52,59
583,328,336,404,735,995,357,294,168,1002,1003,173,1009,114,1011,948,374,1015,1016,566,60
391,526,15,400,22,95,928,96,367,243,244,502,122
833,449,965,519,329,265,332,333,87,1050,669,670,671,289,103,808
709,594,595,723,725,351,866,298,879,753,762,763,764
1033,1034,1035,1036,849,855,862,735,741,490,1003,750,1009,1074,1011,951,759,761
258,336,535,536,537,538,727,357,294,936,938,173,627,948,245,566,60
267,715,718,850,851,853,469,534,855,216,735,995,997,998,432,434,373,951
1029,1030,1031,1032,976,977,857,859,987,990,1080,1087
71,72,74,158,159,160,46,307,52,308,310,59
3,10,14,413,545,229,38,230,104,231,997,1014
1091,458,399,413,248,162,997,229,230,231,1001,1002,421,1005,1007,432,1010,1011,309,1015,1016
520,651,729,90,411,668,412,157,287,614,743,42,183,697,700,447
588,844,661,662,538,736,992,1058,994,418,419,1059,874,1017,1018
576,579,580,581,648,528,978,979,980,23,929,874,554,506,629,505,250,508,1086
1091,853,986,998,1004,1005,1006,1007,432,1008,1010,1011,1068,814
847,344,345,347,348,349,223,227,228,170,108,109,494,493,1079
705,769,3,770,1033,12,14,590,274,403,282,922,156,94,438,374,441,767
640,515,516,140,461,204,335,724,33,34,996,299,301,626,1075,50,757,636,637,639
1025,903,904,717,796,797,416,417,673,738,806,1062,1064,759,684,241,242,886,118,831
1089,1090,452,712,202,1037,474,1052,1001,1066,1067,1068,1004,1005,1010,180,1013,508
1089,1090,452,712,202,1037,474,1052,1001,1066,1067,1068,1004,1005,49,1010,1015,508
449,450,833,518,519,333,1054,288,289,291,1011,437,1016,957
576,580,581,391,15,22,538,732,481,802,937,554,367,880,243,502,122,188,383
65,652,912,594,595,596,597,598,599,929,866,103,49,564
323,843,205,529,530,155,988,33,610,106,556,557,558,623,878,559,561,433,700
709,330,593,594,595,664,665,866,879,1009,309,761,762,763
204,334,166,296,169,168,622,943,624,625,946,944,945,947,1082
257,79,659,729,90,411,412,92,159,163,612,293,743,40,569,59,63
391,526,400,402,851,95,96,928,678,682,367,244
897,898,901,838,520,842,659,287,743,884,182,183,700,447
391,526,15,400,830,402,958,22,928,96,802,555,367,243,244,179,56,122,382
711,391,650,15,22,150,154,477,864,481,742,367,368,243,886,502,760,122,123,382,831
11,17,273,24,480,484,485,489,171,172,813,110,115,439
