1,5,133,264,13,22,26,27,30,32,35,37,170,43,44,47,52,313,58,60,317,320,69,198,199,201,87,88,89,218,222,95,224,229,231,232,234,106,238,243,121
256,2,135,7,138,10,16,17,274,23,26,158,31,32,160,163,38,168,42,46,47,48,50,51,53,55,56,313,60,61,323,67,202,208,84,87,216,219,92,221,236,237
130,3,5,9,10,139,16,17,21,22,23,24,28,158,32,289,163,293,166,39,42,43,47,50,51,179,55,58,187,316,317,63,320,328,200,205,210,87,219,220,222,123
6,135,7,10,12,16,21,22,23,158,31,32,34,163,38,168,42,46,47,48,51,53,55,312,56,57,315,60,61,323,205,213,87,219,221,229,230,236,237,239,122
130,5,264,13,20,22,26,30,32,33,35,36,293,37,40,43,44,45,47,51,52,54,55,313,316,317,320,64,69,198,327,199,201,87,88,89,222,224,231,234,238,239,243
256,3,4,262,12,16,24,158,32,34,39,43,47,51,310,55,312,58,315,317,318,319,322,324,196,198,328,210,213,87,89,223,225,229,233,239,118,249,122
2,5,7,9,13,23,30,158,32,293,37,43,44,45,47,51,54,55,313,187,317,62,320,66,194,69,198,327,199,87,222,224,228,230,231,232,234,238
0,1,130,2,5,13,15,16,17,21,26,27,158,32,33,163,37,168,43,44,51,313,314,317,191,320,64,69,198,199,87,222,94,224,225,229,231,234,106,238,239,243,121
1,4,5,8,136,9,10,16,22,23,24,28,158,32,35,163,293,166,41,43,47,50,51,179,55,58,187,63,320,198,199,327,205,210,87,222,224,226,231,234,238,239
0,2,5,8,265,13,16,22,23,281,157,158,160,289,32,163,39,41,42,43,50,51,54,55,58,317,64,320,66,198,208,87,224,227,231,233,234,118,253
128,1,261,5,7,135,13,19,22,23,155,158,32,37,44,45,51,54,55,61,64,66,195,323,194,206,208,209,87,92,224,228,230,232,105,234,109,115,122
256,257,258,1,260,5,262,13,16,17,22,28,30,288,32,34,35,163,37,43,44,310,312,58,318,63,64,322,213,88,89,218,224,229,230,231,232,234,238,248,249,122
257,258,260,5,262,7,267,12,13,155,158,287,30,32,34,33,163,37,43,44,45,51,54,312,318,62,64,322,66,194,328,87,89,221,224,225,229,230,234,236,237,245,248,249,122
5,135,7,138,10,140,266,16,275,22,26,28,158,32,163,292,42,43,44,303,51,54,311,58,63,199,200,73,329,202,205,81,210,213,215,87,231,237,239,246,251
128,1,3,261,8,12,13,16,277,22,23,30,32,33,35,163,37,43,44,179,54,58,59,61,320,64,194,203,88,218,92,224,97,227,228,229,232,234,109,238,117,120
0,3,4,5,12,16,22,24,28,34,163,39,42,43,47,175,54,55,313,314,58,189,317,191,320,63,69,327,200,207,223,224,100,101,233,234,238,239
5,261,7,9,13,277,30,158,32,37,43,44,45,47,51,54,55,313,187,317,62,320,66,194,69,198,327,203,87,222,224,228,230,231,232,234,106,238,239
5,13,20,26,157,158,32,163,37,42,43,44,45,174,49,306,50,51,54,312,313,314,317,318,191,64,324,69,199,205,210,87,222,224,229,230,231,234,235,243,118,249,122
256,5,6,135,7,267,12,16,145,23,287,32,31,163,38,40,168,46,48,51,53,55,56,315,60,61,319,323,71,328,213,87,219,221,97,230,231,236,237,122
5,135,10,138,140,13,16,275,276,158,160,32,163,292,37,43,44,45,303,49,51,53,54,311,64,66,73,202,74,329,205,81,210,84,87,91,219,230,231,237,239,246,251
5,7,136,9,10,16,17,22,26,158,32,163,43,44,47,50,51,54,55,313,58,187,317,320,194,69,327,87,222,224,226,228,229,231,232,234,238,239
0,3,4,135,10,138,140,266,12,16,275,22,24,26,27,28,34,163,39,42,43,47,51,55,58,317,63,199,329,73,202,81,213,87,231,233,234,239,246,121,251
128,1,129,132,5,7,19,23,154,285,158,31,162,44,51,53,54,56,57,60,61,66,195,196,323,209,83,215,87,92,224,105,235,111,240,112,114,115,117
256,263,264,266,267,269,273,274,281,283,158,32,163,41,51,308,313,58,68,69,71,205,81,210,86,87,88,89,98,99,106,109,241,243,116,117,249,252,253,254
130,5,263,264,268,141,269,271,273,274,283,158,32,163,44,177,51,313,58,68,69,71,205,81,210,86,87,88,89,215,98,106,109,241,242,243,116,249,251,127,253,254,255
264,269,273,274,277,281,26,283,158,32,163,292,44,306,51,313,58,191,324,69,68,71,205,79,81,210,85,86,87,88,89,215,98,106,109,243,116,246,249,251,253,254
256,135,8,267,269,274,21,22,23,27,283,158,32,163,166,51,55,315,187,192,323,68,71,202,77,205,79,208,81,210,84,86,87,88,216,89,92,98,99,109,244,116
256,257,258,260,5,262,267,269,271,274,276,22,283,158,32,163,51,187,188,323,68,71,328,72,202,77,205,81,210,86,87,88,89,98,109,244,245,116,249,253,254,127
135,10,138,271,16,275,26,158,32,163,292,51,311,58,68,69,198,71,73,329,202,205,80,81,210,84,86,87,88,89,91,98,231,106,109,239,243,116,246,249,251,253
257,259,261,263,7,267,268,15,275,276,280,158,163,51,194,68,70,71,72,73,74,76,77,81,84,86,87,88,91,247,93,100,102,103,106,107,237,109,242,116,119,121,251,253
256,257,258,261,264,267,269,271,277,283,158,32,163,44,51,318,68,69,73,205,81,210,86,87,88,89,215,92,97,98,106,109,110,241,114,243,116,246,248,249,251,253
256,257,258,260,262,264,267,269,274,283,158,32,163,44,51,312,58,318,324,69,68,71,200,205,81,210,213,86,87,88,89,215,98,106,109,243,116,246,248,249,122,251,253
261,135,264,270,277,158,32,163,51,193,68,69,71,75,203,205,209,81,83,210,85,86,87,88,89,92,94,95,97,98,104,105,106,107,109,114,115,116,117,120,250,251
135,264,10,138,266,140,270,271,16,275,277,283,158,32,163,292,303,51,68,69,71,73,329,205,81,210,84,86,87,88,89,98,249,231,106,109,239,243,116,246,121,250,251
263,264,265,267,269,273,274,276,281,283,284,158,32,163,51,68,69,71,72,205,79,81,210,86,87,88,89,227,100,106,109,241,243,116,117,119,252,253,254
256,263,264,265,267,269,273,274,281,283,284,158,32,163,51,58,68,69,71,72,205,79,81,210,84,85,86,87,88,89,98,99,106,109,241,243,116,119,253,254
256,263,264,7,267,269,273,274,276,281,283,158,32,51,194,68,69,70,71,72,79,80,81,210,86,87,88,89,121,106,109,241,243,116,117,245,247,249,253,254
263,266,268,269,271,277,284,158,32,163,44,51,58,190,68,69,325,71,205,81,82,210,85,86,87,88,89,90,215,92,98,100,249,106,109,110,243,116,117,121,253,255
256,261,264,269,271,273,274,277,281,26,283,158,32,163,43,44,306,51,313,58,68,69,71,205,81,210,85,86,87,88,89,215,92,96,98,106,109,110,243,116,249,253,254
256,257,258,260,261,262,10,267,13,271,275,22,158,30,32,34,35,37,44,45,51,52,312,318,64,322,199,73,201,81,213,87,88,89,93,231,109,243,245,246,248,249,251
256,257,258,260,261,262,10,267,13,271,22,30,287,32,34,35,37,44,45,180,52,312,318,322,68,199,73,201,213,86,87,88,89,93,229,230,243,116,245,248,249,122,251
256,257,258,259,260,5,262,131,267,275,278,158,32,34,163,51,312,58,318,322,68,71,73,205,81,210,213,86,87,88,89,98,108,109,243,116,245,248,249,122,251
256,257,258,260,261,262,267,269,275,281,158,32,34,163,51,312,58,318,322,68,71,73,205,81,210,213,86,87,88,89,98,229,106,109,243,116,245,246,248,249,251
256,257,258,260,261,262,264,267,269,273,274,277,281,283,158,32,163,51,58,68,69,71,73,205,81,210,86,87,88,89,93,98,106,109,243,116,246,248,249,251,253,254
256,257,258,131,260,261,262,10,267,158,32,34,163,44,51,312,58,318,322,68,71,73,205,81,210,213,86,87,88,89,215,98,231,109,112,243,116,245,246,248,249,122,251
256,263,264,266,267,268,273,274,281,25,283,158,31,32,163,47,48,51,313,66,323,68,72,74,76,81,210,84,85,86,87,88,89,92,99,100,105,109,116,249,250,251,253
264,269,273,274,277,281,26,283,158,32,163,43,306,51,313,314,316,68,69,71,205,81,210,85,86,87,88,89,96,98,106,109,241,243,116,249,250,251,252,253,254
2,263,7,265,266,269,274,281,283,284,158,32,289,163,41,42,51,66,194,68,70,71,72,201,79,81,84,213,86,87,88,217,90,227,103,106,109,116,119,121,253,254
2,263,266,10,158,160,32,167,51,53,189,62,69,70,199,71,201,73,207,81,210,213,87,88,217,89,92,97,231,109,239,243,246,121,251,253
256,257,258,260,262,267,269,271,275,158,287,32,163,51,312,184,58,318,68,69,71,73,205,80,81,210,213,86,87,88,89,97,106,109,243,116,245,246,248,249,251,253,254
259,263,135,268,272,276,158,31,32,163,41,48,51,313,58,66,323,68,71,74,205,81,210,211,84,86,87,88,89,215,92,98,99,100,232,109,242,116,125,251,124,253
256,264,267,269,273,274,276,22,281,283,158,32,163,42,47,51,187,68,69,71,72,76,77,208,81,210,85,86,87,88,89,92,121,106,109,243,116,117,249,253,254
256,257,258,260,262,264,10,267,270,282,158,32,163,51,312,318,322,68,69,71,205,81,210,213,86,87,88,89,106,109,243,116,117,246,248,249,250,251
257,261,263,264,10,267,142,271,273,275,283,158,32,163,44,51,58,68,69,71,200,73,205,81,210,84,86,87,88,89,215,98,106,109,239,242,243,116,246,249,251,253
256,259,263,264,7,268,272,158,31,32,168,48,51,313,66,323,194,68,71,74,79,81,210,211,84,86,87,88,89,99,100,232,106,109,110,116,121,122,251,124,253
256,263,264,269,273,274,279,281,283,158,32,163,176,51,313,58,68,69,71,77,79,80,81,210,85,86,87,88,89,92,98,106,109,241,243,116,117,118,249,252,253,254
256,263,11,267,269,142,273,274,281,283,157,158,32,168,51,187,192,66,323,69,71,72,77,78,208,82,83,85,87,90,92,94,96,99,102,103,108,113,114,243,117,253,254
135,10,138,140,267,16,275,276,281,158,163,292,36,172,51,311,189,194,68,71,73,329,202,205,81,210,84,86,87,216,88,215,91,231,237,109,239,243,116,246,251
256,263,135,7,267,269,275,276,280,158,32,289,168,51,194,68,71,72,73,74,76,77,81,84,86,87,88,89,91,247,100,101,102,106,237,109,116,246,119,121,251
261,264,277,158,32,163,43,44,179,51,54,313,58,68,69,71,75,203,205,81,210,83,85,86,87,88,89,215,92,98,249,105,106,109,110,243,115,117,116,120,121,250
1,261,263,264,19,277,278,283,158,32,163,51,185,196,68,71,203,75,205,209,81,83,210,85,84,86,87,88,89,92,94,97,98,105,109,112,115,116,117,250,253
7,264,269,142,271,273,274,279,281,26,283,157,158,32,168,51,313,314,191,194,68,69,71,79,81,210,84,86,87,88,89,106,109,110,241,243,116,117,118,249,252,253,254
264,269,273,274,276,277,280,281,283,158,32,163,51,313,58,68,69,71,205,81,210,85,86,87,88,89,216,92,98,106,109,241,243,244,117,116,119,249,252,253,254
256,263,264,267,269,142,273,274,275,281,283,157,158,159,32,39,168,51,313,69,198,72,204,79,81,85,87,88,106,109,124,241,243,116,117,246,245,118,249,252,253,254
259,5,262,263,264,7,268,271,274,275,281,282,155,158,163,43,51,313,65,194,68,69,70,71,200,73,81,84,86,87,88,121,106,108,109,110,243,116,246,249,251,253
256,263,264,267,269,273,274,276,281,283,158,32,42,51,313,187,191,68,69,71,72,77,208,81,210,213,87,88,89,92,106,109,241,243,116,117,249,251,253,254
264,273,274,281,26,282,284,158,32,163,43,306,51,313,58,316,191,68,69,198,71,205,81,210,85,86,87,88,89,215,92,98,106,109,110,243,116,246,249,252,253,254
128,129,130,131,132,261,133,134,135,136,138,139,140,19,285,286,288,289,290,291,171,43,51,54,193,196,203,209,83,85,215,92,105,240,115,117,122,123,125,126,127
128,129,130,131,132,133,134,135,136,265,137,139,138,13,140,148,23,285,286,287,288,289,290,169,172,47,55,58,192,201,205,217,122,123,125,126,127
128,257,130,131,258,5,129,135,132,133,138,267,140,141,139,134,136,285,286,287,288,289,34,290,291,39,177,200,328,249,122,123,125,126,127
128,129,130,131,132,5,133,135,136,137,138,139,140,141,134,17,285,286,287,288,289,290,291,39,305,177,220,122,123,125,126,127
128,130,131,132,133,134,135,263,137,136,139,268,138,140,287,31,289,290,288,41,48,55,66,323,74,209,86,217,99,100,116,121,122,123,124,125,126,127
128,129,130,131,132,133,134,135,7,137,136,138,139,140,17,23,285,286,287,160,289,290,291,288,294,55,184,58,66,205,219,103,107,119,122,123,125,126,127
128,129,130,259,131,133,132,263,135,137,134,136,268,138,139,140,285,286,31,288,289,290,291,48,55,186,58,66,204,205,99,232,122,123,124,125,126,127
10,138,142,144,147,148,155,156,158,161,292,293,166,295,296,167,298,299,172,170,174,303,175,177,306,179,307,309,310,311,180,184,330,246
141,144,147,148,149,153,154,155,156,158,161,292,293,294,295,296,167,298,299,172,166,171,303,304,305,306,177,308,309,174,311,184,179,307,180,310,330,175
141,144,147,150,154,155,156,157,158,159,160,32,161,292,293,294,167,296,297,171,172,299,301,174,175,305,306,179,308,181,307,183,180,51,184,191,330,87
257,258,267,142,143,144,145,148,149,154,155,156,158,287,160,292,294,295,166,297,168,299,167,170,172,303,174,175,307,179,309,310,180,184,319,330,89,230,110,245,122
141,144,146,147,148,149,153,155,156,157,158,160,161,32,293,294,295,296,169,167,299,297,172,174,301,175,305,306,307,308,178,177,179,184,180,51,330,87
256,257,260,7,267,144,145,155,156,157,158,160,161,34,292,293,294,295,167,297,296,172,301,173,303,175,178,307,179,309,310,311,180,181,51,315,319,322,330,87,88,89,245,249,122
141,142,144,147,148,151,154,155,156,157,158,160,161,32,163,292,293,166,167,296,298,299,172,171,173,174,175,305,306,177,308,309,310,183,181,179,180,51,58,330,87
142,144,147,148,149,155,158,160,161,292,293,294,295,296,167,298,299,170,172,174,173,175,305,306,307,308,309,303,183,184,179,310,180,330,126
141,142,144,147,148,149,150,152,153,154,155,156,158,160,294,166,296,169,298,299,300,172,302,174,167,305,306,179,308,177,175,180,184,330,87,99
144,146,147,149,154,155,156,157,158,160,163,164,293,294,296,168,298,171,172,301,299,297,170,305,306,179,302,175,173,180,181,185,71,75,82,83,85,87,92,104,250
7,141,142,143,144,146,147,148,149,155,156,157,158,160,161,163,164,293,294,167,296,169,299,172,301,302,175,176,177,305,178,308,173,179,180,184,181,51,194,330,87
135,10,138,142,147,148,155,156,158,32,292,293,37,295,167,297,166,299,170,172,44,303,174,177,306,175,179,309,307,311,184,310,183,68,73,330,88,231,237,246,251
141,142,144,146,147,149,155,156,157,158,159,160,161,164,293,166,296,169,298,299,301,174,302,304,305,306,178,180,308,175,179,184,181,51,197,330,208,87,173
5,141,142,144,147,150,154,155,156,157,158,160,161,32,293,294,296,168,299,172,300,174,302,175,305,306,177,308,307,178,309,179,180,51,186,330,205,210,87,98,127
141,142,144,147,148,149,150,152,153,154,155,156,158,160,161,292,293,164,166,296,167,298,171,172,299,174,300,175,305,306,179,177,181,310,311,180,330,82
141,142,144,147,148,149,155,158,32,161,164,293,294,295,296,292,298,299,167,166,174,170,172,305,306,307,308,309,178,175,184,179,310,180,330
141,142,144,147,148,149,155,158,160,292,293,294,295,296,167,170,299,298,166,174,172,175,305,306,307,308,309,177,179,184,310,180,328,330
141,142,144,147,148,155,156,157,158,160,161,293,294,295,296,169,298,299,167,170,174,172,175,305,177,307,308,309,180,179,184,310,330
142,144,147,148,149,154,155,156,158,160,292,293,166,295,167,297,298,171,170,172,174,303,175,306,179,180,309,310,311,312,51,184,318,322,324,87,248,249,122
135,10,138,144,16,146,147,23,155,156,157,158,160,161,32,292,293,167,297,169,172,303,175,177,306,179,178,309,310,311,180,51,181,329,73,330,81,210,87,216,231,246
256,135,10,138,158,51,312,186,315,187,317,318,319,191,322,323,324,194,197,327,328,200,202,329,199,201,204,205,208,207,209,210,212,213,87,215,216,239,246,249
263,268,158,31,48,51,313,186,187,317,191,192,66,323,196,194,198,327,195,201,197,199,204,205,202,207,208,209,210,211,213,87,216,215,99,124
26,158,32,43,47,51,313,314,187,316,317,189,191,320,193,60,323,196,69,198,327,200,199,201,319,197,202,205,207,208,209,194,210,213,214,87,215
256,267,13,22,30,32,34,37,44,52,312,315,187,317,318,319,192,322,323,324,196,194,71,328,199,202,200,201,205,208,210,213,214,215,88,89,245,249,122
264,26,158,32,165,51,313,314,187,316,317,189,191,320,193,186,194,196,197,198,327,199,201,326,203,200,328,202,76,208,209,205,207,210,213,215,87,222
256,257,10,138,14,158,51,310,312,313,186,315,187,317,318,319,191,322,323,324,194,197,327,200,328,199,201,202,205,206,207,208,209,210,213,87,215,217,216,249,122
256,158,36,51,181,312,313,315,187,317,318,191,319,322,323,324,194,198,327,200,328,199,329,203,197,201,202,208,205,207,81,210,213,195,211,209,215,87,248,249
158,51,312,313,314,315,187,317,189,191,318,319,322,186,324,325,194,327,200,199,328,329,203,197,201,202,208,209,205,207,210,213,212,87,215,216,249
264,26,158,32,43,51,313,314,187,316,317,189,191,320,186,194,323,69,198,327,199,200,201,203,197,202,205,207,208,209,210,212,213,214,87,215,216,224,234
204,28,163,166,171,313,187,317,191,321,193,195,196,323,325,327,198,194,68,203,197,199,206,201,208,209,210,83,212,85,205,215,213,92,95,114,115
135,10,138,13,30,32,37,44,312,315,187,317,318,319,191,322,323,324,194,197,199,200,329,328,202,327,201,205,208,210,211,213,215,88,89,217,248,249,122
26,158,293,43,51,55,313,314,187,186,317,318,190,320,191,194,323,324,69,198,327,200,329,199,203,197,201,202,205,208,209,206,207,210,212,213,87,215,216
10,138,158,51,310,312,313,314,315,186,317,318,191,319,187,322,194,324,325,196,199,327,329,200,198,197,201,202,205,208,207,209,210,212,213,87,215,216,94,249
158,179,51,313,314,187,316,317,61,191,186,193,194,196,325,198,327,197,199,201,203,202,200,205,207,208,209,210,83,212,85,213,87,215,216,92,97,228
11,158,32,47,53,186,187,315,188,317,319,192,191,194,323,196,197,326,199,200,328,202,201,204,205,207,208,209,210,211,213,214,215,216,87
264,26,158,32,43,51,313,314,186,316,189,317,191,320,193,187,194,324,69,198,327,199,201,325,196,203,197,202,205,208,209,207,210,85,322,213,214,87,215
155,42,307,308,309,55,313,314,187,315,316,317,191,319,194,323,196,195,197,199,328,201,330,202,205,206,207,208,209,210,213,214,215,216,94
135,10,138,11,275,26,158,51,187,188,189,317,191,194,323,197,198,199,200,329,202,73,327,201,205,207,208,209,210,213,87,216,215,231,104,239,246,251
256,263,264,10,267,271,273,274,277,281,283,158,32,163,41,51,54,313,58,68,69,71,200,73,77,205,81,210,84,85,86,87,88,89,96,98,106,109,243,116,246,249,251,253
135,10,138,266,140,16,275,276,277,280,158,32,163,292,51,311,58,68,71,73,329,74,205,81,210,84,86,87,88,89,215,91,98,231,237,109,239,243,116,246,119,249,251
135,10,138,266,16,275,277,26,158,32,163,292,44,48,51,311,58,68,69,71,73,329,205,81,210,84,86,87,88,89,215,91,98,231,106,237,109,239,243,116,246,249,251
0,5,135,10,138,140,16,275,19,22,28,158,33,163,292,39,43,303,51,54,311,183,58,59,64,323,73,329,202,81,84,87,216,91,219,231,237,239,246,120,251
1,3,5,261,264,8,12,16,21,22,281,26,28,158,32,33,163,38,39,168,42,43,47,50,51,54,313,58,59,63,320,64,69,87,218,224,226,227,232,234,238,117,254
256,257,258,131,260,5,262,3,10,12,16,145,22,28,158,32,161,34,35,163,43,51,55,312,58,60,318,63,322,324,205,210,213,87,89,226,229,231,239,248,249,122
256,2,5,6,135,9,16,145,23,158,287,293,43,47,50,51,54,55,313,58,187,317,320,66,323,195,198,327,72,207,208,87,219,222,224,230,231,233,234,236,238
2,5,265,266,16,157,158,32,289,35,43,173,51,53,54,55,313,58,189,317,66,70,199,201,207,210,87,88,217,227,231,121,253
3,4,5,135,8,7,11,12,16,276,23,24,26,28,158,32,34,163,41,42,43,47,51,55,314,58,320,323,69,208,80,210,87,88,219,223,231,233,239
5,135,138,10,140,13,275,20,22,26,30,32,33,35,292,36,37,40,43,44,45,51,52,54,64,199,200,73,329,201,87,88,89,219,222,224,231,234,237,239,243,246,251
5,135,7,10,138,140,266,16,275,26,158,31,160,163,292,38,168,42,43,46,48,50,51,53,54,56,57,60,61,67,199,200,73,329,81,213,87,219,222,231,234,237,239,246,251
5,6,9,267,12,13,21,22,23,27,158,32,163,37,40,42,43,44,45,47,50,51,54,55,187,315,317,192,64,66,323,195,71,208,210,214,87,222,224,234,236,238,244
2,4,5,6,9,144,16,23,158,40,43,46,51,180,55,58,187,59,317,63,320,64,66,323,195,208,211,84,87,216,219,91,222,224,102,231,234,237,238
5,7,264,13,23,26,155,158,30,32,163,293,37,40,43,44,45,306,51,54,313,314,317,191,320,64,66,194,69,198,327,199,87,222,224,230,231,234,106,243
2,5,7,10,138,266,13,20,26,158,32,163,293,37,43,44,45,177,51,54,313,314,58,317,320,64,66,323,69,199,200,327,205,210,87,215,222,224,230,231,234,239
128,2,130,5,7,266,13,147,155,284,158,32,35,163,293,37,43,44,45,304,51,54,313,190,64,66,194,198,78,82,87,88,222,224,230,105,234,110,121,255
128,1,261,5,13,16,277,22,28,158,32,33,162,163,37,168,42,43,44,171,179,51,54,58,63,64,193,198,203,75,209,83,85,87,92,222,224,228,105,234,117
1,4,5,7,8,12,16,148,21,149,23,22,28,158,31,32,163,38,40,168,42,46,47,48,49,51,53,54,55,56,187,60,61,192,66,323,67,208,214,87,230
1,5,6,9,16,17,22,23,24,28,158,163,293,168,42,43,47,50,51,308,54,55,58,187,317,63,320,66,198,327,328,208,87,219,220,222,224,231,232,234,238
130,3,4,5,263,11,12,268,16,273,274,150,279,22,24,26,28,32,34,163,168,42,43,47,51,55,313,314,58,60,63,66,69,205,87,223,224,233,239,123,253
3,4,135,10,138,140,12,16,275,22,24,26,28,158,34,163,168,42,43,47,51,55,58,317,63,199,73,329,202,81,213,87,93,228,231,233,234,239,246,251
1,5,138,10,13,16,277,22,23,27,28,30,32,34,35,163,37,43,44,52,54,55,312,310,58,318,63,64,324,213,88,89,218,224,229,230,231,232,234,249,122
130,5,7,9,10,139,141,16,17,273,19,18,22,155,28,285,158,32,289,163,43,305,51,308,54,55,57,58,63,194,85,87,223,224,98,230,231,234,116,117,127
132,5,6,7,9,10,142,16,275,158,30,293,40,43,45,47,51,54,55,313,58,187,60,317,320,194,69,198,327,87,219,222,224,228,230,231,234,238
1,5,138,10,13,16,22,26,27,30,32,35,37,43,44,45,306,51,52,54,313,58,317,318,191,320,69,198,327,199,201,87,88,89,218,222,224,229,231,232,234,249
2,5,266,13,158,32,35,36,37,167,43,44,173,45,51,53,54,189,317,66,70,199,71,201,207,213,87,88,217,222,224,230,231,234,239,121
3,4,5,12,16,22,24,26,158,32,34,163,39,42,43,47,306,51,55,313,314,58,316,317,191,320,69,198,327,204,205,208,210,85,87,92,223,224,233,234,106,239
1,3,5,12,16,17,22,26,28,158,32,289,161,163,168,41,42,43,47,51,55,313,314,58,316,317,60,191,320,63,66,69,198,327,208,209,87,223,224,225,238,253
130,5,8,9,11,12,269,16,17,274,21,22,23,281,26,283,28,158,32,33,163,168,42,43,47,51,55,57,58,59,63,64,330,208,214,87,227,244,122,253
0,5,135,7,9,138,10,11,16,23,279,157,158,32,39,41,42,43,51,54,55,57,58,317,66,323,194,73,202,81,84,87,91,227,230,231,233,237,239,246,253
2,5,135,10,138,140,11,16,275,22,156,158,33,163,292,43,303,51,54,311,58,59,64,73,329,74,202,207,81,87,91,219,231,233,237,239,246,251
0,2,4,5,263,8,265,13,16,17,149,22,23,27,284,28,158,289,163,38,39,168,42,43,47,51,54,55,58,63,66,204,205,87,217,219,227,100,232,239,119,253
5,9,16,22,23,28,158,33,163,293,43,44,47,50,51,54,55,313,314,58,59,317,187,191,320,64,69,198,327,204,208,82,87,219,222,224,231,234,238
130,2,5,135,10,141,16,22,23,27,28,158,32,163,293,42,43,305,306,51,54,55,313,58,317,63,320,64,69,198,205,210,87,216,222,224,98,231,234,244,127
1,261,5,15,16,17,277,22,26,28,158,160,32,163,168,42,43,44,179,51,54,55,313,58,191,320,193,63,69,198,327,203,210,83,85,87,92,222,224,228,231,234,238
128,1,3,261,5,16,19,22,28,158,160,33,163,168,42,43,47,51,54,313,314,58,59,317,63,64,193,196,327,203,209,83,85,215,87,92,222,224,230,234,110,238,117
257,1,131,260,5,10,142,16,17,22,28,158,287,288,34,163,168,42,43,51,309,310,54,312,58,317,318,63,322,200,213,87,89,219,221,225,229,230,231,232,238,249,122
5,135,10,138,140,13,16,275,158,32,33,163,292,37,168,43,44,45,303,51,54,311,55,64,66,73,329,202,81,84,87,216,91,219,224,228,230,231,234,237,239,246,251
1,5,135,13,19,22,23,155,158,31,32,37,43,44,45,47,51,54,55,187,64,66,195,196,323,203,206,208,209,85,87,91,92,224,99,232,105,235,115,122
5,133,7,264,9,10,16,22,26,27,158,30,32,163,170,43,44,42,45,47,51,54,55,313,58,191,320,194,69,198,208,87,218,92,222,224,230,231,234,106
130,2,5,135,264,10,16,22,26,282,28,158,32,33,163,293,42,43,306,51,54,55,313,58,59,317,191,320,63,64,69,198,327,205,210,87,222,224,231,234,106,243
5,7,264,13,20,26,158,32,163,37,43,44,45,47,49,51,54,313,58,317,191,320,64,66,69,198,327,199,205,208,210,215,87,222,224,230,231,234,106,239,243,121
3,4,5,263,264,7,10,12,16,24,25,26,158,32,34,41,42,43,47,48,51,55,313,314,58,316,317,191,320,194,69,198,327,208,87,222,223,224,231,233,234,239
1,5,143,16,15,19,20,22,23,26,28,158,160,33,34,35,163,293,168,42,43,44,51,53,310,55,54,185,58,63,324,69,199,201,87,222,224,231,234,238,122
130,5,13,20,23,158,32,289,163,37,41,42,43,44,45,47,51,54,55,313,314,58,60,317,320,64,66,69,205,79,208,210,87,215,219,222,224,230,231,234,122
2,5,7,264,135,138,274,151,26,158,31,32,163,293,38,171,43,44,46,48,306,50,51,53,55,56,313,185,57,58,60,61,191,67,324,69,198,327,205,210,83,85,87,92,234,106
5,6,9,12,13,15,17,21,23,158,32,37,40,43,44,45,47,51,54,55,187,317,320,198,327,87,219,222,223,224,225,231,233,234,236,238,239
135,7,10,138,140,16,275,26,158,31,160,163,292,36,38,168,46,48,50,51,53,311,56,57,60,61,67,327,199,329,73,81,87,219,221,231,236,237,239,246,251
2,5,135,10,138,266,16,275,22,26,28,158,32,163,292,42,43,51,54,58,63,198,199,327,73,329,205,81,210,213,87,231,234,237,238,239,243,246,251
256,0,2,3,5,7,16,23,284,29,157,158,32,37,39,42,43,51,54,55,56,313,58,59,191,320,64,66,198,207,213,87,219,222,224,227,231,234,108,124,126
3,4,135,10,138,140,11,12,16,275,22,24,26,158,32,34,163,292,43,47,51,55,58,199,200,329,73,205,81,210,213,87,223,231,233,237,239,246,251
128,1,5,135,13,19,22,23,155,158,32,37,43,44,45,51,54,55,187,64,66,195,196,323,194,201,205,206,208,209,210,83,85,87,215,217,92,232,105,115,122
256,5,13,17,274,23,27,158,32,33,162,163,37,166,41,42,43,44,45,174,306,51,182,55,54,57,64,66,67,68,69,205,208,210,87,92,224,107
130,5,261,138,10,11,16,22,26,28,158,32,163,293,39,43,305,306,51,54,55,313,314,58,317,69,198,327,200,205,210,85,87,223,98,231,243,118,253,127
5,10,138,13,20,277,23,158,30,32,163,292,293,37,43,44,45,177,306,51,54,313,314,58,317,191,64,66,69,198,327,200,205,210,87,215,224,230,231,234,249
130,5,264,269,13,16,273,22,23,281,158,32,33,160,163,37,168,42,43,44,45,47,306,51,54,55,313,59,62,320,64,69,87,222,224,230,234,238,241,243,253,254
5,135,7,10,138,140,266,13,16,275,158,30,32,163,37,43,44,45,303,51,54,62,64,66,194,199,329,73,81,213,87,222,224,230,231,234,237,239,246,251
128,2,261,5,135,16,19,20,278,22,28,285,157,158,32,163,39,43,175,51,54,58,59,63,195,196,209,83,85,215,87,92,223,224,231,105,233,235,240,112,114,115,117,118
128,5,7,13,19,277,155,285,158,30,32,163,37,43,44,45,51,54,317,62,64,66,194,198,203,209,83,85,215,87,92,222,224,228,230,234,108,240,115,117
5,134,135,10,138,140,16,275,22,26,28,158,32,35,292,163,166,43,303,51,179,54,311,312,58,63,200,73,329,74,81,210,213,87,91,219,226,231,237,239,246,251
1,5,8,10,15,16,17,274,22,23,26,283,28,158,160,32,163,168,42,43,47,51,54,55,313,58,63,320,196,69,203,208,209,210,83,85,87,92,224,231,105,238
130,2,5,7,266,10,13,155,30,158,32,163,37,43,44,45,51,53,54,313,58,189,64,194,68,69,199,201,208,210,213,87,88,222,224,228,231,105,234,106,239,116,121,251
0,1,5,8,9,11,12,269,14,16,274,22,23,25,26,27,28,29,32,163,41,42,43,47,51,55,313,58,187,63,320,65,66,323,208,87,224,232,234
261,264,269,273,274,277,281,283,158,32,163,44,51,68,69,71,205,81,210,83,84,85,86,87,88,89,215,92,96,97,98,105,106,109,243,116,117,120,249,250,253
261,264,266,269,273,274,277,281,283,158,32,163,306,51,313,314,58,316,192,68,69,324,71,205,81,210,86,87,88,89,215,94,98,106,109,110,243,116,117,246,249,251,253,254
256,257,258,260,261,262,7,267,271,275,158,32,168,51,312,318,194,68,69,71,73,81,213,86,87,88,89,93,121,229,106,109,243,116,245,246,117,248,249,251
263,264,10,138,268,271,275,277,282,158,32,163,44,177,51,58,68,69,71,200,73,76,205,78,81,210,86,87,88,89,215,98,106,109,242,243,116,246,249,251,253
261,264,266,269,273,274,277,281,283,158,32,163,168,41,306,51,313,68,69,71,75,76,205,80,81,210,86,87,88,89,98,249,106,108,109,243,116,117,120,121,250,253,254
2,264,266,268,273,274,281,283,158,32,173,306,51,53,313,314,189,68,69,70,199,327,201,207,81,210,85,86,87,88,217,89,109,116,121,253,254
256,264,266,269,273,274,281,283,158,32,160,163,306,51,313,314,58,191,68,69,198,71,205,81,210,85,86,87,88,89,215,92,98,106,109,241,243,116,117,246,120,249,253,254
263,264,265,269,273,274,281,283,284,158,32,163,168,51,68,69,71,76,205,79,81,210,84,86,87,88,89,98,227,106,109,241,243,116,117,119,249,251,252,253,254,127
261,7,264,269,273,274,277,281,26,283,158,32,165,39,168,306,51,313,314,186,316,194,68,69,71,79,81,86,87,88,89,106,109,241,243,116,117,249,252,253,254
135,264,10,138,140,266,271,16,275,158,32,163,292,48,51,311,312,68,71,73,329,202,205,81,210,84,86,87,88,89,91,98,231,104,237,109,239,243,116,246,249,250,251
264,266,11,269,273,274,277,281,26,283,158,32,163,43,44,306,51,313,58,316,191,68,69,327,71,205,79,81,210,85,86,87,88,89,215,98,249,106,109,243,116,121,253,254
135,10,138,266,140,16,275,26,158,32,163,292,44,51,68,71,73,329,202,205,81,210,84,86,87,88,89,215,91,121,98,231,237,109,239,243,115,116,246,249,251
261,135,138,269,273,274,277,278,283,285,158,32,289,163,178,51,196,68,71,205,81,210,83,85,86,215,87,88,89,92,97,105,109,111,112,114,115,243,117,116,118,249,122,253,127
257,263,135,7,267,268,269,271,274,275,281,155,158,163,51,194,323,68,69,70,71,200,73,78,79,81,84,86,87,88,121,99,106,109,241,243,116,246,249,250,251,253
135,138,10,267,271,16,275,158,32,163,292,44,303,51,58,68,69,71,73,329,202,205,81,210,84,86,87,88,89,215,91,98,231,106,107,109,239,243,116,246,249,251,253
256,264,269,273,274,281,26,283,284,157,158,32,163,43,51,313,58,191,68,69,198,71,205,81,210,85,86,87,88,89,215,92,96,98,106,109,241,243,116,117,246,249,252,253
256,7,8,269,17,274,21,23,281,283,155,158,32,163,166,41,178,51,188,194,68,69,326,70,72,71,77,208,81,85,86,87,88,92,98,99,105,106,109,244,116,121,253,254
5,7,264,269,273,274,277,280,281,282,26,283,158,32,43,306,51,313,191,194,68,69,70,71,79,81,85,214,87,88,89,86,121,106,109,110,243,116,117,119,249,252,253,254
261,7,264,266,10,269,274,158,32,163,167,51,313,189,194,68,69,70,71,199,76,79,81,210,86,87,88,89,249,231,106,109,242,243,116,246,121,251,253,255
261,262,7,277,155,158,32,163,51,193,194,68,70,71,75,203,79,209,82,83,81,85,86,87,88,89,90,92,94,95,97,104,105,106,109,112,114,115,116,117,120,121,250
256,257,258,260,262,7,264,267,275,277,155,158,32,163,51,312,318,194,68,69,70,71,73,205,81,210,213,86,87,88,89,121,106,109,243,116,245,246,248,249,251
256,263,264,267,269,273,274,276,281,283,284,158,32,163,168,44,51,68,69,70,71,72,205,79,81,210,84,86,87,88,89,215,98,99,106,109,241,243,116,249,253,254
258,135,264,10,138,266,267,271,16,275,26,158,32,292,172,51,180,312,189,68,69,73,329,81,210,84,86,87,88,89,91,231,106,109,239,243,116,246,249,250,251
256,263,135,265,267,269,274,276,281,283,284,155,158,32,41,42,47,51,187,323,195,71,72,76,77,206,208,81,84,87,88,90,100,101,106,109,115,117,119,122,253,254
261,264,269,141,273,274,277,281,283,158,32,163,42,43,306,51,313,58,316,68,69,70,71,205,79,81,210,85,86,87,88,89,92,98,106,109,243,116,117,249,251,253,254
256,257,258,260,261,262,7,264,267,269,144,275,283,155,158,31,41,51,194,68,69,70,71,73,79,81,86,87,88,89,121,100,106,109,243,116,117,246,245,248,249,251,253
256,7,8,9,267,269,274,275,276,21,22,23,283,155,158,32,163,166,51,187,188,194,323,68,70,71,72,73,202,77,81,84,86,87,88,221,99,106,109,244,116,121,253
256,257,258,260,262,267,269,274,275,22,281,283,158,32,163,47,51,312,58,315,187,318,319,322,323,324,68,71,81,210,213,86,87,88,89,109,244,245,116,248,249
256,8,267,269,13,142,271,274,22,23,283,158,30,32,35,37,44,45,51,52,55,315,187,192,64,323,71,72,199,202,201,77,208,81,214,87,88,89,99,244,245,249,253
256,257,258,260,262,267,269,274,22,281,283,158,287,32,163,178,51,312,315,187,318,319,68,71,202,77,205,81,210,213,86,87,88,89,98,109,244,245,116,248,249,122
256,257,258,260,262,267,269,274,22,23,283,158,32,34,163,297,51,312,315,187,318,319,68,71,328,202,205,77,208,81,210,213,86,87,88,89,98,109,243,116,245,248,249,122
256,257,258,260,7,9,267,269,14,275,276,23,283,155,158,31,32,34,48,53,56,57,315,60,194,323,68,70,71,73,202,77,86,87,89,121,106,244,245,116,249,251
256,135,263,267,11,269,271,274,283,158,32,168,44,51,315,187,323,68,71,200,73,202,77,205,208,81,210,84,86,87,88,89,215,98,109,244,245,246,116,251,253
256,8,11,267,269,17,274,21,23,283,158,32,163,166,42,44,51,55,58,315,187,188,323,68,71,202,77,205,208,81,210,86,87,88,89,215,98,99,106,109,244,116,246
256,135,8,7,267,11,269,17,274,23,283,155,158,32,163,166,51,315,187,188,194,323,68,70,71,73,202,79,208,81,84,86,87,88,89,99,106,109,244,245,246,116,121,253
256,257,258,260,262,8,267,269,23,283,158,32,163,42,51,58,187,315,188,319,68,71,73,76,205,81,210,213,86,87,88,89,94,98,109,244,245,116,248,249,122,251,253
256,0,8,267,11,269,274,21,23,283,27,158,32,163,166,39,51,187,188,68,71,73,202,77,205,81,210,84,86,87,88,89,94,99,237,109,243,244,116,246,120,251,253
256,8,138,267,11,269,274,21,23,283,158,32,163,166,168,46,51,187,188,323,68,71,73,202,77,205,208,81,210,84,86,87,88,89,99,237,109,244,116,246,122,251,253,127
256,135,8,267,11,269,275,276,23,283,158,32,166,168,44,51,315,187,188,192,323,68,71,73,202,77,205,208,81,210,84,86,87,88,89,215,91,94,98,99,109,244,116,246,253
135,10,267,11,138,16,275,276,158,32,163,44,51,58,188,68,71,73,202,74,329,205,81,210,84,86,87,216,88,89,91,215,98,237,109,239,244,245,246,247,116,251,254
256,257,258,260,262,267,275,158,32,34,163,42,43,44,51,312,318,319,322,68,71,205,81,210,213,86,87,88,89,215,225,98,229,230,109,116,245,246,248,249,122,251
256,259,263,7,268,272,274,284,158,31,32,168,48,51,66,323,196,194,68,71,72,74,76,81,210,211,84,85,86,87,88,89,92,99,101,105,106,107,109,116,119,121,124,253
261,264,266,269,13,271,273,18,277,22,158,30,32,35,37,43,44,45,51,52,64,67,69,199,200,201,81,87,88,89,96,121,106,109,110,243,117,246,249,251,253
261,6,263,265,12,19,158,32,163,51,57,187,66,323,196,195,68,72,74,205,209,81,210,85,86,87,88,217,90,89,92,99,232,105,109,114,115,116,117,119,253
256,257,258,260,262,267,14,158,32,34,163,51,312,58,317,318,322,324,68,71,73,205,81,210,213,86,87,88,89,215,94,225,98,229,106,109,243,116,245,117,248,249,122,251
261,263,264,277,283,158,32,163,44,51,313,58,193,68,69,71,75,203,205,209,81,83,210,85,86,87,88,89,215,92,94,95,97,98,104,105,106,109,114,115,116,117,250
258,263,265,269,273,274,277,281,283,284,158,32,163,51,58,196,68,69,198,72,71,205,81,210,83,85,86,87,88,89,92,98,227,105,106,109,112,241,243,116,117,119,252,253,254
256,257,258,259,260,262,264,267,269,283,158,32,163,51,312,313,58,318,322,324,69,68,71,205,81,210,213,86,87,88,89,90,98,106,108,109,243,116,245,246,248,249,122,251,253
257,135,10,266,138,267,271,16,275,158,32,163,292,44,51,54,58,68,71,73,329,202,74,205,81,82,210,84,86,87,88,89,215,91,98,231,237,109,239,243,116,246,249,251
256,8,267,269,17,274,21,277,23,283,158,32,163,166,40,49,51,55,58,188,189,192,68,69,71,72,77,205,208,81,210,84,85,86,87,88,89,92,99,109,244,116,253,254
7,8,9,266,267,11,269,274,21,23,280,283,158,32,166,40,51,55,187,188,194,68,70,71,73,202,77,208,81,214,86,87,88,99,106,237,109,243,244,116,246,119,121,253
256,7,8,9,267,269,17,274,21,23,280,283,158,32,166,40,168,51,315,187,192,65,194,323,68,71,72,76,77,208,81,86,87,88,89,99,106,109,244,245,116,253
135,10,138,140,266,271,16,275,282,158,32,163,292,44,46,51,58,68,69,71,73,329,202,205,81,210,84,85,86,87,88,89,215,98,231,106,109,239,243,116,246,249,251
256,263,8,267,269,17,274,276,23,283,158,32,163,166,42,44,51,55,58,68,70,71,72,76,77,205,81,210,84,86,87,88,89,215,98,99,106,109,243,244,116,247,249,253,254
256,135,10,138,266,267,271,16,275,277,158,32,163,51,58,68,69,71,73,329,205,80,81,210,84,86,87,88,89,215,91,121,98,231,106,109,110,239,243,116,246,249,251
256,257,258,260,262,264,267,275,158,32,163,44,51,309,310,312,58,318,322,324,69,68,71,330,205,81,210,213,86,87,88,89,215,98,109,243,116,245,246,248,249,122,251,253
256,259,263,7,267,268,272,274,279,158,31,32,168,48,176,51,313,66,323,194,68,71,72,74,81,210,211,84,86,87,88,89,92,99,100,232,106,109,116,119,121,124,253
256,261,267,269,274,276,23,281,283,158,32,42,47,51,187,316,69,326,71,72,76,77,205,80,81,208,210,214,87,88,89,92,96,97,100,109,114,244,117,247,253,254
2,5,264,266,267,274,158,173,51,53,184,313,189,68,69,70,199,71,201,207,80,81,86,87,88,217,91,97,106,109,110,243,116,246,121,251,253
7,264,269,273,274,277,281,26,283,158,32,168,43,306,51,313,191,194,68,69,70,71,79,81,210,85,86,87,88,89,92,121,106,109,110,243,116,117,246,249,253
261,264,269,277,278,283,158,32,163,44,51,54,313,58,68,69,71,205,209,81,83,210,85,84,87,86,215,88,89,92,95,97,98,105,106,109,114,115,116,117,120,253
264,269,273,274,281,26,283,158,32,163,43,51,313,58,191,68,69,71,79,80,81,210,84,85,86,87,88,89,92,106,109,110,111,243,244,117,246,116,249,253,254
261,7,9,269,13,274,22,23,281,283,158,32,168,47,51,187,194,195,196,323,68,70,72,71,76,77,81,210,83,85,86,87,88,89,92,105,106,109,114,115,244,117,116,121,253
1,135,10,267,138,140,16,275,276,158,32,163,292,44,303,51,68,71,73,74,202,329,205,81,210,84,86,87,88,89,215,91,93,94,98,231,237,109,239,243,116,246,251
256,257,258,262,264,267,269,270,275,283,158,32,163,168,51,312,316,318,68,69,71,200,205,80,209,81,210,212,213,86,87,88,89,106,109,243,116,245,246,248,249,251,253
256,257,258,262,10,267,138,271,275,277,158,32,163,44,51,312,58,318,322,68,69,71,73,205,81,210,84,213,86,87,88,89,215,98,106,109,239,243,116,246,248,249,122,251
256,263,264,266,269,273,274,277,279,281,26,283,158,32,163,51,313,58,316,68,69,71,205,81,210,85,86,87,88,89,215,98,106,109,241,243,116,117,246,249,251,252,253,254
256,7,264,135,9,267,11,269,273,274,17,276,23,281,153,283,284,158,32,296,42,177,51,187,68,69,71,77,79,208,81,86,87,88,92,100,106,109,243,116,117,245,249,253,254
135,10,267,138,11,269,271,16,275,276,22,158,32,163,51,58,187,68,71,73,202,74,329,80,81,84,86,87,216,88,89,91,102,231,237,109,239,116,246,247,251,126
7,264,266,269,273,274,277,281,26,283,155,158,32,163,306,51,313,316,188,189,192,194,68,69,70,71,79,81,85,86,87,88,121,106,109,243,116,117,246,249,251,253,254
261,7,264,266,269,273,274,277,281,283,155,158,32,163,36,51,313,194,68,69,70,71,74,79,81,86,87,88,249,106,109,110,112,243,116,117,246,121,122,251,253,254
259,263,268,272,274,284,158,31,32,163,48,178,51,58,66,68,71,72,74,205,79,209,81,211,84,210,86,87,88,89,215,92,98,99,102,232,109,115,116,125,124,253
256,257,258,135,8,267,269,274,23,283,158,32,164,36,166,169,51,181,312,315,187,318,319,323,68,69,71,208,81,210,86,87,88,89,99,109,243,244,245,116,248,249,250,253
256,1,261,264,269,271,273,274,277,279,281,283,157,158,32,163,51,68,69,81,210,86,87,88,89,94,100,104,106,109,110,241,243,116,117,246,120,249,122,251,253,254
257,135,10,138,266,140,271,16,275,276,277,158,32,163,292,44,51,58,68,71,73,329,205,207,81,210,84,86,87,88,89,215,91,98,231,106,109,239,243,116,246,249,251
256,263,264,267,269,273,274,276,281,283,284,158,32,163,168,44,51,68,69,71,72,205,79,208,81,210,86,87,88,89,215,98,99,106,109,241,243,116,247,249,253,254
256,257,258,259,260,4,262,7,267,269,284,158,287,32,168,297,51,315,194,68,71,72,79,81,210,213,86,87,88,89,121,100,230,104,106,109,116,245,247,248,249,122,253
256,257,8,267,269,274,21,22,23,283,158,32,163,166,168,51,187,315,60,319,323,68,71,72,76,77,80,81,210,213,86,87,88,89,99,109,244,245,116,249,253,254
135,7,10,267,11,138,266,16,275,276,158,32,51,319,194,68,70,71,73,202,74,329,81,210,84,213,86,87,216,88,89,91,99,106,109,239,116,246,121,251,253,126,255
261,7,277,155,158,163,44,179,51,54,188,61,189,194,68,325,70,71,79,81,83,85,86,87,88,92,93,97,228,232,105,106,234,109,110,116,117,244,120,121,250
2,266,10,138,277,158,167,168,43,173,51,53,313,189,68,69,70,199,71,201,79,207,81,86,87,88,217,95,249,231,106,109,110,243,116,246,121,251
256,264,10,138,269,270,273,274,281,26,283,282,158,32,163,51,313,191,68,69,198,77,205,208,81,210,85,86,87,88,89,92,98,106,109,243,116,117,246,249,252,253,254
256,259,263,135,10,138,268,272,275,158,31,32,163,44,51,58,66,323,68,71,73,74,202,205,81,210,84,86,87,88,89,215,91,92,98,99,102,109,116,246,251,124,253
257,262,264,10,138,271,16,18,275,276,277,24,156,158,32,163,292,303,51,68,71,73,329,205,81,210,84,86,87,88,89,98,231,106,109,239,243,116,246,249,250,251
257,261,7,264,269,273,274,277,281,283,155,158,32,163,51,313,194,68,69,70,71,75,79,81,85,86,87,88,89,249,122,106,109,241,243,116,117,121,250,251,253,254
261,264,269,273,274,277,281,283,158,32,163,168,43,51,54,313,58,68,69,198,71,205,80,81,210,83,85,86,87,88,89,215,91,92,96,98,105,109,243,116,117,246,249,253
257,135,10,138,140,266,271,16,275,276,158,32,163,51,58,68,71,73,329,74,202,77,205,81,210,84,85,86,87,88,89,215,91,94,98,231,237,109,239,243,116,246,251
261,263,264,268,269,271,273,20,277,281,283,157,158,32,163,51,313,68,69,75,204,81,210,86,87,88,89,106,234,109,124,241,242,243,114,117,116,118,249,251,252,253,254
256,259,263,264,267,269,273,274,22,281,283,158,32,163,42,47,307,51,186,187,68,69,71,72,330,77,205,208,81,210,86,87,88,89,106,109,241,243,244,245,116,249,252,253,254
256,262,263,7,135,267,269,273,274,281,283,155,158,32,168,51,195,68,69,71,72,76,77,206,79,208,81,86,87,88,92,100,106,109,112,241,114,243,115,117,116,122,253,254
264,266,269,273,274,277,281,283,158,32,43,44,306,51,313,68,69,73,205,81,210,85,86,87,88,89,215,94,98,106,109,110,243,116,117,249,251,253,254
256,261,263,264,135,269,273,274,281,283,158,32,163,51,313,58,196,69,68,71,81,85,86,87,88,89,92,97,99,100,106,109,241,243,116,117,118,249,252,253,254
135,10,138,140,269,271,16,275,276,158,32,163,292,303,51,58,68,71,73,74,329,205,81,210,84,86,87,88,89,215,91,98,231,106,237,109,239,243,116,246,247,120,251
257,135,10,266,140,138,267,271,16,275,158,32,163,44,46,51,58,68,71,73,329,74,205,81,210,84,213,86,87,88,89,215,91,98,231,106,237,109,239,243,116,246,249,251
2,265,266,269,274,283,284,158,32,289,163,51,58,66,68,69,70,71,199,201,73,72,205,80,81,210,84,86,87,88,217,90,89,98,227,106,109,116,119,248,121,251,253
261,274,277,158,32,163,44,51,58,68,69,71,75,203,205,81,82,83,210,85,84,86,87,88,89,215,92,94,95,97,98,104,105,106,109,114,115,243,117,116,120,250
256,8,267,269,17,274,22,23,283,158,32,163,166,47,51,55,315,187,192,68,71,72,202,76,77,205,208,81,210,84,86,87,88,89,92,98,99,105,109,244,116,249,253,254
2,264,266,269,274,277,283,158,32,163,167,44,51,313,58,189,68,69,199,71,201,205,81,210,86,87,88,89,215,98,249,231,106,107,109,242,243,116,121,251,253,255
256,257,258,260,261,262,5,264,10,267,270,158,32,34,163,51,312,58,318,322,68,71,205,81,210,213,86,87,88,89,98,229,250,109,243,116,245,246,248,249,122,251
261,273,277,278,284,158,32,163,301,51,54,58,68,71,75,205,81,82,83,210,85,86,87,88,89,215,92,94,95,97,98,104,105,109,114,115,116,117,120,250,253,255
261,267,277,278,284,285,158,32,163,51,58,68,71,203,205,80,209,81,83,210,85,86,215,87,88,90,89,92,97,98,105,106,235,109,110,111,112,114,115,116,117,255
261,264,269,273,274,277,281,26,283,158,32,163,43,306,51,313,58,68,69,71,205,81,210,83,84,85,86,87,88,89,215,92,98,106,107,109,243,116,117,246,249,253,254
256,263,265,269,274,281,283,284,158,32,163,51,58,68,69,71,72,76,77,205,79,81,210,84,86,87,88,89,90,98,227,100,106,107,109,241,243,116,119,252,253,254
256,257,258,260,262,267,269,283,158,32,34,163,44,51,310,312,58,318,322,324,69,68,71,205,81,210,213,86,87,88,89,215,98,229,106,109,243,116,245,246,248,249,122,251
261,7,264,269,271,273,274,18,277,281,283,158,163,51,318,194,67,324,69,68,70,200,71,75,81,84,86,87,88,92,96,121,106,109,243,116,246,249,251,253
256,257,258,260,262,267,271,16,22,158,32,34,163,51,312,58,315,318,322,68,71,200,72,73,205,81,210,213,86,87,88,89,225,98,229,230,109,243,116,245,248,249,251,253
256,257,258,260,262,10,267,269,275,150,158,32,163,51,312,58,318,322,324,68,71,73,75,76,205,81,210,213,86,87,88,89,215,98,229,109,243,116,245,246,248,249,122,251
256,257,258,260,262,267,269,13,274,22,283,158,30,288,32,34,35,37,44,45,51,52,312,318,64,322,324,69,199,200,201,81,87,88,89,93,109,243,245,246,119,248,249,251
135,7,10,138,267,16,275,276,155,158,303,51,194,195,68,70,71,73,74,202,329,206,81,84,86,119,216,87,88,91,102,231,106,237,109,239,115,116,246,247,121,122,251
135,10,267,140,138,16,275,276,158,32,163,292,44,303,51,58,68,71,73,74,329,202,205,81,210,84,86,87,216,88,89,91,215,98,231,106,107,237,109,239,116,246,247,251
261,264,269,271,273,18,274,277,158,32,163,168,43,51,67,68,69,71,200,75,205,80,209,81,210,212,85,86,87,88,89,92,96,249,106,109,110,243,116,117,246,121,250,253
256,257,258,131,260,262,267,158,287,288,32,34,163,44,51,312,58,318,322,68,71,73,205,81,210,213,86,87,88,89,215,98,229,106,109,243,115,245,116,248,249,122,251
261,262,264,269,273,274,277,281,283,158,32,163,44,51,313,58,193,196,69,68,71,75,205,81,210,83,85,86,87,88,89,215,92,98,105,106,109,243,115,117,116,249,253,254
256,8,267,269,17,274,23,281,27,283,158,32,161,163,166,295,44,51,58,315,319,68,69,70,71,205,81,210,86,87,88,89,215,98,99,106,109,243,244,245,116,249,253,254
256,257,258,260,262,267,158,288,32,34,163,41,44,51,310,312,58,315,318,322,324,68,71,328,205,81,210,213,86,87,88,89,215,91,98,229,109,116,245,248,249,122
257,135,10,138,267,140,271,16,275,276,158,32,163,44,51,311,58,68,71,73,329,74,205,81,209,210,84,86,87,88,89,215,91,98,231,106,237,109,239,243,116,246,249,251
256,257,258,260,261,262,264,267,269,274,275,276,281,283,158,32,163,44,51,58,66,68,69,71,205,81,210,86,87,88,89,215,98,106,107,109,243,116,245,248,249,253,254
256,257,258,131,260,262,264,267,158,288,32,34,163,51,312,58,318,322,68,71,73,205,81,210,213,86,87,88,89,215,96,98,229,109,243,116,245,246,248,249,122,251,252
256,257,261,262,7,264,267,269,273,274,281,283,155,158,32,163,169,306,51,313,188,189,194,68,69,70,71,79,81,86,87,88,89,121,106,109,243,116,246,248,249,253,254
256,257,258,260,261,262,7,267,269,275,155,158,288,32,34,163,51,318,194,68,70,71,73,79,81,213,86,87,88,89,121,229,105,106,109,243,116,245,246,248,249,251,253
256,263,264,267,11,269,271,273,274,281,283,158,32,163,42,51,313,314,68,69,71,205,208,81,210,84,85,86,87,88,89,98,106,109,241,243,116,117,249,252,253,254
1,261,7,264,266,269,270,273,277,281,283,158,32,41,43,51,194,68,69,71,79,81,210,86,87,88,89,94,121,106,234,109,110,243,116,117,246,249,122,251,253,254
256,263,264,269,273,274,276,277,281,283,158,32,51,68,69,71,75,205,79,80,81,210,84,86,87,88,89,91,97,98,100,101,106,109,110,241,243,116,117,246,249,253,254,255
259,263,268,272,274,276,284,158,31,32,163,48,51,58,65,66,68,71,72,74,205,79,80,81,210,211,84,86,87,88,89,247,92,99,106,109,116,125,246,119,253
261,7,264,266,269,273,274,276,277,281,283,158,32,163,39,306,51,313,188,189,194,68,69,70,71,79,81,86,87,88,223,121,106,109,241,243,116,117,246,249,251,253,254
257,135,7,10,138,140,266,271,16,275,276,277,158,32,168,51,311,313,194,68,71,73,329,74,81,210,84,86,87,88,89,91,93,231,106,237,109,239,243,116,246,121,251
256,261,263,264,7,9,267,12,269,271,273,274,276,281,283,156,158,32,42,51,187,65,68,69,71,72,76,77,79,81,86,87,88,106,109,243,244,117,245,116,249,253,254
256,261,269,274,146,277,278,158,32,163,166,178,51,58,195,68,69,71,205,81,210,83,85,86,87,88,89,90,215,92,95,97,98,100,232,105,109,114,115,116,117,120,250,253
256,257,258,261,262,266,267,269,271,275,277,158,32,163,44,51,58,68,69,71,73,205,81,210,213,86,87,88,89,215,98,249,106,107,109,243,116,117,246,248,121,122,251
256,257,7,8,267,269,17,274,276,23,283,158,32,163,166,40,51,315,194,323,68,70,71,72,202,77,205,81,210,84,86,87,88,89,121,99,100,106,109,244,245,116,249,253
264,269,273,274,281,26,283,158,32,163,43,44,46,306,51,313,314,58,316,191,68,69,327,71,205,79,81,210,85,86,87,88,89,215,98,106,109,243,116,246,249,253,254
7,264,11,269,273,274,281,26,283,158,32,168,43,306,51,313,191,194,68,69,198,70,71,79,81,210,85,86,87,88,89,92,121,106,109,110,243,116,246,249,253,254
256,261,263,135,10,267,271,275,277,278,158,32,288,163,44,51,58,68,71,73,205,81,210,86,87,88,89,215,92,98,100,104,109,114,243,115,117,246,116,251,253
256,8,265,267,11,269,17,274,275,276,21,22,23,283,158,32,163,166,178,51,187,188,323,68,71,72,73,202,77,81,210,214,86,87,88,89,99,109,244,245,246,116,253
256,258,263,264,11,268,269,273,274,281,283,158,32,163,51,313,68,69,71,75,205,79,80,81,210,84,85,86,87,88,89,92,98,99,105,106,109,241,242,243,116,117,253,254
256,261,7,264,267,269,271,143,274,277,155,158,163,51,194,68,69,70,71,75,79,81,83,85,86,87,88,89,92,121,106,234,109,243,116,117,246,120,249,250,251,253
256,133,261,263,264,7,269,273,274,281,26,283,158,32,163,168,170,51,194,68,69,70,71,79,81,210,86,87,88,89,218,92,121,106,109,110,243,116,117,246,249,253,254
256,263,264,7,9,269,274,276,23,281,283,158,32,42,51,187,194,323,68,71,72,76,77,79,208,81,210,214,86,87,88,89,106,109,110,241,116,121,122,253,254
261,273,274,277,283,158,32,166,51,313,193,196,69,68,71,75,80,209,81,83,84,85,86,215,87,88,89,91,92,95,97,98,105,106,107,109,114,115,116,117,250,253
261,263,269,273,274,277,281,283,158,32,168,44,51,196,69,68,71,75,80,81,83,84,85,86,87,88,89,92,97,98,105,106,109,112,115,116,117,120,253
256,8,267,269,273,274,17,23,281,154,283,158,32,163,166,44,51,55,58,315,68,69,71,72,205,80,81,210,84,85,86,87,88,89,215,98,99,105,106,109,244,116,249,253,254
256,264,269,273,274,276,277,281,283,158,32,163,168,48,306,51,179,313,58,68,69,71,205,80,81,210,86,87,88,89,92,98,106,109,241,243,116,246,249,251,252,253,254
259,135,10,138,266,140,271,16,275,276,158,32,163,292,44,51,311,58,68,69,71,73,329,205,81,210,84,86,87,88,89,215,91,98,231,107,237,109,239,243,116,246,249,251
257,135,10,138,271,16,275,284,158,32,163,292,44,303,51,58,68,71,73,329,74,202,205,81,210,84,86,87,88,89,215,91,98,231,106,237,109,239,243,116,246,249,251,255
261,264,277,158,32,163,44,51,54,313,58,68,69,71,75,203,205,81,210,83,85,86,87,88,89,215,92,94,95,97,98,105,109,114,115,243,117,116,120,250
261,264,268,274,277,158,32,163,43,44,51,54,313,58,68,69,71,203,75,205,81,210,83,85,86,87,88,89,215,91,92,224,98,106,234,109,243,116,117,120,121,250,253
259,135,10,138,270,271,16,275,277,26,282,158,32,163,292,51,311,68,69,71,73,329,202,205,81,210,84,86,87,88,89,91,231,106,108,109,239,114,243,116,117,246,249,251
261,7,264,269,273,18,277,283,158,32,168,43,51,194,67,68,69,71,200,75,81,85,86,87,88,92,94,96,121,106,109,243,115,117,246,116,249,250,251,253
257,135,10,138,271,16,275,158,32,163,292,303,51,311,58,68,71,200,73,329,202,74,205,78,81,210,84,86,87,88,89,215,91,98,231,237,109,239,243,116,246,249,251
261,7,264,266,269,274,277,281,283,158,32,168,51,313,189,194,68,69,70,199,71,79,81,210,86,87,88,89,249,231,106,234,109,243,116,246,121,251,253,254
256,257,258,261,262,7,267,269,273,274,276,281,283,155,158,32,163,51,194,68,69,70,71,79,81,213,86,87,88,89,119,121,106,109,243,116,117,246,245,248,249,251,253,254
256,264,269,271,273,274,279,281,26,283,158,32,163,44,306,51,313,58,316,68,69,71,205,79,81,210,84,85,86,87,88,89,215,92,98,106,109,243,116,246,119,249,253,254
261,269,273,274,277,283,158,32,163,44,51,58,68,69,71,75,205,209,81,83,210,85,86,87,88,89,215,91,92,95,97,98,231,105,106,109,114,115,116,117,120,250,253
261,7,264,269,270,271,273,18,277,283,155,158,163,51,194,67,68,69,70,71,78,79,81,82,86,87,88,96,121,106,109,110,111,243,116,117,246,249,251,253,254
263,264,269,271,15,273,17,277,21,281,283,158,32,163,43,51,313,58,68,69,198,71,205,81,210,86,87,88,89,224,98,106,234,109,241,243,116,117,249,251,252,253,254
261,7,264,263,266,269,273,274,277,281,283,158,32,43,51,313,194,68,69,70,199,71,79,81,210,85,86,87,88,89,249,106,107,109,243,116,246,121,251,253,254
256,7,8,9,11,267,269,274,281,283,158,32,163,42,47,51,187,194,323,68,326,70,72,71,76,77,79,208,81,214,86,87,88,92,95,106,109,244,116,121,253,254
264,269,273,274,277,281,26,283,158,32,163,166,45,174,306,51,313,314,316,191,68,69,327,71,205,81,210,85,86,87,88,89,92,98,106,107,109,243,116,117,249,253,254
261,264,269,273,274,277,281,158,32,163,43,44,51,54,313,58,68,69,71,75,203,205,81,210,83,85,86,87,88,89,215,92,95,97,98,105,106,109,115,116,117,249,250
264,269,270,271,273,274,18,277,281,283,158,32,163,44,51,56,58,67,68,69,71,205,80,81,210,85,86,87,88,89,215,92,96,98,106,109,243,116,246,249,251,253,254
261,264,266,269,273,274,277,281,283,158,160,32,163,51,313,58,191,68,69,71,75,205,81,210,83,85,213,86,87,88,89,92,105,106,109,243,115,117,116,120,249,250,253
257,130,5,261,7,264,267,269,271,144,275,283,155,158,51,188,194,68,69,70,71,73,79,81,86,87,88,89,121,98,106,109,241,243,116,117,246,248,249,251,252,253,254,127
2,264,266,277,280,158,167,168,173,51,53,189,68,69,70,199,71,201,73,207,81,86,87,88,217,249,231,106,109,110,239,243,116,246,119,121,251
259,264,269,270,273,274,277,281,26,283,282,158,32,163,43,306,51,313,59,191,68,69,198,71,205,81,210,85,86,87,88,89,92,106,108,109,110,243,116,117,246,249,251,253
135,264,10,138,267,269,271,16,275,276,158,32,163,44,46,51,58,68,69,71,73,329,205,81,210,84,86,87,88,89,215,91,98,231,106,109,239,243,116,246,249,251,253
135,7,10,138,266,268,16,275,26,158,32,163,292,51,311,58,68,71,73,329,202,205,80,81,210,84,86,87,216,88,89,91,98,231,106,237,109,239,243,116,246,249,251
256,263,267,269,274,283,284,158,32,290,166,168,174,51,323,195,68,72,202,205,81,210,211,84,85,86,87,88,89,91,92,94,98,100,103,105,106,107,109,115,116,119,249,253
135,10,138,140,266,268,16,275,276,280,26,158,32,292,51,311,187,194,68,73,329,202,205,81,210,84,86,87,215,88,89,91,231,237,109,239,242,243,116,246,119,251
256,7,8,267,11,269,274,275,276,23,283,155,158,32,163,166,40,51,58,194,323,68,70,71,73,202,77,79,81,84,86,87,88,89,99,106,237,109,243,244,116,246,121,251,253
256,7,264,269,144,273,274,281,283,158,32,41,51,180,55,188,194,323,68,69,70,71,72,79,208,81,85,86,87,88,92,95,121,105,106,109,110,112,243,116,244,246,249,251,253
259,263,265,268,272,276,284,158,31,32,163,48,51,58,66,323,68,71,72,74,205,81,210,211,84,86,87,88,89,90,98,99,100,232,109,116,119,253,124,125
256,264,11,269,273,274,277,281,26,283,158,32,163,44,306,51,313,58,316,191,68,69,71,205,79,81,210,85,86,87,88,89,215,92,98,106,109,243,116,117,246,249,253,254
256,7,264,9,269,273,274,277,281,283,158,32,168,51,313,316,194,68,69,71,75,79,81,86,87,88,89,90,121,99,106,109,241,243,116,117,246,247,249,251,252,253,254
261,264,10,269,275,277,281,26,283,158,32,163,51,313,58,68,69,71,73,202,329,205,81,210,84,213,86,87,88,89,215,98,249,106,109,243,116,246,121,251,253,126
261,263,264,266,277,158,32,163,43,44,51,54,313,185,58,193,68,69,71,75,203,205,81,210,83,85,86,87,88,89,215,92,94,95,96,97,98,105,106,109,115,116,117,250
135,7,10,138,268,266,16,275,276,158,32,46,51,194,323,68,71,73,74,202,329,81,84,86,87,216,88,89,91,102,231,106,237,109,239,116,246,247,251
256,263,264,267,269,274,276,280,281,283,155,158,32,168,51,182,323,195,69,72,74,76,205,206,81,210,84,87,88,89,91,92,98,99,100,106,109,243,115,117,248,122,253,254
263,135,7,267,268,270,275,276,277,280,282,158,163,51,194,68,70,71,72,73,74,76,77,81,84,86,119,87,88,91,100,102,103,106,237,109,242,116,117,246,247,121,251,253
263,7,268,272,274,155,284,158,31,163,48,51,313,66,194,68,69,70,71,74,79,209,81,211,86,87,88,89,90,92,95,99,100,106,109,114,115,116,121,253,255
256,261,269,274,277,23,283,158,32,168,51,187,62,196,68,326,71,202,76,205,77,208,209,82,83,80,85,81,210,86,87,88,89,92,98,105,109,114,115,116,117,253
256,8,267,269,17,274,273,23,283,158,32,163,166,168,44,51,55,68,69,71,76,77,205,81,210,84,86,215,87,88,89,92,98,99,100,109,243,244,245,246,116,249,126,253,254
128,257,258,261,269,277,278,283,158,32,163,51,313,58,196,69,68,71,75,205,209,81,83,210,85,86,87,88,89,92,93,95,98,105,109,112,114,115,116,117,120,250,253
261,7,264,10,270,273,274,277,281,283,28,158,32,168,51,313,188,194,68,69,71,75,79,81,210,85,86,87,88,89,95,121,106,109,243,116,117,120,249,250,251,253
256,261,7,264,10,141,277,26,155,158,163,43,51,194,68,69,70,71,73,329,77,81,85,86,87,88,92,94,121,98,231,106,109,110,113,243,116,117,246,249,251
5,261,263,264,267,269,142,271,273,274,276,281,283,158,32,163,51,58,68,69,71,205,79,81,210,212,86,87,88,89,95,98,100,106,109,241,243,116,117,249,251,252,253,254,127
256,8,267,269,142,274,275,20,21,23,283,157,158,32,36,166,168,178,51,187,188,323,68,71,72,202,77,81,86,87,88,119,99,109,114,244,245,116,118,253,254
256,261,263,264,269,142,273,274,147,20,281,283,157,158,32,168,306,51,308,68,69,330,79,80,81,210,86,87,88,89,106,109,110,241,243,244,117,116,118,249,252,253,254
135,7,10,138,140,266,270,16,275,276,282,158,163,292,303,51,311,194,68,70,71,73,74,329,75,81,84,86,87,88,91,231,106,237,109,239,243,116,117,246,121,251
135,138,10,266,140,16,275,158,32,163,292,44,303,51,311,58,68,71,73,329,205,81,210,84,213,86,87,88,89,215,91,121,98,231,106,237,109,239,243,244,116,246,249,251
263,265,266,267,269,274,146,276,281,283,284,158,32,163,44,51,68,69,72,73,74,205,81,210,84,86,119,87,88,89,215,91,98,227,100,106,109,241,243,116,247,252,253,254
256,257,8,267,269,274,276,21,23,283,27,158,32,163,166,40,44,51,58,315,68,71,72,77,205,81,210,84,86,87,88,89,215,98,99,100,106,109,244,245,116,249,253,254
128,258,259,261,277,278,285,158,32,163,51,180,54,58,193,196,69,68,71,203,205,81,210,83,85,86,215,87,88,89,92,97,98,105,106,108,109,114,115,243,117,116,120,250
256,261,7,265,269,144,18,274,277,283,155,158,163,51,180,194,67,68,69,70,71,81,84,85,86,87,88,92,96,105,106,109,112,114,115,116,117,119,121,253,254
264,269,273,274,276,277,281,283,158,32,163,306,51,309,313,314,58,60,191,68,69,71,330,205,80,81,210,85,86,87,88,89,92,98,106,109,243,116,246,249,252,253,254
256,257,135,8,7,267,269,274,23,283,155,158,32,163,166,40,51,55,315,188,194,323,68,70,71,73,202,77,205,81,210,84,86,87,88,89,121,99,106,237,109,244,245,116,249
264,266,269,272,273,274,277,281,26,283,158,32,163,168,43,51,313,58,68,69,71,74,205,81,210,86,87,88,89,98,249,106,109,241,243,116,117,246,120,121,251,253,254
256,257,266,267,269,274,22,23,283,158,32,163,42,51,187,323,68,69,71,199,201,202,205,208,81,210,84,86,87,88,89,92,106,109,243,116,246,249,252,253,254
256,263,264,269,273,274,276,281,26,283,153,158,32,163,51,182,313,58,68,69,71,73,205,81,210,84,85,86,87,88,89,215,91,98,106,109,241,243,116,246,249,251,253
261,264,266,268,269,273,274,277,281,283,158,32,163,178,51,313,58,68,69,71,205,81,210,85,86,87,88,89,215,98,106,109,241,242,243,116,117,246,249,251,253,254
256,263,264,268,269,273,274,281,283,158,32,163,39,51,313,58,66,68,69,71,205,81,210,85,86,87,88,89,92,98,106,109,241,242,243,116,117,249,252,253,254
1,263,264,137,267,268,269,276,280,281,283,284,158,32,163,51,68,69,71,72,75,205,79,81,210,84,86,119,87,88,89,94,99,100,101,106,107,109,243,116,247,253,254
261,263,264,7,266,271,274,277,155,158,32,163,51,58,194,68,69,70,71,200,73,79,81,210,86,87,88,89,92,249,106,109,110,243,116,117,246,120,121,251,253
261,263,269,274,277,278,281,283,158,32,163,168,51,191,68,71,205,80,81,210,83,85,213,87,86,88,90,89,92,98,105,106,109,112,114,115,243,117,116,120,253,254
261,264,266,269,273,277,281,283,158,32,163,43,44,51,313,68,69,71,205,80,81,210,84,86,87,88,89,215,98,249,106,109,110,243,116,117,246,248,121,251,253,254
7,141,142,144,146,147,149,155,156,157,158,160,161,292,293,164,167,36,169,298,171,173,301,302,304,177,306,305,179,309,308,311,184,180,181,51,330,208,87,175
2,135,142,143,144,146,147,148,149,18,151,154,155,157,158,160,161,32,163,293,294,295,296,166,298,299,167,172,173,175,176,306,179,180,181,309,183,184,51,204,87
142,144,146,147,148,149,154,155,156,158,159,160,162,293,294,166,296,167,298,171,172,174,175,304,305,306,179,308,180,182,185,193,330,203,83,212,85,87,92,95,114
141,142,144,147,148,149,153,154,156,158,159,160,292,293,294,167,296,166,170,171,172,299,174,301,175,305,306,179,308,177,303,311,307,310,184,330
141,142,144,147,148,149,150,153,154,155,156,157,158,160,161,293,294,166,296,169,167,299,172,171,174,170,175,305,306,177,307,179,180,187,330
5,141,144,272,146,147,148,149,150,152,153,155,158,160,161,293,294,296,170,299,300,172,174,175,305,306,307,308,177,178,179,184,180,51,330,87,98
135,10,138,142,144,147,148,149,154,155,156,158,160,292,293,166,167,170,171,172,174,303,175,306,179,180,309,51,311,310,184,73,329,202,84,87,216,91,231,237,246,251
142,271,144,147,148,155,156,157,158,160,161,292,293,295,296,167,298,299,172,171,170,303,174,177,306,179,175,309,310,311,180,51,184,323,200,330,87,246
141,143,16,145,146,147,148,149,144,22,151,150,152,155,156,158,159,32,160,163,165,295,296,169,297,299,168,42,302,304,305,178,307,308,309,306,51,184,180,182,187,71,330,208,87
135,7,10,138,144,16,147,26,155,156,157,158,160,161,163,292,293,167,297,172,173,302,303,175,177,306,179,180,309,310,311,181,51,194,329,73,81,87,231,239,246,251
141,142,144,147,148,149,154,155,158,160,161,292,293,166,167,296,298,299,172,170,174,303,175,177,306,305,308,309,307,311,183,310,179,181,180,184,330,87
141,142,144,273,147,148,154,155,156,157,158,160,161,32,163,292,293,294,166,296,167,298,299,172,173,175,305,306,179,180,309,181,311,183,51,58,330,210,87,118
266,141,142,143,144,16,146,147,149,281,155,156,157,158,160,161,163,293,167,296,169,39,168,172,175,304,305,306,179,307,181,308,177,178,180,51,190,330,87,88,118
141,142,144,146,147,148,149,154,155,156,158,159,160,161,293,294,167,296,169,298,299,166,297,172,175,176,305,306,178,180,309,179,184,330,87,88
141,142,144,146,147,148,154,155,156,157,158,160,161,292,293,294,295,296,169,166,299,167,170,174,172,175,305,306,307,308,178,309,179,184,310,180,330
5,141,142,144,146,147,148,154,155,156,157,158,160,161,292,293,167,296,169,168,299,170,172,173,303,300,305,306,177,178,309,181,183,311,307,179,180,330,87,175
142,143,144,145,146,147,148,149,153,154,155,156,284,157,158,160,161,293,294,167,296,169,166,299,297,172,302,301,176,173,178,175,174,179,180,181,184,87,108
4,141,142,143,144,145,146,147,148,149,155,156,158,159,160,161,294,295,296,169,298,299,297,170,172,174,176,175,178,179,180,309,54,310,184,92,105
142,143,144,145,146,147,148,149,16,150,151,152,22,155,284,156,28,158,160,161,159,163,165,294,295,168,169,299,173,302,175,176,178,51,180,179,182,184,66,72,73,87,108
141,144,146,147,148,149,150,151,152,153,154,155,158,159,160,161,293,294,166,296,169,298,299,172,167,302,174,176,305,306,178,175,309,177,183,184,179,180,87
142,144,16,147,148,149,154,155,156,157,158,160,163,294,295,296,168,298,299,171,170,172,173,174,175,178,179,306,309,307,180,184,181,310,51,196,330,83,87,92,105,115
141,142,144,147,148,155,156,158,160,161,292,293,166,167,296,295,170,299,172,302,303,174,177,306,305,308,309,307,183,184,179,180,310,200,330,175
128,142,144,147,148,277,149,154,155,158,160,292,293,164,166,296,167,170,171,172,299,174,175,303,305,306,179,180,51,54,310,184,313,185,193,325,83,85,87,92,97
135,140,141,13,145,150,151,152,22,156,30,158,32,159,35,292,165,294,167,295,169,297,37,300,168,44,303,304,177,174,175,308,309,179,311,184,52,199,73,330,88,89,237,251
3,141,143,144,147,150,151,152,154,155,158,159,160,161,162,34,164,293,294,163,296,32,165,171,172,299,168,43,175,305,306,179,51,180,185,83,87,92,105,111,112
142,144,146,147,148,149,153,154,155,284,156,158,159,160,161,293,294,166,296,167,298,299,171,172,302,174,176,305,306,178,175,309,179,183,184,180,51,182,87
135,141,142,144,147,148,149,154,155,156,158,160,161,292,293,294,167,296,166,170,299,172,174,303,175,177,305,306,308,307,179,309,181,180,310,184,330,87
7,143,144,145,146,147,148,155,156,157,158,160,161,163,293,294,167,296,169,297,172,173,302,303,304,177,175,178,179,309,180,181,184,51,194,71,330,87,88
2,141,144,146,147,149,151,155,157,158,159,160,161,292,293,294,167,296,298,299,172,174,175,304,305,306,177,180,309,308,179,51,307,184,181,330,87
141,142,144,16,147,148,150,151,152,154,155,156,158,159,292,293,294,167,165,166,298,168,172,303,304,305,306,177,308,309,179,311,184,307,51,180,182,186,330,81,87,231,175
2,7,142,144,146,147,148,149,155,156,157,158,160,161,164,293,294,295,296,169,38,299,167,298,302,173,176,175,178,179,180,181,51,307,184,61,330,87,93,94
5,141,142,144,147,148,149,150,154,155,156,158,160,292,293,166,167,296,169,298,299,172,300,174,170,175,177,305,306,308,307,179,309,184,180,51,310,330,87,303
51,141,142,144,146,147,148,149,155,156,157,158,160,161,32,292,293,167,296,297,298,171,172,299,174,170,173,305,306,179,308,177,175,183,311,178,180,181,310,330,87,88
135,10,138,144,147,148,149,153,26,154,156,155,158,160,292,293,294,167,166,171,172,174,303,175,177,306,179,307,309,310,311,180,308,51,184,73,329,330,87,231,239,243,246,251
129,7,141,142,144,146,147,148,149,155,156,157,158,160,161,32,294,167,296,169,299,172,173,302,175,305,178,307,308,309,180,179,184,181,51,311,330,87,112
7,142,144,146,147,148,149,153,154,155,156,284,157,158,160,161,32,163,293,294,166,296,167,298,299,172,173,302,175,176,305,179,180,309,181,183,184,51,58,194,87,108
144,147,148,154,155,157,158,160,161,162,32,164,293,292,163,296,166,167,171,172,301,173,175,305,306,179,180,51,310,181,185,58,193,330,210,83,85,87,92,105,115
142,146,147,148,149,150,151,154,156,158,159,162,293,165,296,168,171,299,172,175,306,179,178,50,51,184,61,193,321,196,203,209,83,212,85,87,92,95,105,114,115
7,141,144,146,147,148,149,155,156,157,158,159,160,161,163,293,294,167,296,169,298,299,172,173,175,304,305,178,306,180,179,181,51,184,194,330,87,110,112
141,144,147,148,149,153,154,155,156,157,158,160,161,292,293,166,295,296,297,167,171,299,170,172,303,301,177,306,305,179,309,310,311,175,180,51,318,324,330,87,174,249
4,141,142,144,146,147,148,149,150,151,152,155,158,159,160,293,294,295,296,165,170,299,167,168,302,172,175,306,307,308,309,178,179,184,51,182,62,330,211,87,99
141,142,144,146,147,148,149,153,154,155,156,158,32,161,160,164,293,166,167,296,169,298,299,171,172,174,175,304,305,306,307,178,309,179,180,184,51,187,330,87
142,143,144,146,147,148,149,155,156,158,159,160,161,293,294,295,296,297,298,299,170,172,302,174,304,175,306,307,178,309,179,180,184,51,310,330,87,88
5,141,142,144,147,148,149,150,154,155,156,158,160,161,292,293,164,166,296,295,167,170,172,174,175,303,305,306,177,308,307,309,183,179,310,180,184,330,87
128,129,130,131,132,133,134,135,136,138,10,140,139,16,275,26,286,288,290,291,292,303,311,199,329,73,202,81,84,213,216,231,123,237,239,246,122,251,124,126,127
128,129,130,131,132,133,134,135,136,137,138,139,140,144,23,284,285,286,287,288,289,290,176,52,180,55,57,58,64,66,204,205,122,123,124,125,126,127
128,129,130,131,132,133,134,135,136,138,139,140,19,285,286,288,289,290,291,44,313,193,321,195,196,203,209,210,83,85,90,92,223,105,115,117,122,123,124,126,127
128,129,130,131,132,133,134,135,136,137,138,10,140,139,16,286,287,288,290,291,292,36,303,311,323,329,202,73,216,219,231,123,237,239,246,122,251,124,126,127
128,129,130,131,132,133,134,135,136,138,10,140,139,16,275,285,286,288,289,290,291,292,303,311,73,329,202,81,84,216,91,231,123,237,239,246,122,251,125,126,127
256,128,130,131,132,133,135,8,137,138,139,140,136,17,21,23,27,287,289,161,164,40,44,178,55,57,315,187,192,323,196,204,205,219,92,244,122,123,127
128,129,130,131,132,5,133,135,134,137,138,139,267,140,136,145,23,285,286,287,288,289,290,40,55,323,328,230,236,122,123,124,125,126,127
128,129,130,131,132,5,133,135,134,136,138,139,140,274,26,284,285,286,160,289,288,161,290,43,55,313,316,191,196,69,75,76,205,85,227,125,122,123,253,127
128,129,130,131,132,133,134,135,8,136,138,139,140,13,17,23,151,285,286,287,288,290,44,55,57,186,58,315,63,64,192,197,72,204,205,208,102,122,123,124,125,126,127
256,128,130,129,131,132,133,135,134,136,11,139,140,23,283,285,286,287,32,289,288,290,291,40,42,47,55,315,187,192,323,201,208,214,95,122,123,124,126,127
128,129,130,131,132,133,134,135,8,136,138,11,139,140,17,21,23,285,286,287,288,290,291,40,42,44,47,49,55,57,315,192,323,77,219,236,244,122,123,125,126,127
128,129,130,131,132,133,134,135,136,138,10,140,139,16,275,151,286,288,290,291,292,165,303,50,73,329,202,81,84,213,216,91,219,231,123,237,239,246,122,251,126,127
128,129,130,131,132,133,134,135,136,139,140,19,285,286,287,288,289,290,291,39,47,176,55,66,196,213,219,118,122,123,124,125,126,127
128,129,130,131,132,133,134,135,136,138,139,140,273,281,283,285,286,288,289,32,290,39,308,313,316,196,69,220,241,125,122,123,253,126,127
128,129,130,131,132,133,134,135,136,137,138,139,140,285,286,287,288,289,290,291,176,55,196,219,122,123,124,125,126,127
128,129,130,131,132,261,133,134,135,136,138,139,140,19,277,285,286,288,289,290,291,43,54,313,196,203,209,83,85,92,228,234,117,122,123,125,126,127
128,129,130,131,132,133,134,135,136,137,138,139,140,144,19,285,286,287,160,289,290,288,169,176,51,55,57,66,205,87,122,123,124,125,126,127
128,129,130,131,132,133,134,135,136,137,138,139,140,17,285,286,287,288,289,290,176,178,55,184,196,328,204,205,122,123,124,125,126,127
128,129,130,131,132,133,134,135,136,137,138,139,140,13,285,286,160,289,290,291,288,294,48,58,64,66,72,205,227,107,119,122,123,124,125,126,127
128,129,130,131,132,261,133,134,135,136,138,137,139,140,277,285,286,288,289,290,43,44,313,191,193,196,69,198,203,83,85,92,224,234,106,110,117,122,123,125,126,127
128,129,130,131,132,133,134,135,136,138,139,140,19,278,285,286,288,289,290,291,51,193,195,196,203,209,210,83,85,215,92,105,240,115,117,122,123,124,125,126,127
128,129,2,130,131,132,133,135,134,137,266,138,136,139,140,285,286,287,288,289,290,35,173,53,55,189,70,199,71,201,207,88,217,121,122,123,124,125,127
128,129,130,131,132,133,134,135,8,136,139,140,13,17,23,151,27,286,287,288,289,290,40,44,178,55,57,58,186,63,192,64,196,197,204,205,208,219,122,123,127
128,129,130,131,132,133,134,135,136,138,10,139,140,277,26,285,286,288,289,290,291,43,44,179,54,313,61,63,203,209,83,85,92,224,96,228,234,239,122,123,125,126,127
128,129,130,131,132,5,133,135,136,134,138,139,140,141,285,286,287,288,289,290,43,305,55,316,328,200,212,87,249,122,123,125,126,127
128,129,130,131,132,133,134,135,8,137,136,139,138,13,140,17,23,285,286,287,288,290,44,55,57,186,58,315,192,64,204,205,208,219,122,123,124,125,126,127
128,129,130,131,132,133,134,135,136,137,138,139,140,17,147,285,286,287,288,289,290,291,293,55,190,198,220,125,122,123,124,253,126,127
128,129,130,131,132,133,134,135,136,138,10,140,11,139,16,275,26,285,286,287,288,290,51,200,73,329,81,87,231,123,239,246,122,251,125,126,127
128,129,2,130,131,132,133,135,134,136,266,138,10,139,140,285,286,288,289,290,35,36,291,53,55,189,70,199,201,207,88,217,231,121,122,123,124,126,127
256,128,129,130,131,132,133,135,134,137,136,138,139,13,140,17,23,151,285,286,287,288,289,290,291,294,309,55,64,192,204,205,80,219,92,102,119,122,123,125,126,127
264,9,26,27,158,32,43,51,313,314,187,316,189,317,191,320,194,196,69,198,327,199,201,200,203,325,197,202,207,208,209,205,210,212,213,214,87,215
135,10,138,275,158,292,51,313,314,187,186,189,317,191,192,194,197,199,327,329,202,200,201,205,206,207,208,209,210,212,213,87,216,215,231,239,246,251
138,313,314,315,186,317,187,191,316,189,319,323,192,194,198,327,200,329,202,199,204,205,197,201,208,206,207,80,209,210,195,212,216,213,214,215,246
158,51,313,314,186,187,189,316,317,191,193,192,194,196,325,198,327,326,324,197,203,204,205,199,200,208,209,201,83,206,85,207,210,212,213,87,215,92,216,202
256,260,135,267,145,158,287,51,312,315,187,317,318,319,191,322,323,196,194,197,199,328,201,202,200,205,207,208,209,210,213,87,216,215,236,122
264,274,26,158,32,293,43,306,51,313,314,187,316,189,317,191,320,186,194,69,198,327,199,325,201,197,202,205,207,208,209,210,212,213,214,87,215,216
256,135,10,138,158,51,310,312,314,187,315,317,318,319,186,191,322,323,324,325,194,197,200,329,202,199,72,201,74,205,208,207,209,210,212,213,87,215,221,239,249
135,10,138,275,26,158,292,51,311,312,186,187,317,189,191,194,323,322,197,327,200,329,202,73,199,201,205,207,208,209,210,212,213,87,216,215,231,239,246,251
135,10,138,11,158,32,51,186,187,315,317,319,192,191,194,323,196,197,326,199,200,329,202,201,328,205,207,208,209,210,212,213,214,215,216,87,239,246
2,32,167,187,315,189,188,317,192,319,191,323,196,194,322,199,71,201,202,329,200,197,326,207,208,209,205,210,213,214,215,216,217,327
256,267,158,51,312,313,187,315,317,318,319,191,322,323,196,195,194,197,328,201,200,202,199,205,207,208,209,210,211,213,215,87,217,230,236,245,122
135,138,10,152,158,292,51,312,313,314,186,187,189,317,319,191,322,323,324,194,197,327,200,329,202,199,72,201,205,78,208,207,209,210,213,87,215,94,231,246
264,9,26,283,158,32,47,51,313,314,186,316,189,317,191,187,194,323,324,69,326,327,199,201,200,197,202,205,207,208,209,210,212,213,214,87,215,216,231,243
266,167,43,51,55,313,186,314,316,189,317,319,320,191,187,194,196,197,198,199,327,201,70,202,204,205,207,208,209,210,213,87,215,217,121
274,281,283,158,32,43,47,51,313,314,187,316,317,189,191,320,186,194,196,69,198,327,326,199,197,328,201,202,205,207,208,209,210,82,85,213,214,87,215,94,241
256,257,260,262,134,267,158,51,312,314,187,315,317,318,319,186,191,322,194,324,197,199,328,200,201,202,205,207,208,209,210,80,212,213,215,88,89,87,245,248,249,122
18,158,293,43,306,51,313,314,186,187,317,189,318,191,193,194,67,324,325,198,327,200,199,69,196,197,201,78,202,208,209,205,207,210,213,87,215,96
158,32,47,51,313,186,187,314,315,317,191,192,194,323,196,197,198,327,326,201,202,199,204,205,200,207,208,209,210,212,213,214,87,216,215
313,314,186,187,317,316,319,320,192,189,323,196,191,198,327,200,201,328,202,329,203,197,199,208,209,194,205,206,207,195,210,212,213,214,215,216
158,293,43,306,51,313,314,186,187,317,191,192,193,194,196,324,198,327,199,325,197,203,204,205,200,201,208,209,202,83,206,85,207,210,212,213,87,215,92,216
158,32,42,47,51,312,313,314,315,187,188,317,318,192,319,186,323,196,191,198,327,328,200,202,194,197,326,199,201,208,209,204,205,207,213,214,210,215,87
148,151,281,158,298,176,51,183,313,186,314,187,316,317,191,192,194,196,197,198,327,324,199,200,201,204,205,202,207,208,209,80,210,212,213,87,215,216
2,158,38,51,313,314,187,316,317,189,191,320,193,186,323,196,325,198,327,200,195,194,203,197,199,201,202,208,209,205,83,207,85,210,215,212,213,87,216,92
17,23,51,182,55,58,315,186,187,317,191,192,319,189,323,196,197,198,327,328,201,318,194,204,205,199,207,208,209,202,81,210,211,195,213,87,215,107
26,158,32,43,306,51,313,186,314,316,317,189,191,320,187,194,196,69,198,327,199,201,197,200,204,205,202,207,208,209,210,212,85,213,214,87,215,216
263,158,31,289,51,55,186,187,315,317,319,192,191,66,323,196,197,194,199,201,202,204,205,207,208,209,210,211,213,87,216,217,215,99
264,18,293,43,306,51,313,314,187,189,317,191,193,194,323,324,69,198,327,200,196,67,203,197,199,78,201,202,209,205,207,208,85,86,210,80,213,215,88,92,87,96,246
16,158,163,168,51,313,314,187,317,191,320,193,63,195,196,325,198,327,323,321,194,203,197,199,201,202,208,209,210,83,204,85,205,215,207,213,87,92,105,117
158,43,51,312,313,314,186,316,317,187,191,320,193,194,195,196,325,198,327,197,199,200,203,201,202,205,207,208,209,210,83,212,85,213,215,87,89,216,92,105,117
135,10,138,11,145,275,158,51,186,187,315,317,189,319,191,194,323,196,197,199,328,329,202,73,200,201,205,207,208,209,210,212,213,87,216,215,246
135,10,138,275,158,51,311,312,186,187,189,317,319,191,322,323,194,197,199,200,329,202,73,201,205,206,207,208,81,210,209,212,213,87,216,215,91,231,239,246
2,153,290,294,166,53,55,186,187,315,317,59,191,192,319,194,323,196,197,68,326,328,199,202,201,204,205,208,209,210,84,213,214,215,216,217,103,107,119
26,293,43,313,314,315,186,187,316,317,320,192,191,189,196,324,198,327,326,197,194,195,204,205,199,200,208,209,201,202,206,207,210,212,213,214,215,216
16,163,168,51,186,187,317,61,191,63,193,194,323,196,325,198,327,197,199,202,201,204,205,207,208,209,210,85,213,87,216,215,89,92,232,105,109
7,156,158,293,43,51,55,313,314,186,316,317,318,191,320,193,187,189,324,196,198,327,199,329,200,203,204,197,328,201,208,209,194,202,205,207,210,213,87,215,216,106
135,10,138,275,26,28,158,292,51,186,187,188,189,317,191,194,323,325,197,327,200,329,202,73,199,201,205,207,208,209,210,212,213,87,216,215,91,231,239,246,251
9,206,278,158,186,187,317,61,191,321,194,195,196,323,193,325,198,197,199,203,200,201,202,77,208,209,210,83,205,85,207,215,212,213,87,216,92,105,117,120
135,10,138,275,158,292,40,42,177,51,312,187,188,189,317,191,322,194,197,327,200,329,202,73,199,201,205,207,208,81,209,210,213,87,216,215,231,239,246,251
256,257,267,158,34,51,312,314,315,187,317,318,319,186,191,322,323,324,194,197,327,328,200,198,199,201,202,205,207,208,209,210,212,213,87,215,216,245,248,249,122
158,51,312,313,314,187,186,317,189,318,319,193,322,323,196,191,194,327,200,199,202,203,201,197,205,206,208,209,207,210,212,213,85,87,215,216,92
281,25,283,158,32,47,51,313,314,187,316,189,317,191,320,186,194,323,196,69,198,327,199,201,326,200,203,197,202,205,208,209,207,210,212,213,214,87,215,216
158,43,179,51,313,314,187,316,189,317,191,60,193,186,194,196,325,198,327,324,199,200,203,201,197,202,205,208,209,207,83,210,85,212,213,87,215,216,92
18,158,159,34,293,43,51,313,314,187,317,189,318,320,193,191,194,324,325,198,327,200,199,67,203,197,201,78,202,208,209,205,207,212,213,210,215,87,96
263,135,268,25,158,31,51,186,187,319,192,191,66,323,196,195,194,197,199,200,202,201,204,205,207,208,209,210,211,212,213,87,216,217,215,91,99
148,151,25,158,176,51,55,183,313,186,314,187,316,317,191,320,194,323,196,197,198,327,200,199,201,202,204,205,207,208,209,210,212,85,213,87,215,216
158,43,51,55,313,314,187,315,317,316,189,191,186,194,323,324,196,198,327,200,325,202,197,204,205,199,328,208,209,201,207,210,213,87,215,92,94
158,179,51,52,54,313,314,186,316,189,317,191,320,193,187,194,196,325,198,327,197,199,200,203,75,201,202,205,208,209,207,83,210,85,212,213,87,215,216,92,94,250
264,9,274,26,283,158,32,51,313,314,187,316,189,317,191,186,194,322,196,69,326,327,200,198,201,199,324,325,197,202,208,209,205,207,210,213,214,87,215,98
135,10,138,275,158,51,314,187,186,189,317,319,191,322,194,197,326,327,200,329,202,73,199,201,205,207,208,209,210,212,213,214,215,216,87,231,239,246,251
256,0,3,12,158,289,312,313,314,315,187,317,318,191,319,60,322,323,196,324,194,327,328,200,325,197,199,201,202,205,208,209,210,213,85,215,87,249,122
135,10,138,275,158,292,51,311,312,186,187,317,191,192,322,194,197,327,200,329,202,73,199,201,205,206,207,208,209,210,212,213,87,216,215,91,231,239,246,251
135,10,138,140,275,158,51,312,186,187,317,191,192,322,323,194,197,199,200,329,202,73,201,205,206,207,208,81,209,210,84,213,212,87,216,215,91,231,239,246,251
256,10,158,51,310,312,313,314,315,186,317,318,319,191,187,322,192,324,194,197,327,328,329,200,199,201,202,205,206,208,207,209,210,212,213,87,215,216,248,249,122
264,273,26,283,158,32,43,306,51,313,186,314,316,317,189,191,187,194,324,69,198,327,196,325,197,199,204,205,201,202,208,207,209,210,212,85,213,214,87,215,216,106
47,55,313,186,315,314,187,317,191,320,319,192,323,196,195,198,327,194,197,199,200,204,201,202,205,208,209,206,83,207,85,210,212,213,214,215,216,92,87,253
264,273,26,158,32,292,293,43,306,51,313,314,186,316,317,187,191,320,194,196,69,198,327,199,324,197,200,201,202,205,207,208,209,210,212,85,213,214,87,215,216
264,281,26,158,32,293,306,51,313,314,186,316,189,317,191,320,187,194,324,69,198,327,326,199,197,200,204,201,202,207,208,209,205,210,212,213,214,87,215,216,254
158,51,313,314,187,316,317,189,191,320,193,186,194,196,325,198,327,199,201,324,203,197,202,200,205,208,209,207,83,210,85,212,215,213,87,216,92
256,135,10,138,275,158,292,51,311,186,315,187,317,319,191,194,323,197,199,200,329,202,73,201,75,76,205,208,207,209,210,84,213,212,87,216,215,91,231,246
256,267,269,275,23,283,32,39,47,48,51,312,315,187,317,318,319,191,192,322,323,324,194,326,197,328,199,202,201,205,208,209,210,213,214,215,87
10,158,51,313,314,187,316,317,189,191,320,186,192,323,324,194,198,327,200,199,202,329,201,197,205,206,208,209,207,210,212,213,87,216,215,246
273,281,158,32,43,51,313,314,187,316,317,189,191,320,193,186,194,196,69,198,327,199,201,200,203,329,197,202,205,208,209,207,210,212,213,214,87,215,216
283,32,47,51,182,313,314,187,316,317,315,188,192,189,319,323,196,195,326,327,328,201,202,191,197,199,71,205,208,209,194,207,210,213,214,215,87
11,18,32,51,313,187,315,317,189,191,319,192,322,323,196,324,198,327,200,326,202,325,67,197,199,71,208,209,194,205,210,213,214,215,216,87,92,96,201
128,22,32,163,42,47,313,187,315,317,191,192,193,321,323,196,195,326,327,198,325,194,203,197,199,201,202,208,209,204,83,205,85,214,210,213,215,87,92,105,123
138,10,270,15,158,51,312,313,314,186,316,189,317,318,191,187,322,194,324,325,197,327,199,329,202,200,201,205,207,208,209,210,212,213,86,87,215,216,116
263,25,158,31,172,48,313,186,187,315,317,189,319,191,66,323,196,197,194,195,199,201,202,204,205,207,208,209,210,211,213,215,216,217,87,99,119
158,186,51,312,313,314,315,187,189,317,319,318,191,322,323,324,196,198,327,200,199,328,329,192,197,201,202,208,194,205,206,207,213,209,210,212,87,215,216,249
158,51,313,314,187,316,317,186,191,320,193,192,195,196,325,198,327,194,201,197,203,199,200,202,205,208,209,210,83,212,85,206,215,207,213,87,216,92
16,158,163,168,51,313,314,187,316,317,191,63,193,321,195,196,325,198,327,194,197,199,203,201,202,204,205,208,209,210,83,212,85,207,215,213,87,89,92,105
10,11,271,26,158,43,177,51,313,314,187,188,317,186,189,320,191,194,323,197,198,327,200,329,202,199,328,201,205,207,208,209,210,212,213,87,215,216,219,223
135,10,138,275,158,51,186,187,189,317,319,191,322,323,194,197,326,199,200,329,202,73,327,201,205,207,208,209,210,212,213,214,215,216,87,231,239,246,251
135,10,138,140,275,158,51,186,187,315,317,189,319,318,191,194,323,195,197,199,328,329,202,73,200,201,205,207,208,81,210,211,209,213,87,216,215,91,231,237,239,246
264,273,26,283,158,32,43,306,51,53,313,314,186,316,189,317,191,187,194,324,69,198,327,197,201,326,199,202,205,207,208,209,210,85,213,214,215,87,106,118
285,158,51,313,314,186,316,317,187,191,192,193,194,195,196,325,198,327,197,199,200,203,201,202,205,206,207,209,210,83,208,85,212,215,213,87,216,92,223,105,117
274,281,154,158,51,313,186,187,190,191,192,193,194,196,197,198,327,326,199,200,203,204,205,201,202,80,209,206,83,207,85,208,215,210,212,213,87,92,216,105,117,253
18,282,158,51,186,187,317,190,319,189,191,194,323,196,195,198,67,200,201,202,203,197,199,205,207,208,209,80,210,213,87,216,217,215,92,96,232,105,120
256,267,145,158,287,32,51,312,315,187,317,318,319,192,191,322,323,196,324,325,327,328,201,202,194,197,199,205,207,208,209,210,213,87,215,236
266,158,32,36,167,43,53,313,314,187,189,317,191,194,197,198,199,327,201,329,200,70,202,205,207,208,209,210,213,215,88,217,87,231,239,117,121
135,9,11,158,32,187,315,188,317,319,192,191,194,323,196,197,199,200,328,202,201,329,205,207,208,209,210,84,213,214,215,216,217,87,91
