64,196,5,133,135,137,202,11,13,146,20,214,22,88,218,30,95,32,34,35,37,229,234,43,170,44,58
192,135,7,73,202,16,210,146,214,87,280,219,221,31,163,229,165,38,236,46,51,180,309,245,53,56,61
65,3,9,16,274,146,22,87,155,220,29,158,34,227,163,165,166,42,43,47,50,51,179,313,58,187,317
321,322,3,324,327,7,205,209,213,22,217,219,221,31,32,163,38,236,46,61,53,56,57,317,189
64,5,135,137,329,13,20,214,88,218,222,30,32,37,40,234,43,44,237,45,304,51,52,53,54,189
194,3,4,325,199,266,12,209,275,20,213,214,24,217,223,32,34,39,233,43,239,47,118,55,312,58
0,1,5,6,9,15,90,222,30,224,161,32,230,105,234,106,43,44,45,50,51,54,187,62
192,1,64,0,134,11,13,15,208,17,146,21,26,159,32,225,163,36,229,37,42,44,238,51,252
72,9,266,267,75,16,213,87,154,158,32,226,35,163,293,166,295,167,299,43,303,50,179,51,58,187
192,64,196,5,135,8,202,208,16,214,87,281,218,26,158,32,227,39,233,234,43,51,118,54,58,59,189
66,197,5,137,11,13,270,206,81,278,214,23,87,218,155,32,228,101,37,231,44,237,45,115,51,54,251
64,192,1,324,199,13,16,17,146,213,22,215,89,218,32,34,35,229,232,42,43,234,44,238,49
64,321,256,5,74,13,82,210,279,30,224,33,32,37,230,234,44,45,49,51,116,54,121,62
67,197,5,137,10,11,12,16,81,210,275,214,87,218,158,223,32,163,231,233,43,237,51,54,58
64,321,194,3,1,72,8,12,15,16,209,20,85,22,32,33,34,35,229,232,44,111,112,59,61
3,4,207,16,82,20,213,24,30,32,34,100,39,233,234,43,239,175,49,47,55,62
64,194,68,5,71,329,9,270,20,214,222,30,224,32,230,234,43,44,237,45,187,50,51,54,251
192,5,135,137,202,11,13,208,20,214,87,218,158,32,37,43,235,44,174,49,50,51,54,59,127
322,3,5,6,7,145,213,217,219,221,287,31,289,97,163,230,236,237,127,46,61,56,188,189,319
5,325,329,10,202,137,13,81,275,214,87,218,158,160,32,37,231,44,237,49,51,53,54,311,251
64,68,5,198,71,265,74,9,10,16,17,87,282,222,224,229,234,43,106,238,49,50,51,121,58,187
0,3,4,329,10,202,12,73,16,275,214,216,24,27,311,34,39,233,43,239,47,55,189
129,196,5,325,7,137,10,202,329,83,20,214,218,154,222,31,231,105,237,111,240,304,112,117,53,56
258,69,264,265,74,77,81,87,88,89,282,283,284,158,32,106,109,241,51,116,119,248,252,253,254
68,69,5,325,264,266,75,268,81,87,88,283,158,32,98,104,109,241,242,51,116,249,250,254,127
256,68,69,264,74,269,270,81,210,86,87,88,89,158,32,106,109,243,244,51,116,248,249,250,251,254
258,71,74,75,11,77,270,79,81,87,88,216,282,283,158,32,99,166,105,109,51,244,119,120,250,187,254
257,258,260,69,262,5,71,74,270,81,214,87,88,89,158,32,98,109,187,51,244,245,116,251,254,127
68,198,74,11,10,270,16,81,80,275,278,87,88,89,218,86,158,163,101,109,115,51,116,246,120,251
256,258,68,69,70,261,264,7,74,71,77,15,86,87,88,282,93,158,106,243,244,51,116,247,248,249,254
69,70,198,264,265,74,76,77,205,81,210,87,88,89,282,92,284,158,32,97,109,51,244,248,253,254
68,69,264,200,74,75,77,81,210,213,87,88,89,282,283,158,32,109,241,51,244,116,248,249,250,253,254
69,135,264,74,75,270,81,277,87,88,282,283,92,158,32,107,109,51,244,116,120,249,250,251,254
325,264,73,11,75,270,16,81,277,214,278,280,87,88,283,158,32,101,109,51,244,116,120,250,251
256,258,70,264,265,74,269,81,84,87,88,89,282,284,158,32,106,109,241,51,116,119,248,252,253,254
256,69,264,265,74,81,87,88,89,282,283,158,32,99,106,107,109,241,51,244,116,119,248,249,253,254
68,69,71,264,72,74,75,80,81,86,87,88,281,282,283,120,158,32,106,241,51,244,116,248,249,253,254
256,257,259,68,325,70,269,270,81,210,277,278,214,87,88,89,284,158,32,109,115,244,51,116,251,255
256,68,69,70,264,74,269,77,271,81,87,88,89,282,120,158,32,97,106,109,51,244,116,119,248,253,254
256,257,258,259,261,199,74,75,13,270,81,87,88,89,93,30,32,37,44,243,244,52,250,251,254
257,258,71,264,265,74,77,13,87,88,89,282,93,30,32,249,37,122,44,244,117,180,52,248,121,250,254
257,259,260,69,70,68,74,75,270,81,213,87,88,89,158,32,108,109,243,244,51,116,250,251,254
324,260,68,71,8,266,203,80,81,275,86,87,88,24,281,89,158,163,103,106,109,51,116,246,249,58
257,68,69,261,264,265,266,75,81,87,88,89,283,93,158,32,249,106,109,241,51,244,116,248,121,250,254
258,68,69,262,264,74,75,77,81,210,213,87,88,89,282,158,32,109,112,243,244,51,116,248,249,250,254
256,257,259,260,263,264,74,268,269,270,81,87,89,25,158,31,99,109,47,48,51,54,250,251,255
69,264,265,74,75,81,87,88,282,283,158,32,96,249,106,109,241,51,116,248,121,250,251,252,253,254
258,68,71,264,265,74,76,213,86,279,87,88,282,283,158,32,249,103,106,241,51,116,248,121,253,254
70,199,264,265,266,75,74,201,207,81,87,217,282,283,92,158,160,121,97,109,241,244,248,249,250,254
259,68,69,261,72,266,75,267,270,80,81,86,87,88,89,283,94,158,97,109,51,244,116,184,249,251
259,68,69,263,264,74,75,268,272,81,87,88,89,158,31,32,99,109,242,51,244,116,120,250,251,252,254
256,258,70,71,74,11,269,270,208,81,87,280,88,282,158,32,163,101,109,187,47,51,119,120,121,251,254
257,259,260,264,74,75,269,270,81,87,88,89,282,158,109,51,244,117,120,250,251,254
192,323,196,4,68,200,11,77,142,271,79,81,210,87,280,88,26,89,156,158,32,237,109,51,116,251
259,68,71,74,76,77,268,272,81,84,86,87,282,158,31,97,99,168,43,109,241,51,116,248,252,254
68,198,8,265,203,76,77,80,273,81,86,87,24,88,158,32,103,106,109,176,241,51,116,246,58,253
192,66,3,195,327,206,15,78,18,274,19,83,214,82,87,90,94,32,96,102,103,235,108,47,113
325,199,202,10,205,80,16,81,275,210,214,87,88,24,281,215,158,223,36,103,172,51,246,311,58,189
68,69,7,71,265,74,75,269,276,86,87,282,158,121,100,101,106,241,243,244,51,116,247,248,249,250,254
68,325,266,75,74,270,81,210,277,86,87,88,89,92,158,32,121,109,51,244,116,120,249,250,251,254
1,70,263,74,75,266,270,81,84,277,278,87,88,92,158,94,32,109,114,51,244,117,185,250,251,254
68,71,264,265,74,269,77,210,84,86,279,87,282,284,157,158,32,105,106,51,116,118,247,248,121
264,74,11,269,270,81,87,280,89,282,88,216,158,32,106,107,109,241,51,244,116,119,120,253,254
69,264,265,330,266,204,142,15,18,275,87,281,283,158,159,32,39,106,241,51,245,118,249,124,253,254
65,259,196,68,262,71,200,11,77,270,271,214,86,280,87,218,88,156,282,158,106,108,237,109,304,51,116,251
69,71,264,74,75,77,81,213,87,282,283,158,32,106,251,241,51,244,248,249,187,253,254,191
68,70,74,269,77,81,84,87,88,89,282,283,284,158,32,106,43,109,241,51,244,116,119,252,253,254,191
128,130,131,132,133,136,139,140,285,286,288,290,122,123,125
128,130,131,132,133,136,139,140,285,286,288,290,123,125,127
128,129,130,131,132,5,134,133,136,139,140,141,221,287,288,289,167,123,126,127
128,130,131,132,133,5,136,139,140,221,286,285,288,289,290,123,127
128,66,3,130,131,135,137,138,139,140,272,214,215,86,222,289,290,232,304,116,122,123,126,127
128,130,131,132,133,136,139,140,285,286,287,288,290,107,123,125
128,130,131,132,134,139,140,141,288,226,291,293,295,167,299,300,303,307,310,184,123,124,125,126,127
193,321,324,13,142,205,210,147,148,279,215,158,95,292,41,170,172,174,175,303,179,116,307,310,184,318
141,148,152,154,158,226,291,292,293,294,295,296,167,166,299,172,174,303,175,307,179,310,184
65,80,145,144,150,87,24,155,220,184,158,160,227,165,102,294,296,171,174,175,51,179,181,180,183,307,58
144,148,154,155,158,226,293,295,296,167,297,171,299,168,172,303,174,175,110,307,179,310,184
8,14,80,145,144,87,88,24,154,153,155,158,160,293,294,103,296,297,175,177,51,179,180,307,183,58
324,327,7,330,143,207,209,145,144,213,215,87,88,155,157,158,160,293,297,106,301,175,178,179,180,312,189
192,195,326,327,330,208,144,146,87,155,157,158,160,32,161,167,298,106,171,175,179,180,51,313,314,191
142,145,148,152,158,226,292,293,294,295,296,297,170,299,171,172,173,303,174,175,307,179,310,184
141,213,150,152,153,154,155,158,99,293,167,296,171,300,172,175,177,306,179,316
1,2,71,143,144,209,145,146,213,86,22,155,158,160,161,164,168,297,106,104,170,301,173,179,180,312
2,3,67,12,144,18,19,146,22,87,217,155,157,222,158,160,164,301,302,175,304,242,179,180,53,181,190
330,207,275,147,148,22,184,158,32,226,292,166,295,167,170,172,237,174,303,175,242,179,310,311,312
194,197,6,11,13,144,208,146,19,18,85,214,147,155,156,222,158,164,169,301,304,50,180,117,181
3,5,327,330,142,144,274,87,154,155,221,158,160,98,175,305,242,179,180,312,313,186,188,127
141,147,150,152,153,154,155,158,292,166,294,167,295,171,300,175,177,306,179,182
330,143,148,213,149,152,154,158,226,293,294,295,167,299,172,171,174,303,175,179,307,308,310,309,184
328,330,148,152,158,226,293,294,295,296,166,171,299,172,174,303,175,306,307,308,309,179,310,184
320,198,265,330,142,15,144,148,151,215,216,155,184,158,297,170,172,175,50,307,180,309,308,248
144,148,154,155,158,226,292,293,166,295,296,167,299,171,172,174,303,175,307,179,180,310,184
325,329,10,202,73,144,146,275,214,87,23,155,156,158,32,160,169,235,237,175,242,178,180,179,51,311,251
191,322,194,324,325,197,199,327,201,204,205,207,209,210,213,214,215,312,186,187,189,319
66,195,259,3,198,327,194,197,199,201,268,205,207,272,146,211,210,213,214,215,217,31,313,187,191
192,191,193,194,324,198,326,199,201,203,205,208,209,210,213,215,60,314,187,316,317,319
194,196,199,200,201,202,12,205,207,210,147,213,214,22,215,89,32,234,237,187,239,312,186,315,189
191,194,324,326,327,199,328,76,205,208,209,210,213,214,215,165,189,312,186,187,316,317,319
194,324,197,199,8,201,203,205,14,206,80,209,210,213,215,24,217,88,103,246,183,58,187,317,191
320,321,322,194,324,195,199,203,13,206,205,208,209,81,210,211,213,214,215,168,181,187,318,191
191,322,194,324,325,197,199,327,201,202,205,207,209,210,213,214,215,314,312,186,187,316,319
320,191,322,194,324,197,198,199,264,265,201,203,202,205,208,209,210,213,215,248,187,316,317,318,319
64,321,194,193,68,203,204,205,209,210,212,213,214,85,216,217,215,28,34,168,171,111,114
321,322,324,325,199,200,201,202,205,209,210,211,213,214,215,217,89,32,44,312,189,318,319
192,194,323,196,197,135,200,199,201,202,12,205,271,209,210,211,213,215,26,156,231,233,187,315,191
64,194,324,325,198,319,197,199,201,202,205,208,209,210,213,214,215,180,187,189,191
322,3,194,325,197,199,327,201,202,12,205,209,210,275,213,215,217,221,223,111,242,61,311,312,187,189,191
192,194,323,196,3,326,135,200,202,12,205,271,208,210,213,214,215,217,26,32,233,304,53,187
191,194,322,324,325,326,199,327,201,202,205,207,208,209,210,213,214,215,312,186,187,316,189,319
192,194,195,4,196,328,330,76,205,206,79,210,215,155,161,297,42,307,180,309,308,55,57,187,191
64,194,196,325,199,73,329,202,10,201,205,210,275,213,214,215,216,26,237,187,251,188,189,191
323,259,196,200,137,11,77,270,271,81,85,214,87,88,218,156,158,98,231,41,237,109,51,116,54,246,251
257,258,73,74,75,270,16,81,277,87,280,89,88,158,32,97,101,109,51,244,116,119,120,250,251
259,68,325,73,75,270,16,81,277,278,87,88,89,283,158,32,104,109,48,51,244,116,120,250,251,254
0,64,5,135,202,10,14,80,16,87,88,25,218,24,158,103,231,39,43,51,246,120,58,59
320,65,64,195,3,8,12,15,16,18,146,19,22,90,155,28,160,227,163,232,42,106,49,58,59,317,63
3,12,16,209,145,275,20,213,22,87,89,158,223,32,161,34,226,35,163,235,236,242,51,311,58,60
195,5,198,6,9,15,207,145,146,87,90,222,224,161,230,233,234,43,238,304,49,51,55,58,187
3,5,70,199,201,266,207,16,275,20,213,214,87,217,157,158,223,32,231,43,237,51,121,58,127,319
322,3,324,4,199,7,12,207,209,213,215,24,88,34,58,233,43,236,47,239,51,55,312,186,316,189,319
64,5,325,135,329,202,10,137,13,20,88,218,222,30,32,37,231,40,44,237,45,51,52,54,251
64,3,5,135,7,329,10,202,73,16,20,87,218,31,163,38,231,42,237,46,304,48,51,53,311,56,251,61
258,69,5,9,74,11,269,77,270,13,87,282,222,32,224,37,234,43,44,50,51,244,54,187
195,68,198,71,135,9,76,77,15,144,211,84,216,91,222,102,59,234,43,50,114,180,55,58,187,63
66,324,5,69,198,265,74,11,13,23,87,282,222,30,32,37,230,40,106,43,44,45,51,54,121,252
64,3,196,5,135,200,137,13,271,210,214,87,156,222,158,32,37,230,231,234,43,44,237,45,304,51,54
66,5,325,137,13,20,22,214,87,217,284,222,158,32,289,37,230,44,45,304,51,53,54,127,190,255
64,5,75,270,16,81,20,278,214,22,28,222,32,163,58,104,234,43,44,237,115,51,54,250,251,63
1,66,67,4,5,7,206,79,274,211,149,22,87,27,31,32,163,38,168,42,44,55,56,57,61
192,5,198,328,9,76,77,16,146,22,87,90,28,161,163,42,234,43,238,49,180,308,55,58,187,63
64,194,3,4,135,329,137,12,205,16,20,214,24,218,222,34,163,101,233,234,43,47,239,55,58,251
194,3,4,325,329,73,10,202,12,16,81,275,20,214,24,93,94,34,163,58,233,43,239,47,55,250,251
64,1,324,5,135,137,11,13,16,20,214,22,88,89,218,222,32,34,35,163,229,232,234,43,44
194,3,5,135,7,137,10,12,16,18,275,87,218,158,98,230,231,233,43,237,51,54,58,59,127
5,72,9,76,204,78,16,210,276,279,152,153,87,30,224,102,294,230,234,43,45,238,51,247,248,121,58,187
196,197,5,137,202,11,13,214,22,88,218,155,30,32,35,37,229,231,232,43,172,237,44,52,58,127
5,70,199,201,266,75,13,20,214,217,218,222,32,36,231,104,234,44,237,173,304,115,51,53,54,121,251
64,3,324,4,198,12,208,209,213,214,215,24,223,32,34,39,233,42,43,47,239,180,55,58,316,191
66,3,202,11,268,12,16,17,146,22,28,225,289,161,163,168,42,43,238,47,48,60,58,252,127
64,192,135,8,11,16,146,22,90,28,30,32,33,163,227,165,229,42,234,43,238,49,58,59,63
192,66,5,134,135,329,202,11,10,16,87,279,157,158,32,289,36,230,39,231,43,238,51,58,59,127
64,5,135,329,10,73,202,207,16,81,87,218,156,231,233,234,43,59,237,51,311,58,251
192,0,4,328,206,79,208,17,16,149,22,23,27,163,100,38,39,43,44,239,55,57,58
320,64,195,5,198,9,74,204,208,16,146,82,87,282,92,158,105,106,43,187,238,50,51,180,58,59
2,3,196,5,325,135,137,202,16,214,87,216,218,158,98,231,43,237,51,244,54,58,59,127
3,5,137,202,11,12,16,17,214,22,87,26,218,28,225,163,231,168,233,42,43,238,51,58,59,63,127
64,3,5,325,137,12,16,214,22,87,218,28,222,33,163,230,231,42,43,237,110,58,59,63
64,3,5,11,16,17,82,20,213,214,22,87,28,32,289,34,163,230,234,43,42,238,51,58,63,127
64,5,135,329,202,10,137,12,13,16,87,218,222,32,163,228,37,230,231,234,43,44,237,51,54
66,259,196,5,135,268,13,82,20,87,91,155,222,158,32,31,34,37,234,235,44,49,115,51,54,251
64,192,5,266,74,10,16,82,20,214,215,87,218,30,32,224,34,230,234,43,42,45,51,180,58
64,192,2,324,196,198,5,11,208,16,214,87,218,28,158,32,231,234,43,42,51,54,58,59
64,5,199,137,266,13,20,213,214,215,87,222,158,32,289,37,234,43,44,237,45,49,51,54,189
66,3,259,325,4,135,263,329,202,268,12,214,24,217,25,94,34,232,233,43,47,48,239,55,58
1,3,5,325,12,207,143,16,20,213,22,87,28,222,163,42,43,237,242,53,312,185,58,189,63
192,64,324,5,74,77,13,79,82,213,214,87,158,32,34,37,234,42,43,44,45,49,51,54,122,60,319
128,129,2,3,67,7,135,203,206,274,87,220,29,158,159,32,31,302,47,48,50,51,61,53,56,313,60,317
195,5,265,74,11,13,15,18,19,146,21,222,32,224,229,37,233,106,43,234,44,238,241,51,54,187
3,325,7,329,10,202,12,16,275,19,214,87,219,221,31,163,38,236,237,46,51,53,311,56,57,61
2,325,5,135,198,329,10,137,202,16,81,214,87,218,156,158,231,234,43,237,51,246,54,58,251
192,64,3,5,76,208,17,146,16,213,87,26,227,165,229,102,231,233,42,43,39,238,51,58,59,124
194,3,4,325,199,329,10,202,12,16,275,213,214,87,55,24,158,34,58,233,43,237,239,47,311,312,186
64,194,195,196,325,5,135,199,266,13,206,205,210,20,213,214,87,155,222,158,32,34,37,234,44,51,54
192,64,67,260,68,134,5,202,11,13,208,146,26,218,92,32,33,162,37,166,43,107,44,51,54,119,59
3,5,137,202,11,16,275,213,214,87,26,158,223,289,34,98,230,39,43,237,51,118,54,58,127,319
323,196,5,135,200,137,10,12,13,271,23,87,218,156,158,223,32,30,37,231,43,44,237,45,51,54
320,321,0,3,64,5,13,272,16,279,216,23,87,157,32,121,33,163,37,168,44,49,51,54,55,185,317,62
5,135,329,10,137,73,13,81,20,214,87,218,156,30,224,32,37,230,231,234,44,237,45,51,54,251,62
2,5,135,137,10,329,16,275,20,214,22,87,218,157,222,158,231,39,233,234,43,237,51,54,58,59
64,194,325,5,135,329,266,13,20,85,214,30,32,224,101,230,37,234,108,45,44,304,51,54
5,202,10,12,74,16,274,275,147,87,220,29,221,158,226,35,167,231,43,172,174,303,305,51,179,54,311,58
64,5,137,202,11,74,266,16,214,22,87,218,28,94,158,163,101,168,234,43,42,51,54,58,59,63
64,194,69,5,7,265,266,75,13,18,19,20,214,87,222,30,32,158,228,37,234,106,44,45,51,54,121
64,1,0,265,74,11,203,14,16,146,214,22,25,90,282,26,27,222,29,32,163,234,43,42,106,58
256,70,71,74,77,205,81,210,83,277,279,87,89,282,88,92,158,32,97,98,105,109,114,51,244,117,248,249
64,192,68,69,70,264,265,74,266,81,210,87,88,89,282,94,158,32,97,106,109,243,51,116,248,249,253
257,258,68,69,261,71,264,265,74,75,266,81,86,87,89,282,93,158,249,168,106,51,244,116,248,121,250,254
68,325,200,10,76,270,271,81,210,86,214,87,88,218,89,158,32,231,104,237,109,242,51,116,53,250,251
69,264,265,266,75,76,80,81,18,87,88,283,158,32,249,313,168,41,106,108,109,241,51,116,121,253,254
2,69,70,199,264,201,74,75,266,268,207,81,277,87,88,217,283,158,121,109,51,244,120,249,250,251,253,254
68,69,264,74,266,77,81,87,88,89,282,283,284,158,248,32,160,106,109,241,51,244,116,119,120,253,254
3,68,325,265,330,201,12,73,81,86,87,88,89,284,158,32,289,168,106,237,109,241,51,116,119,189,254
68,69,70,71,264,74,269,270,79,86,87,282,158,32,186,106,241,51,244,117,116,248,121,250,316,254
257,259,264,73,74,270,16,81,277,278,87,88,89,158,32,101,104,109,48,51,244,120,250,251
68,69,325,264,74,75,11,81,210,277,86,87,88,89,282,283,120,158,32,106,109,51,244,116,248,249,250,254
258,73,74,11,77,205,16,81,210,84,87,280,88,282,89,284,158,32,98,43,109,241,115,51,119,120,252,254
256,135,74,138,81,87,88,282,120,92,158,289,122,105,107,109,178,243,244,116,51,118,248,249,250,187,254,127
259,68,262,135,71,7,11,75,270,81,277,214,86,87,89,88,158,99,101,104,106,115,243,116,51,250,251
257,260,68,73,74,75,270,16,81,210,277,87,88,89,158,32,101,107,109,51,244,116,119,120,250,251,254
256,258,68,70,264,74,269,77,81,210,87,88,89,282,284,157,158,32,106,109,241,51,244,116,119,248,252,254
256,68,262,71,74,77,85,86,87,88,27,158,97,98,99,105,41,106,178,51,244,116,248,249,250,253,254
68,69,71,264,74,11,214,87,88,280,282,283,284,89,86,158,32,106,241,51,244,116,119,248,253,254
68,71,264,265,74,266,72,76,81,86,87,88,282,158,32,249,106,109,242,51,244,117,116,248,121,250,253,254
68,262,71,7,74,75,270,81,277,86,87,88,282,158,121,106,109,112,51,116,117,244,248,249,250,254
258,68,69,71,264,265,74,75,7,77,81,86,87,88,89,282,158,249,106,109,51,244,116,248,121,250,251,254
69,70,198,264,74,77,269,205,81,210,84,87,88,89,282,284,158,32,99,168,106,109,51,244,248,253,254
258,325,264,10,270,81,275,277,87,280,218,158,97,101,172,109,51,180,119,120,250,251,189
258,195,71,74,76,77,269,206,84,87,282,155,92,158,32,101,105,41,51,244,309,180,248,122,187,253
68,69,70,264,265,74,141,81,86,87,88,282,283,284,158,32,249,106,42,109,241,51,116,248,121,253,254
258,194,68,70,71,7,74,75,277,86,87,89,282,155,120,158,121,41,106,109,243,244,116,248,249,250,254
68,69,71,264,7,74,11,266,13,77,214,86,87,88,283,158,32,99,166,106,51,244,116,248,249,187,253,254
260,71,8,203,13,14,269,80,81,210,275,279,24,89,87,88,281,158,32,99,103,41,109,51,246,58,187
257,258,70,71,199,201,74,75,269,77,270,13,81,278,22,87,88,89,30,32,35,101,37,44,244,52,120,251
257,258,68,71,74,75,266,270,81,213,214,87,88,89,158,32,104,109,187,178,51,244,116,249,250,251,254
256,68,70,71,264,74,77,269,81,213,87,88,89,282,284,158,32,97,105,109,243,244,51,116,247,248,187,254
258,68,71,72,7,74,266,14,81,86,87,89,56,57,32,31,249,48,244,117,116,53,248,121,250,251,254
259,71,200,74,11,77,270,271,205,81,210,214,87,280,88,218,89,158,32,168,43,109,187,51,54,120,251
68,13,17,146,19,81,21,210,23,86,87,88,27,89,158,32,161,99,164,166,105,109,304,178,51,244,116,57
256,258,68,71,7,76,269,81,210,21,86,23,279,87,282,27,88,158,99,166,105,106,51,180,116,247,248,188
64,257,258,260,68,73,74,76,81,213,87,88,89,94,158,32,109,241,51,244,116,248,249,253,254
0,192,73,13,17,146,81,21,23,88,87,27,158,94,32,99,164,229,166,39,233,109,178,51,55,120,57
0,138,17,81,21,149,23,87,88,27,158,159,32,99,164,38,166,168,44,109,46,178,51,57,122,127,63
192,64,256,258,73,76,208,17,81,210,23,87,88,26,27,91,158,94,32,99,168,109,51,248,59,253
68,325,73,10,329,75,270,16,81,210,214,87,88,89,156,158,32,237,109,51,244,53,116,311,120,251,254
264,265,74,76,77,205,81,210,84,213,279,87,89,282,88,284,158,32,106,42,43,109,241,51,248,253,254
259,68,71,74,268,77,272,81,84,86,87,282,283,284,158,31,99,101,168,43,107,109,241,51,116,120,252,254
67,199,201,266,75,11,13,270,18,275,278,87,88,89,283,30,32,96,37,104,44,241,244,117,52,251,254
64,66,261,6,265,266,75,76,81,87,88,283,92,158,57,99,106,107,109,241,51,244,119,248,249,253,254
64,258,68,264,265,74,73,14,81,213,87,88,89,282,283,284,158,94,32,109,241,51,244,116,248,249,253,254
68,69,263,264,266,75,74,270,81,210,277,86,87,88,89,92,158,32,104,109,51,244,116,120,249,250,251,254
256,258,198,264,72,74,266,75,81,277,87,88,89,282,158,32,106,109,243,244,51,116,119,248,249,253,254
258,259,68,69,264,74,75,77,81,213,87,88,89,282,158,32,313,106,108,109,241,51,244,116,248,249,250,254
257,68,325,73,10,270,16,81,82,277,278,87,280,89,88,158,32,101,109,51,116,54,120,250,251
64,264,266,208,81,277,87,88,282,283,158,99,166,40,105,106,107,109,241,49,51,244,116,189,248,249,253,254
64,68,69,71,264,74,77,86,87,280,88,282,283,158,32,99,106,243,244,116,51,119,248,249,253,254
192,68,71,11,75,77,270,81,274,86,87,280,282,283,27,284,158,32,99,105,241,51,244,116,120,187,253,254
0,68,73,16,17,81,21,85,87,88,89,27,158,159,224,32,35,229,109,46,49,51,116,55,57,62,63
64,256,258,68,70,71,74,77,81,210,87,88,89,282,158,32,97,99,101,166,105,109,51,244,116,248,250
325,73,74,75,266,270,80,81,16,277,87,280,88,89,91,158,32,101,107,109,51,116,246,120,250,251
320,321,259,68,330,269,81,82,210,213,279,216,87,88,89,158,32,185,109,50,51,116,309,121,317,255
259,68,71,264,74,268,77,272,81,86,279,87,282,158,31,121,99,232,168,109,176,51,116,117,248,249,254
258,260,69,71,74,75,266,76,270,269,80,87,88,283,92,158,32,97,241,114,51,244,248,250,187,316,253,254
258,70,199,201,74,267,77,207,80,87,88,217,282,283,284,91,184,97,106,43,241,51,244,119,248,121,253,254
68,70,71,264,74,77,269,81,84,85,86,87,282,92,284,158,32,168,105,106,109,110,51,244,116,248,254
68,69,266,75,74,270,81,210,278,86,87,88,89,92,158,32,121,163,104,109,51,244,117,116,249,250,251,254
69,264,74,11,266,79,80,81,18,87,88,282,283,158,32,106,109,111,241,51,244,116,119,249,253,254
68,69,71,264,11,75,13,81,146,85,86,87,88,283,158,32,168,106,109,304,241,51,244,116,249,187,252
1,325,73,10,75,12,266,270,205,81,210,275,87,88,89,93,94,158,32,237,109,241,242,51,311,251,254
64,69,264,200,266,75,74,267,80,209,81,212,87,88,89,283,158,104,168,109,241,51,244,249,250,251,316,254
258,68,69,264,72,74,77,81,210,84,213,86,87,88,89,282,158,32,249,109,51,244,116,248,121,250,253,254
256,258,68,69,262,263,264,74,266,77,81,87,88,89,282,158,32,106,109,241,51,244,116,248,251,252,253,254
258,260,68,262,71,7,73,79,16,86,87,88,153,219,284,158,32,225,229,233,106,238,241,51,116,245,309,120
325,71,73,202,11,10,329,269,271,16,80,81,275,214,87,88,283,158,32,237,187,241,51,246,119,251
192,68,69,71,264,265,74,79,86,87,88,282,158,32,249,106,241,51,244,117,116,189,248,121,188,253,254
68,69,71,264,265,74,75,79,86,87,88,282,283,158,32,121,36,106,112,241,51,116,248,249,250,254
66,259,68,263,264,74,75,268,77,11,79,272,81,210,211,87,88,89,158,31,32,99,109,178,51,244,116,252
256,318,69,135,264,74,11,269,208,81,215,87,283,158,99,164,36,109,51,244,181,248,249,250,252,253,254
64,1,258,69,266,75,11,81,214,87,88,283,120,157,158,94,32,109,241,51,244,248,249,250,252,253,254
257,260,325,68,73,74,75,270,207,16,81,210,87,280,88,89,158,32,101,109,51,244,116,119,120,250,251
258,69,74,75,266,205,270,81,210,87,88,89,282,283,120,281,158,32,168,106,109,241,51,244,248,250,254
256,258,4,69,68,71,264,266,75,74,81,213,86,87,89,283,158,249,122,104,51,244,116,248,121,250,254
64,258,69,71,264,266,267,75,80,81,87,88,89,283,94,158,32,99,168,109,51,244,248,249,187,60,253,254
256,257,68,263,71,7,270,81,278,86,87,89,88,93,158,99,101,106,109,115,51,116,54,120,251,255
68,70,71,7,74,269,270,81,277,86,87,88,282,158,97,106,109,112,114,51,244,117,116,247,188,189
68,70,71,199,201,74,76,77,79,84,86,87,217,282,92,284,95,105,106,173,244,116,53,119,248,121,254
69,264,74,11,77,270,81,85,87,89,282,283,284,158,32,98,109,241,51,244,116,117,119,252,253,254
259,68,69,263,264,74,11,268,77,272,81,210,86,87,88,89,282,283,158,31,32,99,43,109,241,51,116,252
262,264,73,74,75,77,270,16,81,18,277,87,88,89,158,97,109,114,51,244,117,120,250,251
257,68,69,70,71,264,265,266,74,75,72,79,86,87,88,283,158,32,249,106,241,51,116,248,121,253,254
68,261,69,71,266,75,80,81,86,278,87,88,89,283,91,92,158,32,104,168,109,242,51,244,117,116,249,250
257,258,260,73,74,329,77,270,16,81,85,87,280,89,88,158,94,32,98,101,107,109,51,116,119,120,254
257,74,75,204,268,270,81,278,86,87,88,120,157,158,32,107,109,241,242,51,244,114,118,248,250,251,124,254
258,259,69,71,264,265,74,77,269,270,208,81,87,88,282,283,158,32,106,42,109,241,51,244,186,187,253,254
195,68,262,71,264,74,76,77,206,84,86,87,90,282,92,155,158,32,105,106,112,51,244,180,116,248,253
69,264,265,74,73,208,81,210,87,88,89,282,283,158,94,32,106,107,109,241,51,248,249,251,253,254
196,198,135,8,74,205,13,81,210,274,87,24,88,282,92,158,32,97,103,105,106,109,243,116,51,118,248,187
257,68,197,73,10,270,16,81,275,278,87,280,89,218,88,158,32,101,109,51,116,119,120,251
0,68,73,16,17,81,19,210,21,87,88,89,27,29,158,159,32,35,227,232,109,46,178,51,52,116,63
68,69,198,264,265,266,74,80,81,87,88,89,283,158,32,106,109,241,51,244,116,119,248,249,253,254
68,69,266,75,205,270,81,210,86,87,88,89,283,92,158,32,98,104,107,109,51,244,116,120,249,250,251,254
68,71,76,77,81,279,87,88,282,27,92,284,89,158,32,99,166,105,109,51,244,180,116,247,248,187,254
256,258,68,69,264,74,75,266,81,210,87,88,89,283,158,32,121,106,107,109,241,242,51,244,116,249,250,254
257,258,260,264,74,75,77,270,81,213,87,88,89,283,158,32,109,51,244,116,120,249,250,251,254
68,266,75,270,81,277,278,86,87,88,89,92,284,158,32,101,104,301,109,114,51,244,116,250,251,254
256,258,68,70,74,267,269,77,81,84,87,88,89,282,284,92,158,32,97,105,109,51,244,116,54,119,248
256,258,68,264,74,269,142,81,83,279,87,88,282,89,284,26,158,95,32,41,106,107,109,51,116,247,248,253
256,257,258,260,264,74,269,270,81,214,87,88,89,284,158,32,106,107,109,241,51,244,116,119,252,253,254
256,258,68,70,74,269,77,270,81,210,213,86,87,88,89,282,284,158,32,105,109,51,244,116,245,250,251,254
67,68,69,71,264,265,266,74,75,200,18,84,86,87,88,283,158,96,121,106,172,241,51,116,249,254
258,260,69,72,73,74,75,77,270,16,81,87,88,89,282,283,158,32,109,241,51,244,116,248,249,58,253,254
258,68,70,74,75,76,77,270,81,84,213,150,87,88,89,282,92,158,32,105,43,109,114,51,244,116,248,254
257,259,199,201,74,267,75,13,270,81,87,88,89,93,30,32,35,37,104,44,115,244,243,52,119,250,251
257,258,68,135,71,7,74,270,206,81,278,86,87,89,88,155,156,158,106,112,114,115,244,51,116,250,251
68,325,73,10,75,270,16,81,210,275,278,214,87,88,89,158,32,101,107,237,109,51,244,116,120,250,251
67,69,200,266,75,267,80,209,18,275,212,81,87,88,283,158,96,104,168,106,109,241,242,51,244,249,254
258,68,69,70,74,75,270,81,210,213,86,87,88,89,158,32,109,243,244,115,51,116,248,249,250,251,254
68,325,262,266,75,270,81,210,277,278,86,87,88,89,283,92,158,32,104,109,51,244,116,120,250,251,254
68,198,70,13,77,208,81,210,21,23,87,88,282,27,284,89,158,32,99,166,105,106,109,241,51,244,116,254
68,69,198,264,265,74,266,75,81,210,213,86,87,88,89,282,91,158,32,249,106,109,51,244,116,248,121,254
321,259,68,3,73,272,16,81,209,210,279,87,88,89,158,32,185,232,109,49,50,114,51,117,116,121,255
66,68,70,71,264,265,74,77,81,210,87,88,89,282,158,32,97,106,107,109,114,51,244,117,116,248,249,254
258,68,69,264,74,75,266,81,210,213,87,88,89,282,283,158,96,32,109,243,244,51,116,248,249,250,254
68,69,71,264,265,74,11,79,86,87,88,282,283,284,158,32,169,106,241,188,51,116,119,120,252,189,254
260,69,68,71,72,265,74,266,75,7,81,276,86,87,88,89,158,249,105,106,51,244,117,116,248,121,250,254
264,265,74,75,11,77,270,271,81,84,87,88,281,282,283,158,32,106,109,241,51,244,116,248,253,254
1,68,69,71,264,265,74,266,273,81,86,87,282,283,158,94,32,121,41,106,241,51,116,117,248,249,254
69,264,330,74,80,81,87,280,88,89,283,91,158,32,98,170,107,106,109,241,51,116,119,120,59,252,253,254
66,259,68,263,74,11,268,77,270,272,80,81,86,87,88,282,158,31,99,163,43,109,48,51,116,251,252,125
258,68,71,264,265,74,266,79,86,87,88,282,283,158,32,249,39,106,241,51,116,189,248,121,188,253,254
194,68,325,71,7,74,270,81,277,86,87,88,158,97,168,106,109,51,244,117,116,250,251
68,69,71,264,265,74,263,12,77,269,86,87,88,282,156,158,32,121,106,241,51,244,116,248,249,253,254
195,69,71,264,74,77,81,146,87,88,89,282,92,158,32,249,166,109,178,51,244,117,116,248,121,250,253,254
259,68,74,75,270,81,210,277,278,213,86,87,88,89,158,32,107,109,51,244,117,116,120,250,251,254
258,68,70,71,7,74,76,77,81,86,87,88,282,158,99,105,106,109,51,244,116,117,248,253,254
64,68,264,75,81,210,86,87,88,89,282,283,120,158,32,106,109,46,241,51,244,116,119,248,250,253,254
68,69,198,71,264,265,74,11,81,86,87,282,283,284,158,32,168,106,109,241,243,244,116,51,248,253,254
68,325,266,75,270,81,210,278,86,87,88,89,283,92,158,32,163,104,109,51,244,116,249,250,251,254
71,8,77,13,17,146,81,23,87,88,27,92,158,32,99,164,166,105,44,109,304,178,51,244,250,187
258,264,265,74,11,268,77,269,81,87,280,88,282,158,32,99,101,106,109,241,242,51,116,119,248,252,253
68,69,71,264,265,266,75,74,7,269,143,81,86,87,88,283,158,249,106,51,244,116,248,121,250,254
68,69,71,264,265,74,76,79,81,86,87,88,282,283,158,32,249,168,106,109,51,244,116,248,121,253,254
68,69,71,264,265,74,77,208,81,86,87,88,282,283,158,32,106,109,241,51,244,116,248,249,187,253,254
256,68,261,269,81,86,279,87,88,282,89,91,92,158,166,105,107,109,112,114,116,244,247,248
68,261,325,71,266,75,270,81,277,86,87,88,89,92,158,101,104,109,115,244,117,116,51,250,251
256,258,260,68,264,74,269,77,81,210,87,88,89,282,154,284,158,32,99,166,109,241,51,244,116,119,120,252
258,70,74,142,270,80,81,87,280,88,282,89,120,158,32,168,106,107,109,48,241,51,244,179,116,119,248,254
257,259,68,325,73,75,270,16,81,277,278,87,88,89,158,32,101,104,107,109,51,244,116,120,250,251,254
68,325,73,10,75,270,16,81,210,275,278,214,280,87,218,88,89,284,158,32,101,109,51,116,120,250,251
256,68,69,264,74,75,266,77,81,210,87,88,89,282,283,92,158,32,109,51,244,116,121,250,251,254
68,325,12,81,18,275,19,210,86,22,87,88,89,91,92,158,32,106,109,240,242,51,116,53,117,189
257,259,73,10,270,16,81,278,87,280,89,218,88,282,158,101,108,109,114,51,117,119,120,250,251
258,67,68,71,264,265,74,266,75,269,81,18,278,86,87,282,158,96,241,51,244,117,116,121,254
325,200,329,10,137,73,270,78,16,81,275,214,87,88,89,218,158,32,101,231,237,109,51,116,120,249,251
68,69,71,264,265,266,75,81,86,87,88,283,158,32,249,168,106,109,241,51,116,248,121,250,253,254
258,68,70,71,264,265,74,262,7,77,81,86,87,88,89,282,158,105,106,51,244,117,116,119,248,249,254
256,258,68,70,264,74,77,269,81,210,86,87,88,89,282,158,32,106,109,241,51,244,116,119,248,253,254
64,68,325,266,75,13,270,81,85,87,88,89,282,91,92,158,32,101,231,105,107,109,51,244,116,250
67,68,69,71,266,75,18,275,82,278,86,87,88,283,158,96,104,106,172,111,242,51,116,249,250,251,254
256,64,258,260,198,264,74,11,77,15,17,81,21,87,88,89,282,158,32,106,109,51,244,116,248,252,253,254
259,68,69,71,264,74,77,270,81,86,87,88,282,283,158,32,313,106,107,109,51,244,117,116,248,249,253,254
68,71,264,265,74,7,77,79,86,87,88,282,283,158,95,32,106,241,51,244,116,248,249,250,187,253,254
256,68,69,264,74,266,75,269,81,214,87,88,158,32,166,104,106,107,45,174,109,243,244,51,249,250,251,254
68,70,264,74,75,77,269,81,210,87,88,89,282,120,92,158,32,97,163,109,51,244,116,119,248,249,250,254
67,68,69,325,264,266,75,267,81,18,210,213,214,87,88,89,283,158,32,104,109,51,244,116,56,249,254,319
68,325,75,270,142,81,213,86,87,88,283,158,160,170,107,109,241,51,116,119,120,186,251,254,191
194,68,69,5,70,264,265,74,266,75,71,7,86,87,283,155,158,121,98,106,241,243,244,116,248,249,253,254
68,69,70,199,264,265,74,75,201,207,86,87,280,217,282,283,249,173,241,244,53,116,119,248,121,253,254
259,264,74,77,270,81,87,88,282,283,284,158,32,106,43,108,109,241,51,244,117,119,248,59,253,254
0,68,73,16,17,81,210,21,279,87,88,90,27,89,158,159,32,35,109,46,49,178,51,116,55,57,63
68,70,71,73,74,11,268,270,16,81,86,87,280,88,282,158,97,163,101,109,51,116,119,120,251
64,195,68,198,264,74,266,81,211,87,283,158,94,290,166,103,107,43,109,174,241,51,244,248,249,253,254
325,10,75,266,202,270,268,205,81,210,275,214,278,87,280,215,88,158,101,104,109,242,51,119,120,250,251
256,258,68,262,71,7,74,11,77,270,81,214,86,87,89,88,158,99,101,166,105,106,109,51,244,116,250,251
68,71,264,265,74,76,77,79,144,86,87,282,284,92,95,105,106,112,51,244,180,116,248,188,253
256,257,258,259,66,68,262,263,74,268,77,270,272,81,87,88,89,158,31,32,99,109,51,244,116,119,251,252
68,69,264,74,75,266,11,81,210,86,87,88,89,282,283,158,32,249,106,109,241,51,244,116,121,253,254
68,71,9,12,77,270,271,76,81,147,86,87,280,282,90,158,32,99,105,234,106,43,241,51,116,247,315
64,324,69,68,264,74,266,203,208,81,84,87,88,89,281,158,32,126,249,250,106,109,51,116,248,121,186,254
68,263,74,75,266,77,270,81,210,277,87,88,89,282,92,158,32,109,114,51,244,117,116,120,249,250,254
257,258,68,71,329,10,73,270,16,81,84,86,87,280,89,218,216,91,158,101,102,106,46,51,116,120,251
258,195,70,74,76,77,269,206,81,84,87,282,155,92,91,158,32,105,109,114,115,244,51,182,247,248,122
68,69,7,264,265,74,71,86,87,88,282,283,158,249,106,241,242,51,244,116,117,247,248,121,250,254
259,68,263,71,74,75,268,77,270,79,272,86,87,88,158,95,31,99,106,241,51,116,120,249,250,251,254
256,70,71,74,269,77,81,210,84,87,88,282,92,284,158,32,97,168,105,109,114,51,244,248,187,62
258,70,71,74,77,270,205,81,210,87,88,89,282,92,158,32,99,101,166,168,105,109,114,51,244,117,126
257,261,266,75,74,270,81,277,278,87,88,89,92,93,158,32,313,104,109,243,244,117,51,116,248,249,250,254
68,71,74,75,10,270,81,277,86,87,89,28,158,32,97,106,109,114,51,244,116,120,250,251,188,254
68,69,70,71,264,265,74,77,141,85,86,87,88,282,283,158,94,98,249,106,241,113,51,244,116,248,121,254
69,5,71,266,74,75,270,142,79,81,212,87,88,94,158,95,98,104,107,109,243,51,249,250,251,254,127
68,69,264,8,75,77,275,20,86,23,87,283,27,157,158,36,166,105,106,178,244,116,118,119,249,250,253
3,69,266,267,12,142,79,80,81,18,275,146,19,87,88,155,283,158,32,168,106,109,241,242,51,244,118,313
68,325,7,71,329,202,74,10,13,75,81,19,214,86,87,88,282,158,106,237,51,116,53,117,189
68,325,69,73,266,75,202,16,81,18,275,210,87,88,89,283,158,32,249,104,109,51,244,116,121,250,251
320,69,198,71,264,265,72,74,205,15,81,146,210,87,88,89,91,158,32,106,109,241,51,119,248,249,253
257,260,68,74,270,81,210,86,87,280,89,88,283,158,32,99,101,166,109,51,244,116,119,120,251,254
258,259,75,270,81,277,278,87,88,92,158,32,97,108,109,112,114,243,244,117,180,51,120,116,250,251
67,68,69,71,74,266,75,270,144,81,18,19,278,86,87,88,283,158,96,112,51,180,117,116,249,250,254
258,69,264,74,330,77,270,269,80,81,87,88,89,282,158,32,106,109,241,243,244,51,116,309,248,249,60,254
68,71,264,7,74,76,77,81,86,23,87,88,282,283,27,284,158,99,166,105,106,109,51,244,116,248,253,254
325,74,11,272,81,214,87,280,89,282,283,88,158,32,168,106,107,109,241,51,116,119,120,250,253,254
257,71,74,270,142,208,81,84,87,280,88,282,283,284,89,158,32,106,43,109,241,51,244,119,120,187,252,254
68,264,74,77,269,81,84,87,88,89,282,153,284,158,32,106,43,109,241,51,244,116,182,119,248,253,254
68,69,264,74,75,268,77,81,277,87,88,89,282,158,32,97,106,109,242,51,244,178,116,248,249,250,253,254
258,66,68,69,264,265,74,266,81,274,87,88,89,283,158,32,106,109,241,51,244,116,248,249,253,254
1,137,75,269,270,81,214,87,280,88,218,283,158,94,32,101,104,170,107,106,109,241,51,116,119,120,251
194,259,68,325,262,71,7,74,270,81,277,86,87,88,156,158,97,106,109,243,115,51,116,121,250,251
68,11,270,81,213,87,280,88,89,283,284,92,158,107,43,109,241,243,51,116,119,120,251,253,254,191
69,71,265,74,266,205,80,81,210,87,88,89,282,158,32,249,106,107,109,51,244,117,248,121,250,254
321,6,7,13,143,144,209,146,208,86,215,90,155,156,158,160,164,168,169,106,301,304,179,116,53,180,181,121
192,2,324,198,330,11,202,144,146,18,214,87,26,155,157,158,160,161,167,106,175,179,180,51,253,316,189
64,193,324,69,266,203,209,146,212,213,149,215,154,155,158,159,160,32,167,106,171,172,175,114,179,182
141,148,152,153,154,158,226,293,294,295,296,167,170,299,171,172,174,303,175,177,307,179,310,184
66,195,326,327,206,143,144,209,274,211,147,213,153,155,158,160,293,167,296,297,172,47,175,177,179,180,187,316
324,69,202,11,203,141,144,146,18,150,153,155,158,160,42,170,300,175,177,306,179,180,182,317,316,253,191
327,330,143,144,145,275,148,155,158,184,226,292,293,295,167,172,174,303,175,179,180,310,311,312,316,189
3,196,200,10,12,142,271,144,148,214,155,158,223,160,231,170,172,237,174,175,177,179,180,53,311,315
64,265,266,330,15,143,16,18,146,22,215,151,150,90,87,158,159,32,160,163,165,168,106,42,51,121,189
194,3,325,15,144,18,19,20,146,214,87,155,157,158,32,160,161,235,173,302,175,304,240,179,180,53,181,51
323,196,3,4,200,12,271,143,144,146,148,155,158,293,167,172,237,174,175,304,177,179,180,310,184,315,188
193,3,8,14,80,144,87,24,217,88,155,221,157,158,160,161,103,167,236,172,175,51,179,180,246,118,58
324,327,330,12,142,143,207,144,18,87,155,221,157,158,160,163,167,168,175,242,178,179,53,180,118,312,189,190
327,146,147,213,88,154,155,158,226,293,294,295,167,297,299,171,172,303,175,176,178,179,184,317
324,5,141,142,148,215,152,154,155,157,158,226,295,167,296,171,172,300,299,175,174,179,307,308,310
330,142,144,274,146,155,220,221,29,159,160,161,157,227,158,165,39,167,168,170,300,302,175,305,178,179,180,317
198,330,76,144,146,90,155,158,160,161,165,229,293,294,167,42,296,166,297,110,172,175,179,180,317,253,191
1,195,198,6,327,9,142,146,147,149,215,155,92,158,161,168,169,172,174,175,180,53,54,187,63
320,321,198,71,72,265,73,144,209,87,151,282,90,158,159,160,161,163,165,168,106,51,180,182,248,121,317
327,141,144,146,147,213,150,152,153,154,155,221,158,167,171,299,172,175,177,179,314,316,317,319
320,198,265,330,13,142,144,18,148,86,215,155,158,160,163,168,106,172,174,175,116,53,309,180,189,254
10,330,12,142,275,148,22,158,292,167,295,170,172,237,174,303,175,177,242,179,307,310,311,184
143,144,148,154,155,158,226,292,293,166,295,167,296,299,171,172,174,303,175,179,180,310,184
329,73,202,330,10,13,15,275,150,151,216,88,152,30,158,32,165,37,167,168,44,237,174,303,304,309,311,189
320,64,72,265,73,266,15,150,87,151,90,155,30,158,32,161,34,159,165,168,106,43,111,112,50,51,309,121
141,144,274,148,149,183,154,155,221,29,159,160,158,167,296,299,300,172,174,175,305,306,179,180,310,182,314
5,141,144,148,154,155,184,158,98,226,166,295,167,299,172,174,303,175,242,179,180,310,312,319
2,3,143,144,18,19,213,22,87,88,155,157,222,158,160,297,235,236,302,175,304,242,178,179,53,180,181,190
144,18,146,148,147,87,281,155,29,158,159,160,227,35,294,172,302,174,175,305,179,180,184,317
134,73,141,275,150,151,152,87,154,158,159,226,165,167,295,168,171,300,303,175,179,51,182,311,186
2,330,13,143,144,209,146,19,18,87,217,155,93,157,158,160,38,106,175,304,240,179,180,53,181,61,189
67,5,141,144,18,275,148,155,221,158,98,292,166,167,172,302,174,175,305,242,179,180,310,184,313,127
6,265,330,266,9,142,144,146,18,148,86,215,88,155,158,297,106,170,172,174,175,304,178,179,180,53,121,189
64,325,329,144,209,275,147,213,214,154,155,156,158,32,294,167,166,171,172,174,175,179,307,180,311,184,319
65,129,206,15,144,17,146,87,90,155,157,158,160,32,297,42,169,302,175,304,49,179,180,181,57
327,264,7,203,144,209,146,82,87,154,155,157,158,160,32,161,106,171,173,175,179,180,181,51,121,317
64,265,266,75,15,144,209,18,82,20,85,87,155,157,158,32,160,161,185,166,167,106,175,179,180,51,121,250
193,194,330,266,203,15,19,212,85,86,151,158,95,32,162,165,168,171,111,240,175,114,50,116,311,61
321,6,71,9,15,144,209,82,146,147,87,90,155,157,158,159,224,161,160,169,175,49,179,180,181,51,62
327,143,144,145,148,213,154,155,158,160,226,293,166,295,167,297,170,299,172,175,179,180,310,312,316,317,319
320,4,198,204,206,146,274,211,150,215,152,151,90,155,158,159,99,165,168,175,304,50,179,180,182,317
324,326,327,144,209,148,213,149,152,154,155,158,160,32,293,166,167,171,172,174,175,179,180,316,317
327,330,142,207,144,18,19,147,146,22,148,87,88,155,158,98,106,170,172,175,242,178,180,53,312,313,189
5,141,144,148,154,155,221,158,226,98,293,166,295,167,299,172,174,303,175,179,180,310,184
128,130,131,196,5,134,135,325,137,202,10,329,132,139,140,16,146,213,214,289,304,123,124,126,127
128,130,131,132,133,136,139,140,285,286,288,290,122,123,125
128,130,131,132,133,134,136,139,140,152,154,226,291,293,295,167,299,171,303,310,184,123,124,126,127
128,130,131,134,135,139,140,152,287,290,291,294,295,167,299,171,303,306,307,184,123,124,126,127
128,130,131,132,133,136,139,140,285,286,288,290,123,125,127
192,128,130,131,324,135,8,137,138,139,208,17,146,21,23,27,289,42,43,44,178,180,55,57,122,123,127
128,130,131,132,133,136,138,139,140,285,286,287,288,290,123,127
128,64,322,130,131,132,134,133,135,136,139,140,75,208,146,215,32,289,290,288,42,122,123,318,127
128,192,130,131,132,133,136,139,140,27,285,286,288,290,122,123,125
128,193,130,131,132,133,134,136,139,140,210,215,152,154,95,291,292,167,41,171,314,123,124,126,127
128,192,130,131,132,133,135,136,139,140,146,23,27,285,286,288,290,164,57,122,123,125
128,130,131,132,133,134,135,137,202,329,12,10,139,140,214,151,288,289,290,291,237,304,53,123,189,127
128,322,130,131,132,134,133,139,140,213,215,152,289,291,292,167,295,303,184,126,123,124,318,127
128,129,130,131,132,133,134,135,136,201,330,139,140,221,158,288,289,122,123,313,314,317,189,127
128,130,131,132,133,136,139,140,285,286,288,290,123,125
128,130,131,132,133,136,139,140,285,286,288,289,290,122,123,125,127
128,129,2,130,131,132,133,134,136,135,139,140,143,207,209,213,22,222,288,168,236,301,242,53,312,123,127
128,322,130,324,131,132,133,136,137,138,139,140,207,20,213,215,289,236,53,312,122,123,127,189,319
128,129,2,3,131,130,132,133,134,136,139,140,13,209,82,146,213,215,222,32,289,290,288,168,236,49,123,127
64,128,130,131,324,5,132,133,136,137,266,138,139,140,20,213,214,215,217,32,289,113,122,123,127
128,130,131,132,133,134,139,140,152,288,226,291,293,295,167,299,303,175,307,310,184,123,124,126,127
128,130,131,132,133,136,139,140,285,286,288,290,173,123,125
192,128,130,131,132,197,133,134,136,139,140,208,17,146,23,27,160,161,290,42,44,49,178,57,122,123,127,63
128,129,130,131,132,133,136,138,139,140,285,286,288,289,290,123,127
128,129,322,3,130,5,131,135,132,137,133,134,136,139,140,212,213,215,217,285,222,288,289,290,123,189,127
128,192,130,131,132,133,136,139,140,27,285,286,287,288,290,122,123,125
128,129,130,131,132,133,136,139,140,285,286,287,288,290,123,125
128,129,130,131,132,133,134,135,136,137,10,329,139,140,20,214,222,288,289,235,123,237,304,53,311,251,127
128,130,131,132,133,134,136,139,140,152,226,291,293,294,295,299,303,307,308,310,184,123,124,126,127
128,130,3,324,131,134,132,133,136,139,140,208,146,152,154,221,287,289,290,167,123,127,126,319
191,194,324,325,198,199,326,327,197,200,201,205,208,209,210,212,213,215,187,316,319
194,3,323,197,199,200,201,10,202,12,205,208,209,210,19,213,214,87,215,231,233,170,235,311,187,191
192,191,194,324,197,326,198,199,201,202,205,208,80,209,210,213,215,314,189,313,186,187,316,317,319
191,194,324,325,198,327,199,197,201,202,205,207,208,209,210,213,215,87,312,186,187,316,189,319
191,322,194,324,323,260,199,327,197,201,205,207,209,145,210,213,215,187,312,186,317,316,189,319
192,194,324,319,326,199,327,197,201,202,205,208,209,210,213,214,215,186,187,316,189,191
64,191,194,322,324,325,197,199,72,201,205,209,210,213,214,215,217,34,187,314,251,319
194,3,322,197,199,327,329,202,10,12,201,205,209,210,275,213,214,215,216,237,239,311,187,189,191
64,192,194,191,325,326,199,329,202,205,208,210,213,214,215,32,34,187,186,251,189,319
191,322,3,196,325,324,194,199,329,202,201,12,205,207,208,210,213,214,215,217,32,34,187,189,319
320,191,322,195,324,194,198,327,199,202,205,210,211,213,214,215,217,187,313,317,316,189,319
64,194,196,325,70,324,199,329,202,73,74,72,201,205,78,81,210,213,214,215,152,97,101,187,251,191
192,320,194,324,197,198,199,201,9,76,205,208,209,210,213,215,216,180,248,187,316,191
192,64,194,3,324,325,326,199,191,201,202,12,205,207,208,146,210,214,215,217,167,314,187,189,319
192,191,194,197,326,327,199,328,201,205,208,209,146,210,213,215,253,94,229,241,313,314,187,316,189,319
194,324,197,134,199,201,205,207,80,210,213,215,88,24,221,103,236,305,51,245,246,312,58,187,191
191,194,67,325,197,327,198,199,201,12,205,207,18,275,210,213,214,215,223,172,242,312,313,187,189,318,319
256,321,194,197,199,201,202,204,269,205,208,209,210,84,213,150,279,87,215,91,165,102,180,55,314,187,191
191,194,195,197,326,327,199,201,202,205,143,207,209,208,210,213,215,161,297,312,187,316,319
192,191,194,324,197,326,199,201,202,203,205,208,209,210,213,214,87,215,51,312,186,187,316,189,319
64,321,322,192,324,194,198,199,191,202,204,205,208,209,210,213,214,215,216,32,34,187,316,189,319
192,194,3,196,4,326,197,328,199,201,205,209,146,211,148,210,213,87,215,155,161,227,176,57,187,191
129,2,3,194,197,199,201,12,205,207,80,209,210,213,87,24,217,88,215,221,223,38,103,312,187,191
194,3,195,197,325,199,137,202,11,12,201,205,81,210,275,19,211,214,213,215,218,231,233,107,237,187,191
192,194,324,197,198,199,201,202,203,205,208,209,210,213,214,215,32,106,180,189,186,187,316,317,191
192,66,194,4,197,199,201,268,205,206,79,272,209,210,211,213,215,216,31,232,49,55,57,187,191
194,67,198,199,205,207,80,18,210,213,215,88,24,221,223,96,98,103,305,242,51,246,183,312,187
64,321,194,324,197,198,199,329,202,203,201,204,206,205,209,210,85,214,213,87,217,215,34,163,187,191
194,324,325,197,199,201,203,205,207,209,210,213,214,215,217,89,312,186,187,316,189,191
321,322,194,324,197,191,199,201,202,203,205,206,208,209,210,213,214,215,34,186,187,316,318,319
321,193,3,324,194,198,197,199,201,202,203,205,208,81,146,210,209,213,215,42,189,314,187,317,191
192,64,191,2,324,68,198,194,326,202,203,205,208,146,210,214,215,290,166,103,107,53,187,316,317,319
194,3,196,133,197,199,200,201,202,12,205,207,208,209,146,210,213,214,215,29,227,233,314,187,191
64,321,194,322,325,197,199,201,204,205,209,210,213,214,215,216,217,89,34,163,61,187,189,191
320,194,324,197,198,199,328,265,201,203,202,205,208,209,210,213,215,87,282,106,187,110,248,317,189,191
64,191,322,194,324,325,199,201,202,203,10,205,208,210,213,214,215,217,28,186,187,188,319
64,257,258,194,325,197,199,329,201,202,77,205,209,210,213,214,215,87,89,101,244,180,309,248,187,191
194,196,325,135,199,73,329,202,10,205,210,275,213,214,215,42,237,304,177,187,188,189,191
191,322,194,324,197,198,327,199,201,266,202,205,207,209,210,213,214,215,217,242,312,187,316,189,319
321,322,194,324,197,198,199,201,202,203,13,205,209,210,213,214,215,312,186,187,316,318,191
191,322,194,324,197,326,327,199,201,202,203,205,208,209,146,210,213,214,215,217,25,187,316,189,319
193,194,191,324,325,197,199,201,205,209,210,213,215,221,187,60,316,312,314,317,188,189,319
129,194,67,3,198,199,201,205,18,210,213,215,281,221,95,96,159,34,292,41,302,313,314,187,191
192,66,3,196,195,194,135,197,199,202,201,268,205,206,272,208,146,211,209,210,214,213,87,215,31,187,191
192,194,4,197,326,327,328,199,201,202,205,206,208,209,146,274,148,210,213,215,159,42,176,57,187,191
192,194,323,4,196,3,135,200,324,197,199,328,201,206,271,79,205,146,210,213,214,215,304,57,187,316,191
191,194,324,197,327,328,199,201,202,205,143,208,209,210,213,215,168,52,189,187,316,317,319
320,322,194,324,319,198,197,199,9,201,205,206,208,210,213,215,98,180,187,316,318,191
191,194,325,197,199,326,329,202,10,201,205,207,209,210,275,213,214,215,217,231,237,311,312,187,319
191,322,3,324,325,194,327,199,205,209,210,213,214,215,85,217,289,53,312,187,60,189,319
194,3,197,135,200,329,10,202,12,199,201,205,16,208,209,19,210,213,87,215,218,231,233,311,187,191
194,325,197,199,329,202,73,201,205,208,209,210,213,214,215,216,217,87,34,187,189,191
321,65,194,197,199,201,202,203,204,205,208,209,210,213,150,279,216,87,215,102,55,314,187,317,191
194,324,325,198,197,199,201,330,202,205,208,209,210,213,215,283,186,106,241,313,314,187,189,191
64,321,194,322,324,197,199,201,202,203,205,206,208,209,210,213,214,85,215,217,34,187,318,191
194,323,3,197,199,200,201,202,12,205,271,208,209,210,147,213,214,215,32,233,170,237,187,239,315,189,191
191,194,324,197,199,327,201,202,203,205,208,209,210,213,214,215,87,217,34,186,187,316,189,319
194,324,325,197,199,327,201,202,13,142,205,209,210,213,214,215,95,292,41,314,187,189,191
192,322,194,324,325,198,199,319,197,202,201,75,76,205,208,209,210,213,214,215,186,187,316,189,191
192,194,323,199,8,202,203,205,14,80,209,208,210,213,214,215,88,217,24,32,103,47,246,183,58,187
194,323,196,4,3,197,200,199,202,201,12,205,271,209,210,211,213,214,87,24,215,103,187,239,315,191
192,194,197,199,8,201,202,203,205,14,206,80,208,210,209,213,87,24,215,103,246,58,187,188,191
320,192,194,324,325,198,199,202,203,205,142,208,210,213,214,215,151,32,182,186,187,316,189,191
192,194,3,324,67,198,327,199,265,202,205,207,208,18,146,210,213,214,215,96,32,106,189,312,313,187,317
128,321,322,3,194,325,192,202,12,204,205,208,209,210,275,19,213,214,22,215,217,32,34,163,235,312,187,189
194,196,325,197,199,329,202,137,201,205,15,209,210,213,214,151,215,217,218,34,313,186,187,189,191
66,195,3,259,196,327,194,197,199,201,268,205,79,210,211,213,214,215,217,31,172,48,304,313,187,189,191
194,3,325,197,199,200,201,202,12,205,208,209,210,19,213,214,87,215,227,233,237,187,312,315,189,191
191,194,324,325,326,199,197,201,202,203,205,208,209,210,213,214,215,216,187,316,189,319
64,321,194,324,325,197,199,201,204,205,209,82,210,213,214,215,216,217,85,87,89,34,163,187,191
194,3,197,199,200,329,138,10,12,73,328,271,201,205,209,210,213,215,280,91,234,237,187,239,315,189,191
191,194,325,197,199,326,329,202,201,205,207,209,210,275,213,214,215,217,312,187,189,319
194,3,195,197,199,201,202,12,205,207,143,81,210,275,211,213,215,221,236,237,242,53,311,312,187,188,189,191
192,191,194,196,324,326,199,201,202,203,205,206,208,146,210,213,214,215,42,110,53,118,187,316,319
194,324,325,197,199,201,202,203,205,208,209,210,20,213,214,215,87,217,186,187,189,191
256,321,65,194,197,198,199,201,202,204,205,206,208,209,210,213,279,216,87,215,91,102,180,55,314,187,191
194,67,3,197,327,199,201,12,205,207,18,19,275,210,213,87,215,221,223,96,242,312,313,187,191
191,322,3,324,325,194,199,327,197,201,12,205,207,145,210,213,214,215,217,312,187,189,319
191,322,3,324,325,194,199,201,12,205,207,208,210,275,214,215,217,167,117,312,186,187,189,319
192,194,323,4,196,199,200,9,202,205,79,271,208,210,211,213,214,215,156,32,38,233,237,304,187,188
