225,739,1251,1062,682,942,628,919,1273,859,1244,93,1049,863
1248,1282,355,741,805,1285,1287,1194,43,663,1277,1242,1212,669
740,329,208,50,93,1014,569,443,572,573
1216,1218,899,742,903,1127,974,497,1173,885,727,408,889,667
707,199,968,744,844,1046,87,152,217,1179,862
1189,358,747,941,589,271,432,1233,437,821,1242,667,317,447
1218,355,1194,746,43,1006,1148,849,1234,1202,822,1212
477,547,100,102,743,956,749,1198,115,467,22,505,539,60,285
389,910,911,752,594,595,1269,602,990,922
771,996,171,332,110,753,625,113,657,691,374,694,888,1118,478
652,621,559,945,722,755,756,754,851,1143,1209,1274,1245,1119
1272,961,1250,1225,587,718,48,304,760,211,56,893,703
1157,266,394,588,974,432,272,1266,53,86,215,311,447
1189,747,1259,589,941,430,272,1233,1202,821,86,796,317,734,447
1250,1252,426,331,31,639,304,823,56,794,796,957,606,703
321,69,41,842,363,684,107,654,592,819,852,607
608,1056,771,772,777,204,812,1198,115,1075,917,218,764
609,97,648,1133,1102,273,1238,1048,1050,444,1182,351
1272,613,806,426,43,206,718,399,822,663,56,1212,893,703
930,164,872,968,1258,1179,45,1170,1046,1015,410,411
929,614,6,136,779,972,975,178,1267,436,885,859,863
1248,196,229,421,934,969,497,436,757,1109,1175,314,1150,639
804,103,776,1068,847,82,758,185,797,1278
128,706,968,201,1197,493,815,977,1110,1111,664,217,410,411,286
1272,419,40,1161,1162,426,718,399,760,56,893,703
121,223,579,1145,991,550,552,913,979,1013,566,982,761,1239,799
931,229,614,873,779,15,1267,628,436,313,828,767
772,777,1195,1037,1198,1263,814,1203,500,1075,115,759,956,254,1183
608,1056,771,611,777,204,917,218,956
448,609,770,668,519,647,616,1169,531,308,444
768,1218,1155,354,741,1157,422,234,241,1234,437,663,125,350
32,923,1031,1035,1004,785,914,1108,852,1174,761,219,860,830,223
931,614,6,779,975,436,885,313,859,828,767
608,1056,611,771,777,204,917,218,956
162,1122,991,773,549,458,561,850,1203,694,442,1279
1219,1220,389,1097,1133,110,378,495,595,791,1208,1209,922,826,1119
1282,100,1285,773,1287,458,172,625,952,1277,285,1279
1250,419,1032,1256,1259,1260,1261,430,433,787,119,1272,893
1217,394,206,399,304,1233,786,1266,663,26,794
795,356,1222,231,426,760,984,24,1211,1117,798,703
1217,1193,76,718,399,271,1233,786,248,794,796,831
1188,453,231,808,426,1211,845,718,760,56,795,1117,798
1217,56,206,271,304,399,786,248,794,831
801,356,613,806,360,1161,588,492,785,886,951
802,771,102,425,777,843,305,1108,533,247,728,665
642,1279,552,106,1003,468,469,533,727,761,121,1114,799,893,1183
800,706,67,230,6,841,778,1003,972,239,1042,1237,249
1216,36,293,809,106,139,396,909,915,408,473,475,637
1218,1157,362,1194,810,1006,1234,306,661,215,1148
355,900,805,613,806,426,783,304,1266,822,663,760,1083,1212
231,808,426,714,845,13,269,760,789,918,952,56,252,703
1249,1218,1127,296,777,1194,683,236,175,816,1168,954,540
1188,394,76,397,589,206,1233,821,317,382,447
357,796,811,589,367,209,1202,1266,758,663,1242,1212
418,194,549,265,329,651,814,55,1111,375,1210,1023
448,609,993,261,1169,1238,759,537,827,444,637,575
1281,229,873,779,15,436,1210,828,767
1250,355,613,806,805,426,746,1039,211,822,1083,1212,703
121,1122,1186,260,875,913,761,694,566,825,442,283,1085,223
1218,1154,613,805,426,1290,269,303,498,531,663,1212,669,604
609,738,676,292,137,585,1131,586,618,1137,441,634,731,668,671
259,1033,492,846,366,303,1264,912,276,918,1151,670,959
708,296,1064,1066,235,173,378,468,885,727,1112,474,1083,667,1055
352,439,682,109,14,1039,718,789,662,246,56,665,90,318,255
833,420,870,905,682,906,170,364,1009,593,597,1051,894
608,194,418,965,743,680,204,1198,534,55,310,218,60,703
322,167,296,231,140,685,496,144,626,532,1205,1113,445,543
323,259,69,675,40,41,107,684,363,654,686,607
674,1219,1220,293,621,80,342,118,406,1182,1119
672,1217,1030,646,1193,297,267,76,713,334,811,304,447
609,994,678,903,838,908,1133,814,627,1238,759,441,95,1119
323,675,69,40,840,107,684,363,686,654,592,607
547,131,356,1127,296,268,175,112,401,690,1136,980,24,601,605
866,227,1124,1222,1127,233,426,760,691,693,309,918,984,409,700
709,1064,489,727,235,113,497,692,885,246,1173,1112,282,667,158
675,259,323,298,107,684,654,686,113,753,497,852,22,1174,510
864,640,960,1284,1286,1131,687,1040,657,725,695
256,2,579,709,645,550,458,815,688,977,211,980,1013,631,605
1113,129,801,296,8,616,173,685,175,845,689,280,153,187,543
1209,267,780,844,782,143,723,788,920,792,697,1051,763
197,1190,711,428,237,1230,1011,500,115,120,1048,954,699,254
644,884,1142,887,537,890,701,222
706,67,1284,966,1286,841,239,657,1206,664,731,668,702
1282,1285,1287,203,140,718,175,689,693,886,474,187,667,1277,543
288,0,640,773,869,458,1263,625,1203,853,694,631,1176,223
704,257,1092,1125,679,620,1039,213,696,954,1053
933,294,1127,712,520,807,968,236,453,175,1046,409,474,187,318
899,836,710,326,1224,299,44,300,463,336,627,435,179
708,679,296,521,1192,235,1066,432,148,501,532,950,1113,954,667
1121,705,1154,967,392,522,1290,402,1077,666,604
704,1093,518,393,717,372,373,1078,86,376,1080,1084,1055
1250,1259,619,331,430,433,119,1207,1272,1177,893,703
1027,1220,1002,652,559,945,754,722,851,755,406,1143,1245,1119
577,418,999,1034,1179,720,976,978,1110,1111,152,410,411,375,639
1218,322,612,613,393,588,269,719,1202,53,822,663,918,1212
1250,1252,1032,1261,430,119,439,1272,90,893,318,703
323,69,840,40,107,684,363,718,654,592,607
1282,1188,1285,1287,235,140,716,1232,113,530,1233,501,1277,158
1284,1286,715,687,1040,657,656,725,185,989,702
928,1,0,4,7,367,1200,1041,1016,1049,93,927
771,454,1128,777,714,845,1232,882,56,794,252,957,606
802,1223,425,1198,305,627,757,247,728,665,346
322,613,1064,808,426,8,616,1067,624,306,918,280,729,1112
649,875,1263,1200,561,1203,726,983,920,1049,731,668,93
608,677,748,781,623,115,1075,436,310,727,1114,1275,60
899,324,249,327,685,13,814,242,724,693,918,216,153,346
864,960,1185,803,1284,618,715,687,1040,657,725,989
838,906,346,1134,1007,945,722,754,115,629,438,1143,1016,1210,1245
970,906,748,638,751,722,723,755,920,888,697,1051,509,894
737,1218,357,646,43,1201,1202,1266,1234,659,661,663,1212
738,1027,1284,5,648,585,586,657,629,470,634,1021,446,671
996,1128,1259,1260,430,1140,1236,1207,1177,31,734,703
608,1248,454,487,587,781,1198,623,115,789,794,347,956,606,735
673,738,1284,1286,905,682,906,1040,629,1209,733
835,1284,1286,874,1131,1040,1137,657,854,695,730,731,702
1283,132,456,299,172,461,142,625,691,888,732,1279
736,258,706,643,707,122,709,462,655,720,30,218,894
0,636,673,98,290,709,234,525,1037,46,209,625,946,312,1020
1113,153,327,685,845,240,626,724,693,1205,918,281,445
228,901,486,136,522,171,1195,173,143,113,628,21,214,1274,351
677,680,172,812,1230,623,1037,748,177,469,534,727,1275
1121,705,1058,967,392,624,402,666,604
1027,1284,1286,9,1002,1100,1102,751,721,629,953,634,636,415
1184,418,771,549,1190,1191,681,1258,1132,493,310,636,1149,414
1186,217,968,844,625,978,853,310,1046,152,87,124
257,1125,421,1223,424,1065,696,23,632,1086
866,617,10,970,841,809,555,1073,755,1011,1108,343,761,1213
835,548,1284,1286,134,618,874,879,1040,1106,211,1206,505,861,1183
674,1284,485,970,621,657,883,342,406,698,697,1274,989,638
0,928,962,868,261,869,263,622,943,1169,1041,915,694,827,127
1250,1252,619,331,1261,430,433,119,1272,893,703
481,5,677,1290,620,13,175,144,1232,374,888,187,543
1218,1155,355,1157,1159,362,43,1167,1234,659,663,1148
448,770,647,648,906,1102,944,656,915,52,894
772,1190,551,137,218,363,1198,655,120,122,1020,1118,1183
323,259,69,675,40,840,107,684,654,686,607
121,803,424,328,970,427,270,1039,821,662,248,665,765,1048
1218,515,503,535,742,266,1266,1234,20,661,22,663,344,1148,61
193,418,484,133,549,781,814,753,1235,660,916,1208,249,346
1216,676,805,645,935,631,727,493,784,211,1043,1206,630,408
736,258,643,706,707,122,1190,709,1198,410,720,218,894
641,1127,296,8,427,685,845,175,13,1168,1232,379,280,187
514,420,606,1131,823,1137,786,597,726,695,794,731,957,638
384,352,358,650,1163,1164,1069,1166,25,955,889
673,833,614,647,648,1002,1102,944,369,1009,593
9,970,1100,751,721,723,629,117,920,697,634,638,415
1187,772,649,841,875,1200,1137,561,211,726,983,920,731,668
706,37,232,968,1258,299,493,1046,1111,1110,217,410,411,956,253,1215
835,935,874,907,1106,1235,1043,467,854,1206,505
962,869,1158,329,1226,1195,12,973,942,367,1200,432,799
547,296,8,1289,1290,235,173,13,175,495,106,1232,24,187,543
640,673,1284,292,1286,680,751,1040,656,657,695,698,702
482,199,744,968,872,844,1046,87,152,217,862
673,738,1027,903,1288,1210,415,629,1016,792,1209,634,733,95,1023
738,1027,1218,415,585,586,9,721,629,1079,634,671
164,968,1258,1130,815,1046,87,1110,1111,410,411,152
706,484,133,968,879,410,17,1235,1110,1111,664,1046,122,411,956
3,932,614,972,975,976,1042,1267,178,859,863
577,418,1034,346,720,976,978,411,1111,410,1179,375
1121,705,1154,709,967,392,1290,522,1037,1165,495,113,184,604,669
640,1183,67,292,772,839,554,1131,874,1011,854,695,218,93,1151
964,580,583,615,872,1004,914,1108,1015,985,924,1017
928,0,5,1158,620,973,1200,1041,1016,927
1250,1252,1256,331,1261,119,439,1272,90,893,318,703
439,1250,1252,331,1260,1261,430,787,119,1272,893,703
608,1056,771,1126,777,204,812,917,218,764
871,1160,971,1262,398,1264,819,856,959
737,1218,1157,1189,334,1232,1233,1266,1201,1234,1212,1148,317
100,1255,1195,1228,1037,1230,109,115,469,789,952,1114,765,1183
224,867,291,37,871,232,971,1262,1264,856,155,959
1248,929,580,1253,6,1223,968,1139,436,1115
448,1249,355,805,613,1194,43,409,816,1168,277,663,216,729,445
707,262,102,1135,465,851,468,533,539,58,475,1276,1182
193,804,103,1255,1068,82,818,758,185,1278
545,260,709,552,458,1098,1003,625,371,980,799,694,283,605,1279
1280,1089,418,1061,1070,18,1110,1111,1051,1213,351
1219,1220,293,35,652,1135,369,594,851,342,58,1182
674,1219,1220,652,80,945,851,118,1143,406,1274,1245,1119
160,1282,382,228,68,1188,1287,298,1232,1233,469,158,1277,30
962,869,1158,839,973,942,465,1270,1048,1273
1284,934,70,1288,77,16,1265,1073,1267,1209,1274,1021,1150,95
930,872,1258,1034,878,1170,978,411,1268,601,410,1179
224,1282,68,1287,317,941,1233,502,246,694,505,155,1277,382
1218,1157,616,43,1006,334,783,1202,1234,1266,1212,663,1242,1148
1282,1285,613,1287,172,1199,625,401,980,468,500,567,1277,283,605
389,909,911,594,595,658,602,1269,922,990
482,199,968,744,844,1197,1046,87,152,217,862
451,486,614,136,1199,464,16,178,1267,885,538,859,863
769,803,764,778,797,1194,784,1076,790,1271,1244,765
448,673,770,293,647,519,1002,656,784,1014,695,1273,634
674,1219,1220,290,621,851,118,406,1182,1119
481,1218,535,805,102,264,1194,43,1266,1234,1202,498,467,663,22,539
1216,1217,1250,408,874,718,784,211,883,854,631,1272,893,703
1217,206,399,271,1233,786,794,317,382,831
608,706,199,999,1130,815,688,977,410,1110,1111,217,122,411,956
99,1219,361,110,1135,911,368,1045,406,343,602,475,826,1214
1248,929,1253,6,1223,370,1139,436,1115
1248,929,1253,6,1223,614,1139,436,1115
1282,228,1188,1285,1222,296,1287,298,235,1232,113,468,24,1277
674,1219,1220,838,652,621,1135,406,343,1214,1119
899,567,934,903,1224,1160,398,1199,627,852,599,95
608,418,194,772,743,204,812,60,1198,109,310,55,952,956,285
772,1195,1196,1037,1230,1072,498,531,344,957,254,1183
1218,355,805,1194,43,784,849,1234,663,1242,1148
355,1157,806,1189,746,43,1202,1266,822,663,1242,1083,1212
795,194,231,808,426,714,109,789,310,55,56,1211,1117,798,703
1248,1281,934,106,972,173,178,18,55,1210,828,1150
418,229,1034,847,976,978,1170,411,410,1179,124
160,1282,197,1285,1287,297,174,494,1232,497,1205,158,1277,30
1218,612,1157,1189,775,1194,43,1266,1202,659,437,663,1212
1218,1194,362,1006,1167,849,1234,1266,661,1148,349
1218,612,1157,1189,1194,266,589,1233,1202,1266,437,663,1212,447
834,1189,357,941,1230,272,1233,1266,1202,437,86,796,447
835,935,874,907,1106,1043,1235,883,1206,854
865,418,197,1190,938,655,1235,120,122,699,1020,30
320,101,1288,328,77,1231,1265,1141,1178,348
290,1219,1220,293,361,1135,559,594,851,118,1182
257,1125,421,1065,727,175,23,632,378,667,1086
932,965,1126,777,204,1037,782,948,469,347,60
674,1219,1220,293,652,1135,559,851,118,406,1213,1182,1119
1121,1058,774,967,392,522,402,1077,184,666,1112
994,642,351,1129,841,11,874,945,854,1143,408,121,1245,446,95
290,1219,36,293,361,396,1133,1135,80,594,915,342,438,1182
704,227,1127,423,186,426,427,236,814,175,245,760,409,346,445
964,872,744,968,1258,844,1108,436,1046,601,410,411,862,639
1282,548,1221,1285,1287,1128,1232,753,1106,468,1140,1236,1208,1277,1183
1250,1252,1254,1032,619,1260,1261,331,430,433,1272,893
1218,1194,43,746,1006,849,1234,306,1148,349
1282,515,228,1285,1287,296,298,235,140,716,1232,497,1233,468,1277
928,1158,1226,973,942,1200,1041,1014,1273,93,1049,927
100,1189,614,204,1196,1198,1230,172,1075,115,469,1107,218,859,863
899,931,934,710,1224,264,44,463,627,124,1150
128,706,199,968,1197,462,815,977,84,1110,1111,664,217,410,411
961,802,390,391,454,1225,587,1263,48,1232,1203,440
225,836,964,710,841,1227,846,718,627,182,314,891,860,893
0,835,228,515,297,298,974,334,1232,1233,630,121,1277
738,740,359,970,460,657,1073,723,722,629,662,1016,1213,671
706,67,771,966,488,841,202,1102,239,656,339,218,315,702
960,548,292,1284,1286,874,618,879,1040,1106,407,218,861,1183
1092,679,1095,1065,1072,213,950,696,954,1053
1248,674,1220,647,621,1102,751,944,656,1045,342,725,697
1121,322,547,153,281,1127,200,522,140,175,918,760,1113,187,543
994,1219,838,710,264,43,908,909,911,1007,594,659,1119
385,1284,1286,1131,494,1040,1137,657,894,695,702,1119
899,931,934,903,1070,912,1011,627,308,892,1151,1150,95
899,934,710,1224,264,44,463,1199,627,124,95
1257,682,906,780,530,723,212,533,792,763,894
1163,1164,1069,1166,1165,1078,376,25,955,889
480,1089,835,231,169,874,302,207,1043,340,886,854,988,190
771,772,676,454,777,1037,879,1104,404,407,888,793,218,189
0,835,709,1221,974,271,1233,882,1204,1206,630,505,989,158,1183
581,583,584,1031,852,567,568,1241,574
864,960,420,1284,1286,874,1131,1040,1137,726,695,1209,698,731,894
1218,775,1194,43,1006,783,849,1234,1266,306,661,663,1148,349
576,1025,260,1098,560,850,565,789,56,825,570,283,1085,223
1272,1250,808,426,845,685,718,1232,760,1211,280,795,703
929,804,229,6,872,847,639,82,1138,757,758,56,411,1278,767
321,323,69,40,840,363,684,107,718,607
800,706,67,932,773,841,778,239,664,249,60,702
836,964,710,923,1224,924,1227,1004,779,627,571,860,1150,767
674,1219,1220,838,559,945,1143,343,1245,1119
744,968,844,410,411,1046,87,152,217,1111,1110,862
266,810,1261,334,399,304,1202,659,53,661,663,831
834,1218,612,1157,1202,1266,306,147,215,1242,1212,540
805,646,390,72,391,423,1069,1202,1076,950,663
739,771,1062,777,109,1198,115,1075,789,21,1244,956,285
795,356,1222,231,426,814,760,24,1211,1117,798,735
608,579,100,677,1285,550,814,1263,1199,1203,500,1013,567,1114,60
389,361,909,911,368,595,1045,922,826,990
896,56,1092,424,40,427,861,1039,657,338,213,696,954,221
1060,612,1031,169,426,1035,525,718,431,398,912,1011,598,892,1151
1284,682,715,780,143,687,657,725,792,697,1051
672,1217,1189,1030,267,76,206,334,304,399,271,823,794,447
3,1124,1029,71,232,168,265,299,972,1005,528,309,1215
512,706,199,968,202,1130,1197,462,815,977,1110,1111,410,411
0,832,709,317,495,271,336,399,1212,468,1270,1242,187,540,605
1185,98,225,12,702,1265,657,1270,823,1273,794,1021,638
418,549,999,1210,1034,493,720,246,1110,346,92,157,375
864,609,1027,647,621,494,687,1169,497,727,441,634,415
1248,1281,418,325,999,1001,206,304,980,276,55,284,605,1023
1024,1286,9,138,1002,1040,721,1010,1011,1018
963,1286,621,49,530,147,1012,818,1208,953,1180,541
32,1153,580,583,860,615,1004,567,568,1017,985
1218,1194,43,1006,849,1234,659,306,661,663,1148,349
748,237,1037,1008,177,469,310,88,956
993,994,909,910,911,1269,1238,727,602,667,637,575
994,1219,642,674,1220,1092,264,267,908,594,885,1055,1119
859,614,1160,1258,398,976,978,767,411,863,599,152,1179,375,639
259,996,297,1259,1260,430,1207,1177,734,703
673,385,833,293,870,1129,1002,905,751,945,593,1009,1143,1245
1187,292,5,649,695,875,1200,597,726,983,920,731,668
153,281,167,235,492,301,79,532,150,984,1113
1113,1089,227,1061,486,169,685,207,1232,886,984,153,988
609,514,706,420,841,1131,239,1137,597,1176,249,731,895
992,801,1057,291,1160,492,398,1231,1168,341,1141,599,984,538
706,1123,420,963,1160,138,906,1197,210,597,249,635,1180
1028,901,1160,445,398,111,723,1108,895,758,599,891,60,509,639
1185,642,161,516,293,292,839,73,106,695,1209,698
448,770,1187,935,874,907,1137,211,1043,726,983,731,668
1059,102,1192,843,1037,782,949,1047,829,766
673,833,97,870,905,1002,559,945,1009,593,1213,1143,1245,1119
1282,1285,677,1287,172,1037,1230,115,500,469,1075,1242,1277,1278
1184,418,835,709,969,874,651,1132,625,657,883,1270,246,854,730
677,1031,748,237,1230,623,177,500,534,727,1114,1275
964,580,583,872,744,1004,914,1108,1015,985,924,1017
674,1219,1220,293,652,621,1135,851,406,58,1182,1119
545,168,265,874,1263,467,1235,309,883,854,505,1180,477,1183
738,325,709,103,823,14,206,304,625,983,980,246,694,605
160,736,258,707,709,199,462,410,30,151,217,122,158,509,894
385,673,420,1284,1286,1002,267,333,751,1040,1137,687,1049,698,894
1218,1157,1194,43,746,974,1006,783,1201,1234,849,659,663,1242,1148
1216,1185,98,642,676,293,969,106,267,494,408,1209,698
1059,102,1192,843,782,949,1047,539,829,766
1254,1032,1259,430,433,787,1207,1272,1177,893,734,703
128,706,162,2,493,815,688,977,499,1111,664,217,410,411,253
706,968,1001,1130,1110,87,1111,1046,410,411,92,152,375
835,874,907,1106,467,883,1043,854,630,505,477,1183
835,454,1193,76,397,271,989,1233,821,1206,317,447
1185,609,292,516,1284,1286,906,1131,1040,723,1270,1176,698,731,638
770,772,869,1131,907,1263,1137,1041,1203,726,731,668,254
1185,642,121,516,293,839,73,106,408,1209,698
131,504,108,238,1136,112,600,601,1146,1116,152
3,1124,1029,71,265,1130,299,972,975,528,309,1110
418,229,1034,847,976,978,1170,411,1179,124
928,1158,839,1226,973,1200,1041,1048,1049,346,93,254,927
1121,705,1058,967,392,489,1064,683,1168,1077,184,666
194,771,994,805,777,1194,299,1005,1133,1266,242,220,663,1212,311
385,1284,676,1286,906,1131,494,1040,1137,894,695,702,1119
0,928,483,869,653,1200,465,1041,1270,1016,1273,1049,927
962,771,611,773,841,777,1037,879,1235,404,888,793,218,861
1184,194,418,999,1001,1034,1132,814,720,276,55,246,375,346,414
896,963,904,848,593,818,116,1208,249,635,1180
484,772,879,1263,1203,1235,115,1206,249,346,635,1180,861
928,0,1226,973,1200,1041,1016,1049,93,927
865,418,1153,938,975,1107,1044,313,859,863
288,418,835,1187,1221,869,879,1041,1204,1206,254,861,1118,1183
896,418,249,904,814,1103,55,1110,375,89,346,635,1180
706,968,1001,1130,1110,87,1111,1046,410,411,92,152,375
385,674,642,1185,293,673,121,98,106,761,408,1209
418,1034,720,976,978,411,375,152,410,1179,124
418,1187,1220,1221,293,869,1255,1195,1228,1204,346,1182,1183
928,0,1158,839,973,1200,1041,1016,1049,93,927
418,3,1124,1029,194,265,1198,55,310,375,309,700
419,1254,440,173,1261,718,119,1272,90,187,893,318
387,1156,1285,453,426,1066,269,1231,464,1141,822,409,669,63
933,1254,1256,1032,433,439,1272,1177,893,318
2,872,968,815,977,1046,1015,601,410,411,639
1250,331,1259,1261,430,119,439,1272,1207,90,893,703
512,128,706,130,295,968,841,239,977,1110,1111,664,1046,410,411
962,869,1158,839,973,942,1200,465,1270,1273,254,927
512,128,706,130,295,968,841,239,815,977,1110,1111,664,410,411
962,772,1158,839,936,881,817,1048,1050,957,254
128,706,482,199,968,1197,493,815,977,1110,1111,664,217,410,411
546,1160,398,111,1103,403,599,154,219
1158,839,936,814,881,817,1048,1050,957,254
34,164,229,1146,872,1258,45,639,1171,600,410,411,860,351
1216,384,407,676,645,293,1226,106,267,1069,974,1047,631,408
640,1187,772,869,1131,1263,1137,1041,1203,726,731,668,254
512,706,130,67,295,968,841,239,815,977,1110,1111,664,410,411
608,700,418,1124,1029,773,772,265,299,1075,115,309,956
1185,668,77,957,208,1265,1203,823,698,1178,348,1021,606,735
928,962,869,1158,839,973,942,465,1048,254
407,1187,839,907,1137,156,211,983,731,668,254
962,772,1158,839,936,881,817,1048,1050,957,254
928,0,973,942,1200,1041,1016,1049,93,927
1091,1028,1095,679,1096,1078,950,376,954,1053
896,546,923,1160,123,398,1103,848,818,1174,599,154,219
289,1251,931,614,873,972,975,15,498,1267,278,828,767
288,1185,642,516,293,292,839,73,106,1226,695,1048,698
1153,929,1251,932,6,1223,938,779,972,975,1042,639
928,0,1158,942,1200,1041,1016,1049,93,927
640,548,772,1263,879,1106,883,1204,627,1206,407,218,861,1183
608,706,999,199,1130,458,815,410,977,1110,1111,217,122,411,253
962,869,1158,839,973,942,465,1270,1273
896,546,1160,904,123,398,1103,1174,599,921,154,219
545,963,484,1198,879,1263,818,1235,1203,1206,249,635,861
744,968,844,410,411,1046,87,152,217,1111,1110,862
706,484,133,968,879,410,17,1235,1110,1111,664,1046,122,411,861
1124,168,265,874,1228,467,1235,309,883,854,630,505,477,1183
706,67,420,1284,1286,906,1197,239,47,339,597,315
227,771,169,777,236,429,270,749,1011,886,409,346,827,316
608,706,2,199,458,1130,815,688,977,1110,1111,410,411,956,253
608,513,706,484,965,122,199,968,745,204,1198,948,212,410,347
1252,933,1254,1032,1261,430,433,787,1272,1177,893
896,65,963,1134,848,818,1011,627,1208,249,861
1218,1157,775,362,810,1006,849,1234,1266,1212,306,661,663,1148,349
608,2,999,199,1130,458,815,688,977,410,1110,1111,217,122,411
89,418,771,611,777,346,115,1011,1110,375,600,601,1146,1116,414
292,839,1195,973,912,1151,1011,695,927,1049,892,93,254,1183
835,548,935,874,907,618,1106,467,883,854,505,477,1183
835,935,874,907,1106,1043,467,883,854,505,1183
1056,608,611,771,764,777,204,917,790,956
512,128,706,199,968,1197,462,815,977,1110,1111,664,217,410,411
962,483,869,1158,839,973,942,465,1041,1270,1273,254
1059,102,1192,843,782,949,1047,539,829,766
928,0,942,367,1200,1041,1016,1049,93,927
865,3,265,938,972,975,1107,1044,309,859,926,863
608,706,2,199,999,1130,815,688,977,410,1110,1111,217,122,411
288,1185,642,161,516,676,293,73,106,267,408,1209,698
673,1219,35,293,652,1135,369,594,851,533,342,58,1182
1219,99,734,110,495,1135,910,752,851,52,475,1214,1182
194,100,743,299,172,109,1198,660,789,310,55,56,952,88,956
930,164,872,968,1258,45,1170,1046,1015,410,411,639
1272,963,869,1274,108,1197,718,146,628,21,600,249,1146,1116,893
323,259,69,41,107,684,363,654,686,607
704,520,296,72,427,632,173,175,1231,114,148,1141,280,954,221
833,870,905,364,878,113,1009,593,49,1073,1213
131,872,238,1136,112,600,601,1146,1116
866,291,196,867,772,777,846,111,403,54,1111,1175,154,670
320,996,101,454,1288,1231,1265,1267,980,1141,1178,348,605
33,100,1114,772,765,60,115,789,218,859,956,285,863
674,1219,99,1250,1220,1260,909,110,911,595,990,922,1214
962,1158,839,936,777,881,817,1048,1050,957
1216,1185,98,642,293,969,106,267,494,408,1209,698,1183
704,954,450,328,105,777,427,338,213,662,1271,696,1080,604
1184,418,739,104,651,1132,81,220,276,1110,1111,310,412,413
804,103,1068,82,818,404,758,185,797,1278
449,1059,102,1192,843,782,949,1047,829,766
1113,129,280,1028,650,632,1164,1074,242,1078,950,376,153,221,889
131,872,238,1136,112,600,601,1146,1116
642,898,805,233,204,141,79,442,401,374,311,57,474,28,126
448,289,770,483,548,513,519,622,308,827,444,127
287,135,457,268,78,529,83,191
128,706,199,968,1197,47,815,410,1110,87,1111,217,1046,411
69,486,136,841,141,173,464,497,918,1113,538,606,63
1283,132,773,456,232,138,461,142,92,563,564,732
642,293,134,106,235,490,267,494,273,530,212,501,408,121
1250,419,1254,619,430,433,119,1272,90,893,703
160,610,483,197,1190,711,428,653,113,146,30,120,953,158
262,1274,139,652,621,851,117,58,475,1276
290,1219,1220,293,674,652,1135,117,118,1213,1182,1119
899,68,931,1224,44,463,976,178,1267,340,1179,124
768,354,741,422,234,241,125,350
1145,579,550,552,558,979,799,761,566,1013,121,991,223
736,258,482,707,709,122,199,1198,655,410,30,217,218,411,894
225,961,739,68,228,100,808,298,109,1198,1232,753,21,952,88,1244
1249,66,547,194,612,801,1094,296,235,236,175,495,1168,148,501
451,675,69,323,259,40,363,684,107,718,654,607
545,67,966,727,1067,473,113,468,372,1270,1045,374,1273,1052,542,1081
704,390,646,72,391,423,427,1202,1076,950
480,260,70,231,454,1288,140,175,1231,1267,1141,825,91,571,543
224,509,2,706,968,458,75,462,815,410,977,411,506,155,92,253
833,1284,870,1286,905,906,1040,1009,593,1010,657,723,1051,894
548,485,74,235,267,972,494,273,530,178,468,121,283,1180
1064,265,204,664,1198,1197,1039,497,469,885,727,56,1114,1112,667
1248,192,225,196,583,1000,173,178,1109,310,55,440,1210,1115
1248,1249,705,709,1127,607,175,1148,784,888,440,825,59,540,216
480,481,954,679,296,72,1095,235,984,501,950,215,374,57,474
480,2,547,294,200,457,521,1257,109,78,501,248,59,508,61
737,932,965,1126,204,782,948,917,790,347,60
64,929,930,827,771,581,39,872,210,436,855,601,27
452,613,1096,72,777,427,1068,173,464,950,538,667,221,63
1218,646,72,1194,43,746,849,1202,1266,437,663,1212
961,1186,195,418,771,549,968,777,875,404,85,1046,346,827,223
394,266,432,272,1233,53,86,311,317,447
748,237,109,1230,1008,177,1037,469,310,952,88
1184,418,1130,1132,115,55,1110,310,1111,346,220,414,375
288,676,1284,645,1286,713,695,1131,1097,1071,1040,630,631,1207,1053
1250,419,1254,1256,1259,119,439,1272,90,318
480,547,771,356,612,454,231,521,777,235,78,83,340,886,91,190
544,448,899,903,171,178,531,1210,507,668,446,95
96,418,612,772,1127,520,683,236,173,115,378,189,190
97,705,707,292,963,966,359,454,234,16,1169,244,1173,1274,59
1193,394,395,76,397,271,26,381,382
547,102,1288,264,491,77,1229,591,1265,498,440,1178,539,348,159
287,292,135,457,268,237,78,529,83,698,191
153,281,136,492,301,79,464,150,984,1113,538
481,290,1219,293,517,710,264,826,1135,80,1045,535,474,1214,1182
1153,418,1191,104,872,777,878,81,1105,276,1110,1111,860,830
193,804,103,1255,1068,847,82,758,185,1278
322,287,135,457,268,543,78,529,83,191
1161,1162,683,109,781,1231,1168,624,789,1141,760,666
992,291,198,1223,492,1231,208,178,562,341,885,599,1141,670
352,384,650,1163,1164,1069,1166,950,889,955
898,195,1186,771,777,299,844,1046,87,152,442,862
1155,646,1159,811,1167,1233,1266,659,1234,1202,437,447
194,418,324,549,777,401,55,1110,310,1111,346,828,152,375
705,1095,296,1161,1162,683,489,457,72,1165,1168,1072,950,1083
192,194,418,324,549,459,116,55,1110,310,1111,857
193,804,70,267,781,1198,82,916,340,469,124
191,135,457,268,78,529,83,287
480,1056,1187,771,324,454,1127,520,777,683,302,378,508,190
642,962,771,809,1002,106,1037,1232,531,627,788,888,189,95
643,1155,709,966,1159,489,234,683,42,1161,1162,1167,1168,1274
449,963,548,777,1004,433,209,19,1173,21,312,249,188
1145,223,579,230,550,552,558,561,913,979,1013,566,121,991
1113,322,620,492,175,144,240,918,760,153,187,543
352,358,1163,1164,1069,1166,25,955,889
1089,227,1156,1061,169,207,1231,691,693,1141,886,245,409,186
994,1155,1159,1194,908,1167,1233,1266,659,1148,447
1121,1058,774,967,392,1064,624,402,1077,666
804,103,1193,82,468,469,758,185,797,1278
449,1059,843,782,372,949,373,215,1047,183,1083,1055
1113,547,771,167,777,235,140,175,180,532,245,153,538,316
548,709,1064,1226,234,618,1037,1165,1164,1166,885,727,889,667,1183
992,291,323,198,40,492,398,1231,181,1174,885,1141
736,1153,482,707,643,541,838,1191,329,878,1268,1149,764,765
704,801,487,200,491,492,366,303,242,1043,724,216
1218,612,1157,235,1202,1266,1234,147,501,215,502,1148,540
679,72,717,1072,338,213,950,221,954,1053
641,1186,709,359,807,329,778,625,501,853,285,125,638,1279
1153,964,229,351,100,1258,592,757,214,985,410,411,924,639
1153,964,580,1191,877,846,914,1108,596,1175,924,639
1187,676,645,631,907,211,1206,407,408,731,668
964,742,968,1004,844,878,1169,19,1108,1173,1046,571,924,862
677,1225,522,171,460,525,1196,1230,113,210,178,440,475,1212,671
609,668,1219,361,622,1169,1173,1238,759,406,827,444,575
707,892,1100,653,751,912,209,367,1276,533,312,1020,1151
573,292,869,1158,740,367,1200,1041,208,1048,569,698,572,541,927
547,1219,517,1253,520,521,235,205,814,175,442,346,501,760,474
1152,1089,153,227,679,169,590,207,886,982,984,409,1239,1144,1240
1250,933,1256,619,430,787,119,439,1272,318,703
322,153,452,165,457,203,78,496,1232,83,693,1113,319
1248,739,1062,486,136,776,173,464,625,1076,823,1244,285
1217,1250,250,206,399,304,718,625,821,248,794,382,703
1218,355,805,646,1194,43,1202,663,1242,1212
930,2,872,968,815,977,1046,1015,601,410,411
418,872,1001,1130,1034,276,1110,1111,92,157,375
1056,608,769,611,803,777,204,812,917,218,764,765
771,772,197,1190,711,428,655,120,699,1020,894
129,487,200,296,167,491,235,79,1232,529,242,216,1113
224,2,37,232,968,458,1257,462,815,410,977,946,411,506,155,253
153,322,281,1222,301,79,144,693,150,984,1113,543
160,736,258,610,643,709,133,647,122,462,946,1014,30,634,158
418,1187,329,1226,907,1134,156,1206,182,282,668
1185,1217,994,292,838,1192,296,843,147,1204,247,698,540,189
1123,996,5,485,638,235,49,146,113,691,502,536,92,1118
153,547,281,492,301,79,144,150,984,1113,543
96,1121,547,771,805,72,521,489,427,683,777,148,378
609,833,870,519,648,905,143,273,593,851,1009,695,697,58,1051
1283,132,456,461,142,113,530,501,533,472,732
995,359,553,554,555,234,716,46,145,401,1235,980,252,348,605
65,153,322,452,518,41,140,15,144,496,532,116,504,1113,62
288,1216,407,640,676,645,835,874,211,883,854,631,408
994,1219,389,838,1274,139,210,595,851,1238,922,475,990,1119
448,289,261,166,102,138,44,533,470,539,123,127
1113,225,613,486,1127,136,141,173,464,497,1168,153,538
129,153,1123,167,296,235,140,685,144,496,245,374,1113,1052
102,296,489,521,235,906,364,176,501,502,246,533,539,476,541
677,748,237,812,1230,623,177,1008,115,469,534
1219,35,99,361,652,559,911,369,594,179,406,342,826,1182
514,676,567,872,1131,855,1040,1137,597,1143,1176,731,1245
899,68,931,710,1224,44,463,178,1267,124
153,1222,1127,777,173,79,689,918,984,1113,221,543
704,193,66,72,616,426,427,777,174,338,691,213,918,827,319
704,1089,227,1156,1061,169,492,429,175,1231,242,532,1141,984,153
771,452,454,167,136,327,777,140,13,175,1232,984,1113,538
1089,227,452,1061,771,169,777,175,760,691,245,918,984,153
1248,865,418,6,969,938,171,847,976,978,1267,600,1146,1179,1116
739,611,100,771,743,777,299,204,109,172,789,952,956
961,707,486,296,489,235,172,173,524,48,497,468,533,538,475
706,37,199,232,968,1258,299,493,1046,1111,1110,217,410,411,253,1215
835,935,874,907,1106,883,1043,1206,854,630
258,707,709,199,744,218,493,462,1198,410,30,217,122,411,894
165,518,294,231,169,301,429,175,532,501,180,1141,984,1113,918,795
544,771,166,138,490,524,526,142,15,212,470,507,923
386,613,1094,1093,296,683,429,269,785,52,23,952,958,1087
257,1091,1028,1092,1125,679,424,1065,1072,950,632,633,954,1086
576,260,807,1098,371,405,121,283,1085,223
1090,1091,679,1095,1096,1065,1074,1078,950,376,633,1083,1053
835,1187,935,874,907,1106,467,1043,1206,854
1090,1091,1028,679,1096,1065,1072,950,1054,633,954,1053,1086
865,1251,614,938,1107,1044,313,859,863
1113,1089,322,1280,1028,1061,169,1097,175,1071,497,950,153,543
1088,832,1028,1114,1127,296,616,1066,115,280,378,379,1084,1055
352,771,388,454,520,393,777,1067,650,1039,373,917,1080,1084,1055
1028,679,1095,1065,1096,717,1072,1074,1078,950,376,954,1053
1091,1028,1095,679,1096,1078,950,376,954,1053
129,1090,1091,1028,679,1065,1099,717,1074,1078,950,376,345
1062,1194,187,175,1073,372,373,1080,667,1084,540,1055
679,1096,1095,1072,213,950,1078,376,954,1083,1053
129,355,805,613,296,393,1194,235,632,918,280,1212,540,958
1082,1028,679,1099,717,1072,338,213,1078,345,954
954,1028,1095,1097,393,365,1071,1081,378,383
1248,682,715,1102,751,944,1040,656,725,342,697,1051
865,418,3,229,614,938,972,1107,1044,313,1116,639
546,1160,398,1103,1174,599,154,219
954,1090,1028,679,1065,1099,717,1072,338,345,1082
292,1114,122,1190,1255,1100,1036,629,1015,1017,218,894,415
865,614,938,1107,1044,1139,313,859,863
131,486,902,136,937,108,141,940,1104,112,1107,692,601,538
706,482,199,872,968,1197,493,1110,1111,1046,217,410,411,509,511
964,581,1160,574,398,1105,914,1108,276,599,891,860,1149,830
1092,1028,679,1095,1065,1096,1039,1072,950,696,954,1053,1086
704,1092,1125,1093,1094,328,775,683,1067,1052,696,59,540,1087
1248,1281,828,583,727,14,178,852,885,567,568,1210,1112,667
260,807,1098,371,825,121,570,283,1085,223
679,1095,1065,717,1072,950,954,1053,1086
954,1028,1097,393,365,1071,918,1081,378,383
1249,66,1093,1094,261,377,683,236,175,56,409,346,667,1087
1120,1184,1001,777,651,1132,1172,276,1243,412,413
1221,197,102,137,235,753,468,501,533,472,58,539,1180,1118
292,553,554,555,237,1037,274,404,1048,698
1184,1120,551,1001,1130,1258,1132,1172,276,789,375,956,414
514,420,676,872,1131,855,239,1137,597,567,1176,731
963,484,1221,133,1134,814,753,182,1208,249,827,1020,1183
960,1282,1188,360,1161,783,1168,785,1138,882,1076,214,375,760,1179
1059,102,1192,1112,843,782,113,530,147,1047,184,539,60,829
355,805,613,1194,43,362,784,663,1242
1218,355,805,1194,43,1006,1202,659,663,1242,1212
1121,1058,1064,298,235,113,49,147,402,501,727,184,377,666,1112,510
835,548,874,907,1106,467,1043,883,854,505,477,1183
1248,929,1253,6,1223,370,1139,436,1115
1248,929,1153,6,1223,1139,436,1115,639
32,891,964,567,1160,1147,492,813,398,1108,599,1241,923,985
923,964,1147,846,366,592,1105,914,1108,54,891,860,1149
418,931,229,934,828,873,972,15,498,1210,124,1150
1153,930,3,1253,1191,872,329,370,978,600,1146,1116,541
418,3,1124,1029,71,232,265,299,1005,528,309,1215
1121,1154,613,967,392,1290,624,666,604,669
1155,646,1159,811,1167,1233,1266,659,1234,437,447
986,1122,558,401,563,564,947,566,1239,982,980,442,605,1247
1248,929,1253,6,583,615,370,1139,436,1115
353,1128,714,766,304,307,1140,53,1236,1277,734,31
320,1156,101,716,77,1165,1231,1266,1141,53,663,1083,1148
968,1130,1258,815,410,1110,87,152,1111,1046,411
644,759,884,1142,887,537,890,701,222
217,968,1130,815,720,1046,87,1110,1111,410,411,152
1248,929,964,1253,6,872,1139,436,1115,639
1123,1255,525,879,912,1011,52,1019,892,861,1151
69,840,41,363,1004,684,107,654,592,1174,607
546,196,581,583,1000,497,852,1109,1174,567,568,1115
609,1219,995,1220,908,1133,652,1007,369,851,438,342
576,579,230,550,1003,558,560,561,1237,566,405,1013,570,605,991
1153,291,964,580,583,1000,1160,398,1108,599,925,639
1184,549,325,999,1034,1132,814,720,276,1110,375,1111
0,928,1193,1226,395,973,46,367,1200,397,271,381,1270,989,382
899,931,261,934,710,1224,264,44,463,1267,124,127
865,1153,3,938,1107,1044,313,859,863
32,567,599,1031,1033,1035,876,398,1108,855,1241
288,418,1187,1221,869,879,1041,1235,1204,1206,254,861,1118,1183
1184,1120,610,549,551,1001,1132,1172,375,953,414,1023
896,65,418,249,904,814,1103,1110,55,89,346,635,375
800,193,773,204,781,1198,972,1042,916,1237,347,797
418,1031,1160,1033,876,398,855,592,846,54,599,985,1147
897,866,964,877,846,111,596,54,1175,1241,924
1155,266,43,334,1167,849,1202,1266,659,53,821,663,26,447
567,1031,1160,1033,1035,876,398,592,852,855,1241
454,460,525,1135,1199,16,862,1267,52,147,1270,852,1273,1182,671
576,1025,762,750,1038,560,400,565,405,570,1022
225,451,388,363,365,237,689,51,469,189,378,667,220,285,1215
1185,1187,292,649,875,1200,726,983,920,1209,731,668,93
1024,353,419,9,138,297,1040,1137,1010,721,787,183,1018
896,546,1160,123,398,1103,818,1174,599,154,219
928,1,0,4,5,7,1226,367,1200,1041,1016,93,927
1,2,4,740,367,881,50,569,443,572,573
1024,418,420,745,138,1131,1133,1007,1137,1010,695,1018,863
34,599,1160,968,1258,1004,398,1108,1046,1015,1017,410,411,985
833,870,905,1002,364,333,593,1009,113,49
192,961,224,900,68,232,524,14,48,468,533,246,475,155
580,583,615,877,914,1139,1108,567,568,985,1181
1057,986,612,582,296,521,235,1068,947,148,501,247,474,1246,1247
1056,608,769,611,771,803,764,777,204,917,956,765
1121,1058,967,392,1064,522,402,1077,184,666
2,872,968,815,977,1046,1015,601,410,411,639
193,329,1226,1195,10,1100,367,1200,753,1011,1213,1016,761,346,443,93
610,551,1129,11,878,559,751,945,1268,725,1149,953,1274,1245
931,68,899,710,1224,136,44,463,178,1267,124
1090,1091,1028,679,1096,1065,1072,1054,633,954,1053,1086
704,1028,266,372,373,791,1080,1081,378,1084,1055
1250,1252,1256,619,1260,1261,1259,430,433,787,1272,893,318
1004,460,333,753,1180,19,117,182,375,1208,249,346,188
930,164,872,968,1258,45,1170,1046,1015,410,411,639
70,1191,136,169,141,175,815,688,1104,20,245,824,24,538,543
162,484,37,100,232,488,299,493,500,21,533,311,534,253,1215
1092,679,1095,1065,717,1072,950,345,954,1053
257,1125,421,1127,520,296,679,424,23,632,954
2,872,968,815,977,1046,1015,601,410,411,639
704,452,1061,327,169,393,1067,365,693,153,954,1052,1081,383
1120,610,549,1001,1130,651,1172,276,953,1243,412,413
1057,386,261,1064,298,494,16,1169,468,885,727,1112,1273,667,1021
196,580,583,1160,615,398,1108,1109,599,568,1115,1181,639
449,1059,102,1192,843,782,949,1047,829,766
224,130,931,163,133,873,975,178,18,1267,628,466,536,1210,92
226,195,900,1186,771,549,968,346,1041,1046,567,601,858,28
1062,1097,365,1071,175,1073,1081,378,667,383
679,1095,1065,1096,717,1072,213,950,954,1053
64,771,1222,39,872,410,912,1011,438,600,1146,27,1116
454,1128,714,734,1232,882,1140,1236,794,252,957,606,31
706,482,199,872,968,1197,815,977,1110,1111,217,410,411,509,511
227,901,1127,296,108,268,175,1231,501,278,503,1141,24,29,319
385,642,674,1220,838,807,617,106,1073,117,759,1213,446
192,541,356,472,1289,113,531,468,501,533,24,221,58,1117
776,1097,1068,365,173,1071,372,373,950,1081,221,383
609,867,196,1160,939,332,823,398,1262,441,852,599,1241,154
352,384,358,1163,1164,1069,1166,25,955,889
385,804,1193,394,395,396,397,786,26,380,381,382
418,838,870,839,1002,909,1070,911,1171,1048,1051,1213,351
358,1163,1164,1165,1166,1069,25,955,889
738,903,1070,143,590,113,1240,212,856,1210,1051,1144,1213,351
547,613,38,776,808,746,1068,492,495,624,918,760,1212,766
1121,1058,967,1064,624,402,374,1112,377,666
706,37,232,968,1258,299,493,411,1046,1111,1110,217,410,155,253,1215
257,1092,1125,679,424,1065,696,1072,950,632,954,1053,1086
69,40,840,363,684,107,718,654,592,607
1088,1090,1091,679,1096,1066,1099,1078,950,376,633,954,1053
64,835,195,39,872,1233,630,600,601,1146,27,1116,989
388,393,650,1067,777,365,373,374,918,1080,1081,1084,1055
33,100,677,292,870,168,172,1228,1230,623,883,627,854,346,1275
512,706,966,968,841,202,462,239,815,1110,1111,664,249,410,411
32,567,1031,1160,583,1035,876,398,431,601,598,855,1241,891,985
993,36,809,267,396,909,911,915,761,637,575
1113,1089,322,452,1061,169,620,1232,693,918,760,153
1219,35,293,99,909,911,369,594,179,406,342,1182
865,1251,614,938,972,975,1107,313,859,863
1113,1089,227,452,1061,1156,1063,169,1231,1141,153,186,1052
449,1059,1192,843,782,404,949,1047,829,766
34,580,1191,1258,1004,914,1108,1017,219,860,1149,830
704,193,450,1063,328,393,169,427,620,175,691,532,632,59,540
389,909,910,911,594,595,1269,602,990,922
451,675,69,323,363,107,684,654,852,22
1113,322,452,932,327,779,140,144,280,153,445,543
993,36,965,809,1002,396,909,911,915,52,1011,953,956
1121,1282,1188,453,1285,967,392,1287,1232,49,1233,184,1277
1056,608,769,771,803,965,611,764,204,948,917,790,956,765
962,454,966,777,714,1199,16,399,1267,468,1270,1273,989,158
608,193,739,965,781,1198,60,115,916,948,956,797
993,294,135,455,521,235,268,818,275,532,501,1238,503,55,575
416,417,923,1229,219,398,1101,591,1108,599,921,891
1283,132,773,166,456,232,138,142,694,1111,1110,442,732
1153,1026,418,964,614,335,1139,820,214,919,859,863
609,1219,249,759,814,1135,752,406,1238,824,441,1210,1182,1119
34,162,964,709,647,493,784,946,499,1045,1014,634,924
192,481,224,163,963,773,39,968,456,875,1232,536,442,155,1208
416,923,1101,219,398,1229,591,1108,599,921,891,985
740,881,50,93,569,443,572,573,1049
1184,163,551,1001,1130,1132,14,466,276,246,536,1243,413,414
993,609,549,423,346,1169,1238,1048,1050,827,444,637,734,575
867,291,259,599,451,1160,323,939,398,943,823,925
1248,929,1253,6,1223,614,370,1139,436,1115
452,140,173,685,175,144,845,626,693,1205,280,187,445,543
899,5,903,1002,171,715,461,366,113,531,470,446,95
76,272,1233,432,821,86,53,437,317,796,311,447
1281,931,899,934,1224,463,124,18,627,55,1210,828,1150
448,1249,770,134,1012,628,854,630,1142,953,1274,668,478,351
1059,102,1192,843,782,949,1047,539,829,766
1153,34,931,932,1223,779,972,975,785,1042,1139,504,639
1216,439,419,1254,1032,297,783,434,787,53,119,90,1151
644,759,884,1142,887,537,890,701,222
1250,331,619,1261,430,433,119,1272,893,318,703
614,136,972,975,178,1267,562,885,859,863
644,759,884,1142,887,537,890,701,222
1248,929,1153,1253,6,1223,614,972,1139,436,1115
644,884,1142,887,537,890,701,222
35,710,326,299,1004,300,463,336,753,627,435,179,1180,541
1219,1220,1251,3,678,1133,1135,1007,468,438,187,1182
355,612,1157,805,1189,1194,941,1266,1234,437,663,1212,349
416,544,546,923,219,507,1174,599,921,154,891
440,294,808,1225,426,1067,77,845,532,119,56,729,252,703
1250,933,1256,1259,1260,430,787,439,1272,893,318
1123,454,1255,525,912,1011,1019,892,861,1118,1151
802,1223,520,425,683,919,305,820,692,247,728
1248,800,418,771,645,1197,346,880,978,1043,214,895,249,858,639
257,1125,421,424,1065,338,23,632,954,1086
897,866,996,168,332,877,846,813,1167,596,54,827
773,390,679,72,427,173,667,175,495,950,954,187,540,221
898,195,771,968,878,1073,1110,1111,152,87,1046,1213
389,426,235,173,174,141,718,497,594,595,703,1272,538,990,922
900,549,902,196,872,1160,398,814,1008,601,858,639
439,1259,619,331,430,433,119,1207,1177,734,703
131,902,937,940,108,1104,112,1136,692,601,858,767
928,0,1158,839,777,973,1200,1041,1011,1016,93,927
544,197,1190,711,837,1222,428,655,975,113,627,531,507,699,158
833,963,870,905,170,1002,364,1009,593,1180
834,1189,266,974,432,1233,1202,272,1266,821,659,380,447
833,65,905,682,906,364,170,848,593,1009,465
389,909,911,594,595,658,1269,602,922,990
32,321,354,866,899,195,422,1160,492,398,431,115,598,599
771,965,1126,1062,204,782,948,917,790,469,60,797
1120,610,1001,651,204,1172,1110,1111,953,1243,413,375
544,545,417,923,456,171,460,1229,1101,591,921,507
1216,407,0,384,359,1226,618,907,843,1106,631,408,505
867,291,871,939,971,1262,1264,819,823,856,959
1217,1122,517,1127,807,169,187,270,175,245,316,409,442,667,540
768,354,612,741,422,234,845,241,125,350
1219,1220,293,652,1135,851,343,406,118,1182,1119
1217,191,228,390,423,72,1193,391,646,298,365,213,950,31
289,931,614,1224,969,873,972,15,976,757,859,828,863
544,417,2,545,923,171,1229,1101,591,921,507
257,1125,421,1223,424,746,173,1109,23,632
1121,1058,774,967,392,624,402,1077,666
1193,394,395,76,397,26,380,381,382
291,867,599,1160,939,398,943,686,981,823,925
1217,1193,589,718,399,271,784,1233,248,794,796,831
419,1254,297,718,784,657,787,119,1272,90,893
771,388,1125,424,393,650,1067,777,365,1166,950,1080,1081,378,383
1248,325,871,651,971,14,1262,1264,113,819,500,246,856,1209,959
1193,394,395,76,334,1233,1266,821,26,380,381,382
677,168,777,1195,1196,1037,974,847,115,404,888,793,282,1183
674,35,1220,293,1064,621,179,885,406,727,1081,667,1182,1119
1121,1058,967,392,1064,522,113,402,1077,727,184,1112
576,986,579,552,558,560,947,405,566,570,1022,1247
291,393,398,111,760,403,1108,276,54,599,598,918,154,1181
131,902,872,937,940,1104,1136,112,692,601,858
801,387,805,1095,393,137,365,1071,950,1081,378,1084,1055
291,867,599,1160,939,943,852,22,823,925
954,386,418,454,1127,72,1194,427,650,812,175,784,248,1081,378
131,902,1160,937,940,398,1104,1136,112,599,601,639
385,642,673,1097,106,1071,113,1073,885,727,1209,667,1213
291,867,871,939,332,1262,943,981,823,925
384,352,650,1163,1164,1069,1166,407,408,889,955
1121,1058,774,967,392,402,1077,184,666
449,1059,613,357,843,1084,1266,372,373,949,183,1047,1212,829
805,390,391,72,646,1069,1166,1072,1076,1079,1078,950,376
390,391,72,646,423,1062,172,175,1076,950,667,540
965,1126,812,204,60,1198,115,948,917,347,956,957
827,388,520,1067,365,346,51,1080,1081,378,667
739,100,956,204,1005,172,109,1075,917,21,952,88,1244,285
954,386,355,1028,679,296,1194,1067,240,115,1075,693,760,1080,379
1184,610,549,551,14,49,246,953,1243,92,413,1023
954,704,1028,1097,377,365,1071,1081,378,383
1028,1095,679,1096,717,950,1078,376,345,954
257,1028,1125,424,1065,489,683,632,377,378,1086
801,1058,193,483,774,1161,1162,109,784,402,951,346,827,797
1095,679,1097,393,383,365,1071,51,950,374,918,633,954,1081
954,1028,679,1097,365,1071,1081,378,667,383
764,1062,807,839,778,956,782,957,371,1076,218,1244,765
1193,394,395,76,397,26,380,381,382
1194,747,941,589,399,432,1233,784,271,796,317,958,447
1193,394,395,76,397,26,380,381,382
384,358,1163,1164,1069,1166,950,25,955
1193,394,395,397,334,26,380,381,382
1056,769,611,764,803,956,204,948,917,790,60,765
472,542,780,113,49,184,792,282,763,476,894,1023
800,706,67,130,354,966,963,841,778,239,336,249
769,803,1220,293,804,776,1135,468,788,533,1076,826,764,1182
355,612,805,1194,43,362,784,1234,663,1242,1148
1056,769,803,771,611,956,204,917,790,764,765
193,66,1218,322,613,517,8,296,174,495,175,242,1234,187,958
608,1056,769,285,803,611,764,812,1075,115,917,218,956,765
704,393,1097,1068,365,372,373,213,374,376,1081,221,383
1121,1058,774,967,392,624,402,1077,666
704,450,227,679,72,650,427,1202,338,86,954,540
1056,804,103,776,1068,82,818,758,185,1278
1153,483,869,839,1191,329,525,465,146,1041,468,58,541
1056,769,803,771,204,948,917,790,764,765
608,770,899,934,828,904,1198,814,124,754,916,55,346,956,542,639
260,807,1098,913,371,979,761,121,283,1085,223
704,1024,547,708,549,296,521,235,685,148,501,918,951,249,508
1218,355,805,1194,43,395,362,784,1242,382
868,134,519,263,1001,487,777,814,848,1106,468,533,1023
98,542,39,780,878,113,1268,792,763,476,1149,894
677,748,237,1230,1037,623,177,115,469,534
608,1056,769,803,611,764,204,812,1230,115,917,790,218,956,765
704,481,1082,72,1099,717,338,213,535,345,474
1056,803,804,965,765,969,972,495,784,1042,1011,916,917,764,797
801,486,136,1067,172,141,236,492,464,497,277,1080,538,63
1024,449,1059,1062,487,137,1036,1230,530,115,1075,21,189,861
32,196,599,1160,398,431,283,850,403,1108,54,598,825,891,223
193,287,135,457,777,268,78,529,83,918,191
545,98,899,1224,1160,682,235,44,460,398,852,468,599,664,700
1089,547,771,1061,167,169,777,175,180,532,245,1113,538,316
131,600,238,112,1136,504,601,1146,1116
866,549,326,423,40,74,138,494,463,753,530,531,117,1180,541
1121,705,967,392,522,624,402,1077,918,666,604,510
833,963,870,905,170,906,364,1009,593,732,1213
994,389,908,909,911,594,595,1269,602,990,922
480,708,261,231,296,521,233,393,520,777,346,148,918,760,378
389,909,911,559,594,595,602,922,990
961,1186,195,324,968,875,299,587,524,48,85,1110,1111
897,866,567,583,877,846,111,596,54,1175,985
704,355,612,805,454,520,1194,426,523,492,1266,918,663,760,255
1184,610,651,204,1132,1198,246,953,1243,412,413,414
515,228,68,453,614,297,298,716,1232,1107,760,252,1277,863
576,1025,762,750,1038,560,400,565,570,1022
514,706,1031,583,841,1131,239,112,1137,596,597,436,567,664,601
780,1197,878,113,49,1268,792,763,476,1149,894,1023
480,1090,1186,1122,520,875,620,442,691,213,696,474,1054
129,963,517,518,1127,231,169,235,175,532,501,276,437,1238,1113
608,1056,771,803,611,764,777,204,917,218,956
131,872,238,1136,112,600,601,1146,1116
96,129,676,296,521,235,683,492,175,148,501,631,1113,378,508
416,544,546,923,1004,1101,219,1174,507,921,154,891
389,909,911,594,595,1269,602,990,922
576,762,750,1038,560,400,405,565,1237,570,603
515,228,675,298,522,1004,139,473,113,497,852,408,1209,510
1121,705,1154,613,967,1194,1290,624,666,604,669
706,482,199,872,968,1197,815,977,1110,1111,217,410,411,509
833,963,870,905,170,1002,364,593,1009,1180
407,1217,1218,296,1006,1232,1234,1266,437,502,215,86,1148,540
1156,613,102,1127,1192,616,235,1231,275,147,501,503,540
416,963,868,485,487,456,905,682,524,460,530,818,212,597,159
292,677,488,553,554,237,1230,274,1075,500,115,534,698,699
867,291,133,102,871,939,140,1262,1264,531,981,22,539,61,959
256,707,709,122,199,202,458,1197,462,720,946,217,410,411
1156,613,389,426,1231,595,501,1141,503,118,922,540,990
897,866,567,1160,877,846,398,596,852,599,1241
192,869,39,113,498,753,465,533,694,246,600,1146,27,1116,1208
891,995,1241,1004,846,1105,914,81,1022,921,923,860,830
224,2,163,706,1257,458,462,815,688,977,466,536,410,411,92
771,900,549,902,772,872,777,940,814,847,1104,375,858,767
153,771,452,393,777,203,140,13,496,144,691,984,1113,319
968,905,600,844,116,1046,857,601,1146,1116,862
486,136,235,459,141,464,497,1201,498,533,538,63
839,936,881,817,1048,569,1050,572,573
289,515,74,298,267,972,494,975,273,753,859,127
897,580,583,615,877,846,914,1108,596,54,568,985
162,324,969,459,1197,493,495,110,339,86,791,664,858,315,1208
1031,1160,1033,1001,1035,876,592,1108,276,855
192,545,963,900,968,490,124,1180,818,1235,858,476,862
482,805,709,199,872,1197,880,1137,339,86,217,122,315
1186,968,649,875,844,442,983,920,1046,87,152,217,726
129,546,899,866,582,840,41,1004,492,592,852,1174,567,1208,1241
835,935,874,1106,883,467,1043,854,630,505,477
608,484,764,100,966,488,487,1274,848,21,789,218,60
704,96,547,489,521,683,235,457,1161,1162,1168,83,148,378
291,229,871,971,1262,1264,819,856,959
481,129,1028,296,520,235,1074,820,501,535,474,187
225,676,486,136,141,685,173,464,497,631,538,767
1219,389,361,909,911,368,658,595,788,826,1182,990,922
480,929,923,231,200,233,302,207,691,19,886,91,61,190
448,770,255,868,261,523,622,494,1169,827,444,478,127
291,867,599,939,398,943,1105,22,823,925
418,904,968,1258,1116,410,1110,1046,600,601,1146,476
1248,1184,418,610,549,6,1191,999,1258,1132,401,980,824,1116,605
139,460,468,533,1238,501,472,473,58,475,539
481,129,609,1082,1099,717,338,213,535,345,474,221
1026,614,934,263,335,975,820,757,55,919,859,863
963,102,487,635,476,906,848,465,1011,597,533,1208,539,1180
289,549,490,1258,1036,814,1041,1011,533,534,1149,473,1180,861
32,923,964,567,1160,1147,492,813,398,1108,599,1241,891,985
963,548,263,139,498,1015,533,1238,501,472,1017,475,444,637
323,69,871,1160,41,363,1262,398,1264,819,1174,599,959
1123,100,1221,1134,1070,1011,1238,471,1208,952,346,635,1118
866,567,599,1031,1160,1035,876,398,1108,596,855,1241
289,261,166,777,138,44,526,142,273,116,212,470,127
871,971,651,1037,1262,1264,819,500,856,959
608,1056,771,611,965,777,204,237,1198,60,948,469,917,88,956
897,866,583,877,846,111,596,1108,54,985
609,771,228,614,263,648,873,298,777,273,1169,468,533
453,486,136,1161,1162,141,269,464,497,1201,538,606,63
706,484,133,968,1198,879,410,17,1235,1110,1111,1046,122,411,956
963,487,635,476,906,848,465,1011,212,533,1208,539,1180
899,710,934,264,1224,102,455,463,178,498,535,539,1150
835,935,874,907,1106,1043,883,854,630,1206,505,861
291,675,69,771,1160,41,842,840,777,398,654,366,592,54,599
1283,132,456,1224,682,460,461,142,1265,530,470,732
34,964,615,924,1004,914,1108,599,985,860,1149,830
224,37,549,249,232,488,969,459,1130,495,627,500,21,534,825
1120,1184,418,549,651,1132,1172,790,1243,412,413,1023
287,135,457,489,268,78,529,83,191
1248,98,1209,709,555,460,1037,113,628,21,440,249,1274,1023,284,351
576,260,1098,750,560,850,565,825,570,283,1085,1022,223
512,706,199,968,202,1130,1197,815,977,1110,1111,664,217,410,411
385,1058,739,1062,946,885,1079,727,1244,285,511
194,549,999,1258,844,814,1008,1041,276,1111,824,346,220,862,375
288,1216,407,640,676,645,928,642,1226,973,854,631,408,698
1247,579,550,552,558,561,913,979,1013,566,1237,121,991,223
287,135,457,268,78,529,83,191
290,1219,1220,293,361,652,1135,559,117,118,1182
1184,771,549,551,681,777,1132,115,276,760,220,414
289,1026,228,1224,969,873,972,15,18,919,313,859,828,863
1152,991,997,552,557,561,947,980,982,1239,1240,986,987,605,1246,1247
1185,962,292,1158,1037,942,237,957,274,1270,695,698,794,93
258,291,675,133,166,939,684,823,925,943,17,22,630,1273,989,158
928,1,0,4,1226,367,1200,1041,1016,1049,93,927
512,256,130,2,706,295,968,202,458,462,815,977,946,410,411,286
704,801,294,135,231,521,235,242,532,148,501,503,918,537,222
1282,996,68,1287,1128,297,494,113,530,1205,30,505,989,158,1277
834,355,296,1194,43,235,540,502,663,1212,349
608,1124,1029,773,71,968,841,299,1005,528,115,1075,1046,952,700
515,228,356,486,548,136,1222,298,235,133,173,87,24,152,863
255,868,261,166,138,44,622,494,16,1169,470,827,127
674,1219,1220,99,994,67,262,841,814,110,945,117,1143,1276,1245
97,642,418,611,454,263,777,114,178,468,533,530,475
899,931,934,710,264,1224,44,463,178,1267,124
266,1194,810,304,1266,1234,659,53,86,663,757,831,447
672,1217,932,1030,250,267,206,399,304,881,1273,794,60,703
1186,1028,249,1127,520,233,969,427,393,620,270,495,1046,217,316
1217,76,589,397,399,271,786,821,796,317,447
962,869,1158,839,329,1226,1195,12,942,367,1200,1048,93,799
357,1189,589,974,272,1233,432,796,317,447
448,609,289,519,648,814,686,847,273,851,58,827,508,1182
96,801,66,198,391,294,523,492,242,275,1076,665,278,503,377
448,1249,1061,169,429,207,340,277,886,409,988,190,351
64,931,261,6,39,504,828,779,108,847,436,278,600,1146,827,1116
1088,129,452,632,685,845,144,760,918,280,729,445,958
1113,153,66,452,620,301,175,693,918,984,281,187,543
963,902,1146,968,937,940,1134,1104,1011,600,282,1116
296,489,968,235,459,651,139,495,1210,468,501,244,1045,474,988,311
581,583,584,846,852,54,567,568,1241,574
1092,76,941,397,1084,272,1233,432,243,885,22,86,344,796,1055
866,581,582,599,1160,584,398,852,567,1241,571,574
1248,129,705,487,200,840,491,303,242,1202,216,1113
577,578,1029,872,1110,1111,152,217,87,151,375
768,354,741,422,234,241,125,350
865,706,122,966,488,841,745,938,655,1108,375,218,1183
580,615,583,877,1139,1108,567,568,985,1181
344,206,271,208,304,399,248,250,794,831
544,545,98,417,891,171,460,525,1229,1101,591,530,921,507
163,707,325,999,458,1034,14,462,720,466,946,246,375,536,92
581,1031,840,1033,41,363,876,1004,107,592,855,1241,574,607
1056,802,934,425,777,1037,305,468,247,728,665,346
1153,580,583,615,1004,914,1139,1108,567,568,985,1181
1281,580,934,583,409,1227,1199,245,757,693,568,1109,1210,891,1150
581,584,1147,846,1108,567,1241,923,1149,574
962,869,1158,839,1196,973,942,274,957,254
740,329,942,208,50,93,569,443,572,573
233,427,492,270,559,945,532,245,1143,984,1113,251,316,1245
740,329,1200,208,50,93,569,443,572,573
610,709,966,234,12,1037,173,333,653,401,1265,989,980,538,252,605
740,1200,208,50,1011,93,569,443,572,573
1217,619,331,206,334,304,399,119,248,985,250,794,1052,703
567,581,582,1000,1160,969,398,852,599,1241,571,925,574
993,36,228,657,885,1238,727,888,1112,667,637,575
259,291,69,107,684,366,686,303,1264,654,670
160,736,258,707,709,199,462,410,720,894,30,217,122,411,158
577,578,999,872,1034,276,1110,1111,152,217,375
257,421,1125,424,1065,23,632,1086
576,1093,810,523,1162,13,1165,560,1168,850,52,565,570,1022,255
196,581,583,584,852,567,568,1241,1115,574
1028,679,424,72,427,1072,338,1053,213,950,954,221
576,121,260,560,850,761,405,825,570,283,1085,223
1152,590,563,564,982,1239,1240,566,1144
608,1056,771,803,611,777,204,917,218,764
547,644,934,711,488,489,1193,759,1135,562,500,501,503,187,1182
931,932,614,972,975,976,1042,1267,178,859,828,863
128,706,199,968,1197,47,815,410,1110,87,1111,217,1046,411
1184,194,1029,968,1001,1132,844,862,276,1046,375,89,220,414
579,550,913,561,979,1013,1145,991
129,227,679,72,235,495,175,432,1212,501,950,474,187,540,221,319
580,581,583,615,1004,1139,852,567,568,985,1181
515,228,1156,1222,1223,298,235,175,1231,1265,1103,468,1141,918,760,670
581,599,584,1160,398,852,567,1241,574
576,762,558,560,561,405,566,1013,570,1022,991
225,675,486,614,136,1227,141,173,718,464,820,314,859,863
192,224,226,163,900,133,37,39,968,536,17,152,858,28
1152,552,590,563,564,565,982,1239,1240,1144
34,964,599,615,1160,583,398,1108,1015,1017,410,411,985,639
192,481,129,963,517,233,235,178,501,535,474,475
576,995,997,560,947,980,371,570,566,986,605,1246,1247
0,768,962,5,422,234,973,942,241,500,1270,1273,125,350
800,67,292,553,554,555,1037,753,274,218,991
3,229,938,15,847,124,498,978,1044,757,1171,1170,1179,828,1150
292,553,554,555,1037,274,695,1049,93,254
480,260,70,231,91,1228,1211,302,340,886,825,283,668,190
292,553,554,555,1037,274,1049,698,93,254
744,968,844,410,411,1046,87,152,217,1111,1110,862
706,67,549,966,1159,841,239,597,664,249,702,1183
576,579,550,1038,560,400,947,570,405,1013,1237,762
322,230,135,296,491,140,235,972,175,240,113,818,848,187,543
994,1219,908,909,559,911,945,1143,1245,1214
1145,579,550,552,558,561,979,761,566,1239,982,121,1013,1237,991
517,421,294,520,296,236,685,430,175,464,497,280,377,445,543
748,237,1230,1008,177,1075,115,469,534,88,1114
576,1152,552,557,1038,590,560,400,405,982,1239,1144,570,1240
806,360,492,749,12,785,1138,371,1173,761,727,121,1275
1216,545,709,359,968,234,844,46,468,980,1270,500,1046,605,862
1218,355,1157,1194,362,1006,784,849,1234,661,1148,349
1219,1220,293,361,909,1135,911,368,80,851,406,826,1214,1182
1121,356,1222,1289,268,402,984,24,126,1117,798
354,234,778,12,336,1021,241,1270,727,1273,667,125,350
352,358,650,1163,1164,1069,1166,25,955,889
805,357,455,264,266,463,304,1266,307,498,53,467,663,505,477,766
929,1253,6,1223,614,972,370,1139,436,1115
35,1220,389,652,909,559,911,369,594,595,658,342,922,990
704,1067,365,1039,1106,372,373,950,1084,1055
704,1028,383,717,1106,372,373,950,1084,221,1055
704,866,259,291,867,582,1273,1033,366,303,942,1049,93,670
321,323,675,69,451,41,363,684,107,654,819,607
293,454,1135,368,1199,16,1232,1267,501,990,503,52,788,1214,1182
962,772,869,1158,839,973,942,367,93,542,223
992,1156,357,198,38,1160,492,398,1231,1168,341,1141,599
1219,35,293,1220,361,1135,369,594,851,342,118,1182
674,1219,1220,838,361,559,945,1143,118,343,1245,1214
1121,705,1058,967,392,624,402,1077,666,604
354,390,391,72,646,362,778,336,1202,1076,215
1089,227,1156,1061,169,233,527,1231,337,1141,918,153
954,679,424,1099,427,717,338,213,950,345,1082
1089,70,680,812,207,497,340,277,886,758,120,667,988,190
768,354,741,422,234,241,125,350
389,229,745,909,1070,911,945,595,627,214,922,990,351
384,352,1252,805,1163,1165,718,1069,1039,885,727,56,667
353,1250,419,1260,1261,430,304,433,787,119,1272,893,703
1080,743,314,204,1198,718,141,847,660,757,1272,346,893
965,1126,230,204,781,782,948,469,917,347,60
320,450,100,101,454,77,1231,1265,1141,760,1178,348,1021
1218,355,775,1194,1006,849,1234,659,306,661,663,1148,349
704,153,322,452,327,685,1232,724,693,918,374,281,1052,606
130,35,709,966,326,42,650,299,300,14,336,435,84,179,246
1250,837,1254,1032,1256,330,1259,1261,787,1272,893,318
610,163,325,999,1001,1034,681,14,466,246,536,953,92,1023
194,611,324,459,748,495,1232,401,1233,980,469,789,218,605
323,69,40,840,41,363,684,107,654,592,607
704,322,153,518,167,457,203,685,78,144,496,1113,543
321,675,840,41,363,684,654,592,1105,819,219,1149,607
320,996,101,454,1288,1231,1265,1267,980,1141,1178,348,605
1026,515,610,901,358,298,653,335,178,820,919,863
1217,334,206,974,1233,1266,659,821,26,317,382
1064,682,267,333,667,113,530,49,497,885,470,727,888,1112,508
897,867,291,939,332,846,943,596,852,823,154,925
1250,1252,331,619,1261,430,433,119,1272,893,703
353,1250,419,996,837,454,297,330,428,1260,655,787
548,869,1158,262,167,329,521,1195,367,1041,465,498,180,541
704,1080,679,328,105,424,1290,338,86,696,954,540,604
1218,775,362,43,1006,849,306,1234,661,663,1148,349
353,1128,297,714,1131,304,882,307,1106,53,1140,1277,734
1217,1193,266,206,334,304,399,786,271,248,794,831
425,171,173,305,497,665,468,469,1270,727,885,1273,247,667
706,199,968,202,1130,1197,815,977,1110,1111,664,217,410,411
705,1186,390,423,968,231,391,28,302,188,19,980,694,508,605
259,291,840,41,1160,492,366,303,1264,398,852,599,1177,959
8,169,233,650,588,300,270,175,429,685,845,20,501,918,984,1113
1252,933,1254,1256,1259,1261,433,439,1272,318
153,547,165,281,489,521,235,301,79,532,501,150,984,1113
0,737,1188,1157,394,334,206,1233,1201,1234,786,1266,1148,317
832,641,227,1126,1127,296,426,235,543,175,760,379,958,319
225,1253,614,743,1227,1198,660,820,310,863,314,859,767
706,67,420,1284,1286,906,1197,239,47,339,597,315
1189,206,432,1233,1266,1232,272,53,86,311,447
449,418,297,841,777,1020,209,19,309,407,312,188,766
448,97,770,519,647,263,1169,178,308,827,444,189
194,201,748,237,1037,109,177,469,310,1111,88,55
