320,32,35,5,229,133,232,170,43,30,218,316,317,222,191
329,236,237,46,16,276,87,56,26,219,28,61,31
225,34,3,226,293,328,200,233,9,12,43,238,24,187,220
34,322,229,230,38,236,12,205,46,61,56,57,315,221
32,34,37,231,200,40,44,45,238,52,213,30,316,317,222
34,322,4,229,230,3,39,43,12,55,24,315,223
224,0,320,5,230,231,234,43,45,238,54,30,313,222
320,225,0,3,1,229,32,238,15,17,213,21,222,223
226,35,5,293,231,40,9,43,238,53,55,24,187,222
289,66,227,6,39,8,265,233,43,302,50,118,281,90
32,321,193,66,228,5,230,232,206,19,51,54,23,155,61
1,322,34,35,261,229,230,231,232,238,17,22,218,222,318
224,257,258,322,34,229,230,260,33,5,234,45,54,89,30
5,230,231,329,138,10,140,43,238,16,81,275,54,311,251
64,33,3,324,261,229,232,12,238,22,59,61,223
320,225,34,3,4,229,200,233,43,12,238,175,55,24
320,224,324,261,5,231,230,234,43,45,238,30,317,222
248,257,32,229,5,234,235,174,49,50,20,54,312,89,317
34,322,230,6,236,46,219,145,61,56,315,221,319
160,5,230,73,10,138,237,16,81,49,275,53,246,54
224,226,5,229,327,136,231,9,234,43,238,17,222,223
34,3,4,231,39,329,10,138,43,239,16,275,55,24,251
321,193,129,196,7,105,203,206,111,240,112,19,117,154
89,225,69,263,269,283,241,273,281,123,252,253,254
98,259,68,5,263,268,271,177,242,243,313,123,188,127
257,312,261,262,69,264,106,269,271,243,248,89,283,252,254
32,99,71,27,8,269,187,77,79,274,244,245,216,283
32,257,258,98,5,71,136,267,269,77,244,245,89,283,127
198,73,10,74,267,237,80,81,275,51,246,88,251
257,291,261,7,74,269,15,276,84,247,280,283,92,93
257,258,97,260,261,262,69,264,269,114,243,248,89,92
248,257,89,260,262,200,243,245,312,249,122,318
260,261,135,264,263,107,109,270,114,85,117,120,250,251,95
260,263,264,73,74,10,237,270,283,81,275,246,250,251
227,264,265,273,241,284,119,89,90,252,253,254
99,69,72,265,41,241,274,182,119,90,283,253,254
39,269,47,80,241,274,51,88,281,283,252,253,254
259,325,69,71,268,109,271,81,87,95,88,284,190,255
256,320,69,261,264,106,269,143,271,243,277,121
32,257,258,35,260,262,267,52,245,248,89,93,30
32,257,258,260,262,267,180,245,52,248,89,122,30
257,258,259,260,295,267,108,109,245,278,248,89,122
256,257,258,260,229,281,269,47,275,245,248,89,122,318
257,258,260,261,262,69,264,269,243,278,248,89,93,318
89,257,258,322,260,261,262,203,112,245,248,249,122
259,99,263,264,74,266,268,47,48,241,278,25,31
96,260,69,261,263,264,270,273,243,279,249,250,251,252
289,227,103,265,106,302,79,213,119,90,283,284,253,126
160,97,217,70,71,199,201,266,167,263,88,121,92,62
257,258,97,260,262,267,80,51,245,246,248,89,88,184,287
259,99,263,232,74,268,48,272,242,31
32,121,163,326,269,77,47,274,244,245,214,276,281,283
257,312,260,262,263,264,282,270,243,245,117,248,250,251
256,257,258,323,69,262,200,142,271,177,245,87,248,89
99,259,263,232,74,268,272,48,122,31
69,328,106,77,176,273,241,308,117,87,281,252,253,254
96,192,259,99,102,103,108,269,77,113,274,244,90,283
36,73,10,74,91,172,269,47,81,275,246,281,251,189
121,100,101,7,73,74,79,276,84,246,247,116,86,87,91
261,69,203,109,81,116,277,85,87,120,92,93,95
1,185,261,263,105,109,112,19,84,85,117,278,281,27,94
69,281,104,106,110,142,210,84,117,118,279,89,252,157
69,264,106,269,243,276,85,277,119,280,244,216
39,269,241,274,275,245,118,281,90,283,124,253,254,159
65,259,262,200,74,282,268,108,109,79,271,276,84,26
32,69,326,71,269,77,251,241,274,244,245,213,283,253,191
256,255,5,69,264,282,269,79,243,276,252,26,284,191
128,130,131,261,133,136,203,139,240,83,85,278,123,285
128,289,130,131,133,136,265,42,140,55,56,57,125,286,287
288,257,129,131,128,130,133,134,267,139,122,123,127,287
288,128,290,131,132,130,133,136,137,139,123
289,66,130,131,137,41,138,48,122,124,125,126,127
128,290,291,131,133,130,136,233,137,107,139,123,59,125
288,289,66,291,130,133,131,48,124,125,126,31
292,10,172,237,174,303,16,175,306,148,310,311,156,158
293,294,172,174,143,304,145,144,147,146,175,179,148,157,158
294,296,174,175,144,305,306,147,146,179,307,150,184,158
258,295,297,172,174,143,175,145,148,309,310,184,89,158
293,294,296,169,299,145,177,307,148,179,153,158
257,34,293,294,295,297,301,143,145,178,179,309,310,155,158
169,298,330,302,175,144,145,179,148,149,180,155,156,158
160,294,295,296,299,172,173,302,174,144,145,175,148,310,158
296,300,141,302,175,305,145,177,308,309,306,179,150,153
164,71,104,297,170,171,301,306,178,146,149,179,95
160,66,164,296,169,299,301,302,144,145,304,146,155,158
292,167,330,172,174,303,175,145,148,309,311,184,156,158
164,197,166,169,330,143,304,178,146,180,181,155,156
160,186,299,300,141,302,142,144,305,178,175,174,180,154,158
292,300,141,174,175,177,178,306,147,149,150,153
164,295,296,297,330,174,307,308,309,148,184,158
295,296,328,330,141,174,307,308,309,184,158
296,330,141,142,175,145,307,308,309,184,155,158
258,322,295,297,172,174,175,145,179,148,309,310,248,158,184
292,231,169,10,140,303,175,178,275,146,23,180,311,251,158
322,260,204,205,209,210,213,215,312,249,186,315,317,318
66,195,232,268,205,48,209,210,211,213,215,313,124,31
320,193,199,200,201,205,60,210,213,215,314,316,189,319
32,322,34,323,199,200,201,315,245,214,213,187,319
320,324,165,328,186,205,210,213,215,314,316,317,222,191
322,324,205,206,14,209,210,213,312,217,315,317,318,319
248,257,322,195,260,229,205,208,81,210,211,213,312,89,318
322,324,205,187,209,210,213,215,312,314,315,317,318,319
320,324,327,205,208,209,210,213,215,314,316,317,318,191
321,193,203,171,206,209,114,212,28,61
322,34,258,199,200,201,202,327,187,211,217,315,318,319
323,324,197,200,12,205,271,209,210,215,313,187,317
322,324,198,200,43,205,315,209,210,213,215,187,317
194,228,325,327,109,205,209,210,93,87,120,215,187,61
192,323,326,200,202,208,315,210,214,187,188,319
322,324,325,199,327,202,205,210,213,316,215,314,188,317,191
323,195,328,201,330,206,307,308,309,316,220,319
194,231,329,202,138,205,239,16,210,275,216,26,188,189
256,98,41,74,10,77,239,271,275,116,85,246,54,251
73,10,138,237,81,275,277,246,119,280,251
292,69,73,237,48,81,275,277,246,311,87,251
0,39,231,73,10,138,237,239,16,81,19,246,183,120,59
320,225,64,3,227,229,69,33,232,8,12,238,117,59
248,161,34,322,226,229,262,3,35,12,271,145,312,60,318,223
66,195,6,39,230,9,233,43,236,238,207,145,50,221
2,66,35,70,199,231,201,265,266,43,217,157
34,3,4,7,43,12,47,276,55,24,219,223
320,32,5,231,200,40,44,45,238,13,16,275,52,30,222
38,199,200,231,10,7,42,238,239,46,48,16,275,56,61,222
32,224,34,5,40,234,43,236,12,244,214,54,187,221,222
0,6,231,102,59,43,187,46,238,144,49,84,216,91,63
32,66,324,5,230,231,40,43,238,30,54,23,317,222,191
32,66,5,230,231,200,234,44,238,271,239,51,213,54,222
224,66,255,5,230,199,234,238,14,51,54,88,190,222,223
128,193,162,261,5,230,234,203,43,238,240,19,212,51,54,215
192,67,4,38,7,9,42,46,47,148,149,55,56,187,61
230,39,328,233,232,9,234,43,238,16,19,308,23,24,59
225,34,3,4,233,43,12,205,238,47,48,55,24,313,223
34,3,4,231,233,10,138,43,239,16,275,55,24,26
1,34,35,324,5,261,229,230,232,12,19,22,218,30
288,225,229,5,230,328,231,43,238,273,18,19,188,54,252,223
224,320,225,132,69,230,9,234,43,45,238,313,222
320,32,35,5,229,231,232,15,52,54,22,312,249,218,30,191
2,66,36,5,230,199,167,201,234,217,51,53,54,88,121,189
34,3,324,5,4,43,47,55,24,313,26,223
289,66,225,3,12,238,48,17,211,313,26,60,63,223
64,225,34,227,3,8,42,12,236,47,22,55,59,221
66,227,135,231,233,138,10,39,237,43,55,57,218,279,126
231,73,10,138,233,237,74,207,16,81,246,59
0,289,66,4,38,39,239,209,50,149,55,56,218,27
320,224,5,9,234,43,204,238,82,30,59,317,222
64,2,5,198,230,231,59,43,244,23,56,26,27,317,216
320,224,225,227,228,261,8,233,106,43,238,240,16,17,54
64,225,34,3,33,261,229,230,232,43,12,110,210,19,59
257,34,322,260,229,230,225,200,232,43,238,16,17,309,318
224,66,228,5,230,231,73,10,138,234,237,303,16,81,54
193,66,323,195,5,230,232,203,235,206,19,51,54,23,155
224,227,324,5,198,230,218,234,43,45,26,317,30,191
320,64,2,227,3,5,230,231,171,43,282,59,222,30,191
320,32,66,5,230,327,231,49,51,213,54,215,312,316,222
320,34,3,4,263,43,12,238,47,48,55,24,313,314,25,223
1,34,229,230,43,238,143,19,20,310,22,185,125,222
32,34,5,6,39,230,37,236,79,50,19,51,54,60
193,321,2,67,6,39,7,203,31,240,50,212,53,56,60,223
224,225,34,229,230,5,329,234,43,236,12,238,21,54,222
38,327,329,10,236,237,46,239,16,275,61,56,57,219,221
2,5,198,327,231,135,59,43,238,239,16,275,246,251
3,227,5,7,231,39,233,43,203,213,218,59,124,29,191
34,3,4,231,233,10,43,237,239,55,24,223
321,195,323,5,230,203,206,209,19,51,54,23,217,155
32,33,162,67,5,6,230,18,52,54,55,56,57,92
320,26,261,5,231,198,39,11,43,213,118,314,317,223
32,66,323,3,5,230,231,200,238,51,30,213,54,23,222,223
64,225,34,3,33,229,5,230,14,238,17,54,23,59,62,223
224,5,230,231,329,138,10,140,237,234,239,45,54,30,251,62
0,2,196,39,231,233,203,43,240,145,51,19,117,278,59,223
128,321,64,224,261,5,230,234,203,108,45,240,19,85,30,63
226,35,5,230,231,138,10,140,237,74,43,16,275,311
227,324,5,8,233,218,203,43,238,16,19,22,26,219
32,66,228,5,230,231,167,199,266,14,51,213,54,88,121,317
0,1,34,323,4,58,42,11,12,14,47,25,26,187,29
261,69,105,109,112,81,83,117,85,120,249,92
320,192,289,324,69,261,264,41,106,269,241,117,279,252,94
89,257,258,260,229,261,243,245,278,248,249,122,93,318
323,69,200,76,271,177,81,275,243,246,87,282,251
256,261,69,41,106,267,108,76,80,243,51,277,246,120,88,252
2,217,70,199,201,266,268,207,53,121,189
160,69,266,237,269,241,273,49,117,279,120,285,252,253,254
289,69,265,41,269,79,273,274,119,283,284,253,254,255
69,39,106,269,47,79,117,316,279,281,186,283,252,254
260,104,73,10,264,237,270,16,81,48,275,246,87,250,251
69,264,106,11,269,273,243,279,121,314,283,252,254
69,73,10,138,202,109,16,81,275,115,276,246,251
289,261,135,138,111,112,178,83,51,117,278,85,118,122,92,127
256,258,259,99,135,200,74,267,271,274,243,116,89,250,253
69,73,10,138,107,237,81,275,246,87,218,251
256,5,261,69,264,106,43,269,110,241,243,85,89,252,157,191
98,99,326,8,41,269,77,274,244,116,85,21,283,188,254
5,106,79,80,241,274,276,277,214,119,280,89,252,191
324,261,68,199,167,71,266,69,106,76,12,79,242,116,88,121
68,262,71,104,203,109,112,114,115,116,85,86,87,120,92,95
257,322,260,68,262,249,116,245,86,248,89,122,251,318
99,69,165,264,269,241,274,243,276,182,280,281,284,253,254
258,264,73,10,138,172,239,81,275,180,246,251,189
32,101,122,265,41,155,269,77,47,274,281,90,283,253,254
320,98,69,70,264,106,42,298,141,269,243,117,85,87
257,260,261,69,262,68,71,41,106,269,47,243,116,86,248,249
32,99,71,8,9,269,187,274,244,245,21,87,283,188
256,257,258,322,260,281,71,267,269,47,275,244,245,89
32,35,71,269,271,283,274,244,245,52,22,88,89,187,188,30
32,257,258,289,260,262,281,71,267,269,178,245,89,122
256,257,258,32,71,267,269,77,243,245,89,122,315
258,71,7,267,269,14,47,283,48,244,245,53,57,315,31
32,258,323,71,200,267,77,269,271,274,244,245,187
99,326,71,166,8,42,269,274,178,244,21,87,283,188,253
99,164,166,71,8,73,269,244,245,246,116,21,283,188,253
89,257,262,71,73,76,269,274,244,245,248,249,122,188,94
0,99,71,39,73,202,269,274,19,244,246,120,283,188,94
289,99,40,8,138,269,46,81,274,244,246,122,283,188,127
192,99,71,8,73,91,269,274,244,245,94,283,188,253,254
73,10,74,237,81,275,246,87,251,188,254
257,258,322,260,249,262,42,267,43,245,213,248,89,122
99,259,101,263,74,107,268,79,48,272,87,31
96,32,67,68,261,35,200,106,110,18,52,117,88,121,30
66,261,6,265,109,274,115,114,85,119,57,90,92,253
256,257,260,229,249,73,14,245,94,248,89,122,317,318
256,261,69,263,109,114,117,85,278,120,87,92,95
258,69,198,105,41,265,111,112,83,277,278,119,90,284,253
257,259,260,90,262,313,108,109,243,245,248,89,122,318
69,73,10,74,237,81,82,275,246,54,87,251
99,71,40,27,8,269,208,49,274,244,277,283,188,189
99,71,40,8,9,269,187,274,243,244,21,119,280,283,188
192,32,99,326,71,40,8,269,187,77,274,244,21,280,283
66,73,138,46,16,81,275,85,246,311,87,251
99,262,166,70,8,269,178,276,244,246,247,21,87,283,188,253
66,231,73,266,10,267,91,239,80,81,275,51,246,88,251
257,258,260,249,262,330,245,309,248,89,122
99,259,263,74,268,48,176,272,211,279,31
32,97,326,76,269,77,47,92,274,114,244,51,214,283,316
97,217,70,199,71,201,266,267,207,51,88,121,91,184
68,69,261,106,76,77,110,79,116,85,86,252,62
261,69,105,109,269,81,277,278,85,120,117,87,92
256,76,269,77,79,111,80,51,276,244,246,247,280,249,88
32,326,71,9,77,269,187,13,274,114,244,283,92
0,1,27,73,10,74,237,81,275,246,281,251,93,94
248,257,249,262,200,267,80,209,51,212,245,312,89,88,316,318
89,257,312,324,262,243,84,245,248,249,122,251,318
69,261,263,264,106,266,269,241,273,243,117,279,251,252
32,225,229,71,296,135,12,269,177,245,284,153,283,252,254,255
71,73,91,74,237,269,301,271,81,80,275,51,246,88,251
192,71,329,106,301,274,188,189,117,119,280,283,252,253,254
36,69,261,264,106,74,79,112,243,116,117,86,279,122,252
66,259,99,263,297,74,268,48,272,178,88,125,31
256,257,258,164,69,36,135,267,208,244,245,181,89,250,318
1,69,261,104,106,271,241,117,279,120,281,283,252,157,94
69,73,10,237,239,207,81,275,246,87,251
32,259,69,165,264,269,79,241,274,243,281,90,253,254
256,257,258,259,260,4,249,262,104,267,245,213,248,89,122
32,71,267,269,187,80,274,51,244,245,88,89,283,60
99,68,135,73,10,251,81,275,84,116,246,86,91,253,255
97,68,329,234,109,188,93,277,244,87,120,21,116,189,92,61
217,70,167,199,71,266,201,173,110,79,53,88,121,95
256,98,198,77,79,241,116,117,85,280,89,252,253,254
259,99,102,263,73,74,268,272,246,91,31
262,264,73,74,270,271,81,18,275,246,87,89,250,251
257,324,261,69,70,264,106,79,243,116,277,85,87,313,122,254
261,91,267,80,273,115,19,117,85,279,51,89,246,88,92
98,73,10,237,77,16,81,275,116,85,246,94,251,318
3,69,263,204,268,124,273,241,242,114,117,118,279,252,157,254
32,259,71,269,208,241,274,305,244,281,186,283,253,254
195,262,297,155,269,206,79,112,241,114,115,274,182,283,253
96,69,264,73,106,269,283,85,117,249,251,252,94
97,196,263,92,241,273,274,114,118,281,252,253,254
39,73,10,237,269,47,16,81,275,246,120,281,251
69,73,10,329,237,46,81,275,246,87,251
289,71,265,266,267,80,51,246,119,248,217,90,88,284,253
98,261,69,104,109,111,81,117,85,277,120,89,92,95
32,99,326,71,8,77,269,274,244,245,87,283,253
261,69,71,167,199,266,264,106,107,269,283,242,243,88,121,251
257,312,260,262,263,264,250,270,245,248,89,122,251,318
162,255,261,104,170,301,115,85,284,279,250,92,94,95
128,97,261,203,267,240,83,51,117,278,85,87,284,92,255
96,121,69,264,106,107,269,275,243,83,249,26,30
256,69,265,41,79,241,274,252,119,89,90,284,253
257,258,322,260,249,262,245,248,89,122
96,257,322,256,260,229,261,262,67,200,249,271,18,84,245,89
257,258,322,260,34,262,249,72,73,245,248,89,122,253
257,260,261,262,249,75,76,245,150,248,89,122,318
32,257,258,35,260,262,267,52,245,119,248,89,88,93,30
195,135,73,74,10,297,237,206,155,275,115,246,86,122,91
69,73,10,74,107,237,81,275,246,87,251
128,96,67,68,261,200,106,110,209,18,51,212,88,121
257,258,259,260,262,230,295,267,115,245,248,89,122,287
257,322,259,260,261,262,69,245,117,85,87,89,92
99,259,70,71,166,8,269,315,274,178,244,245,21,283,253,254
257,258,322,260,259,262,295,41,245,248,89,122,91,287
259,69,73,10,74,237,81,209,275,246,87,251
257,258,66,260,259,262,69,264,106,267,107,269,243,245,248,89
96,257,258,259,260,262,264,267,109,241,245,248,89,122,252
257,258,259,260,262,329,169,267,106,49,245,311,248,89,188,189
257,258,260,262,281,105,267,269,47,275,245,248,89,122
256,69,11,269,271,241,274,84,281,283,252,253,254
0,1,324,69,261,281,41,106,110,271,273,88,121,122,27,94
225,69,264,91,267,269,80,241,51,246,88,281,283,252,253,254
99,259,263,74,268,79,48,80,272,51,246,88,125,31
69,39,264,329,41,106,269,188,276,189,281,283,252,253,254,223
68,73,10,74,81,275,116,277,246,311,86,313,251
32,65,326,71,263,12,269,77,271,274,244,245,283,156
195,261,166,114,51,212,117,115,85,178,146,87,92,311,318,95
257,261,262,249,107,117,245,87,248,89,122,93,318
256,258,99,164,68,166,8,267,269,274,244,245,116,21,283,253
256,98,69,264,106,269,46,273,241,243,85,279,283,253,254
68,5,69,106,43,11,79,275,84,243,116,86,249,282,317
288,257,261,69,104,92,81,115,275,117,278,85,87,252
99,166,71,8,265,269,17,274,178,244,245,246,21,283,188,253
258,99,69,11,268,269,80,241,274,242,182,281,283,253,254
256,324,261,68,69,71,267,269,143,243,116,117,86,248,92
68,133,69,170,106,79,276,116,247,280,218,254
32,326,71,106,269,79,208,241,274,122,283,253,254
321,68,261,166,105,107,174,111,112,114,85,117,278,91,92
261,69,105,109,269,111,112,80,114,115,81,85,87,92
99,166,8,269,77,305,274,178,244,245,21,154,283,253,254
69,263,267,141,48,273,241,80,51,117,118,179,246,88,252,254
259,69,73,10,74,107,237,81,275,246,87,251
69,73,74,10,237,81,275,246,87,251,284,255
256,97,261,69,75,109,143,85,277,87,120,92,93
324,261,69,109,81,212,117,85,87,120,313,91,92,223
259,73,10,74,108,109,270,239,81,114,275,117,246,282,251
96,67,68,261,264,106,269,270,18,277,121,250,251,94,95
200,73,10,74,237,78,81,275,246,87,249,251
318,261,281,327,71,39,266,234,106,269,47,243,275,121,251,254
256,262,281,269,47,241,275,245,117,119,89,122,252,254
98,69,261,264,106,269,243,119,85,279,283,254
261,69,231,81,114,115,51,85,117,278,87,91,92,95
96,67,324,69,261,68,106,270,78,111,18,82,116,277,87,95
225,3,69,229,198,233,238,15,273,17,117,21,252
324,261,262,71,69,263,266,106,107,313,79,116,278,88,121
32,326,71,106,269,187,79,301,274,244,214,283,95
98,68,69,325,327,264,166,107,269,45,174,114,252,117,279,316
163,261,69,269,81,114,115,117,85,278,120,87,92,95
96,290,67,261,69,104,106,270,81,18,116,85,117,279,87,56
160,69,261,266,237,49,243,117,85,278,120,277,213,283,191
257,98,312,260,261,262,5,68,71,243,116,86,248,89,188
280,217,70,167,199,71,266,173,53,119,88,121
259,69,261,8,106,108,109,110,270,85,117,282,59,252,253
66,69,73,74,46,81,275,276,84,246,87,251
73,138,10,203,268,251,16,81,275,246,87,91
290,195,100,68,103,107,174,79,81,276,119,280,218,94
73,10,138,202,237,268,81,242,275,246,119,280,251
99,164,166,71,8,106,269,187,274,244,245,21,283,188,253,319
256,71,105,106,110,79,112,144,188,276,180,92,95
66,259,99,102,263,74,268,48,119,90,253
69,261,104,264,106,11,269,243,85,277,279,283,254
98,39,264,9,269,47,241,243,247,281,90,316,253,254
324,261,69,264,106,269,271,275,243,277,213,84,281,124,317,126
261,69,263,266,81,51,85,117,278,120,54,87,92,95
290,102,73,10,74,106,46,81,275,84,246,216,91
195,122,265,91,155,269,206,79,274,115,182,248,90,283,253,254
7,74,282,270,79,242,276,84,246,247,280,117,277,91
259,99,263,71,268,79,48,272,211,313,95,31
32,326,71,269,77,187,274,115,114,244,283,92,62
99,261,262,166,40,8,269,271,274,178,244,245,21,124,253,126
257,258,261,111,114,115,51,85,117,278,313,92,93
261,69,10,75,106,79,188,116,117,277,87,120,85,28,93,95
256,98,261,106,141,110,77,113,275,116,85,94,122,318
98,5,263,71,269,142,79,241,212,245,117,95,89,252,254,127
36,166,71,8,269,77,187,274,178,244,245,275,20,21,119,283
263,330,142,79,80,241,51,308,309,244,88,281,252,254
68,73,10,74,75,237,270,81,275,116,117,246,86,282,251
292,69,73,10,237,81,275,244,246,87,251,220
69,265,41,79,274,146,21,119,217,90,91,284,253,254
256,99,166,8,267,269,315,274,178,244,245,21,182,87,283,253
128,258,259,261,108,109,240,243,180,85,117,278,120,92,93
96,67,68,79,112,144,18,114,115,276,146,180,190
261,69,264,106,330,269,60,80,241,19,85,117,279,309,252
99,164,166,71,8,202,269,274,244,245,116,21,86,283,188,253
261,69,165,264,106,266,74,203,269,272,243,277,120,121,251
32,257,71,40,269,187,241,274,244,245,89,283,252
69,264,106,76,269,243,276,84,182,119,280,153,91,284,253
289,324,261,69,262,264,268,269,178,243,242,117,85,277
66,69,263,313,264,268,269,241,274,242,281,123,254
0,1,100,103,137,41,107,75,269,79,276,119,280,281,253,94
324,261,68,71,200,106,109,271,177,83,116,117,86,87,120
324,261,298,109,112,243,117,85,87,120,213,283,92,191
261,69,106,267,269,110,80,273,51,117,246,248,121,88,252
164,167,169,330,171,141,301,302,304,146,308,180,181,156
160,294,299,302,175,144,145,18,147,180,184,155,158
321,193,167,171,203,175,305,114,115,145,149,154
292,296,171,172,174,175,305,306,146,147,177,179,153,158
167,296,298,299,302,175,177,306,147,148,149,179,153,158
296,170,300,141,174,305,178,306,180,149,177,150,153,158
292,73,10,172,237,174,303,16,175,179,148,246,311,158
292,10,170,330,172,142,303,271,145,306,177,175,148,311,156,158
165,295,168,297,330,42,145,178,307,309,149,150,151,22,182,159
65,292,10,138,302,303,16,175,306,144,246,311,155,156,157,158
293,330,300,141,172,174,175,177,305,307,308,309,148,310,158
160,261,296,169,265,299,269,302,144,273,147,118,119,87,88,158
160,161,164,296,169,168,173,142,175,149,181,118,158,157,190
294,296,169,297,299,298,302,175,176,145,178,147,184,155
160,295,296,172,141,142,175,305,146,178,308,307,148,153,158
170,300,141,302,303,142,305,178,146,175,311,155,156,157,158
160,293,294,296,297,299,302,175,144,146,179,148
161,295,297,169,299,142,143,175,145,147,149,54,155,158
160,161,165,296,168,73,299,302,143,144,145,148,182,151
160,294,296,169,299,302,175,144,177,306,148,150,152,153,154,155
160,296,330,171,172,142,175,174,178,306,180,149,148,309,158
292,300,141,172,174,175,305,177,147,308,309,145,148,310,158,184
330,171,172,141,174,175,305,307,308,309,179,87,148,310,158,184
165,167,168,297,330,300,174,303,307,308,309,150,151,152,156
161,34,165,296,168,171,299,43,111,144,112,179,180,149,151
160,167,296,299,302,175,144,145,146,147,149,182,183,154
167,171,172,141,173,303,174,305,175,148,310,184,157,158
161,297,169,173,302,143,303,145,175,144,178,88,155,156,158
294,158,174,143,145,306,146,180,149,305,178,147,307,155,184
292,165,168,141,303,175,305,306,178,150,311,151,182,186,156,152
2,38,296,298,299,302,144,145,307,148,149,153,155,61,158
171,172,141,300,174,175,305,177,306,308,179,148,310,184,158
296,297,330,170,142,174,175,305,178,146,180,149,147,306,158
292,294,73,10,237,174,303,16,175,306,147,307,308,179,311,184
160,129,295,296,169,302,143,144,145,146,147,180,155,158
160,294,299,300,141,302,175,144,145,147,179,155,158
161,228,166,171,172,141,175,144,179,180,215,185,154,155,158
193,162,165,296,171,203,302,175,114,148,149,151,153,61,158
110,143,144,145,178,146,180,149,148,112,116,87,155
166,295,167,297,170,171,172,175,305,177,145,179,310,158
160,99,165,294,296,299,302,175,146,150,182,151,153,155,152,159
164,167,296,297,169,174,175,145,178,179,148,149,307,158
295,297,298,299,170,302,143,175,145,146,147,178,155,158
295,171,172,141,174,175,177,305,308,148,310,150,184,158
128,130,131,133,135,231,138,10,140,16,124,126
128,289,290,130,131,133,136,139,140,123,124,125,286,287
128,321,130,195,291,131,133,136,203,19,212,117,124,285,126
130,291,131,290,134,135,138,10,140,237,16,311,124,126
288,128,130,131,133,135,136,329,138,10,140,237,16,246,123
289,130,131,40,8,42,139,137,138,244,21,23,27,127,286,287
128,289,130,131,132,133,136,137,139,236,122,123,124,286,287
128,290,291,67,133,130,131,136,137,139,140,18,123,126
128,289,290,130,131,133,285,136,137,139,122,123,124,125,286,287
128,34,130,291,131,133,126,40,42,12,122,187,124,286,287
288,128,130,131,133,135,40,136,138,139,140,122,123,124,286,287
288,128,130,131,133,135,136,73,138,10,140,237,16,246,151
128,289,130,131,291,133,136,139,126,123,124,125,286,287
288,128,290,130,132,131,133,135,136,137,139,123,220,286
288,289,290,128,131,130,133,136,137,139,123,125,286,287
288,320,128,130,132,131,134,133,136,139,19,123,285
128,289,129,130,131,133,136,137,139,19,122,123,125,286,287
128,289,290,130,131,137,138,139,122,127,125,286,287
128,289,290,291,129,133,131,130,136,233,137,139,123,59
128,289,130,131,261,134,137,138,110,240,19,23,122,285,127
288,128,130,131,132,291,133,240,19,117,278,124,285,126
128,289,130,131,133,199,136,201,139,140,173,217,123,124,125,286
128,289,290,130,131,133,136,139,140,55,23,57,123,286,287
128,130,131,324,132,133,136,203,139,63,123,61,223
288,128,130,129,132,131,133,136,238,122,123,127,285,287
128,290,130,131,133,136,139,140,57,122,123,124,286,287
288,289,290,128,130,293,131,133,136,139,123,125,287
288,128,129,130,131,133,134,135,136,138,10,140,239,123,124
128,130,291,131,133,199,136,201,53,88,217,126,124,286
128,289,290,291,131,133,130,134,136,233,137,139,125,287
320,324,327,200,205,187,209,210,212,213,215,314,27,316,317
194,292,329,10,138,202,205,239,16,209,210,275,213,215,216,187
191,194,199,329,202,205,209,210,213,215,216,187,188,319
193,191,194,324,326,203,205,209,210,212,213,215,187,319
322,323,287,236,187,205,208,209,145,210,213,315,319
320,324,327,205,208,209,210,213,215,313,314,187,316,189,191
322,324,327,72,205,209,210,213,215,312,314,187,317,319
322,327,329,10,138,73,202,205,16,81,209,275,210,246,215,187
192,323,326,329,10,202,205,208,210,214,216,187,188
323,199,327,201,42,202,207,208,214,217,187,188
322,195,324,217,202,187,210,211,213,312,313,315,317,319
324,72,329,202,205,78,210,275,152,213,215,216,314,187,188,317
320,324,327,199,205,209,210,213,215,216,314,187,316,189,191
2,324,199,327,201,167,207,217,314,316,189,319
191,199,200,328,205,209,210,82,215,94,314,316,189,190,223
257,322,34,229,134,200,205,209,210,51,213,245,215,315,318,319
320,96,67,324,198,200,205,210,18,212,213,215,314,317,318
261,326,201,106,269,109,205,208,209,81,210,214,87,216,187,319
320,194,195,327,205,208,209,210,213,215,314,187,316
321,193,194,196,199,203,205,209,210,212,213,215,187,223
192,323,328,200,42,202,12,236,204,205,208,210,214,187,188
194,195,38,9,205,176,209,210,211,148,183,215,187
320,321,2,323,194,38,205,209,210,215,314,187,316,223
194,195,100,101,186,233,204,205,209,81,210,211,182,218,59,318
194,26,324,198,203,205,208,209,210,215,186,187,316,317,191
289,66,326,199,41,205,48,209,210,211,215,216,31,319
96,193,67,324,198,200,203,205,210,18,212,213,51,246,317
321,193,195,194,203,204,205,206,209,210,212,215,187,223
320,321,203,205,209,210,212,117,215,312,89,186,187,316,223
323,287,201,202,187,205,209,145,210,215,216,315,188,319
194,73,329,10,138,237,202,205,81,210,275,209,246,215,187
290,2,100,326,103,186,233,170,107,204,209,210,214,218,59
194,324,326,198,199,205,208,209,210,211,213,215,26,187,188,191
321,194,196,203,204,109,205,209,210,211,87,215,61
320,321,194,324,198,328,43,203,205,208,209,210,215,187,156,317
329,138,10,202,237,28,205,210,275,215,216,186,188
321,196,199,328,203,77,206,205,209,210,213,278,215,187
194,231,40,73,329,10,42,237,81,177,275,210,251,188,189
257,322,324,198,200,205,187,209,210,213,215,315,317,318,319
322,323,34,194,200,187,205,209,210,215,312,186,315,317,319
320,191,324,328,205,208,209,210,213,215,25,314,187,316,223
321,193,324,201,203,205,60,209,210,212,215,314,316
96,321,193,67,324,198,200,203,205,210,18,212,213,215,159
66,194,198,201,268,205,48,209,210,211,213,215,187,31
194,215,324,197,204,205,176,209,210,211,148,183,186,187
324,5,326,198,328,200,205,209,210,215,187,316,317,191
320,193,194,324,203,205,209,210,212,52,215,314,187,316,317
320,98,322,324,327,9,205,210,215,313,314,187,316,317,318
326,231,200,329,202,237,205,239,187,209,210,275,214,215,251,188
289,322,323,3,325,223,327,328,200,12,206,60,213,315,220,319
194,73,329,10,138,237,202,205,16,81,209,275,210,213,215,187
194,135,329,73,10,138,237,202,205,209,210,275,213,215,216,187
322,194,324,327,328,205,209,210,213,215,312,187,317,318,319
324,5,197,325,205,208,209,210,276,214,215,187,317,191
225,321,194,319,326,328,236,205,206,209,210,213,215,187,223
320,194,324,327,205,208,209,210,213,54,215,313,187,316,317,191
320,194,324,327,205,208,209,210,212,213,215,314,187,316,191
320,194,325,327,205,209,210,212,215,314,187,316
287,135,329,10,202,75,237,205,145,210,215,216,187,188,319
323,326,39,202,187,269,47,208,210,213,214,315,319
194,323,324,199,200,205,209,210,213,215,314,187,188
320,194,327,328,205,208,209,210,213,215,314,187,316,189,191
192,194,326,202,205,208,315,210,214,182,187,188,319
96,194,323,67,326,202,208,315,18,210,214,187,188,319
128,321,323,196,326,202,123,204,206,47,208,209,210,214,187
322,324,325,327,205,270,15,209,210,213,215,313,316
289,66,195,201,172,205,48,209,210,211,215,313,189,31
320,322,3,324,194,300,205,209,210,213,215,314,187,317
321,193,194,199,203,205,209,210,212,215,216,187,61,223
193,321,194,324,203,204,205,240,209,210,212,215,89
225,200,328,205,14,209,210,189,118,215,313,314,187,317,223
326,231,329,10,73,202,205,187,16,81,209,275,210,214,215,251
194,195,135,329,73,10,202,237,205,16,81,210,275,211,318
320,324,326,327,43,205,209,210,53,214,215,313,316,317,191
320,194,324,196,199,203,205,209,210,212,213,215,187,316,223
321,193,194,199,203,205,209,210,212,85,117,213,215,187,223
96,321,193,67,323,195,194,201,203,205,209,210,18,215
323,287,325,327,201,236,209,315,145,210,213,187,61,319
217,199,327,201,205,207,210,213,117,121,189
323,200,201,9,202,205,208,209,210,214,216,187,188,319
