195,196,710,969,201,650,652,206,208,912,28,350,862,616,496,497,53,54,55,952,58,444,62,831
267,397,150,151,22,153,602,283,154,797,603,604,155,292,742,1064,41,43,434,567,379,381
832,193,131,652,1036,205,396,913,721,145,28,669,350,862,33,616,496,433,497,564,53,54,571,125,62
194,195,197,199,201,207,912,145,210,723,982,239,881,753,760,313,58,764,62
773,267,147,150,153,602,603,283,154,604,155,349,222,292,742,434,567,379,444,381
1025,196,903,904,713,207,208,468,276,730,796,797,862,416,417,1062,806,1064,571,191
642,700,777,906,973,852,1045,213,278,344,345,343,347,227,870,422,743,934,876,685,175,178,1013,1084,1085
75,340,55,344,345,347,733,222,158,1056,161,160,159,297,108,109,812,46,47,688,178,883,307,308,52,310,696
704,705,708,68,70,267,715,331,337,403,28,862,33,37,429,496,381,51,58,380,701,702,703
640,515,139,140,147,724,34,35,743,177,50,179,756,757,57,636
516,517,139,140,335,147,349,34,35,611,299,300,301,302,175,177,50,179,756,757,883,759,57,635
640,139,140,335,147,724,34,35,743,299,300,177,50,179,756,757,57
194,195,643,197,764,199,201,207,912,848,723,286,739,239,881,753,58,572,62
513,194,195,643,197,764,199,201,713,207,912,210,723,239,881,753,755,58,572,62
382,517,331,460,337,147,35,299,44,300,302,175,177,50,179,1075,56,57,830
516,517,331,460,335,337,147,35,299,44,300,175,177,50,179,1075,56,57,382
847,211,344,345,347,348,349,223,227,228,170,108,109,494,812,493,178,1079
773,776,777,845,918,984,985,281,219,860,861,222,354,868,870,314,317,316,1085
454,455,456,847,211,917,918,406,344,219,348,349,223,227,228,102,870,872,233,424,493,494,318
257,79,659,604,92,159,293,39,40,43,46,47,48,688,240,306,52,569,59,124,63
257,79,659,604,92,159,293,39,40,41,743,43,46,47,48,688,240,307,306,569,124,63
191,196,709,713,778,779,206,207,208,796,797,866,1062,1064,239,53,55,888,571,763
194,195,643,197,764,199,201,912,848,723,982,924,739,548,740,881,753,755,564,58,572,62
386,642,198,582,586,1044,981,1047,95,96,931,163,678,489,682,491,492,813,112,947,627,438,439
838,447,842,90,411,92,348,412,287,159,158,614,743,42,46,307,308,693,52,63
65,963,968,268,974,21,86,87,408,409,88,540,95,96,99,101,934,551,678,682,365,238,175,176,883
194,195,197,199,201,912,401,210,848,723,982,351,739,753,564,62,58,764,572
71,602,603,604,158,159,39,40,41,43,46,47,48,124,688,307,308,52,120,59,380
71,602,603,604,158,159,39,40,41,43,46,47,48,368,124,688,307,308,52,120,59,380
897,71,659,55,120,39,41,59,43,46,47,48,688,307,308,52,182,183,310,379,124,447
897,659,55,154,120,39,41,297,43,59,46,47,48,688,307,308,52,182,183,310,379,124
194,643,195,197,837,199,201,713,207,145,730,989,673,1060,1063,809,881,58,62
640,641,515,139,461,724,34,35,177,50,626,756,757,57,636,637
581,198,267,466,211,1044,1047,473,283,96,738,678,169,682,491,492,300,622,112,945,625,947,958
324,457,395,204,334,80,209,275,163,36,165,166,295,167,168,169,303,943,624,625,947,944,945,1082
194,195,643,197,199,201,713,207,912,848,210,723,982,673,239,753,58,62
322,847,211,278,918,344,223,225,161,227,228,102,39,488,233,40,493,494,495,1085
394,780,340,344,345,281,347,348,349,798,799,800,801,170,811,108,812,314
192,513,835,709,955,590,592,593,210,664,665,601,1056,866,546,547,548,549,550,941,879,49,762,763
775,776,777,135,779,845,206,918,984,985,219,860,222,420,870,872,425,1073,829,254
193,902,711,70,205,721,722,145,403,283,864,33,865,806,1063,809,107,888,54,887,760,379,380,381,831
780,781,340,917,344,345,347,349,798,799,800,801,170,811,812,108,109,1079,1084
394,780,781,340,917,344,345,347,348,798,799,800,801,170,811,812,108,109,1079,1084
340,344,345,346,347,348,349,799,223,170,108,109,812,178,1079
194,195,323,197,199,201,912,721,210,722,848,723,865,739,740,741,750,753,755,761,58,62
775,776,845,918,919,984,985,281,219,860,861,222,353,868,869,870,871,872,314,1085,318
318,212,918,919,984,222,354,868,869,870,871,872,873,425,426,366,1072,1073,499,378,254
257,447,79,531,659,533,729,90,92,159,160,287,293,40,42,46,240,498,307,306,308,569,59,63
257,79,659,533,729,90,159,160,287,293,743,40,42,240,306,307,308,569,59,700,63,447
708,211,278,219,860,539,222,224,225,161,227,228,102,870,488,233,872,495,1073,375,765,766
954,710,71,531,533,120,41,43,46,687,560,47,48,307,688,498,182,55,308,52,698,310,124,1021,63
453,845,917,215,919,353,354,868,871,424,425,376,377,378,316,317,318
64,258,259,644,910,911,336,339,735,932,933,294,235,236,173,305,948,248,60,61
6,968,907,908,909,974,973,268,1022,99,100,934,232,810,366,1071,304,176,117,889,126
64,66,259,583,328,653,336,152,357,236,173,948,245,566,60,61,127
278,918,219,539,222,224,225,161,227,228,102,870,488,233,872,495,1073,375,379,765,766
203,205,145,155,286,481,356,106,107,433,1074,243,436,502,122,123
203,205,145,155,286,352,481,356,551,106,107,433,243,436,502,122,123
65,1090,265,652,332,656,401,594,595,912,596,597,599,598,922,103,366,49,564,762
264,395,12,16,18,20,413,798,735,801,164,229,38,230,168,169,104,231,997,1013,374,1014
71,72,73,74,158,159,160,46,688,48,307,52,308,120,59
320,321,322,325,326,327,521,76,77,525,524,144,875,876,877,319
71,72,73,74,158,159,160,46,688,307,52,308,310,120,59,63
576,579,580,581,401,596,598,599,23,28,862,929,674,547,549,616,554,496,497,54,889,890,62
71,72,73,74,158,159,160,46,688,48,307,52,308,120,59
71,72,73,74,158,159,160,46,688,307,52,308,120,59
318,453,845,917,919,860,861,353,354,868,423,424,316,376,377,252,317,254
1090,906,271,272,21,278,407,1045,986,222,735,224,225,286,355,102,1062,488,361,998,366,495,49,56
775,776,777,212,918,984,985,281,219,860,222,868,870,1072,1073,314,315,1084,1085,254
64,258,259,963,6,583,511,336,1042,980,790,87,152,88,735,1059,357,296,236,250,60,61,127
704,1090,135,24,345,794,795,476,285,1050,735,224,166,103,366,175,304,689,242,113,372,49,371,1013,952,700,702
394,147,340,344,345,346,347,348,349,34,170,108,109,175,178,883,1079
320,321,322,325,326,327,521,76,77,525,524,144,875,876,877,319
845,918,984,985,281,860,861,222,353,868,869,870,871,872,873,1073,314,1085,318
845,918,984,985,281,860,861,222,353,868,869,870,871,872,873,1073,314,1085,318
320,321,322,325,521,523,524,847,144,211,344,345,347,348,349,223,227,228,233,876,877,493,494,1073
260,582,966,905,399,475,95,609,33,931,355,358,935,937,938,363,236,112,245,246,509
340,344,345,346,347,348,349,170,811,108,109,175,178,883,1079,636
574,585,459,846,80,414,415,926,162,421,615,616,631,235,880,247,444,445,446
386,389,902,148,149,150,151,862,352,673,747,684,748,750,751,749,752,118,119,189,190
71,73,75,90,92,159,297,46,47,688,48,307,52,308,310,120,59,124
257,961,964,79,659,216,729,287,613,293,743,40,39,422,43,48,240,434,306,569,63
704,1088,68,69,267,11,17,338,283,31,481,356,37,484,106,429,51,436,371,54,380,381,702
642,199,200,1033,1034,1035,1046,855,284,995,997,1001,1002,1003,620,1009,434,1074,373,374,1015,1016
193,386,711,148,149,150,151,155,352,356,740,747,748,749,750,751,752,755,190
193,195,711,267,203,205,145,468,153,154,155,283,30,286,862,356,106,107,433,567,58
194,195,643,197,709,201,652,207,912,210,723,595,594,982,351,866,881,753,564,313,58,763,764,62
71,72,74,90,92,158,159,160,297,46,688,307,52,308,120,59
832,577,580,581,710,912,401,723,596,597,286,350,351,929,674,103,616,49,753,564,313,507,764
1029,1030,1031,1032,969,976,977,18,80,20,795,987,859,990,545,616,235,1080,125,1087
963,964,965,968,271,272,83,84,85,86,87,88,89,1050,98,99,100,101,939
963,271,272,83,84,85,86,87,88,1050,97,98,99,101,939,255
963,968,271,272,83,84,85,86,87,88,1050,97,98,99,101,939,255
963,968,271,272,83,84,85,86,87,88,89,1050,97,98,99,100,101,939,255
963,968,271,272,83,84,85,86,87,88,89,1050,540,97,98,99,100,101,939,255
963,965,271,272,83,84,85,86,87,88,89,1050,97,98,99,100,101,939
963,964,974,272,83,84,85,86,87,88,89,99,100,101,232,939,366
3,388,707,263,14,403,413,94,545,165,38,486,104,229,230,231,997,621,369,1013,1014,503
832,193,386,195,642,197,643,201,145,148,149,150,151,155,284,352,740,747,748,749,751,752,755,502
1029,1030,1031,1032,976,977,18,20,857,795,859,987,990,545,164,235,496,1013,1080,1087
0,1,2,4,8,9,10,13,341,24,25,26,91,93,175,371,439
898,901,838,135,390,842,843,970,206,984,985,411,412,163,420,612,42,559,111,691,307,52,116,700,829
324,457,395,204,334,209,275,405,539,166,167,169,622,303,947,1082,828
324,457,395,204,334,209,275,405,539,167,296,169,168,303,625,947,1082,828
265,401,27,28,29,220,669,672,670,671,621,496,113,435,628,121,570
711,468,854,473,602,603,476,604,477,478,479,153,292,742,684,368,565,379,959
0,1,2,4,8,9,332,13,341,24,25,26,91,474,93,38,54,439
453,845,782,917,215,919,860,861,353,354,868,423,424,425,316,376,377,252,317,318
391,203,205,15,145,22,95,481,356,1061,106,107,367,433,243,436,502,122,123
963,964,965,271,272,83,84,85,86,87,88,89,1050,98,99,100,101,939,366,255
963,964,968,973,272,83,84,85,86,87,88,89,1050,97,98,99,100,101,939
260,582,966,586,588,662,537,609,355,358,935,936,937,874,938,627,246
704,387,68,69,11,718,17,273,852,342,283,608,481,484,37,806,555,1070,51,883,371,54,56,380,702
322,847,211,278,918,344,345,223,225,227,228,102,488,233,40,493,494,495,1072,1085
154,120,159,39,41,59,43,46,47,48,688,434,307,308,52,310,568,379,124,190,63
71,72,73,74,75,158,159,160,297,46,688,307,52,308,120,59
2,4,13,17,81,273,341,342,24,25,26,91,93,480,484,485,489,171,172,813,371,439
320,321,322,325,326,327,521,76,77,524,144,875,876,877,319
576,578,131,579,581,70,334,793,732,28,862,415,929,674,616,617,618,45,496,497,629,54,62
257,71,72,74,659,158,159,160,46,688,240,48,307,52,308,120,59,124,63
515,516,139,268,140,716,21,408,606,607,299,300,365,238,301,176,175,626,635,126,639
128,129,135,972,398,529,17,342,24,25,420,485,484,489,427,111,370,371,115,1013
514,515,259,392,137,393,138,140,141,460,335,146,34,35,296,236,302,177,756,757
68,1028,331,78,830,338,147,958,927,555,44,1070,177,50,372,311,56,57,382
454,7,136,266,458,396,15,721,82,27,28,29,30,672,33,1001,492,621,496,435,628,760,379,62
128,129,972,398,145,530,401,149,155,733,30,737,546,547,548,549,106,427,433,370,371
577,451,1028,196,582,7,200,15,208,82,530,27,28,29,30,286,672,862,496,113,49,628
265,329,27,28,29,669,670,672,671,121,220,30,286,621,880,496,435,628,1081
704,329,265,332,27,28,29,669,670,672,671,121,220,30,37,286,621,496,49,435,628,1081
1085,212,918,215,919,353,354,868,869,870,871,872,873,425,426,378,701,254
193,642,203,205,145,155,30,481,356,106,107,433,243,436,502,122,123
448,645,582,584,586,846,147,793,732,349,606,607,929,619,174,175,627,883,629,630,371,1012,571,573,574
522,468,148,150,151,149,153,602,603,604,477,478,284,352,292,740,747,748,749,750,751,368,752,755,565,568
515,516,645,712,1033,202,1034,460,461,19,1016,165,1068,1004,1005,1006,1007,1008,1010,431,756,1013,757,632,957
0,1,2,4,8,9,10,13,463,17,19,341,26,91,93,485,171,172,115
193,642,203,1036,205,1035,145,148,155,30,863,286,356,106,107,433,243,436,949,502,62
954,261,956,142,14,1042,917,278,32,353,226,931,868,869,1063,360,873,234,872,679,54,1081,378,316,317
515,516,712,202,268,140,974,335,147,21,408,409,410,95,96,678,551,682,365,238,175,176,626
832,205,15,912,145,210,913,723,725,982,155,28,29,30,286,350,351,107,433,753
318,212,214,919,215,253,353,868,869,870,871,872,873,425,499,185,186,1085,254
453,917,919,215,353,354,868,869,870,871,872,424,316,376,377,378,252,1085,318
64,192,258,583,328,584,336,152,357,294,619,173,948,1012,566,245,312,443,60
64,258,583,328,584,336,1042,152,606,357,294,619,173,175,948,566,312,443,60
64,258,583,328,905,336,152,475,357,294,173,948,245,566,312,443,60,61
704,771,843,271,213,918,1045,278,860,30,225,228,102,870,488,233,998,561,690,818,375,314,955,1085
640,641,515,139,461,147,724,34,35,299,300,177,50,179,756,757,626,57,634,636,637
641,515,516,139,140,335,35,299,176,177,626,50,179,757,632,633,634,635,638,639
640,641,515,516,139,140,461,141,335,724,34,35,299,177,50,626,757,632,57,636,637
260,966,582,839,586,971,655,535,536,537,538,609,994,355,358,935,936,105,938,246
322,327,845,270,918,406,344,345,538,281,860,222,223,224,868,870,102,872,873,40,747,108,884,1013,314,1085,319
191,196,710,903,713,207,208,918,475,796,797,417,741,1062,1064,239,53,55,571,831
386,389,715,527,276,149,119,862,676,677,750,111,815,817,883,820,821,118,823,250,699,189,190,191
640,515,516,268,461,140,335,460,724,299,301,176,626,1075,632,633,634,635,636,637,639
132,585,459,399,80,790,414,415,615,616,235,496,497,247,444,445,446
257,71,79,659,729,293,39,40,743,42,240,688,306,183,120,569,59,63
7,136,264,266,396,781,780,15,82,27,28,29,30,671,672,800,33,801,798,799,811,812,496,49,113,435,56
389,816,1035,527,404,276,468,862,676,677,823,111,815,817,1074,883,306,432,118,438,820,821,819,189,190
194,195,643,197,199,713,201,207,208,912,210,1057,239,881,58,572,62
194,195,643,197,201,713,207,912,210,723,925,1057,1064,239,881,753,58,572,62
713,203,912,210,725,982,797,30,286,351,1057,737,350,1062,313,107,239,879,881,753,761,572,831
0,1,2,4,8,9,202,10,332,13,341,24,25,26,91,93,104,54
256,384,389,390,464,465,466,467,276,468,285,482,236,237,241,242,116
386,389,390,135,203,143,276,189,602,603,420,106,107,237,174,111,242,116,118,119,699,829,190
258,132,644,585,459,910,911,399,80,790,545,932,933,235,61,247,248,445,446
71,72,73,74,158,159,160,46,688,307,52,308,120,59
576,577,578,580,581,585,909,401,1042,596,598,23,733,350,221,32,547,549,616,250,496,120,570,62
390,135,520,206,531,981,984,985,158,159,287,420,743,42,941,46,111,307,116,308,52,700,829,447
71,72,73,74,90,158,159,160,297,46,688,307,52,308,120,59
64,192,258,644,583,328,336,339,152,932,357,294,173,948,245,566,312,443,60,61
130,132,644,459,910,399,911,470,1049,414,415,162,932,421,998,166,295,235,309,248,444
71,72,73,74,79,158,159,160,46,688,307,52,308,120,59
576,578,131,459,334,793,247,92,732,32,674,617,618,44,45,688,497,496,631,56,445,446
260,966,905,655,406,727,537,475,609,355,358,935,936,105,938,937,246,249
324,457,330,204,334,399,80,209,275,163,36,166,295,998,168,169,303,943,624,625,947,944,945,946,1082
897,891,520,659,663,279,280,287,675,611,743,41,43,940,182,183,571,700,1021,447
897,71,520,79,1041,659,279,280,183,729,287,743,46,558,52,182,55,700,1021,447
71,72,73,74,90,158,159,160,46,688,307,52,308,120,59
324,457,395,204,334,209,275,539,163,167,295,169,303,944,625,943,947
457,395,204,334,209,275,164,165,166,295,168,169,167,622,943,944,625,624,947,1082
324,395,204,334,209,275,539,164,165,295,168,169,167,622,303,943,944,946,947,625,624,1082
1091,132,133,134,585,330,459,399,790,414,415,162,615,175,880,816,309,247,825,826,445,446
1091,132,133,134,585,330,459,399,80,470,790,415,421,615,616,235,247,445,446
324,457,395,204,334,209,275,405,534,469,163,164,165,166,169,492,303,944,943,947,1082
322,772,775,776,845,918,344,985,281,219,860,861,354,870,40,314,316,1085
324,457,395,204,334,209,275,539,163,165,167,295,303,624,943,944,947,1082
318,453,917,919,353,354,868,869,423,872,873,424,871,376,378,316,317,254
1033,1034,203,205,909,526,402,469,285,96,865,481,356,106,107,490,433,243,436,119,123
902,330,716,722,147,340,277,344,345,347,348,349,222,34,108,109,175,887,178,888,693,309,1079,949,315
318,212,918,919,868,869,870,871,872,873,425,426,812,378,1085,254
704,707,708,68,70,963,330,267,715,80,337,852,153,154,155,283,608,37,429,567,380,830,703
640,641,515,516,139,140,461,724,300,301,626,632,633,635,636,637,639
640,641,515,516,517,138,139,140,460,461,141,21,300,301,302,626,1075,632,633,635,639
451,259,263,264,266,15,16,18,20,282,27,28,29,286,30,608,735,164,113,628,58
451,387,263,264,266,15,274,19,282,28,284,286,30,608,484,165,38,748,174,438,1014,441
11,463,81,273,17,24,25,480,484,485,489,171,172,813,110,115,439
257,642,68,267,79,721,19,659,342,153,154,155,283,797,759,434,565,54,567,571,379,380,381
6,968,907,844,909,908,268,973,1022,408,792,89,540,934,810,1071,304,880,176,117,573,126
193,391,203,205,15,400,145,402,22,864,481,928,226,802,367,433,243,244,502,122,123
963,964,965,271,272,83,84,85,86,87,88,89,1050,100,101,232,366,255
64,961,66,259,963,583,152,88,735,31,1059,357,294,296,236,173,442,250,60,61,127
962,132,133,582,134,583,967,265,586,588,654,910,537,793,795,414,991,607,418,235,619,627,435,573,511
897,520,447,1041,659,854,279,280,183,729,287,743,43,560,182,567,700,1021,575
256,384,389,390,464,465,466,467,468,276,285,482,237,241,242,116
324,457,395,204,334,209,275,539,165,166,167,295,169,296,303,625,947
3,387,451,1091,263,264,266,396,15,274,403,282,27,796,29,286,30,33,490,236,565,438,54,760,441
387,451,263,841,266,15,274,403,282,27,796,28,94,29,286,284,30,490,174,438,441
768,769,770,453,776,781,766,215,984,219,868,869,872,425,426,873,378,499,186,765,254,767
772,773,453,456,841,777,215,218,219,287,37,423,186,425,426,619,819,822,375,184,185,378,253,254
64,192,258,966,967,583,328,399,336,609,357,294,936,937,173,948,245,566,312,443,60,61
391,203,781,15,469,22,155,928,481,226,802,356,106,367,433,243,436,244,502,122,123,382
320,321,322,325,326,327,521,522,76,77,144,344,345,870,40,233,875,876,877,1085,319
320,321,322,325,326,327,521,76,77,144,344,345,40,875,876,877,319
320,321,322,325,326,327,521,76,77,144,344,40,233,875,876,877,319
320,321,322,325,326,327,521,522,76,144,344,40,875,876,877,319
2,3,14,143,274,19,26,156,413,158,94,159,545,229,38,230,231,997,104,1014,441
642,199,200,1033,1034,1035,337,274,19,855,282,284,94,1001,748,620,431,434,373,374,950
642,199,200,1033,1034,274,404,855,282,284,156,33,484,1001,1003,620,748,1009,434,1074,883,373,374
832,835,1036,205,717,912,145,913,210,914,27,29,30,286,864,1057,433,881,759,761,58,62,831
768,769,770,578,836,264,394,12,652,16,849,340,346,94,1055,223,168,169,428,109,500,187,767
256,384,390,143,465,466,467,276,469,468,285,482,163,806,490,749,237,241,242,116,119
322,772,775,776,845,918,344,985,281,219,860,861,222,354,870,40,314,316,1085
768,769,770,453,774,787,788,917,789,215,353,423,424,425,499,252,376,377,378,316,317,767
768,769,770,771,781,766,215,219,868,869,872,425,426,378,499,254,376,186,252,765,318,767
704,963,707,198,82,958,406,86,87,795,32,224,226,98,354,997,488,361,234,304,883,956,702
963,67,261,262,6,653,142,83,86,1050,32,869,233,873,44,304,883,117,54,56,442,126
132,585,330,459,80,470,790,414,415,162,615,616,497,247,444,445,446
132,134,585,330,459,80,790,414,415,162,615,616,247,444,445,446
1029,1030,1031,1032,969,909,976,977,18,1021,404,857,987,859,990,608,1080,125,1087
320,321,322,325,326,327,521,523,76,77,524,144,875,876,877,319
320,321,322,325,326,327,521,522,76,77,144,40,875,876,877,319
652,716,912,913,210,723,725,982,350,863,351,313,239,879,753,949,761,764
704,453,212,214,215,919,219,423,872,425,426,186,424,499,376,185,378,253,254
836,454,455,456,777,778,779,841,780,781,219,798,799,800,801,423,425,426,499,184,185,1020,253,254
833,449,450,519,329,333,401,27,220,1054,672,289,291,435,437,1081
211,917,278,918,344,347,223,224,225,228,102,870,488,233,40,493,365,495,240,178
768,769,770,771,772,773,774,845,781,215,217,218,219,860,425,1072,375,377,765,766,767
768,769,770,771,772,773,774,781,214,217,218,375,377,765,766,767
768,705,769,3,770,774,14,274,922,156,413,94,1055,229,38,230,231,1014,438,441,767
711,854,151,602,603,476,604,478,477,542,742,39,368,565,950,1013,440,379,381,959
968,202,511,268,973,974,84,408,409,88,540,934,551,810,365,238,176,127
704,705,706,707,708,70,701,267,957,337,853,986,37,429,814,379,380,381,702,703
704,585,459,399,80,793,414,926,415,162,615,616,309,247,248,444,445,446
200,1033,1034,1035,403,148,149,150,855,284,352,740,741,747,748,749,750,431,751,752,755,373,374,950
576,577,578,579,580,581,583,328,1042,732,735,674,554,173,497,49,629,566,312,443,60,1021
576,577,578,580,581,583,328,1042,732,735,674,554,173,497,49,629,247,312,443,60,1021
453,214,919,215,353,354,868,869,423,872,425,426,424,378,499,377,186,251,254
453,212,214,919,215,353,354,868,423,872,425,426,873,424,186,499,377,378,251,254
320,321,322,325,326,327,521,522,523,76,77,524,144,875,876,877,319
452,1029,1031,1032,907,977,982,727,408,409,858,859,987,990,551,938,759,180,181,887,1080,1087
320,321,322,325,326,327,521,522,76,77,144,875,876,877,319
641,515,516,140,461,335,724,299,301,626,1075,632,633,634,635,636,638,639
585,459,399,80,414,926,415,162,166,615,616,309,247,248,444,445,446
832,652,723,598,599,982,925,350,351,32,549,753,881,564,313,764,702
574,585,459,844,846,399,80,926,414,415,615,616,631,880,629,630,247,444,573,446,445
769,770,261,262,6,268,142,917,407,471,281,860,861,161,678,424,495,176,304,117,58,316,317,126
453,214,215,919,353,354,868,869,870,871,872,873,426,425,254,378,1085,318
640,641,515,139,140,141,147,724,300,301,302,177,1075,57,635,636,637,638,639
652,716,912,913,210,723,725,982,350,863,351,239,879,753,761,949,760,313,764
196,710,135,829,206,208,403,984,985,602,283,604,603,476,479,478,420,53,55,440,379,380,381,959
710,519,265,329,401,27,220,669,1054,670,672,671,28,486,487,621,942,113,435,121,126
265,27,220,669,670,671,672,121,995,103,807,808,621,431,496,113,435,628,1081
64,192,258,644,583,328,336,152,357,294,173,948,245,566,312,443,60,61
712,715,1037,718,18,659,850,851,469,534,216,794,795,1052,859,221,998,1067,814,821,182,501,824,827,700
386,198,712,267,402,1044,1047,473,155,95,96,678,169,682,491,492,622,238,625,946,947,945,958
384,390,143,464,465,466,467,276,468,285,482,237,749,111,241,242,116
192,258,583,328,1033,1034,1035,336,404,1046,1053,312,613,357,1003,364,173,1009,948,373,374,1015,950,566,60
322,394,340,344,345,346,347,348,349,799,40,170,108,109,812,178,1079
657,340,344,345,346,347,348,349,799,801,170,108,109,812,178,883,1079
322,394,340,344,345,346,347,348,349,800,40,170,108,109,812,178,1079
394,340,344,345,346,347,348,349,223,800,799,170,108,109,812,178,1079
322,327,394,340,344,345,346,347,348,349,798,40,170,108,109,178,1079
768,770,453,774,787,788,917,789,215,353,423,424,425,499,252,376,377,378,316,317,767
768,769,770,453,781,766,919,215,868,869,872,425,426,873,378,499,376,186,765,254,767
963,964,965,511,973,86,87,88,89,1050,736,1058,99,418,249,874,363,366,112,1017,127,255
459,399,535,727,536,537,538,414,415,162,615,936,935,938,235,937,309,247,248,444,445,446
193,709,652,848,594,595,723,725,982,924,925,863,867,739,613,750,879,239,753,881,755,949,762,764
960,129,258,644,910,911,336,339,1048,606,546,548,933,932,235,305,370,248,61
897,520,656,657,663,183,733,1056,805,743,744,999,686,690,691,699,182,695,694,1083,700,957,447
573,68,70,586,588,844,337,791,792,153,154,603,604,732,926,864,742,880,434,565,629,630,379,380,381,574,703
641,515,516,140,724,300,301,302,626,1075,632,633,634,635,638,639
641,515,516,517,140,460,141,335,724,299,301,302,626,1075,632,633,634,635,638,639
897,71,520,447,79,659,279,280,472,729,287,743,683,46,308,52,182,183,884,698,700,1021,63
258,1030,7,1031,590,977,18,20,344,857,794,987,990,159,735,38,359,40,689,114,756,757,1013,61,127
1026,531,532,533,86,87,33,610,744,556,557,878,558,560,561,498,563,182,700
710,265,401,1048,27,220,669,670,671,672,621,496,113,435,628,121,570
517,340,277,724,344,345,346,347,348,349,606,607,161,635,299,108,109,300,175,178,883,1079,315,638
832,385,386,323,971,591,592,912,210,594,595,725,723,923,988,737,866,239,559,879,882,691,753,118,761,763,189
704,705,707,708,68,70,585,1034,267,337,23,28,862,37,429,496,49,497,438,54,441,380,701,702,703
0,1,2,4,8,9,10,13,341,215,24,25,26,91,860,93
322,340,344,345,346,347,348,349,800,801,40,170,108,109,812,178,1079
394,780,340,344,345,347,348,349,798,799,800,801,170,811,108,109,812,1079
387,707,708,266,267,337,274,403,852,855,282,995,37,997,1001,490,429,431,367,434,1074,951,703
963,964,965,83,84,85,86,87,88,89,1050,97,98,99,100,101,232,939,366,255
640,517,139,140,335,147,724,349,34,35,300,175,177,50,179,756,757,57
389,1033,1034,1036,464,721,468,276,981,23,855,989,862,865,1060,1061,806,1069,751,1074,54,760,761,191
1,8,9,10,11,17,273,24,25,480,484,485,489,171,172,813,110,115,439
453,774,783,784,786,917,215,353,423,424,425,252,376,377,378,316,317,318
453,774,782,783,784,785,786,917,215,353,423,424,425,252,376,377,378,316,317,318
318,964,453,782,783,784,785,786,917,353,422,423,424,425,252,376,377,378,316,317,254
768,769,453,782,783,784,785,786,917,215,353,423,424,425,252,376,377,378,316,317,318
768,769,770,322,772,773,774,327,344,217,218,345,40,694,375,696,251,765,766,767
768,769,770,453,781,766,919,215,219,868,869,872,425,426,873,378,499,186,765,254,767
768,769,770,964,453,214,215,219,868,869,422,872,425,426,873,377,378,252,765,254,767
329,332,396,590,398,529,531,532,533,600,923,33,39,40,556,557,878,560,561,498,947,54,55,1020
453,1084,784,917,918,215,919,353,354,868,423,872,424,811,812,376,377,378,316,317,318
128,129,3,837,710,648,972,398,14,529,530,94,610,548,549,935,681,106,427,370,371,564
385,386,323,389,849,467,468,149,862,236,111,241,242,118,119,1078,189,190
256,385,386,193,384,389,276,149,862,865,237,111,241,242,118,119,1078,189,190
322,340,344,345,346,347,348,349,801,40,170,108,109,812,178,694,1079
1030,1031,264,457,334,977,18,275,539,735,32,225,226,228,167,360,424,234,361,233,495,303,178,1013,956
832,194,652,912,401,210,596,597,23,599,925,350,351,546,547,548,549,753,564,570
645,1029,1030,712,1032,1031,1037,975,976,977,474,987,1052,858,990,1067,1003,1005,431,1009,1016
388,645,5,332,591,592,975,849,340,486,487,104,1066,1067,430,369,1014,503,504
193,194,197,200,201,848,924,925,867,739,741,740,613,490,750,754,755,62
1025,837,903,904,711,796,797,416,417,673,1062,1064,684,54,758,568,571,699,831
1025,903,904,711,22,796,797,416,417,673,1062,1064,684,942,886,887,54,571,831
1025,902,903,904,711,722,796,797,416,673,417,742,1064,684,949,887,888,761,571
1024,257,134,79,337,659,215,729,412,34,35,484,293,39,40,42,236,429,569,240,306,438,1014,120,441,186,63
645,712,202,1037,400,402,474,1052,95,96,678,1001,682,1002,1068,1004,1005,1006,1007,1010,1013,1016,830
1025,902,711,721,722,854,730,1051,476,604,478,416,673,417,1060,742,684,368,884,758,886,888,831
1029,1031,969,396,846,976,913,273,987,28,27,990,286,672,669,30,940,941,621,496,113,628,1080,121,954,955,574
1024,711,404,854,602,1051,604,476,478,479,603,477,742,684,47,368,48,828,381,959
712,1037,14,474,1052,156,608,1001,1067,1003,1068,1004,1005,1009,1010,113,1013,438,1014,374,441,125
129,578,644,910,911,528,401,978,339,980,398,1048,33,418,932,548,933,235,305,248,508,61
642,650,267,1046,279,153,154,283,155,796,417,742,1064,759,748,1069,560,434,886,567,568,1021,831
832,652,912,401,210,723,596,597,982,599,598,925,350,351,737,549,753,564,313,764
474,995,807,808,1001,1002,1003,1004,1005,1006,431,1007,1009,1010,1011,1008,1068,1013,1015,1016
135,776,777,829,845,206,918,984,985,281,219,860,861,222,868,420,870,872,1084,1085
641,515,516,140,335,724,299,300,301,302,626,1075,632,633,634,635,638,639
640,139,461,335,724,57,34,35,299,177,50,179,756,757,1075,633,636,637
256,385,386,323,389,711,464,145,466,149,684,237,111,241,242,118,119,1078,189,190
256,385,386,323,389,902,149,237,111,751,241,242,118,119,1078,189,190
256,385,386,323,389,468,149,107,237,749,111,241,242,689,118,119,1078,189,190
640,641,517,139,140,717,147,724,35,300,301,175,177,50,179,756,757,759,57,635,636,637,639
516,517,139,140,461,717,147,34,35,299,300,301,177,50,1075,756,757,179,57,635,639
832,448,642,1036,398,912,210,982,1051,862,1057,673,684,753,564,758,761,570,764,62,831
514,515,392,393,137,140,146,301,177,626,1075,756,757,634,635,638,639
897,71,520,447,79,659,212,279,280,287,743,691,308,52,182,183,59,700,63
965,329,265,332,27,28,669,670,671,672,929,220,291,621,431,175,435,437,1081
322,772,71,327,657,915,916,1085,406,407,344,345,346,283,347,605,862,805,422,870,744,40,233,43,182,701,702
1088,771,839,459,1038,981,407,919,729,414,415,225,353,166,615,747,556,558,878,46,561,1074,1013,631,889,701,446
960,961,582,968,511,844,654,911,974,980,661,662,408,88,410,605,992,736,1058,99,934,935,1000,127
644,967,586,653,654,528,339,661,662,991,736,418,419,1058,994,874,1017,1018,511
448,840,396,205,909,908,145,913,983,286,30,608,864,356,433,497,436,761,54,760,697,891,892,125
1,9,11,81,17,273,24,480,484,485,489,171,172,813,110,115,439
644,966,586,654,655,528,661,662,991,736,992,418,419,1058,994,609,874,1017,1018
68,203,909,145,981,348,92,221,865,481,356,106,490,107,811,433,243,436,54,122,123,829
576,577,578,579,580,581,403,23,282,732,926,94,862,674,554,174,306,438,441
968,973,974,271,272,84,408,409,88,540,99,100,101,934,551,810,365,238
200,1033,1034,1035,849,404,1046,855,154,865,995,1001,490,759,1008,1009,434,1074,951,950,567,568
573,446,585,459,399,80,1021,790,793,247,732,414,926,415,932,616,629,631,444,445,574
193,203,1036,205,145,148,155,30,286,352,33,356,106,107,433,243,436,502,122,123
257,71,74,79,90,158,159,160,293,743,39,40,46,306,307,52,569,59,63
193,203,205,145,155,30,286,356,106,107,496,433,243,436,502,122,123
384,256,193,390,464,465,466,467,468,276,285,862,482,237,749,241,242,116,118,119,190
775,776,777,779,845,918,985,281,219,860,861,222,354,870,316,377,314,317,1084,1085
775,776,777,779,845,918,985,281,219,860,861,222,354,870,316,314,317,1084,1085
458,527,851,853,986,676,677,998,1001,1003,814,815,432,1009,818,817,820,821,823,825,826
324,395,204,334,275,539,224,163,164,165,166,167,168,169,296,303,943,624,625,944,945,1082
71,72,73,74,158,159,160,46,688,307,308,52,310,120,59
260,966,971,655,401,727,537,609,355,933,358,935,936,937,105,938,246
257,711,659,854,602,603,476,604,477,478,479,673,742,684,368,565,379,959
384,193,386,642,256,389,199,464,465,466,467,468,276,285,482,620,237,241,242,116
968,973,974,271,272,84,408,409,540,99,100,934,551,810,365,238
192,258,583,328,844,336,1042,791,792,152,926,357,294,173,880,948,245,566,312,443,60
1,9,11,974,273,17,81,484,485,489,171,172,813,110,115,371,439
963,845,211,275,278,88,985,219,860,224,225,161,228,102,488,233,872,495,1073,375,1081
256,384,389,390,464,465,466,467,276,468,285,482,807,237,241,242,116
464,465,466,467,468,276,1046,404,283,285,482,241,242,434,116,565,118,568,190
384,256,390,464,465,466,467,468,285,482,483,620,237,241,242,116
644,966,967,905,586,846,399,535,727,536,538,475,605,926,609,418,937,938,619,874,1017,1018,574
833,449,450,518,519,332,333,401,27,220,1054,289,291,437,1081,1023
960,584,332,846,1042,724,793,732,605,606,926,607,929,484,619,173,174,175,371,1012,883,630,638
513,67,452,714,1037,918,408,664,409,987,857,858,859,991,999,551,938,1003,940,1009,180,181,1080,1087
704,1033,1034,331,78,337,849,338,593,913,469,534,664,665,1048,987,28,862,483,37,496,311,380,381,702,703
640,641,340,344,345,346,347,348,349,801,170,108,109,812,178,1079,636
382,1028,68,331,715,267,78,830,338,147,927,37,1070,177,50,372,311,56,57,958
1028,7,712,1037,400,402,29,862,735,929,613,678,359,935,682,940,1005,367,114,53,830
832,323,652,591,531,532,533,598,599,922,923,350,737,547,549,687,498,564
1024,129,577,579,583,328,265,1038,401,1042,978,339,220,733,670,33,929,484,305,628,566,1081,250,508
451,454,263,264,266,397,846,15,913,274,594,282,27,154,29,286,33,41,43,492,496,49
384,256,386,389,390,464,465,466,467,468,285,482,620,237,241,242,116
1033,1034,713,1035,207,849,1046,855,154,283,796,797,416,417,1062,1064,434,1074,567,571,191
640,193,1027,516,517,637,331,460,461,724,153,154,34,483,741,299,236,311,632,250,636,381,830
576,577,579,580,581,3,846,274,403,23,282,732,929,674,554,306,629,438,441,574
768,453,454,455,456,782,783,784,785,786,219,184,253,424,425,499,252,376,377,316,317,767
769,453,454,455,456,782,783,784,785,786,215,219,353,424,425,499,376,377,378,252,767
768,770,453,454,455,456,782,783,784,785,786,215,219,424,425,499,376,377,378,252,254,767
768,770,453,454,455,456,782,783,784,785,786,215,219,353,424,425,499,376,377,378,252,767
193,7,1033,1034,848,849,720,665,154,796,1053,221,735,739,740,613,568,364,685,431,950,951,374,61,62
514,392,393,137,138,140,141,460,146,35,301,302,1075,756,635,638,639
768,769,194,770,261,262,199,519,906,142,917,213,155,161,869,552,873,424,106,1073,628,117,126,318
963,965,968,973,974,83,85,86,87,88,89,1050,540,97,98,100,101,934,551,810,366,304
194,200,1033,1034,906,849,404,1046,855,153,154,283,440,1001,1002,759,434,1074,371,565,373,374,1016,950,381
194,195,201,848,723,725,924,925,867,739,741,740,750,879,881,754,755,753,380,62
576,577,578,579,580,581,391,15,400,22,928,481,802,674,554,367,188,243,244,122,508,509,382,383
768,769,770,453,774,781,766,917,215,219,353,868,869,872,425,426,378,499,376,186,252,765,254,767
449,450,833,518,519,332,333,1054,288,289,291,1015,437,1013,503,1081,1023
390,135,11,780,206,143,529,1042,149,984,985,224,163,420,356,42,171,110,111,751,116,829
79,90,411,92,412,157,287,159,160,158,614,743,42,46,560,52,1020,447
640,641,515,516,140,461,301,626,1075,632,633,634,635,636,637,638,639
384,256,390,464,465,466,467,276,468,285,482,620,241,242,116,567,190
391,712,526,15,400,402,22,95,96,928,37,678,682,367,244,122,382
645,518,202,14,1052,413,288,545,165,38,487,104,229,230,1067,231,997,430,371,1013,1014
1032,265,977,793,857,858,987,220,669,670,672,671,35,807,552,621,174,496,177,50,113,628,630,121,570,1087
265,459,977,401,857,858,27,987,732,311,220,672,669,670,671,552,621,496,177,50,113,628,1015,121,570,1087
388,645,5,518,1037,474,1052,929,486,487,1067,1003,430,369,1009,1013,1014,503,504
2,4,11,13,17,81,273,341,342,24,25,26,91,93,484,485,171,172,813,439
709,716,717,462,147,920,1051,476,349,864,34,611,683,686,175,560,177,563,759,698,1020
391,712,526,400,402,22,95,96,928,678,682,367,243,244,122,123,382
388,645,712,202,1037,977,273,474,1052,990,929,484,486,487,1066,1067,1003,1005,430,1009,503,504
388,645,712,202,1037,975,273,474,1052,990,929,484,486,104,1066,1067,1003,1005,430,1009,503
1089,1090,452,717,1042,408,409,474,987,796,735,928,994,802,551,365,180,181,759,61,1022
1033,1034,1035,203,849,404,1046,855,865,1001,759,1069,1009,1074,434,950,951,118
193,194,195,207,148,149,150,155,284,352,740,741,1064,748,749,750,239,751,752,755,567
384,256,193,389,390,464,465,466,467,276,468,482,163,237,241,242,116
324,457,395,204,334,209,275,163,164,165,166,295,168,169,622,303,1013,1082
324,457,204,334,209,275,36,165,166,295,167,168,303,944,624,625,947,1082
324,457,330,204,334,399,209,275,851,539,36,165,166,295,167,303,947,1082
324,457,204,334,209,275,405,165,166,295,296,169,167,168,622,303,943,625,624,947,944
324,457,395,204,334,209,275,405,343,539,166,167,296,169,303,624,625,947,1082
324,457,395,204,209,275,343,539,167,296,169,168,233,303,947,1013
832,193,195,197,205,145,210,913,148,149,150,155,284,351,352,747,748,749,107,751,752,564,436,313
384,193,389,390,464,465,466,467,468,276,284,285,482,741,749,750,751,241,242,116,119
193,522,468,149,276,148,150,151,989,862,352,741,747,748,749,750,751,752,755
384,256,464,465,466,467,468,276,285,482,620,237,236,241,242,116,118
79,659,90,411,412,92,157,159,287,614,743,42,46,688,307,52,182,59,447
640,641,515,138,139,460,461,141,140,724,21,300,301,302,1075,632,635,636,637,638,639
513,652,716,590,591,592,913,912,210,723,725,600,924,925,350,351,863,546,550,313,753,761,955
707,1042,917,348,349,30,481,226,360,361,234,108,109,178,243,502,183,122,123,956
704,1088,64,259,68,69,338,1042,152,927,31,37,743,173,1070,51,948,245,566,311,312,443,60,702
71,72,73,74,158,159,160,46,688,307,308,52,310,120,59
963,964,965,271,272,83,84,86,87,88,89,1050,97,98,99,100,101,939,366
963,964,965,271,272,83,84,85,86,87,88,89,97,98,99,100,101,366
963,964,271,272,83,84,85,86,87,88,89,97,98,99,100,101,939,366
0,1,2,4,8,9,10,13,341,24,25,26,91,474,93,54,439
193,195,197,201,848,148,150,151,352,417,739,740,741,1064,748,749,750,751,755,567
193,201,848,148,150,151,352,739,740,741,747,748,749,750,751,755,190,62,831
193,195,197,711,201,848,148,150,151,352,417,739,740,741,1064,748,749,750,751,755
576,577,578,579,580,581,388,648,528,23,793,929,674,554,629,503,953
576,577,578,579,580,581,388,648,528,977,23,793,926,929,674,937,554,503
322,327,847,211,340,344,345,281,347,223,227,228,870,40,233,170,493,494,109,178,1085
576,577,578,579,580,581,388,648,528,23,792,793,929,674,554,1003,1009,564,630
576,577,578,579,580,581,648,978,979,23,793,732,733,926,929,674,554,629,506,508
960,844,846,791,792,793,732,605,926,880,629,630,631,573,574
844,846,910,791,792,793,732,926,543,880,629,630,631,573,574
580,905,907,908,909,1022,791,792,793,732,28,672,1071,880,496,305,629,1078,121,443,573,574
90,411,92,412,157,287,160,159,611,614,743,42,46,307,52,59,447
966,967,968,907,908,909,339,792,793,1048,732,28,993,97,98,934,1000,1071,880,304,496,573,1022
962,206,848,16,22,150,151,602,154,476,603,604,797,863,867,739,613,292,364,236,754,1013
579,580,581,654,978,979,980,23,793,732,992,929,674,554,629,505,506,507,508,511
576,960,581,648,653,846,654,528,978,979,980,597,732,541,992,929,674,239,881,505,506,507,509,510,511
576,577,578,896,960,648,653,846,654,528,978,979,980,541,992,929,674,239,881,630,505,506,507,509,510,511
580,581,648,846,654,978,979,980,23,732,605,926,733,929,674,554,506,629,505,1018,507,508,511
833,449,450,518,519,329,332,333,1054,288,289,291,437,1081,957,1023
960,844,654,978,979,980,926,991,607,929,992,736,1000,874,619,505,431,630,1017,507,509,510,511
960,518,980,661,542,543,736,544,607,926,992,995,807,808,554,431,1011,630,1016,507,509,510,511
960,579,528,978,979,980,926,991,736,929,994,992,995,807,936,808,431,629,630,1015,507,509,510,511
579,580,581,978,979,980,23,793,732,991,929,994,674,554,629,505,506,508,509,510,511
384,256,386,193,464,465,466,467,276,209,468,285,482,620,237,241,242,116
512,899,900,649,970,589,1041,657,1043,916,728,731,675,553,687,893,894,575
320,321,322,325,326,327,521,523,76,144,40,875,876,877,319
0,1,448,8,9,10,11,17,273,81,484,485,489,171,813,110,115,439
902,711,903,904,716,721,722,863,864,673,742,1064,684,887,888,949,886,567,568,761,831
576,577,578,579,580,581,844,846,23,793,732,926,606,992,929,674,607,616,554,630
711,22,854,153,154,602,603,604,477,478,476,797,292,742,39,684,368,959
576,577,578,579,580,581,388,648,528,401,792,732,929,674,554,430,1009,503
711,22,854,153,154,602,603,604,477,478,476,797,292,742,39,368,434,959
711,22,854,153,154,602,603,604,477,478,476,797,292,742,39,368,434,379,959
576,577,578,579,580,581,388,648,528,792,793,732,929,674,554,430,1009,503
576,577,578,579,580,581,832,648,528,401,596,597,23,793,732,929,674,554,564,629
389,711,468,119,602,603,989,478,863,673,1060,1061,742,684,368,242,886,118,568,761,699,189,190,831
323,389,711,468,119,602,603,989,478,863,673,1060,1061,742,684,368,242,886,118,568,699,189,190
711,717,154,602,603,796,797,863,864,673,734,476,477,478,742,759,684,368,692,886,567,568,761,959
1089,1090,645,518,712,1037,402,1052,288,545,676,677,1066,1067,1068,1004,1010,1013,1015,1016,1081,957
457,395,275,213,1045,278,344,345,347,539,222,161,225,228,870,167,488,233,108,109,495,303,314,315
960,446,844,846,791,792,793,732,926,607,880,629,630,631,573,574
844,846,911,791,792,793,732,605,926,607,619,880,629,630,631,573,574
449,450,833,518,519,329,332,333,1054,288,289,291,437,1081,1023
446,459,844,588,846,791,792,793,732,926,619,880,629,630,631,573,574
844,588,846,791,792,793,732,926,414,938,619,880,629,630,631,573,574
446,844,588,846,791,792,793,732,926,619,880,629,630,631,573,574
960,844,846,911,791,792,793,732,926,607,619,880,629,630,631,573,574
704,844,588,846,791,792,793,732,926,414,938,619,880,629,630,631,573,574
260,966,967,586,588,661,662,535,727,537,732,609,355,933,358,935,936,937,874,246,1017,1018
968,973,974,271,272,408,409,540,99,100,101,934,551,365,238,176
960,961,653,654,911,541,926,991,992,544,736,993,542,543,994,607,1000,630
960,961,653,654,541,542,991,544,992,736,994,993,543,1000,619
847,211,340,344,345,346,347,348,349,223,228,40,233,170,108,109,494,493,178,1079
960,961,586,588,653,654,541,542,543,992,993,994,544,991,1000,936,937,627
193,387,200,1033,1034,266,718,274,403,1046,282,284,1053,156,735,809,490,49,306,373,374,950,438,441
966,586,587,588,653,654,661,662,535,536,538,991,736,609,1058,418,419,1059,874,1017,1018
193,259,324,264,204,720,209,275,405,343,735,930,165,679,296,169,168,236,685,303,754,61,127
196,520,972,208,529,530,531,533,598,599,23,982,29,350,737,33,867,1060,106,427,42,239,753,564,54,700
577,578,579,452,648,1038,529,530,156,1055,928,929,802,33,1001,1003,427,1009,370,374,1015,1016,1014,700
446,459,844,846,791,792,793,732,926,991,415,936,880,629,630,631,573,574
843,1043,610,611,612,683,556,557,558,559,560,561,562,563,878
832,513,835,713,652,207,912,913,723,725,982,598,350,416,1057,239,881,753,313,764,572
1026,843,651,610,611,612,683,556,557,558,878,559,561,562,563,560
1026,843,1043,611,612,683,556,557,878,559,560,561,562,563,558
1026,843,988,611,612,683,556,557,558,559,560,561,562,563,878,890
1026,843,651,611,612,683,556,557,558,878,559,561,562,560,563,747
512,891,840,841,589,719,1041,1043,915,916,728,675,553,687,882,697,1083,575
1026,843,1043,611,612,683,556,557,558,559,560,878,562,563,561,698
714,843,658,988,611,612,683,556,557,558,559,878,561,562,563,890
1026,843,651,668,611,612,683,556,557,878,558,559,561,562,563,560,747
193,259,264,395,204,720,209,275,343,539,735,930,165,679,296,169,236,685,303,754,61,127
834,843,658,988,610,611,612,680,683,556,941,557,687,559,558,561,691,878,697
836,843,658,663,667,610,611,612,675,683,556,557,558,559,878,561,562,885,697
192,513,323,709,590,591,592,593,210,725,664,665,925,737,546,547,548,550,941,879,955
513,971,590,591,592,593,983,600,601,922,923,664,665,924,546,548,549,550,940,941,693,694,955
192,513,590,591,592,593,913,723,595,725,664,665,924,925,546,547,548,550,298,764
513,1036,590,591,592,593,725,664,665,922,924,925,737,546,547,548,549,550,955
832,590,591,592,593,596,597,725,599,664,665,600,601,924,925,546,547,548,549,550,690,564,953,955
832,982,599,598,664,665,924,925,350,737,546,547,548,549,550,674,753,564
832,652,590,723,982,599,598,600,601,924,925,350,737,546,547,548,549,550,753,564,955
896,323,590,591,592,593,600,664,922,923,665,925,546,547,548,549,550,940,941,687,694,955
324,457,395,204,334,720,209,275,404,405,539,92,930,166,167,296,492,685,303,947,828
1033,1034,404,405,1046,855,1001,1004,1005,1006,1007,1008,1068,434,1011,1010,374,118,1016,250,828
966,654,535,536,537,538,727,732,609,355,933,935,936,937,938,619,629,1017,1018
966,588,654,535,536,537,538,727,732,609,994,933,935,936,937,938,627,629,1017
966,654,535,536,537,538,727,732,991,609,994,933,935,936,937,938,627,629,1018
260,966,846,535,727,536,537,538,609,355,933,358,935,936,937,938,619,629
590,591,592,983,600,601,922,923,546,548,550,940,941,693,694,953,954,955
512,836,647,714,589,1041,658,1043,663,667,731,675,612,553,170,687,885,697,575
513,652,1036,591,593,596,597,664,665,924,925,737,546,547,548,549,550,953,570,955
256,384,389,464,465,466,467,468,276,482,620,237,749,1069,241,242,116,118,568,190
198,1033,1034,1035,276,1046,855,862,865,738,293,806,1063,1069,750,1074,951,571,190
832,709,593,594,723,210,725,982,595,145,664,665,737,866,879,753,762,763,764
709,593,594,723,595,725,982,145,664,665,350,866,37,879,239,753,762,763,764
709,593,594,723,595,725,982,210,145,913,664,665,351,866,879,753,762,763,764
832,704,709,593,594,723,595,725,982,596,145,664,665,866,879,753,762,763,764
709,593,594,723,595,725,982,210,145,664,665,737,866,879,753,762,763,764
640,641,515,516,139,140,724,300,626,50,632,633,634,635,636,637,638,639
640,641,515,516,140,461,335,300,301,626,632,633,634,635,638,639
640,641,515,139,140,460,141,724,300,301,302,626,1075,632,57,634,635,638,639
577,129,709,197,201,844,398,912,401,339,982,1048,28,926,606,866,546,548,879,496,305,630,762,763
193,642,199,200,204,973,974,405,214,934,169,620,622,238,624,625,944,947,946,373,374,751
640,193,1027,516,331,460,461,335,464,338,466,403,724,153,34,483,299,236,50,381,311,632,633,636,637
258,644,966,586,588,910,911,654,339,418,419,932,933,994,938,874,305,627,1012,629,1017,1018
590,591,592,593,600,601,922,923,665,664,546,548,549,550,940,941,687,696,953,954,955
835,709,650,716,652,912,656,723,596,725,982,597,924,351,737,866,744,879,753,690,691,761,762,763
1033,1034,1035,1046,855,155,865,738,740,741,806,1063,490,1069,1005,750,1074,434,755,950,951
835,650,1036,716,717,913,914,849,797,286,864,1057,742,881,692,949,758,759,760,761,831
832,323,650,716,717,912,594,595,596,597,598,599,863,864,742,759,753,758,887,761,379,831
832,323,650,716,717,912,594,595,596,597,598,599,723,863,742,759,887,692,758,567,760,761,831
832,323,902,650,716,717,912,594,595,596,597,598,599,723,742,759,691,692,758,567,760,761,831
192,513,709,590,591,592,593,594,595,725,982,664,665,924,925,546,866,548,550,879,753,762
192,709,593,594,595,596,725,982,597,598,665,599,664,737,866,298,879,753,762,763
320,321,322,325,326,327,521,76,77,144,875,876,877,319
192,709,593,594,595,596,725,982,597,598,665,599,664,866,103,879,753,762,763
318,446,459,212,918,919,354,868,869,870,871,872,873,425,247,378,1085,254,445
832,652,723,596,597,598,599,23,925,350,737,546,547,548,549,564,759
832,723,596,597,598,599,23,925,350,737,546,547,548,549,753,564,759
193,391,203,205,15,145,276,22,155,286,481,356,106,107,433,243,436,502,122,123
79,90,411,92,412,157,287,160,159,158,611,614,42,46,307,52,308,447
832,648,528,912,401,723,596,597,598,599,594,595,929,546,674,548,737,175,1012,759,764
832,912,401,594,723,596,597,598,599,725,23,595,737,546,929,548,674,175,753,759
128,11,463,273,17,19,342,24,25,283,484,485,489,171,813,115,371,1013,439
1026,843,651,668,611,612,683,556,557,878,558,559,561,562,560,563
512,836,589,719,1041,1043,915,663,728,667,675,612,553,687,885,697,575
650,1036,716,717,914,1051,863,864,759,882,692,949,758,887,760,761,890,699,1021,831
832,1036,912,145,210,723,725,982,350,351,737,866,550,879,753,881,313,762,763,764,831
832,835,709,1036,912,913,210,723,145,725,982,351,737,550,313,879,753,881,761,763,764,831
832,912,210,723,725,982,350,351,737,866,879,753,881,564,313,762,763,764,62
832,643,1036,207,912,913,210,723,725,982,351,737,1057,546,313,753,881,564,62,761,58,764,572
647,971,651,719,657,658,915,916,663,728,666,667,731,675,686,693,694,697,1083
899,900,647,649,970,971,651,719,657,658,1041,916,915,728,667,731,675,697,894
646,647,649,714,719,657,658,915,916,663,728,666,667,731,675,690,691,694,697
646,839,649,714,719,657,658,915,916,663,728,666,667,988,731,675,999,690,691,697
899,900,647,649,970,714,719,657,658,915,916,1041,663,728,666,731,667,675,690,691,697
897,71,520,447,79,659,279,729,90,159,287,743,558,46,179,182,183,700,63
646,647,649,714,971,719,657,658,915,728,667,988,731,675,999,680,686,697,890
195,196,70,710,201,206,208,210,665,608,741,165,371,53,1013,1014,58,379,380,381,62,703
582,966,586,587,588,844,846,661,662,791,792,793,992,609,418,419,874,619,880,497,627,630,249,573,574
576,577,578,579,132,580,134,581,585,330,459,80,414,415,674,615,616,554,247,444,445,446
960,961,653,654,541,926,991,992,993,736,544,994,542,543,1000,627,1017,1018
960,961,653,654,911,541,542,991,992,993,544,736,994,543,1000,937,627,1017
643,837,717,914,855,730,989,673,1060,1061,742,1063,1064,809,684,942,692,886,54,568
647,971,591,719,657,915,663,600,728,983,667,988,731,675,680,686,693,694,695,696
834,714,719,657,658,915,663,728,731,667,610,675,680,686,693,694,695,697
891,647,840,714,719,657,915,916,663,728,667,731,675,680,686,694,695,697,1083
647,649,651,971,657,915,660,916,728,920,667,668,731,746,683,878,558,560,561,697,698
1026,646,649,651,971,657,660,920,666,667,668,731,999,744,746,683,560,690,691,697,698,890
647,649,651,971,657,915,660,728,920,667,668,731,675,680,746,683,556,558,878,560,698
66,451,259,263,264,266,15,274,282,27,28,29,286,30,672,608,164,113,628,58,127
832,131,908,205,80,145,793,732,30,286,674,617,618,106,107,45,433,436,310,631,1022
3,14,794,795,413,30,545,676,229,230,231,997,38,104,814,816,818,821,1014,823,825,826
3,14,794,795,413,30,545,676,229,230,231,997,38,104,814,816,818,820,821,1014,825,827
3,14,794,795,413,29,545,676,229,230,231,997,38,104,814,816,818,820,821,1014,825,827
711,650,716,656,849,914,722,734,863,1064,760,691,692,949,886,887,758,761,699,831
646,649,714,843,719,657,658,915,920,667,675,805,999,744,686,561,690,691,885,694,697,698
646,520,649,1034,971,719,657,658,915,920,728,731,988,675,805,744,690,691,694,697,1083
132,134,585,330,459,80,790,414,415,615,616,235,247,444,445,446
640,641,515,516,139,140,724,626,50,632,633,634,635,636,637,638,639
584,661,727,926,606,736,609,1058,607,992,933,929,935,994,355,937,619,938,991,1012,1017,1018
584,727,732,606,607,992,609,929,355,994,933,991,936,937,938,619,1012,629,1018
833,449,450,519,332,333,401,220,1054,671,289,291,437,1081,570,1023
576,578,579,580,581,388,645,648,528,339,980,597,733,607,929,418,674,486,487,1003,619,302,175,1009,503
3,14,18,20,413,545,676,677,997,229,230,231,38,235,814,816,819,820,821,1014,823,824,825,826,827
963,906,458,22,150,154,603,604,27,29,30,864,286,292,440,1064,1069,368,760,434,565,950,568,379,124
896,899,836,841,777,589,719,663,667,675,612,1065,693,885,697,1020,894,895
896,899,836,841,777,651,1043,920,675,1065,746,683,557,686,560,563,695,698,1020,894,895
776,777,845,917,918,281,985,219,860,861,222,870,811,812,1073,377,314,1084,1085
320,321,322,325,326,327,521,522,76,77,525,144,875,876,877,319
320,321,325,326,327,521,522,523,524,525,76,77,144,875,876,877,319
320,321,322,325,326,327,521,522,523,76,524,77,525,144,875,876,877,319
832,194,835,764,713,1036,590,591,592,913,207,723,912,725,923,1057,239,881,753,761,572
714,590,719,657,915,916,728,601,731,675,805,680,686,693,694,695,696,697,1083
647,651,657,660,663,920,728,731,667,668,675,680,746,683,557,686,560,563,695,697,698,1020
1025,902,711,721,722,989,863,673,1060,1064,684,887,691,1077,54,949,888,761,893,831
590,719,657,915,916,663,728,731,667,675,680,686,693,694,695,696,697,1083
1091,132,134,585,330,459,80,20,790,414,415,615,616,247,444,445,446
897,257,520,447,76,79,659,279,729,287,743,40,42,495,240,306,182,183,569,700,63
640,641,515,516,140,301,626,1075,632,633,634,635,636,637,638,639
640,641,515,516,140,335,301,626,1075,632,633,634,635,636,637,638,639
388,645,5,518,1037,975,474,1052,929,486,487,1067,430,369,1009,1013,1014,503,504
647,649,841,971,719,657,658,915,916,663,728,667,731,675,686,694,697,1083
647,649,651,719,657,658,915,663,728,667,988,668,731,675,690,691,694,697,698,1083
900,1036,893,717,1051,796,863,864,673,568,882,691,692,949,759,760,761,890,699,892,1021,831
836,647,649,714,971,719,657,658,915,916,663,728,667,731,675,686,693,694,697
832,652,912,210,723,596,725,597,598,599,925,350,737,546,547,548,549,753,564
527,676,677,814,815,816,817,818,819,820,821,823,824,825,826
582,966,586,587,588,844,846,791,792,732,605,926,609,880,629,573,574
193,1033,1034,1035,849,468,855,602,154,283,862,865,292,806,1069,368,434,1074,565,950,568
832,323,839,1036,717,716,1051,863,864,759,882,691,692,949,885,758,760,761,890,892,1021,831
463,468,471,472,473,602,154,604,864,292,1069,174,434,565,757,54,568,124
463,468,22,471,472,473,154,283,864,292,1069,237,174,565,54,568,124,253
463,468,471,472,473,380,604,157,478,673,292,742,1069,174,565,757,54,568,124
318,212,918,919,353,868,869,870,871,872,873,425,426,812,378,1085,254
717,468,22,153,602,154,603,604,797,796,864,734,292,742,1064,684,1069,434,565,759,568,699
581,711,650,1036,717,796,797,734,863,864,286,742,568,759,684,692,886,887,760,761,54,699,831
702,468,341,62,154,26,604,477,478,864,292,742,492,1069,368,434,565,54,568,379,574
1024,257,324,457,204,1038,209,275,343,92,167,40,39,42,46,303,688,307,308,310,120,124
320,321,322,325,326,327,521,523,76,77,525,524,144,875,876,877,319
836,647,714,719,657,658,915,663,728,667,731,675,680,686,693,694,695,697,698
650,716,717,656,849,914,797,734,864,742,1064,759,760,692,758,887,886,761,699,831
704,705,706,707,708,70,267,80,337,865,37,429,496,444,380,701,702,703
834,900,839,840,893,1051,611,882,1076,885,1077,889,890,891,892,1021
1027,70,331,78,849,337,914,22,150,857,153,283,221,741,37,1070,368,950,311,379,380,381,62
704,705,706,707,708,446,70,267,80,337,37,429,497,247,380,701,702,703
704,705,706,707,708,573,70,267,80,337,543,995,37,429,1006,380,701,702,703
272,211,958,20,29,353,226,870,230,360,872,234,873,108,109,233,1008,178,1013,62,1081,956,1085,318
640,641,515,516,392,140,335,301,302,626,1075,632,633,634,635,636,637,638,639
640,641,515,516,140,300,301,626,1075,632,633,634,635,636,637,638,639
1025,902,903,904,721,722,730,989,863,416,673,417,1060,684,888,949,54,887,760,761,886,831
1033,1034,1035,404,855,862,735,865,1001,490,1005,1069,496,1074,434,1010,373,950,951,381
200,1033,1034,1035,404,855,862,735,865,1001,490,1069,1007,496,1074,434,1010,373,950,951,381
1029,1030,1031,1032,1033,458,330,969,527,976,851,1046,669,672,995,997,998,1001,1003,431,432,1009,370,435,1015
646,649,714,719,657,658,915,916,663,920,728,666,667,988,731,675,999,691,697
836,646,647,649,714,719,657,658,915,916,663,728,920,666,667,731,675,686,693,695,697
897,898,900,901,838,842,971,651,657,667,675,805,744,752,690,691,884,889,890,1083,1021
897,898,901,838,842,971,657,660,667,889,675,805,744,690,691,884,693,697,890,1083,1021,703
897,898,901,838,842,719,920,988,675,805,744,690,691,884,693,694,889,890,1021,703
1026,843,651,920,668,611,683,556,557,558,878,560,561,562,559,563
388,645,5,648,1037,474,1052,929,486,487,1066,1067,1003,749,430,369,1009,503,504,1081
194,643,195,197,837,201,848,22,730,154,989,739,1060,1061,1063,809,942,434,886,54,831
641,515,516,140,461,335,301,626,1075,632,633,634,635,636,637,638,639
265,329,401,27,28,220,669,670,672,121,671,621,431,496,113,435,628,1081,570
265,329,401,27,220,28,669,670,672,121,671,621,496,113,435,1081,570
265,329,332,401,27,28,220,669,670,672,671,621,496,113,49,435,121,570
265,329,401,27,220,28,669,670,672,121,671,621,496,113,435,628,1081,570
519,265,329,401,27,28,220,669,670,672,121,671,621,496,113,435,1016,1081,570
963,964,965,968,271,272,83,84,85,86,87,88,89,1050,97,98,99,100,101,939,255
640,641,515,516,140,301,626,1075,632,633,634,635,636,637,638,639
640,641,515,140,300,301,626,1075,632,633,634,635,636,637,638,639
899,900,646,649,714,970,971,719,657,658,1041,916,915,920,728,666,731,667,675,697,894
968,974,271,272,84,85,88,89,409,540,99,100,101,934,551,232,939,365,366
193,194,195,197,711,148,149,150,155,284,352,740,741,747,748,749,750,751,755,567,568,831
582,966,586,587,588,844,846,791,792,793,732,926,609,937,938,880,629,574
676,677,814,815,816,817,818,819,820,821,823,824,825,826
676,677,814,815,816,817,818,819,820,821,823,824,825,826,827
968,907,908,973,909,974,401,408,540,993,934,551,810,1071,304,117,121,570,1022
322,772,780,781,782,783,784,785,786,787,788,789,344,345,798,799,800,801
834,839,840,893,983,600,882,1076,693,885,694,1077,889,890,891,892,1021
834,839,840,893,983,610,680,687,882,1076,1077,885,889,890,891,892,1021
768,769,770,771,772,773,774,781,784,344,217,218,219,375,686,695,696,377,765,766,767
834,900,839,840,843,893,658,1051,988,559,882,562,1076,1077,885,889,890,891,892,1021
193,642,720,209,336,343,990,930,679,296,685,173,943,624,625,945,947,946,944,948,566
193,642,328,720,209,336,343,859,930,357,679,296,685,622,943,624,625,945,947,173,948,566
834,900,839,840,719,1021,889,675,611,553,882,885,1077,697,890,891,892,893
193,642,720,209,336,343,859,930,679,296,685,622,943,624,625,945,947,173,944,948,566
900,646,839,840,714,893,658,915,1051,559,882,562,1076,1077,885,889,890,891,892,1021
834,891,900,899,839,840,649,1021,657,1041,728,731,882,1076,1077,885,889,890,955,892,893,894,575
899,900,839,840,649,893,657,1041,728,731,889,675,882,1076,1077,697,890,891,892,1021
446,844,846,535,791,792,793,732,926,994,938,880,629,630,631,573,574
837,711,914,730,989,673,1060,1061,742,1063,1064,809,684,942,691,692,886,54,568,441
446,586,459,844,846,791,792,793,475,732,926,938,880,629,630,631,573,574
577,578,131,580,581,134,70,585,1038,732,94,1055,674,931,615,616,617,618,45,1008,628,310,505,1081
453,780,781,782,783,784,785,786,787,788,789,798,799,800,801,424,108
322,772,780,781,782,783,784,785,786,787,788,789,344,345,798,799,800,801
769,770,780,781,782,783,784,785,786,787,788,789,798,799,800,801
769,780,781,782,783,784,785,786,787,788,789,798,799,800,801,767
770,771,772,773,774,845,781,344,217,218,346,345,347,422,40,375,377,765,766,767
1025,902,711,903,904,721,722,730,989,863,416,673,417,1060,684,54,887,888,761,886,831
714,651,719,657,663,728,920,667,731,668,675,805,807,744,746,560,690,691,697,698
768,769,770,771,772,773,774,845,781,217,218,219,860,861,422,425,375,376,377,766,767
768,769,770,771,772,773,774,845,781,591,592,217,218,219,860,861,422,1072,375,377,765,766,767
768,769,770,771,772,773,774,845,781,344,217,218,219,345,422,40,375,377,767
768,769,770,771,772,773,774,781,214,217,218,422,375,377,765,766,767
391,331,78,830,147,958,927,35,555,300,1070,177,50,179,372,56,57,382
194,195,197,199,1033,1034,201,848,981,855,862,865,739,1074,951,62,831
768,769,770,771,772,773,774,845,781,217,218,219,860,861,422,425,375,376,377,765,766,767
768,769,770,771,772,773,774,845,781,591,592,784,217,218,219,860,861,422,375,377,765,766,767
768,769,770,771,772,773,774,845,781,344,217,218,346,345,861,347,422,40,375,766,767
576,577,578,579,580,835,520,1083,846,656,980,23,793,732,733,926,605,1056,929,554,1070,627,630,507,699,957
191,389,1033,1034,981,855,862,865,439,806,489,813,751,951,1074,54,631,761,380,62,831
896,899,836,891,840,841,777,719,675,611,1065,882,697,1083,1020,894,895
837,650,717,849,914,467,796,989,734,864,1060,742,1063,809,568,759,942,434,242,692,886,887,758,699,831
834,839,840,719,1021,983,889,675,882,1076,885,1077,697,890,891,892,893
647,649,651,657,915,660,728,920,666,667,668,731,746,683,556,878,558,560,697,698
320,326,780,781,782,783,784,785,786,787,788,789,799,800,801,425,377
320,325,326,327,780,781,782,783,784,785,786,787,788,789,799,800,801
650,716,717,656,849,914,796,734,863,568,759,692,949,886,887,760,758,761,699,831
322,326,327,780,782,783,784,785,786,787,788,789,344,345,799,800,801,319
650,716,656,849,914,734,863,1064,887,692,949,886,758,760,761,699,831
394,780,781,786,340,344,345,347,348,349,798,799,800,801,170,811,108,109,812,1079
394,780,781,785,340,344,345,347,348,349,798,799,800,801,170,811,108,109,812,1079
772,780,781,340,344,345,346,347,798,799,800,801,170,811,108,109,812
780,781,783,785,786,340,344,347,348,349,798,799,800,801,811,108,109,812,1079
780,781,783,784,785,786,340,344,345,347,348,798,799,800,801,811,108,109,812,1079
896,899,836,900,649,841,719,657,1041,916,728,731,675,1065,697,1020,1021,894,895
772,780,781,340,344,345,346,347,798,799,800,801,811,108,109,812,1079
896,899,836,455,456,841,714,777,778,779,781,657,915,667,675,1065,697,1020,894,895
832,323,835,650,652,210,725,982,598,599,665,925,350,737,547,549,879,753,564,699
834,590,591,592,1041,719,912,723,597,596,600,351,610,313,680,553,941,687,753,693,694,697
522,148,149,150,151,472,153,154,22,796,604,797,602,352,284,292,740,747,748,749,751,368,752,565,379,126
257,193,71,79,659,729,154,411,412,293,743,39,40,240,306,565,182,568,569,63
71,79,90,411,412,92,158,287,159,614,743,42,46,691,884,307,52,885,308,447
320,321,322,325,326,327,521,76,77,144,875,876,877,319
773,775,776,777,778,779,845,215,984,985,281,219,860,222,421,870,424,425,378,1085
773,775,776,777,778,779,845,918,215,984,985,281,219,860,421,870,424,425,314,378,1084,1085
773,775,776,777,778,779,845,918,215,984,985,281,219,860,861,222,870,424,425,378,1085
650,716,717,849,914,734,863,864,742,1064,759,887,760,692,54,567,886,761,699,831
322,772,775,776,777,778,779,845,918,214,984,985,344,219,281,870,40,426,314,378,251,1085
772,773,775,776,777,778,779,845,918,215,984,985,281,219,860,870,424,425,314,378,1084,1085
900,839,840,589,1021,983,667,1051,612,882,1076,1077,885,889,890,891,892,893
900,839,840,1036,1021,983,1051,882,1076,885,1077,889,890,891,892,893
1025,835,837,650,1036,716,1039,913,914,722,725,922,1056,1057,737,673,1060,684,239,758,888,761,572
395,204,334,720,209,166,167,296,168,169,685,622,943,624,625,944,947,945,946,1082
834,900,839,840,843,893,1051,988,559,882,562,1076,1077,885,889,890,891,892,1021
834,900,839,840,1036,893,1043,1051,557,882,1076,1077,885,889,890,891,892,1021
768,769,770,771,772,773,774,780,344,217,218,345,375,765,766,767
1091,330,334,399,720,275,342,343,930,36,166,295,679,296,998,685,814,303
896,899,836,900,649,841,714,657,1041,916,728,731,675,1065,697,1020,894,895
651,590,591,149,150,151,668,747,556,941,558,878,752,561,683,687,751,749,953
878,651,148,149,150,151,747,556,941,557,749,752,561,882,691,884,690,560,558,751,889,559,562,1021
582,966,399,535,727,536,537,538,992,609,355,935,936,937,938,627,1012,629
576,577,579,580,581,388,645,648,528,597,1048,607,929,674,486,935,487,937,554,1003,619,430,175,1009,503
640,641,515,516,140,724,299,300,301,626,1075,632,633,634,635,638,639
1024,324,457,777,204,209,275,659,405,404,215,217,218,184,163,167,296,303,688,47,569,252,376,185,828
896,899,836,840,841,590,719,912,592,723,596,597,595,667,351,675,313,1065,879,753,697,1083,1020,894,895
897,898,901,838,647,842,719,915,728,666,667,889,675,805,744,690,691,884,697,890,1083,1021,703
897,898,901,838,647,842,587,1041,663,728,667,731,675,805,744,690,691,884,695,889,890,1021
832,652,912,210,723,596,597,982,599,598,925,350,351,737,546,548,753,564,764
1026,714,843,658,915,920,988,668,746,683,556,557,558,559,878,560,562,561
514,516,517,392,393,137,638,138,460,141,146,299,301,302,1075,635,830,639
896,840,841,590,719,610,611,612,675,683,940,557,556,558,560,561,882,563,697,891
71,72,74,79,90,411,92,412,158,159,160,287,614,743,42,46,307,52,447
832,581,652,588,912,913,210,401,723,725,982,599,596,793,597,598,595,351,737,674,546,548,753,564,764
256,68,1035,204,715,718,850,851,469,534,216,283,221,806,998,490,1069,434,501,1013,311,1014
832,896,323,652,590,591,531,532,533,599,922,923,350,737,674,547,805,549,687,564,831
704,448,387,68,69,718,273,338,852,283,31,864,608,484,37,1070,51,371,56,249,379,380,381,830
382,1028,70,331,267,460,78,338,958,927,299,1070,943,944,50,372,311,56,57,830
640,641,515,516,724,301,626,1075,632,633,634,635,636,637,638,639
198,71,204,1044,1047,538,860,736,1058,163,931,37,491,492,622,624,625,946,947,565,1082,574
324,457,395,204,334,209,275,405,343,539,166,167,296,169,42,303,625,947,1082
643,714,719,657,658,915,660,916,920,731,667,675,805,744,1070,690,691,882,697,698
79,90,411,92,412,157,287,159,160,158,614,743,42,46,498,52,182,447
204,334,720,209,163,166,168,169,492,685,622,943,944,625,624,947,945,946,1082
204,334,720,930,163,166,168,169,492,685,622,943,944,625,624,947,946,945,1082
650,1036,717,849,796,734,863,864,742,759,887,760,692,761,54,567,568,886,949,699,831
1025,902,903,904,711,721,722,154,796,797,416,417,673,1060,1064,684,949,887,888,571,831
835,329,265,272,27,29,670,671,672,737,995,230,807,808,1002,431,435,1011,1015,1016,1081,957
835,520,329,265,27,220,924,670,672,737,995,807,808,1002,621,431,435,1011,1015,1016,1081,957
835,650,1036,717,656,849,914,913,734,805,744,759,691,692,758,887,886,699,831
776,845,212,918,984,281,985,345,860,861,222,344,347,349,869,870,872,1072,1073,314,1085
641,515,516,140,34,301,302,626,1075,50,883,632,633,634,635,638,639
963,6,968,83,84,85,86,87,88,89,1050,97,98,99,100,101,232,810,366,304,255
67,260,971,653,654,655,662,535,541,991,992,419,933,358,105,874,497,246,249,1018,1017
8,9,11,17,81,25,480,484,485,489,171,172,813,110,115,371,439
193,200,1033,1034,202,522,148,149,150,151,284,352,165,741,747,748,749,750,751,752,373,374,1014
512,906,394,1036,589,1041,402,1043,979,1045,726,226,290,361,234,233,683,553,170,687,377,956,575
512,394,845,589,1041,402,1043,1045,726,919,224,290,226,868,869,872,361,234,170,314,553,687,378,575
964,965,968,973,654,974,271,909,87,408,89,1050,409,540,97,101,934,551,810,939,304,511
265,329,401,27,220,669,670,671,672,121,621,496,113,435,628,1081
1027,1028,139,267,331,1038,78,398,337,849,958,927,483,1070,951,50,372,311,57,381,830,255
256,3,387,390,781,14,143,463,17,274,403,276,282,284,94,481,420,237,174,111,241,116,884
961,582,586,588,653,846,654,910,793,732,605,926,607,992,932,933,935,936,619,880,627,1012,629,630,574
515,516,517,392,460,140,141,335,461,724,299,300,301,302,1075,635,638,639
520,584,586,588,844,846,653,910,911,654,791,536,475,605,926,607,993,994,933,937,619,880,627,629,574
72,74,468,150,471,472,473,154,602,603,604,158,864,292,39,1069,174,368,565,568,59
1025,902,903,904,721,722,730,863,416,673,1060,684,888,54,887,760,761,886,831
960,961,130,132,459,653,654,399,470,790,88,1049,541,991,992,162,421,235,247,442,445,446,511
676,677,814,815,816,817,818,819,820,821,823,824,825,826
676,677,814,815,816,817,818,819,820,821,823,824,825,826,827
64,66,259,963,583,511,1042,83,86,87,152,790,88,735,357,236,173,566,60,61,127
64,66,259,963,583,511,86,87,152,88,357,294,236,173,245,566,60,61,127
64,66,259,583,511,653,654,336,152,88,541,357,236,173,948,312,60,61,127
130,132,134,583,459,653,654,399,470,662,790,1049,88,541,415,162,421,615,309,248,511
67,653,654,655,661,662,541,991,992,1058,419,355,358,105,874,246,249,1018,1017
64,66,259,963,583,511,653,1042,83,86,87,152,88,735,810,236,173,60,61,127
832,513,652,591,210,723,725,982,598,599,665,924,925,350,351,737,547,549,550,239,564,955
646,971,719,657,658,915,663,983,728,920,667,988,731,675,680,686,690,691,693,694,695,696
970,719,657,915,916,663,728,920,731,988,675,680,686,690,691,693,694,695,696,697
130,132,134,459,653,399,470,1049,542,162,421,166,295,235,236,309,248,442,444
130,132,134,459,653,399,470,790,1049,542,162,421,166,295,235,309,248,442,444
130,963,132,653,654,399,980,470,790,152,1049,88,87,86,541,993,162,421,1000,235,442,511
64,509,259,963,583,511,653,654,336,152,88,541,357,294,236,173,948,245,60,61,510,127
200,1033,1034,715,718,850,851,404,469,534,1046,855,216,221,998,1001,1003,1009,434,1074,373,501
200,1033,1034,715,203,718,851,404,469,534,23,216,284,221,1002,1003,107,1009,434,1015,1011,373,374,950,1016
1025,902,903,904,711,721,722,730,797,416,417,673,1060,1064,684,54,886,888,761
1025,902,903,904,711,721,722,730,797,863,416,673,417,1060,1064,684,54,886,888,761
68,1028,520,267,331,78,830,849,657,403,728,731,927,1056,37,44,1070,177,50,51,311,57,380,381,958
704,705,707,708,68,70,131,715,844,337,1051,28,926,862,37,616,429,496,497,630,54,379,380,701,702,703
704,705,706,707,68,708,70,1032,715,271,337,792,793,987,1051,414,37,938,429,496,818,379,380,701,702,703
704,705,706,707,708,70,267,715,337,862,37,429,496,497,380,701,702,703
704,705,706,707,708,70,267,715,337,349,865,37,429,444,380,701,702,703
258,583,328,511,588,910,336,793,926,1055,33,803,804,357,937,173,948,566,312,506,509,510,1087
258,583,328,588,336,793,732,1087,1055,33,803,804,357,936,937,173,948,566,312,509,510,511
704,705,706,707,708,446,70,267,715,337,37,429,49,497,380,701,702,703
704,705,706,707,708,387,70,574,267,337,981,926,37,429,880,629,380,701,702,703
200,1033,715,718,850,851,469,1046,534,855,216,853,221,735,998,1001,434,373,374,951,501,380,958
451,195,391,15,400,22,27,29,30,286,481,802,682,367,496,433,243,628,1080,122,123,382,383
256,387,200,1033,1034,266,403,469,534,855,282,1053,735,163,806,1001,490,1011,501,373,951,950
966,967,905,535,792,793,536,475,538,926,736,609,1058,418,936,937,938,874,1017,1018
387,9,202,332,463,81,274,19,342,282,283,480,484,165,1062,489,813,110,883,1014,439,888
388,5,518,645,710,202,288,929,165,486,487,38,1066,430,369,371,1013,1014,503,504
1033,1034,1035,849,1046,855,154,1001,1003,1004,1005,1006,1007,1008,1009,434,1010,1074,950,951,379
714,651,971,719,657,915,660,920,728,731,988,668,744,746,683,560,690,691,694,697,698
833,449,450,518,519,332,333,220,1054,288,289,121,291,621,437,1081
513,1036,590,591,592,593,725,664,665,922,924,737,546,547,548,549,550,940,239,953,955
576,577,578,448,580,581,648,265,585,401,596,597,23,929,674,103,616,554,239,49,438,441,570,509,510,511
1091,391,330,715,718,850,851,853,469,534,216,921,795,997,998,814,821,822,823,501,827
8,11,81,17,273,24,25,480,484,485,489,171,172,813,110,115,439
200,1033,1034,1035,849,404,853,1046,855,735,865,1001,490,1005,434,1074,950,951,381
1033,1034,1035,203,718,850,404,853,1046,855,921,735,1001,1002,490,1009,1074,434,1010,950,951
833,450,449,518,519,329,332,333,220,669,1054,288,289,121,291,437,1081
676,677,814,815,816,817,818,819,820,821,823,824,825,826,827
527,676,677,814,815,816,817,818,819,820,821,823,824,825,826
676,677,814,815,816,817,818,819,820,821,823,824,825,826,827
960,966,967,588,653,654,661,662,535,536,793,732,991,736,1058,418,1059,419,874,1017,1018
676,677,814,815,816,817,818,819,820,821,822,823,824,825,826,827
676,677,814,815,816,817,818,819,820,821,823,824,825,826,827
676,677,814,815,816,817,818,819,820,821,823,824,825,826,827
676,677,814,815,816,817,818,819,820,821,822,823,824,825,826,827
676,677,814,815,816,817,818,819,820,821,822,823,824,825,826,827
646,839,649,714,719,657,658,915,916,920,728,666,731,988,675,999,680,690,691,697
676,677,814,815,816,817,818,819,820,821,822,823,824,825,826,827
899,646,649,970,714,719,657,658,915,916,1041,920,728,666,731,675,680,690,697,894
676,677,814,815,816,817,818,819,820,821,822,823,824,825,826,827
676,677,814,815,816,817,818,819,820,821,822,823,824,825,826,827
676,677,814,815,816,817,818,819,820,821,822,823,824,825,826,827
646,649,714,971,651,719,657,658,915,660,916,920,728,666,667,668,988,731,686,693,697
448,388,645,5,9,474,1052,93,929,486,487,1067,430,369,503,504
1025,837,711,914,722,730,989,673,1060,1061,1064,809,684,942,886,758,54,831
1025,837,711,721,914,730,989,673,1060,1061,1064,684,942,691,886,54,758
584,586,653,846,654,727,475,732,606,991,607,929,926,936,938,619,627,1012,629,574
1026,843,651,660,746,683,556,557,558,878,559,561,562,690,563,560
1025,191,903,904,713,796,797,416,417,673,1060,1062,1064,684,175,54,571,831
1029,1030,1031,1032,969,975,976,977,18,857,858,987,859,990,1080,1087
1029,1030,1031,1032,969,975,976,977,18,857,858,987,859,990,1080,1087
1025,838,711,902,903,904,722,854,730,1051,476,478,863,416,673,417,1060,742,684,368,884,949,886,888,761
388,5,645,518,710,474,929,486,487,1003,430,369,1009,1014,503,504,957
388,5,645,518,474,990,288,929,486,487,1003,430,369,49,1009,1014,503,504,957
966,584,535,792,536,537,538,732,727,609,355,933,935,936,937,938,880,629,630
966,584,905,588,727,535,536,537,538,732,609,994,355,935,936,937,938,627,629
1033,1034,458,1035,1046,855,735,995,997,1001,1002,1003,1004,1005,1068,1007,432,1009,951,1074,373,1015,1016
966,905,727,535,536,537,538,732,475,991,609,355,935,936,937,938,627,629
1029,1030,1031,1032,969,975,976,977,857,858,987,859,990,1080,1087
1042,794,795,545,676,677,814,816,817,818,819,820,821,823,824,827
3,14,1042,794,795,1052,672,545,36,1067,814,815,816,819,822,823,824,825,826,827
707,1029,1030,1031,969,909,975,976,977,18,1021,404,987,859,990,608,104,1080,125
1025,837,711,914,730,989,673,1060,1061,742,1063,1064,809,684,942,691,886,758
966,910,654,727,792,535,536,537,538,732,609,994,935,936,937,938,629,573
1025,837,711,914,730,989,673,1060,1061,742,1063,1064,809,684,942,886,758,568,441,831
260,966,967,582,905,586,399,535,536,538,475,609,931,355,358,935,937,938,363,112,627,246
646,649,714,971,719,657,658,915,916,920,728,666,667,988,731,675,999,691,697,890
194,643,195,903,904,713,207,848,154,796,797,417,1057,739,740,741,1062,1064,750,881,755,568,571,831
834,900,839,840,893,658,1051,988,559,882,562,1076,1077,885,889,890,891,892,1021
1091,330,459,718,399,850,851,853,795,162,997,998,421,166,295,814,821,309,823,248,444
834,891,900,899,839,840,893,1041,1051,882,1076,885,1077,889,890,955,892,1021,575
960,961,258,644,910,911,336,537,542,543,992,544,932,933,935,937,619,173,627,1012,948,61,573
960,644,587,910,911,661,605,926,606,992,736,607,932,933,1000,937,619,627,248
1091,850,851,853,855,921,986,997,998,677,814,815,432,817,819,820,821,822,823,827
644,582,967,966,586,587,588,844,846,791,792,793,732,926,418,937,938,880,629,1017,574
71,72,73,75,158,159,41,43,46,47,688,689,307,52,308,310,55,120,59,124
577,579,580,648,329,269,1038,528,978,727,537,733,929,932,935,616,937,505,506,507,508,510,1081
576,581,978,979,980,23,792,537,793,88,732,926,992,929,1003,1009,629,505,506,508,510,511
576,579,581,978,979,980,23,88,793,732,926,992,929,674,629,505,506,507,508,509,510,511
968,973,974,271,84,85,408,409,540,97,98,99,100,101,934,551,810,304
193,198,715,204,718,209,850,275,851,469,534,855,216,221,998,1001,490,492,622,944,945,947,501,1082
643,837,711,590,403,730,989,1060,1061,1063,809,684,942,886,54,568,380,381
768,705,769,770,773,906,150,472,473,154,283,604,477,478,292,742,297,368,48,434,565,440,379,767
513,590,591,592,593,600,601,922,923,665,664,546,548,549,550,940,941,687,696,953,954,955
395,204,334,209,163,166,295,168,169,622,943,944,945,946,625,947,624,1082
204,334,720,275,163,166,295,168,169,685,622,943,944,945,946,625,624,947,1082
642,395,204,334,163,166,295,168,169,622,943,944,945,625,946,624,947,1082
896,899,836,841,719,657,663,667,675,680,1065,941,560,698,697,954,953,1020,894,895
324,457,204,334,209,275,163,166,168,169,622,943,944,945,946,947,625,624,1082
446,459,844,846,791,792,793,732,926,880,627,629,630,631,573,574
960,961,653,654,911,661,793,541,926,543,544,736,992,542,991,994,993,1000,630,1018
960,961,653,654,662,541,926,991,544,542,543,992,993,994,936,1000,874,629,630,1018
960,961,964,582,586,653,654,541,542,991,544,992,994,543,993,1000,937
960,644,653,846,910,911,654,339,535,732,991,993,994,932,933,936,1000,235,619,627,1012,629,630,61
260,966,967,582,905,586,588,654,661,662,537,475,609,355,358,935,936,937,874
966,967,582,905,586,588,654,535,536,538,475,732,736,609,993,418,1058,935,1000,937,936,938,627
642,395,204,334,209,163,166,295,168,169,622,943,944,625,946,947,945,624,1082
590,591,592,593,531,600,601,922,923,664,665,925,546,547,548,549,550,940,941,953,954,955
968,973,974,271,84,85,408,409,540,99,100,101,934,551,939,238,304
832,129,128,3,581,972,398,14,731,862,1055,94,737,674,548,935,681,106,427,370,690,564,371
1037,1052,995,1001,1002,1003,1004,1005,1006,1007,1008,1009,1010,1067,1068,431,1015,1016
995,1001,1002,1003,1004,1005,1006,1007,1008,1009,1010,1011,1068,431,1015,1016
1037,920,995,1001,1002,1003,1004,1005,1006,1007,1008,1009,1010,1011,1068,431,1015,1016
995,1001,1002,1003,1004,1005,1006,1007,1008,1068,1010,1011,431,1013,1015,1016
619,995,37,1001,1002,1003,1004,1005,1006,1007,1008,1068,1010,1011,1009,431,1015,1016
995,676,1001,1002,1004,1005,1006,1007,1008,1068,1010,1011,431,1009,820,1015,1016
995,1001,1002,1003,1004,1005,1006,1007,1008,1068,1010,1011,1009,431,1013,1015,1016,827
1034,272,995,230,1001,1002,1004,1005,1006,1007,1008,1068,1010,1011,431,1015,1016
272,995,230,1001,1002,1003,1004,1005,1006,1007,1008,1068,1010,1011,1009,431,1015,1016
712,995,1001,1002,1003,1004,1005,1006,1007,1008,1068,1010,1011,1009,431,1013,1015,1016
458,1037,474,995,1001,1002,1003,1004,1005,1006,431,1007,1009,1008,1010,1068,1015,1016
458,1037,995,1001,1002,1003,1004,1005,1006,1007,1008,1009,1010,1068,431,1015,1016
995,676,807,808,1001,1002,1003,1004,1005,1006,431,1007,1008,1010,1009,1068,820,1015,1016
902,711,904,903,721,722,959,602,603,476,604,478,673,1060,742,684,887,888,949,886,758,568,761,831
900,840,1036,717,462,913,657,1051,889,863,759,560,882,691,885,761,949,760,697,890,1021,831
968,973,974,271,272,84,85,408,409,540,97,98,99,100,101,934,551,810,304
968,973,974,654,272,271,727,408,409,540,993,99,100,101,934,551,1000,939,304
891,840,1083,590,719,591,600,601,922,923,675,548,553,940,941,882,697,953,954,955
1029,1030,1031,1032,969,975,976,977,18,857,858,859,987,990,286,1080,1087
704,1029,1030,1031,1032,969,975,976,977,857,858,859,987,990,1080,1087
1029,1030,1031,1032,969,975,976,977,857,858,859,987,990,1080,1087
1029,1030,1031,1032,969,975,976,977,857,858,859,987,990,1080,1087
704,1029,1030,1031,1032,969,975,976,977,857,859,987,990,1080,1087
1029,1030,1031,1032,969,975,976,977,857,858,859,987,990,1080,1087
1029,1030,1031,1032,969,975,976,977,18,857,858,859,987,990,1080,1087
836,841,590,591,592,657,663,728,923,731,805,681,298,557,686,560,1076,1077,695,696,953,890,1019
576,577,578,579,580,581,388,648,584,846,528,732,929,674,554,1003,430,1009,627,1012,629,503,1081
192,258,583,328,648,336,528,1042,735,357,294,173,948,245,566,312,443,60,61
256,204,334,148,149,150,151,153,602,603,604,284,478,352,292,164,747,748,1069,750,749,368,751,752,565,568
644,966,967,653,654,661,662,535,536,732,736,609,1058,418,419,936,874,1017,1018
644,966,967,588,654,661,662,732,991,736,609,1058,419,418,992,874,629,1017,1018
839,650,1036,717,913,721,1021,154,1051,797,889,863,864,568,435,949,758,567,760,761,886,381,831
382,1028,68,331,267,78,338,958,735,927,483,35,37,299,44,300,1070,429,50,372,311,56,830
590,657,1043,600,601,922,923,546,675,548,550,940,941,557,563,953,954,955,1021
900,649,971,651,590,657,1041,1021,600,601,922,923,548,940,941,1077,953,954,955,893,575
960,961,653,654,662,535,732,541,991,992,993,994,933,936,1000,874,938,627,629,1017,1018
960,961,653,654,535,536,541,991,992,993,994,933,936,1000,938,627,629,1017,1018
960,961,588,653,654,732,541,543,992,993,544,994,991,1000,936,938,880,627,629,1017
960,961,653,654,541,926,542,992,993,544,736,543,994,607,991,1000,937,938,630,1017
266,12,913,339,983,856,792,990,94,484,485,745,1002,428,1005,366,1011,500,697,187,380,957,574
266,12,339,983,856,792,94,484,485,745,428,366,880,882,500,693,694,761,697,187,380,957,574
640,641,835,637,266,844,12,594,339,856,605,94,745,428,879,500,761,187,636,957,574,831
640,641,898,901,637,266,12,339,983,856,94,872,745,428,500,761,694,697,698,187,636,957,574
130,330,459,399,470,1049,415,162,997,998,421,166,295,814,819,309,822,248,825,826,827,444
832,835,1036,1039,1040,913,912,723,286,351,1057,881,949,758,760,761,570,572
835,516,266,12,1039,339,983,856,792,94,484,485,745,428,366,500,693,694,697,187,380,957,574
193,382,1028,331,78,338,147,958,31,927,1070,372,502,311,56,57,381,830
0,1,2,4,8,9,10,13,341,24,25,26,91,474,93,1080
382,1028,331,715,78,830,338,147,31,927,483,37,1070,177,372,311,56,57,381,958
963,964,965,968,973,974,271,272,84,85,88,89,1050,409,540,99,100,101,551,939
963,964,965,968,973,974,271,272,84,85,87,88,89,1050,409,540,99,100,101,551,939
963,964,965,968,973,974,271,272,83,84,85,87,88,89,1050,409,99,100,101,551,939
963,964,965,968,973,271,272,83,84,85,86,87,88,89,1050,99,100,101,939,255
968,973,974,271,85,408,409,540,99,100,101,934,551,810,939,304
71,72,73,74,79,158,159,160,46,688,48,307,52,308,120,59,63
961,964,1033,1034,995,1001,1002,1068,1005,1006,1007,1008,1004,1010,1011,431,1013,1016
835,837,650,1036,716,1039,1040,913,914,656,725,1056,1057,673,1060,684,881,758,761,570,572
1030,7,712,1031,330,977,18,20,344,857,795,987,990,735,359,940,687,114,883,499,757,309,953,954,1021
642,198,1033,910,1044,1047,473,538,860,931,163,678,682,491,492,622,625,946,947,945,565,1082,574
198,391,712,1037,526,15,400,402,22,95,96,928,678,682,367,122,382
835,520,913,594,725,22,605,733,1056,737,741,807,808,103,1002,619,431,49,1011,692,693,1015,1016,1083,957
391,712,526,400,402,22,536,990,95,96,678,682,367,1011,243,122,382
391,712,526,15,400,402,22,95,96,928,802,678,682,367,243,122,123,188
1029,1030,1031,1032,969,975,976,977,857,858,859,987,990,1080,1087
1029,1030,1031,1032,969,975,976,977,857,858,859,987,990,1080,1087
1029,1030,1031,1032,969,975,976,977,857,859,987,990,30,1080,1087
391,712,526,400,402,22,95,96,678,682,367,243,122,123,382
130,132,459,399,470,790,1049,414,991,415,162,421,166,295,309,248,442,444,446
1025,835,713,1036,716,1039,591,913,207,723,596,725,912,1057,239,881,753,758,761,572,831
1029,1030,1031,1037,975,977,857,474,859,858,987,1052,990,1067,1080,1087
1090,1029,1030,1032,1037,975,977,857,474,858,987,1052,990,1067,1080,1087
1029,1030,1031,1032,1037,975,977,474,859,858,987,1052,990,1067,1080,1087
834,590,591,592,600,601,922,923,610,548,680,940,941,687,953,954,955
512,835,1036,589,1039,1040,913,1041,1043,914,726,601,553,170,686,687,695,761,954,572,575
960,584,844,653,846,911,475,605,926,606,736,929,992,607,993,1000,619,627,1012
899,900,646,649,970,971,714,719,657,658,915,916,1041,728,666,731,675,680,690,697
960,961,653,654,911,727,541,542,991,992,736,544,993,994,543,1000,1017,1018
576,577,580,709,582,907,908,909,792,28,672,866,879,1071,880,496,1074,629,117,121,762,763,573,1022
577,580,582,586,907,908,909,1022,791,792,732,28,672,1071,880,496,1074,629,630,62,121,573,574
512,899,900,649,970,589,1041,657,1043,916,915,728,731,553,687,697,893,575
590,591,592,600,601,922,923,546,548,940,941,695,696,953,954,955
647,590,591,592,600,601,922,923,889,546,675,548,940,941,953,954,955
67,260,586,653,846,655,654,661,662,541,992,355,419,358,105,874,497,246,249,1018
644,584,910,911,535,536,732,541,991,994,932,933,935,936,937,235,305,627,629,248,61
3,899,1019,714,970,590,591,14,658,531,792,922,667,94,999,681,298,941,880,691,697,954,955,894,895
512,835,837,1036,589,1039,1040,913,1041,1043,914,1057,553,687,881,758,761,572,575
960,961,653,654,910,792,541,542,543,544,992,993,994,991,1000,630,573
645,712,202,342,735,1001,1002,1003,1004,1005,1006,1007,1068,1009,1010,1011,1008,1013,115,1015,1016,431
641,515,516,140,335,34,35,299,301,302,626,1075,632,633,634,635,638,639
584,586,588,653,846,910,732,605,606,607,544,929,993,933,1000,938,619,174,627,1012,629,574
644,582,966,967,905,586,588,654,661,662,537,736,1058,994,418,419,874,627,1017,1018
130,67,260,586,654,655,271,661,662,88,992,1058,355,419,358,105,874,497,246,249,1018
0,1,2,4,8,9,10,332,13,341,24,25,26,91,860,93,172
450,265,329,401,27,220,669,670,671,672,621,496,113,435,628,121,570
193,1033,1034,203,849,726,855,279,1053,735,613,490,1003,364,1005,1069,568,1009,434,1011,1074,950,951,374
1091,330,459,399,851,853,470,415,162,997,998,421,166,295,814,819,820,821,309,823,248,825,826,444
453,782,783,784,785,786,917,215,353,423,424,425,426,252,376,377,378,251,316,317
1091,330,459,715,718,399,850,851,20,853,469,855,534,216,921,162,994,421,998,235,501,822,248
64,509,66,259,963,134,583,328,511,336,978,979,152,88,1050,236,366,312,506,507,60,61,510,127
580,583,328,395,1038,336,1042,1048,732,929,1059,236,173,174,175,506,948,566,312,250
641,515,517,140,335,724,299,300,301,302,626,1075,632,633,634,635,638,639
452,391,712,1037,526,15,400,402,22,95,928,96,802,481,367,243,244,122,123,382
581,391,1037,15,22,1052,928,481,802,994,358,682,1067,367,188,243,502,122,123,508,509,510,383
960,64,395,661,662,152,991,736,418,1059,1058,419,874,250,236,1017,1018,60,511
259,519,329,265,511,332,333,401,88,27,220,670,672,289,291,550,621,435,437,1081,570,572,127
1029,1030,1031,1032,969,975,976,977,857,859,987,990,487,1080,1087
512,589,1041,658,1043,915,916,657,726,728,675,553,170,557,687,560,563,697,575
11,463,17,273,342,25,480,484,485,489,171,172,813,110,115,371,439
11,17,273,342,25,480,484,485,489,171,172,813,110,115,439
1,9,10,11,17,81,25,480,484,485,489,171,172,813,110,115,439
128,11,17,273,81,342,25,484,485,165,489,171,813,110,115,371,1013,439
128,202,11,273,17,342,25,480,484,485,489,171,172,813,110,115,371,439
576,581,11,463,17,273,81,484,485,489,554,171,172,813,174,110,175,115,371,439
321,772,773,774,325,845,212,344,345,347,860,861,222,1055,102,488,233,1072,1073,752,884,310,375,124
0,1,2,4,8,9,10,11,13,463,17,19,341,26,91,93,480,172,115
0,1,2,8,9,10,11,13,463,17,273,26,91,93,485,172,813,115,439
0,1,2,4,8,9,10,11,13,463,17,341,26,91,93,485,489,172,115,54,439
0,1,2,4,8,9,10,11,13,17,273,341,26,91,93,480,489,813,115,439
1035,205,145,212,214,919,215,985,868,869,871,872,873,362,106,234,425,426,618,617,433,499,436,122,123
833,450,449,518,519,332,333,220,669,1054,288,289,291,437,1015,1081
449,450,833,518,519,332,333,669,1054,288,289,291,437,1015,1081,1023
581,844,846,791,792,793,732,926,880,497,629,630,631,573,574
962,1091,330,331,718,399,850,851,659,853,20,855,921,1053,735,998,490,235,309,822,951,248,444
448,1,11,463,17,273,342,156,481,484,485,489,171,172,813,110,883,115,565,438,439
385,386,323,905,907,908,653,401,791,792,793,27,732,220,926,937,1071,629,1078,118,190,189,1022
258,583,328,588,336,979,732,1055,33,803,804,357,294,936,937,619,173,948,629,566,312,505,506,508,509
520,650,717,656,849,914,796,797,734,864,737,805,744,568,759,1070,692,886,887,758,699,831
837,902,650,1036,716,1040,913,210,914,722,863,1057,673,1060,684,564,949,758,887,886,761,888,764,831
963,964,965,968,974,272,83,84,85,86,87,88,89,1050,97,98,99,100,101,934,939
453,212,214,215,919,354,868,423,872,425,424,426,186,499,376,378,252,254
833,449,450,518,519,1032,333,857,859,1054,288,289,291,437,1081,1023
68,69,1028,70,330,267,331,337,338,852,343,920,88,860,222,864,37,422,39,743,40,429,947,379,380
1088,704,68,69,70,1028,267,715,80,337,338,413,31,37,229,429,434,51,823,826,380,830
646,649,714,719,657,658,915,916,920,728,666,731,988,675,999,680,690,691,697,890
391,712,526,400,402,22,95,96,928,678,682,367,243,244,122,382
962,452,712,1037,23,474,987,156,1052,375,928,802,291,38,1066,1067,883,244,1014,119
71,72,73,74,75,90,158,159,160,297,46,688,48,307,52,59,63
258,259,583,328,336,404,735,357,294,1002,1004,236,173,1007,1008,49,1010,114,948,1013,374,1015,1016,566,60,61,127
391,526,15,400,22,95,928,96,481,367,243,244,502,122,123,382
833,449,965,519,329,265,332,333,87,1050,669,1054,670,672,289,671,103,939,621,175,49,435
513,709,907,594,595,723,725,982,664,351,866,298,879,753,313,762,763,764,831
1033,1034,1035,718,464,849,1046,855,862,735,865,741,37,490,951,1074,434,373,759,381,190
258,583,328,336,535,536,537,538,727,357,294,935,936,937,938,173,948,245,566,312,60
458,715,267,718,337,850,851,853,469,534,855,216,735,997,998,1001,1068,429,434,1010,501,951
1029,1030,1031,1032,969,975,976,977,18,857,858,859,987,990,1080,1087
71,72,74,90,158,159,160,46,688,307,52,308,691,310,120,59
3,4,8,9,10,14,16,147,413,545,802,229,38,230,104,231,997,371,1013,1014
1091,399,853,413,248,545,162,997,229,230,231,1001,1002,421,295,1005,1006,1007,1008,432,1010,1011,309,1014,1015,1016
520,651,660,279,729,90,411,668,92,412,287,157,614,743,42,46,687,182,183,697,700,447
960,582,586,587,588,661,662,538,991,736,992,1058,1059,418,419,609,607,874,1017,1018
576,961,580,581,648,978,979,980,662,23,88,929,874,554,250,629,505,506,508,1086,511
1091,853,986,997,998,677,1004,1005,1006,1007,1008,432,1010,1068,1011,814,817,815
847,344,345,346,347,348,349,223,227,228,170,108,109,494,812,493,178,1079
768,705,770,3,769,773,390,1033,12,14,143,590,274,403,282,922,156,94,30,748,438,374,441,767
640,641,515,516,140,461,204,335,724,34,996,299,626,1075,50,757,632,633,634,635,636,637
1025,191,903,711,904,713,717,796,797,416,417,673,738,806,1062,1064,759,684,241,242,886,567,118,571,831
1089,1090,452,645,712,202,1037,974,474,156,1052,735,1001,1067,1068,1004,1005,1006,49,1010,180,181,1013,508
1089,1090,452,645,712,202,1037,974,474,156,1052,928,1001,1067,1068,1004,1005,1006,49,1010,180,1013,508
449,450,833,518,519,333,1054,288,289,291,808,1011,437,1016,1081,957,1023
578,644,581,391,15,400,22,792,536,732,928,481,802,674,937,367,243,244,502,505,122,188,383
448,65,265,586,652,912,594,595,596,597,598,599,723,351,674,103,239,49,564,313,762
323,971,205,529,530,600,155,988,33,610,680,553,106,556,557,558,687,623,941,878,433,561,700
323,1091,709,330,593,594,210,595,664,665,351,737,866,879,309,762,763
204,334,720,163,166,295,296,168,169,685,622,943,624,945,946,625,947,944,1082
257,71,72,74,79,659,90,92,159,160,163,612,293,743,40,39,46,307,52,569,59,63
391,712,526,400,402,851,22,95,96,928,678,682,367,244,122,123,382
897,898,901,838,520,842,663,287,805,743,744,884,182,183,700,447
391,331,526,15,400,830,338,402,958,22,928,481,802,555,44,1070,367,243,244,179,56,57,122,382
711,391,650,15,22,150,154,283,476,797,477,928,481,802,742,123,367,368,243,244,565,886,502,760,122,379,382
9,11,17,273,81,24,25,480,484,485,489,171,172,813,110,115,439
