32,35,5,229,133,232,234,43,170,237,54,30,218,59,222
262,199,11,236,46,303,16,87,56,26,219,28,61,31
226,3,293,41,9,299,12,43,238,29,24,187,220,317
3,38,41,299,12,236,205,46,18,61,56,217,317,221,57
32,5,230,231,37,40,234,44,237,45,52,54,30,218,222
34,3,4,39,43,173,239,207,213,55,312,24,251,189,223
224,129,0,5,230,234,43,45,46,17,21,30,222,62,159
0,225,1,32,36,229,41,12,238,15,16,17,21,90
226,35,293,198,72,264,9,43,238,188,24,313,187,316,317
66,227,5,230,231,39,329,234,8,233,237,43,54,118,281,59
66,323,228,195,294,135,5,230,115,51,54,23,155,255
1,35,229,134,232,202,42,234,13,238,208,17,22,218,59,319
224,33,5,230,329,234,237,78,45,54,30,222
194,5,230,231,200,10,43,237,238,16,54,218,222
64,33,194,3,229,232,12,207,15,213,22,217,59,255
34,3,4,5,230,231,233,234,43,12,237,175,55,24,222
224,194,5,230,234,43,45,78,303,209,30,54,214,222
32,5,230,231,234,235,237,174,49,50,20,54,218,222
96,130,66,287,230,300,141,236,46,145,61,56,219,221,127
160,194,5,230,231,237,303,81,49,53,54,218,222
224,229,198,136,9,42,43,234,238,17,50,313,317,222
34,3,292,4,39,329,43,303,239,210,214,55,216,24,189
129,196,5,230,7,154,105,237,111,240,117,54,218,59,222,190
97,69,263,264,265,74,72,269,283,241,81,89,282,123,252
98,68,5,7,104,75,268,299,15,242,123,188,317,127
194,5,70,101,69,264,106,269,109,243,283,252,254,255
32,99,166,71,8,105,77,79,17,178,81,244,216,27,92
32,257,258,225,260,229,262,98,5,71,136,77,16,245,127
324,262,198,104,73,267,269,80,81,275,51,246,88,251,93
256,257,291,101,325,327,72,261,7,15,276,213,247,93,319
97,69,264,106,203,269,208,114,243,84,119,248,282,91,92
256,97,257,248,101,262,249,72,200,122,277,245,215,120,89,282
256,97,260,135,72,264,263,75,107,270,111,277,120,250,251
194,260,262,263,264,270,303,283,81,214,216,89,250,251
97,72,265,264,203,273,114,241,252,277,119,89,282,91,284,253
256,97,99,101,69,72,265,41,203,182,119,282,283,253
101,39,264,269,47,80,81,114,51,119,120,281,282,88,254
194,325,69,104,109,270,81,284,87,217,251,190,222,255
256,97,101,69,264,202,106,269,143,271,114,243,215,282,319
256,32,257,258,35,72,264,75,270,81,114,52,277,89,93,30
32,257,258,89,122,72,264,265,241,180,277,52,248,249,282,30
259,260,295,104,75,267,108,270,109,81,114,278,89,122,251
256,260,281,104,72,269,47,275,116,246,86,248,89,122,94
97,257,258,261,69,72,265,264,269,277,278,215,120,121,282,93
89,97,262,122,72,264,203,112,114,277,245,119,248,249,282,247
66,259,263,232,264,266,268,47,48,241,211,278,25
96,97,260,101,263,72,264,250,270,251,277,119,282,247,252
97,103,72,265,264,74,106,79,277,213,119,121,282,283,253
256,160,97,101,263,199,266,202,114,213,120,217,282,92,62
97,69,264,267,75,270,80,51,246,184,248,88,253,94,287
66,259,99,263,232,74,268,47,48,272,242,211,125,31
32,121,163,100,101,70,71,11,269,47,114,276,281,283,255
260,263,104,264,267,75,282,270,15,81,114,117,250,251
256,323,101,69,263,200,43,142,271,177,114,87,151,315,255
66,259,99,263,232,74,268,272,211,122,125,31
97,69,71,264,265,328,106,77,176,273,241,308,117,87,282
96,192,66,102,7,103,299,268,108,47,113,274,211,18,90
36,104,73,172,269,47,81,275,246,86,88,281,251,189,94
292,325,100,327,72,101,7,75,207,116,213,276,86,87,121
101,261,69,72,109,81,116,277,86,119,120,121,85,87,92
1,185,263,72,264,104,75,266,73,111,84,277,278,281,27,94
97,71,104,142,210,116,277,84,279,118,281,282,91,157,95
256,101,69,264,234,11,269,16,114,243,244,214,119,280,216
34,69,261,39,73,275,85,245,118,281,124,253,254,159
65,194,259,228,5,262,200,108,109,271,243,282,251,255
32,69,264,72,271,251,241,114,81,213,283,253,191
255,69,264,106,43,269,208,243,84,252,119,282,91,284,191
128,130,131,132,133,136,139,140,123,285
128,289,130,131,132,133,136,140,123,125,286
128,289,130,131,287,132,133,134,136,123,127
288,289,128,130,131,133,136,139,140,207,305,123,222
289,66,131,259,130,263,138,122,123,125,126,127
128,290,131,132,130,133,136,139,140,123,126,287
288,130,291,131,133,210,310,215,150,314,124,125,126
292,295,172,174,303,175,209,148,214,310,154,316,189,158
160,292,293,6,167,295,327,294,172,174,175,209,179,148,158
294,295,296,41,299,173,174,16,145,307,179,150,184,315,158
295,330,299,172,173,174,207,175,307,148,214,310,312,158,184
192,65,195,293,294,295,296,328,206,177,179,308,307,153,158
293,294,295,297,203,155,173,301,178,179,151,312,315,316,189,158
36,234,298,330,155,78,175,208,144,179,180,214,315,316,158
1,195,295,299,172,173,206,174,175,307,148,316,310,315,92,158
167,295,171,300,141,303,175,177,306,179,150,153,157
1,195,164,295,104,71,297,170,301,173,146,115,179,315
96,2,164,7,299,301,302,47,144,304,18,211,146,155,158
288,292,330,172,270,303,174,305,175,148,22,184,251,158
3,164,197,135,169,43,12,304,16,146,181,155,156
288,3,186,12,142,15,175,305,174,180,154,158,28,222,127
160,324,292,295,202,300,141,303,177,306,147,150,152,153,190
295,330,174,207,209,307,308,309,214,148,184,316,189,158
296,169,328,330,174,49,307,308,309,55,184,57,158
195,135,328,297,330,206,142,175,307,308,309,182,184,155,158
295,167,172,174,303,175,179,148,213,310,215,152,158,184,319
292,329,169,303,239,175,210,178,146,23,180,311,216,215,158
322,204,205,207,209,210,213,215,312,186,316,319
66,195,263,232,268,205,47,48,210,211,213,215,313,124,125
193,201,205,60,210,213,215,152,314,316,319
32,322,326,199,200,201,187,209,213,214,312,24,315,316,189
191,165,198,328,203,205,208,210,213,215,186,315,316,319
322,317,205,206,14,209,188,210,213,215,217,315,316,189,319
320,322,195,134,202,205,208,81,210,211,213,215,318,319
322,202,205,187,209,210,213,215,314,315,316,319
320,191,202,203,205,208,209,210,213,215,318,319
321,193,324,171,203,28,207,209,114,212,213,186,316,189
322,324,199,200,201,202,327,210,211,213,215,217,316,319
194,323,197,200,233,205,177,209,210,215,280,187,156
324,198,202,11,205,208,209,210,213,215,187,319
194,68,261,325,327,73,75,205,209,210,61,87,249,215,187,93
32,323,326,200,330,235,202,187,208,210,307,214,315,189
191,322,325,327,202,205,209,210,213,215,315,316,319
195,323,135,328,296,330,206,307,308,309,182,184,316
194,329,234,202,205,303,210,216,26,188,189,319
194,98,228,197,5,200,41,77,271,177,116,85,54,246,255
97,280,72,73,237,111,81,116,277,246,119,120,282,251
69,72,73,75,270,48,81,114,277,246,87,120,251
0,5,230,231,39,329,237,19,54,183,120,218,59
64,225,33,227,3,232,8,42,12,238,18,90,59,29,159
161,226,3,35,232,104,75,12,268,145,242,312,250,60,223
195,230,6,233,9,299,12,43,238,15,207,145,18,313,317,222
194,66,35,5,230,231,200,199,201,43,237,217,218,157,222
34,3,4,7,43,173,207,239,47,316,55,312,24,186,188,189
32,5,230,231,40,234,44,237,45,13,52,54,30,218,222
194,5,230,231,38,7,42,237,46,48,16,54,56,218,61,222
32,224,3,319,5,234,43,213,54,313,187,222,255
65,195,102,135,43,238,112,144,146,115,180,84,216,59,63
32,66,5,230,40,234,237,30,54,23,190,222,127
32,66,5,230,231,200,234,44,237,51,54,222
224,289,66,5,230,231,234,237,51,54,190,222,255
162,5,230,231,233,234,43,237,238,303,51,54,218,222
66,67,4,326,38,7,46,79,176,149,56,61,62
192,328,296,42,9,76,77,234,43,238,16,308,55,24
34,3,4,5,230,231,137,233,43,237,205,55,24,218,222
34,3,4,233,43,12,303,16,239,207,209,214,55,24,189
1,34,35,5,134,229,232,234,202,43,208,54,22,218,59,30
289,5,230,231,43,237,238,18,54,218,59,188,222
224,36,134,230,9,234,43,205,45,238,54,215,152,91,157,222
32,194,35,5,230,231,229,232,237,52,30,54,22,218,222
66,36,5,230,231,200,234,237,113,51,54,217,218,222
34,3,324,4,223,42,43,202,47,213,55,215,24,315,319
289,66,225,3,263,232,268,12,238,47,17,211,25,60,125,223
64,227,3,165,134,5,8,41,234,42,12,22,59,30
66,227,5,230,167,231,329,234,39,233,237,43,54,279,218,222
5,230,231,329,234,73,233,237,74,303,207,81,216,59
192,0,4,38,135,39,42,79,239,149,55,27
320,224,198,9,42,234,43,204,238,208,50,82,313,59,317
2,5,230,231,43,237,113,244,54,216,218,59
225,194,227,5,230,231,8,233,43,237,238,16,17,218,222
64,33,3,5,230,231,232,233,234,43,237,110,218,59,222
225,5,230,232,234,43,12,237,238,16,17,309,54
224,66,228,5,230,231,329,234,237,54,59
66,323,195,5,230,263,232,135,235,272,51,54,23,155,125
224,227,5,230,134,329,234,43,237,45,54,218,59,30
192,64,2,227,3,5,230,231,234,43,237,54,59,222
32,289,66,5,230,234,237,78,49,51,54,215,222
66,4,263,232,43,268,47,48,211,55,24,25
289,1,5,230,234,43,237,238,143,20,125,22,185,188,189,222
192,32,5,230,37,296,328,234,79,49,51,308,54,55,60
2,67,7,42,299,268,172,47,274,50,53,56,60,125,31
224,225,5,234,299,43,238,15,18,21,54,313,317,222,255
3,38,295,299,12,236,46,15,18,61,56,217,219,221,57
2,5,230,231,198,135,234,43,237,303,16,246,218,59,222
3,227,5,230,134,231,39,234,233,237,213,54,59,124,222
34,3,4,233,43,303,207,239,209,214,55,24,186,315,189
192,323,195,5,230,135,328,206,115,51,309,54,23,155
192,32,33,162,67,5,230,234,237,54,59,92,222
223,194,5,198,39,200,11,43,237,141,118,217,26,127
32,66,5,230,231,200,237,177,51,30,54,23,222
64,33,5,230,134,234,237,78,54,23,62,59,222
224,5,230,231,329,234,237,45,303,54,30,62,222
0,2,5,230,231,39,233,234,43,237,145,218,59,222
64,224,5,230,231,234,108,237,45,54,30,218,222
226,35,5,230,231,41,74,299,12,43,207,16,220,188,222,94
227,5,231,8,233,43,237,238,16,54,22,218,59,222
32,289,66,228,5,230,234,51,213,54,317,188,222,190,319
0,1,3,26,234,43,12,42,11,14,214,25,58,59,29,222
97,261,69,72,74,203,109,81,83,84,277,85,119,249,282,92
256,97,192,289,324,69,70,264,41,202,269,114,84,119,282,94
89,97,257,258,261,229,122,72,265,264,277,278,119,121,282,93
2,227,323,69,7,200,76,302,271,177,18,81,87,217,221,255
97,264,265,106,72,41,267,108,76,80,114,51,277,246,88,282
2,100,101,70,199,72,264,266,201,268,217,207,277,120,121
160,97,69,72,106,266,237,269,49,114,277,119,120,282,91,285
289,101,69,72,264,266,41,271,81,273,116,119,284,253,254,255
70,39,264,72,106,186,269,47,79,114,119,277,247,281,282,316
256,97,260,325,72,104,264,270,48,116,277,87,120,121,250,251
256,101,69,72,264,106,11,269,243,277,215,120,282,283,254,319
69,73,202,106,11,109,251,16,81,115,84,276,119,282,91
97,289,101,135,40,72,138,178,116,118,247,120,122,187,92,127
194,99,228,135,200,104,271,177,243,116,250,251,253,255
256,69,262,73,75,107,270,271,81,114,246,87,218,251,255
97,69,264,106,269,208,241,114,243,84,119,89,282,91,252,157
98,99,164,166,72,105,8,41,77,178,244,116,85,23,21,27
70,264,106,43,81,114,241,277,214,119,280,89,282,252
256,97,68,69,72,264,265,106,76,12,79,242,116,277,121,282
68,262,71,72,75,111,112,116,277,86,87,120,92,95
89,97,68,249,122,72,265,264,116,277,86,119,248,121,282,251
99,101,198,69,165,264,11,43,269,271,208,114,243,182,282,253
256,194,258,101,325,262,264,10,172,275,180,120,251,189,216
32,195,101,135,297,41,77,206,269,47,115,309,182,122,155
97,69,70,71,264,265,42,106,298,141,269,114,87,282
97,68,71,265,74,106,41,269,110,47,116,277,86,248,282
32,99,166,71,8,105,266,9,269,178,244,21,87,27,94,255
256,3,260,71,12,269,15,80,47,275,245,246,24,281,95
256,32,35,264,72,266,75,271,244,52,22,88,89,282,30
256,32,289,89,101,71,72,264,104,75,178,116,277,245,281,122
32,97,122,71,247,106,77,269,114,243,277,245,119,89,282,91
32,326,7,72,71,14,47,208,48,114,307,116,53,214,57,31
32,323,101,71,104,200,43,12,77,269,271,114,187,190,255
99,166,8,105,17,178,244,21,87,23,27,188,253
99,196,164,166,8,105,17,178,116,21,23,282,27,188,253
89,97,122,72,264,73,76,81,114,277,248,249,282,188,94
0,99,164,166,39,105,73,17,178,19,21,23,120,27,188,94
289,99,166,8,105,138,127,46,17,178,21,23,122,27,188,63
256,192,97,99,134,166,8,73,202,215,91,188,253,94,319
256,257,262,329,73,75,266,237,81,246,87,251,188,254,255
89,97,262,71,122,74,106,203,76,110,42,43,213,248,249,282
66,259,99,101,263,232,74,43,268,107,272,87,31
96,32,67,35,71,104,270,251,81,114,241,18,52,88,283,30
66,261,6,72,104,75,111,271,116,85,119,249,92,253,57
89,97,101,122,72,264,73,14,81,114,248,249,282,317,94
256,261,262,69,263,75,109,270,111,85,278,87,120,251,92
256,258,101,69,198,72,41,265,81,114,277,119,120,282,253
89,97,259,90,122,313,72,265,108,109,241,277,248,249,282
256,257,325,262,101,69,73,266,81,82,277,54,246,120,87,251
99,166,40,105,8,208,17,178,49,244,277,23,27,188,189,63
99,164,166,71,8,105,9,17,178,243,244,21,119,23,280,27
192,32,99,164,166,71,8,105,17,178,274,244,21,23,280,27
0,224,225,66,36,229,73,46,81,85,246,87,251,159
256,99,166,70,8,105,266,271,178,244,21,87,27,253
66,101,88,91,267,271,80,81,114,51,246,280,218,59,222,216
248,89,262,122,330,203,84,277,213,279,152,249,282,91,309,245
66,259,99,263,232,41,74,268,272,176,279,125,31
97,198,71,264,106,76,269,47,208,114,51,316,282,92
97,217,70,106,267,110,114,51,84,119,184,121,282,91
97,68,69,70,106,110,79,114,84,116,85,119,86,282,91
69,261,104,75,109,269,270,81,243,85,87,89,251,92
256,101,70,264,11,111,79,80,114,51,244,246,119,88,249,282
32,326,71,105,9,269,77,15,13,114,307,244,85,283,92,255
0,1,27,73,267,75,237,270,81,242,275,116,281,251,93,94
72,264,265,200,267,80,241,209,51,212,248,282,88,316,253,254
89,97,257,262,71,72,265,74,122,84,277,245,248,249,282
256,97,101,69,263,72,264,266,106,269,208,114,243,215,282,251
32,225,260,229,262,71,296,329,135,16,177,245,153,90,284,255
256,324,101,262,71,104,202,269,301,271,80,114,51,246,88,319
192,97,71,264,265,106,329,301,208,114,274,119,282,188,189
97,36,122,72,265,264,74,106,79,112,116,277,86,247,120,282
99,259,263,232,297,74,268,48,272,178,211,88,125,31
256,318,164,69,36,135,72,73,264,266,111,208,85,181,250,94
256,97,225,1,229,69,105,202,282,241,120,281,90,283,157,94
257,194,260,197,262,69,329,73,303,207,81,275,246,87,280,251
32,100,101,69,165,264,75,269,81,114,243,116,281,282,254
89,322,4,262,72,104,75,267,213,248,249,122
32,166,264,105,266,75,267,80,178,51,244,245,88,89,27,60
256,257,194,99,68,262,73,202,75,81,116,213,86,89,253,255
256,68,329,266,234,109,111,244,277,21,87,120,116,189,188,93
97,217,70,71,106,173,79,84,277,53,119,121,282,91,95
97,98,72,264,106,77,208,241,114,116,117,85,119,89,282,252
66,259,99,102,263,232,74,268,272,211,125,31
256,101,262,72,264,75,270,18,277,213,87,120,89,250,251,319
256,257,70,122,72,264,266,106,79,116,277,87,120,121,282,254
261,104,72,91,75,267,80,275,116,277,86,51,246,249,88,92
256,98,101,325,329,202,73,77,81,116,85,215,216,94,318,319
101,72,204,268,271,81,114,242,116,277,118,279,282,124,157
32,225,259,263,71,41,12,269,271,15,208,305,313,186,283,255
195,262,135,297,77,206,112,115,182,155
97,101,69,72,264,202,73,269,283,277,215,249,282,251,94,319
97,196,103,104,73,266,75,12,40,263,241,274,114,53,118,92
257,262,39,281,73,75,269,270,47,81,275,120,89,251
224,129,0,227,69,73,237,46,81,85,21,246,87,251,159
72,264,106,267,80,81,114,51,246,119,248,282,88,253
98,69,261,104,75,109,270,81,242,116,85,86,89,250,251,92
32,215,99,71,8,105,202,77,269,208,87,23,282,27,253
101,69,264,266,106,107,269,271,81,114,242,243,120,282,283
89,260,122,263,72,264,250,75,270,81,114,248,249,282,251
257,162,104,170,75,301,270,275,116,284,86,279,251,92,255
97,255,261,267,84,277,85,119,120,87,282,91,92,284,95
256,97,26,69,72,264,106,107,269,81,114,83,243,277,120,282
288,89,69,41,270,207,241,119,284,22,214,313,186,252,253,222
89,97,257,260,262,71,122,106,81,114,277,245,119,248,249,282
96,256,67,72,264,106,265,74,200,110,271,18,84,277,249,282
89,34,122,72,73,106,241,277,119,248,249,282,247,253
89,97,262,122,106,203,75,76,208,114,277,150,119,248,249,282
32,89,35,104,72,264,75,267,270,52,277,119,88,249,93,30
195,135,328,297,206,115,309,86,122,155
69,73,267,75,107,270,237,81,242,116,246,87,251
96,67,72,265,264,74,200,241,209,18,51,212,248,282,88,253
256,259,287,262,230,295,122,81,114,115,213,215,248,89,282,319
194,259,261,262,69,104,75,270,85,278,87,89,251,92,222,255
256,192,99,259,101,166,154,70,105,8,282,178,21,90,253
97,259,122,71,72,264,106,295,41,277,248,89,282,91,287
259,69,73,266,75,81,209,277,213,215,120,246,87,251,319
97,66,259,69,72,265,74,264,106,107,269,241,243,277,119,282
96,89,259,122,264,72,265,109,241,277,119,248,249,282,252
259,72,264,265,74,329,169,106,49,188,119,189,247,282,92,311
89,121,260,281,264,72,265,105,269,47,275,277,248,249,122,253
256,101,69,264,11,269,270,271,81,114,84,120,281,282,254
0,97,1,122,72,265,264,41,241,273,277,117,281,282,27,94
97,69,264,91,267,80,81,114,51,277,246,120,282,88,254
66,99,263,232,268,80,272,211,51,246,88,125,31
97,39,72,265,264,329,41,106,241,117,189,281,282,188,253,223
256,97,68,313,72,73,10,81,116,277,86,121
32,97,65,101,263,72,265,71,12,269,271,208,81,114,282,156
318,195,166,104,73,72,178,146,311,85,87,249,250,92,253,94
89,262,104,75,107,269,270,109,243,245,87,248,249,122,251,93
256,97,99,164,68,166,72,264,8,116,277,21,247,121,282,253
256,97,69,198,264,106,269,46,208,81,114,243,119,282,283
97,68,69,72,265,106,11,79,114,243,116,277,86,119,282
89,257,223,288,261,69,270,81,85,278,87,217,251,92,255
99,164,166,8,105,265,17,178,244,21,23,27,253
289,258,99,101,134,263,69,42,202,11,268,242,182,253,190,255
68,249,69,71,72,264,269,111,143,116,277,86,121,92
97,68,133,69,218,106,170,110,79,84,277,116,119,282,91
32,122,71,265,106,269,79,208,241,114,244,282,283,253
256,97,68,101,261,166,107,174,111,114,277,120,282,91,92
101,261,69,72,104,264,75,269,111,271,81,115,277,85,87,92
256,97,99,101,166,154,72,8,266,305,178,277,21,120,282,253
256,101,325,327,234,267,141,48,80,114,51,179,246,247,88,282
256,259,69,73,75,107,270,111,81,277,246,87,120,251
257,194,69,73,75,270,303,81,246,87,216,251,284,255
256,101,69,261,72,104,266,75,143,277,85,87,120,121,92
2,261,69,91,75,109,81,274,242,211,85,87,251,92,189,223
257,194,259,262,108,109,270,303,81,114,117,278,216,89,282,251
96,67,264,72,75,269,81,114,18,116,277,121,250,251,253
197,231,200,73,237,270,303,78,81,246,87,216,249,218,251
318,281,39,264,72,106,75,269,47,242,275,116,86,121,254
97,262,281,72,264,74,122,269,47,275,116,277,119,248,89,282
97,69,264,106,203,269,208,114,243,84,277,119,282,283,254
261,69,231,104,72,266,75,73,111,271,81,275,85,87,91,92
96,67,68,69,104,72,264,75,111,18,275,82,116,87,253,94
225,101,229,198,233,202,238,271,15,17,21,215,282,319
69,263,264,104,106,267,107,270,271,79,81,114,275,116,278,313
32,71,72,265,106,301,269,271,79,81,114,116,282,283,95
97,68,325,166,264,106,107,269,45,174,81,114,277,119,282
97,163,261,69,72,264,265,269,92,81,277,85,119,120,87,252
96,290,67,69,72,104,264,266,271,81,18,275,277,87,56,94
160,266,75,237,270,251,81,49,116,213,86,120,283,191
98,312,68,5,71,72,264,74,265,116,277,86,248,121,282,188
256,280,217,101,70,199,72,266,173,119,277,53,215,120,121
97,259,72,8,106,203,108,109,270,59,84,117,119,282,91
0,225,66,69,105,73,46,17,81,85,21,246,87,251,159
97,73,202,203,268,251,16,81,114,275,84,246,87,282,91
97,290,195,68,103,72,265,106,107,174,81,114,277,119,282,94
256,104,73,202,75,268,271,81,242,275,277,119,280,251
256,99,164,166,8,105,266,106,178,275,244,21,27,253,319
65,71,105,106,76,79,112,144,146,188,180,282,92,95
66,259,99,102,263,232,74,268,272,211,119,253,125
97,101,69,72,264,106,11,269,114,243,277,119,121,282,283,254
39,9,234,171,330,269,303,239,47,214,247,280,281,90,156,253
97,101,69,72,264,269,114,243,84,277,247,281,282,91,124,126
97,101,261,69,72,263,266,81,114,277,85,87,120,282,92
194,290,325,262,102,329,202,106,46,303,16,81,84,216,91
195,196,122,42,106,76,91,206,208,115,182,248,282,155,92
292,295,104,7,75,270,207,209,242,116,276,117,277,282,247
66,259,99,263,232,71,268,79,272,211,95,31
32,97,71,72,106,77,269,208,114,277,282,187,92,62,95
99,166,71,8,105,124,17,178,244,21,282,27,92,253,126
257,258,261,72,266,75,111,275,116,277,85,278,120,313,92,93
256,101,69,10,75,106,79,114,188,116,213,215,120,282,28,319
256,97,98,122,72,141,77,113,116,277,85,119,120,282,91,94
98,5,71,264,265,74,142,271,79,212,277,282,95,127
164,36,166,8,17,178,275,244,21,20,23,119,27
227,3,263,299,12,142,79,80,241,18,51,244,85,88,221,255
100,101,324,68,75,270,81,116,117,86,121,282,316,189
256,36,101,69,73,202,251,81,244,277,310,246,87,282,91,220
97,69,71,72,41,106,203,208,114,146,21,119,217,282,91,253
256,257,99,166,8,266,75,270,178,275,244,21,182,87,253,255
258,259,261,104,266,75,108,109,111,243,180,277,87,120,92,93
96,67,105,112,144,146,115,180,275,18,92,190
97,69,72,265,106,264,74,330,269,80,241,19,309,282,60
99,164,166,8,105,244,23,116,119,21,86,282,27,92,253
256,257,69,262,165,264,202,74,203,269,272,209,114,216,120,319
32,257,71,106,269,283,81,114,241,84,119,89,282,59,252,254
97,69,264,106,269,110,208,243,84,182,119,153,282,91
97,289,101,69,72,264,268,269,178,242,243,277,247,120,282,91
66,69,263,264,265,74,299,268,269,271,241,274,123
256,97,0,1,101,72,137,41,75,269,114,277,119,281,282,94
256,194,228,101,68,71,104,200,106,75,271,177,116,86
261,298,75,270,251,81,243,213,278,85,283,92,254,191
97,69,70,106,267,269,80,114,51,84,246,119,248,282,88,92
164,295,167,169,171,173,301,303,302,145,304,146,181,214,156,157
160,194,295,158,303,175,209,144,145,18,180,214,90,155,222
193,295,167,171,11,203,303,16,175,114,149,214,151,154
295,296,234,171,172,174,303,207,175,177,179,214,153,90,158,222
99,167,232,296,268,47,48,175,274,211,177,147,179,153,125,158
324,5,295,170,299,172,300,141,177,306,150,153,158,188,317,94
292,295,172,174,303,239,175,306,179,148,214,311,216,158
3,5,295,200,170,330,172,142,271,175,177,148,217,251,158,223
165,198,168,42,11,203,208,114,150,151,22,182,282,159
65,194,324,295,302,303,16,209,175,144,213,214,155,156,157,158
2,293,200,235,12,301,172,271,174,177,175,148,310,158,223
261,295,88,201,267,269,303,273,119,316,118,87,315,188,189,158
96,289,160,295,168,296,299,12,142,175,18,118,157,158,317,190
195,294,135,297,206,175,176,178,115,147,309,182,184,155
3,295,299,12,172,142,15,16,175,18,307,308,148,90,158
227,295,170,299,172,173,300,142,304,175,146,178,85,155,157,158
160,293,294,295,296,297,42,13,15,175,144,307,179,214,90
1,161,195,4,38,297,169,44,206,142,175,149,54,155,158,63
160,320,161,165,198,168,73,42,282,208,144,182,151,186
295,299,12,207,175,177,18,307,306,150,152,153,154,155,189
160,324,295,327,330,172,301,142,303,175,209,81,174,309,151,158
3,292,200,201,158,12,172,174,175,148,310,184,217,251,222,223
228,295,75,172,301,173,303,174,175,179,148,310,184,217,251,158
165,134,167,168,329,202,171,174,303,16,306,150,151,152,153,315
320,160,161,34,165,168,202,203,43,111,208,112,306,215,151,318
160,7,167,41,299,172,175,144,274,18,149,182,183,154,317,29
223,5,300,141,172,174,175,305,148,310,184,217,188,158,127
1,195,323,135,297,206,302,175,144,178,115,309,88,155,158
227,69,294,7,299,172,174,18,146,147,307,184,155,317,158,159
195,229,165,295,168,186,207,16,175,275,85,150,151,152,182,154
2,100,324,38,295,40,105,296,298,208,144,307,151,155,28,158
96,200,299,300,141,302,172,174,175,179,148,310,184,158,30,127
289,225,295,40,297,234,330,12,170,142,174,175,178,151,90,158
292,294,329,174,239,303,175,147,307,308,214,311,216,179,184,319
65,129,195,196,169,206,302,144,146,180,182,155,158,63
160,295,300,141,175,144,209,179,213,215,90,155,316,158,319
161,166,295,171,173,301,175,144,209,180,213,214,185,155,189,158
193,162,165,295,171,203,173,301,114,179,311,151,154,158
161,110,144,112,146,115,180,116,87,154,155,63
248,322,166,167,170,299,172,173,175,179,310,312,249,316,317,158
99,165,263,232,268,47,274,211,152,150,182,151,155,125,159
225,326,295,167,41,299,12,174,175,307,179,148,149,90,158
295,158,297,330,299,170,270,303,207,175,178,307,146,147,155,222
96,3,5,295,299,300,141,172,174,175,305,148,310,184,158,127
128,289,130,131,133,134,202,139,140,303,16,216,124,126
128,130,131,132,133,134,135,136,139,140,123,285,126
128,130,291,131,133,134,136,210,310,150,215,124,126
289,130,291,131,290,134,295,140,237,303,216,124,126
128,288,130,131,132,133,134,136,139,140,123,285,126
192,289,130,131,196,166,135,8,137,138,17,178,21,23,27,127
128,130,131,132,133,136,139,123,127,285,287
128,33,130,67,131,133,134,136,9,41,139,140,45,90,123,125
192,128,130,131,133,134,135,136,139,122,123,285,126
128,130,291,131,133,134,210,310,215,314,124,126,286
192,288,128,131,130,133,135,136,139,206,23,122,123,126,287
128,289,288,131,130,133,136,139,140,239,151,123,126
128,130,291,131,133,134,136,310,215,152,314,124,126
128,289,130,131,133,134,135,136,139,215,152,314,123,188,126
128,290,131,132,130,133,136,139,140,126,123,286,287
288,289,128,130,131,133,136,139,140,207,22,123,222
128,129,130,131,133,136,330,235,12,139,19,307,53,22,123,286
128,289,130,131,122,40,137,138,12,78,213,90,126,127
128,289,290,131,129,130,133,135,136,140,123,286,287
128,289,130,131,37,137,202,138,20,122,126,127
288,128,130,131,291,133,201,140,303,207,307,22,126,124,222
128,289,130,131,132,133,136,139,140,123,285,127
192,65,128,130,196,131,166,135,133,136,139,140,123,17,23,27
128,130,131,132,133,136,139,140,123,285,286,287
128,289,130,129,287,5,131,133,123,188,285,222,127
192,128,130,131,196,133,166,135,134,136,42,139,140,23,122,123
128,288,130,131,132,133,136,139,140,123,285,126,287
128,289,290,131,132,129,130,133,136,140,123,126
128,130,291,131,133,134,136,210,310,215,152,124,126
128,289,290,3,131,130,134,135,136,133,12,287
327,40,200,202,27,205,208,209,210,212,215,187,319
194,197,231,200,137,202,237,205,303,209,210,213,215,187,222
194,324,199,202,11,203,205,208,209,210,213,215,186,187,319
194,325,327,205,187,209,210,116,213,215,312,186,283,316,191
322,323,324,287,203,205,145,210,213,215,315,316,319
191,202,203,205,187,208,209,210,213,215,315,316,189,319
194,72,202,205,209,210,213,214,215,216,314,319
322,327,202,205,303,239,209,210,213,214,215,187,188,189,319
192,326,202,205,187,207,208,209,210,213,214,315,316,189,319
194,295,199,327,201,202,187,207,208,209,213,214,216,217,315,319
322,195,217,198,327,202,43,210,211,213,313,315,316,317,319
324,72,202,11,203,205,78,208,16,210,215,152,319
292,199,40,327,202,205,208,209,210,215,216,187,191
199,167,201,234,207,209,213,214,215,216,217,314,315,189,319
229,295,328,329,234,12,205,209,210,82,214,215,90,315,94,191
322,324,134,88,205,209,188,210,51,213,245,215,24,315,316,189
96,318,67,198,299,190,205,18,210,215,217,188,317,94
64,261,134,106,204,13,269,109,205,81,306,210,87,215,152,319
194,195,324,326,40,205,209,210,307,213,214,215,187,63
194,324,199,205,303,209,210,213,214,215,216,187,188,189
192,202,203,204,205,187,208,210,213,214,215,152,315,319
194,195,227,135,205,176,209,210,148,85,215,187,221,159
2,194,38,299,236,12,205,209,18,210,215,187,316,189,223
194,195,324,269,205,81,210,211,214,182,251,188,189,318,255
191,194,198,202,11,203,205,208,209,114,210,215,186,187,319
289,66,259,263,232,41,199,268,205,210,211,215,216,316
96,67,198,7,299,12,205,18,51,210,246,88,317,94
321,322,194,324,329,202,204,205,209,210,215,187,188,319
205,207,209,210,213,214,215,312,89,186,187,316,189,319
322,287,202,205,209,145,210,213,214,215,315,189,318,319
194,134,202,203,204,13,205,208,81,210,209,215,152,187
290,2,324,326,103,41,106,203,42,107,208,210,214,186,59,28
194,324,197,199,200,137,205,209,210,213,214,215,187,222
321,194,204,205,303,209,210,61,213,214,215,216,316,189,319
321,194,324,328,202,203,205,208,209,210,213,215,186,156,319
322,194,324,202,10,205,209,210,188,213,215,186,28,319
322,100,101,199,72,77,205,187,209,210,213,215,248,121,315,316
194,40,329,202,11,42,303,16,209,177,210,214,216,188,189
322,324,198,205,187,207,209,210,213,215,315,316,319
194,205,207,209,210,213,214,215,312,186,187,316,189
191,322,205,187,207,208,209,188,210,215,25,315,316,317,319
193,325,201,205,60,303,209,210,215,314,188,189
96,67,198,7,299,205,18,274,210,85,215,281,221,159
66,259,194,263,232,268,205,209,210,211,213,215,187,125,127
194,195,196,227,135,205,187,176,209,210,148,215,155,159
196,324,7,328,200,42,43,203,172,205,271,209,210,215,90,316
322,194,295,205,187,209,210,52,213,214,215,315,316,317,319
98,322,134,40,9,202,205,208,210,215,187,318,319
194,326,202,205,303,207,209,210,213,214,215,187,189,319
289,223,3,325,327,12,60,209,213,214,215,315,316,189,319
194,197,200,137,329,202,205,303,209,210,213,214,215,187,222
194,329,202,205,303,209,210,213,214,215,216,187
322,194,328,205,187,209,210,213,215,152,315,316,319
324,325,198,327,205,187,208,209,114,210,215,186,283,191
321,194,324,203,205,206,207,209,210,213,214,215,186,187,316
194,323,197,200,137,237,205,303,208,209,210,214,215,187,191
191,194,202,205,187,208,209,210,213,214,215,315,316,319
194,325,199,327,205,303,207,209,210,214,215,216,187,189
324,287,202,203,75,205,145,210,213,215,315,316,319
322,323,7,39,202,187,47,208,210,213,189,24,315,316,317
194,323,5,199,200,329,205,187,209,210,214,215,216,315
191,194,134,202,205,208,209,210,214,215,187,188,319
194,202,205,208,209,188,210,214,215,182,187,316,319
96,194,67,324,7,313,202,299,208,18,210,189,217,187,317,190
128,321,194,34,223,200,202,123,204,187,208,210,217,251,222,255
202,205,270,15,209,210,213,214,215,313,315,316,319
66,259,195,263,232,268,172,205,48,210,211,189,215,313,125
194,323,197,295,200,137,300,205,209,210,213,214,215,187
194,199,205,207,209,188,210,213,214,215,216,187,316,189,319
321,194,324,204,205,209,210,213,214,215,89,316,189,319
325,328,200,205,187,303,209,210,213,214,215,216,315,189,319
322,326,202,205,187,207,209,210,213,214,215,315,316,189,319
194,195,199,202,205,207,303,209,210,81,211,316,188,189,318
191,194,326,329,202,205,209,210,53,214,215,216,190,319
322,194,324,199,202,205,209,210,213,215,187,189,319
194,199,329,205,209,210,213,214,215,216,187,319
96,34,194,67,299,205,209,18,210,215,217,251,317,223
289,194,287,325,327,201,209,145,210,213,216,217,315,189,319
322,324,199,201,205,207,188,210,213,117,217,315,316,189,319
194,323,262,199,40,105,329,200,9,202,205,208,210,214,187
