0,1,131,5,133,13,19,22,23,27,28,30,32,34,35,37,170,43,44,52,313,314,317,66,197,329,218,222,95,229,231,232,106
256,257,260,261,262,7,269,28,31,34,46,56,61,318,323,68,328,329,73,79,81,86,87,88,89,219,221,225,106,236,109,116,245,118,122,127
129,130,131,134,6,9,16,17,24,27,34,291,293,166,43,50,179,58,315,187,188,317,321,198,327,328,220,221,222,224,225,226,233,234,238,127
256,257,258,3,260,7,11,22,287,31,34,38,42,46,48,50,53,56,57,315,60,61,318,319,322,323,67,71,328,205,213,89,219,221,225,236,245,122
131,5,6,13,20,30,32,33,34,35,36,37,40,43,44,45,51,52,54,312,314,189,317,62,64,66,327,200,199,201,329,222,230,231,234,239
256,257,258,3,260,4,12,16,24,281,34,39,43,47,55,312,58,315,317,318,319,322,323,324,326,198,200,328,213,89,223,229,233,239,118,248,122
0,129,5,6,9,23,27,30,32,43,44,45,46,50,51,54,187,317,62,66,198,327,329,222,224,228,230,231,234,237,238
0,1,265,15,271,17,18,19,21,23,281,27,30,32,33,37,43,44,51,314,187,317,64,198,327,326,329,222,94,224,225,229,233,234,238,251
0,5,6,9,16,20,23,24,35,293,43,44,46,50,179,56,58,187,317,66,198,327,220,222,224,226,232,234,238
0,3,5,8,265,19,281,157,289,39,41,43,54,314,316,317,66,198,326,204,85,223,224,227,230,231,233,234,110,238,118,253
256,129,261,5,135,19,278,23,155,285,32,297,44,45,51,54,190,321,66,195,196,197,203,206,209,212,214,222,224,228,230,234,111,240,122
256,257,258,131,260,0,1,16,17,22,27,30,287,32,33,34,35,43,52,312,315,318,319,64,322,200,213,89,218,221,222,229,230,232,236,238,122
256,257,258,260,5,13,30,287,32,33,37,295,43,44,45,51,54,315,318,319,62,322,323,66,71,200,213,89,221,222,224,228,229,230,234,236,237,245,122
256,5,266,10,140,16,275,22,34,43,54,311,312,314,58,59,63,66,323,200,73,329,74,81,218,222,224,230,231,233,234,237,238,239,251
128,129,0,1,132,3,8,12,15,277,278,22,23,27,285,30,32,33,34,35,46,52,54,59,64,321,194,203,212,218,93,97,227,228,229,232,234,109,240
0,128,3,131,5,6,4,12,16,24,34,39,42,43,175,47,55,314,317,66,207,222,223,224,100,101,231,233,234,238,239
128,129,5,6,9,266,21,30,32,43,44,45,51,54,313,187,317,62,320,66,198,327,222,224,228,230,231,234,237,238,239
129,5,13,19,20,32,34,37,43,44,174,49,50,51,54,313,314,317,189,66,327,201,329,203,214,222,224,225,230,231,233,234,235,237
256,257,258,131,260,6,7,267,145,287,31,34,38,295,46,48,53,312,56,315,60,61,318,319,322,200,213,219,221,225,97,229,230,236,122
256,258,5,138,10,140,266,13,275,160,32,37,43,44,49,51,53,54,312,319,322,323,66,200,73,329,74,81,213,222,224,230,231,234,237,239
131,5,6,136,9,17,19,24,30,43,50,54,314,187,317,320,66,198,327,222,224,226,229,230,231,233,234,238,239
0,131,3,4,138,10,140,12,16,275,22,24,27,28,34,39,42,43,46,47,311,55,63,200,329,73,81,222,223,231,233,237,239,251
128,129,132,7,19,278,23,154,285,31,32,162,53,56,57,66,195,196,209,83,212,215,90,230,105,235,111,240,112,115,117
256,259,261,263,264,265,269,271,274,276,279,280,283,32,69,79,81,87,89,98,106,109,110,241,242,243,244,249,123,252,253,254
256,130,259,261,5,264,265,268,269,141,271,274,283,300,305,313,188,68,69,75,81,87,89,98,106,123,109,242,243,248,249,251,127
256,261,264,265,269,271,279,283,32,313,69,75,79,81,85,87,89,98,106,109,110,241,242,243,248,249,251,252,253,254
256,259,8,269,274,21,23,27,283,32,166,42,178,187,188,316,323,326,71,72,202,76,77,79,208,214,216,99,114,244,245,253,254
256,257,258,259,260,5,262,136,269,276,283,32,305,315,187,188,318,192,326,71,328,202,76,77,208,213,89,98,114,244,245,122,123,254,127
256,257,259,261,267,269,16,275,276,280,283,51,68,69,198,72,73,80,81,84,86,87,88,89,91,100,103,107,109,244,116,246,247,251,253,254
257,258,259,261,7,268,269,15,276,278,280,283,291,65,68,70,71,72,76,77,84,86,91,247,219,93,99,100,106,107,242,244,116,119,121,253,254
256,261,264,265,269,270,271,283,32,69,75,81,85,87,89,92,97,98,106,109,110,241,242,243,114,248,249,250,251,252,253,254
256,257,258,260,261,262,267,269,270,271,279,283,312,318,319,322,69,200,81,213,87,89,98,109,242,243,245,248,249,122,251
256,260,261,135,264,263,269,270,271,277,278,69,75,81,84,85,87,89,92,93,95,248,97,98,100,107,109,242,243,117,120,250,251
256,260,261,263,264,269,270,271,16,275,277,283,311,312,69,73,329,202,81,87,89,98,231,106,109,242,243,246,248,249,250,251
259,264,265,269,273,274,280,281,283,284,289,41,304,50,308,69,326,328,85,217,89,227,100,101,106,110,241,243,119,252,253,254,255
259,264,265,269,274,276,280,283,284,289,41,50,182,66,69,72,76,77,87,217,99,100,101,227,106,107,243,244,119,252,253,254
259,261,263,267,268,269,274,275,276,279,280,281,283,284,39,47,48,51,68,69,71,72,76,79,80,86,88,99,100,103,106,244,116,246,253,254
256,259,261,264,265,268,269,274,276,283,284,316,190,325,326,69,72,74,75,76,81,84,87,89,120,97,98,100,101,109,243,248,249,253,254,255
256,261,264,269,271,143,277,283,32,313,69,75,79,81,87,89,93,97,98,106,109,241,242,243,120,250,251,252,253,254
256,257,258,259,260,261,262,269,13,278,22,283,30,32,34,35,37,44,52,312,315,318,319,322,199,200,201,213,88,89,93,225,245,248,122
256,257,258,260,261,262,269,13,283,30,32,34,35,37,44,45,180,52,315,318,319,322,199,328,201,213,88,89,93,236,245,248,122
256,257,258,259,260,261,262,267,278,287,34,295,312,318,319,322,69,328,81,213,87,89,230,108,109,245,248,249,122
256,257,258,260,262,267,269,275,281,287,34,39,47,48,185,315,318,322,213,87,89,221,225,230,236,245,248,249,122
256,257,258,259,261,262,264,265,269,271,276,278,283,69,79,81,87,89,93,100,106,109,241,242,243,248,249,251,252,253,254
256,257,258,260,261,262,267,269,271,283,34,312,318,319,322,69,203,81,213,87,89,98,109,112,245,248,249,122,251
259,260,263,264,266,268,269,270,272,276,278,25,283,31,47,48,65,72,74,76,77,211,99,107,123,241,244,250,251,253,254,255
260,261,263,264,265,269,270,271,283,313,69,75,79,81,87,96,98,106,109,110,241,242,243,249,250,251,252,253,254
265,268,269,271,276,279,280,283,284,289,41,302,50,66,68,69,71,72,76,79,213,86,90,100,101,103,106,107,243,116,119,121,253,254
256,2,263,266,269,271,275,283,160,34,36,173,49,53,314,189,317,190,62,70,199,326,201,74,207,81,85,217,92,97,237,114,121
256,257,258,260,262,267,287,34,51,312,184,315,318,319,322,328,80,213,87,88,89,225,97,103,236,245,246,248,249,122
259,263,265,268,269,272,276,283,31,48,66,69,72,74,76,77,81,211,87,89,99,100,232,107,109,242,125,124,253,254,255
256,259,261,265,269,274,275,276,280,281,283,32,163,39,42,47,187,316,65,69,326,71,72,76,77,208,214,106,244,245,121,253,254,255
256,257,258,260,261,262,263,264,267,270,271,282,312,318,319,322,69,81,213,87,89,122,242,117,245,248,249,250,251
256,259,261,264,265,268,269,270,271,142,276,177,323,69,200,329,74,75,81,84,87,89,120,97,98,100,106,109,242,243,248,249,251
259,263,265,268,269,271,272,276,280,283,31,48,66,68,70,71,72,74,79,211,86,99,100,101,106,107,111,116,121,122,253,255
261,264,269,273,274,275,278,279,280,283,176,304,308,316,65,69,328,77,79,81,87,88,100,101,106,111,241,243,244,117,118,252,253,254
259,268,269,142,274,19,276,20,280,283,157,32,39,192,66,72,76,77,78,208,82,83,214,90,94,96,99,100,101,102,103,107,108,113,244,253,254
256,135,266,138,269,16,275,281,36,39,172,47,48,185,189,323,69,71,200,73,329,74,199,202,81,209,210,87,88,94,231,237,239,246,251
256,259,7,268,269,276,283,289,168,68,70,71,72,76,77,79,84,86,87,89,91,247,219,99,100,101,106,107,111,244,116,117,119,121,122,253,254
261,264,269,270,271,277,278,69,73,75,203,81,84,85,87,89,92,248,97,98,104,106,109,110,242,243,120,249,250,251
128,0,1,261,263,265,269,141,19,278,281,282,283,27,285,185,69,75,81,84,85,87,89,92,94,106,109,110,111,242,243,117,249,250
0,259,261,264,268,269,142,271,274,20,279,281,283,157,162,39,170,301,175,178,69,79,81,210,84,225,98,104,106,110,241,242,243,118,249,251,254
259,261,264,265,269,271,280,283,32,69,75,79,81,85,87,216,89,98,100,106,109,110,241,242,243,244,119,250,252,253,254
256,259,261,133,265,268,269,142,274,275,276,20,279,280,281,283,285,157,159,39,47,316,198,72,204,89,223,225,106,242,244,117,245,118,124,253,254
259,261,262,269,270,271,282,283,177,65,68,70,71,200,79,81,85,86,94,121,100,106,108,109,110,111,242,243,116,117,249,251,253,254
256,259,261,265,268,269,274,276,280,283,32,42,187,316,191,69,326,71,72,330,76,77,208,213,214,100,241,244,245,251,253,254
261,264,265,269,271,283,284,32,312,313,191,69,79,81,87,89,98,106,109,110,241,242,243,249,251,252,253,254,255
128,129,130,131,132,133,134,135,136,266,138,140,139,15,285,286,288,289,290,291,317,198,85,234,122,123,125,127
128,129,130,131,132,133,134,135,136,137,138,139,140,285,286,288,289,290,291,122,123,124,125,127
128,129,130,131,132,133,134,136,137,138,139,140,285,286,287,288,289,34,291,290,221,225,122,123,124,125,126,127
128,129,130,131,132,133,134,135,136,138,139,140,285,286,288,289,290,291,316,122,123,125,127
128,130,259,131,133,132,136,137,138,139,140,276,286,288,289,290,291,316,66,195,72,107,119,122,123,124,125,126,127
128,130,131,132,133,134,135,136,137,138,139,140,285,286,288,289,290,291,59,66,103,107,122,123,124,125,126,127
128,129,130,259,131,133,132,134,135,137,138,139,268,136,140,285,286,288,289,290,291,66,195,207,211,123,124,125,126,127
142,16,147,148,154,156,158,292,293,167,296,295,170,299,172,302,175,303,174,306,307,308,309,310,311,179,184,330
141,146,148,149,153,154,157,158,292,293,165,294,296,297,167,299,172,171,302,175,300,174,306,307,308,305,310,303,179,184,166,295
141,142,144,147,150,153,155,157,158,160,161,293,294,165,296,297,170,299,300,172,174,175,302,305,306,307,308,178,301,179,180,184,330
256,257,258,260,262,142,145,148,158,34,292,295,168,297,167,170,299,172,174,175,303,179,307,309,310,184,315,318,322,330,213,89,221,236,110,245,122
142,143,144,146,147,148,153,155,157,158,160,293,294,296,297,170,300,301,302,175,174,177,178,307,308,179,180,184,330,82
256,257,258,260,262,144,145,155,157,158,160,34,293,294,295,296,297,170,301,173,175,178,179,180,309,310,181,318,319,322,213,88,89,236,245,248,122
142,144,146,147,148,149,153,154,155,157,158,160,161,165,167,296,298,299,300,170,302,175,304,172,178,307,308,180,306,174,179,181,330,173
141,142,146,147,148,153,157,158,161,292,165,293,295,296,170,299,172,173,302,175,174,303,178,307,308,309,310,179,184,330,126
141,142,146,147,148,149,150,152,153,154,157,158,167,296,298,171,300,172,302,175,174,305,306,307,308,177,179,310,184,330,99
129,1,144,146,278,155,285,157,158,163,164,293,294,296,168,297,171,170,301,302,175,304,307,308,179,321,71,330,90,94,104,114,124,127
265,144,146,153,155,157,158,160,161,289,164,293,296,41,297,299,169,170,302,175,48,301,178,307,308,304,173,179,180,181,65,66,330,255
142,145,148,156,158,292,293,166,167,296,295,170,299,172,174,302,303,175,305,177,307,308,306,311,310,183,184,330,231
142,143,144,146,147,153,27,156,155,157,29,158,164,36,296,169,298,42,297,300,302,175,304,301,173,307,308,180,181,197,330,208
5,141,142,144,146,149,153,154,155,157,158,160,161,165,296,170,299,300,172,302,175,174,305,178,306,308,307,179,180,186,330,98,127
141,142,146,147,148,149,150,152,153,154,157,158,292,293,167,169,298,299,172,300,174,175,171,177,306,307,308,305,179,82
142,143,146,148,149,153,157,158,160,292,294,167,296,298,299,300,170,302,175,172,174,178,307,308,309,303,310,184,179,328,330
142,146,147,148,153,155,157,158,292,294,167,296,298,170,300,299,302,175,304,305,172,307,308,309,174,303,184,310,179,328,330
142,144,146,147,148,149,153,155,157,158,160,294,296,297,298,299,170,172,174,175,307,308,309,180,310,184,328,330
257,258,260,262,142,145,148,154,158,34,292,295,167,297,170,299,172,174,303,175,307,179,309,310,308,312,184,318,322,330,213,236,248,249
10,140,271,16,144,146,275,23,155,156,157,158,160,161,292,169,170,303,175,49,178,179,180,311,200,73,329,330,81,94,231,237,239,242,248,251
256,257,131,260,34,312,186,315,187,317,318,319,191,322,323,324,194,197,199,200,328,329,201,202,204,205,207,208,209,210,213,215,89,103,236,248
259,263,268,272,31,48,313,186,187,316,317,190,191,66,195,194,197,199,201,74,202,205,207,208,209,210,211,213,215,232,124,125,126
186,43,312,314,187,316,317,189,191,320,190,319,60,324,193,326,327,200,201,329,194,197,199,202,205,208,207,209,210,213,214,215
256,257,258,260,22,30,287,32,35,52,315,187,318,319,192,322,323,71,328,200,199,201,202,205,208,209,210,213,214,215,89,221,229,236,245,122
259,283,162,165,186,314,316,187,188,317,190,319,191,195,323,194,326,197,328,329,72,199,201,76,205,208,209,210,211,213,214,215,96
256,257,258,260,14,34,312,315,187,317,318,319,191,322,323,194,324,197,199,328,200,201,202,205,206,208,209,210,213,215,89,217,221,225,236,122
256,257,258,260,34,36,181,312,315,187,318,319,191,320,322,323,324,194,195,197,328,200,199,201,205,208,81,210,211,209,213,215,89,221,225,245,122
256,257,258,262,312,314,315,187,317,318,319,186,191,322,194,324,197,326,199,328,200,329,201,202,205,207,208,209,210,213,215,89,248
19,283,314,186,316,187,190,188,320,317,318,191,194,197,326,198,328,329,199,203,204,201,202,205,207,208,209,210,213,214,215,216
128,129,19,278,28,285,166,171,185,187,321,193,195,68,194,203,204,205,209,210,212,85,213,215,90,95,111,112,114,115,117
256,257,258,260,30,32,34,35,44,52,312,315,187,317,318,319,322,323,324,326,199,200,328,201,202,327,205,209,210,211,213,215,89,217,236,245
266,271,275,312,313,314,187,186,317,191,322,323,194,197,327,200,329,199,203,201,202,205,206,207,81,208,209,210,212,213,215,216,231,110,242,248,251
256,258,34,312,314,315,187,317,318,190,319,186,322,323,324,191,326,194,200,328,329,197,198,199,201,202,205,207,208,209,210,213,214,215,94
256,261,277,278,179,54,186,187,61,191,193,194,325,197,327,199,201,202,203,205,207,208,209,210,212,213,87,215,216,93,97,228,232,109,111,120,255
283,53,186,187,316,315,188,317,192,319,191,323,195,194,326,197,328,200,72,199,201,202,205,207,208,209,210,213,214,215,221,244,122
256,275,312,313,314,187,186,189,191,319,65,322,194,324,325,197,327,200,329,201,199,202,205,207,208,81,209,210,213,214,215,231,251
259,269,283,155,307,308,309,186,187,316,188,317,191,194,323,195,196,326,328,72,329,330,77,205,206,208,209,210,211,214,215,94,244,122
256,11,275,26,34,46,312,314,187,188,316,317,319,189,191,322,323,194,197,326,199,200,329,73,328,202,201,205,208,209,210,213,215,216,90,104,239
256,259,261,262,264,268,269,271,275,278,283,41,177,54,323,69,200,73,74,329,77,81,84,85,87,89,94,98,100,106,109,242,116,246,248,251
256,261,10,269,271,16,275,277,280,311,69,200,73,74,329,202,81,84,87,89,94,98,231,237,109,239,242,246,119,248,249,251
256,261,264,269,270,271,16,275,277,48,311,69,73,329,202,81,84,87,89,94,97,98,231,109,239,242,243,246,248,249,251
0,3,5,134,8,10,138,140,12,16,275,19,292,39,43,303,311,312,183,59,64,200,329,73,81,222,227,230,231,232,237,238,239,120,251
0,1,3,8,265,11,12,16,17,19,21,22,23,26,27,28,29,159,33,34,38,39,42,59,317,63,320,64,198,85,225,227,232,106,110
256,257,258,131,3,262,9,10,12,16,145,22,161,34,289,35,297,42,310,312,185,58,60,318,319,63,322,324,213,221,223,225,226,229,236,248,122
0,2,5,6,9,145,24,27,287,37,43,313,314,187,59,317,320,66,195,327,72,329,207,222,224,230,231,233,234,236,238
0,2,5,265,266,157,289,35,36,41,43,173,53,54,314,316,189,317,190,66,70,199,326,201,207,217,230,231,238,121
259,4,3,7,268,269,12,274,276,24,283,34,42,43,47,51,55,58,72,74,80,88,91,219,223,103,233,239,246,247,253,255
5,10,140,13,275,20,156,30,32,33,35,36,37,167,40,44,45,303,51,52,54,62,64,66,324,199,200,329,201,73,81,222,229,230,231,237
131,5,7,266,140,16,275,31,34,38,42,46,48,50,53,56,57,314,60,189,61,67,199,200,329,201,81,219,221,222,230,231,234,237,238,239,121
0,5,9,265,267,13,23,27,32,34,37,43,44,50,51,54,187,188,316,317,319,66,326,328,214,222,224,230,234,237,238,244
0,128,5,9,144,23,27,28,43,46,180,313,59,188,187,316,317,63,64,66,195,329,211,84,216,218,91,222,224,102,234,238,112
0,131,5,11,13,19,23,27,30,32,34,37,40,43,44,45,46,51,52,54,313,314,187,316,188,317,320,66,197,326,329,222,224,228,230,106,234,237
256,131,5,266,13,275,20,32,34,37,43,44,45,51,54,311,312,64,66,323,200,329,74,73,81,222,224,228,230,231,234,237,239,242,251
129,131,5,266,13,19,279,282,284,30,32,33,34,37,43,44,45,51,54,313,314,317,189,190,66,201,88,222,224,228,230,231,234,237,121,255
128,129,1,131,132,261,5,16,19,21,278,22,285,32,33,162,43,51,54,317,63,64,321,66,203,212,85,218,224,230,231,232,233,234,238,117
0,1,4,5,7,149,22,23,27,31,289,38,42,46,47,48,50,53,56,57,186,187,188,316,317,60,61,66,195,67,326,72,214,219,221,230,244
128,0,5,9,16,274,22,24,27,285,291,42,43,308,187,59,317,63,66,328,203,218,220,222,224,230,231,233,234,238,244,123
3,131,5,4,136,12,16,22,24,26,34,42,43,47,48,55,314,317,63,66,198,205,218,221,222,223,233,234,238,239,123
1,131,3,4,10,12,271,16,15,275,22,24,26,28,34,42,43,46,47,311,55,312,191,63,327,329,81,93,223,231,233,239,242,251
256,257,258,131,260,0,1,271,16,22,27,30,32,33,34,35,43,52,312,315,317,318,319,64,322,200,213,89,218,221,225,229,230,232,236,238,122
128,129,132,5,9,10,273,18,23,27,285,34,43,304,308,54,188,317,66,218,220,222,224,98,230,231,233,234,106,238,111,117,127
131,3,5,6,136,9,12,142,271,17,275,24,30,40,43,45,50,187,317,62,320,66,198,220,222,224,225,230,231,234,238
0,1,5,266,13,142,275,22,27,30,32,34,35,36,37,167,43,44,173,52,53,54,189,70,199,200,201,330,218,222,229,231,232,237,240,121
129,2,5,266,275,32,36,43,173,45,51,53,54,314,189,317,66,70,199,200,201,207,217,222,224,230,231,234,121
3,4,11,12,16,18,22,24,26,283,159,34,39,41,42,43,302,47,55,58,315,190,191,326,200,214,223,233,106,239,242,253,255
0,3,11,12,268,16,17,22,26,28,31,289,161,38,39,168,42,47,48,186,187,316,317,60,63,320,65,66,326,211,223,225,238,124,125
0,130,131,3,5,8,11,12,16,22,23,26,27,286,32,33,42,43,47,187,316,59,188,317,63,64,66,326,218,227,232,233,238,244,123
0,3,5,135,138,10,16,23,279,284,157,39,41,43,301,52,182,54,59,66,72,202,204,208,214,218,91,227,230,231,233,238,246,122,253,126
2,3,5,134,135,8,10,138,140,12,16,275,156,292,43,303,311,59,64,200,73,329,74,207,81,94,227,230,231,232,233,237,239,251
0,1,130,4,5,265,16,149,22,23,27,289,38,39,42,43,46,50,55,186,59,317,63,66,326,72,218,100,230,231,233,238,239
0,3,5,6,8,9,12,19,23,24,27,38,43,46,187,59,317,320,64,66,198,327,204,82,222,224,227,230,231,232,234,238
130,2,5,6,135,266,16,145,27,30,43,54,314,58,59,317,189,188,64,66,198,327,201,329,216,218,222,224,98,230,231,233,234,238,244,127
128,129,130,131,132,5,1,136,8,12,15,16,17,22,26,28,285,30,42,43,54,314,317,63,66,198,85,218,222,224,225,227,230,231,233,234,238
0,129,128,131,3,5,8,12,16,19,22,23,27,285,33,34,42,43,314,59,316,317,63,64,66,329,85,218,222,230,231,232,233,238,110
257,258,131,260,5,142,16,17,22,28,34,42,43,309,312,315,317,318,319,63,322,328,330,213,89,218,221,225,229,230,231,232,233,236,238,122
131,5,134,138,140,16,275,32,33,34,43,46,51,54,317,64,66,323,200,329,73,81,218,222,224,228,230,231,233,234,236,237,238,239,251,254
129,1,259,5,263,268,13,23,155,32,37,44,48,51,54,66,195,323,196,74,203,206,209,211,212,85,91,222,224,230,234,235,237,115,122,125
0,5,133,8,9,266,10,19,30,170,43,45,54,314,187,317,62,191,66,198,327,329,218,222,224,227,230,231,233,234,106,110,238
2,3,5,135,8,266,12,275,279,23,30,33,42,43,54,313,59,317,64,198,327,329,81,85,218,222,224,227,230,231,232,233,234,106,110,238,243
5,266,13,20,30,32,37,43,44,49,51,54,313,314,189,317,66,327,329,201,215,222,224,228,230,231,234,237,239,243,121,251
3,259,4,263,9,10,12,269,268,273,276,24,25,283,34,42,43,47,48,55,314,58,316,65,326,74,223,233,110,239,117,118,255
0,1,131,5,143,16,15,19,20,22,23,26,27,28,29,30,288,33,34,42,43,46,54,313,314,185,317,63,66,218,224,230,231,233,238,125
0,129,1,131,3,5,13,23,27,32,289,37,43,44,51,308,54,187,316,188,317,190,60,66,195,326,328,79,222,224,101,230,234,237,244,122
0,2,3,5,6,7,135,145,27,31,38,43,46,48,50,53,55,56,313,57,187,60,317,61,66,67,198,329,85,219,221,232,234,106,236,110,240
3,131,5,12,15,17,19,21,27,32,34,40,43,44,51,54,187,317,320,66,198,329,222,224,225,229,230,233,234,238
6,7,10,138,140,11,16,275,28,31,163,38,46,48,50,53,311,312,56,57,60,61,319,67,327,329,73,81,219,221,231,236,237,239,240,251
2,5,135,10,140,16,145,275,156,292,43,303,54,311,312,58,59,66,198,200,329,81,218,222,224,230,231,233,234,237,238,239,246,251
0,2,3,5,8,12,145,284,39,43,45,182,56,313,186,59,316,317,190,191,64,66,197,327,72,204,213,227,230,231,232,233,124,126
3,4,10,140,12,16,275,22,24,156,34,292,42,43,303,47,311,312,55,58,63,200,73,329,74,202,81,223,231,233,237,239,248,251
256,129,5,13,23,155,285,32,37,44,51,54,187,317,189,321,66,195,323,196,328,200,203,206,207,209,212,222,224,230,232,234,237,244,122
0,259,5,27,32,33,34,162,166,44,174,51,54,186,187,314,59,316,317,190,65,66,195,67,197,326,68,72,211,214,218,92,222,224,230,234,107
129,5,11,281,26,27,34,39,43,54,55,314,187,58,317,66,198,327,329,203,90,218,222,223,224,98,230,231,232,233,238,239,118,127
256,5,13,271,275,20,23,30,32,34,37,43,44,51,54,312,314,322,323,324,66,200,329,74,81,213,222,224,228,230,231,234,237,242,251
128,131,3,5,266,12,23,285,32,33,43,44,51,54,314,187,59,317,62,64,66,198,326,85,222,224,230,232,234,237,110,238,123
5,10,266,140,13,16,275,30,32,37,43,44,45,51,52,54,311,312,189,62,66,323,200,329,73,81,222,224,228,230,231,234,237,239,121,251
128,129,0,2,132,261,3,5,135,145,19,20,278,285,157,39,43,175,51,54,59,194,196,203,83,212,85,215,218,93,97,227,230,231,233,109,238,240,112
128,129,5,266,13,145,19,285,30,32,37,43,44,45,51,54,317,62,64,66,195,198,329,203,212,85,222,224,228,230,231,234,108,237,110
5,134,10,266,140,16,275,35,292,43,303,54,311,312,58,59,200,73,329,74,81,218,94,222,226,230,231,233,237,238,239,121,251,126
128,0,1,131,3,5,132,136,8,15,16,17,19,22,26,27,28,39,42,43,46,54,317,63,320,218,222,224,227,230,231,233,234,238
131,5,266,13,19,30,32,37,43,44,45,51,52,54,313,314,317,62,64,66,327,81,222,224,228,249,230,231,105,234,110,239,242,121,251
0,1,131,5,11,12,14,16,19,22,23,25,26,283,27,29,32,41,42,43,47,58,187,316,188,317,65,66,323,195,326,218,233,238,244,123
256,261,264,265,269,274,278,279,281,282,283,69,73,75,81,83,84,85,87,89,92,120,94,97,98,101,106,107,109,110,111,242,117,248,249,253,254
256,259,261,264,265,269,271,274,276,280,283,289,41,316,192,65,324,69,79,81,85,87,89,94,106,109,110,241,243,244,117,252,253,254,255
256,257,258,260,261,262,271,278,34,312,318,322,68,70,71,81,213,86,89,93,225,121,229,106,242,243,116,245,248,249,122,251
256,261,264,265,268,269,271,26,177,312,323,69,200,74,75,76,81,84,87,89,248,97,98,100,106,109,242,243,120,249,250,251,254
256,259,261,264,267,268,269,271,274,276,283,165,168,41,174,51,69,76,80,87,88,100,101,103,106,108,243,246,251,252,254
2,264,266,268,269,275,35,36,173,53,313,314,189,190,69,70,199,201,329,207,81,87,217,89,231,109,121
261,264,265,266,269,271,274,280,283,285,160,49,69,79,81,85,87,98,100,101,106,237,110,109,241,242,243,120,251,252,253,254
259,261,264,265,269,271,273,274,276,278,280,283,284,289,165,41,174,50,69,76,85,119,217,227,100,101,106,243,247,122,127,253,254,255
259,261,264,265,269,273,274,275,276,279,281,283,32,165,39,174,47,186,316,65,69,326,79,101,106,243,244,252,253,254,255
256,257,258,260,261,262,263,264,138,269,270,271,16,275,283,48,312,69,73,329,74,202,81,87,89,98,231,104,109,239,246,250,251
261,264,265,266,11,269,271,275,277,279,283,32,313,69,75,79,81,87,89,98,249,231,106,109,110,241,242,243,121,250,251,252,253,254
256,259,261,138,268,269,271,16,275,276,283,69,73,329,74,202,75,81,84,87,89,94,248,97,98,106,109,115,246,120,251
129,261,135,264,138,269,278,280,285,289,178,68,69,71,81,83,84,85,86,87,89,92,94,95,98,101,105,109,111,112,114,115,117,118,247,248,122,127
256,259,261,262,135,269,271,274,18,276,278,283,40,177,68,69,70,71,200,79,86,89,99,100,101,106,111,242,243,116,117,121,250,253,254
256,259,261,264,268,269,271,16,275,283,69,73,74,329,202,81,84,87,89,218,91,94,97,98,100,231,106,107,109,242,246,248,251,254
259,261,264,269,271,279,280,283,157,32,313,316,69,75,79,81,85,87,89,98,106,109,241,242,243,249,251,252,253,254
256,259,8,269,274,276,21,280,283,27,164,166,41,42,188,68,326,70,72,71,76,77,79,85,214,86,98,99,106,111,241,244,116,117,121,253,254
259,261,264,265,269,271,274,277,279,280,283,68,69,70,71,75,79,214,86,89,98,106,110,111,241,242,243,116,117,119,121,251,252,253,254
256,261,264,266,12,269,275,279,283,34,316,189,190,68,69,70,71,329,74,76,79,86,100,106,111,242,243,116,117,121,251,255
256,261,262,277,278,283,321,68,70,71,75,203,76,79,212,85,86,87,90,92,94,95,100,104,105,106,109,111,112,114,115,116,117,121,250
256,257,258,259,260,262,271,34,312,318,319,322,324,68,70,71,79,81,213,86,89,121,106,111,242,116,245,248,249,122,251,254
259,264,265,269,274,276,280,282,283,284,32,165,168,174,182,316,65,69,326,72,81,85,89,98,99,106,107,109,110,241,243,252,253,254,255
256,258,260,261,263,264,10,269,270,271,16,275,172,180,312,189,69,73,329,81,87,89,94,231,109,239,242,243,246,249,250,251
259,135,265,269,274,276,280,281,283,155,32,289,41,47,305,182,316,65,323,195,326,71,72,76,77,206,100,101,107,115,244,119,122,253,254
261,264,265,141,269,271,273,279,280,281,283,165,42,298,69,70,79,85,87,88,98,100,101,106,110,241,242,243,117,249,250,251,252,253,254
256,257,258,260,261,262,269,271,275,276,281,34,41,47,312,318,319,322,68,69,70,71,76,79,213,86,89,121,100,106,111,116,117,248,249,122,254
256,259,8,9,269,274,276,21,27,283,32,164,166,42,47,316,188,68,326,70,72,71,76,77,214,86,87,99,106,244,117,116,121,253,254
256,257,258,260,269,275,281,283,32,39,47,48,185,315,187,318,322,323,326,71,200,328,73,77,89,221,244,245,248,249,122
256,257,259,269,13,142,271,22,23,283,27,30,32,35,37,40,44,45,52,315,188,316,323,326,71,72,328,199,200,201,77,214,88,89,221,244,122,253,254
256,257,258,260,262,269,281,283,32,289,178,315,187,318,322,323,71,328,73,202,77,208,213,89,221,225,244,245,248,249,122
256,257,258,259,260,262,269,283,32,315,187,318,319,322,71,328,202,77,208,213,89,221,114,243,244,245,248,249,122
256,257,258,260,6,7,9,269,14,283,31,289,47,48,178,50,53,56,57,315,60,318,319,322,67,71,328,72,89,221,240,244,245,116,122,253,254
256,259,261,268,269,271,276,283,32,177,187,316,192,323,69,326,71,72,73,328,200,76,77,202,208,214,218,100,114,244,245,253,254
259,261,8,269,17,21,23,27,283,164,166,42,47,178,182,187,188,316,323,69,326,72,328,330,77,81,214,87,89,221,98,99,109,244,253,254
256,260,8,269,276,21,283,164,166,40,315,188,323,68,326,71,70,76,77,79,214,86,87,89,221,99,100,106,111,244,245,116,117,121,122,253
256,257,258,259,260,262,267,269,283,34,297,315,188,316,318,69,326,328,73,76,81,213,87,89,94,225,109,244,245,248,249,122,254
256,0,259,8,269,17,274,19,276,21,27,283,166,39,42,47,178,182,188,316,69,326,72,328,73,77,81,214,87,89,94,99,109,244,120,253,254
256,260,8,138,269,17,274,21,27,283,289,166,168,42,46,47,178,182,315,188,316,323,69,326,72,81,214,87,221,99,109,244,122,253,254,127
256,259,8,269,142,274,276,21,283,166,168,42,47,178,188,192,69,326,71,72,73,76,77,81,214,87,89,91,94,98,99,109,244,245,253,254
256,257,258,259,260,261,264,138,269,16,275,283,312,188,319,69,200,73,329,74,202,81,84,87,89,98,237,109,244,246,248,251,254
256,257,258,260,262,267,269,283,34,42,43,315,316,318,319,322,69,328,81,213,87,89,221,225,98,109,245,248,249,122
259,263,268,269,272,274,276,280,283,31,48,66,68,70,71,72,74,76,211,86,87,98,99,100,101,106,107,116,121,254,255
256,257,258,260,261,269,13,18,20,22,283,30,32,34,35,37,44,45,52,316,317,318,64,322,323,67,199,200,328,201,213,88,89,94,96,244,117
128,259,261,6,265,269,276,278,280,283,289,41,50,182,57,66,69,72,76,209,81,85,87,217,90,92,99,100,107,109,112,114,244,117,119,253
256,257,258,259,260,262,267,14,283,315,317,318,319,322,69,328,73,81,213,87,89,221,94,225,109,245,248,249,122
256,261,263,264,269,270,271,277,278,69,75,81,84,85,87,89,92,120,94,95,97,98,109,111,242,243,117,248,249,250,251
258,259,261,264,265,269,277,278,280,283,284,289,41,50,66,69,198,72,209,85,217,227,100,101,106,107,111,112,243,117,119,252,253,254,255
256,257,258,259,260,261,262,264,267,269,312,313,318,319,322,69,81,213,87,89,90,108,109,245,248,249,122
256,261,264,138,269,271,16,275,54,311,312,69,73,74,329,202,81,82,84,87,216,89,94,97,98,231,237,109,239,246,248,251
256,259,8,269,17,274,276,277,21,23,283,27,164,166,40,42,49,178,182,316,188,189,65,69,326,72,329,76,77,208,84,87,89,99,244,253,254,255
256,8,9,269,274,21,280,27,283,32,164,166,42,47,187,188,316,68,326,71,72,76,77,214,86,221,99,106,243,244,116,119,253,254
256,259,8,9,269,274,276,21,280,283,32,164,166,42,187,188,316,192,65,68,326,71,72,76,77,214,86,99,244,116,253,254
256,257,261,262,264,138,269,271,16,275,283,34,46,66,69,200,73,329,74,202,81,84,85,87,89,94,98,109,239,242,246,248,251
256,259,260,261,8,269,17,274,276,21,23,283,27,164,166,42,178,182,192,65,69,326,70,76,77,81,85,214,87,89,98,99,106,109,244,253
256,261,262,267,269,271,16,275,276,28,284,51,311,66,69,73,329,202,80,81,87,88,89,91,98,231,103,106,109,243,246,251
256,257,258,260,262,267,269,34,309,312,315,318,319,322,324,69,200,330,81,213,87,89,225,98,109,245,248,249,122
259,263,268,269,272,276,279,280,283,31,176,48,65,66,68,70,71,72,74,76,77,79,211,86,247,99,106,107,116,119,121,253,254
259,268,269,274,276,281,283,32,39,42,47,51,187,316,65,326,71,72,76,77,80,208,214,88,89,92,96,97,107,114,244,246,247,253,254
256,257,2,259,266,138,267,269,275,276,21,280,283,173,51,53,184,189,70,199,72,201,207,80,88,217,91,97,244,246,121,254,127
261,264,265,269,271,274,279,280,283,165,168,174,68,69,70,71,79,81,85,86,100,106,110,111,242,243,116,117,121,251,253,254
261,264,269,277,278,54,68,69,73,75,81,84,85,86,87,89,92,93,94,95,248,97,98,106,107,109,110,111,112,115,116,117,243,120,249
256,259,261,262,264,267,269,274,276,280,283,51,69,72,79,80,87,88,89,100,103,106,107,111,241,243,244,246,247,249,252,253,254
259,261,9,269,13,274,276,278,283,32,42,47,187,195,68,326,70,72,71,202,76,77,85,214,86,92,106,114,244,117,116,245,121,253,254
256,257,258,259,260,261,0,1,141,269,275,19,281,283,27,312,319,322,69,200,73,74,329,202,81,87,89,93,94,98,237,109,246,251
256,257,258,259,260,261,262,267,276,51,316,318,319,322,66,328,200,80,209,212,213,88,89,225,245,246,248,249,122
256,257,258,259,260,261,262,267,269,271,276,312,318,319,322,69,81,84,213,87,89,225,98,109,245,248,249,122,251
256,259,261,263,264,265,266,269,271,276,283,32,316,69,79,81,87,89,98,106,109,110,241,242,243,117,251,252,253,254
256,259,260,261,135,9,269,274,276,278,280,153,283,284,32,296,42,177,68,326,71,72,76,77,79,208,86,89,106,244,117,116,247,253,254,255
256,257,259,260,138,267,269,271,275,276,283,32,301,51,187,71,72,73,202,77,80,81,84,254,88,89,91,244,245,246,247,251,126
261,264,265,269,271,274,279,280,283,301,188,189,192,68,69,70,71,72,329,79,86,100,106,107,111,112,244,117,116,119,121,250,254,127
261,264,265,269,270,271,279,283,36,68,69,70,71,74,75,76,79,81,86,87,121,98,100,122,106,110,111,112,242,243,116,117,249,250,251,254
259,263,265,268,269,272,276,283,284,31,297,48,178,316,66,69,72,74,76,81,211,87,88,99,232,107,109,253,124,125,254
256,257,258,259,260,262,135,8,269,17,274,21,283,156,164,36,166,169,304,178,181,182,315,318,322,69,326,208,213,87,89,225,99,250,244,245,122,253,254
256,0,1,259,261,264,265,269,141,271,19,279,281,283,27,157,187,69,81,87,94,106,110,241,243,244,117,120,122,251,252,254,255
256,261,264,269,270,271,16,275,311,312,69,73,329,74,202,75,207,81,84,87,89,94,97,98,231,109,239,242,246,248,249,251
256,259,263,264,268,269,142,274,276,280,281,283,32,165,168,174,316,69,326,72,76,81,89,98,99,100,106,107,109,241,243,244,252,253,254
256,257,258,259,260,131,262,4,267,269,283,297,310,315,318,319,322,324,326,72,76,213,89,225,104,245,248,249,122,253,254
256,257,258,259,260,8,267,269,276,283,32,51,315,187,60,326,71,72,76,77,80,88,89,99,244,245,246,248,249,122,253,254
256,259,261,138,10,269,271,275,276,283,40,68,70,71,72,73,329,74,79,81,86,216,99,100,106,111,244,116,246,117,121,251,253,254,255
256,261,265,269,277,278,21,283,188,189,68,70,71,329,75,79,85,86,92,93,94,97,100,106,234,109,110,111,243,244,117,116,120,121,250
256,2,259,266,269,275,276,283,35,36,173,53,189,68,70,71,72,199,74,201,207,79,214,86,217,95,106,244,116,121,253,254
259,264,265,268,269,270,271,274,276,280,282,283,284,182,69,72,76,77,79,85,87,89,98,100,106,241,243,116,117,252,253,254
259,263,268,269,272,276,280,283,31,48,66,69,72,74,76,77,81,211,84,119,87,89,91,99,100,102,232,107,109,125,247,124,253,254
256,260,261,262,263,264,265,269,270,271,16,18,275,276,283,312,69,73,329,74,202,81,87,89,98,109,242,246,250,251,253,254
257,261,264,265,269,270,271,279,283,68,69,70,71,76,79,85,86,87,121,100,122,105,106,110,111,242,243,116,117,249,250,251,253,254
257,258,259,260,261,262,267,269,142,273,276,278,283,168,51,69,73,80,81,85,87,88,89,91,92,98,103,109,117,118,246,248
256,259,261,269,271,16,275,276,283,318,320,66,69,73,329,74,202,77,81,85,87,89,94,98,231,106,109,239,116,246,251,254
256,0,259,3,261,264,137,268,269,270,271,142,274,20,278,279,280,281,283,157,39,175,178,69,75,204,227,100,106,242,243,114,118,250,251,124,254
256,259,264,269,274,276,280,283,32,42,305,186,187,316,65,69,326,71,72,330,202,76,77,208,84,214,89,107,244,245,119,253,254
259,262,263,135,265,268,269,274,147,276,23,280,283,155,294,297,176,309,182,184,65,195,196,323,72,76,77,206,79,100,106,107,112,115,244,119,122,253,254,255
261,264,265,269,270,271,283,32,69,73,75,81,87,89,94,98,106,109,110,111,241,242,243,117,249,250,251,252,253,254
259,261,263,135,264,269,273,274,278,279,280,282,283,65,196,69,79,85,87,92,94,97,106,110,111,241,114,243,117,118,123,252,253,254
256,261,269,271,16,275,281,283,39,47,48,311,312,185,69,73,329,202,81,87,89,120,94,98,231,109,242,243,246,248,249,251
256,257,258,260,261,262,264,269,271,16,275,283,34,46,312,319,322,69,200,329,73,74,202,81,84,87,89,97,98,237,109,246,248,251
256,257,259,264,265,267,269,276,283,284,289,41,50,51,69,72,80,88,89,217,227,100,103,106,107,243,246,119,248,253,255
256,261,264,265,269,271,278,69,73,75,81,84,85,87,89,92,120,94,97,98,100,106,107,109,110,242,243,117,248,249,250,251
256,8,269,274,276,21,283,32,166,42,47,178,187,316,192,65,323,326,71,72,202,76,77,208,87,99,114,244,245,253,254
256,261,264,266,269,270,271,277,279,283,32,313,69,75,79,81,87,89,98,249,231,104,106,107,109,241,242,243,120,121,250,251,252,253,254
256,257,258,259,260,261,262,263,264,267,270,34,312,318,319,322,69,328,81,213,87,89,225,250,109,245,248,249,122,251
261,133,269,271,276,277,278,279,280,284,162,170,301,68,69,75,81,85,87,89,218,92,94,98,104,106,109,111,112,243,117,248,250,255
256,261,264,265,267,269,271,19,278,283,284,69,75,81,84,85,87,89,92,120,97,98,106,109,110,242,243,117,248,249,250,251,255
261,264,265,266,269,271,279,282,283,26,32,313,69,79,81,83,85,87,89,94,98,106,107,109,110,241,242,243,249,251,252,253,254
259,264,265,269,271,280,283,284,289,41,50,182,66,69,72,76,217,89,227,100,106,241,242,243,119,252,253,254,255
256,257,258,260,261,262,267,269,283,34,312,315,318,319,322,324,69,81,213,87,89,225,98,109,245,248,249,122,254
256,261,264,265,269,271,273,18,283,34,316,67,68,69,326,70,71,200,79,84,86,87,89,96,121,100,101,106,110,111,242,243,116,117,249,253,254
256,257,258,260,262,267,269,271,16,34,43,312,58,318,319,322,72,73,81,213,87,89,229,236,245,248,249,122,253
256,257,258,131,260,261,262,267,269,150,34,312,318,319,322,324,69,326,200,75,76,81,213,87,89,225,109,245,248,249,122
256,257,258,259,260,262,269,13,22,30,32,34,35,37,44,45,52,312,315,318,319,322,199,328,200,201,213,88,89,93,225,245,119,248,122
256,259,261,135,265,10,269,275,276,147,23,283,155,294,297,176,309,182,184,323,195,196,68,72,73,74,76,206,81,84,86,216,91,115,244,116,122,253,254
256,259,261,264,269,271,16,275,283,311,312,69,73,329,74,202,81,84,87,89,94,97,98,231,106,107,237,109,242,246,248,251
256,257,259,261,262,267,269,270,271,274,18,276,21,283,168,51,67,69,200,80,81,209,212,87,88,89,96,100,103,106,109,243,246,251
256,257,258,259,260,261,262,267,269,283,287,34,295,312,318,319,322,69,81,213,87,89,230,109,115,245,248,249,122,254
256,257,259,261,262,264,269,274,276,278,283,287,34,295,316,69,75,81,84,85,87,89,92,97,98,101,230,106,109,111,117,248,254,255
256,259,8,269,17,274,276,21,27,283,287,166,295,42,47,178,182,316,65,69,326,70,72,76,77,81,87,89,99,230,109,244,253,254,255
256,257,258,259,260,262,265,267,283,287,34,295,41,315,316,318,322,69,328,81,213,87,89,91,225,230,245,248,249,122,253
256,257,259,261,262,269,271,16,275,283,287,295,312,69,200,73,329,202,81,209,87,89,94,98,230,231,106,109,242,246,248,249,251
256,257,258,259,260,261,262,264,269,271,276,283,287,295,318,66,69,79,81,87,89,230,106,107,109,241,243,248,249,252,253,254
256,257,258,259,260,261,262,264,267,269,283,287,34,295,312,318,319,322,328,213,89,96,225,230,109,241,245,248,249,122,252,254
256,259,261,264,269,271,279,283,34,169,49,311,316,188,189,68,69,70,71,329,75,79,81,86,121,98,230,106,110,111,242,243,116,117,249,250,251,254
256,257,258,260,261,262,269,275,281,283,34,39,47,48,185,315,318,319,322,68,70,71,328,213,86,89,225,121,105,106,116,245,248,249,122
256,259,264,265,11,269,271,273,274,276,280,281,283,182,69,72,76,77,79,81,84,87,89,99,100,106,107,109,241,243,244,252,253,254
256,0,1,259,261,265,268,269,141,271,273,19,276,279,281,283,27,41,68,69,71,75,79,86,94,100,122,106,110,242,243,244,116,121,250,251,253
257,258,259,260,262,264,267,269,274,280,283,51,66,69,80,81,87,88,89,91,100,103,106,109,243,246,118,252,253,254
259,263,267,268,269,272,276,283,284,31,48,51,66,72,74,76,77,80,211,87,88,99,103,232,107,125,246,119,124,253,254
261,264,265,269,270,271,279,281,283,289,39,41,188,189,68,69,70,71,329,75,79,81,86,223,121,100,106,110,111,242,243,116,117,249,250,251,254
256,261,10,271,16,275,277,278,168,311,313,68,69,70,71,73,74,329,79,81,86,87,94,100,231,106,237,111,242,243,116,117,246,248,121,251
256,259,261,263,265,9,12,269,271,274,276,283,156,32,42,65,68,326,71,72,76,77,79,208,214,86,100,106,107,244,116,247,253,254
256,261,264,265,269,271,146,278,283,166,178,311,318,320,195,69,75,203,81,84,85,87,89,92,98,106,109,110,111,242,243,117,248,250,251
256,257,258,260,261,262,264,267,269,271,34,312,318,319,322,324,69,81,213,87,89,98,107,109,245,248,249,122,251
256,257,258,259,260,262,8,269,274,276,21,283,164,166,40,178,319,68,326,70,72,71,76,79,213,214,86,87,89,99,100,106,111,244,116,117,121,253,254
256,261,264,269,270,271,272,279,283,32,46,313,69,75,79,81,85,87,89,97,98,106,109,110,241,242,243,248,249,250,251,252,253,254
259,264,265,11,269,271,274,18,276,279,280,283,165,168,174,68,69,70,71,75,79,86,98,100,106,111,242,243,116,117,121,251,253,254
256,261,264,269,271,278,288,68,69,75,81,212,85,84,87,89,90,92,120,94,95,97,98,100,104,106,109,111,112,114,115,243,117,248,249,250
256,259,8,265,269,17,274,276,21,23,283,27,32,164,166,40,42,178,182,187,188,323,326,71,72,202,76,77,214,99,114,244,253,254
256,258,259,261,263,264,11,268,269,274,276,280,283,182,69,326,72,76,79,81,87,99,100,106,107,109,241,242,243,244,252,253,254
256,261,265,269,270,271,143,278,283,68,69,70,71,75,76,79,81,85,86,87,92,121,100,105,106,110,111,242,243,116,117,249,250,251
256,259,261,133,264,265,269,271,276,279,280,283,165,170,174,68,69,70,71,75,79,86,218,98,100,106,111,242,243,116,117,121,250,251,254
256,259,263,265,9,269,274,276,283,32,42,187,68,69,326,71,72,76,77,79,208,214,86,99,100,106,107,244,116,245,122,253,254
256,261,269,278,283,162,166,174,184,321,68,69,75,203,81,212,85,87,89,90,91,92,95,103,104,107,109,111,112,114,115,117,248,250,125
256,259,261,263,264,269,274,276,278,280,283,69,73,81,84,85,87,88,89,92,97,98,100,101,105,109,112,115,243,117,116,248,249,253,254,255
256,259,8,268,269,17,274,276,21,23,154,283,27,164,166,42,305,178,182,69,326,72,75,76,81,214,87,89,98,99,109,241,244,253,254
256,259,261,262,264,267,268,269,270,271,141,274,276,279,283,165,168,300,174,48,51,179,69,80,88,100,103,106,243,246,249,251,252,254
256,259,261,264,269,270,271,16,275,311,69,329,73,202,81,84,87,89,94,97,98,231,106,107,109,239,242,243,246,248,249,251
256,261,264,269,271,16,275,284,311,312,69,73,329,74,202,81,84,87,89,94,97,98,231,106,109,242,243,246,248,251,255
256,261,264,269,270,271,143,277,278,69,75,81,84,85,87,89,92,93,248,97,98,109,111,242,243,117,120,249,250,251
0,129,261,264,265,268,269,271,19,278,313,187,316,317,69,326,329,73,203,75,81,84,85,87,89,91,92,120,97,98,100,109,243,117,248,249
256,259,261,269,270,271,16,275,282,311,69,329,73,202,81,87,89,94,98,231,108,237,109,239,242,114,117,246,248,249,251
260,261,263,264,265,269,270,271,18,278,67,68,69,70,71,75,79,85,86,94,96,121,104,106,110,111,242,243,116,117,249,250,251
256,261,264,269,271,16,275,283,311,312,69,200,73,74,329,202,78,81,84,87,89,94,98,231,237,109,239,246,248,249,251
261,264,265,269,270,271,275,278,279,281,283,165,39,47,48,318,320,68,69,70,71,79,85,86,94,100,106,110,242,243,116,121,251,254,255
256,257,258,259,260,261,262,269,275,276,281,283,39,47,48,185,318,322,68,326,70,328,71,213,86,89,225,121,106,244,245,116,119,248,249,122,254
259,261,264,265,269,271,279,280,283,32,69,79,81,85,87,89,98,100,101,106,109,241,242,243,119,251,252,253,254,255
256,129,261,264,269,277,278,283,321,69,203,75,81,212,85,84,215,87,89,90,91,92,93,120,95,97,98,231,104,109,111,114,115,243,117,248,249
256,261,265,269,270,271,18,276,278,280,283,67,68,70,71,76,79,82,86,87,94,95,96,100,105,106,110,111,242,244,117,116,121,251,253,254
259,261,264,269,271,15,273,17,21,278,279,282,283,69,198,79,81,85,87,94,225,229,233,106,110,238,242,243,117,118,252,253,254
256,261,262,263,264,269,271,276,278,279,283,312,313,68,69,70,71,329,79,81,86,121,98,106,107,111,242,243,116,117,248,249,251,254
256,260,261,9,269,274,276,279,283,32,42,301,65,68,69,326,71,72,76,77,79,208,214,86,89,95,106,244,117,116,253,254
259,261,264,265,269,271,280,283,162,290,166,45,174,184,59,65,321,68,69,325,327,75,98,100,101,103,106,107,110,242,243,114,117,250,251,125
261,264,269,270,271,274,277,278,163,69,73,75,81,84,85,87,89,92,120,97,98,104,106,109,110,242,243,117,248,249,250,251
256,261,262,264,269,271,273,18,278,281,290,56,67,69,329,74,75,81,84,87,89,94,96,97,98,248,101,104,106,109,110,111,242,117,120,249,251,255
261,264,265,266,269,271,278,280,283,160,298,49,313,191,68,69,75,81,213,85,87,88,92,98,106,237,110,109,242,243,116,117,120,250,251
256,5,7,264,265,269,271,274,283,182,312,188,68,69,70,71,76,79,81,86,95,121,98,100,105,106,111,242,243,116,117,248,249,250,251,254,127
256,2,260,261,263,264,266,269,270,275,280,283,36,173,53,316,189,70,199,201,74,329,207,81,217,244,117,119,121,250,251,254
259,264,265,8,269,270,271,282,283,284,59,317,69,79,81,85,87,98,106,108,109,110,241,242,243,117,249,251,252,253,254
256,261,264,269,271,16,275,283,46,312,66,69,329,73,74,202,81,84,87,89,97,98,231,106,109,242,243,246,248,249,251
256,261,262,10,11,268,269,271,16,275,279,312,68,69,71,73,329,74,203,81,86,87,88,94,100,106,109,241,242,116,246,248,251
259,137,268,19,276,280,283,290,162,166,174,184,59,318,65,323,195,68,69,72,76,77,81,211,94,100,101,103,107,109,114,119,253,122,125,126
256,261,266,268,269,271,16,275,280,283,311,312,187,69,200,73,74,329,328,202,205,81,210,209,87,215,94,231,237,109,239,242,246,119,251
256,259,8,265,269,273,274,276,21,280,283,34,164,166,40,319,65,68,326,70,72,71,76,79,86,87,89,99,100,106,111,244,117,116,121,253,254
256,259,261,265,269,271,144,146,276,279,280,283,29,180,188,68,69,70,71,72,76,79,86,95,100,106,111,112,242,244,117,116,121,253,254
259,263,265,268,269,272,276,280,283,284,31,289,41,48,50,186,66,72,74,76,77,211,217,99,100,101,102,107,125,119,124,253,255
261,264,265,11,269,270,271,272,279,280,283,32,69,75,79,81,85,87,89,98,100,106,109,110,241,242,243,249,250,251,252,253,254
256,259,261,9,269,274,275,276,278,279,281,283,165,39,47,182,68,69,71,75,79,86,90,98,99,106,110,241,242,116,117,247,249,253,254
256,259,261,262,264,265,269,270,271,281,283,32,69,75,79,81,84,87,89,126,106,109,241,242,243,252,249,250,251,124,253,254
128,261,263,264,266,269,270,277,278,285,69,75,203,81,212,85,84,87,89,92,120,97,98,104,109,111,242,243,117,248,249,250,251
256,259,138,10,268,269,275,276,283,290,46,68,70,71,72,73,76,77,79,81,84,86,216,91,102,106,107,111,244,116,117,247,121,251,253
259,135,265,268,269,274,147,276,283,155,289,41,297,176,309,182,184,316,195,196,69,326,72,76,77,206,91,99,100,107,115,244,248,122,253,254,255
256,259,7,268,269,270,276,277,280,282,283,68,70,71,72,76,77,79,84,86,91,247,219,99,100,106,107,111,242,244,116,117,119,121,253,254
256,259,261,263,268,269,272,276,280,283,31,48,66,68,70,71,72,74,76,77,79,211,86,95,99,100,101,106,107,111,244,116,121,253,254
256,259,260,261,269,274,278,281,283,32,47,187,62,192,323,69,326,71,202,77,79,208,81,85,214,89,92,114,244,245,253,254
256,259,8,269,142,274,276,21,278,280,283,166,168,178,69,326,72,76,77,81,84,214,87,89,97,98,99,100,101,109,244,247,248,126,124,253,254
256,129,128,257,258,261,264,269,278,285,51,313,321,69,203,75,81,212,85,84,215,87,89,90,92,93,95,97,98,109,111,112,114,115,117,248
256,261,264,10,269,270,271,277,279,28,165,174,188,68,69,70,71,75,79,86,93,94,97,104,106,109,111,242,243,116,120,121,250,251
256,261,262,264,265,268,269,141,271,19,276,280,283,68,69,70,71,72,77,79,85,86,87,94,98,100,101,106,111,113,242,116,117,121,122,251,254
256,130,261,262,5,264,269,142,271,274,26,283,305,312,188,69,71,79,81,212,87,89,95,98,100,106,123,109,242,243,248,249,251,254,127
256,8,269,142,17,274,275,20,21,23,279,281,27,283,157,36,164,166,42,178,182,188,326,72,214,225,99,100,244,117,118,119,253,254
0,257,259,261,263,267,269,142,271,20,279,281,283,157,39,175,51,73,79,80,88,89,225,103,106,241,244,118,246,123,252,253,254
256,257,261,262,138,10,269,270,271,16,275,276,280,282,283,68,70,71,73,329,75,79,81,86,87,89,100,106,111,244,116,246,117,121,251
256,261,264,269,271,16,275,311,312,69,73,329,74,202,81,84,87,89,220,97,98,231,109,239,242,243,244,246,248,249,251
259,264,265,268,269,146,276,21,280,283,284,32,289,41,50,69,72,76,77,81,84,119,217,91,100,107,109,243,247,252,253,254
256,257,259,260,261,262,8,269,17,274,276,21,23,27,283,164,166,42,178,182,69,326,72,76,77,81,213,87,89,98,99,109,244,248,253,254
258,259,261,264,269,277,278,51,180,69,203,75,81,212,85,84,215,87,89,92,93,95,248,97,98,105,108,109,240,112,114,115,243,117,120,250
256,265,144,18,146,278,280,283,180,190,67,68,70,71,72,76,79,86,87,96,100,101,106,107,111,112,244,117,116,119,121,253,254
261,264,265,269,271,19,276,278,280,283,309,60,69,330,75,79,80,81,87,89,98,100,101,106,109,241,243,117,250,252,253,254
256,259,8,138,268,269,21,283,28,164,166,40,178,188,68,70,71,72,73,74,76,79,84,214,86,216,87,91,99,100,106,111,244,116,117,121,251,253,254
264,265,269,271,272,26,283,165,168,46,174,313,69,74,75,203,79,81,87,98,249,231,106,110,241,242,243,120,121,250,251,252,253,254
256,257,259,260,261,269,274,276,283,284,32,42,187,316,69,326,71,72,330,202,76,77,208,214,89,106,241,244,245,252,253,254
130,259,264,265,269,280,153,26,283,284,28,288,32,182,69,197,329,79,81,84,87,89,98,103,106,109,241,243,249,251,252,253,254
256,261,264,268,269,270,271,278,283,32,289,178,69,75,79,81,87,89,98,100,106,109,241,242,243,249,250,251,252,253,254
256,259,261,263,264,265,268,269,271,273,274,279,281,283,32,66,69,74,79,81,87,89,106,109,110,241,242,243,123,252,253,254
0,1,259,261,264,265,137,268,269,141,19,276,280,281,283,284,27,289,41,69,72,75,76,77,218,94,100,101,103,106,107,243,244,119,252,253,254
256,261,265,269,270,271,275,278,280,283,177,323,68,69,70,71,200,76,79,86,87,95,100,105,106,110,111,242,243,116,117,121,251,254
256,259,261,265,269,276,278,283,168,298,316,191,69,329,74,76,81,84,85,213,87,88,89,92,97,98,101,106,109,111,112,243,244,117,248,255
256,261,264,265,267,269,270,271,274,279,283,32,51,69,80,81,85,88,89,100,103,106,109,110,241,242,243,246,248,249,251,252,253,254
143,144,145,146,155,156,157,158,160,164,293,36,167,169,297,298,300,173,170,175,304,177,306,305,301,181,310,302,179,180,208
2,135,142,144,145,146,147,148,149,18,153,155,157,158,160,161,294,167,296,170,172,173,302,175,174,307,180,308,179,181,184,330
146,147,18,148,278,149,153,154,157,158,159,162,167,171,300,301,302,175,174,305,172,179,308,182,185,321,193,203,209,212,90,95,240,114
141,142,146,147,148,153,158,292,165,293,294,296,167,170,299,300,172,171,175,174,302,306,307,308,301,303,177,184,179,310
142,144,146,147,148,149,153,154,155,157,158,160,161,167,296,298,299,172,170,302,175,171,174,306,307,308,177,179,183,180,330
141,272,144,146,147,148,149,150,152,153,155,157,158,293,296,170,299,300,172,174,175,302,305,306,307,308,301,177,180,74
11,141,142,16,145,275,148,28,156,158,292,167,295,170,299,172,300,302,303,175,177,174,307,308,179,310,311,184,329,330,81,91,231,239,251
142,271,144,145,146,147,148,153,155,156,158,161,292,293,296,169,297,170,299,172,302,175,304,177,174,307,308,303,180,309,184,310,330
11,142,17,146,148,149,150,151,22,152,27,157,159,160,32,34,162,163,165,296,168,298,299,172,42,302,175,47,178,307,308,182,330
142,143,16,144,155,28,156,157,158,160,161,292,293,164,297,298,299,300,169,302,303,175,305,170,307,308,173,310,311,179,180,181,65,330
141,142,145,148,153,158,292,293,167,295,296,170,299,300,172,302,175,303,177,305,307,308,179,310,306,184,330,174
261,265,269,142,144,273,147,157,158,31,161,165,294,296,169,299,300,302,175,178,307,308,183,184,68,71,81,86,87,88,89,98,106,109,116,118,119,253
0,2,4,142,143,144,145,146,148,149,153,281,155,157,158,160,161,164,167,296,39,168,173,302,175,47,178,307,308,180,179,55,198,330,118
142,143,146,147,148,149,153,154,155,157,29,158,160,294,167,296,297,298,299,300,172,302,175,176,178,307,308,309,179,182,184,330,88
137,141,142,145,148,157,158,292,165,293,167,296,295,170,299,172,300,302,175,174,303,306,307,308,305,310,179,184
141,142,144,145,146,147,155,157,158,160,161,165,293,167,296,169,168,299,300,172,302,175,171,305,306,307,308,304,178,179,180,330,170
142,144,146,147,148,149,153,154,155,157,158,160,161,293,294,167,296,297,171,172,301,302,175,174,178,307,308,309,179,330
4,142,146,147,148,149,153,155,157,158,160,161,296,297,298,299,169,170,302,175,172,174,178,307,308,309,54,310,311,330,92
142,144,146,148,150,151,152,153,157,158,159,160,161,162,163,165,294,296,297,168,299,170,302,175,174,178,307,308,182,55,185,72,73,330
141,142,144,146,147,148,149,150,152,153,154,155,157,29,158,160,161,167,296,299,300,172,302,175,177,306,307,308,178,179,305
142,143,144,146,147,148,149,153,155,157,158,160,161,292,294,296,168,298,170,172,302,175,174,303,178,307,308,309,310,181,184,330,232
142,145,148,150,158,292,293,165,295,167,170,299,172,300,302,175,303,177,174,307,308,306,310,311,305,309,179,184,330
128,141,142,148,153,154,158,292,165,293,167,296,295,170,299,172,171,302,175,174,305,306,179,308,307,54,303,310,184,330
134,135,138,142,16,275,150,151,152,28,30,159,32,34,35,165,37,167,168,300,44,302,303,174,175,179,308,52,182,311,323,73,329,330,239,244,126,254,127
0,129,2,3,12,273,19,150,151,152,154,285,158,159,161,162,34,165,296,168,170,171,43,173,46,175,307,308,182,55,185,316,196,330,111,112
142,144,146,147,148,149,153,154,158,159,160,161,294,167,296,299,171,172,302,175,174,305,178,307,308,177,179,183,184,182,310,330
141,142,148,154,158,292,293,167,295,169,170,299,172,171,174,175,303,305,306,179,308,307,310,311,177,184,330
143,144,147,20,155,156,157,158,32,161,160,164,294,167,169,298,297,170,173,302,175,304,178,307,180,53,179,181,184,65,330,88
2,141,144,145,146,147,149,155,157,29,158,159,160,165,293,294,296,297,298,299,300,172,302,175,174,170,178,307,308,306,304,180,179,184
7,266,11,271,16,275,19,148,150,151,152,154,28,159,292,293,165,167,168,171,172,46,303,302,175,47,179,308,182,311,186,316,329,81,216,239,251
2,4,142,143,144,146,147,148,153,155,157,158,160,161,294,38,296,298,170,173,302,175,178,307,308,180,181,179,61,330,93,94
141,142,148,149,150,153,154,157,158,292,293,167,296,169,295,299,172,300,174,175,302,305,306,307,308,303,310,179,184,330,170
142,144,146,147,148,153,155,157,158,161,292,296,297,170,299,300,172,302,175,174,305,178,307,308,306,180,309,184,310,330,88
10,16,145,147,148,149,153,154,156,158,292,293,294,167,171,172,174,303,175,177,307,308,179,310,311,312,184,200,329,81,231,237,239,248,251
129,142,144,146,147,153,155,157,158,160,165,296,169,170,299,300,173,302,175,305,178,307,308,180,49,179,184,181,311,65,330,112
141,142,143,144,146,147,148,149,153,155,157,158,160,161,164,294,167,296,41,170,169,300,173,302,175,176,172,307,179,180,181,183,184,330
144,148,149,154,155,157,158,160,161,162,163,293,165,166,167,170,171,172,301,299,175,302,305,173,179,308,180,181,311,185,321,193,330,203
1,4,268,142,148,150,151,153,158,32,162,165,294,168,170,171,302,175,50,307,309,185,61,193,321,330,203,209,212,87,90,95,114,115,249,253
261,269,142,144,146,147,148,149,153,281,155,157,158,31,160,161,296,302,175,178,307,308,180,184,68,70,71,330,86,87,106,110,112,116,121
257,258,260,262,144,145,148,149,153,154,155,158,34,166,295,167,297,170,171,172,301,174,175,177,179,309,310,312,184,315,318,319,322,324,213,89,221,248
4,142,146,147,148,149,150,151,152,153,155,157,29,31,160,161,159,165,167,296,168,300,172,302,47,175,178,307,308,179,182,183,62,330,211,99
142,143,146,147,148,149,153,154,155,157,158,160,161,32,166,167,296,298,171,300,172,302,175,304,174,178,307,308,177,179,310,184,330
142,144,145,146,147,148,153,155,29,158,159,296,297,170,299,172,301,302,175,174,306,178,308,180,310,309,184,330,88,243
141,142,148,150,154,157,158,292,293,165,295,296,167,170,299,172,171,174,175,300,303,306,179,308,307,310,184,330
128,130,131,132,133,134,135,136,138,10,140,139,16,275,285,286,288,290,291,311,200,329,73,81,231,123,237,239,251,124,125,126
128,129,130,131,132,133,134,135,136,137,138,139,140,23,285,286,288,289,290,291,59,66,122,123,124,125,126,127
128,129,130,131,132,133,134,135,136,139,140,278,285,286,288,289,290,291,321,195,212,111,117,123,124,125,126,127
128,130,131,132,133,134,135,136,137,138,139,140,286,287,288,290,291,316,323,326,328,329,73,216,225,118,122,123,124,126,127
128,130,131,132,133,134,135,136,138,11,140,139,16,275,285,286,288,290,291,329,73,81,216,231,239,122,123,125,126,127
128,130,131,132,133,8,137,138,139,136,140,17,21,23,27,286,289,164,42,178,188,326,71,77,221,244,122,123,126,127
128,129,130,131,132,133,6,135,136,134,138,139,140,285,286,287,288,289,290,291,46,314,122,123,125,127
128,0,130,131,129,132,133,134,136,265,137,135,138,139,140,144,28,285,286,288,289,290,291,50,55,56,59,66,122,123,125,127
128,129,130,131,132,133,134,135,136,137,138,139,140,23,285,286,288,289,290,291,122,123,124,125,126,127
128,129,130,131,132,133,134,135,136,137,138,139,140,285,286,288,289,290,291,316,317,323,326,328,214,221,244,122,123,124,125,126,127
128,129,130,131,132,133,134,135,136,137,138,139,140,285,286,288,289,290,291,323,71,244,122,123,124,125,126,127
128,130,131,132,133,134,135,136,138,139,140,275,151,285,286,288,290,291,323,71,200,329,73,74,81,216,94,231,239,122,123,124,125,126,127
128,129,130,131,132,133,134,135,136,137,138,139,140,285,286,287,288,289,290,291,323,328,225,122,123,124,125,126,127
128,129,130,131,132,133,134,135,136,137,138,139,140,285,286,288,289,290,291,323,122,123,124,125,127
128,129,130,131,132,133,134,135,136,137,138,139,140,285,286,288,289,290,291,122,123,124,125,126,127
128,129,130,131,132,133,134,135,136,139,140,285,286,288,289,290,291,313,203,231,106,121,122,123,125,127
128,129,130,1,131,132,133,134,135,137,138,139,136,140,285,286,288,289,290,291,66,323,72,76,209,221,244,122,123,124,125,126,127
128,130,131,132,133,134,135,136,137,138,139,140,285,286,288,289,290,291,195,207,233,244,122,123,124,125,126,127
128,129,130,131,132,133,134,135,136,137,138,139,140,285,286,288,289,290,291,316,66,107,122,123,124,125,126,127
128,129,130,131,132,133,134,136,137,138,139,140,278,285,286,288,289,290,291,317,195,323,203,244,122,123,125,127
128,129,130,131,132,261,133,134,135,136,139,140,278,285,286,288,290,291,54,321,323,203,209,212,85,111,117,123,124,125,126,127
128,2,130,131,132,133,135,136,134,266,138,139,140,285,286,288,289,290,35,173,53,189,70,199,201,207,217,122,123,124,125,127
128,130,131,132,133,134,135,136,137,138,139,8,140,17,23,27,285,286,288,289,290,291,42,44,59,195,197,72,77,244,122,123,124,125,126,127
128,129,130,131,132,133,134,135,136,266,138,140,139,15,285,286,288,290,291,53,189,222,232,234,239,121,122,123,125,127
256,129,258,131,260,128,262,134,130,132,133,135,136,139,140,285,286,287,288,290,315,318,319,322,323,71,200,212,213,221,236,122,123,125,126,127
128,129,130,131,132,133,134,135,136,137,138,139,140,23,285,286,287,288,289,290,291,59,195,323,244,122,123,124,125,126,127
128,129,130,131,132,133,134,135,136,138,139,140,285,286,288,289,290,291,122,123,124,125,127
128,129,130,131,132,133,134,135,136,138,10,140,139,275,285,286,288,290,311,200,329,73,81,94,231,123,237,239,251,125,126,127
128,129,2,130,131,132,133,134,136,135,266,139,140,285,286,288,290,291,173,189,70,199,201,207,217,121,123,124,125,126,127
128,130,131,132,133,134,136,137,138,139,140,285,286,287,288,289,290,291,59,65,218,233,107,122,123,124,125,126,127
5,9,27,312,313,314,187,316,317,190,191,186,194,324,197,326,327,200,329,199,203,201,202,205,207,208,209,210,212,213,214,215,106,242
10,16,275,311,312,313,314,186,187,319,191,192,194,324,197,327,200,329,199,201,202,205,206,207,208,81,209,210,212,213,214,215,216,222,231,237,239,251
5,312,186,314,188,187,316,191,317,190,319,194,324,197,326,327,199,329,328,201,204,202,200,205,207,209,80,210,208,212,214,213,216,215
5,312,314,187,316,317,190,191,319,193,186,192,324,194,326,327,197,329,199,203,200,201,202,205,208,209,206,207,212,210,214,215,213,216
256,258,259,260,145,287,315,316,187,318,319,191,322,323,194,197,199,328,200,72,201,205,209,210,213,214,215,89,221,236,245,122,126
5,136,145,312,313,314,186,187,316,317,191,190,319,189,194,324,197,326,327,199,329,201,203,204,202,205,207,208,209,210,213,214,215
256,257,258,260,34,312,314,315,187,317,318,319,191,322,323,324,194,197,199,200,328,72,74,201,202,205,208,209,210,213,215,89,221,236,248
256,134,138,275,283,312,186,187,316,317,319,191,322,323,194,197,327,200,329,73,74,199,201,202,205,207,81,208,209,210,212,213,215,216,94,231,251
138,275,312,186,315,188,187,316,319,191,192,322,323,194,197,326,71,200,329,328,73,202,199,201,205,207,209,208,210,212,213,214,215,221
32,167,315,316,189,187,188,317,190,191,323,195,192,326,199,200,201,328,71,327,202,205,207,208,209,210,322,214,215,217,244
256,313,315,316,188,317,318,319,187,322,323,195,191,194,197,328,199,201,202,76,205,208,209,210,211,213,214,215,217,221,230,245,122,126
137,275,152,283,46,312,314,187,316,188,317,319,191,322,323,194,324,326,197,328,329,200,73,199,72,201,202,205,78,207,208,209,213,214,210,216,215,94
5,9,266,43,312,313,314,187,186,317,189,190,191,194,324,197,327,200,329,201,203,199,202,205,207,208,209,210,212,213,214,215,216,231
256,266,283,167,314,187,316,317,188,189,190,191,319,194,197,326,199,328,329,201,70,202,205,207,208,209,210,213,214,215,217
283,34,186,314,187,316,188,190,317,318,319,322,323,191,194,326,197,328,329,200,199,201,202,205,207,208,209,210,82,213,214,215,94,241,244
256,257,258,3,260,134,267,287,51,315,187,318,319,191,322,194,324,197,71,199,328,201,202,205,209,210,213,215,88,89,221,229,230,236,245,122
256,271,18,312,313,314,187,317,318,191,322,323,324,194,326,327,200,329,67,203,197,198,199,201,202,205,78,207,208,213,209,210,215,96,110,242,251
261,269,283,31,186,314,188,187,316,317,320,190,191,195,323,197,326,68,328,329,69,71,205,79,209,81,211,210,214,86,87,88,89,215,98,106,109,244,116
269,283,34,312,314,186,316,187,190,188,320,317,322,318,191,197,326,194,328,329,195,199,201,202,200,205,207,208,209,210,212,213,215,216,244
312,313,314,186,187,316,317,190,191,194,195,324,196,326,327,197,329,199,203,204,328,201,202,200,209,210,205,212,206,207,208,213,215,216
138,32,186,187,188,314,190,315,316,317,318,323,195,191,326,192,328,200,329,194,197,199,201,207,321,209,202,204,205,208,214,210,213,215,122
5,265,9,148,176,183,186,314,187,188,317,191,192,194,195,197,326,199,328,201,202,204,205,207,208,209,210,212,213,214,215,227
129,2,135,275,38,314,187,316,317,189,190,186,191,194,323,195,196,326,199,200,201,329,203,328,197,202,205,207,209,208,210,212,213,215
280,289,34,291,182,186,187,316,188,190,317,318,65,189,191,194,197,326,195,328,329,199,201,202,205,209,81,211,210,213,215,101,107,127
259,283,312,186,314,316,187,190,188,320,317,318,191,194,197,326,199,328,329,200,201,202,205,207,208,209,210,211,212,213,214,215,216
259,289,41,186,187,316,317,190,191,66,195,194,197,326,199,72,201,202,204,205,207,208,209,210,211,213,214,215,216,217,107,119
256,261,262,266,267,269,271,18,284,51,187,191,194,67,197,198,199,73,201,202,205,78,80,81,208,209,210,85,213,215,88,96,103,106,246,248,249,251
128,129,278,285,314,187,188,186,191,321,194,195,196,197,326,199,328,201,202,203,204,205,207,208,209,210,212,213,215,216,225,111,114,117
129,132,278,285,312,186,187,191,321,193,195,196,323,194,197,328,199,200,203,201,202,205,207,208,209,210,212,213,215,216,89,111,112,114,117
256,138,145,287,314,315,316,187,188,318,319,186,322,323,191,194,326,197,328,329,200,73,199,201,202,205,207,209,208,210,213,214,215,216,236
256,138,140,275,312,186,187,318,319,191,322,323,194,197,199,200,329,73,202,201,205,207,208,81,210,209,212,213,215,216,231,236,237,239,251
2,259,137,289,290,166,53,186,59,316,187,190,191,192,194,195,68,326,199,72,328,201,76,77,205,209,210,211,213,214,215,216,103,107,119
5,186,314,316,187,188,317,320,190,191,195,324,197,326,194,328,329,199,201,204,202,200,205,206,209,207,211,208,210,214,212,213,215,216
256,1,129,283,186,187,316,61,317,190,191,321,194,195,323,197,326,199,328,201,202,204,205,207,208,209,210,211,213,214,87,215,89,232
256,5,156,46,314,187,188,316,317,191,320,319,186,189,324,69,326,327,321,329,194,203,197,199,328,201,202,209,205,207,212,208,214,210,213,215
256,138,10,275,28,46,305,312,186,187,188,316,317,190,319,191,194,323,197,326,199,200,329,74,73,328,201,202,205,207,208,209,210,213,214,215,216
129,9,138,273,278,285,288,291,186,187,316,191,321,194,323,195,196,197,199,328,200,201,203,202,77,206,205,207,209,208,210,212,213,214,215,114,244,117
10,138,16,275,40,42,177,311,312,187,188,189,319,191,322,194,197,327,200,329,73,74,199,202,201,205,207,81,208,209,210,213,215,231,237,239,251
256,257,258,260,275,34,312,186,315,316,317,318,319,187,191,322,323,324,194,326,197,328,200,198,199,201,202,205,207,208,209,210,213,215,89,122
256,312,314,187,316,317,318,319,186,191,322,323,324,321,326,194,200,328,329,203,197,199,201,202,205,209,207,208,212,213,214,210,215,216
269,25,283,47,314,186,188,187,316,319,320,317,190,191,194,197,326,199,328,329,201,203,202,205,207,208,209,210,213,214,215,216,244
129,43,314,187,60,189,317,186,191,193,194,324,325,197,327,200,201,199,203,202,205,207,208,209,210,212,213,215,216,222,231,234
256,129,261,271,18,278,159,34,312,314,187,317,191,194,323,68,67,197,198,200,199,201,203,75,202,205,78,208,209,210,212,85,213,215,94,96,110,242
259,268,31,186,187,316,319,191,66,195,196,197,194,199,72,329,74,328,204,201,202,200,208,209,205,211,207,210,214,212,216,213,215
259,148,176,183,186,314,316,187,188,319,317,191,194,195,197,326,199,72,329,328,201,204,205,202,207,208,209,210,211,212,213,214,215,216
256,5,314,187,316,317,191,319,194,323,324,197,326,199,328,329,200,74,201,202,205,207,208,209,210,211,213,214,215,94
129,261,278,301,52,186,187,316,317,191,321,194,323,197,199,200,201,202,203,75,205,207,208,209,210,212,85,213,215,216,94,95,104,111,114,117,250
5,9,314,187,316,317,190,318,191,320,322,194,324,197,326,327,199,329,201,203,202,205,207,208,209,210,211,213,214,215,98
10,16,275,311,312,186,187,319,191,322,194,197,326,327,200,329,73,202,199,201,205,207,208,81,209,210,212,213,214,215,216,231,237,239,248,251
0,129,3,12,289,34,60,312,315,187,316,318,317,190,319,322,323,324,195,326,191,328,200,194,325,327,199,201,205,209,210,213,214,85,215,223,122
256,138,16,275,312,186,187,319,191,192,322,323,194,197,327,200,329,73,74,328,199,201,202,205,81,206,207,208,213,209,210,212,215,216,231,237,239
256,134,138,140,275,312,186,187,319,191,192,322,323,194,197,199,200,73,329,74,202,328,201,205,206,81,207,208,209,213,210,212,215,216,231,237,239
256,257,258,262,312,186,315,187,318,319,191,322,194,324,197,199,200,329,328,201,202,205,207,208,209,210,212,213,214,215,216,89,221,236,248,122
5,283,312,186,314,187,316,317,191,320,190,319,194,324,197,326,327,325,329,199,201,204,202,205,207,208,209,210,211,212,213,214,215,106
129,278,283,285,186,187,188,316,317,190,191,192,194,323,195,196,326,197,328,199,200,203,201,202,205,207,206,209,208,210,212,213,214,215,216,244
5,43,312,313,314,186,187,317,191,320,194,324,197,326,327,199,329,201,203,200,202,205,207,208,209,210,212,213,214,215,216,222,234
271,30,43,314,187,186,317,189,190,191,193,194,324,197,326,327,200,329,199,203,328,201,202,205,207,208,209,210,212,213,214,215,224,237
129,261,277,54,312,314,186,187,191,193,194,324,325,197,327,200,329,199,203,201,202,205,207,208,209,210,212,85,214,215,213,216,109
135,138,145,150,287,187,315,188,319,192,191,194,323,197,326,199,72,329,328,202,201,75,76,207,208,209,205,210,213,214,215,216,236,244,126
260,269,275,283,39,47,48,185,187,315,188,317,318,319,192,322,323,195,194,326,328,202,205,208,209,210,213,214,215,89,221,245,122
129,266,10,275,53,312,314,186,187,189,191,322,323,324,194,197,199,200,201,327,329,202,328,205,207,208,209,210,212,213,215,216,222,231,237,239
128,129,265,266,279,43,314,187,186,317,191,194,197,198,326,200,329,199,328,201,202,205,207,208,209,210,85,214,213,215,225,234,238,110
279,283,32,182,315,187,188,317,318,319,189,322,323,195,191,326,71,200,328,202,192,197,199,201,205,208,194,209,210,213,214,215,221,244
256,129,269,18,282,283,315,187,188,189,191,192,194,323,195,196,326,67,328,200,202,199,201,205,208,209,210,213,214,215,221,96,244,122
128,129,22,23,27,42,314,186,188,187,316,317,320,190,191,195,323,192,326,321,328,194,199,201,202,204,205,208,209,210,213,214,215,244,123
256,261,270,15,275,313,186,187,318,191,322,323,194,197,71,200,199,201,202,205,207,208,209,210,212,213,86,215,93,95,100,111,112,242,116,126
259,265,268,275,289,172,313,186,187,316,317,189,191,192,66,195,194,197,326,199,72,201,202,204,205,209,210,211,213,214,215,216,217,107,119
256,34,300,312,314,187,315,317,318,319,320,186,322,191,324,194,197,327,200,328,201,329,199,202,205,207,208,209,210,212,213,214,215,222
129,5,312,313,314,187,186,317,191,320,192,194,324,197,326,327,199,329,200,203,201,202,205,206,207,208,209,210,212,85,214,215,213,216,231,234
128,129,132,19,278,285,314,187,186,317,191,321,193,194,324,197,199,328,201,202,203,204,205,207,208,209,210,212,85,213,215,89,240,117
256,131,140,271,275,156,34,43,46,312,314,187,186,317,189,319,191,194,323,197,327,200,329,199,328,201,202,205,207,208,209,210,213,215,231,239
256,275,312,186,187,318,319,191,322,323,324,194,197,327,200,329,74,73,202,326,199,201,205,81,207,208,209,213,214,210,212,215,216,231,237,251
256,258,138,10,275,312,315,187,188,318,319,189,191,322,323,194,195,197,71,200,73,329,328,199,202,201,205,208,81,210,211,209,213,214,215,221,237
269,283,53,186,314,316,187,188,317,190,191,194,195,197,326,199,72,329,328,201,202,205,207,208,209,210,211,213,214,215,216,118,255
129,278,285,314,187,186,317,190,191,192,193,321,195,196,194,326,197,199,200,201,203,202,205,206,207,208,209,210,212,85,213,215,216,117
128,129,261,266,275,285,314,187,316,317,190,186,191,192,194,196,197,326,198,199,329,200,203,201,202,205,206,207,209,208,210,212,85,213,215,216
256,129,1,18,282,187,316,188,190,189,191,194,323,195,196,326,67,328,200,74,329,197,199,201,202,205,209,78,211,208,213,214,210,215,96,112,122
256,258,267,145,287,315,187,318,190,319,191,194,323,322,325,324,197,200,328,327,199,201,205,209,210,213,214,215,221,236,122
266,275,167,43,173,312,313,314,186,187,189,317,191,194,324,197,70,199,200,201,327,202,205,207,208,209,210,213,214,215,217,222,231,117,121
9,186,187,316,315,188,317,191,192,194,323,195,197,326,199,328,200,202,72,201,205,208,209,210,213,214,215,216,217,221,122,126
