195,196,643,710,197,711,201,206,208,28,862,616,809,496,497,53,54,55,952,58,444,62
267,397,914,150,471,151,473,153,154,283,604,155,22,864,797,292,742,806,41,43,1069,567,379
832,323,643,131,902,1036,396,721,914,722,913,598,476,925,350,28,669,33,862,616,496,497,949,53,54,888,62
194,195,643,197,199,201,207,912,145,210,723,982,351,753,313,58,764,62
773,267,147,153,602,603,283,154,604,797,864,155,349,222,292,742,806,950,567,379,444
384,196,389,903,904,713,207,208,468,796,797,862,417,1062,806,1064,571,189,191
642,700,973,142,852,1045,213,278,343,281,860,861,161,870,422,360,743,362,934,812,685,175,1013,1084,1085
776,75,340,213,277,55,344,281,345,347,158,159,160,161,297,46,47,688,178,307,308,1079,52,375,310,314,315
704,705,706,707,708,70,715,267,331,337,403,28,862,33,37,429,496,381,51,58,380,701,702,703
640,515,139,140,147,724,34,35,743,177,50,179,756,757,57,636,638
516,139,140,460,335,147,349,57,34,611,299,302,175,177,179,756,757,883,759,632,633,634,635,639
640,515,139,140,335,147,724,34,35,743,177,50,179,756,757,57,636,637
194,195,643,197,199,201,713,207,912,848,723,739,741,750,753,53,58,764,62
194,195,643,197,764,199,201,713,207,912,210,723,598,1057,239,881,753,58,572,62
517,331,460,335,337,147,35,299,44,300,302,175,177,50,179,1075,56,57,635,382
517,331,460,337,147,35,299,44,300,302,175,177,50,179,56,57,382,639
847,211,344,347,348,349,799,800,801,223,227,228,170,108,109,494,812,493,178,1079
776,777,845,918,984,985,281,860,861,222,354,868,870,1073,314,317,316,1085
771,454,455,456,847,211,917,278,918,406,223,225,227,228,102,870,424,233,493,494,1072,1085,318
257,74,79,659,92,159,160,293,39,40,43,46,47,48,688,240,306,52,569,124,63
257,79,659,92,159,160,293,39,40,41,43,46,47,48,240,306,307,52,569,124,63
643,196,713,778,779,206,207,208,796,797,740,741,1062,806,1064,750,53,55,571,191
194,195,643,197,199,201,848,723,982,924,739,740,741,750,753,755,58,764,62
642,386,198,1044,469,534,1047,981,95,96,931,678,489,682,491,492,813,622,945,946,501,438,439
79,90,411,412,92,158,159,160,287,614,743,42,46,307,52,308,447
65,963,6,968,268,84,21,86,87,88,409,540,95,96,99,101,934,551,678,682,365,238,175,176,883
194,195,197,199,201,912,401,210,848,723,982,351,739,753,564,313,58,764,62
73,158,159,39,40,41,43,46,47,48,240,688,307,52,379,308,120,59,124
72,74,158,159,39,40,41,297,43,59,46,47,48,688,307,52,308,120,379,124
897,73,55,280,120,39,40,41,59,43,46,47,48,688,307,308,52,182,183,310,379,124
897,55,280,120,39,40,41,297,43,59,46,47,48,688,307,308,52,182,183,310,379,124
194,643,195,197,837,199,713,201,207,145,1060,741,740,1063,809,758,58,62
640,641,515,139,461,147,724,34,35,177,50,626,756,757,57,636,637
386,581,198,267,269,467,1044,469,534,1047,211,473,96,738,931,806,678,682,491,492,300,501
457,395,204,334,80,209,275,163,36,165,166,295,167,168,169,303,943,624,625,944,945,1082
194,195,643,197,199,713,201,207,912,848,723,982,351,352,881,753,58,62
322,847,211,918,278,344,223,225,161,227,228,102,39,488,233,40,493,494,495,1085
394,780,340,344,345,281,347,348,349,798,223,800,801,799,170,811,108,109,812,314
192,513,835,955,590,592,593,210,982,664,665,601,351,866,546,547,548,549,550,941,879,49,313,763
775,776,135,777,779,829,845,206,918,984,281,985,219,860,861,222,420,870,1073,314,1085
193,902,70,205,721,722,914,145,403,283,862,864,33,865,806,1063,809,107,54,758,888,379,380,381,831
394,780,781,340,917,344,347,348,349,798,799,800,801,170,811,812,109,108,178,1079,1084
394,780,781,340,917,347,348,349,798,799,800,801,170,811,812,109,108,1079,1084
340,344,345,346,347,348,349,799,800,223,170,108,109,812,178,1079
194,195,323,197,199,201,848,912,210,723,982,351,739,740,741,750,879,753,755,313,58,764,62
776,845,918,984,281,860,861,222,353,868,869,870,871,872,1073,314,1085,318
212,214,918,984,222,354,868,869,870,871,872,425,873,426,366,1072,1073,499,378,318
257,71,74,79,659,533,729,90,158,159,160,293,743,40,42,46,240,306,307,52,308,569,63
257,71,79,659,533,729,90,158,159,160,293,743,40,42,46,240,306,307,52,308,569,63
708,845,918,278,281,539,860,222,224,225,161,227,228,102,488,233,495,1073,375,765,766
71,280,183,120,159,160,287,41,43,46,687,47,48,688,307,52,498,182,55,308,310,59,124,447
453,917,214,215,919,353,354,868,424,425,426,499,376,377,378,316,317,318
66,258,259,644,328,910,911,336,1042,339,735,248,932,933,235,236,173,305,948,312,60,61,127
6,968,907,908,909,268,84,1022,99,100,101,934,232,810,365,366,1071,304,176,117,889,126
64,259,583,328,653,336,152,542,543,544,357,1000,236,173,948,245,566,312,443,60,127
766,918,281,539,860,861,222,224,225,161,227,228,102,488,233,495,1073,375,379,765,318
203,205,145,155,352,481,356,106,107,433,1074,243,436,502,122,123
203,205,145,155,286,481,356,551,106,107,433,243,436,502,122,123
65,1090,652,656,401,594,595,596,597,598,599,912,674,103,366,49,564
264,394,12,16,18,20,285,413,735,164,229,230,231,104,168,997,38,176,241,1013,501,1014
71,72,73,74,79,158,159,160,46,688,48,307,52,308,120,59
320,321,322,325,326,327,521,522,76,77,525,524,144,875,876,877,319
71,72,73,74,158,159,160,297,46,688,307,52,308,310,120,59
576,129,578,579,580,581,401,598,23,28,862,1055,929,674,547,616,554,496,497,54,889,890,62
71,72,73,74,158,159,160,297,46,688,48,307,52,308,120,59
71,72,73,74,158,159,160,42,46,688,307,52,308,120,59
453,845,917,215,919,860,861,353,354,868,423,424,425,499,316,377,252,317,318
1090,270,726,986,222,735,224,225,290,286,102,1062,488,361,998,750,495,366,1073,49,755,56
775,776,777,779,845,212,918,984,985,281,860,861,222,870,1072,1073,314,1084,1085
259,132,963,134,6,583,459,1038,1042,980,790,87,88,736,1059,296,236,175,304,247,250,127,445,446,511
1090,135,523,405,406,215,1050,735,224,545,166,103,361,811,812,366,111,175,689,114,304,113,49,371,1013,952,700
394,147,340,344,345,346,347,348,349,798,800,34,108,109,175,178,1079
320,321,322,325,326,327,521,522,76,77,525,524,144,875,876,877,319
845,918,984,281,860,861,222,353,868,869,870,871,872,873,1073,314,1085,318
845,918,984,281,860,861,222,353,868,869,870,871,872,873,1073,314,1085,318
521,522,76,77,270,847,144,787,788,213,789,211,344,345,347,348,349,223,227,228,233,875,876,877,493,494,1073
961,260,582,905,399,535,536,538,475,609,931,355,358,935,936,937,938,363,236,112,245,246
394,340,344,345,346,347,348,349,798,801,811,108,109,175,178,883,1079
132,574,585,459,846,399,80,414,415,926,162,615,616,631,880,247,444,445,446
256,385,386,389,468,149,148,150,151,862,352,747,748,749,751,752,241,118,119,189,190,191
71,73,75,90,159,160,297,46,47,688,48,307,52,308,310,120,59,124
257,961,964,79,659,216,729,90,287,293,422,743,40,297,39,47,48,688,240,306,569,124,63
704,705,706,707,68,69,708,1088,11,337,17,31,481,738,356,37,484,106,555,429,51,436,371,380,702
642,199,200,1033,1034,1035,404,1046,855,284,997,1001,1002,1003,620,1009,434,1074,373,374,1015,1016
193,386,389,203,148,149,150,151,155,352,740,106,107,748,749,747,750,751,752,755,122,123
193,203,267,205,145,468,153,154,155,283,30,286,352,862,106,107,433,567,123
195,643,197,709,207,912,210,595,723,594,982,598,351,866,239,881,753,564,313,58,763,764,62
71,72,73,74,92,158,159,160,297,46,688,307,52,308,120,59
832,65,577,580,581,201,912,401,723,596,597,598,599,350,351,674,103,616,49,753,564,313,507,764
1029,1030,1031,1032,969,976,977,18,80,20,794,987,795,859,990,545,616,235,827,125
963,964,965,271,272,83,84,85,86,87,88,89,1050,99,100,101,939
963,271,272,83,84,85,86,87,88,1050,97,98,99,100,101,939,255
963,968,271,272,83,84,85,86,87,88,1050,98,99,100,101,934,939,255
963,271,272,83,84,85,86,87,88,89,1050,97,98,99,100,101,939,255
963,968,271,272,83,84,85,86,87,88,89,1050,97,98,99,100,101,934,939,255
963,964,965,271,272,83,84,85,86,87,88,89,1050,99,100,101,939,255
963,964,974,83,84,85,86,87,88,89,99,100,101,232,939,366
3,707,263,14,143,284,413,94,545,165,38,229,104,230,231,997,748,621,1014
193,642,386,323,389,195,848,148,149,150,151,284,352,867,739,740,747,748,749,750,751,752,755
1029,1030,1031,1032,969,976,977,18,20,857,794,987,795,859,990,545,164,235,496,1013,444
0,1,2,4,8,9,10,13,341,24,25,26,91,93,480,172,175,371
390,135,970,206,531,532,600,984,985,163,420,42,556,557,558,111,563,116,307,52,700,829
1024,324,457,395,204,334,209,275,405,343,539,166,167,169,622,303,947,1082,828
324,457,395,204,334,209,275,405,343,539,167,296,168,169,303,945,625,1082,828
265,401,27,28,29,220,669,672,670,671,621,496,113,435,628,121,570
711,914,854,153,473,602,604,477,478,479,864,603,476,292,742,368,565,886,379,959
0,1,2,4,8,9,10,13,341,24,25,26,91,474,93,485,38,54
453,845,782,917,215,919,860,861,353,354,868,423,424,425,499,316,377,252,317,318
391,203,1035,15,145,849,22,155,481,356,106,107,433,243,436,502,122,123
963,964,965,83,84,85,86,87,88,89,98,99,100,101,939,366,255
963,964,83,84,85,86,87,88,89,97,98,99,100,101,939
67,260,582,966,586,588,910,655,662,537,609,355,358,935,936,105,937,938,497,246,249
704,387,68,69,11,718,337,17,273,852,469,342,283,608,481,738,484,37,806,555,51,371,380,381,702
322,847,211,278,918,344,345,223,225,227,228,102,488,233,40,493,494,495,1072
73,479,159,39,40,297,41,43,46,47,48,368,688,307,308,52,310,120,59,124
71,72,73,74,79,158,159,160,297,46,688,307,52,308,120,59
2,4,11,13,17,81,273,342,24,25,26,91,93,480,484,485,171,172,813,110,115,371,439
320,321,322,325,326,327,521,76,77,524,144,875,876,877,319
576,577,578,131,70,334,28,157,862,287,415,614,616,617,618,45,688,496,497,182,55,310,54,62
257,71,73,74,659,158,159,160,46,47,688,240,48,307,52,308,120,59
641,515,139,268,140,909,716,724,408,606,607,365,238,175,176,301,757,632,126,635,638,639
128,129,135,972,398,529,17,342,25,484,485,420,489,427,111,370,371,115,1013,829
514,515,259,392,393,137,138,460,141,335,146,147,34,35,296,236,302,177,50,179,756,757,57,639
382,68,1028,715,331,78,830,337,338,147,927,37,555,44,1070,177,51,372,311,56,57,958
454,7,136,266,458,396,15,721,82,27,28,29,30,33,745,1001,428,492,496,500,760,187,62
128,129,972,398,401,149,598,599,23,155,546,547,548,549,106,427,433,370,371,564
577,196,7,200,266,15,208,530,27,28,29,30,286,672,862,621,496,113,433,49,573,702
265,329,27,28,669,1054,670,672,671,29,121,220,30,286,621,496,113,435,437,1081
704,265,329,27,28,29,669,670,672,671,121,220,30,37,286,621,496,113,49,435,437,1081
1085,212,918,215,919,353,868,869,870,871,872,425,873,426,378,701,318
193,203,205,145,155,286,30,481,356,106,107,433,243,436,502,122,123
448,645,584,586,588,846,147,791,793,732,349,926,606,607,619,174,175,880,627,371,629,630,1012,883,571,573,574
522,148,149,150,151,472,153,602,603,604,797,284,352,292,740,742,806,747,748,1069,749,751,368,752,755,379
515,516,645,712,1033,202,393,140,147,19,34,35,1068,1004,1005,1006,1007,177,626,50,1008,1013,1010,431,632,756
0,1,2,4,8,9,10,11,13,463,17,341,26,91,93,485,115
193,203,1035,205,145,148,155,30,286,352,356,106,107,433,243,436,122,123,62
954,956,142,14,1042,726,278,32,353,226,931,1063,360,873,234,426,361,679,499,54,1081,378,316,318
515,712,202,268,140,147,408,410,95,96,678,551,682,365,238,175,176,626,756,757,638,639
832,203,205,15,912,145,723,155,28,29,30,351,352,286,350,107,433,753,313,764
212,214,919,215,253,353,868,869,870,871,872,425,873,499,185,186,1085,318
453,917,919,215,353,354,868,869,870,871,424,499,316,376,377,252,1085,318
192,258,583,328,336,1042,152,606,357,294,173,948,245,566,312,443,60,61
258,328,584,336,1042,152,606,357,294,619,173,175,948,566,312,443,60,61
64,258,583,328,905,336,475,357,294,236,173,948,245,566,312,443,60,61
704,771,843,271,213,1045,278,277,918,860,861,30,225,870,102,998,233,561,690,818,375,314,1085
640,641,515,139,461,147,724,34,35,177,50,179,756,757,626,57,634,636,637
641,515,516,140,335,147,35,299,176,177,626,50,179,633,632,57,634,635,638,639
640,641,515,516,140,141,461,335,147,724,34,35,299,302,177,626,50,632,57,636,637,638,639
260,582,966,839,971,655,661,535,536,537,538,609,355,931,358,935,936,105,938,246,249
322,327,845,270,277,918,406,344,345,538,281,860,861,222,223,224,870,102,40,812,884,1013,314,1085,318,319
643,196,710,713,207,208,918,796,797,740,741,1062,1064,809,53,55,571,191
386,389,527,468,149,119,730,221,862,417,676,1061,677,111,815,817,699,820,821,823,571,189,190,191
640,515,516,202,268,140,460,335,461,724,34,301,238,176,177,626,756,757,632,634,635,636,637,639
132,134,585,459,399,80,790,414,415,162,615,616,496,497,247,444,445,446
257,897,71,79,659,729,293,39,743,40,42,240,306,182,183,120,569,59,63
7,136,266,396,781,780,15,82,27,28,29,30,286,672,800,33,801,798,799,811,812,496,49,435,56,313,764
256,389,1033,527,467,468,862,676,677,823,111,815,817,306,1074,116,432,118,820,821,816,819,189,190,191
194,195,643,197,199,713,201,207,912,210,1057,239,881,58,571,572,62
194,195,643,197,201,713,207,912,723,925,1057,739,740,741,239,881,753,572,62
709,713,203,912,210,982,797,350,351,1057,866,1062,107,239,879,881,753,313,763,764,572
0,1,2,4,8,9,10,11,13,17,341,24,25,26,91,93,104,54
384,256,385,389,390,464,465,466,467,468,285,482,620,237,236,241,242,116
256,385,389,390,135,203,143,189,469,163,420,106,107,237,174,111,116,118,119,699,829,190
130,132,644,585,910,399,911,80,790,545,162,932,933,615,616,235,61,247,248,445,446
71,72,73,74,158,159,160,42,46,688,307,52,308,120,59
576,577,578,580,581,585,909,401,1042,598,599,23,925,350,221,32,33,547,549,616,496,564,570,62
135,72,520,74,206,531,984,985,158,287,159,420,42,46,111,307,116,52,308,59,700,829
71,72,73,74,79,90,158,159,160,297,46,688,307,52,308,120,59
192,258,583,328,336,932,357,294,173,948,245,566,312,443,60,61
130,132,134,585,459,399,470,1049,414,415,162,421,166,295,235,309,248,444
71,72,73,74,79,158,159,160,46,688,307,52,308,120,59
576,577,578,131,459,1038,334,56,32,617,618,44,45,688,497,496,307,247,120,445,446
260,582,966,586,588,846,655,406,727,537,475,609,355,358,935,936,105,937,497,246,249
330,204,334,399,80,209,275,163,36,165,998,166,295,679,168,169,303,943,624,625,944,945,946,1082,444
897,891,71,520,279,216,183,280,287,611,743,41,43,182,55,59,700,447
897,71,72,520,74,659,279,280,183,729,287,743,46,558,52,182,55,59,700,447
71,72,73,74,79,158,159,160,46,688,307,308,52,120,59
324,457,395,204,334,209,275,539,163,167,295,622,303,943,944,946,625,828
457,395,204,334,209,275,163,164,165,166,167,168,169,622,303,944,943,946,947,625,624,1082
395,204,334,209,275,539,165,295,168,169,167,622,303,943,625,946,947,944,624,1082
1091,132,133,134,585,330,459,399,790,414,415,162,615,616,175,309,247,445,446
1091,132,133,134,585,330,459,399,80,790,414,415,162,421,615,616,247,445,446
324,457,395,204,334,143,209,275,405,163,164,165,166,167,296,169,303,943,1082
322,772,775,776,845,918,344,281,219,860,861,222,354,870,40,1073,316,314,1084,1085
324,457,395,204,334,209,275,539,163,165,167,295,622,303,943,944,946,1082
453,917,919,353,354,868,869,423,872,873,425,424,871,499,378,316,317,318
203,909,526,402,469,285,96,481,356,806,106,107,490,942,238,176,433,243,436,501,123
902,330,716,722,147,340,277,344,345,346,347,348,349,161,34,108,109,175,887,178,309,949,1079,888,315
212,918,215,919,868,869,870,871,872,873,425,426,812,499,378,1085,318
704,705,706,707,68,708,70,69,963,330,267,715,80,337,852,153,154,155,283,608,37,429,567,380,703
640,641,515,516,139,140,461,147,724,35,301,177,626,50,632,57,635,636,637,638,639
515,516,517,138,139,140,460,141,335,147,21,35,301,302,177,626,50,1075,57,635,639
451,259,263,264,7,266,15,16,18,20,282,27,29,30,286,608,735,164,113,61
451,387,263,264,266,274,19,282,284,29,286,30,484,165,38,748,174,438,1014,441
11,463,81,17,273,25,480,484,485,489,171,172,813,110,115,439
257,642,68,267,79,849,914,19,659,342,153,154,155,283,797,806,759,1069,434,51,54,567,381
6,968,907,908,909,973,268,83,84,1022,88,1050,540,101,810,365,366,1071,304,176,117,126
391,203,205,15,145,402,22,30,95,352,481,928,226,802,106,107,367,243,244,502,122,123
963,964,965,271,272,83,84,85,86,87,88,89,98,100,101,939,366,255
64,66,259,963,583,88,152,735,31,1059,296,236,173,442,312,250,443,60,61,127
962,132,133,134,967,265,586,459,588,910,399,1042,794,795,414,415,607,418,235,619,435,247,445,446,511
897,71,520,575,659,279,280,729,287,743,43,560,182,183,59,700,447
256,384,385,389,390,464,465,466,467,468,534,285,482,237,241,242,116,501,118
324,457,395,204,334,209,275,539,163,165,166,167,169,622,303,625,946
387,451,1091,263,264,7,266,396,1036,15,274,403,282,283,796,476,28,29,27,33,30,490,236,54
387,451,263,264,266,1036,274,403,533,282,283,28,27,94,284,30,552,490,748,174,438,441,571
768,769,770,453,455,456,776,781,766,214,215,219,868,869,872,425,426,499,378,765,254,767
257,773,774,453,456,777,279,215,216,219,287,37,422,423,426,619,819,822,375,184,185,186,700,253,447
64,192,258,966,967,328,583,336,609,357,294,936,173,948,245,566,312,443,60,61
391,203,15,145,22,155,352,481,928,226,356,802,106,107,367,243,436,244,502,122,123,382
320,321,322,325,326,327,521,522,76,77,524,144,344,345,870,40,233,875,876,877,1085,319
320,321,322,325,326,327,521,522,76,77,524,144,344,345,40,875,876,877,319
320,321,322,325,326,327,521,522,76,77,524,344,40,233,875,876,877,319
320,321,322,325,326,327,521,522,76,77,524,144,344,40,875,876,877,319
3,390,14,143,274,403,19,26,413,94,545,229,38,230,231,997,104,1014,438,441
642,387,199,200,1033,1034,1035,274,403,19,1046,855,282,283,284,1001,748,749,620,434,373,374
642,323,199,200,1033,1034,14,274,404,855,282,156,284,33,484,1001,747,748,620,1074,373,374
832,835,1036,205,15,912,145,210,913,914,155,27,29,30,286,352,351,1057,433,49,881,313,764
768,769,770,578,394,12,16,849,340,346,94,223,290,424,168,169,428,109,500,376,187,252,766,767
256,384,390,143,465,466,467,468,469,284,285,482,806,490,749,237,241,242,116,373
322,772,775,776,845,918,344,281,219,860,861,222,354,870,40,1073,316,314,1084,1085
768,769,770,453,774,787,788,917,214,215,789,353,423,424,425,499,252,376,377,316,317,318,767
768,769,770,771,781,766,918,215,214,219,868,869,870,872,425,426,873,499,378,765,254,767
704,963,707,82,958,726,86,87,986,224,32,226,290,37,997,679,360,361,234,873,495,883,956,702
963,67,261,262,134,330,906,653,142,213,726,32,360,233,44,442,689,883,117,54,56,126,318
132,134,585,330,459,399,80,790,414,415,615,616,497,247,444,445,446
132,134,585,330,459,80,790,414,415,162,615,616,247,444,445,446
1029,1030,1031,1032,969,909,976,977,18,1021,20,404,857,987,990,608,1080,125,1087
320,321,322,325,326,327,521,522,523,76,77,524,144,875,876,877,319
320,321,322,325,326,327,521,522,524,77,76,144,40,875,876,877,319
709,716,912,210,723,595,725,982,350,351,863,866,879,239,753,949,761,313,762,763,764
704,453,212,214,215,919,219,354,868,869,423,872,425,426,424,499,185,186,253
454,455,456,777,780,781,214,215,219,798,799,800,801,423,424,425,426,499,184,185,253,254
833,450,449,519,265,329,333,401,220,1054,672,289,291,435,437,1081
211,277,918,278,917,281,344,222,224,225,228,102,870,488,233,40,365,495,240,315
768,769,770,771,772,773,774,781,217,218,425,1072,375,765,766,767
768,769,770,771,772,773,774,781,217,218,1072,375,765,766,767
768,705,769,3,770,390,774,14,143,274,403,413,94,229,38,230,231,1014,438,441,767
711,914,150,151,854,153,602,603,604,477,478,476,542,292,742,368,1013,950,379,381,959
968,202,511,268,973,974,84,408,409,88,540,934,551,365,238,176,126,127
704,705,706,707,708,68,70,957,337,853,986,37,814,51,379,380,701,702,703
704,132,585,459,399,80,414,415,162,615,616,309,247,248,444,445,446
193,390,200,1033,1034,1035,403,148,149,1046,855,150,284,352,740,741,747,748,749,750,751,752,755,373,374
576,577,578,579,580,581,583,328,1042,732,735,554,236,173,49,566,312,443,60,1021
576,577,578,580,581,328,1038,1042,732,735,554,173,49,629,566,312,443,60,1021
453,917,214,215,354,868,869,423,872,425,426,186,424,499,254,377,378,251,316,317,318
318,453,917,214,215,354,868,423,872,425,426,424,186,499,377,378,251,316,254
320,321,322,325,326,327,521,522,523,524,77,76,144,875,876,877,319
1089,1090,452,969,973,974,977,408,409,858,859,987,990,551,759,689,180,181,757,756,1078,1080,1087
320,321,322,325,326,327,521,522,76,77,144,875,876,877,319
641,515,516,517,140,460,335,724,302,626,1075,632,633,634,635,636,638,639
132,585,459,399,80,414,415,162,166,615,616,309,247,248,444,445,446
832,652,723,598,23,599,925,350,351,32,33,549,753,564,313,764,702
573,132,574,585,459,844,846,399,80,414,415,926,162,615,616,631,880,629,630,247,444,445,446
769,770,261,262,6,268,142,917,726,471,281,860,861,354,424,873,314,176,304,117,378,316,317,126
453,214,919,353,354,868,869,870,871,872,425,426,873,499,378,1085,318
640,641,515,139,140,141,147,724,34,300,301,302,177,1075,57,635,636,637,638,639
709,716,912,210,723,595,725,982,350,351,863,866,879,239,753,761,949,313,762,763,764
196,902,710,135,829,206,208,403,22,472,984,985,476,221,478,33,420,888,53,55,440,379,380,381,959
833,519,265,329,401,27,220,669,1054,670,672,671,28,486,487,621,942,496,435,121,126
265,220,669,670,671,672,121,995,103,807,808,621,431,496,49,113,435,628,1081
192,258,644,583,328,336,152,357,294,173,948,245,566,312,443,60,61
257,715,718,18,659,850,851,469,279,216,534,794,795,859,221,998,231,617,618,43,45,501,182,827,700
198,712,267,402,1044,469,534,1047,473,95,96,678,682,491,492,622,238,625,946,947,945,501,1082
256,384,390,143,464,465,466,467,468,276,285,482,163,420,749,237,111,241,242,116,829
192,258,583,200,1033,1034,1035,328,336,1053,312,613,357,490,1003,364,173,1009,948,373,374,1015,950,566,60
322,394,340,344,345,346,347,348,349,800,801,40,170,108,109,812,178,1079
394,340,344,345,346,347,348,349,223,799,801,108,109,812,178,1079
322,394,340,344,345,346,347,348,349,799,800,40,108,109,812,178,1079
394,340,344,345,346,347,348,349,223,800,801,799,108,109,812,178,1079
322,327,394,340,344,345,346,347,348,349,799,800,40,108,109,178,1079
768,770,453,773,455,774,787,788,917,214,215,789,353,423,424,425,499,376,377,252,318,767
768,769,770,453,781,766,214,215,219,868,869,870,872,425,426,873,499,254,378,765,318,767
963,964,511,973,84,85,86,87,88,89,1050,736,98,99,1058,101,418,874,363,939,366,249,127,255
132,134,585,459,399,535,727,1049,536,537,538,414,415,162,421,615,616,935,936,937,938,309,248,446
193,389,652,848,914,594,595,723,725,924,925,867,740,739,741,613,1069,750,239,241,754,755,753,881,764
576,129,644,1038,910,911,401,336,339,596,598,23,1048,1055,546,804,548,933,932,235,305,370,248,61
897,71,520,656,280,90,733,159,287,1056,805,743,999,744,690,307,52,691,182,183,694,699,1083,700,957,447
573,586,588,844,914,471,791,473,153,154,604,792,926,732,864,742,368,880,629,758,54,630,379,381,574,831
641,515,516,140,335,724,300,301,302,626,1075,632,633,634,635,638,639
641,515,517,460,140,141,335,724,299,301,302,626,1075,632,633,634,635,638,639
897,71,520,79,659,279,280,183,472,729,287,743,46,52,884,182,55,700,447
1030,7,1031,585,330,977,18,20,216,344,857,987,94,990,735,165,359,40,814,815,114,820,757,821,825,826
700,531,532,533,86,87,600,33,610,612,683,556,557,558,878,560,561,498,563,182,1020
710,518,265,401,220,669,670,671,672,288,621,496,113,435,628,121,570
517,270,340,277,724,344,345,346,347,606,607,161,635,299,108,109,812,300,175,178,883,1079,315,638
896,832,385,323,386,590,591,592,912,594,531,595,533,723,600,922,923,737,866,941,687,879,753,118,763,189
704,705,706,707,708,68,70,585,1034,337,852,23,28,862,37,429,496,49,497,438,54,441,380,701,702,703
0,1,2,4,8,9,10,13,341,215,24,25,26,91,860,93,172
322,394,340,344,345,346,347,348,349,799,800,40,170,108,109,812,178,1079
394,780,340,344,345,347,348,349,798,799,800,801,223,170,811,108,109,812,1079
704,705,387,708,707,68,266,267,337,274,403,852,855,282,995,37,997,1001,490,431,367,1074,951,701,702,703
963,964,965,83,84,85,86,87,88,89,97,98,100,101,232,939,366
640,641,515,517,139,140,335,147,349,34,35,175,177,626,179,756,757,57,636,637,638
256,389,1033,1034,464,468,532,149,23,981,855,862,865,806,237,1069,751,1074,118,54,189,190,191
1,8,9,10,11,17,273,24,25,480,484,485,489,171,172,813,110,115,439
453,774,783,784,786,917,214,215,353,423,424,425,499,252,376,377,316,317,318
453,774,782,783,784,785,786,917,214,215,353,423,424,425,499,252,376,377,316,317,318
964,453,455,456,782,783,784,785,786,917,214,215,353,422,423,424,425,499,376,377,252,318
768,769,453,455,456,782,783,784,785,786,917,214,215,353,423,424,425,499,376,377,252,318
768,769,322,771,772,773,774,770,327,845,344,217,218,347,345,861,40,1072,375,251,765,766
768,769,770,453,781,766,214,215,219,868,869,870,871,872,425,426,873,499,378,765,254,767
768,769,770,964,453,214,215,918,219,868,869,422,872,425,426,873,499,254,378,765,318,767
329,332,396,398,531,532,533,600,33,39,40,681,683,556,557,558,560,561,498,563,947,54,55,1020
453,1084,784,917,214,215,918,919,353,354,423,424,811,812,499,252,376,377,316,317,318
128,129,3,710,972,398,14,529,598,599,600,94,547,548,549,935,106,427,370,371,564
256,385,386,323,389,849,465,467,468,149,236,111,241,242,118,119,1078,189,190
256,385,386,389,276,149,865,1063,620,237,111,241,242,118,119,1078,189,190
322,394,340,344,345,346,347,348,349,799,223,40,170,108,109,812,178,1079
455,456,457,334,275,726,214,539,225,226,290,228,167,360,361,234,362,424,233,303,499,1013,956,318
832,652,912,401,596,597,598,23,599,925,350,351,546,547,548,549,103,753,564,120,570
1029,1030,645,712,969,1032,1031,1037,975,976,474,858,1052,990,1066,1067,1003,1005,1006,1004,1008,1009,1010,431
388,645,5,518,591,592,975,849,340,288,486,487,104,1066,430,369,503,504,1023
193,386,194,389,197,201,848,469,924,925,867,739,741,740,613,750,754,755,501,62
1025,837,903,904,914,796,797,416,417,673,1060,1064,684,886,887,54,758,571,699,831
1025,903,904,711,914,22,796,797,416,417,1062,1064,684,942,886,887,54,571,831
1025,902,903,904,711,650,914,722,796,797,416,417,1064,684,887,888,949,886,758,760,761,831
1024,257,79,659,405,215,729,293,39,40,42,236,240,48,306,118,1014,120,569,186,63
645,391,712,526,400,402,95,96,928,678,682,1003,1068,1004,1005,367,1006,1009,1007,1010,1013,1016
1025,902,711,650,462,721,914,722,854,730,476,416,673,417,1060,742,1064,684,888,886,758,760,831
954,1029,7,1031,1033,969,1034,396,273,27,28,669,990,30,672,866,552,940,941,621,496,113,628,121,762,955
1024,711,73,75,854,90,411,92,412,476,479,1051,604,602,603,477,478,742,39,684,47,48,124,368,828,959
3,712,907,1037,14,474,156,1052,94,608,104,1067,1068,1004,1005,1071,113,1010,1013,1014,374,438,441,125
577,578,129,644,648,910,911,528,401,398,339,596,598,23,1048,733,929,546,548,933,932,235,305,248,61
642,267,914,279,153,154,283,796,797,155,864,742,1064,759,748,1069,560,886,567,568,571,831
832,652,912,401,595,596,723,598,599,597,925,350,351,737,753,564,313,570,764
474,995,807,808,1001,1002,1003,1004,1005,1006,431,1008,1009,1010,1011,1007,1068,1013,1015,1016
135,776,777,829,845,206,918,984,281,985,219,860,861,222,420,870,1073,314,1084,1085
641,515,516,140,335,724,300,301,302,626,1075,632,633,634,635,638,639
640,516,139,461,147,724,57,34,35,177,50,179,756,757,632,633,636,637
256,385,386,323,389,145,466,149,862,1063,237,111,241,242,1074,118,119,1078,189,190
256,385,386,323,389,468,149,862,237,750,111,241,242,118,119,1078,189,190
256,385,386,323,389,848,468,149,862,107,749,111,241,689,118,119,1078,189,190
641,515,139,140,717,147,35,300,301,175,177,626,179,756,757,759,57,635,638,639
516,517,139,140,717,335,147,57,34,35,301,177,179,756,757,632,633,635,638,639
832,642,650,1036,398,912,914,595,531,862,863,1057,673,684,879,949,758,887,760,761,570,62,831
514,515,392,393,137,202,140,146,147,301,177,626,1075,756,757,634,635,638,639
897,71,520,79,659,212,279,280,729,287,743,52,182,183,59,700,63,447
833,965,519,329,265,332,333,27,28,220,670,1054,672,289,929,291,669,103,175,435,437,1081
322,1091,772,327,906,330,1038,406,407,344,345,986,346,347,414,415,36,422,679,870,41,40,43,233,444,1085
1088,771,701,459,334,1038,407,919,729,414,415,353,930,166,747,556,558,878,944,46,946,561,1013,247,444,445,446
960,963,964,965,968,511,974,83,84,980,86,87,408,88,1050,410,605,992,736,99,934,810,365,1086,127
644,967,586,588,653,654,661,662,736,418,419,1058,994,874,629,1017,1018,1086,511
448,840,1033,1034,1036,396,909,908,983,862,30,608,864,356,760,433,882,497,1076,885,54,1077,436,889,761,891,125
1,11,81,17,273,24,25,480,484,485,489,171,172,813,110,115,439
644,966,586,588,654,661,662,736,992,418,419,1058,994,609,874,629,1017,1018,1086
203,780,909,469,981,92,221,798,481,738,356,806,490,106,107,811,942,111,433,243,436,501,54,122,123
576,577,578,579,580,581,403,23,282,94,862,929,674,554,174,306,438,441,188
968,973,974,909,271,272,84,408,409,88,540,99,100,101,934,551,365
200,1033,1034,1035,849,404,1046,855,865,1001,490,1003,759,1008,1009,434,1074,1011,951,950,567
132,585,459,399,80,1021,790,414,415,932,615,616,631,235,247,444,445,446
193,203,205,145,148,155,350,30,352,286,356,106,107,433,243,436,502,122,123
257,71,72,74,79,90,158,159,160,293,39,40,42,46,306,307,52,308,569,63
203,205,145,155,30,286,352,33,356,106,107,496,433,243,436,502,122,123
384,256,389,390,464,465,466,467,468,276,285,482,749,237,241,242,116,190,191
776,777,779,845,918,215,281,219,860,861,222,354,870,1073,316,377,314,317,1084,1085
776,777,779,845,918,985,281,219,860,861,222,354,870,1073,316,314,317,1084,1085
458,527,851,853,986,676,997,998,677,1001,1003,814,815,432,1009,816,819,817,820,821,823,825,444
324,204,334,209,224,163,165,166,167,168,38,296,169,622,943,944,624,625,947,945,1082
71,72,73,74,158,159,160,46,688,307,308,52,310,55,120,59
67,260,966,971,655,727,537,609,355,933,358,935,936,105,937,938,497,246,249
257,711,659,854,473,153,602,604,477,478,479,864,673,603,476,292,742,368,565,379,959
256,385,386,384,389,464,465,466,467,468,285,482,620,237,1069,241,242,116
968,973,974,271,272,84,408,409,540,99,100,934,551,810,365,238
192,258,583,328,336,1042,152,357,294,236,173,948,566,312,443,60
1,9,11,973,974,463,273,17,81,480,484,485,489,171,172,813,110,115,371,439
963,776,275,277,918,88,860,222,224,225,161,228,102,488,233,495,1073,375,1081,315,318
256,384,385,389,390,464,465,466,467,468,285,482,613,237,241,242,116,189,190
256,464,465,466,467,468,404,1046,276,285,482,237,749,241,242,116,118,568,190
256,384,389,390,464,465,466,467,468,285,482,237,241,242,116,118,190
644,966,582,967,905,586,588,846,399,535,727,536,538,475,607,609,418,938,619,874,627,1012,1017,574
833,449,450,518,519,329,332,333,401,220,1054,671,289,291,437,1081,1023
576,960,581,584,846,1042,724,605,926,606,607,929,674,484,619,174,175,371,1012,883,638
1089,1090,67,452,6,907,268,918,664,408,409,987,857,858,859,551,938,1003,180,181,1080,1087
1033,1034,331,78,849,593,913,469,534,664,665,1048,987,28,862,927,483,613,37,552,496,951,54,311,758,381
340,344,345,346,347,348,349,799,800,801,170,108,109,812,178,1079
382,1028,68,331,267,78,830,338,147,311,927,483,37,1070,177,50,372,951,56,57,958
7,712,526,400,402,862,95,928,96,929,735,613,678,359,935,682,367,114,244,53,188
832,323,652,590,591,592,531,532,533,598,599,922,923,350,737,547,549,941,687,564,955
576,577,1024,579,580,581,648,328,265,1038,528,401,1042,978,220,733,670,929,674,33,554,628,566,1081
451,454,263,136,264,266,397,205,15,913,274,154,282,29,30,286,33,41,43,492,496,49,433,383
256,385,384,386,389,390,464,465,466,467,468,285,482,620,237,241,242,116
200,1033,1034,1035,713,207,849,1046,855,283,796,797,1062,1064,1003,1009,1074,434,571,191
640,193,1027,516,517,515,637,331,461,724,153,311,34,483,35,741,299,236,177,50,626,951,250,636,381
576,577,578,579,580,581,3,274,403,23,282,94,929,674,554,174,306,438,441,188
768,770,453,454,455,456,782,783,784,785,786,917,215,219,424,425,499,376,377,252,253,318,767
769,453,454,455,456,782,783,784,785,786,215,219,424,425,426,499,376,377,252,318,767
768,770,453,454,455,456,782,783,784,785,786,917,215,219,424,425,499,376,377,252,318,767
768,770,453,454,455,456,782,783,784,785,786,917,215,219,424,425,499,376,377,252,318,767
193,7,848,849,337,720,665,154,796,221,1053,867,739,613,741,740,364,685,61,950,568,381,62
514,392,393,137,138,140,141,460,146,147,35,301,302,177,50,756,57,635,638,639
768,769,770,261,262,774,199,142,270,213,726,1045,406,917,155,860,360,552,424,106,689,628,117,126,318
963,964,965,973,83,84,86,87,88,89,1050,97,98,99,101,934,810,939,366,304
194,200,1033,1034,1035,906,849,1046,855,153,154,283,292,1001,434,1074,371,950,759,440,381
386,643,848,914,723,725,924,925,867,739,740,741,613,1069,750,881,754,755,753,501,54
576,577,578,579,580,581,391,1038,15,400,22,928,929,674,802,481,554,367,243,244,122,188,382,383
768,769,770,453,774,781,766,917,214,215,219,868,869,872,425,426,378,499,254,377,186,252,765,318,767
833,450,449,388,5,518,519,333,220,1054,288,289,291,486,369,1015,437,1013,503,121,1023
256,390,135,206,143,529,530,17,1042,469,984,985,224,163,420,356,42,942,111,116,829
71,72,74,79,90,411,412,92,157,159,160,287,158,614,42,46,307,52,308,59,447
640,641,515,516,140,300,301,302,626,632,633,634,635,636,637,638,639
256,384,390,464,465,466,467,468,276,285,482,620,749,237,241,242,116,118
391,712,526,15,400,402,22,95,96,928,37,678,359,682,367,243,244,382
388,9,202,14,26,413,545,229,38,231,104,230,485,997,165,115,371,1013,1014
1029,1033,969,1034,265,977,220,669,670,671,672,996,807,552,1003,621,496,1009,113,627,628,1015,311,121,570,957
1029,1033,1034,969,265,977,401,220,311,669,670,672,671,996,552,621,496,113,188,627,628,1015,121,570,444,957
388,5,645,518,220,288,929,486,487,1066,1003,430,369,1009,1013,1014,503,504,1023
2,4,11,13,17,81,273,341,24,25,26,91,93,480,484,485,171,172,813,115,439
836,841,716,717,462,591,592,590,147,920,1051,476,349,34,611,683,687,560,175,177,759,1020
391,712,526,400,402,22,95,928,96,678,359,682,367,244,122,382
388,645,712,1037,273,474,1052,929,484,486,487,1066,1003,1067,1005,1006,1007,1008,1009,1010,430,503,504
388,645,712,1037,975,17,273,474,1052,929,484,486,1066,1003,1067,1005,1006,1007,430,1009,369,503
1089,1090,452,712,717,974,527,1042,408,409,987,796,735,928,802,551,759,365,431,180,181,823
1033,1034,1035,203,849,404,1046,855,865,1001,1003,759,1069,1009,1074,434,950,951,118
193,642,194,389,848,468,148,149,150,284,352,739,740,741,748,749,750,751,752,241,755
384,256,389,390,464,465,466,467,276,468,482,749,237,241,242,116
324,457,395,204,334,720,209,275,163,164,165,166,168,685,622,303,944,946,947,1082
324,457,204,334,209,275,539,36,165,166,295,167,168,622,303,944,624,625,947,1082
324,134,457,330,204,334,209,275,794,539,36,165,166,295,998,303,944,819,947,1082
324,457,395,204,334,209,275,343,539,163,165,166,167,296,169,168,622,303,943,624,625,944
1024,324,457,395,204,334,209,275,405,343,539,166,167,296,303,624,625,1082,828
324,457,395,204,209,275,405,343,539,165,167,296,169,168,233,303,1013
832,193,203,205,145,148,149,598,150,155,284,350,30,352,33,106,107,747,748,749,751,752,564,436
384,256,389,390,464,465,466,467,468,276,284,285,482,740,741,620,749,750,237,241,242,116
389,522,468,149,148,150,151,862,352,740,741,1060,747,748,749,750,751,752,755,189,191
256,384,389,464,465,466,467,468,285,482,620,237,749,236,241,242,116,118,190
71,90,411,412,92,157,159,287,614,743,297,42,46,307,52,59,447
515,138,140,460,141,724,21,34,35,300,301,302,177,626,50,1075,635,636,637,638,639
513,652,716,590,591,592,593,912,210,723,725,922,924,925,350,351,863,546,550,879,753,761,313
707,455,456,956,1042,917,726,348,30,481,226,290,354,360,361,234,243,502,183,122,123,316,317
1088,705,706,707,68,69,708,64,259,338,1042,31,37,743,173,1070,60,51,948,245,312,380,703
71,72,73,74,158,159,160,42,46,688,307,308,52,310,120,59
963,965,271,272,83,84,86,87,88,89,97,98,99,100,101,939,366
963,271,272,83,84,85,86,87,88,89,97,98,99,100,101,939,366
963,964,83,84,85,86,87,88,89,97,98,99,100,101,939,366
0,1,2,4,8,9,10,13,341,24,25,26,91,474,93,485,54
193,389,197,848,914,148,150,151,352,739,740,741,1064,809,748,1069,750,749,751,755,758,567
193,386,389,848,914,148,150,151,352,739,740,741,747,748,1069,750,749,751,755,501,54,758
193,389,197,848,914,148,150,151,352,739,740,741,1064,809,748,1069,750,749,751,755,758,567
576,577,578,579,580,581,388,648,528,23,793,732,929,674,554,629,503
576,577,578,579,580,581,388,648,528,23,792,793,732,929,674,554,629,503
322,327,776,847,211,277,344,345,346,347,281,225,227,228,870,40,233,493,494,178,1079,314,315,1085
576,577,578,579,580,581,388,648,528,23,792,793,732,929,674,554,1003,1009,629
576,577,578,579,580,581,648,528,978,979,23,793,732,733,929,674,554,629,506,508
582,844,588,846,791,792,793,732,605,926,880,629,630,631,573,574
844,846,910,791,792,793,732,926,936,937,880,629,630,631,573,574
580,907,908,844,909,1022,791,792,793,732,28,926,672,1071,880,496,305,629,1078,121,443,574
71,279,90,411,412,92,157,287,160,159,611,614,42,46,307,52,308,59,700,447
968,907,908,844,909,339,792,793,1048,732,28,926,993,97,98,934,1000,1071,880,304,496,629,1078,1022
206,848,16,150,151,472,153,154,22,797,863,738,739,867,292,236,1069,368,241,754,1013,379
576,579,580,581,654,978,979,980,23,732,992,929,674,554,629,505,506,507,508,511
576,577,578,579,960,581,510,653,846,654,978,979,980,732,541,992,929,674,554,505,506,507,509,574,511
576,577,578,579,580,581,960,653,846,654,528,978,979,980,732,541,992,929,674,554,630,505,506,507,509,510,511
576,579,580,581,648,654,528,978,979,980,23,732,733,929,674,554,505,506,507,508,511
833,449,450,518,519,329,332,333,1054,671,288,289,291,437,1081,1023
960,579,580,844,654,978,979,980,926,607,736,929,992,1000,554,619,431,627,630,505,507,509,510,511
576,960,579,580,518,844,980,542,926,736,929,607,992,995,807,808,554,431,1011,630,1016,507,509,510,511
960,579,580,648,844,978,979,980,926,607,736,929,994,992,995,807,808,554,431,1015,507,509,510,511
576,579,580,581,648,528,978,979,980,23,929,674,554,505,506,508,509,510,511
384,256,385,386,464,465,466,467,276,209,468,285,482,620,749,237,241,242,116
512,899,900,649,589,1041,657,1043,916,915,728,731,553,687,893,894,575
320,321,322,325,326,327,521,523,76,77,524,144,40,875,876,877,319
0,1,448,8,9,10,11,17,273,81,480,484,485,489,171,172,813,110,115
902,711,716,721,914,722,863,673,742,1064,684,887,760,888,949,886,567,758,761,831
576,577,578,579,580,581,846,23,793,732,926,606,992,929,674,607,616,554,629,630
711,854,471,22,473,154,153,602,603,604,476,864,797,477,478,292,742,1069,368,379,959
576,577,578,579,580,581,388,648,528,401,792,793,929,674,554,430,1009,503
711,854,471,22,473,154,153,602,603,604,478,476,797,477,292,742,1069,368,379,959
711,854,471,22,473,154,153,602,603,604,477,478,476,797,292,742,368,379,959
576,577,578,579,580,581,388,648,528,401,792,793,929,674,554,430,1009,503
576,577,578,579,580,581,832,648,528,401,596,597,23,732,929,674,554,564,629
323,389,711,914,468,119,989,478,673,1060,742,1064,684,887,368,242,886,567,758,118,699,189,190,831
323,389,711,914,468,119,989,478,673,1060,1061,742,684,887,368,242,886,567,758,118,699,189,190,831
711,717,914,959,796,797,734,476,864,673,477,478,567,742,684,887,760,368,692,886,759,568,758,831
1090,388,645,518,712,1037,402,1052,288,545,676,677,103,1066,1067,1003,1068,1004,1009,1010,1013,503
776,457,395,275,213,277,1045,344,278,345,347,539,161,225,228,167,488,233,108,812,303,178,314,315
446,844,846,791,792,793,732,926,607,880,629,630,631,573,574
844,588,846,911,791,792,793,732,605,926,607,619,880,629,630,631,573,574
833,449,450,518,519,265,329,333,220,1054,288,289,291,437,1081,1023
446,586,459,844,588,846,791,792,793,732,926,619,880,629,630,631,573,574
580,844,588,846,791,792,793,732,926,414,938,619,880,629,630,631,573,574
446,844,588,846,791,792,793,732,605,926,619,880,629,630,631,573,574
844,588,846,911,791,792,793,732,605,926,607,619,880,629,630,631,573,574
704,582,844,588,846,791,792,793,732,926,414,938,619,880,629,630,631,573,574
260,966,582,967,586,588,661,662,727,536,537,732,609,355,358,935,936,937,874,246,1017,1018
968,973,974,271,272,84,408,409,540,99,100,101,934,551,365,238
960,961,653,654,911,541,926,542,544,736,994,992,993,543,607,991,1000,630,1017
960,961,653,654,541,926,542,544,992,994,736,993,543,991,1000,619,629,1017
847,211,340,344,345,346,347,348,349,223,228,40,233,170,108,109,494,493,178,1079
960,961,582,586,588,653,654,732,541,542,543,736,993,994,992,544,991,1000,937,627,629,1017,1018
193,387,266,718,274,403,469,153,282,284,156,735,483,809,490,748,49,754,306,373,374,311,438,441
966,588,844,653,654,661,662,791,792,793,736,609,1058,994,418,419,1059,874,880,1017,1018
193,259,324,264,457,395,204,720,209,275,405,343,735,930,165,167,296,679,236,685,303,754,61,127
1025,196,903,904,520,208,529,530,531,533,598,599,925,350,29,416,33,417,867,1060,106,42,239,564,700
129,577,578,579,452,648,398,529,530,598,599,925,928,929,802,803,804,547,33,1001,427,370,371,1014,700
446,459,844,588,846,791,792,793,732,926,415,994,880,629,630,631,573,574
1026,843,610,611,612,683,556,557,558,559,560,561,562,563,878
832,835,709,713,1039,1040,207,912,595,913,723,982,351,1057,866,239,879,881,753,313,762,764,572
1026,843,651,610,611,612,683,556,557,878,558,559,561,562,563,560
1026,843,1043,610,611,612,683,556,557,558,559,560,561,562,563,878
1026,843,988,610,611,612,683,556,557,558,559,878,561,562,563,560,890
1026,843,610,611,612,683,556,557,878,558,559,561,562,563,560,747
512,836,841,589,719,1041,657,1043,915,916,728,675,553,687,882,697,891,1020,575
1026,843,1043,610,611,612,683,556,557,558,559,878,561,562,563,560
1026,843,988,610,611,612,683,556,557,558,559,878,561,562,563,560,890
1026,843,610,611,612,683,556,557,878,558,559,561,562,563,560,747
193,259,324,264,457,395,204,720,209,275,343,735,930,165,167,296,679,236,685,303,754,61,127
834,843,610,611,612,680,683,556,557,558,559,878,561,562,563,560,941,687
836,843,663,667,610,611,612,683,556,557,558,559,560,561,562,563,878,885
192,513,709,955,590,591,592,593,594,595,725,664,665,351,866,546,547,548,550,941,879,313,762,763
896,513,590,591,592,593,983,600,664,922,923,665,924,546,548,549,550,940,941,693,953,954,955
192,513,709,590,591,592,593,594,595,723,725,982,664,665,924,925,351,866,546,547,548,550,879,313,762,764
513,652,1036,590,591,592,656,593,725,664,665,922,923,924,925,351,546,547,548,549,550,955
652,590,591,592,401,593,596,597,598,599,725,664,665,600,601,925,924,351,546,547,548,549,550,564,570
832,652,401,596,598,599,664,665,924,925,350,737,546,547,548,549,674,550,564,570
832,652,590,401,596,597,598,599,600,601,924,925,350,737,546,547,548,549,550,564,570
896,590,591,592,593,531,533,600,664,922,923,665,925,546,547,548,549,550,940,941,687,955
1024,324,457,395,204,334,720,209,275,404,405,539,92,930,166,167,296,492,685,303,947,310,828
200,1033,1034,1035,404,405,1046,855,1001,1003,1004,1005,1006,1007,1008,1068,434,1011,1010,373,950,374,118,250,828
966,588,654,535,536,537,538,727,732,609,355,935,936,937,938,874,619,880,629
966,587,588,654,662,535,536,537,538,727,609,994,935,936,937,938,874,880,627
966,588,654,535,536,537,538,727,609,994,933,935,936,937,938,874,880,627,1017
260,966,727,535,536,537,538,926,607,609,355,358,935,936,937,938,627,629
590,591,592,983,600,601,922,923,546,548,550,940,941,693,953,954,955
512,836,589,1041,657,1043,915,663,728,667,731,612,553,170,687,885,1020,575
513,652,1038,593,596,725,598,599,597,664,665,924,925,737,546,674,547,548,550,549,570,955
256,384,389,464,465,466,467,468,276,862,482,620,237,749,1069,241,242,116,568,189,190,191
198,1033,1034,1035,468,855,153,862,865,738,293,806,1063,1069,1074,951,190,191
832,709,593,594,595,210,723,982,145,664,665,351,866,879,753,313,762,763,764
709,593,594,595,723,145,982,664,665,351,1057,866,37,879,753,313,762,763,764
709,593,594,595,723,596,982,145,913,664,665,351,866,879,753,313,762,763,764
704,709,593,594,595,596,723,982,145,664,665,351,866,879,753,313,762,763,764
709,593,594,595,723,210,982,145,664,665,351,866,879,753,313,762,763,764
640,641,515,516,140,335,147,300,302,626,50,632,633,634,635,636,637,638,639
640,641,515,516,140,460,461,335,300,302,626,1075,50,632,633,634,635,638,639
641,515,516,139,140,460,141,335,57,300,301,302,626,1075,632,633,635,638,639
129,194,195,201,844,398,401,339,596,595,1048,28,926,606,865,546,548,103,1003,496,305,630,570
642,199,200,204,973,974,720,405,534,214,867,934,169,620,492,622,238,944,241,946,947,751,373,374,1082
640,193,386,1027,516,331,461,465,147,467,403,724,153,311,34,483,35,236,241,50,177,381,951,636,637
644,966,584,586,588,910,911,654,606,607,736,994,932,933,938,874,627,1012,629,1017,1018
590,591,592,593,531,600,601,922,923,665,664,546,548,549,550,940,941,687,953,954,955
835,650,652,716,656,912,594,595,723,725,982,596,597,924,351,737,879,761,313,764,831
1033,1034,1046,855,865,738,740,741,806,1063,490,1003,1069,750,1009,1074,434,755,951,190
323,835,650,716,1036,717,913,914,797,286,864,1057,759,887,881,692,949,758,567,760,886,831
832,323,650,716,717,912,914,594,595,596,597,599,598,864,759,887,753,949,758,567,760,761,831
832,323,650,716,717,912,914,594,595,596,597,599,598,723,864,759,887,949,758,567,760,886,761,831
832,323,650,716,717,912,914,594,595,596,597,599,598,723,864,742,759,887,949,758,567,886,761,831
192,709,590,591,592,593,594,595,725,982,664,665,924,925,351,866,546,548,550,879,313,762,763,764
192,709,593,594,595,596,725,982,597,598,599,664,665,351,866,879,239,313,762,763,764
320,321,322,325,326,327,521,522,76,77,524,144,875,876,877,319
192,709,593,594,595,596,725,982,597,598,599,664,665,351,866,879,239,313,762,763,764
446,459,212,918,860,861,222,868,869,870,871,872,873,425,426,247,378,1085,318,445
832,652,401,595,596,597,598,599,23,925,350,737,674,546,548,549,564,759,570
832,401,595,596,597,598,599,23,925,350,737,674,546,547,549,548,564,759
193,391,203,205,15,145,22,155,352,481,356,106,107,433,243,436,502,122,123
71,72,74,90,411,92,412,157,159,160,287,158,611,614,42,46,307,52,308,447
832,648,912,401,594,595,596,597,598,599,23,929,674,546,737,548,239,175,564,759
832,648,912,401,594,595,596,597,598,599,23,929,674,546,737,548,879,175,564,759,570
128,11,463,273,17,19,342,24,25,283,484,485,489,171,813,115,371,1013,439
1026,843,668,610,611,612,683,556,557,878,558,559,561,562,563,560
512,836,841,589,1041,657,1043,915,663,728,667,612,553,687,885,1020,575
650,1036,716,717,914,1051,863,864,1064,759,887,692,949,758,567,760,761,886,699,1021,831
832,1036,912,145,210,723,595,725,982,351,737,866,313,879,239,753,761,762,763,764,831
832,709,1036,912,913,210,723,595,725,982,145,351,313,879,239,753,761,763,764,831
832,1036,652,912,210,595,723,725,982,351,866,879,239,753,564,313,762,763,764,62
832,643,652,1036,207,912,210,595,723,725,982,351,866,239,879,753,564,313,58,764,62
647,971,719,657,658,915,916,663,728,666,667,988,731,675,686,693,694,697,698
899,900,647,649,714,971,970,719,657,658,915,916,1041,728,731,988,667,675,697,894
646,647,649,714,719,657,915,916,663,728,666,667,988,731,675,693,694,697,698
646,649,714,719,657,658,915,916,663,728,666,667,988,731,999,690,691,694
899,900,647,649,714,971,970,719,657,658,915,916,1041,663,728,666,667,731,988,690,691
897,71,520,79,659,279,729,159,287,743,558,46,307,52,179,182,183,700,63,447
646,647,714,971,719,657,658,915,916,728,667,988,731,675,999,686,697,890
643,195,197,710,196,70,201,1033,1034,206,208,608,865,739,165,809,371,53,1013,1014,58,380,381,62
582,966,586,587,588,844,846,661,662,791,792,793,732,992,609,418,419,874,619,880,497,629,630,249,574
576,577,578,579,132,580,134,581,585,330,459,399,80,414,415,674,615,616,554,247,444,445,446
960,961,653,654,793,541,926,542,992,993,994,736,991,1000,936,938,627,629,630,1017,1018
960,961,653,654,911,793,541,542,926,992,993,994,736,543,991,1000,627,629,630,1017
837,717,914,722,855,730,989,673,1060,1061,1063,1064,809,568,684,942,692,886,887,758,54,831
971,591,592,657,719,915,916,663,728,983,667,988,731,675,680,686,693,694,695,696
834,714,719,657,915,916,663,728,731,988,667,610,675,680,686,693,694,695,697
840,1083,714,719,657,915,916,663,728,667,731,675,680,686,693,694,697,891
651,971,657,915,916,660,728,920,667,988,668,731,746,683,878,558,560,561,698
1026,646,714,971,651,657,915,660,916,920,666,667,731,988,668,999,744,746,683,560,690,691,698,890
651,971,657,915,916,660,728,920,667,668,731,988,675,746,683,556,558,878,560,698
66,451,259,263,264,266,15,274,20,282,27,29,286,735,608,30,164,113,61,127
576,578,131,205,80,145,533,30,286,674,617,618,554,106,45,107,433,436,310,120,700,1022
3,14,216,794,795,413,30,545,676,229,230,231,997,38,104,815,816,819,1014,825,827
3,14,216,794,795,413,30,545,676,229,230,231,997,38,104,815,816,819,820,1014,825,827
3,14,216,794,795,413,29,545,676,229,230,231,997,38,104,815,816,819,1014,825,827
711,650,716,914,722,863,1064,692,949,758,887,760,761,886,699,831
714,843,719,657,915,916,728,920,731,988,667,675,805,744,686,561,690,691,885,694,697,698
520,714,1034,971,719,657,915,916,728,920,731,988,805,744,690,691,694,1083
132,134,585,330,459,80,790,414,415,162,615,616,235,247,444,445,446
640,641,515,516,140,335,147,35,177,626,50,633,632,57,634,635,636,637,638,639
584,588,910,727,926,606,736,607,994,992,929,933,355,991,937,938,619,1012,629,1017
584,586,588,727,793,606,607,992,609,929,994,355,933,991,937,938,619,1012,629,1017,1018
833,449,450,519,265,332,333,401,220,1054,671,289,291,437,1081,570
576,577,578,579,580,581,388,645,648,528,401,596,598,607,929,674,486,487,554,1003,619,302,175,1009,503
3,14,18,20,413,545,676,677,997,229,230,231,38,235,814,815,816,819,820,822,1014,824,825,826,827
963,906,458,22,471,150,153,154,603,604,797,27,29,864,30,286,292,742,1064,368,760,434,950,440,379,124
512,896,899,836,841,714,777,589,915,663,728,667,612,1065,693,885,1020,894,895
899,836,841,714,777,651,657,1043,915,916,728,920,1065,746,683,557,560,563,698,1020,894,895
776,777,845,917,918,984,281,219,860,861,222,870,811,812,1073,377,314,1084,1085
320,321,322,325,326,327,521,522,523,524,525,144,875,876,877,319
320,321,322,325,326,327,521,522,523,524,525,77,76,144,875,876,877,319
320,321,322,325,326,327,521,522,523,524,77,76,525,144,227,875,876,877,319
832,194,835,713,1036,1039,1040,207,914,912,913,723,982,351,1057,866,239,879,881,753,764,572,831
714,590,719,657,915,916,728,667,731,675,680,686,693,694,695,696,1083,1020
714,651,657,915,916,660,920,728,666,667,988,731,668,675,746,683,557,560,563,698,1020
1025,902,903,904,711,721,722,730,863,417,673,1060,1064,684,887,949,54,886,888,761,831
714,590,719,657,915,916,663,728,667,731,675,680,686,693,694,695,696
1091,132,134,585,330,459,80,790,414,415,615,616,247,444,445,446
257,520,76,79,659,279,729,90,159,160,287,743,40,46,495,240,306,52,182,183,569,700,63,447
640,641,515,140,335,300,301,302,626,1075,632,633,634,635,636,637,638,639
640,641,515,140,335,300,301,302,626,1075,632,633,634,635,636,637,638,639
388,645,5,518,975,288,929,291,486,487,1066,430,369,1009,1013,1014,503,504,1023
647,714,971,719,657,658,915,916,663,728,667,988,731,675,680,686,694,697,1083
647,714,651,719,657,658,915,916,663,728,667,988,731,668,675,680,694,697,698,1083
650,1036,716,717,914,1051,796,863,864,568,759,887,692,949,758,567,760,761,886,699,1021,831
512,836,647,714,719,657,658,915,916,663,728,667,988,731,675,686,693,694,697
832,323,652,912,723,596,597,598,599,925,350,737,546,547,548,549,564
527,676,677,814,815,816,817,818,819,820,821,823,824,825,826
582,966,586,587,588,844,846,662,791,792,793,732,926,609,880,629,573,574
193,1033,1034,1035,849,468,855,472,153,154,283,796,797,862,865,292,613,806,364,1069,368,1074,565,950,568
832,650,1036,716,717,914,1051,863,864,759,887,692,949,758,567,760,761,1021,831
463,468,471,472,153,602,603,473,154,604,864,292,742,1069,174,565,757,54,568,379,124
463,468,471,472,153,602,473,154,604,864,292,742,1069,174,565,54,568,379,124,253
463,468,471,472,153,473,603,154,604,157,292,742,1069,174,368,565,757,54,568,379,124
212,918,919,222,868,869,870,871,872,873,425,426,812,378,499,314,1085,318
717,914,468,22,471,473,153,154,604,797,796,734,864,292,742,759,1069,565,567,568,699
323,650,1036,717,796,797,734,863,864,742,568,759,887,760,692,886,567,758,761,54,699,831
702,468,341,150,471,473,153,62,604,477,478,26,292,742,492,1069,368,565,54,568,379,574
1024,324,457,74,395,204,1038,209,275,405,343,539,92,167,42,46,303,688,124,307,308,310,120,569,828
320,321,322,325,326,327,521,523,524,525,77,76,144,875,876,877,319
512,836,714,657,915,916,663,728,666,667,988,731,675,680,686,693,694,695,697,698
650,716,717,656,849,914,797,734,863,864,1064,759,887,692,761,758,567,760,886,699,831
704,705,706,707,708,1088,70,80,337,865,37,429,496,444,380,701,702,703
834,900,839,840,1021,983,1051,611,882,1076,1077,885,889,890,891,892,893
1027,70,331,78,849,22,150,153,154,283,857,221,37,364,1070,368,51,758,311,379,380,381,62
704,705,706,707,708,68,70,446,80,337,37,429,497,247,380,701,702,703
704,705,706,707,708,1088,70,573,80,337,543,995,37,429,1006,380,701,702,703
956,142,272,958,917,726,20,29,226,290,869,230,360,361,234,873,426,233,1008,1013,62,1081,316,318
640,641,515,516,140,335,300,301,302,626,1075,632,633,634,635,636,637,638,639
640,641,515,140,335,300,301,302,626,1075,632,633,634,635,636,637,638,639
1025,902,903,904,721,722,914,730,863,416,673,417,1060,684,888,949,54,887,760,886,831
1033,1034,1035,458,849,1046,855,862,735,865,613,1001,490,1069,496,1074,434,950,951,374,381
1033,1034,1035,458,849,1046,855,862,735,865,613,1001,490,1069,496,1074,434,950,951,374,381
132,1029,134,1030,1031,585,458,330,1032,1033,969,976,851,669,672,998,615,616,1001,1003,432,1009,370,435,444,445
646,649,714,971,719,657,658,915,916,920,728,666,667,988,731,675,999
836,646,647,649,714,719,657,915,916,663,728,920,666,667,731,675,686,693,698,1020
897,898,901,838,842,591,592,657,1041,915,916,731,805,744,560,752,690,691,884,889,890,1021
897,898,901,838,842,714,591,592,657,915,916,920,731,805,744,690,691,884,889,890,1021,703
897,898,901,838,842,714,591,592,657,915,916,728,731,805,744,560,690,691,884,889,890,1021,703
1026,843,651,920,668,610,611,612,683,556,557,878,558,559,561,562,563,560
388,645,5,518,648,288,929,486,487,1066,1003,749,430,369,1009,503,504,1081,1023
194,643,195,837,197,201,650,716,848,914,730,154,989,739,741,1061,1063,809,942,886,567,758,54,831
641,515,516,140,460,335,301,302,626,1075,632,633,634,635,636,637,638,639
265,329,401,27,28,220,669,670,672,121,671,291,621,431,496,113,435,628,1081,570
265,329,401,27,220,669,670,671,672,121,28,291,621,496,113,435,1081,570
265,329,332,401,27,28,220,669,670,672,121,671,621,496,113,49,435,1081,570
265,329,332,401,27,28,220,669,670,672,121,671,621,496,113,435,628,1081,570
519,265,329,332,401,27,220,669,670,671,672,121,28,291,621,496,113,435,1016,1081,570
963,964,965,271,272,83,84,85,86,87,88,89,1050,97,98,99,100,101,939,255
641,515,516,140,335,300,301,302,626,1075,632,633,634,635,636,637,638,639
640,641,515,516,140,335,300,301,302,626,1075,632,633,634,635,636,637,638,639
899,900,646,649,714,971,970,719,657,658,915,916,1041,920,728,666,731,667,697
968,974,271,272,84,85,88,89,409,540,99,100,101,934,551,232,939,366
193,194,711,849,914,148,149,150,284,352,740,741,1064,809,747,748,749,750,751,755,758,886,54,831
582,966,586,587,588,844,846,791,792,793,732,926,609,937,938,880,629,574
676,677,814,815,816,817,818,819,820,821,823,824,825,826,827
676,677,814,815,816,817,818,819,820,821,823,824,825,826,827
968,907,908,973,909,974,401,409,540,934,551,810,365,1071,304,117,121,570,1022
322,772,782,783,784,785,786,787,788,789,344,345,347,799,800,801
834,839,840,591,592,1021,983,600,882,1076,885,693,1077,889,890,891,892,893
834,839,840,1021,983,610,680,941,882,1076,885,1077,889,890,891,892,893
768,769,770,771,772,773,774,845,781,784,344,217,218,860,861,1072,375,765,766,767
834,900,839,840,843,1021,983,1051,988,559,882,562,1076,1077,885,889,890,891,892,893
193,642,720,336,343,930,679,296,492,685,173,943,624,945,946,947,625,944,948,566,1082
193,642,328,720,336,343,930,357,679,296,492,685,622,943,624,945,625,947,946,944,173,948,566
834,900,839,840,719,1021,983,611,553,882,1076,885,1077,889,890,891,892,893
193,642,720,336,343,930,679,296,492,685,622,943,944,945,625,947,946,624,173,948,566
834,900,646,839,840,714,1021,658,915,983,1051,559,882,562,1076,1077,885,889,890,892,893
834,899,900,839,649,657,1021,1041,983,728,731,1076,885,1077,889,890,955,892,893,894,575
834,899,900,839,840,649,657,1021,1041,983,728,731,882,1076,1077,885,889,890,892,893
446,586,844,588,846,791,792,793,732,926,994,938,880,629,630,631,573,574
837,914,730,989,673,1060,1061,1063,1064,809,568,441,684,942,692,886,887,54,758
446,586,459,844,588,846,791,792,793,732,926,938,880,629,630,631,573,574
576,577,578,131,580,581,579,70,585,1038,674,931,615,616,617,618,554,45,1008,628,120,1081
453,781,782,783,784,785,786,787,788,789,347,223,800,801,799,424,108
322,772,782,783,784,785,786,787,788,789,344,345,347,799,800,801
769,770,780,781,782,783,784,785,786,787,788,789,223,800,801,799,109
769,780,781,782,783,784,785,786,787,788,789,223,800,801,799,108,767
769,770,771,772,773,774,845,781,344,217,218,346,345,861,347,422,40,1072,375,765,766
1025,902,711,903,904,721,722,914,730,863,416,673,417,1060,684,888,54,887,760,758,886,831
714,651,719,657,915,916,663,728,920,731,667,668,805,807,744,746,560,690,691,697,698
768,769,770,771,772,773,774,845,781,217,218,860,861,422,425,1072,375,766,767
768,769,770,771,772,773,774,845,781,217,218,422,1072,375,765,766,767
768,769,770,771,772,773,774,845,781,344,217,218,345,861,422,40,1072,375,766,767
768,769,770,771,772,773,774,781,217,218,422,1072,375,765,766,767
382,387,391,331,78,337,147,958,927,35,555,1070,177,50,51,372,179,311,57,830
194,195,389,197,1033,1034,1035,201,848,981,855,862,865,739,741,1074,951,62
768,769,770,771,772,773,774,845,781,217,218,860,861,422,425,1072,375,765,766,767
768,769,770,771,772,773,774,845,781,784,217,218,860,861,422,1072,375,765,766,767
769,771,772,773,774,845,781,344,217,218,346,860,861,345,347,422,40,1072,375,765,766,767
576,577,578,579,580,581,835,520,1083,528,656,980,23,793,733,926,605,1056,929,674,554,1070,627,507,699,957
256,389,1033,1034,981,469,855,862,865,738,439,806,489,237,813,751,1074,951,190,191
896,899,836,840,841,777,591,719,915,916,675,1065,693,697,891,1020,894,895
837,650,717,849,914,467,796,797,734,864,1060,742,1063,1064,809,568,759,887,760,242,692,758,567,886,699,831
834,900,839,840,719,1021,983,675,882,697,1076,885,1077,889,890,891,892,893
649,651,971,657,915,660,916,728,920,667,731,668,746,683,556,558,878,560,698
326,780,781,782,783,784,785,786,787,788,789,223,800,801,799,425,109
326,327,780,781,782,783,784,785,786,787,788,789,223,800,801,799,319
650,716,717,656,849,914,796,734,863,568,887,692,949,758,759,760,761,699,831
322,326,327,782,783,784,785,786,787,788,789,344,345,347,799,800,801,319
650,716,656,849,914,734,863,1064,692,949,758,887,760,886,761,699,831
394,780,781,786,340,344,345,347,348,349,798,799,800,801,170,811,108,109,812,1079
394,780,781,785,340,344,345,347,348,349,798,799,800,801,170,811,108,109,812,178,1079
772,780,781,340,344,345,346,347,349,798,799,800,801,170,811,108,109,812,178
780,781,783,785,786,340,344,345,347,348,349,798,799,800,801,811,108,109,812,1079
780,781,783,784,785,786,340,344,345,347,348,349,798,799,800,801,811,108,109,812,1079
899,836,900,841,649,657,1041,915,916,1043,728,731,1065,1020,1021,894,895
772,780,781,340,344,345,346,347,348,349,798,799,800,801,811,108,109,812,178,1079
896,899,836,455,456,841,714,777,778,779,781,591,657,915,916,1043,1065,1020,894,895
832,323,835,650,652,595,725,598,599,982,925,350,737,547,549,879,564,699,764
512,834,589,590,591,592,657,1041,915,916,1043,912,723,597,596,351,610,680,553,940,941,687,753,313
522,148,149,150,471,151,472,153,154,604,797,284,352,292,740,747,748,1069,749,47,368,751,752,379,124,126
257,193,71,79,659,729,411,293,743,39,40,47,48,240,306,565,182,568,569,124,63
71,72,74,79,90,411,92,412,158,159,160,287,614,743,42,46,307,52,308,447
320,321,322,325,326,327,521,76,77,144,875,876,877,319
773,775,776,777,778,779,845,918,215,984,281,219,860,861,222,421,870,424,425,426,314,1085
773,775,776,777,778,779,845,918,984,281,219,860,861,222,421,870,424,425,426,314,1085
773,775,776,777,778,779,845,918,215,984,281,219,860,861,222,870,424,425,426,314,1085
650,1036,716,717,914,734,863,864,742,1064,759,887,692,886,567,760,761,758,54,699,831
322,772,775,776,777,778,779,845,918,984,281,344,219,860,861,222,870,40,426,314,251,1085
772,773,775,776,777,778,779,845,918,984,281,219,860,861,222,870,424,425,426,314,1085
834,900,839,840,589,1021,983,667,1051,612,882,1076,1077,885,889,890,891,892,893
834,900,839,840,1036,1021,983,1051,882,1076,1077,885,889,890,891,892,893
1025,835,837,650,1036,652,716,1039,1040,913,914,722,725,1057,673,1060,684,239,881,758,888,761,764,572
204,334,720,209,405,534,930,166,167,168,169,685,622,943,944,624,945,947,946,625,1082
834,900,839,840,843,1021,983,1051,988,559,882,562,1076,1077,885,889,890,891,892,893
834,900,839,1036,1021,1043,983,1051,557,882,1076,885,1077,889,890,891,892,893
768,769,770,771,772,773,774,845,344,217,218,345,860,861,422,1072,375,765,766,767
1091,132,330,334,399,720,342,343,162,930,36,166,295,679,296,998,685,309,248,444
899,836,900,841,649,714,657,1041,915,916,728,731,1065,1020,894,895
836,651,915,916,149,150,151,668,746,683,747,556,558,878,560,752,561,563,751,749,1020
843,915,916,148,149,150,920,151,683,747,556,558,557,752,561,560,563,749,751,878,559,562,1020
966,582,967,588,654,399,727,535,537,536,538,992,609,355,935,936,937,938,627,1012
576,577,578,579,580,581,388,645,648,528,401,596,597,607,929,674,486,487,554,1003,619,430,175,1009,503
641,515,516,140,147,724,35,300,301,302,177,626,50,632,633,634,635,638,639
1024,324,457,777,395,204,209,275,404,405,215,217,218,184,163,167,296,303,688,47,569,252,376,185,828
896,899,836,841,590,591,592,912,915,723,596,597,595,351,675,313,1065,879,753,697,1020,894,895
897,898,901,838,842,1041,657,915,916,728,731,805,744,560,690,691,884,889,890,1020,1021,703
897,898,901,838,842,587,1041,657,915,916,728,731,805,744,560,690,691,884,889,890,1020,1021
832,323,652,912,595,596,723,598,599,597,925,350,351,737,546,753,564,313,570
843,657,915,916,920,668,746,683,556,557,558,559,560,561,562,563,878
514,517,392,393,137,138,460,141,146,147,35,301,302,177,50,635,638,639
896,841,843,590,719,610,611,612,675,683,556,557,558,559,560,561,562,563,878,882,697
71,72,74,90,411,92,412,158,159,160,287,614,42,46,307,52,308,59,447
832,201,912,401,723,596,597,598,982,599,595,351,674,546,548,879,753,564,313,764
256,389,1033,1035,715,718,850,851,469,534,855,216,221,865,738,806,998,490,1069,501,1013,951,1014
896,832,323,836,841,652,590,591,592,531,532,533,922,923,350,547,549,941,687,1020
704,705,706,707,68,69,70,448,387,267,718,273,338,852,283,608,484,37,1070,51,371,249,380,381
382,1028,331,78,337,338,958,927,35,555,1070,943,944,50,372,311,57,830
640,641,515,516,140,335,724,301,302,626,1075,632,633,634,635,636,638,639
642,198,71,204,1044,469,534,1047,538,860,736,1058,867,37,491,492,622,946,501,565,1082,574
1024,324,457,395,204,334,209,275,405,343,539,166,167,296,42,303,625,1082,828
643,714,719,657,915,916,920,667,731,988,675,805,744,1070,690,691,882,694,698
71,72,74,90,411,412,92,157,159,160,287,158,614,42,46,307,52,447
204,334,720,930,163,166,168,169,492,685,622,943,944,625,945,946,947,624,1082
204,334,720,930,163,166,168,169,492,685,622,943,944,625,946,945,947,624,1082
650,1036,717,849,914,796,734,863,864,742,568,759,887,949,758,567,760,886,761,54,699,831
1025,902,903,904,711,721,722,796,797,416,417,1060,742,1064,684,949,886,887,888,571,831
835,848,272,595,29,670,737,995,613,230,807,808,1002,431,1011,435,1015,311,1016,957
835,520,265,848,725,924,670,737,995,739,613,741,807,808,1002,750,431,1011,1015,1016,957
835,650,716,1036,717,656,849,914,913,734,863,759,692,949,758,887,760,761,886,699,831
775,776,845,212,918,984,985,281,345,860,861,222,344,347,349,870,1072,1073,314,1085
641,515,516,140,460,147,34,35,301,302,633,626,50,883,311,632,57,634,635,638,639
963,6,83,84,85,86,87,88,89,1050,97,98,99,100,101,232,939,366,304,255
67,260,971,653,654,655,661,662,541,991,992,1058,419,358,105,874,497,246,249,1018,1017
11,81,17,273,25,26,480,484,485,489,171,172,813,110,115,371,439
193,200,1033,1034,522,403,148,149,150,151,284,221,352,165,38,747,748,749,751,752,373,374,1014
512,771,455,776,456,394,589,1041,402,1043,979,726,290,226,361,234,426,553,170,687,499,377,956,318,575
512,776,394,589,1041,402,1043,726,281,860,226,290,360,361,234,426,314,170,553,687,499,378,318,575
968,909,974,973,271,84,87,408,409,540,97,101,934,551,810,939,304,511
265,329,401,220,669,670,671,672,121,291,621,496,113,435,628,1081
1027,387,331,78,398,830,849,311,927,483,1070,50,372,951,57,381,958,255
256,3,387,390,14,143,463,17,274,403,276,282,284,94,481,748,237,174,111,241,116,373
961,582,586,588,653,846,654,910,793,605,926,607,736,992,994,932,933,935,619,880,627,1012,629,1017,574
515,516,517,140,460,141,335,461,724,299,300,301,302,626,1075,635,638,639
520,584,586,588,844,846,653,910,911,654,791,792,793,605,926,607,993,994,933,937,619,880,627,629,574
72,74,468,150,471,472,473,153,602,604,158,864,292,742,59,1069,174,368,565,568,379
1025,902,903,904,716,721,722,914,730,863,416,673,1060,684,888,949,54,887,760,758,886,831
960,961,130,132,585,459,653,654,790,470,88,1049,541,991,992,162,421,615,247,442,445,446,511
676,677,814,815,816,817,818,819,820,821,823,824,825,826,827
676,677,814,815,816,817,818,819,820,821,823,824,825,826,827
64,66,259,258,963,583,511,336,83,86,87,152,790,88,357,236,173,443,60,61,127
64,66,259,258,965,963,583,511,336,86,87,152,88,236,443,60,61,127
64,66,259,258,583,511,653,654,336,152,88,541,357,236,173,948,312,443,60,127
130,132,134,585,459,653,654,399,790,470,88,1049,541,162,421,615,616,309,247,248,446,511
67,260,588,653,654,655,661,662,541,991,992,1058,419,355,358,105,874,246,249,1018
64,66,259,258,963,583,511,336,83,86,87,152,88,939,236,173,443,60,61,127
832,513,652,591,592,723,598,599,922,924,925,350,351,737,547,549,550,753,564
714,971,657,915,916,663,920,728,983,667,731,988,675,680,686,693,694,695,696,697,698
714,719,657,915,916,663,728,920,731,675,680,686,693,694,695,696,697
130,132,134,585,459,653,399,470,790,1049,542,162,421,166,615,616,295,309,248,442,444
130,132,653,399,470,790,1049,414,415,542,162,421,166,615,295,235,309,248,442,444
130,963,132,653,654,399,790,470,88,1049,87,86,541,414,415,162,421,615,235,248,442,511
64,258,259,66,963,583,511,653,654,336,88,152,541,357,236,173,948,312,443,60,509,510,127
200,458,1034,715,718,850,851,469,534,1046,855,216,221,739,741,613,998,1001,1003,492,1009,1074,501,373,951
387,196,200,1033,203,718,851,469,1046,855,23,216,534,284,221,613,1002,107,749,1009,1011,373,374,1015,1016
1025,902,903,904,711,722,730,797,416,417,673,1060,1064,684,886,887,888,831
1025,902,903,904,711,722,730,797,416,417,673,1060,1064,684,886,54,888,831
387,68,708,520,331,78,337,849,657,958,403,728,731,927,1056,37,44,1070,51,372,311,380,381,830
704,705,706,707,708,68,70,131,715,844,337,852,1051,28,926,862,37,616,429,496,497,630,54,379,380,701,702,703
704,705,706,707,708,68,70,1032,715,271,337,852,792,793,987,1051,414,37,938,429,496,818,379,380,701,702,703
704,705,706,707,708,68,70,267,715,337,862,37,429,496,497,380,701,702,703
704,705,706,707,708,68,70,1088,715,267,337,349,865,37,429,444,380,701,702,703
576,578,579,580,581,258,583,328,910,1038,528,336,1055,929,674,803,804,33,357,554,173,948,566,312,511
576,258,579,580,581,583,328,1038,910,528,336,1055,929,674,803,804,33,357,554,173,627,948,566,312,511
704,705,706,707,708,68,70,446,267,715,337,37,429,49,497,380,701,702,703
704,705,706,707,708,68,70,387,574,337,981,926,37,429,880,629,380,701,702,703
387,715,718,850,403,851,469,534,855,216,853,221,735,35,998,177,50,179,951,373,374,311,501,57,958
193,642,195,643,7,391,15,400,22,27,29,30,286,352,481,802,682,367,496,243,122,123,188,383
256,387,266,403,469,534,855,282,735,865,738,739,741,806,613,1001,490,1069,750,501,951
582,966,967,905,586,587,588,535,536,793,538,475,926,736,609,1058,418,936,937,938,874,1017
643,387,392,393,202,11,9,8,463,81,273,19,17,274,342,282,283,480,484,165,110,883,1014
388,5,518,645,202,220,288,929,165,486,487,1066,430,369,371,1013,1014,503,504,121
1033,1034,1035,849,1046,855,154,1053,613,1001,1003,364,1004,1005,1006,1007,1008,434,1010,1074,950,951,379
714,651,719,657,915,916,660,920,728,731,988,668,744,746,683,560,690,691,694,698
833,450,449,518,519,332,333,220,1054,288,289,121,291,621,437,1081
513,1036,652,590,591,592,593,725,664,665,922,923,924,737,866,546,547,548,550,549,762,955
576,65,577,578,580,448,581,585,401,596,597,598,599,23,925,674,103,616,554,49,564,570,509,510,511
1091,132,391,458,330,715,718,850,851,469,853,534,216,921,998,816,819,820,501,822,824,825,827,444
11,81,273,17,24,25,480,484,485,489,171,172,813,110,115,439
1033,1034,1035,849,853,1046,855,311,735,865,1001,490,1003,1074,434,950,951,381
200,1033,1034,1035,203,718,849,850,853,1046,855,921,735,865,490,1003,1009,1074,434,950,951
833,450,449,519,329,332,333,220,669,1054,288,289,121,291,437,1081
676,677,814,815,816,817,818,819,820,821,823,824,825,826
527,676,677,814,815,816,817,818,819,820,821,823,824,825,826
676,677,814,815,816,817,818,819,820,821,823,824,825,826
582,966,967,586,588,653,654,661,662,792,793,736,1058,418,1059,419,874,880,1017,1018,1086
676,677,814,815,816,817,818,819,820,821,822,823,824,825,826
676,677,814,815,816,817,818,819,820,821,823,824,825,826
676,677,814,815,816,817,818,819,820,821,823,824,825,826
676,677,814,815,816,817,818,819,820,821,822,823,824,825,826,827
676,677,814,815,816,817,818,819,820,821,822,823,824,825,826,827
646,649,714,719,657,658,915,916,728,920,666,667,731,988,675,999,697
676,677,814,815,816,817,818,819,820,821,822,823,824,825,826,827
899,646,649,714,971,970,719,657,658,915,916,1041,728,920,666,667,731,988,675,697
676,677,814,815,816,817,818,819,820,821,822,823,824,825,826,827
676,677,814,815,816,817,818,819,820,821,822,823,824,825,826,827
676,677,814,815,816,817,818,819,820,821,822,823,824,825,826,827
646,649,714,971,651,719,657,915,916,920,728,666,667,988,731,746,686,693,697
448,388,645,5,8,10,474,1052,93,929,486,487,1066,1067,430,369,503,504,1023
1025,837,711,722,914,730,989,673,1060,1061,1064,809,684,942,886,887,758,54,831
1025,837,711,914,722,730,989,673,1060,1061,1064,684,942,886,887,758,54
582,584,586,588,653,846,654,727,793,606,607,926,994,936,938,619,627,1012,629,1017,574
1026,843,660,610,612,746,683,556,557,558,559,878,561,562,563,560
1025,191,903,904,711,713,796,797,416,417,1062,1064,684,175,886,54,571,831
1029,1030,1031,1032,969,975,976,977,18,857,858,987,859,990,1080,1087
1029,1030,1031,1032,969,975,976,977,18,857,858,987,859,990,1080,1087
1025,902,711,903,904,462,722,854,730,1051,476,416,673,417,1060,1064,684,888,886,887,760,758,831
388,5,518,645,710,220,288,929,486,487,1066,1003,430,369,1009,1014,503,504,1023
388,5,645,518,220,990,288,929,486,487,1066,1003,430,369,1009,1014,503,504,1023
966,584,586,588,846,535,792,536,537,538,727,609,355,933,935,936,937,938,880
966,584,586,588,535,536,793,538,727,537,926,609,994,355,935,936,937,938,880,629
1033,458,1034,1035,1046,855,735,997,1001,1002,1003,1004,1005,1006,1007,1008,1009,1010,432,1068,951,1074,1015,1016
966,905,588,661,662,535,792,536,537,538,727,475,609,355,935,936,937,938,1017
1029,1030,1031,1032,969,975,976,977,857,858,987,859,990,1080,1087
133,1042,794,795,545,676,677,814,817,818,819,820,309,821,823,824,825,827
3,132,133,14,1042,794,795,1052,672,295,1067,815,816,819,309,822,824,825,826,827
707,1030,1031,1032,969,1033,1034,909,976,977,18,1021,20,404,987,990,608,104,1080,125
1025,837,711,914,730,989,673,1060,1061,1063,1064,809,684,942,886,887,758,831
582,966,586,588,910,654,535,536,793,538,727,537,926,609,994,935,936,937,938,1017
1025,837,711,914,722,730,989,673,1060,1061,1064,809,568,684,886,887,758,441,831
260,966,967,582,198,905,654,399,1044,535,536,538,475,993,609,931,355,358,935,1000,937,938,363,112,246
646,649,714,971,719,657,658,915,916,920,728,666,667,731,988,675,693,694,697,890
194,713,207,848,914,153,154,796,797,1057,739,740,741,806,1062,1064,750,368,881,755,758,571,831
834,900,839,840,1021,983,1051,988,559,882,562,1076,885,1077,889,890,891,892,893
1091,132,330,459,718,399,850,851,853,162,421,998,166,295,814,818,819,820,821,309,248,444
834,899,900,839,840,893,1041,983,1051,882,1076,885,1077,889,890,892,1021,575
258,644,584,910,911,336,606,607,543,932,933,935,936,937,619,173,627,1012,948,61,1017,573
960,644,582,584,588,910,911,605,926,606,736,607,992,932,933,1000,937,619,627,248
1091,850,851,853,855,921,986,676,677,998,814,815,432,816,818,819,820,821,817,822,824,825,827
644,582,967,966,586,587,588,844,846,791,792,793,732,926,418,938,880,629,1017,574
257,72,73,75,533,279,287,297,41,43,46,47,688,689,124,307,52,308,310,55,120,59,700,447
576,577,578,579,580,581,648,329,269,1038,528,733,929,674,932,616,554,174,1081,507,510
576,579,580,581,648,978,979,980,23,88,793,992,929,674,554,1003,1009,505,506,508,510,511
576,579,581,648,528,978,979,980,23,88,793,992,929,674,554,505,506,507,508,509,510,511
968,973,974,84,85,408,409,540,97,98,99,100,101,934,551,810,365,304
193,1035,715,718,850,851,469,534,405,216,855,221,998,1001,490,491,492,750,944,241,755,501,757,951
643,837,711,914,403,730,797,989,1060,1061,1063,1064,809,684,942,886,54,380,381
768,705,769,770,773,906,150,471,472,473,602,153,154,604,797,864,292,742,297,1069,368,48,434,440,379,767
513,590,591,592,593,531,600,601,922,923,665,664,546,548,549,550,940,941,687,953,954,955
204,334,720,930,163,166,295,168,169,492,685,622,943,944,945,946,625,947,624,1082
204,334,720,930,163,166,168,169,685,622,943,944,945,946,625,947,624,1082
204,334,720,930,163,166,168,169,492,685,622,943,944,945,946,625,947,624,1082
896,512,899,836,841,657,1043,915,663,675,1065,941,560,698,953,954,1020,894,895
324,204,334,720,930,166,168,169,492,685,622,943,944,945,946,947,624,625,1082
446,586,459,844,588,846,791,792,793,732,926,880,629,630,631,573,574
960,961,653,654,911,541,926,991,544,736,992,994,993,542,543,1000,630,1018
960,961,653,654,792,793,541,926,991,544,993,994,542,543,992,1000,936,880,1018
960,961,964,582,588,653,654,541,542,543,544,992,994,993,991,1000,937
644,584,653,910,846,911,654,606,607,993,994,932,933,935,936,937,1000,235,619,627,1012,629,61
260,966,967,582,905,586,588,654,661,662,537,475,609,993,355,358,935,1000,937,874,1017
966,967,582,905,588,654,535,536,538,475,736,609,993,418,1058,935,1000,937,936,938,1017
642,204,334,720,930,163,166,168,169,492,685,622,943,944,945,946,947,624,625,1082
896,590,591,592,593,531,600,664,922,923,665,925,546,547,548,549,550,940,941,687,953,955
968,973,974,271,84,85,408,409,540,99,100,101,934,551,365,238,304
128,129,3,972,398,590,592,401,14,731,862,94,548,549,935,681,106,427,370,371,564,955
1052,995,1001,1002,1003,1004,1005,1006,1007,1008,1009,1010,1011,1068,431,1015,1016,1067
995,1001,1002,1003,1004,1005,1006,1007,1008,1009,1010,1011,1068,431,1015,1016
920,995,1001,1002,1003,1004,1005,1006,1007,1008,1009,1010,1011,1068,431,1015,1016
995,1001,1002,1003,1004,1005,1006,1007,1008,1009,1010,1011,1068,431,1013,1015,1016
619,995,37,1001,1002,1003,1004,1005,1006,1007,1008,1009,1010,1011,1068,431,1015,1016
995,676,1001,1002,1003,1004,1005,1006,1007,1008,1009,1010,1011,1068,431,820,1015,1016
995,1001,1002,1003,1004,1005,1006,1007,1008,1009,1010,1011,1068,431,1013,1015,1016,827
272,995,230,1001,1002,1003,1004,1005,1006,1007,1008,1009,1010,1011,1068,431,1015,1016
272,995,230,1001,1002,1003,1004,1005,1006,1007,1008,1009,1010,1011,1068,431,1015,1016
712,995,1001,1002,1003,1004,1005,1006,1007,1008,1009,1010,1011,1068,431,1013,1015,1016
458,995,1001,1002,1003,1004,1005,1006,1007,1008,1009,1010,1011,1068,431,1015,1016
458,1034,995,1001,1002,1003,1004,1005,1006,1007,1008,1009,1010,1011,1068,431,1015,1016
995,676,807,808,1001,1002,1003,1004,1005,1006,431,1008,1009,1007,1011,1010,1068,820,1015,1016
902,711,904,903,721,914,722,153,959,478,673,1060,742,1064,684,888,949,886,887,760,758,761,831
838,1036,717,462,657,914,983,1051,889,863,759,560,1076,885,1077,949,760,761,890,1021,831
968,973,974,271,84,85,88,409,408,540,97,98,99,100,101,934,551,366,304
968,973,974,909,271,272,84,408,409,540,993,99,100,101,934,551,1000,365,304
891,840,841,1083,590,591,592,915,600,601,922,923,548,553,940,941,882,953,954,955
1029,1030,1031,1032,969,975,976,977,18,857,859,987,990,286,1080,1087
704,1029,1030,1031,1032,969,975,976,977,857,858,859,987,990,1080,1087
1029,1030,1031,1032,969,975,976,977,857,859,987,990,1080,1087
1029,1030,1031,1032,969,975,976,977,857,859,987,990,1080,1087
704,1029,1030,1031,1032,969,975,976,977,857,859,987,990,1080,1087
1029,1030,1031,1032,969,975,976,977,857,859,987,990,1080,1087
1029,1030,1031,1032,969,975,976,977,18,857,859,987,990,1080,1087
836,1019,841,590,591,592,657,915,916,663,728,681,298,683,941,560,1076,1077,890,955,1020
576,577,578,579,580,581,388,648,584,528,978,793,732,929,674,554,1003,430,1009,1012,629,503,1081
192,258,583,328,648,336,528,1042,735,357,294,173,948,566,312,443,60,61
204,334,148,149,150,151,153,154,603,602,604,797,284,352,292,164,742,747,748,1069,749,751,368,752,379,959
644,966,967,587,588,653,654,661,662,793,732,736,609,1058,994,418,419,874,629,1017,1018
644,966,967,586,588,654,661,662,732,736,609,1058,419,994,992,418,874,629,1017,1018
650,1036,716,717,721,914,1051,797,889,863,864,1064,568,887,435,949,758,567,760,761,886,1021,831
382,1028,68,331,267,78,337,338,958,311,927,483,37,299,44,300,1070,429,51,372,951,56,830
590,591,592,657,915,916,1043,600,601,922,923,546,548,550,940,941,557,563,953,954,955,1020
900,893,590,591,592,657,1041,915,916,600,601,731,548,940,941,1077,953,954,955,1021,575
960,961,588,653,654,792,793,541,926,991,736,993,994,992,933,936,1000,880,627,629,1017,1018
960,961,588,653,654,792,793,541,926,991,736,993,994,609,992,936,1000,938,880,627,629,1017,1018
960,961,588,653,654,792,793,541,926,991,992,993,994,736,1000,936,938,880,627,629,1017
960,961,844,653,654,793,541,542,926,992,993,994,736,607,991,1000,938,880,629,1017
643,7,266,12,914,339,792,856,94,484,485,745,428,366,880,1009,500,693,187,380,573,574
643,7,266,12,1039,914,339,983,856,792,94,484,485,745,428,366,500,693,694,187,380,957,574
640,641,898,643,7,266,12,1039,914,594,339,983,856,605,94,745,428,500,693,694,187,636,637
640,641,898,643,901,7,266,396,12,914,339,983,856,94,872,745,428,500,693,694,187,636,637
130,132,134,330,459,399,470,1049,415,162,421,998,166,295,814,816,819,309,822,248,825,444
832,835,1036,1039,1040,913,912,723,286,351,1057,881,761,758,949,313,764,572
898,643,901,266,12,1039,914,339,983,856,792,94,484,485,745,428,366,500,693,694,884,187,380
382,1028,331,78,718,830,337,338,147,927,555,1070,372,311,56,57,381,958
0,1,2,4,8,9,10,13,341,24,25,26,91,474,93,485,1080
382,1028,68,331,715,267,78,830,338,147,311,927,37,1070,177,372,951,56,57,381,958
963,964,965,968,973,974,271,83,84,85,88,89,409,540,99,100,101,551,939,366,255
963,964,965,968,973,974,271,83,84,85,87,88,409,540,99,100,101,551,939,366,255
963,964,965,968,973,974,271,272,83,84,85,87,88,409,1050,99,100,101,551,939,255
965,968,973,271,272,83,84,85,86,87,88,1050,98,99,100,101,939,366,255
968,973,974,909,271,84,408,409,540,99,100,101,934,551,939,365,304
71,72,73,74,158,159,160,743,46,688,48,307,52,308,120,59
961,964,995,1001,1002,1003,1068,1005,1006,1007,1008,1004,1010,1011,432,1009,431,1015,1016,1013
835,837,650,1036,716,1039,1040,913,914,656,725,1056,1057,673,1060,684,239,881,758,761,764,572
1030,7,1031,330,977,18,20,533,216,344,794,922,795,857,94,735,987,990,38,359,114,306,499,757,373
642,198,1033,269,910,1044,534,1047,473,538,860,678,682,491,492,622,945,946,947,501,565,1082,574
198,391,712,526,15,400,402,22,95,96,928,802,678,682,367,122,382
448,835,520,652,656,594,595,725,22,733,1056,737,867,741,807,808,103,1002,1011,692,1015,1016,570,1083,957
391,712,526,400,402,22,95,96,928,678,682,367,243,244,122,123,382
391,712,526,15,400,402,22,95,96,928,802,678,682,367,243,244,122,188
1029,1030,1031,1032,969,975,976,977,857,858,859,987,990,1080,1087
1029,1030,1031,1032,969,975,976,977,857,858,859,987,990,1080,1087
1029,1030,1031,1032,969,975,976,977,857,859,987,990,30,1080,1087
391,712,526,400,402,22,95,96,928,678,682,106,367,243,122,123,382
130,132,585,459,399,470,790,1049,415,991,162,421,166,615,295,309,248,442,444,446
1025,835,713,1036,716,1039,207,913,912,723,725,982,351,1057,239,879,881,753,758,761,764,572,831
1029,1030,1031,969,1037,975,977,857,474,987,1052,858,990,1067,1080,1087
1029,1030,1031,1032,969,1037,975,977,857,474,987,1052,858,990,1067,1080,1087
1029,1030,1031,1032,969,1037,975,977,474,987,1052,858,990,859,1067,1080,1087
834,590,591,592,657,915,600,601,922,923,610,548,680,940,941,687,953,954,955
512,835,1036,589,1039,1040,913,914,1041,1043,726,351,1057,553,170,687,239,881,758,761,572,575
960,582,584,586,588,653,846,911,605,606,926,736,607,992,993,1000,937,619,627,1012,629,1017
899,900,646,649,714,971,970,719,657,1041,915,916,920,728,666,731,988,675,697
960,961,653,654,911,541,542,926,992,736,993,994,544,543,991,1000,630,1017,1018
576,577,580,907,908,844,909,791,792,793,732,28,672,1071,880,496,1074,629,1078,630,117,121,573,1022
577,580,907,908,844,909,1022,791,792,793,28,672,1071,880,496,1074,629,1078,630,62,121,573,574
512,899,900,649,589,1041,657,1043,916,915,728,731,988,553,687,893,575
590,591,592,657,915,600,601,922,923,546,548,940,941,953,954,955
590,591,592,657,915,728,600,601,923,922,889,546,548,940,941,953,954,955,1020
67,260,586,588,653,654,655,661,662,541,992,355,419,358,105,874,497,246,249,1018
644,584,586,588,910,911,541,606,991,994,932,933,935,936,937,235,305,627,248,1017,61
3,899,1019,970,590,591,592,14,531,915,600,922,923,667,94,681,298,940,941,1076,697,955,894,895
512,835,837,1036,589,1039,1040,913,1043,982,351,1057,553,687,881,758,761,764,572,575
960,961,653,654,910,792,793,541,542,543,544,993,994,736,992,991,1000,936,1017,573
645,712,202,404,1046,342,1016,431,735,104,1002,1003,1004,1068,1005,1006,1008,1009,1007,1011,1010,1013,374,1015,950,115
641,515,516,140,335,34,35,301,302,626,1075,632,633,634,635,638,639
582,584,586,588,653,846,910,732,926,606,607,544,993,933,1000,937,938,619,627,1012,629,1017
644,582,966,967,905,586,588,654,661,662,792,793,736,1058,994,418,419,874,629,1017,1018
130,67,260,586,654,655,271,661,662,88,992,1058,355,419,358,105,874,497,246,249,1017
0,1,2,4,8,9,10,11,13,17,341,24,25,26,91,860,93,172
449,450,265,401,27,220,669,670,671,672,621,496,113,435,628,121,570
193,1035,203,849,726,855,279,153,1053,735,867,613,490,1003,364,1069,568,1009,1074,373,950,951,374
1091,132,330,459,399,851,853,470,415,248,162,676,421,998,166,295,814,816,818,819,820,821,309,824,825,444
453,782,783,784,785,786,917,214,215,353,423,424,425,426,499,252,376,377,378,251,316,318
1091,132,330,459,715,718,850,851,853,790,855,469,534,216,921,414,415,421,998,615,501,247,444,445,446
509,66,259,963,581,583,328,511,336,1042,978,979,88,1050,236,366,566,507,312,506,443,60,61,510,127
580,581,134,583,328,585,459,395,1038,336,1042,415,929,1059,615,616,250,236,173,175,948,566,312,506,445,446
641,515,516,517,140,335,724,300,301,302,626,1075,632,633,634,635,638,639
452,391,712,202,526,15,400,402,22,95,928,96,802,481,359,367,243,244,122,123
576,577,578,579,580,581,391,15,22,792,928,481,802,994,554,682,367,243,502,1017,122,123,188,383
64,395,1042,661,662,152,991,736,993,1058,1059,418,419,1000,874,236,304,1017,250,60,1086
449,833,519,329,332,333,401,88,27,220,1054,543,672,289,291,550,437,1081,570,572,511
1029,1030,1031,1032,969,975,976,977,857,859,987,990,487,1080,1087
512,589,575,1041,657,1043,915,916,726,728,731,553,170,557,687,560,563,1020,895
11,463,17,273,81,342,25,480,484,485,489,171,172,813,110,115,371,439
11,17,273,81,342,25,480,484,485,489,171,172,813,110,115,439
10,11,17,81,273,25,26,480,484,485,489,171,172,813,110,115,439
128,11,17,273,342,480,484,485,489,171,172,813,110,115,371,1013,439
128,11,273,17,81,342,25,480,484,485,489,171,172,813,110,115,371,439
576,11,463,81,17,273,929,484,485,489,171,172,813,174,175,110,115,371,439
771,772,773,774,845,212,344,345,218,347,860,861,222,223,1055,102,233,1072,1073,752,884,310,375,377,124
0,1,2,4,8,9,10,11,13,463,17,341,26,91,93,172,115
0,1,2,4,8,9,10,13,463,17,273,341,26,91,93,485,172,813,115
0,1,2,4,8,9,10,11,13,463,17,341,26,91,93,489,115,54
0,1,2,4,8,9,10,11,13,17,273,341,26,91,93,489,115,439
145,212,918,214,919,281,215,860,868,869,871,360,873,362,425,234,872,378,426,618,617,499,184,314
833,450,449,519,265,329,332,333,220,669,1054,288,289,291,437,1015,1081
449,450,833,518,519,329,332,333,669,1054,288,289,291,437,1015,1081,1023
581,844,846,791,792,793,732,926,880,497,629,630,631,573,574
962,1091,458,331,334,718,850,851,20,853,855,921,1053,735,997,998,490,432,309,822,951,248,827,444
1,11,463,17,273,342,25,480,481,484,485,489,171,172,813,110,115,439
385,386,131,323,134,905,907,908,401,189,1022,792,793,27,220,926,1071,880,1078,118,190,445,126
576,578,258,580,581,583,648,328,1038,528,401,336,1055,929,674,803,804,33,357,294,554,173,948,566,312
520,650,716,717,656,849,914,796,797,734,863,864,737,568,759,1070,887,692,758,567,886,699,831
323,837,902,650,1036,716,1039,1040,914,722,863,673,1060,684,888,949,758,887,760,761,886,831
963,964,965,968,974,83,84,85,86,87,88,89,1050,97,98,99,100,101,934,939,255
453,212,214,215,919,219,354,868,869,423,424,425,872,426,499,376,185,186,253,318
449,450,833,388,518,519,333,857,859,1054,288,289,291,486,437,504,1023
704,705,706,708,68,70,330,267,337,852,343,920,88,860,222,37,422,39,743,40,429,51,947,380,701,702,703
1088,704,705,707,68,708,70,69,267,715,80,852,413,31,37,229,429,51,823,826,380,702,703
646,649,714,719,657,658,915,916,920,728,666,731,988,675,999,697,890
391,712,526,400,402,22,95,96,928,678,682,367,243,244,122,123
962,1090,452,712,969,1037,23,474,1052,375,928,802,38,1066,1067,883,244,822,1014,827
71,72,73,74,75,90,158,159,160,297,46,688,48,307,52,308,59
258,259,583,328,458,718,336,1042,1016,735,357,294,1002,236,173,49,114,1011,1015,1013,374,951,373,948,566,60,61
391,712,526,15,400,402,22,95,928,96,481,359,367,243,244,502,122,123
833,449,965,519,329,265,332,333,87,1050,220,670,1054,671,289,103,939,175,49,437,1081
513,709,594,595,723,725,982,351,866,298,879,239,753,313,762,763,764
1033,1034,1035,718,464,849,855,862,735,865,741,490,759,1074,434,118,951,381,190
258,583,328,336,535,536,537,538,727,357,294,935,936,173,948,245,566,312,443,60
704,708,68,458,267,715,718,337,850,851,852,469,534,855,216,853,735,37,998,1001,432,501,951,701,703
1029,1030,1031,1032,969,975,976,977,18,857,859,987,990,1080,1087
71,72,73,74,158,159,160,42,46,688,307,52,308,310,120,59
2,3,4,8,9,10,14,16,147,91,413,545,229,38,230,104,231,997,371,1013,1014
1091,132,458,399,986,413,248,545,162,997,998,229,230,231,1002,1001,421,295,432,309,822,1014,1016,827,444
520,279,280,729,90,411,92,412,157,287,614,743,42,46,52,182,183,700,447
960,582,588,844,661,662,792,793,607,736,992,1058,994,418,419,1059,609,874,1017,1018,1086
576,579,580,581,582,588,978,979,980,23,88,793,732,929,674,554,506,629,505,250,508,1086,511
458,853,986,676,997,998,677,1004,1005,1006,1007,432,1008,1010,1011,816,1068,814,817,815,825,444
847,344,345,346,347,348,349,223,800,227,170,108,109,494,812,493,178,1079
768,705,770,3,769,773,390,1033,12,14,143,274,403,531,922,284,156,94,30,38,748,438,374,441,767
640,641,515,516,517,137,460,140,204,335,461,724,34,996,299,302,626,1075,50,632,634,636,637,638,639
191,903,904,711,713,717,914,796,797,417,673,738,742,806,1064,1062,759,684,241,242,886,758,118,571,831
1089,1090,452,645,712,202,216,735,995,1001,1066,1068,1004,1005,1006,689,49,1010,180,181,757,823,1013,508
1089,1090,452,645,712,202,1037,216,474,995,1001,1066,1068,1004,1005,1006,689,49,1010,180,181,757,823,1013,508
833,450,449,388,5,518,519,333,220,1054,288,291,486,808,1011,437,503,1016,1023
576,577,578,579,580,581,391,1038,15,400,401,22,1055,928,481,674,802,554,367,243,244,502,122,188,383
65,652,912,594,595,596,597,598,599,723,351,929,674,103,239,49,564,313
1025,323,903,904,205,592,529,530,600,922,155,33,680,553,106,556,557,558,623,687,878,433,561,1083,700
1091,709,134,330,593,594,595,664,665,351,866,867,741,615,879,309,762,763,444
204,334,720,930,163,166,295,296,168,169,492,685,622,943,944,945,946,947,625,624,1082
257,71,72,74,79,659,92,158,159,160,163,612,293,743,40,39,42,46,307,52,308,569,63
391,712,526,400,402,851,22,95,96,928,678,682,367,244,122,123,382
897,898,901,838,71,520,842,287,805,743,744,884,182,183,700,447
382,68,69,391,715,331,15,402,958,22,928,481,802,37,555,44,367,243,244,179,56,57,122,830
711,391,15,914,22,150,153,154,283,797,864,928,481,802,292,742,123,367,368,243,244,886,758,502,122,379,382
9,11,463,17,273,81,24,25,480,484,485,489,171,172,813,110,115,439
