1,3,5,133,135,137,266,11,13,16,146,20,22,30,158,32,34,35,37,170,43,44,45,304,51,52,54,58,189,64,196,324,325,199,201,202,213,214,87,88,217,218,89,222,95,229,232,233,234,237,127
262,135,7,272,16,146,22,151,280,28,158,31,32,160,163,165,38,168,42,43,46,48,50,51,180,309,53,56,57,58,60,61,63,192,67,325,73,202,329,76,206,208,210,214,87,90,219,221,229,102,233,105,236,245
3,135,7,9,10,141,15,16,274,146,22,151,152,24,155,28,29,158,32,34,163,165,293,166,167,297,42,43,172,47,50,51,179,182,313,58,187,316,317,63,65,196,69,198,202,203,205,210,213,87,217,220,94,227,238
3,7,266,143,15,16,18,146,22,154,158,31,32,289,160,163,38,168,42,46,48,50,51,53,312,56,57,187,60,317,189,319,64,321,322,320,324,325,61,327,67,71,205,209,213,214,215,87,217,219,221,236
3,5,135,7,137,10,266,12,13,19,20,22,30,158,32,289,33,35,36,37,167,40,43,44,45,304,51,52,53,54,189,62,64,194,66,325,199,329,201,214,86,87,88,218,89,222,230,231,233,234,237,251,127
3,4,266,12,16,275,20,22,24,28,158,32,34,35,163,39,43,47,51,55,312,58,316,189,319,63,194,322,324,325,196,199,198,205,207,209,210,213,214,215,216,217,85,87,89,223,104,233,236,239,118,249,122
0,1,5,6,7,9,265,13,15,19,276,155,30,158,32,161,163,37,168,43,44,45,304,50,51,180,53,54,57,58,187,62,63,64,66,194,68,198,71,85,215,87,90,222,224,230,105,234,106,238,117
0,1,3,5,134,264,11,13,15,16,17,146,18,21,22,26,155,27,158,159,32,160,33,163,36,165,37,168,42,44,45,304,51,54,192,65,64,202,208,214,87,94,225,227,229,233,238,252,253
261,7,9,266,267,10,16,20,22,151,152,24,154,28,158,32,35,163,293,166,295,167,297,42,299,171,43,303,50,179,51,312,58,187,316,319,64,63,69,198,327,72,75,205,209,210,213,215,87,226,104,238,249
0,5,134,135,8,266,11,12,10,16,146,20,22,281,26,28,157,158,32,289,163,39,42,43,175,51,54,58,59,188,189,63,192,64,66,196,324,325,199,198,329,202,208,210,214,87,218,227,231,233,234,237,118
259,5,7,135,137,11,13,270,19,275,277,278,23,155,158,32,163,37,43,44,45,51,54,58,64,194,66,195,197,325,75,206,81,214,87,218,93,222,224,228,101,230,231,104,105,234,122,237,109,240,115,116,120,250,251
1,5,13,16,17,146,20,22,23,27,28,30,32,34,35,163,37,42,43,44,49,180,52,57,58,316,317,189,319,64,192,63,324,199,201,203,207,208,82,213,215,87,88,89,218,222,229,232,234,238
256,258,5,7,13,279,282,155,158,30,32,33,34,163,37,168,43,44,45,49,51,54,58,62,64,321,194,66,324,68,71,74,77,82,210,213,214,215,87,89,90,222,224,230,105,234,116,247,121
3,5,135,7,137,10,11,12,9,13,16,275,22,151,28,158,32,163,37,42,43,44,51,54,311,58,59,63,194,67,196,197,325,200,329,202,205,81,210,214,215,87,217,218,223,230,231,104,233,235,237,109,251,127
1,3,261,8,266,12,13,15,16,20,278,22,23,27,28,30,32,33,34,35,163,37,168,44,49,52,58,59,61,63,64,321,194,68,71,72,203,209,82,85,213,88,89,218,121,227,229,232,111,112,117,249,250
0,3,4,5,7,135,12,13,16,20,22,24,28,30,158,32,161,34,163,39,168,42,43,175,304,49,47,51,55,58,62,63,64,194,329,207,82,213,214,85,87,222,224,100,101,233,234,237,239
5,6,135,7,9,266,13,270,15,20,21,155,30,158,32,163,37,43,44,45,304,50,51,54,187,62,64,194,66,68,198,71,329,73,214,86,87,222,224,101,230,105,234,237,238,114,115,244,117,121,250,251
3,5,134,135,137,11,13,146,20,283,157,158,32,289,163,36,37,39,43,44,45,174,175,49,50,51,54,58,59,192,64,66,324,325,69,202,74,203,205,208,210,214,87,215,218,230,233,234,235,118,119,127
3,5,6,7,137,267,12,16,145,20,158,287,32,289,288,31,163,38,168,46,48,50,51,53,54,312,56,188,189,60,319,64,61,322,67,324,325,199,72,329,213,87,217,219,221,222,223,97,230,234,236,237,127
3,5,135,137,10,12,13,270,16,275,20,22,151,156,158,160,32,163,37,43,44,45,49,51,53,54,311,58,64,194,66,325,329,202,205,81,210,213,214,87,215,218,222,230,231,233,234,235,237,251
5,7,136,265,266,9,10,15,16,17,22,282,155,28,158,32,163,42,43,49,50,51,54,58,187,317,63,64,321,194,68,198,71,74,203,77,82,87,90,222,224,249,229,231,234,106,238,114,116,117,121,250
0,1,3,4,135,137,10,12,15,16,275,22,24,27,156,28,158,160,34,163,39,168,42,43,47,51,311,55,58,189,63,321,194,196,325,199,329,202,73,209,81,213,214,87,216,217,223,233,237,239,251
129,3,132,5,135,7,137,10,266,12,275,20,278,154,155,158,31,289,162,163,43,304,50,51,53,54,56,57,60,189,61,64,194,67,196,325,329,202,83,214,87,217,218,222,231,105,234,237,111,240,112,117,251,127
258,260,263,264,265,266,13,142,282,283,284,158,32,163,44,51,58,64,68,69,198,71,74,75,76,77,205,79,80,81,210,84,86,87,88,89,215,120,121,98,106,107,109,241,244,116,119,248,249,123,252,253,254
5,261,7,264,266,267,268,270,18,275,283,158,32,163,44,51,58,68,69,325,71,74,75,205,207,80,81,210,84,214,86,87,88,89,215,94,97,98,104,106,109,241,242,243,244,116,120,249,250,251,253,254,127
256,257,258,262,7,264,266,269,270,277,278,151,282,283,158,32,163,44,51,58,68,69,70,71,74,75,205,79,80,81,210,84,86,87,88,89,215,120,94,97,98,104,106,107,109,243,244,116,248,249,250,251,253,254
258,260,264,11,13,270,22,282,283,284,158,32,163,166,43,44,51,58,187,68,69,70,71,74,75,202,77,205,79,208,81,210,86,87,88,89,216,215,92,120,98,99,101,105,109,241,244,116,119,248,249,250,251,253,254
257,258,260,5,262,264,265,266,11,269,270,22,283,158,32,163,44,51,58,187,68,69,325,71,74,75,202,205,77,208,81,210,84,214,86,87,89,88,215,98,101,106,109,241,243,244,245,116,120,249,251,252,254,127
257,258,7,10,11,267,270,16,275,277,278,151,280,158,32,163,51,58,68,69,325,198,71,73,74,202,75,205,80,81,210,214,86,87,89,218,88,215,98,101,104,106,109,115,244,116,246,119,120,121,250,251
256,257,258,261,7,264,265,268,269,270,15,282,283,284,155,158,32,163,291,51,58,194,68,69,70,71,198,74,76,77,79,81,84,86,87,88,89,92,93,97,249,105,106,109,242,243,244,116,247,248,121,250,253,254
256,258,264,265,269,279,282,284,158,32,163,43,44,51,58,191,68,69,70,198,71,74,75,76,77,205,79,208,81,210,84,86,87,88,89,215,92,97,98,105,106,109,241,114,244,116,247,248,121,253,254
258,7,264,265,266,13,277,282,283,158,32,163,44,51,58,64,68,69,325,71,72,200,74,75,77,205,80,81,210,84,213,86,87,88,89,215,120,97,98,249,122,106,107,109,241,243,244,117,116,248,121,250,253,254
260,261,135,264,266,270,277,282,283,158,32,163,44,51,58,68,69,70,71,74,75,77,205,81,210,86,87,88,89,215,92,248,97,121,98,104,106,107,109,241,243,244,117,116,119,120,249,250,251,253,254
257,259,260,263,264,10,11,270,16,277,278,280,283,158,32,163,44,51,54,58,68,325,71,73,74,75,205,81,210,214,86,87,89,218,88,215,97,98,101,231,104,106,109,237,115,244,116,119,120,250,251
256,258,262,264,265,11,269,273,282,284,158,32,163,43,44,51,58,68,69,70,198,71,74,76,77,205,79,81,210,84,86,87,88,89,215,97,121,98,106,107,109,241,114,244,116,119,248,249,252,253,254
256,258,262,264,265,266,11,280,282,283,158,32,163,44,50,51,58,64,68,69,71,74,75,77,205,79,80,81,210,84,86,87,88,89,215,97,121,98,99,106,107,109,241,243,244,116,119,248,249,250,252,253,254
258,7,264,265,266,267,269,277,281,282,283,155,158,32,163,51,58,64,194,68,69,70,71,72,74,75,205,79,80,81,210,86,87,88,89,120,94,121,98,106,107,109,241,243,244,117,116,119,248,249,250,252,253,254
256,257,259,7,11,269,270,277,278,151,284,158,32,163,44,50,51,54,58,190,194,68,325,70,69,71,74,205,80,81,210,84,214,86,87,89,88,215,93,97,98,101,104,106,109,114,115,244,117,116,250,251,255
256,258,262,7,264,11,269,270,271,151,280,282,284,158,32,163,44,51,58,64,68,69,70,71,74,77,205,79,80,81,210,84,86,87,88,89,215,120,97,98,106,107,109,114,243,244,116,119,248,249,250,252,253,254
256,257,258,259,261,264,266,13,270,20,278,22,158,30,32,34,35,37,167,44,45,51,52,64,69,70,199,72,200,74,75,201,77,81,213,214,87,88,89,120,93,104,109,114,243,244,116,248,249,250,251,254
257,258,261,262,264,265,266,13,276,22,282,283,30,158,32,35,37,44,45,51,180,52,64,68,69,71,72,199,74,75,76,77,201,81,86,87,88,89,93,249,122,105,106,109,241,243,244,117,116,247,248,121,250,253,254
257,258,259,260,261,266,269,270,277,278,283,158,32,163,44,51,58,68,69,70,71,72,74,75,77,205,80,81,210,84,213,86,87,88,89,215,120,98,122,106,108,109,114,243,244,117,116,248,249,250,251,254
256,260,7,8,266,13,269,146,275,151,24,281,282,158,32,163,51,58,64,324,69,68,71,199,74,203,76,205,80,209,81,210,85,86,213,88,87,89,215,98,249,122,103,106,109,241,116,246,248,121,250,253
257,258,261,7,264,265,266,282,283,158,32,163,44,51,58,64,68,69,325,198,72,71,74,75,76,77,205,79,80,81,210,84,86,215,87,88,89,93,98,249,106,107,109,241,243,244,116,248,121,250,253,254
256,257,258,262,264,266,270,277,282,283,158,32,163,44,51,58,68,69,70,71,72,74,75,203,77,205,80,81,210,84,213,86,87,88,89,215,97,98,249,122,106,109,112,114,243,244,117,116,248,121,250,251,253,254
256,257,258,259,260,262,263,264,266,268,269,270,272,25,158,31,32,163,43,47,48,51,54,58,68,70,71,74,77,205,81,210,84,86,87,88,89,98,99,109,114,115,244,116,119,120,250,251,252,254,255
256,258,260,262,264,265,266,11,270,282,283,284,158,32,163,44,51,58,64,68,69,71,74,75,76,77,205,79,81,210,86,87,88,89,215,120,96,98,249,106,107,109,241,243,244,116,248,121,250,251,252,253,254
256,258,262,7,264,265,266,279,282,283,284,155,158,32,163,51,58,64,194,68,69,198,71,72,70,74,76,77,79,81,210,213,86,215,87,88,89,249,103,106,109,241,244,117,116,119,248,121,252,253,254
256,2,263,264,265,266,270,282,283,158,160,32,36,173,51,53,62,64,68,69,325,71,70,199,74,75,201,205,207,81,210,87,88,217,89,120,92,97,121,98,101,106,107,109,241,114,243,244,117,116,248,249,250,253,254
257,258,259,260,261,7,264,266,267,270,278,151,283,158,287,32,163,51,184,58,68,69,71,72,73,75,205,80,81,210,213,86,87,88,89,215,94,97,98,122,104,106,109,241,115,244,116,246,248,249,250,251,253,254
256,259,260,262,263,264,7,11,268,270,272,277,283,158,31,32,163,44,51,58,68,69,71,74,75,77,205,80,81,210,84,214,86,87,88,89,215,97,98,99,106,109,241,242,243,244,116,119,120,249,250,251,252,253,254
256,258,260,262,264,11,269,270,22,280,282,283,158,32,163,39,42,47,51,54,58,187,68,69,70,71,74,202,77,205,208,81,210,214,86,87,88,89,248,98,101,106,109,241,243,244,116,119,120,121,251,252,253,254
256,257,258,259,260,262,264,11,269,270,277,278,282,158,32,163,44,51,58,68,70,71,74,75,77,205,81,210,213,214,86,87,89,88,215,97,98,101,122,106,109,114,243,244,116,117,119,120,250,251,254
259,4,3,260,135,7,11,12,270,271,142,146,151,280,26,156,158,32,163,43,44,304,51,58,315,59,192,323,196,68,69,71,200,77,205,79,80,81,210,84,214,86,87,88,218,89,215,97,98,233,234,106,237,109,116,251
256,258,259,262,7,264,265,268,272,279,282,155,284,158,31,32,163,168,43,51,194,68,70,71,74,76,77,205,79,81,210,84,86,87,88,89,120,97,98,99,249,105,106,109,241,244,116,248,121,122,252,253,254
7,8,265,264,14,273,146,279,24,282,283,158,32,163,42,176,51,58,321,324,69,198,326,68,70,330,203,76,71,77,205,80,79,81,210,84,86,87,88,89,97,98,121,103,106,109,241,116,246,248,249,253
3,7,265,268,142,15,18,274,19,146,20,157,158,32,34,163,168,297,42,47,304,51,313,187,317,320,192,66,195,327,71,203,206,78,208,209,82,83,210,213,214,87,90,220,94,96,102,103,106,235,108,113,118
3,10,12,269,14,16,275,24,281,158,32,163,36,172,51,311,186,58,188,187,189,194,68,325,199,71,73,202,203,205,207,80,81,210,214,86,88,217,87,215,89,223,103,104,106,237,109,239,242,116,246,251
258,7,264,265,266,269,270,276,282,283,155,158,32,289,163,168,51,194,68,69,198,71,70,72,74,75,76,77,205,81,210,86,87,88,89,98,100,249,101,106,107,109,241,243,244,117,116,247,248,121,250,254
261,7,264,266,270,277,151,280,282,158,32,163,44,51,58,68,325,69,70,71,74,75,205,80,81,210,84,86,87,88,89,215,92,248,97,121,98,101,104,106,107,109,244,117,116,120,249,250,251,254
256,1,258,261,263,264,266,270,277,278,282,27,158,32,163,44,51,185,58,68,70,71,72,74,75,205,81,210,84,86,87,88,89,215,92,94,121,98,104,106,109,114,243,244,117,115,116,120,249,250,251,254
256,7,264,265,269,13,142,272,20,279,282,284,157,158,32,163,168,41,51,194,68,69,70,71,74,76,77,205,79,81,210,84,86,87,88,89,90,97,105,106,109,114,116,117,118,247,248,121,253,254
256,258,260,262,7,264,11,269,270,280,282,283,158,32,163,44,51,58,68,69,70,71,74,77,205,79,80,81,210,84,214,86,87,89,88,216,215,248,97,98,101,106,107,109,241,243,244,116,119,120,251,253,254
264,265,266,13,142,15,269,273,18,19,275,146,20,279,281,283,157,158,159,32,39,168,51,64,320,68,69,198,73,330,204,81,210,85,214,86,87,88,89,121,106,107,109,241,116,245,118,248,249,124,253,254
259,3,262,135,7,11,12,270,271,146,19,280,26,283,156,282,155,158,32,163,43,304,51,58,65,194,196,325,68,70,200,71,74,77,79,81,210,214,86,87,88,218,89,231,106,108,237,109,241,115,116,117,121,250,251
258,260,264,265,266,11,13,270,22,282,283,284,158,32,163,42,51,187,191,64,68,69,71,74,75,77,205,208,81,210,213,86,87,88,89,120,98,249,106,107,109,241,244,117,116,119,248,121,250,251,253,254
258,260,7,264,11,269,280,282,283,284,28,158,32,163,43,44,51,58,191,68,69,70,198,71,74,77,205,79,80,81,210,84,86,87,88,89,215,247,92,120,98,105,106,109,241,244,116,119,248,252,253,254,255
128,129,130,131,132,133,134,135,136,137,0,139,140,138,3,146,285,286,287,288,289,290,291,163,51,206,87,217,221,230,122,123,124,125,126,127
128,129,130,131,132,133,134,135,136,137,5,139,140,138,146,18,22,285,286,288,289,290,291,163,32,172,304,313,195,327,221,122,123,124,125,126,127
128,129,130,131,132,5,134,133,135,136,138,139,140,141,267,154,285,286,287,288,289,290,291,167,295,300,51,188,319,322,201,213,87,217,221,98,236,122,123,124,125,126,127
128,129,130,131,3,133,5,132,136,137,135,139,140,12,134,138,285,286,287,288,289,290,291,163,305,56,313,188,189,201,87,217,221,122,123,124,125,126,127
128,129,130,3,259,5,133,135,131,137,132,134,268,136,138,139,272,140,276,285,286,288,289,290,34,43,304,49,53,66,74,206,82,213,214,215,86,217,222,100,232,234,235,116,121,122,123,124,125,126,127
128,129,130,131,132,133,3,134,136,135,137,139,140,12,138,274,146,285,286,287,288,289,290,291,166,66,68,217,221,103,107,122,123,124,125,126,127
128,129,130,131,132,133,134,135,136,138,139,140,141,143,148,152,154,285,286,287,31,288,158,291,290,293,294,295,167,296,299,300,171,303,176,175,306,307,308,179,310,51,184,319,87,226,99,122,123,124,125,126,127
7,135,13,142,144,147,148,149,279,152,154,155,158,160,292,166,167,168,41,295,170,299,172,174,175,303,306,179,307,180,310,308,184,309,314,318,64,193,321,322,324,325,320,199,194,330,205,210,214,215,95,116,248,254
141,142,144,145,148,149,150,152,153,154,155,158,160,291,292,293,294,295,296,167,166,299,300,171,174,303,175,170,306,307,179,308,310,177,184,180,316,226,172,124,126
144,145,273,146,148,150,24,154,155,157,158,160,161,32,163,165,293,294,167,297,42,171,296,172,301,174,175,173,51,179,181,180,183,307,308,58,184,317,191,65,330,203,206,80,87,88,90,220,227,102,103,246
142,144,145,148,149,152,153,154,155,158,160,292,293,294,295,296,167,297,171,299,172,166,303,168,170,306,307,179,174,310,182,184,180,51,309,317,326,330,209,82,213,215,87,226,110,175
8,14,143,144,145,274,148,24,281,154,153,155,157,158,160,32,161,35,163,293,294,295,296,297,42,171,299,167,172,301,173,305,175,51,174,177,179,183,180,307,58,308,316,181,80,82,87,88,220,221,103,246
7,265,13,143,15,145,144,148,154,155,157,158,160,161,32,163,293,294,167,296,297,172,301,173,175,178,179,180,181,51,310,312,316,317,189,319,321,194,324,198,327,199,330,203,207,209,213,215,87,88,90,89,106,121
264,11,143,144,146,148,149,154,283,155,157,158,160,32,161,163,165,166,167,298,171,42,170,172,173,174,175,179,180,51,181,313,314,58,316,189,191,192,195,324,326,327,198,330,205,207,208,209,210,214,87,106,110,241,253
141,142,143,144,145,148,149,152,154,155,158,160,161,292,293,294,167,295,296,297,166,299,171,300,174,303,173,306,307,172,175,310,182,184,179,308,180,316,309,330,87,170,226,126
141,143,144,145,146,148,149,150,152,153,154,155,157,158,160,32,161,293,166,167,296,295,297,171,300,172,174,175,177,306,179,180,51,182,310,184,314,316,317,319,324,327,213,215,87,99
1,2,261,6,7,266,143,15,145,144,146,22,154,155,157,158,160,161,35,164,293,294,167,168,297,169,170,296,301,173,172,302,175,179,180,181,51,312,324,71,209,213,86,85,215,87,104,106,236,242,124
2,3,5,7,12,143,144,18,19,146,148,22,154,155,157,158,160,161,32,163,164,166,167,172,301,302,175,304,173,179,180,53,181,51,312,58,189,190,322,67,194,68,327,207,213,214,87,217,221,222,223,96,235,236,242,116
10,266,12,13,142,144,145,275,147,148,22,154,155,158,30,32,292,37,166,295,167,170,299,172,44,174,303,175,179,307,180,310,311,312,183,186,184,188,189,68,327,73,330,207,213,88,226,98,237,242
3,6,135,7,11,13,270,144,146,19,18,147,151,155,156,157,158,159,160,161,164,36,167,169,43,172,301,302,175,304,173,50,179,180,53,181,51,64,194,197,71,208,85,214,87,90,222,105,106,234,110,240,114,115,117
3,5,141,142,143,144,274,18,146,275,281,154,155,157,158,160,32,161,165,167,168,170,172,173,302,174,175,305,179,180,51,181,312,313,186,316,188,317,327,330,205,207,210,87,221,98,227,236,242,127
141,144,147,148,149,150,152,153,154,155,157,158,160,161,292,293,166,294,167,295,296,171,300,299,297,303,42,172,306,179,180,174,182,175,184,177,51,316,191,324,72,82,213,215,87,226
142,143,144,18,148,149,152,154,155,158,32,160,292,293,294,295,167,296,166,299,172,171,170,303,174,175,179,307,308,310,309,312,184,180,316,317,319,322,324,327,328,330,209,213,215,87,226
142,144,145,148,149,150,152,153,154,155,158,160,292,293,294,295,296,166,297,171,299,167,169,303,300,176,306,307,308,179,182,309,184,310,180,51,328,330,87,170,226,172,174,175,124,126
5,6,265,266,142,15,144,273,147,148,151,155,157,158,160,161,34,292,294,167,297,170,172,173,174,175,50,307,180,309,308,179,184,310,181,317,320,64,321,198,71,72,330,74,76,206,215,216,90,98,106,234,248
141,142,143,144,145,148,149,152,153,154,155,158,160,161,291,292,293,166,295,296,167,297,299,171,172,174,303,300,170,306,307,175,179,310,180,184,51,309,316,319,327,330,87,226
3,10,266,12,144,16,146,275,19,20,148,23,154,155,156,157,158,32,160,161,163,167,169,170,172,173,175,178,179,180,51,181,311,189,325,329,202,73,75,205,81,209,210,213,214,86,216,87,104,235,237,242,250,251
7,266,13,20,158,32,34,51,53,312,186,187,316,317,189,319,64,320,322,194,324,325,198,199,327,191,192,195,197,200,201,207,202,209,204,205,206,213,214,215,208,217,210,212,87,216,103,106,249
259,3,268,272,146,274,158,31,51,312,313,186,187,316,189,317,319,192,191,66,195,196,194,198,327,326,197,74,199,200,201,202,207,205,209,206,211,208,213,214,215,210,217,212,87,216,99,232,106,124
264,152,158,32,42,187,60,51,186,314,316,317,189,191,192,193,322,321,324,320,198,326,327,199,201,203,319,205,197,200,208,209,210,194,206,213,214,215,207,212,87,216,202
3,135,10,12,13,147,22,30,32,34,35,37,297,44,52,312,186,315,187,189,319,191,192,194,322,196,325,326,199,200,329,327,197,201,202,205,207,208,209,210,213,214,215,88,89,87,234,237,239
266,206,158,32,162,165,51,312,313,186,187,188,189,316,191,64,317,322,319,324,325,326,327,199,198,202,203,197,328,201,207,208,209,194,76,205,213,214,215,210,217,212,87,216,200,249
3,8,14,24,158,35,163,51,183,312,58,186,316,317,318,319,187,321,322,189,324,191,192,199,194,195,197,203,200,201,206,202,80,209,210,205,207,213,208,212,88,217,87,215,216,221,103,236,246
7,263,13,151,158,34,36,168,50,51,180,181,186,187,318,319,320,321,322,194,324,325,198,199,191,192,195,203,197,205,206,200,201,209,82,210,207,213,214,215,208,81,211,212,87,216,202,255
266,20,208,158,32,34,51,312,186,314,316,189,187,191,64,321,322,194,324,325,326,199,327,198,202,203,319,192,197,207,200,209,201,205,206,213,214,215,195,217,210,212,87,216,89,249
264,265,266,158,32,163,51,312,186,187,316,317,189,319,320,64,322,321,324,318,198,327,191,192,194,203,195,197,206,199,208,209,201,202,205,213,214,215,207,210,212,87,216,106,200,248,249,253
3,15,28,34,163,166,168,171,50,51,187,189,63,191,64,321,194,322,68,324,325,198,199,193,197,203,201,202,206,204,205,209,208,210,212,213,214,85,216,217,215,87,94,95,107,111,112,114
3,266,13,22,30,32,34,35,37,44,52,312,186,187,316,189,317,318,64,321,322,194,324,325,320,199,327,319,191,197,200,201,206,207,202,209,82,205,208,213,214,215,216,217,210,211,88,89,87
3,4,134,135,137,12,271,146,26,156,158,32,163,167,304,51,57,186,315,187,189,191,192,66,323,196,197,194,195,200,199,201,202,205,206,79,207,208,209,211,210,212,214,213,87,215,218,216,227,231,233,237,239
266,13,207,158,32,34,43,51,180,186,187,316,189,319,64,321,194,322,324,325,198,199,191,192,195,203,197,200,201,202,208,209,210,205,206,213,214,215,216,217,212,87,94,248,121
3,135,266,12,275,158,32,51,311,312,313,186,187,316,61,189,319,191,192,322,194,324,325,195,199,197,73,202,327,201,200,205,207,206,208,209,210,212,213,214,87,215,217,216,221,223,98,235,236,111,242
3,4,135,137,11,12,271,146,26,156,158,32,304,51,53,186,187,191,192,194,323,196,325,326,195,200,329,202,197,199,201,206,205,207,208,209,211,210,212,214,213,215,217,218,87,216,233,235,237,239
158,32,167,187,51,312,313,314,186,316,317,188,191,192,189,322,319,324,325,326,199,327,196,202,203,195,197,201,207,208,209,194,205,206,213,214,215,210,217,212,87,216,200
4,17,146,23,155,28,158,32,161,34,297,42,169,49,307,180,309,308,55,51,57,187,316,62,191,192,194,195,196,197,326,198,328,199,201,330,76,77,206,79,208,202,205,207,209,210,213,214,215,87,92,94,102
135,7,137,10,11,12,16,275,20,151,26,158,34,51,311,186,187,188,189,191,64,194,196,325,197,199,200,73,329,202,201,205,207,208,81,209,210,212,213,214,87,216,217,218,215,94,101,104,234,237,251
259,3,260,135,137,10,11,12,270,271,280,26,156,158,32,163,41,44,304,51,54,58,323,196,197,325,68,200,71,77,205,80,81,210,84,85,214,86,87,88,218,89,215,97,98,231,106,237,109,116,246,120,250,251
257,258,262,266,270,16,277,278,280,282,158,32,163,44,51,58,64,68,325,70,69,71,73,74,75,202,77,205,80,81,210,84,214,86,87,89,88,215,97,98,101,104,106,109,114,244,116,119,120,250,251,254
257,259,260,7,266,270,16,277,278,280,283,158,32,163,44,48,51,58,68,325,69,71,73,74,75,202,205,80,81,210,84,86,87,88,89,215,97,98,101,104,106,107,109,241,244,117,116,119,120,249,250,251,254
0,3,5,134,135,8,7,10,12,14,16,146,275,19,22,24,25,26,28,158,32,33,163,39,42,43,51,54,183,58,59,63,64,196,73,202,329,205,80,81,210,87,88,218,230,103,231,237,246,120,127
0,1,3,264,9,8,10,11,12,15,16,17,18,146,19,274,22,23,281,26,155,28,158,160,32,33,163,39,168,42,49,51,58,59,317,63,320,65,64,195,69,198,203,206,210,87,90,227,229,232,106,253
3,5,7,9,10,267,12,16,145,275,20,22,151,28,158,32,161,34,289,35,163,297,42,51,311,312,185,58,60,319,63,322,325,205,207,209,82,210,213,214,87,217,89,221,223,226,232,104,235,236,242,122
1,2,3,5,6,135,9,13,15,16,145,146,19,22,28,158,287,161,34,163,42,43,304,49,50,51,180,54,55,58,187,317,63,66,195,198,72,207,209,82,214,87,90,222,224,230,231,233,234,106,238
2,3,5,266,11,12,16,18,275,20,22,28,157,158,32,289,35,163,36,43,173,51,53,54,312,58,189,319,64,322,66,325,70,199,327,201,205,207,82,210,213,214,87,217,223,231,104,237,242,121,127
3,4,7,266,10,12,143,16,275,22,24,28,158,32,34,163,297,42,43,47,51,55,312,186,58,188,317,316,189,319,63,322,324,325,199,327,330,205,207,80,209,210,213,214,215,216,87,88,223,233,236,239,242
5,135,7,137,10,266,11,13,16,275,20,22,156,30,158,32,33,35,36,37,40,43,44,45,304,51,52,54,311,189,62,64,66,196,325,199,329,202,75,201,81,214,87,88,89,218,222,230,231,234,237,250,251
3,5,135,7,137,10,12,16,275,20,22,28,158,31,32,289,34,160,163,38,168,42,43,46,304,48,50,51,53,54,311,56,57,58,60,61,63,64,194,67,325,329,202,73,81,214,87,217,218,101,231,234,235,237,251
258,5,262,264,265,9,11,267,269,270,13,22,282,158,32,163,37,43,44,45,50,51,54,187,64,66,68,69,198,71,70,74,202,77,205,81,210,214,87,222,224,249,230,234,238,114,244,117,121,251
2,5,6,135,9,15,144,16,146,158,161,34,163,165,43,46,49,50,51,180,309,54,55,58,187,59,63,64,321,195,68,198,71,74,76,77,211,84,85,214,87,216,90,91,92,222,224,102,234,238,112,114
5,7,264,265,11,13,269,23,282,155,158,30,32,163,36,37,40,43,44,45,304,50,51,180,54,58,189,64,320,66,194,324,69,198,70,68,74,208,210,215,87,222,224,230,105,106,234,116,248,121,252,127
3,5,135,7,137,10,11,12,13,271,20,151,156,158,32,163,37,43,44,45,304,51,54,58,192,64,66,323,196,325,194,199,200,329,205,81,210,214,87,215,218,222,224,230,231,233,234,235,105,237,109,251
2,3,5,7,137,10,13,144,20,22,155,284,158,32,289,163,37,43,44,45,304,51,53,54,58,189,190,64,194,66,324,325,68,210,213,214,215,86,217,87,222,224,230,105,234,235,237,240,116,127,255
257,1,5,135,137,266,11,13,270,15,16,20,278,22,28,158,32,33,34,162,163,160,37,168,42,43,44,45,51,54,58,63,64,194,66,68,329,75,81,85,214,87,89,218,94,222,101,230,104,234,237,238,115,244,250,251
1,129,4,5,7,16,274,146,149,22,23,27,158,31,32,161,160,163,38,168,42,43,44,46,48,178,50,51,53,54,55,56,57,187,60,61,62,63,192,66,195,67,326,71,328,206,79,209,211,87,224,122
1,5,9,15,16,146,274,22,23,24,26,28,158,160,161,163,168,297,42,43,49,50,51,180,309,308,55,54,57,58,187,63,192,64,195,196,198,71,328,74,76,77,79,208,82,87,90,92,224,231,234,106,238
1,3,4,5,135,137,10,12,16,20,22,151,24,26,28,158,32,289,34,163,39,168,42,43,47,51,54,55,58,63,64,321,194,68,325,71,329,73,205,81,213,214,87,216,218,94,222,101,233,234,238,239,113,251
1,3,4,10,266,12,270,15,16,275,20,277,278,151,22,24,26,156,28,158,160,34,163,168,42,43,47,51,311,55,58,63,64,194,325,329,73,202,75,81,213,214,87,216,93,94,223,101,104,233,239,114,250,251
0,1,3,5,135,137,266,11,13,16,146,20,22,27,28,30,32,289,34,35,163,37,42,43,44,304,49,52,58,63,64,324,196,325,199,201,202,74,213,214,215,87,88,218,89,222,229,232,234,237
3,5,135,7,137,10,9,12,16,144,18,275,147,22,155,28,158,32,289,163,43,51,54,311,58,59,188,63,64,194,196,325,68,329,202,205,210,214,86,87,218,222,223,98,230,231,104,233,234,237,116,251,127
0,256,5,7,265,9,10,142,271,16,275,276,150,279,152,153,22,155,158,30,163,294,166,168,40,43,45,49,50,51,180,181,182,54,58,187,194,71,72,76,204,78,208,210,82,87,90,222,224,102,230,231,234,238,247,248,121
0,1,3,5,135,137,11,12,13,142,16,275,22,155,30,158,32,35,36,37,167,170,43,172,44,45,51,52,54,58,59,64,196,197,325,324,199,201,202,214,87,88,89,218,229,230,231,232,233,237,113,119,127
2,3,5,7,137,266,10,13,270,20,278,22,158,32,163,36,37,44,173,45,304,51,53,54,189,64,194,66,325,70,199,329,201,75,207,81,82,214,87,217,218,222,224,101,230,231,104,234,237,115,121,250,251
3,4,7,266,10,12,16,22,24,28,158,32,34,163,39,42,43,44,47,51,180,55,58,316,319,64,192,191,63,324,196,198,69,325,202,203,205,208,209,210,213,214,215,216,217,85,87,94,223,233,239,249
1,3,5,134,135,10,11,268,12,15,272,16,146,274,17,22,26,155,28,158,32,289,161,163,160,39,168,42,43,47,48,304,51,58,60,63,192,66,195,196,202,74,210,214,87,217,223,225,238,252,127
1,3,5,135,8,9,11,12,15,16,146,22,26,28,30,158,32,33,34,163,165,39,168,42,43,49,51,180,54,55,57,58,59,187,63,64,192,321,66,71,203,206,208,87,90,222,227,229,230,233,234,238
0,5,134,135,133,7,9,11,10,16,146,22,279,280,26,155,157,158,32,289,163,36,39,42,43,51,54,58,59,192,64,66,194,325,329,202,205,208,81,214,87,218,225,227,229,230,231,233,106,238,118,119,252,127
2,5,135,137,10,12,270,16,275,22,151,156,28,158,32,33,34,163,42,43,51,54,311,58,59,63,64,325,329,73,202,74,205,207,81,210,214,87,216,218,222,101,231,233,234,237,239,251
0,1,4,5,15,16,17,146,149,22,23,26,27,28,158,160,163,38,39,168,42,43,44,51,180,54,55,57,58,191,192,65,66,63,196,326,328,76,77,206,79,208,87,92,100,238,239,122
5,264,9,265,11,10,13,16,146,22,282,284,28,158,32,33,163,42,43,50,51,180,54,58,59,187,317,63,320,64,195,69,198,70,74,76,77,204,205,208,82,210,87,92,222,224,231,105,106,234,110,238,244,248
2,3,5,135,7,137,10,11,12,9,270,16,275,22,151,28,158,32,289,163,42,43,304,51,54,58,59,63,64,196,325,199,329,202,205,210,214,87,216,217,218,215,222,98,230,231,234,237,244,251,127
1,3,5,134,135,137,10,11,12,15,16,17,275,20,22,280,26,28,158,160,289,32,163,39,168,42,43,51,54,56,58,59,63,64,196,197,325,202,205,210,214,87,218,225,230,231,233,237,238,251,127
1,3,5,137,266,11,12,10,15,16,20,22,23,26,28,158,32,289,160,33,163,168,42,43,51,54,58,59,189,63,64,324,325,196,202,75,208,214,87,218,222,230,231,232,233,234,237,110,238,127
1,3,5,135,137,266,11,12,142,15,16,17,146,20,22,26,28,158,32,289,34,160,163,168,42,43,51,309,54,58,319,64,63,324,196,325,202,82,213,214,87,89,222,225,230,231,104,232,234,238,113,127
3,5,135,137,10,11,12,13,16,275,22,158,32,289,33,160,163,37,168,43,44,45,304,51,54,59,189,64,66,196,325,329,202,73,81,214,87,218,222,224,228,230,231,233,234,237,238,251,254,127
259,261,5,135,137,266,11,268,13,20,23,155,158,31,32,34,163,37,43,44,45,304,49,176,51,54,58,64,66,195,196,74,205,206,81,82,210,213,214,87,89,91,222,99,230,122,232,104,234,235,115,250,251
5,135,7,265,266,9,10,13,16,20,22,155,28,30,158,32,34,163,42,43,170,45,49,51,180,54,58,63,64,192,194,324,198,199,72,71,74,76,82,213,214,215,87,218,94,224,227,230,231,234,106,248,249
2,3,5,135,7,9,266,11,10,16,146,20,22,151,26,28,158,32,33,163,42,43,44,51,54,58,59,63,64,192,324,196,198,69,74,202,203,76,205,208,210,214,87,215,218,231,234,107,249,253
5,135,7,137,266,12,13,20,151,158,30,32,289,163,37,43,44,45,304,49,51,53,54,58,188,189,319,64,191,66,196,325,324,199,329,202,205,207,81,210,213,214,215,87,222,224,230,234,235,237,109,127
3,259,4,135,263,137,266,7,268,9,10,12,272,269,16,20,22,24,25,155,158,32,34,163,42,43,47,48,51,55,58,64,66,194,196,325,329,202,74,73,203,213,214,215,87,217,220,94,223,232,233,239
1,3,5,137,266,10,12,143,16,15,18,275,20,22,26,28,158,32,160,163,39,168,42,43,51,53,54,312,185,58,189,63,325,327,199,75,205,207,210,213,86,214,87,222,231,234,236,237,238,242,125,127
3,5,7,264,266,11,13,146,20,151,158,30,32,289,34,163,37,42,43,44,45,49,51,54,58,316,60,319,192,64,66,324,199,328,74,203,77,205,79,208,82,210,213,214,215,87,224,230,234,122,253
128,129,130,3,2,134,7,135,16,274,146,151,281,29,158,159,31,288,32,163,38,44,302,47,48,46,50,51,53,56,313,314,57,58,317,60,61,320,66,194,67,203,205,206,210,211,87,215,217,88,220,221,106,235,110,125
5,265,9,11,13,15,17,18,19,146,21,282,155,283,158,32,163,37,40,43,44,45,304,50,51,54,313,187,64,195,69,198,74,205,208,210,214,87,90,222,224,225,229,230,233,106,234,238,241,252,253
3,7,137,10,12,16,18,275,19,20,22,28,158,31,32,160,163,38,168,46,304,48,50,51,53,311,56,57,58,60,61,189,63,64,194,67,325,329,202,73,81,210,214,86,87,217,219,221,235,236,237,242,251
2,5,135,7,137,10,9,270,16,275,20,22,151,156,28,158,32,163,42,43,44,51,54,311,58,59,63,64,196,325,198,199,329,202,75,73,205,81,210,214,87,215,218,222,231,104,233,234,237,246,250,251
0,2,3,5,135,11,16,17,146,22,26,27,157,158,32,161,33,163,165,39,42,43,51,54,55,57,313,59,58,191,192,65,64,198,326,76,77,206,208,213,87,227,229,102,231,233,238,110,118,124,253,126
3,4,137,10,12,16,275,22,151,24,156,28,158,32,34,163,42,43,44,47,51,311,312,55,186,58,189,319,63,194,196,325,324,199,329,202,205,207,209,81,210,213,214,87,216,215,223,233,237,239,251
5,135,137,266,13,20,23,155,156,158,32,161,34,163,37,43,44,45,176,49,51,54,186,58,187,189,62,64,192,194,195,196,325,66,199,71,202,205,206,82,210,213,214,87,215,222,230,122,234,237,249,250
257,258,260,5,134,135,137,11,13,146,20,280,26,283,158,32,33,162,163,37,166,42,43,44,45,174,51,54,58,59,192,64,66,67,196,68,202,74,205,208,210,214,87,215,218,92,225,229,230,234,107,241,119,120,253
3,5,137,10,267,12,11,16,275,22,26,28,158,32,289,34,163,36,39,43,44,51,54,58,319,64,63,322,324,325,69,199,198,329,202,205,210,213,214,87,215,217,90,221,94,223,98,230,231,235,236,237,118,127
3,5,135,7,137,10,12,13,271,20,22,23,151,156,158,30,32,163,37,43,44,45,304,51,53,54,58,64,66,323,196,325,199,200,329,205,81,210,214,87,215,218,222,223,224,230,231,233,234,235,237,109,251
0,256,3,5,265,13,272,273,16,22,279,23,28,157,158,32,33,160,163,37,168,41,42,43,44,45,49,51,54,55,185,58,59,317,62,63,320,321,64,66,68,324,203,205,82,210,213,87,216,90,230,232,236,121,255
5,135,7,137,10,266,12,13,270,16,275,20,155,156,158,30,32,289,34,163,37,43,44,45,51,54,311,58,62,64,194,66,68,325,329,73,202,81,214,87,218,222,224,101,230,231,233,234,105,237,116,251
0,2,5,135,137,10,266,12,16,145,275,20,22,278,28,157,158,32,289,163,39,42,43,175,304,51,54,311,58,59,63,64,196,325,199,329,75,205,210,214,87,218,222,231,104,233,234,237,118,251
5,135,7,266,13,146,20,151,26,155,30,158,32,34,163,37,43,44,45,304,51,180,54,58,62,64,192,194,66,196,325,68,329,73,202,82,210,85,214,86,87,218,94,222,224,101,230,233,234,105,108,116
3,5,134,7,10,12,16,274,275,147,22,151,154,155,28,29,158,32,35,163,166,167,295,42,43,172,174,303,305,51,179,54,311,56,313,58,188,63,73,202,74,205,207,81,210,87,220,221,98,227,226,231,242
257,258,1,5,135,7,137,266,11,10,15,16,17,20,22,280,26,28,158,160,289,32,163,39,168,42,43,51,54,56,58,59,63,64,192,196,325,329,202,74,75,205,210,214,87,218,94,101,231,104,234,238,250,251
5,7,265,266,11,13,144,18,19,20,275,155,30,158,32,31,163,37,44,45,51,54,58,189,64,194,66,68,69,325,71,74,75,205,210,213,214,215,86,87,222,94,121,228,104,105,234,106,116,117,249,250
0,1,3,5,135,264,265,266,11,9,13,14,15,16,146,22,25,282,26,27,28,29,158,32,163,168,41,42,43,49,50,51,54,58,59,187,63,64,321,65,198,71,74,203,214,87,90,222,94,234,106,121,253
256,261,264,265,269,272,277,279,282,158,32,163,44,50,51,58,68,69,70,71,72,74,75,77,205,81,210,83,84,85,86,87,88,89,90,215,92,120,97,98,249,105,109,114,244,117,116,247,248,121,250
256,258,262,7,264,265,266,11,269,277,282,158,32,163,44,51,58,64,192,68,69,70,71,72,324,74,205,79,80,81,210,84,214,86,87,88,89,215,94,97,121,98,106,107,109,114,243,244,117,116,248,249,253,254
257,258,261,262,7,264,265,266,276,277,282,283,155,158,32,163,168,51,64,194,68,69,198,71,72,70,74,75,76,77,205,81,210,213,86,87,88,89,93,98,249,229,106,109,241,243,244,117,116,248,121,250,253,254
7,137,10,11,12,270,271,275,20,277,151,156,158,32,163,44,304,51,53,311,58,68,325,69,71,200,75,76,205,80,81,210,84,86,214,87,88,218,89,215,97,98,101,231,104,106,107,237,109,240,242,116,249,250,251
264,265,266,267,18,146,283,158,32,163,165,168,41,172,44,51,313,58,64,195,68,69,327,72,71,74,75,330,76,205,207,79,80,81,210,86,87,88,89,215,98,249,106,108,109,241,242,116,246,248,121,250,253,254
2,264,266,11,268,277,278,282,283,158,32,163,36,173,51,53,58,189,64,68,69,325,70,199,71,74,75,201,205,207,81,210,86,87,88,89,217,120,94,98,249,104,107,109,241,243,244,117,116,119,248,121,250,251,253,254
258,260,7,264,265,266,11,269,270,282,283,284,158,32,160,163,43,44,51,58,68,69,70,71,74,75,77,205,79,80,81,210,84,86,87,88,89,215,92,248,97,98,106,109,241,243,244,116,119,120,249,252,253,254
3,265,266,12,142,273,19,283,284,158,32,289,163,168,170,44,51,53,313,58,189,193,324,325,198,68,69,201,330,73,71,205,207,79,81,210,86,87,88,89,215,96,98,106,237,109,241,116,119,127,253,254,255
256,258,7,264,265,266,269,270,277,282,283,158,32,163,165,39,168,51,186,316,191,194,68,69,70,71,74,205,79,81,210,86,87,88,89,120,97,121,105,106,109,241,243,244,117,116,248,249,250,253,254
257,258,259,260,262,264,270,16,277,278,158,32,163,44,48,51,58,194,68,325,70,71,73,74,75,205,81,210,86,87,88,89,215,93,97,98,101,104,106,109,112,114,115,244,117,243,116,120,250,251,254
256,7,264,266,11,270,277,151,282,283,158,32,163,44,51,58,64,68,69,325,70,71,74,75,77,205,79,80,81,210,84,214,215,86,87,88,89,120,97,121,98,106,109,243,244,116,119,248,249,250,251,253,254
258,260,264,11,269,270,16,280,282,283,284,158,32,163,43,44,51,58,68,69,70,71,73,74,202,75,77,205,81,210,84,86,87,88,89,215,92,248,97,98,101,106,109,241,115,244,116,119,120,252,253,254
256,261,135,265,266,138,13,142,270,282,158,32,289,163,43,44,178,51,58,187,64,68,325,198,71,74,75,205,81,210,86,87,88,89,215,120,92,97,98,122,105,106,107,109,241,243,244,116,118,119,248,249,250,254,127
257,258,259,260,262,135,7,11,270,144,277,278,155,156,158,32,163,51,58,194,68,325,69,70,71,200,74,75,79,81,210,214,86,87,89,88,97,99,101,104,234,106,237,109,114,115,244,117,243,116,120,121,250,251
257,258,259,260,262,7,11,270,16,277,278,280,283,158,32,163,44,51,54,58,68,325,69,71,73,74,75,202,77,205,80,81,210,84,214,86,87,89,88,215,97,98,101,104,106,107,109,244,116,119,120,250,251,254
256,257,258,260,7,264,269,270,282,283,284,157,158,32,163,43,44,51,58,68,69,70,71,74,77,205,79,80,81,210,84,86,87,88,89,215,92,248,97,98,105,106,109,241,243,244,116,119,120,249,252,253,254
256,258,262,7,264,277,23,282,27,283,284,155,158,32,163,166,41,178,51,58,64,194,68,70,71,74,75,76,77,79,81,210,85,86,87,88,89,92,120,97,98,99,121,105,106,109,112,244,117,116,248,249,250,253,254
7,264,265,11,269,277,280,282,283,284,155,158,32,163,43,51,58,194,68,69,70,71,74,75,77,79,81,210,84,214,87,88,89,86,248,121,106,107,109,241,243,244,117,116,119,120,249,250,252,253,254
258,7,264,265,266,12,276,277,282,283,155,158,32,163,51,58,64,194,68,69,70,71,72,74,75,76,205,79,81,210,86,87,88,89,120,97,98,249,106,109,241,114,242,244,117,116,248,121,250,253,254
262,7,264,265,266,13,270,144,277,278,279,282,155,158,32,163,51,58,194,68,70,71,74,75,77,205,79,81,210,86,87,88,89,92,121,98,105,106,109,112,114,116,117,244,247,248,249,250,251,254
256,258,262,7,264,265,266,276,277,282,155,158,32,163,51,58,194,68,69,70,71,72,74,75,76,77,205,79,81,210,213,86,87,88,89,215,97,98,249,122,106,109,243,244,117,116,247,248,121,250,251,253,254
256,258,264,265,11,269,282,283,284,158,32,163,168,43,44,51,58,191,68,69,70,198,71,74,75,76,77,205,79,81,210,84,86,87,88,89,215,92,120,97,98,99,105,106,109,241,114,244,116,119,248,121,252,253,254
257,258,264,10,11,270,16,275,277,278,280,156,158,32,163,172,51,180,54,58,189,68,325,197,71,329,74,75,73,205,81,210,214,86,87,89,218,88,97,98,101,231,109,113,244,116,119,120,250,251
257,258,260,262,135,264,265,269,282,155,284,158,32,41,42,47,51,180,309,57,187,195,68,69,71,72,74,76,77,206,208,81,210,84,86,87,88,89,90,92,101,105,106,109,241,114,115,244,116,119,248,122,253,254
258,7,264,265,266,11,141,146,279,151,282,283,284,158,32,163,42,44,51,58,64,68,69,198,70,71,74,75,76,77,205,79,208,80,81,210,86,87,88,89,215,98,249,106,109,110,241,244,116,248,121,252,253,254
257,258,7,264,269,144,277,282,283,284,155,158,31,32,163,41,51,194,68,69,70,71,72,74,75,76,77,205,79,81,210,84,213,86,87,88,89,120,97,121,100,106,107,109,241,243,244,116,117,119,248,249,250,253,254
258,262,7,264,9,266,11,13,144,146,22,23,282,283,155,158,32,163,166,51,58,187,64,194,68,69,325,70,72,71,74,75,77,79,81,210,214,86,87,89,88,121,99,101,105,106,109,244,117,116,248,249,250,253,254
256,3,260,8,137,13,14,269,275,22,279,24,281,158,32,162,34,163,41,47,304,49,51,58,187,321,324,68,71,202,203,205,77,80,81,210,85,213,86,87,88,90,89,95,98,99,103,106,109,111,116,246
256,257,258,259,260,11,269,270,13,142,271,20,278,22,282,283,284,27,158,30,32,35,37,166,167,44,45,51,52,187,64,70,71,199,201,74,75,200,77,81,84,87,88,89,248,99,101,105,109,114,244,119,120,250,251,254
256,257,258,261,264,266,270,277,22,281,283,158,32,163,44,178,51,58,187,64,68,325,69,70,72,71,74,75,202,205,77,208,81,210,213,214,86,87,89,88,215,120,94,98,122,104,109,243,244,116,245,248,249,250,251,254
256,258,264,265,269,277,22,279,282,284,158,32,163,44,51,58,187,68,69,70,71,74,202,77,205,208,81,210,84,213,86,87,88,89,215,120,97,98,249,122,105,106,109,114,243,244,117,116,247,248,121,250,245,253,254
257,258,262,7,264,265,266,9,269,270,14,144,276,277,278,282,155,158,31,32,48,51,53,56,57,187,60,194,68,69,70,71,72,74,75,79,81,86,87,89,101,249,106,109,243,244,117,116,248,121,250,251,254
257,259,260,3,137,11,270,271,22,280,156,158,32,163,168,43,44,304,51,54,58,187,196,325,68,69,71,200,74,75,202,77,205,208,81,210,84,214,86,87,88,218,89,215,98,101,237,109,244,116,119,120,250,251,254
7,13,17,146,19,21,23,151,282,27,284,158,32,161,33,163,164,166,44,304,178,51,180,57,58,188,63,192,68,69,71,76,77,205,79,80,81,210,84,86,87,88,89,215,92,224,97,98,99,229,105,106,233,109,244,116
256,0,258,7,264,269,13,144,17,21,23,279,282,27,155,158,32,163,166,42,51,180,55,57,58,188,64,194,68,70,71,76,77,205,79,81,210,84,86,87,88,89,90,98,99,105,106,109,244,116,117,247,248,121,253
257,258,260,264,265,266,282,283,158,32,163,43,44,51,309,58,188,64,68,69,71,72,73,74,75,76,205,80,81,210,84,213,86,87,88,89,215,120,94,98,101,106,107,109,241,243,244,116,119,248,249,122,253,254
0,13,17,146,21,23,27,158,32,161,33,163,164,166,39,42,44,178,51,180,309,55,57,58,188,63,192,68,71,73,76,205,206,208,81,210,84,86,87,88,89,215,94,224,98,99,229,233,105,106,109,116,120,253
0,4,138,17,146,21,149,23,27,158,159,32,33,161,163,164,38,166,168,44,45,46,304,178,51,55,57,58,188,62,63,192,68,71,205,79,81,210,84,86,87,88,89,215,224,98,99,229,233,105,106,109,116,122,127
256,258,264,17,146,23,280,26,27,158,32,163,166,168,42,43,44,51,180,58,59,188,192,64,324,68,69,71,73,74,76,205,208,81,210,84,214,86,87,88,89,215,91,94,98,99,229,101,107,109,244,116,248,249,253
257,7,10,266,270,16,275,278,156,158,32,163,44,51,53,311,58,188,68,325,69,71,73,329,75,202,205,80,81,210,84,214,86,87,88,218,89,215,98,101,234,107,106,237,109,241,244,116,120,249,250,251,254
258,264,265,269,279,282,283,284,158,32,163,42,43,44,51,58,68,69,198,71,70,74,75,76,77,205,81,210,84,213,86,87,88,89,215,92,120,97,121,98,105,106,109,241,244,116,247,248,249,122,252,253,254
258,259,260,263,264,7,11,268,270,272,282,283,284,155,158,31,32,163,168,43,51,194,68,70,71,74,76,77,205,79,81,210,84,86,87,88,89,97,98,99,101,105,106,107,109,241,244,117,116,119,120,121,252,253,254
266,11,12,13,270,18,275,19,20,278,22,283,158,30,32,35,37,167,44,45,51,52,64,67,68,325,69,199,200,201,74,75,81,210,214,86,87,88,89,96,101,104,106,237,109,241,115,244,117,116,120,249,250,251,254
258,260,261,6,264,265,266,283,158,32,163,44,51,57,58,189,64,66,68,69,198,326,72,73,330,75,76,325,71,207,205,81,210,85,86,87,88,89,215,92,98,99,106,107,234,109,241,244,116,119,248,249,250,253,254
258,260,264,265,266,14,282,283,284,158,32,163,43,44,51,58,317,64,68,69,198,71,72,73,74,75,330,77,205,208,80,81,210,84,213,86,87,88,89,215,120,94,121,98,106,109,241,244,116,119,248,249,122,253,254
256,258,261,262,263,264,7,266,270,20,277,278,283,158,32,163,44,51,58,64,68,69,71,74,75,205,80,81,210,84,86,87,88,89,215,92,97,121,98,104,106,109,243,244,117,116,120,249,250,251,253,254
256,257,258,264,265,266,269,270,277,282,158,32,163,44,50,51,58,64,68,69,70,198,72,71,74,75,205,79,81,210,84,214,86,87,89,88,215,94,121,98,106,107,109,243,244,116,119,248,249,250,253,254
258,259,260,262,264,265,266,277,282,283,158,32,163,44,51,313,58,64,68,69,325,71,74,75,76,77,205,80,81,210,84,213,86,87,88,89,90,215,120,97,121,98,122,106,108,109,241,243,244,116,248,249,250,253,254
257,258,7,10,270,16,277,278,280,158,32,163,44,51,54,58,68,325,70,69,71,73,74,329,202,205,80,81,82,210,84,214,86,87,89,218,88,215,93,94,97,98,101,104,106,109,113,115,244,116,119,120,250,251
7,264,265,266,277,23,151,282,283,284,158,32,163,166,40,49,51,58,188,189,64,68,325,198,71,69,74,75,76,205,208,81,210,80,86,87,88,89,121,98,99,101,105,106,107,109,241,244,117,116,248,249,250,253,254
258,262,7,264,265,266,9,13,146,22,23,280,282,27,283,155,158,32,163,166,51,58,187,64,194,68,69,70,71,74,76,77,79,81,85,86,87,88,89,121,99,105,106,109,243,244,117,116,119,248,249,250,253,254
258,260,7,9,11,270,146,274,22,23,280,282,283,27,284,158,32,163,166,168,43,51,187,192,194,68,69,70,71,74,75,77,205,81,210,84,86,87,88,89,92,248,99,101,105,106,109,241,244,116,119,120,121,250,251,253,254
0,7,16,17,146,21,23,27,158,159,32,33,35,164,163,166,168,42,44,46,49,178,51,55,57,58,62,63,65,68,69,71,73,202,205,206,80,81,210,84,85,86,87,88,89,90,215,224,98,229,232,233,106,109,239,116
256,258,7,266,11,277,151,280,282,158,32,163,166,43,44,51,58,64,68,69,70,71,74,77,205,80,81,210,84,214,119,86,89,87,88,92,215,97,98,99,101,105,106,109,114,244,117,116,247,248,121,250,254
258,7,266,270,16,277,278,280,158,32,163,44,51,58,64,68,325,69,71,73,74,75,329,202,205,80,81,210,84,214,86,87,89,88,215,91,94,97,98,101,104,106,107,109,241,244,116,246,120,249,250,251,254
256,0,259,3,6,262,263,7,269,279,158,32,163,44,49,50,51,309,185,58,317,320,321,194,322,68,69,71,330,203,204,205,80,81,82,210,84,213,86,87,216,88,89,215,98,232,106,109,111,114,116,247,248,121,122,255
259,263,264,265,7,268,269,13,272,277,279,282,283,155,158,31,32,163,168,176,51,66,194,68,69,70,71,74,77,205,79,81,210,86,87,88,89,97,121,98,99,232,106,109,241,244,117,116,248,249,250,252,253,254
257,258,260,261,264,266,269,270,283,158,32,42,47,51,187,316,64,68,69,71,72,74,75,202,77,76,205,80,81,208,210,87,88,89,120,92,96,97,98,101,104,106,107,109,241,114,244,116,119,248,249,250,251,253,254
258,2,260,264,265,11,267,142,280,282,283,284,158,32,163,43,173,51,53,184,58,189,68,69,70,198,199,71,74,201,76,77,207,80,81,84,86,87,88,217,89,91,92,120,97,249,106,109,241,244,116,119,248,121,253,254
258,7,264,11,269,270,282,283,284,155,158,32,163,168,43,51,58,194,68,69,70,71,74,77,205,79,81,210,84,85,86,87,88,89,247,92,248,97,98,105,106,109,110,241,114,244,117,116,119,120,121,253,254
258,261,7,264,266,270,277,278,151,283,158,32,163,44,51,58,68,69,325,70,71,74,75,205,80,81,210,84,86,215,87,88,89,92,248,121,97,98,101,104,106,109,243,244,117,116,120,249,250,251,254
258,260,7,264,265,266,11,18,146,151,282,283,158,32,163,43,172,51,58,64,68,69,71,74,75,205,79,80,81,210,214,86,87,88,89,215,120,94,121,98,106,109,111,241,244,116,246,119,248,249,252,253,254
258,7,264,9,266,11,13,15,146,18,22,282,283,155,158,32,163,168,43,304,51,187,194,68,69,70,71,74,75,77,205,81,210,85,86,87,88,89,92,121,98,105,106,109,241,244,117,116,248,249,250,252,253,254
1,10,266,12,270,16,18,275,22,283,158,32,163,44,51,53,311,58,189,68,325,69,71,73,329,75,202,205,207,81,210,84,86,214,87,88,89,215,93,94,97,98,104,106,107,237,109,241,242,116,249,250,251,254
258,261,264,266,267,20,283,158,32,163,168,44,51,58,316,64,68,69,325,71,72,200,74,75,205,80,209,81,210,212,213,86,87,88,89,215,120,94,121,98,122,104,107,109,241,243,244,116,246,248,249,250,251,253,254
256,258,262,7,264,265,266,13,151,282,283,284,158,32,163,44,51,58,64,68,69,70,71,72,74,75,77,205,80,81,210,84,213,86,87,88,89,215,92,97,98,249,122,106,109,243,244,117,116,248,121,250,253,254
256,258,260,262,263,264,265,266,7,269,282,283,284,158,32,163,44,51,58,68,69,198,70,71,74,75,76,77,205,79,80,81,210,84,86,87,88,89,215,121,97,98,106,109,241,243,244,116,248,249,250,251,252,253,254
257,258,260,262,7,135,265,9,16,17,22,280,153,282,26,155,284,158,32,163,296,42,177,51,309,187,194,68,70,71,73,329,74,77,79,208,81,86,87,88,89,90,219,225,97,229,101,233,106,109,238,241,116,245,120,121,252,254
10,11,266,12,270,269,16,271,275,22,280,283,158,32,163,42,51,311,58,187,64,196,325,69,68,71,73,202,329,74,205,77,80,81,210,214,86,87,88,218,89,98,231,106,237,109,241,116,246,119,120,249,251,254
258,7,264,265,274,282,283,284,155,158,32,163,301,51,58,188,189,64,192,194,68,69,198,71,70,74,75,76,77,79,81,210,86,87,88,89,97,249,105,106,109,241,244,117,116,247,248,121,250,252,253,254
258,262,7,264,265,266,144,277,282,283,284,155,158,32,163,36,51,58,64,194,68,69,70,71,72,74,75,76,77,79,81,210,86,87,88,89,120,121,122,106,109,112,241,243,244,117,116,248,249,250,252,253,254
256,259,260,263,264,7,11,268,270,272,146,283,158,31,32,33,163,43,44,48,178,51,58,192,66,195,68,69,71,74,75,77,205,79,80,81,210,211,84,214,86,87,88,89,215,98,99,106,109,241,244,116,250,251,252
256,262,135,264,11,269,13,270,283,156,158,32,163,164,36,166,169,51,181,58,190,318,322,324,69,325,68,71,74,75,205,208,81,210,85,214,215,86,217,87,88,89,248,98,99,109,241,243,244,116,120,249,250,252,253,254
0,1,258,264,265,266,11,13,146,20,281,283,157,158,32,163,304,51,58,64,68,69,325,71,74,75,76,77,205,81,210,214,86,87,88,89,215,120,94,98,101,122,106,107,109,241,244,116,248,249,250,252,253,254
257,258,260,7,10,270,16,277,280,156,158,32,163,44,51,58,68,325,69,71,73,74,75,329,77,202,205,207,81,80,210,84,214,86,87,89,218,88,215,97,98,101,106,237,109,241,244,116,119,120,250,251,254
256,258,264,265,266,270,281,282,283,158,32,163,168,44,51,58,191,64,68,69,70,198,71,74,75,205,79,81,210,84,86,87,88,89,215,120,121,97,98,101,106,107,109,241,244,117,116,119,248,249,250,251,253,254
256,257,258,4,262,7,264,266,11,270,282,283,155,158,32,163,168,51,64,194,68,69,70,71,72,74,75,205,81,210,213,86,215,87,89,88,249,122,104,106,109,241,243,244,116,248,121,250,251,252,253,254
258,264,265,266,267,11,18,278,22,283,158,32,163,166,168,51,58,187,60,64,68,69,198,325,72,71,74,75,202,205,77,80,81,210,208,213,214,86,87,89,88,94,121,98,99,104,106,109,241,244,116,248,249,250,253,254
256,257,258,259,260,262,263,7,10,269,270,16,277,278,280,155,158,32,163,51,54,58,194,68,70,71,73,74,205,79,81,210,86,87,88,89,93,97,98,99,228,101,106,109,113,114,115,244,116,120,121,250,251,255
256,258,7,265,269,270,144,277,278,282,155,158,32,163,50,51,58,188,189,194,68,70,71,74,79,81,210,84,86,87,88,89,120,92,97,101,105,106,234,109,112,114,244,117,116,247,248,121,251,254
258,2,7,264,265,269,282,283,284,158,32,168,43,173,51,53,189,194,68,70,71,198,199,74,201,76,77,79,207,81,210,84,86,87,88,217,89,247,92,95,97,105,106,109,241,114,244,117,116,119,248,121,253,254
258,260,264,11,269,270,13,282,283,284,158,32,163,43,44,51,58,68,69,70,71,74,75,77,205,79,81,210,84,85,86,87,88,89,215,92,120,98,106,109,241,244,116,117,119,248,249,250,252,253,254
258,259,263,264,7,11,268,272,282,283,158,31,32,163,43,44,51,58,66,68,69,70,71,74,76,77,205,80,81,210,84,86,87,88,89,215,97,121,98,99,106,109,241,244,117,116,119,248,249,252,253,254
259,260,262,264,270,16,18,277,278,282,158,32,163,44,51,58,194,68,325,70,71,73,74,75,77,205,81,210,86,87,88,89,215,97,98,101,106,109,112,114,244,117,116,120,249,250,251,254
257,258,262,7,264,265,266,13,144,282,283,155,158,32,163,51,58,64,194,324,69,68,70,72,71,74,75,76,205,79,208,81,210,86,215,87,88,89,249,122,106,109,241,243,244,116,117,248,121,250,252,253,254
259,261,7,266,267,15,275,276,277,278,20,283,158,32,163,168,44,51,58,189,68,69,325,71,72,75,205,80,81,210,84,86,87,88,89,215,91,92,94,98,249,104,106,109,242,115,244,117,116,246,121,250,254
257,258,260,262,269,270,16,280,158,32,163,44,51,309,58,64,68,69,71,73,74,329,202,77,205,80,81,210,84,85,86,87,88,89,215,94,248,97,98,101,106,107,109,241,116,245,119,120,249,251,253,254
257,258,259,260,261,268,269,270,13,20,277,278,282,283,157,158,32,163,39,175,51,58,68,69,71,74,75,204,205,81,210,86,87,88,89,120,98,106,107,109,124,241,242,243,244,116,117,114,248,249,250,251,118,254
258,259,260,262,264,265,266,11,269,270,13,22,282,283,158,32,163,42,51,186,187,58,68,69,71,74,75,76,77,202,205,208,81,210,86,87,88,89,215,98,101,249,106,107,109,241,244,116,119,248,121,252,253,254
258,262,7,264,265,135,269,15,282,155,158,32,168,42,50,51,180,309,194,195,68,69,198,71,70,74,76,77,206,79,81,210,84,86,87,88,89,90,92,121,105,106,109,112,114,115,244,116,247,248,249,122,253
264,265,266,13,282,283,284,158,32,163,44,51,58,191,64,68,69,198,325,71,73,74,75,76,77,330,205,208,81,210,84,86,215,87,88,89,94,121,97,98,106,107,109,241,244,116,119,248,249,251,253,254
256,135,8,265,263,13,142,270,274,24,282,158,32,163,51,58,187,324,196,198,68,69,71,74,205,79,208,80,210,81,214,86,87,88,89,92,97,98,103,105,106,107,109,110,241,114,243,116,246,118,248,249
257,260,137,10,269,270,16,275,277,278,280,158,32,163,44,51,58,68,197,325,69,71,73,202,75,205,80,81,210,84,214,86,87,89,218,88,215,98,101,231,104,106,237,109,244,116,119,120,250,251,254
0,129,1,128,7,16,17,146,19,21,27,29,158,159,32,35,164,163,38,44,46,304,49,178,51,52,57,58,62,63,68,69,71,73,202,205,80,81,210,84,86,87,88,89,215,224,97,98,227,229,232,233,106,235,109,116
264,265,266,11,267,282,283,158,32,163,43,44,50,51,58,189,320,64,195,68,69,198,71,72,74,75,205,79,80,81,210,84,86,87,88,89,215,119,94,98,249,106,107,109,241,244,117,116,246,248,121,252,253,254
257,258,260,261,266,270,20,277,283,158,32,163,37,44,51,58,64,68,69,325,71,74,75,205,81,210,84,85,86,214,87,88,89,215,92,97,98,101,104,106,107,109,241,243,244,116,120,249,250,251,253,254
0,264,9,265,269,13,22,279,282,27,284,283,158,32,163,166,42,44,51,180,58,187,68,70,71,74,202,76,77,205,208,81,210,84,86,87,88,89,215,92,98,99,105,106,109,112,244,117,116,247,248,121,254
256,258,260,262,7,264,265,266,270,151,282,283,158,32,163,44,51,58,68,69,71,74,75,77,205,79,80,81,210,84,86,215,87,88,89,120,121,97,98,104,106,107,109,241,242,243,244,116,248,249,250,251,252,253,254
256,257,258,259,260,263,264,266,270,282,283,158,32,163,44,51,58,64,68,69,71,74,75,77,205,81,210,84,213,86,87,88,89,215,248,98,101,122,104,106,109,241,243,244,116,119,120,249,250,251,254
256,257,261,266,270,277,278,279,284,158,32,163,44,301,51,58,68,325,70,71,74,75,205,80,81,210,84,86,214,87,88,89,215,92,98,101,104,106,107,109,112,114,243,244,116,117,115,120,250,251,254,255
256,257,258,261,263,264,267,269,270,13,279,282,284,158,32,163,43,44,51,54,58,68,69,70,71,74,77,205,80,81,210,84,86,87,88,89,215,247,92,120,97,98,105,106,109,114,244,116,119,248,252,254,255
256,258,262,7,264,265,269,142,13,279,282,26,284,158,32,163,41,44,51,54,58,324,68,69,71,74,77,205,79,80,81,210,83,84,86,119,87,88,89,215,95,97,98,106,107,109,241,243,244,116,247,248,121,252,253,254
256,257,258,260,262,264,265,266,269,270,282,283,284,158,32,163,44,50,51,58,68,69,198,71,74,75,205,79,81,210,84,214,86,87,89,88,215,120,98,106,107,109,241,244,116,119,248,250,251,252,253,254
256,257,258,259,260,7,264,269,270,282,283,284,158,32,163,44,51,58,68,69,70,71,74,75,77,205,80,81,210,84,213,86,87,88,89,215,120,97,98,122,105,106,109,114,243,244,116,245,247,248,249,250,251,254
7,264,265,266,11,142,271,18,19,282,283,155,158,32,163,172,51,313,58,194,67,68,69,70,71,72,200,74,75,79,81,210,84,86,87,88,89,96,98,249,104,106,109,241,242,244,117,116,248,121,250,252,253,254
257,258,259,260,261,264,265,266,10,270,16,22,282,283,284,28,158,32,163,44,51,58,63,68,69,71,72,73,74,75,77,205,81,210,213,86,87,88,89,215,92,98,122,106,109,241,243,244,117,116,248,249,250,253,254
256,257,258,259,270,277,150,282,284,158,32,163,43,44,51,58,68,69,70,71,74,75,76,77,205,80,81,210,84,213,86,87,88,89,215,92,120,97,98,101,122,105,106,109,114,243,244,117,116,119,248,250,251,254
256,257,258,259,260,261,266,267,11,269,270,13,20,278,22,158,30,32,34,35,37,167,44,45,51,52,64,68,69,70,199,200,201,74,75,81,213,214,87,88,89,93,104,109,114,115,244,243,116,119,249,250,251,254
257,258,259,260,261,262,135,7,10,270,16,277,278,155,156,158,32,163,51,58,194,195,68,70,71,73,74,77,206,79,81,86,87,88,89,97,101,122,234,106,109,112,114,115,244,116,120,121,250,251
257,259,7,137,10,266,270,16,275,277,278,158,32,163,44,51,311,58,68,325,69,71,329,73,75,74,202,205,80,81,210,84,214,86,87,89,218,88,215,97,98,101,104,106,107,237,109,115,244,116,120,250,251,254
261,264,265,266,267,270,18,275,20,278,283,158,32,163,168,44,51,58,64,67,68,69,71,72,200,74,75,205,207,80,209,81,210,212,86,87,88,89,215,94,96,121,98,104,106,109,241,242,244,117,116,246,249,250,254
256,257,258,259,262,7,264,266,270,277,282,158,32,163,44,51,58,68,69,70,71,72,74,75,77,205,80,81,210,84,213,86,87,88,89,215,97,98,122,104,106,109,114,243,244,115,116,248,249,250,251,254
259,260,261,262,7,266,11,270,20,277,278,280,283,158,32,163,44,51,58,68,325,69,71,74,75,205,80,81,210,84,214,86,87,88,89,215,92,97,98,101,104,106,109,241,243,244,117,116,119,120,249,250,251,254
259,7,264,13,142,146,21,23,282,283,27,284,158,32,163,166,168,43,44,51,180,58,64,324,68,198,69,70,71,74,76,77,205,208,80,81,210,84,86,87,88,89,215,97,98,99,105,106,109,241,244,116,248,121,253,254
258,259,261,264,265,266,276,282,283,158,32,163,41,44,50,51,58,64,68,69,198,70,72,71,74,75,205,80,81,210,84,213,86,215,87,88,89,91,98,249,122,106,109,241,243,244,117,116,248,121,250,252,254
0,259,3,6,262,7,269,272,16,279,158,32,163,44,49,50,51,185,58,317,320,321,194,68,69,71,73,74,203,202,205,80,81,82,209,210,84,86,87,216,88,90,89,215,98,232,106,235,109,111,114,116,117,121,255
256,258,259,7,264,265,266,269,270,276,277,282,158,32,163,44,51,58,66,68,69,70,71,72,74,77,205,79,80,81,210,84,86,87,88,89,215,97,98,249,106,107,109,241,114,243,244,117,116,247,248,121,253,254
256,257,258,259,262,264,266,270,277,282,283,158,32,163,44,51,58,64,68,69,70,71,72,74,75,77,205,81,210,84,213,86,87,88,89,215,96,98,249,122,104,106,109,241,243,244,116,248,121,250,251,252,253,254
258,7,264,265,266,11,269,270,144,18,282,283,284,155,158,32,163,169,43,172,51,58,188,189,194,68,69,70,71,74,75,205,79,81,210,86,87,88,89,120,249,106,109,241,244,117,116,119,248,121,252,253,254
258,259,260,261,7,264,265,266,269,144,276,277,278,282,283,155,158,32,163,51,58,64,194,68,69,70,71,72,74,75,205,79,81,210,213,86,87,88,89,249,105,106,109,243,244,117,116,248,121,250,251,254
258,260,7,264,265,11,269,270,271,277,281,282,283,284,158,32,163,44,51,58,68,69,71,74,75,77,205,79,80,81,210,84,86,87,88,89,215,120,97,98,101,249,106,107,109,241,244,117,116,119,248,121,250,253,254
1,258,7,264,265,266,15,273,276,277,281,282,283,155,158,32,163,41,51,64,194,68,69,70,71,72,74,75,77,205,79,81,210,86,87,88,89,90,94,121,122,106,109,241,244,117,116,248,249,250,253,254
264,265,12,142,273,280,282,283,158,32,163,170,43,44,51,59,189,64,192,68,69,326,71,73,330,74,75,205,79,208,80,81,210,84,86,87,88,89,215,91,248,97,98,106,107,109,238,241,116,246,119,120,249,252,253,254
259,3,263,264,7,11,268,269,270,272,19,277,151,282,158,31,32,163,43,48,51,58,66,68,71,74,77,205,80,81,210,214,86,87,88,89,215,97,98,99,232,106,109,241,115,244,117,116,246,120,121,251,252,125,254
258,262,7,264,265,266,276,281,282,283,155,158,32,163,39,51,58,188,189,64,194,68,69,198,71,72,70,74,75,76,77,79,81,210,86,87,88,89,223,249,106,107,109,241,244,117,116,248,121,250,252,253,254
7,266,10,270,16,277,278,282,155,158,32,163,168,51,313,194,68,325,70,71,73,74,75,205,79,81,210,86,214,87,88,89,97,121,98,101,106,107,109,114,244,117,116,120,249,250,251,254
256,258,262,263,264,265,266,7,9,12,269,271,22,279,282,283,284,156,158,32,163,42,51,187,65,194,68,69,70,71,74,75,76,77,79,208,81,86,87,88,121,105,106,109,241,114,244,117,116,247,248,249,250,253,254
256,261,262,264,265,266,13,146,277,282,283,158,32,163,166,44,178,51,58,64,195,68,69,71,72,74,75,77,205,80,81,210,84,86,215,87,88,89,92,98,249,106,107,109,114,243,244,117,116,248,121,250,253,254
257,258,259,261,7,270,277,278,158,32,163,44,51,58,194,68,69,325,70,72,71,74,75,205,80,81,210,84,213,86,87,88,89,215,93,248,97,98,122,106,107,109,114,243,244,117,115,116,120,249,250,251,254
257,258,261,7,265,270,276,282,283,155,158,32,163,166,51,180,58,194,68,70,71,74,76,77,205,79,81,210,86,87,88,89,215,92,121,98,99,105,106,107,109,112,243,244,116,117,248,249,250,253,254
258,7,264,265,266,11,151,280,282,283,284,158,32,163,44,46,51,58,64,68,69,198,71,72,74,75,77,205,79,80,81,210,84,86,87,88,89,215,92,120,97,98,101,106,107,109,241,244,116,119,248,249,250,253,254
7,264,265,11,279,282,283,284,155,158,32,163,168,43,51,58,194,68,69,198,70,71,74,75,76,77,205,79,81,210,86,87,88,89,92,98,249,105,106,107,109,241,243,244,116,117,119,248,121,250,252,253,254
261,7,266,270,20,277,278,283,158,32,288,163,44,51,58,68,325,69,71,74,75,205,80,81,210,84,86,214,87,88,89,215,92,121,97,98,101,104,106,107,109,240,243,244,117,115,116,120,249,250,251,254
8,265,11,13,17,146,19,21,22,23,282,283,27,284,158,32,163,164,166,43,44,304,178,51,180,187,68,71,202,75,77,205,81,210,85,214,86,87,88,89,92,98,99,101,105,106,107,109,244,116,250,253
256,258,262,264,265,11,268,269,272,279,280,282,283,158,32,163,43,44,51,54,58,64,68,69,71,74,77,205,79,80,81,210,84,214,86,87,88,89,215,120,97,98,99,101,106,109,241,242,116,119,248,252,253,254
261,7,264,265,266,269,143,144,276,277,282,283,155,158,32,163,51,58,64,194,68,69,70,71,72,74,75,77,205,79,81,210,86,87,88,89,120,92,249,104,106,109,241,243,244,117,116,248,121,250,253,254
258,7,264,265,266,282,283,284,155,158,32,163,168,170,51,58,64,194,68,69,70,198,72,71,74,75,76,77,205,79,81,210,86,87,88,89,215,92,98,249,106,107,109,241,244,117,116,248,121,250,253,254
258,7,264,265,266,9,22,282,283,284,155,158,32,163,42,51,187,64,194,68,69,198,71,72,70,74,75,77,205,79,208,81,210,86,87,88,89,120,249,122,106,107,109,241,243,244,117,116,248,121,250,252,253,254
256,261,264,269,270,277,279,282,158,32,166,174,51,68,69,70,71,74,75,77,80,81,210,84,86,87,88,89,91,92,120,97,98,101,105,106,107,109,111,112,114,243,116,244,117,247,248,121,250,254
259,261,266,270,277,278,158,32,163,168,51,64,68,325,69,71,70,74,75,80,81,210,84,85,86,214,87,88,89,92,94,97,98,121,101,104,106,107,109,114,115,244,117,116,120,249,250,251,254
256,258,260,262,7,264,11,269,13,151,282,283,284,27,154,158,32,163,166,43,44,51,54,58,68,69,71,74,75,77,205,208,80,81,210,84,86,87,88,89,215,120,97,98,99,105,106,109,241,244,116,119,248,252,253,254
256,258,260,264,265,269,142,270,280,282,283,284,158,32,163,165,168,43,44,48,51,179,58,59,64,68,69,70,71,74,77,205,79,80,81,210,84,86,87,88,89,215,120,98,101,106,107,109,241,244,116,246,119,248,253,254
257,258,259,260,7,266,11,270,16,277,278,280,283,158,32,163,44,51,58,68,325,69,71,73,74,75,202,205,80,81,210,84,214,86,87,89,88,215,97,98,101,104,106,107,109,115,244,243,116,119,120,250,251,254
257,7,10,270,16,275,277,278,280,284,158,32,163,44,51,311,58,68,325,69,71,73,329,75,202,205,80,81,210,84,214,86,87,89,218,88,215,94,98,101,231,104,106,107,237,109,115,244,116,119,120,250,251,255
256,258,261,262,7,264,266,11,270,277,282,283,284,158,32,163,44,51,58,68,69,71,74,75,77,205,80,81,210,84,86,87,88,89,215,92,248,97,121,98,104,106,109,241,243,244,116,119,120,249,250,251,253,254
2,3,261,7,266,12,270,18,275,19,22,278,151,158,32,163,44,304,51,53,312,58,189,68,325,69,71,75,205,207,80,81,210,84,86,214,87,88,89,215,91,92,222,223,97,98,106,235,109,240,242,116,117,250,251
257,259,260,10,11,270,16,277,278,280,282,156,158,32,163,44,51,54,58,68,197,325,71,73,75,205,81,210,84,86,87,88,89,218,215,93,97,98,101,231,106,108,109,114,115,244,116,117,119,120,250,251
256,258,7,264,265,266,269,270,142,18,277,278,282,283,155,158,32,163,168,51,194,67,68,69,70,71,74,75,205,81,210,86,87,88,89,96,121,106,109,241,243,244,117,116,248,249,250,251,254
257,137,10,11,270,16,275,278,280,158,32,163,44,51,311,58,68,325,197,69,71,329,202,73,200,205,78,80,81,210,84,214,86,87,89,218,88,215,98,101,231,104,106,107,237,109,115,243,116,119,120,249,250,251
7,264,265,266,269,282,283,155,158,32,163,39,168,51,58,64,194,68,69,198,71,72,325,74,75,70,205,79,81,210,86,215,87,88,89,98,249,104,106,107,109,241,243,244,117,116,248,121,250,253,254
258,262,7,264,265,269,270,144,277,282,155,284,158,32,163,51,58,64,194,68,70,71,74,77,205,79,81,210,84,213,86,87,88,89,119,97,101,249,105,106,109,241,114,244,117,116,247,248,121,250,253,254
256,258,262,7,264,265,269,270,151,282,283,284,158,32,163,44,51,58,68,69,70,71,74,75,76,77,205,79,80,81,210,84,86,87,88,89,215,92,97,98,101,105,106,107,109,241,244,116,119,248,249,253,254
258,261,7,266,13,270,278,282,158,32,163,44,51,58,64,68,325,69,71,74,75,77,205,80,81,210,84,85,214,86,87,88,89,215,92,91,98,101,231,105,106,107,109,112,244,117,116,248,249,250,254
7,264,266,11,270,144,18,275,20,277,278,283,155,158,32,163,172,51,58,194,67,68,69,325,70,71,74,75,79,81,82,210,214,86,87,88,89,94,96,249,104,106,109,111,241,242,115,244,117,116,121,250,251,254
256,257,258,260,262,264,265,266,11,269,270,15,17,21,282,283,158,32,163,44,51,58,64,68,69,70,198,71,74,75,77,205,79,80,81,210,84,86,87,88,89,215,94,98,106,109,238,241,244,116,119,248,249,252,253,254
259,260,7,264,263,269,270,277,282,283,155,158,32,163,43,51,313,58,194,68,69,70,71,74,75,77,205,79,81,210,84,86,87,88,89,121,98,106,107,109,241,114,243,244,117,116,248,249,250,253,254
258,262,7,264,265,266,11,9,22,282,283,155,158,32,163,42,301,51,58,187,64,194,68,69,198,71,72,70,74,75,76,77,79,208,81,86,87,88,89,95,249,106,107,109,241,244,117,116,248,121,250,252,253,254
256,258,264,266,11,269,270,277,282,283,158,32,163,166,44,45,174,51,58,64,68,69,70,325,72,71,74,75,205,79,81,210,84,214,86,87,88,89,215,94,121,98,104,106,107,109,114,243,244,116,248,249,250,251,253,254
256,258,261,7,264,266,269,270,277,151,280,282,283,284,158,32,163,44,51,58,64,68,69,70,71,74,75,77,205,80,81,210,84,86,87,88,89,215,120,92,97,121,98,106,107,109,241,244,116,119,248,249,250,252,253,254
7,264,266,267,18,275,151,283,158,32,163,44,51,312,56,58,319,64,67,324,69,325,68,72,71,74,75,205,207,80,81,210,84,213,214,215,86,87,88,89,94,97,98,104,106,109,241,243,244,116,249,250,251,253,254
261,7,266,12,270,142,275,151,283,158,160,32,163,170,51,53,186,58,189,191,64,68,325,198,69,71,330,75,205,207,80,81,210,213,86,87,88,89,92,98,106,107,109,241,242,116,119,120,249,250,251,254
258,259,5,7,264,265,266,270,144,282,283,155,158,31,32,51,188,64,194,68,69,325,70,72,71,74,75,76,79,81,210,86,87,88,89,121,98,100,104,106,109,241,243,244,117,116,248,249,250,252,253,254,127
258,2,260,7,264,265,266,270,280,282,283,284,158,32,168,43,173,51,53,189,68,69,70,199,71,201,74,75,77,207,81,86,87,88,217,120,249,106,109,241,243,244,117,116,119,248,121,250,251,252,253,254
258,259,264,265,8,11,269,13,270,282,283,284,158,32,163,43,44,51,58,59,64,68,69,70,198,71,74,76,77,205,79,208,81,210,84,86,87,88,89,215,92,98,106,107,108,109,241,244,116,117,119,248,249,253,254
0,7,9,16,17,21,279,27,158,159,32,33,35,164,165,166,39,168,163,44,46,49,178,51,55,57,58,62,63,65,68,69,71,73,202,205,80,81,210,84,85,86,87,88,89,90,215,224,97,98,102,232,105,106,109,116
257,258,7,10,11,268,269,270,16,277,151,280,282,158,32,163,43,44,51,58,64,68,70,71,73,74,202,77,205,80,81,210,84,86,87,88,89,215,92,97,98,101,105,106,107,109,114,244,116,119,120,121,251,254
258,264,265,266,282,283,158,32,290,163,166,168,43,44,174,51,58,64,195,68,69,198,70,72,73,74,71,76,205,208,81,210,211,84,214,86,87,88,89,215,94,98,101,103,106,107,109,241,243,244,116,119,248,249,253,254
257,10,266,268,270,16,275,20,277,278,280,156,158,32,163,44,51,58,187,64,194,68,325,71,329,74,75,202,73,205,81,210,213,214,86,87,89,215,88,98,101,104,107,237,109,242,115,244,116,119,120,249,250,251
256,257,258,262,7,264,266,11,269,270,144,282,283,155,158,32,163,166,51,58,319,64,194,68,69,70,71,74,77,205,79,81,210,214,86,87,89,88,121,98,99,101,105,106,109,244,117,116,248,249,250,251,253,254
7,264,265,144,146,282,283,284,155,158,32,163,43,51,180,58,188,194,68,69,70,71,198,74,76,77,79,81,84,86,87,88,89,90,92,95,249,105,106,109,112,241,114,244,117,116,248,121,253,254
256,257,258,259,260,262,263,264,268,269,270,272,277,282,158,31,32,163,44,50,51,54,58,66,68,70,71,74,77,205,80,81,210,84,86,87,88,89,215,97,98,99,106,109,114,243,244,116,119,248,250,251,252
258,7,264,265,266,11,151,282,283,284,158,32,163,44,51,58,64,68,69,198,325,71,74,75,76,77,205,79,208,80,81,210,84,86,215,87,88,89,120,97,98,249,106,107,109,241,244,116,119,248,121,250,253,254
7,9,12,269,270,271,147,19,280,282,26,155,158,32,163,168,43,304,51,315,194,68,69,198,71,70,330,76,77,205,79,81,210,86,87,88,89,90,222,99,105,234,106,237,109,241,114,116,117,247,121,251,254
7,264,266,151,281,282,283,158,32,163,44,51,186,58,191,64,324,69,198,325,72,71,74,203,68,77,205,79,208,80,81,210,84,213,214,215,86,87,88,89,97,98,126,249,106,109,243,244,116,248,121,250,253,254
261,263,264,7,266,270,277,278,282,283,158,32,163,44,51,58,68,69,70,71,74,75,77,205,80,81,210,84,86,87,88,89,215,92,248,97,98,106,107,109,112,114,243,244,117,116,120,249,250,251,254
257,258,260,7,10,270,16,278,280,26,155,156,158,32,163,46,51,54,194,68,325,70,71,329,73,202,74,205,81,210,84,214,86,87,89,218,88,216,91,97,101,102,231,234,106,237,109,116,119,120,121,251
256,257,258,262,135,264,265,269,282,155,284,158,32,168,43,44,51,180,182,195,68,69,70,71,72,198,74,76,77,205,206,81,210,84,86,87,88,89,215,91,92,97,98,99,105,106,109,114,115,244,116,247,248,122,252,253
7,264,265,266,268,13,270,277,282,283,155,158,32,163,51,58,64,194,68,69,198,71,325,70,74,75,76,77,79,81,210,86,215,87,88,89,249,106,109,241,242,243,244,117,116,247,248,121,250,253,254
257,258,259,260,262,263,264,7,266,11,268,270,272,144,277,283,155,158,31,32,163,51,58,194,68,325,69,70,71,74,75,77,205,79,81,210,86,87,88,89,95,121,99,106,109,241,244,116,117,120,249,250,251,252,254
256,261,264,11,269,22,279,282,284,158,32,163,168,43,44,51,187,62,68,70,198,71,74,202,77,205,208,81,210,84,86,87,88,89,215,247,92,97,98,105,106,109,114,244,117,116,119,248,252,253,254
258,269,270,277,278,282,158,32,163,166,168,43,44,51,58,68,69,70,71,74,75,77,205,81,210,84,86,215,87,88,89,92,120,97,98,99,126,101,105,106,107,109,112,114,244,117,116,247,248,250,254
257,258,261,264,265,266,270,277,278,282,158,32,163,44,51,313,58,68,69,70,71,72,74,75,205,80,81,210,84,86,87,88,89,215,92,93,98,101,249,104,106,107,109,243,244,117,116,248,121,250,251,254
256,257,258,262,7,264,10,269,270,277,278,155,28,158,32,163,168,51,188,194,68,69,70,71,74,75,205,79,81,210,86,87,88,89,94,97,98,121,101,106,109,114,115,244,117,116,120,249,250,251,254
258,7,264,265,266,13,141,282,283,284,155,158,32,163,43,51,58,64,194,324,69,70,198,72,68,74,71,76,77,79,81,210,85,86,215,87,88,89,94,98,249,106,109,241,113,243,244,117,116,248,121,122,252,253,254
5,264,265,266,267,270,142,277,278,283,158,32,163,44,51,58,64,68,69,325,71,72,73,74,75,205,79,80,81,210,212,84,214,86,87,89,88,215,94,95,98,101,104,106,107,109,243,115,244,116,249,250,251,254,127
258,7,264,8,266,13,142,17,146,275,20,21,23,282,283,27,157,158,32,164,36,166,168,178,51,64,194,68,69,71,74,75,76,77,81,85,86,87,88,119,121,99,105,106,107,109,244,117,116,118,248,249,250,253,254
3,263,266,267,12,11,142,18,275,146,19,20,281,155,283,157,158,32,163,168,172,175,51,313,189,68,69,327,71,330,75,205,207,79,80,81,210,214,86,87,217,88,89,221,94,98,104,106,109,241,242,244,116,118,253
3,7,10,12,13,270,16,19,275,277,151,282,155,158,32,163,51,53,58,189,194,68,325,70,71,329,202,74,73,75,79,81,210,214,86,215,87,88,89,101,106,235,107,237,109,116,117,121,251
7,266,10,16,18,275,20,277,283,158,32,163,44,51,311,58,189,64,68,325,69,71,73,202,75,74,205,80,81,210,84,214,86,87,88,89,215,94,97,98,249,104,106,109,242,244,116,120,121,250,251,254
264,265,266,15,273,146,282,283,158,32,163,44,51,180,58,317,189,320,64,68,69,198,71,72,73,74,75,76,205,79,81,210,84,86,215,87,88,89,91,97,98,249,106,107,109,241,244,116,119,248,121,253,254
257,258,260,7,11,269,270,277,278,151,280,282,283,158,32,163,166,44,51,58,68,325,70,69,71,74,75,77,205,80,81,210,84,214,86,87,89,88,215,97,98,99,101,106,107,109,241,244,116,119,120,250,251,254
256,258,259,261,266,270,277,278,158,32,163,44,51,180,58,68,70,71,74,75,205,80,81,210,84,86,87,88,89,215,92,97,121,98,101,104,106,108,109,111,112,114,115,244,117,243,116,120,249,250,251,254
258,7,264,265,266,11,270,144,18,19,146,277,278,283,155,158,32,163,51,180,58,194,67,68,69,70,71,74,75,79,81,210,86,87,88,89,96,121,104,106,109,112,241,114,115,244,117,116,249,250,251,253,254
256,258,262,7,264,265,269,270,282,283,284,158,32,163,44,51,309,58,60,68,69,70,71,74,75,330,77,205,79,80,81,210,84,86,87,88,89,215,120,97,121,98,106,109,241,114,243,244,117,116,248,249,250,253,254
258,7,264,11,13,144,17,146,23,282,283,27,284,155,158,32,163,166,43,51,58,194,68,69,70,71,74,76,77,205,79,208,81,210,84,86,87,88,89,215,92,121,98,99,105,106,107,109,241,244,116,117,119,248,249,253,254
266,11,270,272,277,280,282,283,26,158,32,163,165,168,43,44,51,58,64,68,325,69,71,74,75,205,79,80,81,210,84,214,86,87,88,218,89,215,248,97,98,101,106,107,109,241,244,116,119,120,249,250,251,253,254
257,258,260,264,11,269,270,142,22,280,282,283,284,158,32,163,42,43,51,58,187,68,69,70,198,71,74,202,77,205,208,81,210,84,86,87,88,89,248,97,98,101,106,107,109,241,244,116,119,120,252,253,254
256,258,260,7,264,11,269,270,151,153,282,283,284,158,32,163,43,44,51,182,58,68,69,70,71,74,76,77,205,79,80,81,210,84,86,87,88,89,215,92,120,97,98,105,106,107,109,241,244,116,119,248,249,253,254
256,258,262,7,264,265,266,268,277,282,283,158,32,163,44,178,51,58,64,68,69,70,71,72,74,75,77,205,79,80,81,210,84,86,87,88,89,215,120,97,98,249,106,107,109,241,242,244,116,248,121,250,253,254
258,263,264,265,266,274,282,283,158,32,163,44,51,58,64,66,68,69,198,71,72,74,75,76,77,205,79,80,81,210,84,214,215,86,87,88,89,98,249,104,106,107,109,241,243,244,116,248,121,250,123,252,253,254
0,1,258,260,137,266,11,269,270,275,280,281,283,27,158,32,163,170,44,51,58,59,64,68,325,69,71,74,75,205,81,210,214,86,87,88,218,89,215,94,98,101,104,106,107,109,241,244,116,119,120,250,251,253,254
256,257,259,262,7,270,271,144,277,278,155,156,158,32,163,51,58,194,68,325,70,71,200,74,75,77,205,79,81,210,86,214,87,89,88,97,98,121,100,104,234,106,109,112,114,243,115,116,117,249,250,251
257,260,261,11,270,146,280,282,283,284,158,32,163,168,170,43,51,58,59,191,68,325,197,326,69,71,75,77,205,80,81,210,84,213,86,87,88,89,92,248,97,98,106,107,109,241,243,244,116,119,120,250,251,253,254
258,264,265,266,277,282,283,158,32,163,44,51,58,191,64,68,69,70,71,72,74,75,76,77,205,79,80,81,210,84,86,87,88,89,215,97,98,101,249,106,107,109,241,244,117,116,246,248,121,250,253,254
6,7,265,9,13,143,144,146,148,279,154,155,156,157,158,32,160,161,163,164,36,167,168,169,172,173,301,302,175,304,179,180,53,181,51,317,189,64,321,194,324,198,203,208,209,82,213,86,215,87,90,106,116,121
2,3,135,11,15,144,145,146,18,148,149,26,283,155,154,157,158,160,161,32,163,166,167,170,172,173,175,304,179,180,51,181,58,316,189,191,192,64,324,196,198,69,327,326,330,202,203,205,208,210,214,87,106,241,253
264,265,266,15,143,144,146,18,148,149,153,154,155,158,159,160,32,161,166,167,297,171,172,174,175,179,180,51,182,185,316,317,64,193,324,69,198,72,203,75,209,82,212,213,85,215,87,95,106,114,115,121
141,144,148,149,152,153,154,155,158,160,292,293,294,295,296,167,297,299,171,172,166,303,170,301,306,307,179,174,310,182,184,177,180,308,316,317,319,327,213,215,226,175
1,129,9,143,144,145,274,146,147,148,149,153,154,155,157,158,32,161,34,160,293,166,167,296,297,170,171,172,173,174,47,175,177,179,180,181,310,184,187,316,62,319,66,195,326,327,328,330,206,207,209,211,213,215,217,226
5,11,141,144,273,146,18,272,150,152,153,155,157,158,160,161,167,296,297,42,170,300,172,301,175,177,306,179,180,51,182,307,181,316,317,191,324,69,198,202,203,330,206,208,213,214,87,98,253,127
141,142,143,144,145,275,148,149,153,154,155,158,160,161,292,293,166,295,167,297,170,299,171,173,301,303,172,300,174,175,179,180,51,311,312,310,186,307,316,317,189,319,184,322,324,327,330,207,213,87,226,242
3,5,137,10,12,142,271,144,147,148,22,155,156,157,158,160,161,32,292,167,170,172,173,174,175,304,177,179,180,53,51,311,312,310,181,315,184,189,309,323,196,325,199,200,329,330,210,214,87,218,223,231,237,242
7,265,266,13,15,143,16,18,146,19,144,148,149,22,151,150,152,155,28,158,159,32,160,161,163,165,168,297,42,175,51,180,179,182,58,187,189,63,64,320,69,198,71,330,207,208,209,215,87,90,121,106,117,249
3,7,10,11,13,15,16,144,18,19,20,146,275,148,154,155,156,157,158,32,160,34,161,163,166,167,172,173,302,175,304,50,179,180,53,181,311,51,58,64,194,325,202,81,85,214,213,87,217,222,235,240,116,250
3,4,12,142,271,143,144,146,148,149,153,26,154,155,158,160,161,292,293,166,167,298,171,170,172,174,175,304,303,177,179,180,51,310,311,312,307,184,315,316,188,319,192,323,196,326,200,330,207,214,87,227,233,237,242
3,7,8,14,144,146,275,148,149,24,154,155,157,158,160,161,32,163,166,167,170,172,173,174,175,304,305,50,51,179,180,181,183,311,58,188,189,193,321,324,327,199,201,203,205,80,209,210,87,88,217,221,103,236,246,118
3,7,12,142,143,144,16,18,19,148,22,281,154,155,157,158,160,161,163,167,39,168,296,172,173,175,178,179,180,53,51,307,312,181,308,188,189,190,319,324,198,327,330,207,209,213,215,87,221,96,226,106,236,242,118
141,143,144,18,146,148,147,149,152,153,154,155,158,159,32,160,293,294,295,167,297,296,299,171,172,166,303,174,175,176,179,178,180,310,51,312,313,309,184,316,317,319,324,327,206,213,87,88,221,226
5,134,137,266,267,141,142,144,148,149,152,154,155,157,158,160,292,166,295,167,296,170,171,172,300,299,303,174,175,178,179,307,308,182,310,180,184,316,317,319,322,324,69,330,208,213,215,87,226,127
3,5,142,144,274,146,148,149,150,154,155,29,30,159,288,160,157,163,158,165,161,39,167,297,168,170,300,171,302,172,173,305,175,51,174,178,179,180,56,313,181,317,193,201,330,87,90,220,221,98,227,238
7,15,144,273,146,148,149,153,154,155,157,158,160,161,165,293,294,167,297,42,171,296,166,172,301,173,175,174,179,180,181,51,310,313,317,191,320,192,195,198,326,330,203,76,206,208,87,90,229,106,110,253
1,4,6,9,13,142,144,146,147,148,149,155,158,159,160,161,38,168,169,170,44,173,172,174,304,175,178,50,180,53,179,309,54,57,310,187,51,311,63,195,198,327,330,206,207,209,215,87,90,92,224,105,106
264,265,13,142,15,144,16,150,279,151,152,282,22,155,28,158,159,160,161,32,163,165,168,42,175,50,51,180,179,182,56,58,317,63,320,321,64,324,68,198,71,72,73,76,205,208,209,210,215,87,90,92,105,106,248,121
134,141,143,144,146,147,148,149,150,152,153,154,155,158,159,32,160,161,293,166,167,296,171,299,172,300,174,175,177,306,179,180,305,51,314,316,317,319,322,324,326,327,209,213,87,217,221,226
6,7,135,265,13,142,15,144,16,18,148,151,155,157,158,160,161,163,165,167,168,170,172,173,174,175,50,179,180,53,309,181,310,51,184,189,317,320,194,322,324,325,198,327,330,86,215,87,222,106,240,116,117,121,254
51,3,5,10,12,142,144,275,147,148,22,149,154,155,158,160,292,166,167,295,170,299,172,174,303,175,177,179,307,53,180,311,312,310,308,184,188,189,309,325,201,330,207,87,221,223,226,237,242
128,141,142,143,144,145,148,149,152,153,154,155,157,158,32,160,161,292,293,166,295,167,296,170,299,171,172,174,303,175,179,180,51,310,307,312,184,316,319,327,330,209,213,87,221,226,242
3,135,265,10,266,12,13,15,16,273,145,275,19,150,151,152,22,30,158,32,159,34,35,165,37,167,168,297,44,173,45,174,304,303,175,179,52,309,51,311,182,189,64,196,199,329,73,330,202,201,87,216,88,89,237
258,3,7,265,266,12,13,15,144,273,18,150,151,152,155,30,158,32,159,160,161,34,165,163,168,43,175,50,51,180,309,181,179,182,58,317,320,64,321,71,72,73,330,205,210,87,90,106,234,111,112,117,121
141,181,144,273,274,148,149,150,152,281,154,153,155,29,158,159,160,157,161,293,166,167,296,299,300,171,174,172,173,305,306,307,175,177,310,179,180,313,314,51,316,317,182,183,184,87,220,221,227
5,135,141,142,144,18,275,148,149,153,154,155,158,160,292,293,166,295,167,170,299,172,171,174,303,175,305,179,180,51,310,307,312,313,186,184,316,188,319,327,330,207,213,87,221,98,226,242
2,3,7,12,143,144,18,19,20,148,22,154,155,157,158,160,161,32,163,166,167,297,172,301,302,173,304,175,178,179,180,53,181,51,312,58,189,190,194,68,327,207,213,214,87,88,217,221,222,223,235,236,242,116
2,135,11,144,18,146,148,274,19,147,281,154,155,29,157,159,160,158,161,35,163,294,167,42,172,173,302,174,175,305,179,180,51,307,308,184,313,181,317,65,67,69,327,87,220,221,98,227,106,110
134,141,16,144,275,148,149,150,151,152,281,154,153,155,30,158,159,160,34,32,292,163,165,167,295,296,297,171,300,299,166,303,168,172,175,179,51,180,182,311,186,58,73,202,329,81,213,87,216,94,226
2,3,7,12,13,143,144,146,19,18,148,154,283,155,157,158,32,160,161,163,38,167,40,296,298,172,173,175,304,179,180,53,181,51,312,307,308,189,61,194,324,327,330,207,209,215,87,217,221,93,94,106,235,110,240,242,117
3,5,12,141,142,144,18,275,148,149,153,154,155,158,160,161,292,166,167,170,171,172,302,174,175,305,303,179,180,51,310,311,312,313,307,184,188,319,67,327,202,330,207,214,87,217,221,223,96,98,231,242,127
3,6,7,265,266,9,13,142,15,144,146,18,19,148,151,155,157,158,32,160,161,165,167,168,297,170,172,173,174,175,304,178,179,180,53,181,310,51,184,189,64,327,71,330,76,86,215,87,88,90,222,106,234,121
3,12,143,144,16,146,275,20,147,148,149,153,154,155,156,157,158,32,160,34,161,292,294,167,166,171,172,174,175,177,179,307,180,308,311,51,184,310,189,319,64,325,327,199,329,202,207,209,213,214,87,217,235,237
0,129,7,13,15,144,17,146,274,18,148,154,155,157,158,160,32,161,163,165,167,297,42,171,169,172,173,302,304,49,175,174,180,179,182,181,51,57,311,317,192,65,194,206,82,87,90,229,102,106,112
7,264,265,266,141,144,146,18,148,149,154,155,157,158,160,32,161,163,166,167,297,42,171,172,173,175,179,180,181,51,314,58,316,317,320,64,194,324,68,198,327,330,203,209,82,210,213,86,215,87,90,106,116,121
7,265,266,15,144,18,146,20,148,149,151,154,155,157,158,32,160,161,163,166,167,170,172,173,174,175,304,179,180,51,181,185,58,64,68,69,71,72,75,205,209,82,210,85,213,215,214,86,90,87,249,104,106,114,117,121,250
266,15,18,19,275,20,148,151,150,152,155,158,159,32,162,165,168,170,171,172,173,301,174,304,175,50,51,311,185,61,189,64,321,194,193,325,73,330,203,209,212,85,86,87,90,95,111,240,114,115,116,117,249
0,1,6,7,9,265,15,144,146,147,148,154,155,157,158,159,32,161,160,163,166,167,168,169,172,173,175,49,50,179,180,181,51,317,62,321,194,68,71,76,209,82,85,86,215,87,90,224,106,110,112,116,117,121
143,144,145,148,149,152,153,154,155,157,158,160,161,163,293,166,295,296,297,167,299,171,301,170,172,174,175,173,179,177,180,310,51,312,181,184,316,317,319,322,324,327,207,209,213,215,87,89,221,226,236
4,7,267,144,146,274,147,148,150,151,152,154,155,158,159,160,34,163,165,166,167,168,42,43,172,175,304,50,179,180,51,182,317,62,320,194,198,72,74,204,206,82,211,213,214,215,87,90,99,102,110,248,253
264,266,144,146,148,149,152,153,154,155,157,158,160,32,161,293,166,167,297,42,171,172,174,175,177,179,180,51,307,310,184,187,316,317,191,64,319,324,69,326,327,71,330,203,209,213,215,87,226,253
266,12,142,143,144,18,19,147,146,22,148,283,155,157,158,159,160,161,32,167,297,170,172,173,301,174,304,175,178,179,180,53,51,310,312,313,184,189,327,330,75,207,215,87,88,98,106,237,110,241,242,254
5,141,142,144,18,148,149,153,154,155,158,160,292,293,166,295,167,296,170,299,172,300,171,303,174,305,175,179,180,51,310,307,312,313,184,316,317,319,327,330,213,87,221,226,98,242
128,129,130,3,131,5,134,135,132,137,10,11,12,13,133,136,138,139,146,275,20,140,16,151,285,286,158,288,289,290,291,43,304,51,189,64,196,325,329,202,81,213,214,215,87,218,237,122,123,124,125,126,127
128,129,130,131,132,133,134,135,136,137,138,139,140,144,146,27,285,286,287,288,289,290,291,163,180,192,66,206,208,221,122,123,124,125,126,127
128,129,130,131,132,133,134,135,136,138,139,140,143,152,154,285,286,287,158,288,290,291,292,293,166,295,167,296,299,171,303,307,179,51,310,184,316,319,195,326,199,213,215,87,226,122,123,124,125,126,127
128,129,130,131,132,133,134,135,136,137,138,139,140,141,152,285,286,287,288,289,158,291,292,293,294,295,167,166,290,299,171,300,303,175,306,307,308,182,310,184,326,73,202,204,87,226,122,123,124,125,126,127
128,129,130,131,132,133,134,135,136,137,5,139,140,138,3,16,146,285,286,287,288,289,290,291,163,188,192,202,87,221,122,123,124,125,126,127
128,130,131,132,133,134,135,8,137,138,11,139,13,140,136,17,146,21,23,27,28,288,289,290,161,164,166,42,43,44,178,180,55,57,191,192,65,64,63,324,196,202,203,206,208,92,122,123,127
128,129,130,131,132,133,5,134,136,137,3,139,140,135,138,285,286,287,288,289,290,291,163,56,60,193,201,87,221,230,122,123,124,125,126,127
128,129,130,131,132,133,134,135,136,138,139,140,13,146,150,157,285,286,32,289,290,158,288,161,168,42,49,51,314,317,318,319,64,192,322,324,203,75,76,206,208,82,213,215,87,122,123,125,126,127
128,129,130,131,132,133,134,4,136,135,137,139,140,138,17,146,23,27,285,286,287,288,289,290,291,42,44,55,57,63,192,206,208,122,123,124,125,126,127
128,129,130,131,132,133,134,7,135,136,138,139,140,279,152,154,285,286,158,32,288,290,291,292,167,168,41,295,171,299,51,184,314,187,317,318,193,321,324,199,203,205,208,210,215,87,95,122,123,124,125,126,127
128,129,130,131,4,133,134,135,132,136,138,139,140,17,146,23,27,285,286,288,161,290,289,164,291,42,44,49,178,55,57,62,63,192,206,208,122,123,124,125,126,127
128,129,130,3,131,133,132,135,134,137,10,136,12,140,138,139,16,151,285,286,158,288,289,290,291,165,304,50,51,53,311,188,189,196,325,199,329,202,214,87,217,218,222,234,237,239,122,123,125,126,127
128,129,130,131,132,133,134,135,136,138,139,140,152,153,154,285,286,158,288,289,290,291,292,166,167,295,171,299,303,51,179,184,186,316,318,319,322,324,199,206,208,82,213,215,87,226,118,122,123,124,125,126,127
128,129,130,131,132,5,133,134,135,136,137,138,139,140,143,285,286,287,288,289,290,158,32,39,51,312,313,314,188,317,189,319,322,324,327,201,330,207,210,87,221,122,123,125,126,127
128,129,130,131,132,133,134,135,136,137,3,139,140,138,285,286,287,288,289,290,291,163,51,66,201,87,217,221,230,235,122,123,124,125,126,127
128,129,130,131,132,133,134,135,136,137,3,139,140,138,146,285,286,287,288,289,290,291,163,51,53,188,189,214,87,217,221,235,122,123,124,125,126,127
128,129,2,3,1,130,6,131,132,133,134,135,136,7,138,143,139,145,140,20,22,285,286,158,32,288,289,290,291,163,168,301,173,49,51,53,312,189,62,66,194,207,209,82,213,215,87,222,232,235,236,242,122,123,125,126,127
128,129,130,3,131,132,133,135,134,137,266,136,138,139,140,143,20,285,286,158,32,289,290,288,291,168,304,51,53,312,189,319,64,322,324,327,207,209,82,210,213,214,215,87,222,234,236,122,123,125,126,127
128,129,2,3,130,131,132,133,134,135,266,136,7,13,138,139,140,146,18,20,285,286,158,32,289,34,288,290,168,304,49,48,51,53,189,317,64,321,322,194,324,209,82,213,215,87,222,232,104,106,107,236,122,123,125,126,127
128,129,130,131,132,5,133,135,134,137,266,136,138,139,140,146,20,285,286,158,32,289,290,288,291,304,51,312,319,64,322,324,325,202,75,207,82,210,213,214,215,87,217,221,104,113,122,123,125,126,127
128,129,130,131,132,133,134,135,136,138,139,140,141,143,147,152,154,285,286,158,288,290,291,292,293,294,295,167,299,171,303,175,307,179,51,310,312,184,186,316,188,319,326,199,78,213,87,226,122,123,124,125,126,127
128,129,130,131,132,133,134,135,136,137,5,139,140,2,138,3,146,285,286,287,288,289,290,159,173,70,199,201,207,208,217,221,230,121,122,123,125,126,127
128,129,130,131,4,132,134,135,133,136,138,139,140,17,146,23,27,285,286,160,161,290,288,164,42,43,44,49,178,180,55,57,191,192,65,63,195,324,196,197,76,206,208,122,123,125,127
128,129,130,131,132,133,134,135,136,137,5,139,140,138,3,20,285,286,287,288,289,290,32,291,163,51,87,217,221,235,122,123,124,125,126,127
128,129,130,3,131,5,132,135,133,137,134,136,138,139,140,7,18,20,285,286,158,288,289,290,32,304,51,53,312,317,189,319,322,194,324,199,212,213,214,215,87,217,221,222,98,235,236,122,123,125,126,127
128,129,130,131,132,133,134,135,136,4,138,139,140,17,146,23,27,285,286,287,288,289,290,291,42,44,55,57,63,192,206,208,122,123,124,125,126,127
128,129,130,131,132,133,134,3,136,135,137,139,140,138,154,285,286,287,288,289,290,158,291,163,51,314,319,201,213,87,221,122,123,124,125,126,127
128,129,130,3,131,132,133,135,134,137,10,136,12,7,138,139,140,16,19,20,275,22,151,156,285,286,158,32,289,290,288,164,304,51,53,311,194,325,329,214,87,218,222,231,234,235,123,237,240,122,251,125,126,127
128,129,130,131,132,133,134,135,136,138,139,140,141,148,152,154,285,286,288,290,291,292,293,294,295,296,166,167,299,171,300,303,175,306,307,308,179,310,182,184,326,70,199,201,87,217,226,121,122,123,124,125,126,127
128,129,130,3,131,5,134,132,133,135,136,138,139,140,146,152,154,285,158,287,286,289,290,288,291,167,42,171,51,179,314,316,188,319,192,322,324,326,202,203,208,213,87,217,221,107,122,123,124,125,126,127
9,13,27,158,32,161,163,51,180,312,186,187,188,316,189,191,192,64,319,194,324,325,198,199,326,327,195,197,76,200,201,207,208,209,202,205,206,213,214,215,210,212,87,216,106,248,249
3,135,137,10,12,271,16,19,275,147,158,32,163,170,302,304,51,311,186,187,191,192,194,323,67,197,325,195,200,329,202,199,201,205,206,207,208,209,210,81,212,213,214,87,215,216,218,223,231,233,235,237,239
146,42,187,312,313,314,186,316,189,317,191,192,319,322,195,324,194,326,198,327,197,202,203,199,200,201,207,208,209,204,205,206,213,214,215,80,210,212,216,87,106,110,328,253
266,143,158,32,163,58,187,51,53,312,186,317,188,189,316,319,64,320,322,194,324,325,198,327,199,326,191,192,195,197,200,207,201,209,202,205,206,213,214,215,208,217,210,212,87,216,249,250
3,260,206,145,208,158,287,34,297,315,51,312,186,187,188,317,316,189,318,321,322,319,324,325,326,199,327,328,198,203,191,197,200,207,201,209,194,202,205,213,214,215,216,217,323,210,212,87,72,236
264,158,32,163,187,51,312,186,314,188,316,189,319,192,64,322,191,324,325,326,199,327,198,202,203,195,197,200,207,208,209,194,205,206,213,214,215,210,217,212,87,216,201,253
266,270,207,208,158,34,51,312,186,314,316,189,187,319,64,321,194,322,324,325,191,199,192,329,195,203,197,72,201,202,74,209,82,205,206,213,214,215,216,217,210,212,87,94,104,200,249,250,251
3,10,12,16,275,158,34,51,311,186,315,188,316,189,319,187,321,194,322,196,325,191,199,192,329,202,73,195,197,206,207,327,209,201,205,208,213,214,210,216,81,212,87,215,237,239,200
10,270,16,275,151,208,158,32,34,51,186,187,316,189,319,64,321,194,322,324,325,326,199,191,329,202,73,192,197,200,207,201,209,81,205,206,213,214,215,216,217,195,210,212,87,251
3,266,11,12,275,158,32,34,167,51,186,187,316,189,319,64,191,322,194,196,325,324,198,327,329,202,73,192,197,326,207,199,201,205,208,209,213,214,215,216,217,210,87,94,70,237,121,251
3,158,34,50,51,312,313,186,187,316,317,189,319,320,64,322,195,324,325,198,327,326,199,202,203,191,192,197,207,200,209,194,205,206,213,214,215,208,217,210,211,212,87,216,201,245
135,11,206,151,152,158,34,43,50,51,180,186,187,191,64,192,194,196,325,70,324,198,329,202,73,74,197,199,72,208,81,201,205,78,207,214,215,216,89,209,210,212,213,94,87,97,101,200,114,251
265,9,13,152,158,32,161,163,186,51,180,314,187,188,316,189,191,192,320,64,319,324,325,198,199,194,195,74,203,76,205,206,200,208,201,210,202,207,209,212,215,213,214,87,216,197,106,248
2,3,12,146,283,158,32,167,51,53,186,314,316,189,187,319,192,64,322,191,324,325,326,199,327,329,202,203,198,197,70,207,208,194,201,205,209,213,214,215,210,87,217,241,121,253
264,265,146,158,32,298,51,309,313,314,186,316,189,187,191,192,319,194,195,324,197,326,327,199,198,202,330,76,203,328,201,208,200,205,206,207,209,214,215,210,82,212,213,87,216,94,229,106,241,253
3,134,275,24,281,154,158,35,163,297,305,51,183,312,58,186,316,188,189,319,187,191,322,192,324,194,195,327,197,199,200,201,202,205,206,207,80,209,208,210,212,213,215,88,217,87,216,221,103,236,245,246
3,5,266,12,18,275,22,158,172,51,53,312,313,186,187,189,190,319,318,191,322,67,192,325,194,327,195,197,198,75,199,200,201,207,202,205,206,208,209,213,214,215,210,217,212,87,216,223,96,98,237,242
256,0,269,150,279,27,157,158,32,163,165,42,50,51,180,55,185,314,186,187,317,191,192,321,65,194,195,197,198,199,328,200,201,203,204,202,206,205,207,208,210,209,84,82,212,213,216,214,90,91,87,215,102,118
1,205,9,143,161,168,297,173,312,186,187,188,316,189,319,63,191,322,314,324,192,326,327,328,198,199,194,76,197,206,207,208,209,201,202,204,213,195,215,210,212,214,216,87,104,236,200
206,158,32,163,58,187,51,312,314,186,188,59,316,191,192,64,322,189,324,325,326,199,196,198,202,203,330,319,197,207,208,209,210,194,205,213,214,215,195,217,212,87,216,200,201
205,266,206,207,151,152,158,32,34,51,180,186,187,316,317,189,319,64,321,322,194,324,325,198,199,320,329,73,191,192,197,326,200,208,209,201,202,204,213,214,215,216,217,195,210,212,87,94,71,236
3,4,143,17,146,148,23,155,158,161,163,304,49,176,51,55,57,186,187,316,189,319,192,191,194,195,196,324,326,327,328,197,199,200,201,202,206,205,208,209,207,211,210,213,212,214,87,217,215,216,227
129,2,3,135,12,143,275,24,158,288,163,38,302,51,183,312,186,187,189,191,192,194,195,197,199,327,201,200,202,205,206,207,80,209,208,211,210,213,212,87,88,217,215,216,221,223,99,103,235,236
3,5,7,137,11,12,18,275,19,155,158,36,170,172,304,51,182,312,186,187,189,318,191,194,67,196,197,325,324,195,199,202,200,201,205,207,208,81,210,211,209,213,214,212,87,215,218,216,223,231,233,107,237,127
13,146,158,32,163,42,43,51,180,186,187,316,189,317,191,192,320,314,195,324,325,198,326,199,194,197,203,76,200,206,201,208,209,202,205,207,210,214,215,212,213,87,216,92,106,110,248
3,4,259,135,268,272,146,27,158,31,289,34,41,48,49,51,55,57,186,187,191,192,321,66,65,196,194,195,197,328,199,200,203,201,202,206,79,205,207,210,211,208,209,214,212,213,217,87,215,216,99,232
3,12,18,275,24,281,154,158,172,302,305,51,183,312,313,186,187,188,191,194,67,197,198,327,199,200,201,202,205,206,207,80,208,209,210,212,213,215,88,217,87,216,221,223,96,98,103,236,242,246
15,16,146,208,26,158,34,163,168,304,51,180,186,187,316,189,63,64,321,194,192,324,325,198,326,199,329,202,203,191,197,206,200,201,209,204,205,207,85,214,213,216,217,215,210,212,87
266,208,158,32,163,51,312,186,187,316,189,319,64,321,194,191,324,325,198,199,327,326,202,203,196,192,197,207,200,209,201,205,206,213,214,215,195,217,210,212,87,89,216,106,107,249,250
3,13,16,145,208,158,34,168,51,186,187,316,189,318,319,192,321,322,194,324,325,196,199,327,191,202,203,195,197,206,200,201,209,210,205,207,213,214,215,216,217,81,212,87,72
3,13,15,16,146,279,27,158,32,163,42,43,187,51,313,314,186,188,189,316,317,191,321,193,322,324,192,198,199,194,73,202,203,201,330,197,200,208,205,210,206,207,81,195,209,216,212,213,214,87,215
2,146,28,158,290,166,42,187,51,180,53,186,59,316,189,317,191,192,64,321,322,324,319,198,326,194,68,202,203,76,197,206,199,208,201,210,205,207,213,214,215,209,212,87,103,107,110,248
3,133,12,146,26,29,158,290,165,302,314,186,188,189,187,191,192,194,195,196,325,326,324,200,201,202,203,197,198,199,328,208,204,210,205,206,207,214,209,212,217,213,215,216,221,87,227,233,235
3,266,16,151,208,158,32,34,163,168,63,51,186,187,316,189,61,319,64,321,194,322,324,325,198,199,327,329,73,191,197,200,201,202,204,209,205,206,207,213,214,215,216,217,85,210,212,87,94,89,236
7,264,265,266,13,146,279,282,156,158,163,42,43,51,186,187,316,317,189,191,320,64,321,192,324,194,198,195,197,199,74,203,328,201,202,200,208,209,205,206,207,210,214,215,212,213,87,216,106,110,248,121,253
10,13,16,146,151,28,158,34,51,186,187,316,188,318,191,64,192,322,321,324,325,194,199,198,196,202,203,319,197,206,200,208,209,210,205,207,213,214,215,195,217,81,212,87,216,201
257,258,260,261,9,13,270,206,151,158,32,34,168,51,180,309,186,187,191,64,192,194,195,325,198,197,72,329,74,73,76,199,200,201,202,77,205,207,208,209,214,215,216,89,210,212,213,87,101,107,244,248
135,7,10,12,270,15,16,275,151,158,40,42,43,304,177,51,311,186,187,188,189,191,64,194,196,325,198,199,197,73,329,202,200,201,205,207,208,81,209,210,212,213,214,215,216,87,234,237,240,251
3,266,267,143,275,20,158,32,51,312,186,187,316,317,189,319,191,192,322,194,324,325,195,327,199,197,198,200,201,202,205,207,206,209,82,208,210,213,214,215,212,217,87,216,223,104,236,242
7,13,207,208,158,32,34,163,168,51,312,186,187,316,189,317,318,320,321,322,194,324,325,198,199,327,319,191,203,192,197,200,201,202,209,210,205,206,213,214,215,216,195,212,87,243,116
146,25,158,32,163,187,51,312,313,186,314,316,317,188,319,192,64,322,189,324,191,326,327,199,198,202,203,195,197,200,207,208,209,194,205,206,213,214,215,210,217,212,87,216,201,253
3,7,143,154,158,32,186,51,312,313,314,187,60,316,317,188,189,193,322,319,324,325,191,199,327,201,202,203,192,197,200,207,205,209,210,194,206,213,195,215,208,217,212,214,87,221,216
129,3,13,142,18,19,146,281,154,158,159,34,292,40,41,302,51,313,314,186,187,317,318,191,192,194,67,324,197,198,327,199,201,330,200,202,205,206,207,208,209,210,212,213,215,87,216,221,95,96
3,4,135,11,268,12,272,146,27,158,31,163,43,304,51,55,57,186,187,189,191,192,66,195,196,324,326,327,194,197,202,203,199,200,206,79,208,201,205,211,207,209,214,210,212,217,213,87,215,216,99,232
3,4,146,274,148,27,155,29,158,159,160,32,163,297,42,176,49,51,55,57,314,186,187,319,192,191,194,195,196,197,326,327,328,199,200,201,202,205,206,207,208,209,210,211,212,213,214,87,215,216,227,122
3,4,135,11,12,271,146,26,158,43,304,51,180,55,57,186,59,187,316,191,192,66,323,196,324,194,195,200,328,202,197,199,201,206,79,208,205,207,211,209,210,214,212,213,217,87,215,216,94,233
1,4,143,158,32,161,168,51,52,312,314,186,316,189,317,191,319,321,322,187,324,192,198,327,328,326,199,194,195,197,206,207,208,209,82,202,205,213,210,215,212,217,214,87,216,104,200,201
9,13,151,158,32,168,51,180,186,187,316,317,318,319,320,192,322,321,324,64,198,199,327,191,194,197,76,200,206,201,208,209,210,202,205,213,214,215,207,212,87,216,98,236,248
3,137,10,11,12,16,275,158,32,51,311,312,186,187,188,316,189,319,191,192,194,195,196,325,326,199,327,329,202,197,200,201,205,207,206,208,209,210,81,213,214,212,215,217,218,87,216,223,231,237,251
0,3,266,12,158,289,34,60,51,53,312,186,187,316,317,189,319,320,321,322,194,324,325,198,327,199,329,191,197,201,202,200,207,205,209,208,210,212,213,214,215,216,217,85,87,236
3,133,134,135,137,10,12,16,19,275,147,26,158,32,163,170,304,51,311,186,187,191,192,194,195,196,197,325,199,200,329,202,201,205,206,207,208,209,210,81,212,213,214,87,215,216,218,223,231,233,235,237,239
16,275,151,81,158,32,210,34,163,51,311,186,187,316,189,319,64,321,194,191,196,325,324,199,192,329,202,73,203,197,200,207,201,209,205,206,208,213,214,215,216,217,85,195,212,87,237,251
0,256,3,150,279,158,32,163,165,42,49,51,55,314,186,316,317,187,189,191,321,65,193,324,192,198,194,328,195,197,203,204,199,206,200,201,209,210,202,205,213,207,208,216,212,90,91,220,214,87,215,89,102
146,283,158,32,163,43,51,312,313,186,314,316,189,187,319,192,191,194,195,324,325,198,326,327,197,330,202,203,205,199,207,208,200,201,206,209,210,214,215,212,213,87,216,106,110,241
3,205,266,13,206,146,207,208,283,158,34,51,186,187,314,189,318,191,64,321,194,322,324,325,68,69,192,195,197,203,75,198,199,200,201,209,82,202,204,213,214,85,215,217,210,212,216,87,94,244,248,249,250
3,135,12,271,147,19,158,32,163,170,51,311,186,315,188,189,187,191,314,192,194,323,196,325,197,327,200,201,202,329,330,199,205,206,207,208,209,210,212,213,214,195,87,215,216,227,233,235,237,239
3,151,208,158,32,34,163,58,51,312,186,187,316,317,189,191,64,319,322,194,324,325,326,199,327,198,69,203,202,192,197,207,200,209,201,205,206,213,214,215,195,217,210,212,87,216
13,142,158,32,163,292,41,51,312,186,314,316,189,318,191,319,321,322,187,324,325,198,199,327,192,194,203,195,205,197,207,201,209,210,202,206,213,214,215,208,212,87,216,95,200,116
3,205,145,146,207,81,158,51,186,187,316,189,319,192,64,322,191,324,325,198,199,326,329,202,203,73,196,206,200,208,209,210,194,75,213,214,215,216,217,212,87,197,72,201,76
3,8,269,14,275,24,158,32,35,39,47,48,51,183,312,185,186,58,316,187,319,191,321,322,192,324,194,323,199,327,197,201,203,202,205,206,207,80,209,208,210,213,214,215,88,217,87,216,221,103,246
3,4,135,12,271,24,25,26,158,32,163,304,177,51,186,315,188,187,58,319,192,189,191,323,196,194,195,199,200,197,202,201,205,206,207,208,209,210,211,212,213,214,87,215,217,216,223,103,231,237,239
134,8,14,146,24,158,32,163,51,314,58,316,188,186,191,192,187,189,194,324,195,326,199,197,200,202,203,201,205,206,207,80,208,210,209,212,213,214,87,88,217,215,216,229,103,246
7,265,13,142,151,158,32,51,180,182,186,187,316,317,189,319,320,321,64,322,324,325,198,199,191,329,192,203,76,197,326,71,208,194,210,202,205,213,214,215,207,209,212,87,216,106,200,116,201
3,7,265,266,12,13,18,146,19,282,283,158,32,304,51,312,313,186,187,189,317,190,319,191,322,195,324,192,198,327,194,67,330,197,199,71,201,207,202,205,208,209,210,212,214,215,213,87,221,96,106,110,241
128,2,3,266,12,16,275,19,22,32,34,163,168,42,304,51,53,311,312,187,189,63,319,191,192,322,194,324,325,321,199,327,329,197,201,202,204,205,207,208,209,210,213,214,215,87,217,223,235,236,242,123
137,10,270,15,275,20,151,158,32,34,51,53,313,186,187,316,189,319,64,191,194,322,196,325,324,199,192,329,202,195,197,200,201,205,206,207,208,209,210,213,214,215,216,217,218,212,87,107,237,251
3,259,4,135,268,12,271,272,146,19,275,158,31,172,48,304,51,313,186,187,189,191,66,195,196,194,198,327,200,197,199,201,202,205,206,79,207,208,209,211,210,212,214,213,215,217,87,216,99,232,125
3,135,12,19,147,20,157,158,32,165,51,311,312,186,315,187,189,319,191,192,194,195,196,325,197,327,200,201,202,199,329,330,205,207,206,208,209,210,212,213,214,87,215,216,89,223,227,233,235,237,239
266,207,20,208,158,32,34,163,51,186,187,316,189,58,191,64,192,321,194,324,325,326,199,198,327,202,203,196,319,197,200,201,209,210,205,206,213,214,215,195,217,212,87,216,107
3,266,16,207,20,151,208,158,32,34,163,168,50,51,186,187,316,189,319,64,321,194,322,324,325,198,199,63,191,192,203,197,200,201,202,204,209,82,205,206,213,214,215,216,217,85,210,212,87,94,89
3,135,137,138,10,12,271,151,280,156,158,32,289,170,51,186,315,59,189,187,191,192,194,195,197,199,200,329,73,328,201,202,205,206,207,208,210,209,212,213,214,87,216,215,218,91,223,234,107,237,239,251
3,10,12,16,275,158,32,34,51,53,311,312,186,187,316,188,189,319,191,192,194,322,324,325,195,199,327,329,202,197,326,200,201,207,205,209,206,208,210,213,214,215,81,217,212,87,216,236,237
3,7,10,12,143,16,145,275,19,147,22,158,51,53,311,312,186,187,188,189,318,319,191,194,195,197,327,199,329,330,202,73,200,201,207,205,206,208,81,210,213,211,209,212,87,215,216,221,223,236,237,239,242
3,146,274,158,32,161,42,171,51,53,313,314,186,188,316,189,191,192,319,187,195,196,324,326,198,327,194,202,203,76,197,206,199,208,200,201,205,207,209,214,210,212,213,215,87,216,229,110,118,253
266,13,20,158,32,34,163,51,312,186,187,316,189,58,319,64,321,194,191,324,325,326,199,196,192,202,203,195,197,200,207,201,209,205,206,208,213,214,215,85,217,210,212,87,216,249,250
256,3,269,279,158,32,162,163,165,42,51,180,55,314,59,186,187,58,189,191,321,65,192,324,68,198,194,328,195,197,203,204,76,206,199,200,209,210,202,84,205,207,208,216,212,213,91,214,87,215,102,107,112,201
3,5,7,12,18,19,275,22,282,155,158,172,302,304,51,312,313,186,187,189,319,191,192,322,67,194,325,197,327,199,200,201,202,205,206,207,208,209,210,212,213,214,87,215,217,216,221,223,96,98,237,242
3,12,145,158,287,289,51,53,312,186,187,188,316,189,190,319,315,322,191,324,325,194,199,327,329,202,201,197,200,72,207,205,209,206,208,210,213,214,215,216,217,212,87,221,223,237
3,137,266,12,275,158,32,167,51,53,312,313,186,187,188,316,189,319,64,191,322,194,324,325,197,199,327,329,202,70,200,201,205,207,208,209,210,212,213,214,215,87,217,216,223,237,117,121
1,3,4,135,9,12,271,146,156,158,32,161,38,44,304,177,51,57,186,315,188,187,191,192,194,323,196,197,326,199,200,329,202,201,205,206,79,207,208,209,211,210,212,214,213,215,217,87,216,233,237
