517,776,782,1049,1051,1244,285,93,225,739,1251,1062,614,745,682,942,628,952,1273
1282,1285,1287,776,784,662,663,1242,667,669,1248,355,741,357,1194,43,1068,1266,1212,1277
962,329,208,1049,668,93,1187,740,942,881,50,757,569,443,572,573
1216,645,776,906,784,1173,727,408,1242,667,676,742,1127,1193,1129,497,1074,885,889
2,707,709,199,968,1034,844,1046,217,862,482,744,872,815,122
76,589,271,399,1242,1249,1189,741,358,1194,747,941,1202,437,821,1212,317,447
1218,646,849,1234,663,1242,349,1194,746,43,1006,1201,1202,822,1212
193,467,789,22,535,278,1114,539,861,477,159,867,547,102,743,749,753,115,952,1272,505
389,909,910,911,594,595,1238,602,922,990,752,1269
771,852,405,1052,1118,671,1248,1184,996,171,1132,110,753,625,691,374,694,888,1273,511
1220,652,721,851,406,343,351,1119,674,621,559,1073,369,755,756,754,118,1209,1274,63
961,772,1225,587,845,718,211,1250,40,808,426,1260,48,760,434,1272,893,703
1157,266,588,206,272,831,86,1242,90,432,304,1266,1202,53,311,447
269,589,271,272,399,86,796,734,355,746,1259,1005,430,432,821,311,1212,317,447
204,13,718,639,957,211,794,218,796,606,31,1250,1252,808,426,823,1272,893,703
321,69,840,842,718,654,784,592,1107,852,1242,925,607,1248,677,363,684,107,1199
771,764,772,777,204,917,1237,218,608,1056,812,1198,561,115,1075,956
770,1220,903,263,648,265,1102,1238,1048,1050,668,351,609,97,936,1002,1133,1007,438,826,444
718,399,784,1250,613,806,40,426,427,1202,822,1272,1083,1212,893,703
2,968,977,1170,1046,1111,1110,410,411,930,164,1258,1197,815,1268,1015,1017
577,578,6,779,972,975,1107,859,863,929,614,178,628,885,436,313
196,584,969,1034,266,976,1170,978,1109,1179,1248,418,421,934,873,877,497,757,1150
896,776,847,82,1244,797,861,804,103,1068,1005,818,758,185,1278
706,199,968,201,977,1110,1046,1111,217,410,411,482,1130,1197,815,310
1272,269,718,399,784,1039,1250,419,40,1201,1202,1076,1207,760,1211,1212,893,703
1152,1145,579,709,976,401,913,979,980,1237,982,1239,664,605,799,991,550,561,1013,1272,761
779,976,406,931,1252,229,614,1256,873,621,124,1267,436,313,828,318,767
771,772,709,777,1034,980,1242,987,605,1248,549,1198,1263,814,1203,1075,115,759,956,254
771,777,956,204,917,218,1056,608,611,292,115,764
448,770,644,261,903,1169,531,788,668,609,936,616,884,308,827,444
768,1155,966,784,1233,661,407,408,1242,350,354,741,422,234,1201,1266,241,1148,125
1031,1035,785,914,852,1108,1174,921,219,860,991,32,223,1004,371,761,1017,891,830
1026,6,779,972,975,976,931,229,614,628,885,436,313,828,767
771,777,956,204,917,218,1056,608,611,292,115,764
579,773,1029,850,1235,991,1184,161,1122,549,550,1132,625,561,1013,694,442,1279
1219,1220,1097,791,343,1182,293,1133,378,1007,1135,495,1071,110,118,438,1208,1209,826
1282,709,773,1285,1287,781,660,789,739,100,172,109,625,952,442,1277,1279
1032,787,119,1177,90,419,1252,1254,1256,1259,1261,430,433,439,893
1217,394,395,206,271,399,784,786,1233,26,1242,794,796,1193,317
1222,718,24,984,795,1117,798,1250,356,231,808,426,760,119,1272,1211,1212,703
1217,76,718,271,399,784,786,794,667,1244,796,1189,40,1193,248,893,831
845,718,13,795,1117,798,1250,231,40,808,760,434,1272,1211,1212,703
1217,454,714,206,399,271,786,794,292,304,880,248,957,831
776,72,588,269,785,349,801,1249,356,613,806,360,875,683,492,886,951,952,895
771,901,454,264,777,525,147,1108,533,665,802,1059,425,1198,753,305,247
1272,579,709,776,727,1114,799,1250,550,552,106,1003,173,1013,761,952,121,893,1208,1279
67,6,841,778,972,781,1042,917,790,1237,800,608,1056,230,999,436,249,956
1216,263,519,139,396,526,914,468,533,472,473,408,475,36,293,809,1209,698
1218,1157,1233,1234,661,349,362,1194,810,1006,304,1266,306,1148,831
1218,900,454,269,783,663,794,858,349,355,613,805,806,426,1006,822,760,1083,1212
845,718,13,269,918,794,1250,1252,231,808,426,624,760,952,119,1272,1211,252,893,703
448,1218,771,520,777,1168,1234,277,1249,1127,1194,683,236,173,429,175,816,954,1148
1217,835,453,589,206,271,1233,407,408,676,1188,1194,1266,821,1206,631,317,382,447
776,589,974,784,209,1043,215,1242,796,804,357,811,299,367,1266,183,1018,1083,1212
194,1210,329,976,660,346,412,414,1119,1184,375,418,549,1132,814,878,55,314,1023
448,389,261,637,595,1238,537,922,990,222,609,993,549,759,827,444,189,575
1281,6,779,972,18,1110,1111,229,614,873,1258,436,1210,828,1150,767
1218,269,922,990,1250,613,806,805,1189,426,746,173,1202,244,822,1272,1083,1212
1145,706,260,1098,913,401,979,283,862,223,1122,1186,807,745,875,566,825,121,442,1085,1215
1154,457,1290,269,13,974,78,531,467,1242,666,604,349,29,669,613,303,498,501,1212
960,640,709,585,10,586,1176,730,731,671,864,609,738,745,618,1137,441,634,638
259,580,583,912,276,1109,918,153,1113,670,1151,1248,492,877,366,1264,500,54,568,892,959
708,1096,1097,727,1112,1242,667,1055,1125,1064,1065,1066,1194,1068,173,1071,885,1081,1083,1086
255,718,1039,14,662,665,90,794,56,157,1252,426,682,305,246,439,1272,703
833,963,906,848,593,723,597,1051,420,682,170,364,1197,879,1009,1208,894
194,204,1230,703,660,469,534,218,606,608,418,743,680,1198,1075,310,55,956,639
129,322,845,1232,273,210,1113,153,543,487,296,231,169,235,685,626,501,1205,1208,445
321,323,259,69,451,840,654,718,675,107,684,363,686
1219,1220,652,80,851,342,406,1182,1119,674,293,621,117,118,826
1030,646,713,447,267,718,206,784,211,672,297,426,811,304,881,1202,437,893,703
962,4,1221,838,903,908,973,1238,1182,609,994,678,1133,942,814,627,1011,438,759,441,189
323,451,69,259,840,654,592,607,675,41,107,684,363,686
1152,131,268,590,401,980,1239,1240,600,24,601,29,605,356,238,175,112,1136,690,1144,1146
1222,650,1039,918,24,666,866,227,1060,1124,1127,236,173,691,693,309,760,700,189
900,902,267,1037,1173,727,1112,282,667,1180,925,30,1248,1064,1129,940,497,692,885,58
259,323,451,267,525,654,22,727,921,1244,675,228,107,684,686,113,497,510
640,960,1284,1286,715,657,725,730,864,874,1131,687,751,1137
2,579,709,645,458,977,913,211,979,161,162,550,295,872,621,815,688,1013,631,511
322,770,8,777,845,1168,401,980,280,153,1113,605,543,1248,801,616,427,173,685,689,187
1209,267,780,844,143,723,788,1046,919,1111,792,408,1051,920,944,697,763,764,638
954,711,971,1230,655,1048,1114,412,1190,428,237,115,1075,1011,120,698,699,254
963,644,537,222,1119,887,562,884,1142,759,890,701
67,1284,966,1286,841,1228,657,854,407,731,668,157,1183,161,418,548,484,676,879,702
641,1282,452,1285,1287,203,718,662,1277,543,96,225,356,40,689,693,886,187,893,63
1216,0,640,709,1041,853,1176,288,161,928,869,745,1263,943,625,1203,694,631,1021,1279
704,129,257,1092,520,1039,213,1113,221,609,1125,679,427,620,696,954,187
453,712,520,968,204,784,469,1046,409,862,933,294,1127,807,1256,378,1272,1082,379,318
710,326,1224,650,336,35,299,44,300,1199,431,178,627,435,243,179
129,708,1095,72,210,1043,1113,667,679,296,233,1192,235,1066,173,432,501,950,1208,954
705,1154,774,967,392,522,1290,402,666,604,1121,1058,624,1077,184,510
704,323,1028,708,1093,518,393,717,1039,86,1055,1127,427,372,373,950,1080,1084
331,1177,90,734,439,1250,1252,619,1260,1259,430,1261,433,119,1272,1207,893,703
1027,1220,1274,652,722,851,342,406,351,1119,673,674,868,361,110,369,754,755,52,1209,826
325,1034,720,976,978,1170,1179,418,999,872,1258,878,375
322,834,582,393,650,588,269,13,719,974,661,918,612,613,1194,244,53,822,1212,639
1032,1177,90,439,1250,1252,1254,1256,1259,1261,119,1272,1207,893,318
323,69,840,1032,718,654,592,1177,607,675,40,1193,107,684,363,1272
1282,1285,1287,716,525,1232,1233,228,1188,297,298,113,1266,1205,1277
640,448,1284,1286,715,1040,657,725,730,485,874,621,687,751,185,634,702
0,1,4,7,1226,1041,1049,93,927,928,359,367,1200,1016
1217,771,454,777,714,957,1232,794,1244,606,418,1128,618,625,882,307,1076,1277,703
1223,850,728,665,346,1248,802,1252,425,305,753,627,115,757,1270,247,1272
322,8,268,13,719,918,663,280,729,666,29,1249,616,169,1067,620,624,689,306,632
649,777,404,726,983,920,731,668,93,991,292,875,237,1200,561,120
771,777,781,1037,847,596,727,855,608,677,748,237,623,115,1075,436,310,1275
322,899,324,327,200,72,13,724,918,153,281,346,549,685,814,242,693,249,187,766
640,960,1284,647,715,204,657,725,854,730,864,803,618,874,687,751
838,906,722,346,351,99,361,1133,1134,1007,369,754,115,756,629,438,117,1016,761,1210,894
509,1284,778,970,906,1037,638,723,151,920,1051,290,682,1073,755,629,888,697,189,894
834,1218,646,1161,266,1234,1212,659,661,663,737,355,357,616,746,43,1201,1266,1148
899,5,903,648,585,586,217,730,671,161,738,946,755,629,695,634,1021,446
330,1236,1177,606,1183,734,31,1250,996,1128,618,1259,430,1140,1207,703
771,454,10,587,957,657,794,606,735,1248,417,31,487,623,1265,305,634,1211,1021
833,1284,1286,649,905,715,906,1040,725,1051,733,673,738,682,751,1073,1009,629
640,835,1284,1286,715,1040,657,340,725,854,730,864,359,618,874,687,818,953,702
1283,132,709,1221,456,461,142,401,980,852,732,605,98,675,106,299,691
706,643,707,709,906,655,720,1171,1111,410,736,1190,744,745,375,122,1020,894
636,643,709,966,525,209,1244,1248,673,98,290,359,745,618,234,172,46,625,946,1020,894
845,724,918,281,153,1113,221,543,1127,231,427,685,240,626,693,1205,760,187,445
709,901,143,784,464,21,214,1244,797,351,418,229,358,171,1195,625,689,114,628,1273,1274
1037,1230,974,469,534,727,1114,797,677,680,172,812,748,623,177,888,1275
705,1154,967,392,1290,402,1112,666,604,1121,1058,613,1064,624,184
1027,1284,1286,647,9,1100,721,478,415,673,678,751,687,629,953,634,636
771,709,584,956,414,1184,418,549,1190,1191,744,745,1258,1132,878,625,561,636,1149
968,969,844,398,847,978,853,1046,599,862,1186,229,744,681,815,625,310,124
257,129,901,520,980,23,280,666,1248,1125,421,424,1065,632,954,1086
841,11,782,915,1108,790,730,866,418,617,809,555,1073,1011,697,826,1019,764,1213
640,835,1284,1286,134,1106,211,854,668,1183,548,618,874,883,1206,630,702
0,1027,7,970,1274,656,657,342,406,671,1119,738,674,485,621,625,946,883,698,634,638
0,640,962,261,263,973,1169,1041,915,1171,919,928,36,869,622,943,368,942,694,826,127
331,639,90,439,1250,1252,619,1260,1261,430,433,119,1272,893,703
5,520,1290,13,1232,918,543,481,677,1127,679,620,175,1072,374,696,187,63
1218,1155,1157,1159,974,1167,784,1233,1234,659,663,349,355,362,43,1006,1148
448,770,647,648,906,1102,656,915,723,1051,36,622,944,1073,827,894
772,773,137,1100,655,920,218,1183,1184,312,1190,551,1258,363,1132,1263,120,1020
323,259,69,451,840,654,718,592,607,675,107,684,363,686
449,643,709,261,970,270,784,980,852,662,1048,665,667,605,1248,803,821,248,121,764
1218,515,1157,517,1148,1234,20,661,22,535,344,1242,349,481,362,1006,303,503,1272,1212,61
193,525,781,210,1235,660,916,346,1180,1184,418,549,1132,1198,814,753,627,375,1208,249,1210
1216,645,709,784,211,1043,727,408,1242,667,1244,1250,676,935,497,885,631
706,643,707,709,199,1100,655,720,1111,217,410,411,736,1190,122,764,894
1088,641,8,845,13,1168,1232,280,1127,808,169,427,173,429,175,685,1271,760,187,63
514,199,957,786,597,1111,1176,794,731,796,606,223,161,1124,292,1256,309,823,1021,638
384,777,650,1163,1164,1166,401,980,25,986,987,605,1247,352,995,358,947,950,889
385,833,1284,647,648,396,1102,1169,593,730,1051,673,97,614,1002,106,1009,826
640,9,137,1100,656,721,723,920,730,415,864,290,751,687,1010,629,697,638
579,649,841,726,983,920,731,668,1187,292,550,745,106,1131,875,1200,1137,561,764
2,706,199,968,458,977,1046,1111,1110,410,155,411,224,37,232,1258,1197,815,1268,506,1215
835,645,907,1106,1043,1235,854,1180,935,874,883,1206,630
962,1158,329,1228,12,973,399,989,93,1183,799,1187,292,869,1195,942,432,817,1204,759
1218,1157,8,1289,1290,13,464,1232,1212,531,24,1242,667,613,296,1194,235,106,187,1148,63
640,1284,1286,647,648,1040,657,1051,292,680,682,874,687,751,695,698,702
709,199,968,844,1046,217,862,482,744,872,1130,878,815,1015,122
1027,903,1210,11,909,276,1045,733,1118,415,738,1001,1073,629,1016,634,636,1023
1218,1027,585,586,1100,656,1234,730,671,415,161,738,682,629,1079,634,1021,638
706,199,968,977,466,1046,1110,1111,217,410,411,92,1130,1258,1197,815,375
706,133,968,458,17,977,1110,1111,1046,410,411,862,162,484,1130,1258,1197,688,122,1215
3,6,972,975,976,1042,859,863,929,932,614,938,178,1267,436,828
325,968,1034,14,720,976,978,346,1179,418,999,872,1258,878,246,375
705,1154,709,966,967,392,1290,522,1162,525,1164,1165,784,145,1168,604,669,1248,495,113,510
640,839,1228,912,274,854,93,1183,1187,292,874,1131,1195,1137,1011,892,1151
1153,964,583,398,914,1108,599,985,924,615,872,1258,878,946,1015,1017,639
0,962,5,1158,839,1226,973,1041,1049,927,928,620,237,942,1200,1016
1032,1177,90,1250,1252,933,1254,1256,1259,1261,439,1272,1207,893,318
331,787,1177,90,439,1250,1252,1259,1260,1261,119,1272,1207,893,703
769,771,777,204,917,469,218,608,1248,1056,611,803,812,172,1198,764
1160,971,398,599,856,1241,871,939,1262,1264,819,959
1157,775,334,784,1233,1234,1232,1212,1189,616,297,1194,1201,1266,1205,1148,317
1228,980,789,88,1114,987,412,605,1246,1187,739,997,100,1255,109,1198,115,1075,952,765
130,583,201,971,149,856,155,224,867,37,871,232,939,1262,1264,819,823,959
577,578,580,6,1223,968,1046,1115,862,1248,929,1253,872,1139,436
448,960,784,1168,661,277,663,216,729,1242,409,29,1249,1057,355,741,1194,236,816,760,445
707,262,134,525,851,468,533,472,475,539,1182,102,682,1135,113,117,58,1276
896,776,82,1244,861,804,103,1193,1068,1005,818,115,758,185,1278
579,260,709,1098,1235,980,1114,283,605,799,161,933,550,552,1003,625,371,1013,694,121,1279
1280,1089,833,389,593,595,1110,1111,922,990,351,418,1061,1070,1009,57,1213
1219,1220,652,1228,594,851,342,406,1182,673,35,293,1135,369,118,58
1219,1220,652,80,658,851,406,1182,1119,674,621,1007,118,438,1274
1282,68,1287,525,206,1232,1233,228,1188,297,298,174,1266,1205,1277,382
962,1158,839,973,465,1048,1049,93,869,942,1200,817,881,1270,1273
1284,70,1288,585,970,586,77,1231,656,16,348,996,934,1073,1267,1141,1209,634,1021,1150
1034,976,720,1170,1171,1108,978,1110,1111,410,1179,411,930,229,872,1258,878,1268
1217,1282,68,1287,525,206,1232,1233,1277,224,1188,941,1266,1205,1206,317,382
1218,1157,646,974,334,783,849,1234,1212,663,1242,349,616,43,1006,1201,1266,1202,1148
1282,709,1285,1029,776,1287,784,596,727,283,1180,161,677,613,172,1199,112,567,121,1277,511
389,909,911,594,595,658,1238,602,922,990,752,1269,1143
2,707,709,199,968,844,977,1046,1110,217,862,482,744,1130,1258,1197,122
451,136,972,141,975,464,16,538,859,863,675,486,614,173,1199,178,1267,1273,1210
769,776,784,790,1242,1244,797,803,804,1062,1194,1073,1076,1271,764,765
636,770,5,647,656,784,919,673,290,682,751,629,1014,695,1270,1273,58,634,764
1219,1220,911,851,406,1182,1119,290,674,293,621,1135,117,118
1218,1157,517,264,463,1148,1234,467,22,663,535,539,349,477,481,102,1194,362,1006,306,498,1212
1216,640,835,645,718,784,1235,211,854,408,1183,1250,676,1193,874,883,631,1272,893,1208
1217,76,206,399,271,1233,786,794,796,1193,304,821,317,381,382
2,706,199,458,977,1110,1111,217,410,411,479,161,162,1130,1197,815,688,122
1219,1220,911,594,658,1045,343,1182,290,99,293,361,106,1135,368,826,1214
6,1223,1109,1115,1248,929,1253,614,106,173,370,1139,436
581,6,1223,584,1115,859,1248,929,1253,614,370,1139,436
1282,1285,1222,1287,453,1232,1233,468,24,228,1188,298,497,1266,1205,1277
1219,1220,838,652,851,406,343,1182,1119,674,621,1135,1209,1274,1213,1214
899,582,903,1160,584,1224,398,852,599,32,418,934,1000,1199,627,567,1210,1150
194,772,204,917,1114,412,1056,608,418,677,812,109,1198,1263,1203,310,55,952,956
772,396,1230,19,531,344,285,1119,676,1189,172,1196,1072,498,1075,826,188,957,254
1218,1157,784,849,663,1242,355,805,1193,1194,43,1201,1202,1148
1157,646,269,663,1242,349,355,612,1189,806,746,43,1006,1202,306,822,1083,1212
194,1287,718,1039,795,1117,798,1250,611,231,808,40,426,109,1198,310,55,1208,314,1211,703
1281,899,582,972,18,1248,934,173,124,627,757,55,1210,828,1150
1153,1034,976,720,978,1170,411,1179,418,930,229,872,1258,878,375,124
1282,1285,1287,1232,1233,1128,297,745,174,494,497,1266,1205,1208,1277
1157,646,775,588,659,86,355,612,1189,806,1194,43,432,1202,306,1266,437,1212,447
1218,1157,1167,849,1234,661,349,362,1194,1006,306,1148
1218,1157,266,589,974,1148,1234,659,349,612,1189,1194,1006,1201,1202,437,821,1212,958,447
834,646,1230,1167,272,86,796,1189,357,1190,1196,1202,53,437,311,317,447
835,900,645,907,1106,1043,854,1180,935,874,883,1206,630
772,197,709,711,655,1235,1044,1180,1183,865,418,1190,1191,938,428,120,699,1020
320,328,392,1290,1288,1231,1178,348,101,613,105,1265,882,1141,184,1082,893
1219,1220,909,911,594,851,1182,290,293,361,1133,1135,559,118,438
257,901,727,23,666,667,421,1125,1065,497,885,632,377,1086
965,204,1037,782,340,469,534,347,737,932,1126,748,1198,948,888,60,189
1219,1220,652,851,406,342,343,1182,1119,674,290,293,621,1135,559,117,118,1213
774,967,392,402,1112,666,1121,1058,1064,624,1077,184
642,1219,841,908,854,408,1119,288,1057,609,418,121,351,1129,1002,106,874,244,761,57,446
1219,777,396,80,594,851,915,1182,290,36,293,1133,1135,118,438,58,1214
704,328,13,1231,86,346,1127,423,169,427,236,429,814,175,245,501,1141,760,57,186,445
2,964,199,968,844,976,1170,1171,1108,1046,217,862,872,744,1258,878,815
1282,1285,1287,1225,1232,1233,1106,1236,1188,1128,618,1266,1140,1205,1208,1277
1032,1177,1250,1252,1254,1256,619,1259,1261,430,433,1207,1272,893,318
1218,849,1234,661,349,362,1194,746,1006,306,1202,1148
1282,515,1285,1287,716,525,1232,1233,468,1188,298,1266,1205,1208,1277
0,962,1226,1041,1049,93,927,928,740,942,1200,1014,1016,1273
771,764,776,1230,1107,790,859,863,1056,739,1189,614,172,1196,237,1075,628,115,956,765
899,68,710,1224,264,463,931,934,44,178,1267,627,124,1150
706,2,968,977,84,1110,1111,664,217,1046,410,411,162,42,1197,815,509
961,454,1225,587,845,1232,401,980,918,605,606,96,802,676,440,48,1203,631,1272
891,836,964,841,778,1227,718,985,1115,924,923,225,40,314,1147,893,318
0,515,835,974,334,1232,1233,223,228,297,298,1266,1205,630,121,317,958
640,385,1027,970,656,722,723,662,671,738,290,740,104,1073,625,629,1016,1210,1213,638
128,771,966,841,778,1102,656,339,218,736,608,488,745,42,751,441,315,764
640,960,1284,1286,1040,1106,407,668,1183,418,676,874,618,883,702
1028,1092,1095,72,717,213,345,1053,679,1065,1072,950,1078,696,954,1086
1220,1102,656,723,788,725,342,792,217,1051,1182,1248,673,674,944,1073,629,697
322,1222,200,777,522,268,338,918,23,281,666,1113,153,547,227,1125,1127,231,1194,760
389,838,710,264,908,909,911,594,595,659,663,539,1245,990,994,43,945,1143
385,1284,1286,906,1040,657,894,1111,408,161,292,494,751,1137,695,702
899,903,711,912,348,95,416,931,868,934,873,1070,1011,627,308,892,1150,1151
899,710,903,264,1160,1224,398,463,531,599,95,931,934,44,1199,178,627,124,1150
2,963,906,780,525,273,723,533,600,792,539,102,682,1073,946,763,894
1163,1164,1165,1166,727,25,358,1069,372,1078,376,889,1084
835,907,332,1106,531,83,1043,340,854,91,543,480,487,231,169,874,171,302,886,504,190
771,965,454,777,1037,404,917,793,218,1124,1075,948,888,1080,1020,189,766
0,835,709,1221,525,974,271,784,1233,1235,989,1183,304,625,882,1266,1204,1206,630
580,581,583,584,1031,1035,852,1241,985,1248,32,615,567,568,574
640,960,1284,1286,906,894,1048,668,864,292,874,1131,687,1137,1075,629,1209,698,957,702
1218,775,783,849,1234,661,663,349,362,43,1006,306,1202,1148
576,1025,260,1098,850,405,283,223,750,560,825,761,570,1085,1022
1272,845,718,280,795,1250,1252,808,426,685,760,250,1211,445,893,703
6,1160,398,847,976,82,599,1179,929,1250,804,229,103,872,106,815,1138,436,758,185,1278
321,323,259,69,840,718,654,592,607,40,107,684,363
706,67,773,841,778,1105,597,412,223,800,865,1124,932,1126,938,239,948,249,60
899,836,964,582,1224,779,1227,1103,592,985,923,924,934,627,1150,767
1219,1220,389,838,652,851,343,1245,1182,351,1119,674,290,559,945,118,1143
199,968,844,1170,1046,1111,1110,217,410,411,862,482,744,1197,815
266,588,399,271,703,659,661,794,810,1261,304,433,1202,434,1201,53,119,831
1218,834,1157,1148,1234,147,215,1242,540,612,235,1202,306,502,1212
390,391,72,646,1166,784,1242,221,805,423,679,1069,1076,1078,950,376
771,777,204,784,916,1244,797,285,418,739,1062,1005,1198,115,1075,952,956
772,1222,329,587,24,795,1117,798,356,231,808,426,814,760,57,1211,703
835,900,579,772,1285,850,404,727,1114,991,1248,161,677,550,874,814,1199,688,625,1013,567
389,909,910,911,594,595,658,1045,788,922,990,290,361,368,826
896,1092,718,1039,784,657,338,213,56,861,96,352,674,40,105,427,173,558,1076,696,954
269,13,525,784,912,918,1242,667,1244,1117,1060,612,231,169,1005,685,1073,1011,1082,892,1151
643,1284,1286,715,143,1040,657,788,725,792,1051,673,682,687,824,697,764
1030,447,267,589,718,399,784,703,271,1174,1244,672,1250,1189,304,823,317,893,831
3,1029,71,265,972,975,528,859,863,1184,1124,168,1130,299,1132,1005,309,1215
706,2,968,202,977,1110,1111,1046,410,411,161,1257,1130,1197,815,1268,1015,1017,506
0,832,1157,1226,589,974,271,336,1233,1234,1212,399,659,1242,1194,299,1201,1148,317
835,709,966,1029,12,702,143,794,1185,225,1187,1062,1265,625,1270,823,1273,1021,638
325,265,1034,14,720,466,978,346,414,1184,418,549,999,1130,1132,246,375,1208,1210
385,770,1027,647,648,715,1169,727,415,864,609,738,687,497,689,629,634,638
709,6,325,206,401,980,276,411,284,605,1248,999,1001,304,625,310,55,1209,1023
1024,833,1286,9,1040,209,593,721,919,1051,420,1002,1009,1010,691,1011,1018,956
833,963,1286,593,861,1118,682,621,49,818,1009,1012,629,116,1208,953,636
1153,580,583,968,846,596,985,860,32,930,567,615,1004,877,1015,568,1017,891
1218,1157,1148,849,1234,659,661,663,349,1194,43,1006,1202,306,1212
520,777,204,1037,469,88,1114,550,875,748,237,1008,177,310,888
908,909,910,911,594,595,1238,727,602,922,667,990,993,994,1269,885,637,575
1092,710,264,267,908,909,911,594,595,1238,922,1245,1055,994,293,945,885,1079,1143
1034,976,720,978,1170,410,411,1179,859,863,931,614,872,1258,878,375,828
259,974,910,1233,19,407,1177,734,419,996,1259,430,752,1207,828,317,703
385,833,647,905,908,396,593,594,851,1119,673,293,870,1129,1002,106,1009,826
1,5,649,206,597,726,983,920,668,1183,1187,875,1200,304,625,1203,569,573
1222,79,532,20,150,984,153,1113,281,24,167,169,492,301,816,251
207,1232,340,984,1113,153,988,227,486,233,169,685,760,245,886,503,1208
514,706,195,841,597,1176,731,609,420,872,1131,878,1137,307,249,895
198,1160,398,718,1231,1168,464,341,599,1112,538,992,801,546,1057,40,1064,492,1141,54
706,963,1160,906,398,210,339,597,599,600,89,1116,1180,1123,420,490,1197,1208,249,1146
257,1028,901,964,723,1108,1172,23,895,601,1120,421,445,558,565,758,891,60,509,639
642,516,839,73,1226,408,927,928,1185,161,676,293,292,695,106,1195,631,698
640,448,770,907,399,1169,211,1043,726,854,731,668,1187,935,874,1131,1137,1265
449,843,782,784,790,1047,1242,539,1244,1059,102,1192,949,829,766
833,1284,905,593,788,1245,673,290,97,870,1129,1002,106,945,1009,118,1143,826
1282,709,1285,1287,777,1230,784,82,727,1242,605,797,677,172,237,1198,115,500,1075,1277,1278
835,580,709,966,969,651,525,401,657,980,854,730,668,605,1248,1184,418,874,618,883
1031,1230,401,980,727,1114,987,605,1248,995,677,997,748,237,823,623,177,567,1275
964,583,844,914,1108,985,924,615,872,744,1258,878,946,1015,1017,639
1219,1220,1274,652,210,851,406,475,1182,1119,674,293,621,1135,118,1208,1209,58
3,835,1029,772,265,1228,467,854,477,1183,168,874,1263,1203,883,309,1206,700
1281,709,325,1037,206,401,980,1109,852,983,605,1248,738,1062,103,999,304,625,694,823,1023
258,707,709,199,968,1110,151,217,410,411,30,158,160,736,482,1190,1258,1197,122,509
385,1026,1284,1286,969,267,1100,912,209,1040,1049,415,418,106,751,687,754,698,892,894,1151
1157,974,783,784,1233,1234,849,659,663,1242,805,616,1194,43,746,1006,1201,1266,1202,1148,447
1216,385,642,969,267,851,408,1183,1185,98,676,485,293,1064,106,494,1209
776,843,782,784,790,1047,539,1059,102,1192,949,60,829,766
1032,1177,734,1250,1252,1254,1259,1261,430,433,1207,1272,893,703
2,706,199,458,977,17,1110,1111,410,411,162,484,1257,1130,1197,815,688,506
706,968,977,466,1110,1111,536,1046,410,411,92,930,163,1001,1130,1197,815,375
835,1209,907,1106,467,1043,854,418,935,874,883,1206,630,505
1216,835,454,76,397,974,271,407,989,418,676,1193,1194,874,821,1206,1272,317,382
771,516,1284,6,1286,906,1040,723,1176,731,1051,929,161,609,1253,1137,820,436,441,698,894
448,770,709,839,1228,1041,726,731,668,1183,928,1187,676,869,935,1263,1203,1204,254
642,516,839,73,969,978,408,1185,1122,161,121,293,485,106,820,1209,698
131,87,600,601,152,1116,544,164,45,238,1136,112,504,1146
961,3,1029,71,265,972,975,528,859,414,1124,1130,299,309,700,1215
1153,1034,976,720,978,1170,411,1179,418,930,229,872,1258,878,375,124
1158,839,1226,973,208,1041,1048,1049,346,93,927,928,942,1200,817,115,254
774,967,392,1161,1162,1168,1112,666,1121,1058,1064,489,683,1077,184,378
194,771,1157,582,777,908,269,784,1242,220,285,994,355,805,1194,43,299,1005,1133,812,242
640,385,1284,1286,906,1040,657,894,673,292,682,106,494,751,1137,695,702
0,1158,1226,1041,465,1049,93,927,928,483,869,1200,1016
962,771,773,777,204,1037,271,1235,404,793,1114,412,285,611,625,115,1270,888,249
194,325,1034,14,720,976,55,346,414,1184,418,1130,1132,812,109,814,246,375,310
896,65,963,904,460,848,210,1180,935,818,1011,116,627,375,1208,249,635
896,963,772,904,1235,346,1180,861,545,418,879,115,630,375,249,635,1215
0,5,1158,1226,973,1041,1049,93,927,928,483,942,1200,1016
1153,3,972,975,1042,1107,1044,859,863,865,418,614,938,313,124
640,1221,1226,1228,1041,93,1183,288,928,418,1187,869,1255,1195,1263,1200,1203,1204,254
896,65,963,904,1160,398,1103,346,861,418,814,879,375,1208,249,635,62
2,706,968,977,466,1110,1111,536,1046,410,411,92,163,1001,1130,1197,815,1268,375
1216,385,642,974,851,1045,408,1185,98,121,418,293,485,161,106,761,1209
325,1034,14,720,976,978,1170,55,346,1179,418,872,246,375,124
1219,1220,1221,1158,839,711,1228,346,1183,418,1187,293,869,1255,1195,1263,1203,1204
0,962,1158,839,777,1226,973,1041,1049,93,927,928,942,1200,1016,254
194,3,1029,265,972,975,1044,412,375,1184,865,418,938,1132,1198,309,310,55
709,1032,718,1177,90,419,1252,1254,1256,1259,1261,430,119,1272,1207,893
1156,453,776,269,1231,464,533,1113,1242,153,409,1194,875,1005,1201,1141,822,1082,958,63
1032,1177,1252,933,1254,1256,1261,430,439,1272,1207,893,318
2,968,977,1170,1046,1111,1110,217,410,411,930,872,1258,1197,815,1015,1017
1032,119,1177,90,1250,1252,1254,1256,1259,1261,430,439,1272,1207,893,703
512,706,130,968,458,977,1110,1111,664,1046,410,411,295,1130,1258,1197,815,506,1215
1,962,1158,839,973,208,465,1041,927,928,869,942,367,1200,1270,1273,254
512,706,130,2,968,458,977,1110,1111,664,1046,410,411,163,295,1130,1197,815,1015
962,839,777,778,1037,973,983,1048,1050,936,942,881,817,957,254
706,2,968,977,1110,1111,664,1046,410,411,161,930,482,1130,1197,815,1015
896,1160,398,1103,403,1174,599,154,219,546,111,123
962,1158,839,778,1037,983,1048,1050,928,936,1195,814,881,817,827,957,254
1171,1108,600,1115,1116,860,34,164,229,614,1191,872,1258,1004,45,878,946,1146,639
1216,384,709,1226,267,974,784,407,408,1047,1242,98,676,293,1192,1069,631,1209,1081
640,770,839,1228,1041,731,668,1183,288,1187,676,869,935,745,1263,1203,1204,254
512,256,706,130,968,458,202,977,1110,1111,664,1046,410,411,161,295,1130,1258,1197,815,506
194,3,771,1029,772,265,777,1110,1184,418,1124,1130,299,1132,115,309,700
907,1229,1101,957,208,1048,731,348,668,606,735,1185,418,1131,1263,1265,1137,823,698,1021
962,1158,839,973,465,1048,1049,927,928,869,1195,942,1200,881,1273,254
1221,839,907,1228,1041,211,407,731,668,93,1183,1187,869,1263,1200,1203,1204,254
962,839,778,1037,973,983,1048,1050,928,936,1193,1195,942,881,817,957,254
0,962,1158,1226,973,1041,1049,93,927,928,1195,942,1200,1016
1091,1028,1095,1096,345,679,1065,1072,1078,950,376,633,954,1083
896,963,1160,398,1103,848,597,1174,599,154,923,219,861,546,818,123
969,972,975,15,859,863,289,931,164,614,873,1258,45,498,1267,313,828,767
642,516,839,73,1226,1048,288,1185,1122,418,676,293,292,106,237,695,1209,698,254
1153,3,6,779,972,975,1042,1044,865,929,34,932,230,938,309,639
0,962,1158,1226,973,1041,1049,93,927,928,1195,942,1200,1016,443
640,772,1221,1228,1106,407,93,1183,418,1187,869,745,1263,1203,1204,883,630,627,254
706,2,199,458,977,1110,279,1111,217,410,411,161,122,1130,1197,815,688,506,1215
962,1158,839,777,973,465,93,927,869,942,367,1200,1270,1273,254
896,1160,904,1101,398,1103,591,1174,599,921,154,923,219,546,635,123
896,963,1235,346,1180,861,94,545,879,818,115,630,249,635,1215
199,968,844,1170,1046,87,1111,217,1110,410,411,862,482,744,872,815
2,706,133,968,458,17,1110,1111,1046,410,411,862,484,37,122,232,1257,1258,1197,688,506,1215
3,835,1029,265,854,407,1183,1124,168,874,883,309,630,1209,700
385,706,67,1284,1286,841,906,976,339,597,86,1179,1252,229,420,745,1197,880,315,894
450,771,261,328,777,270,409,346,418,227,169,427,429,749,175,816,1011,245,827,189
706,2,199,968,458,977,1110,1111,217,410,411,161,162,1130,1197,815,688
513,706,965,709,199,968,723,212,410,347,411,484,232,745,879,948,630,122,60,1215
1032,1177,1250,1252,1254,1256,1259,1261,430,433,1207,1272,893,318
896,65,963,460,848,1180,861,418,487,818,1011,627,116,1208,249,635
1218,1157,775,1148,849,1234,661,349,612,362,810,1006,306,1202,1212
2,706,199,458,977,1110,1111,217,410,411,161,122,1257,1130,1197,815,506,1215
771,777,1110,600,601,89,346,1116,418,611,1001,1130,1258,814,1136,115,1011,375,1146,956,189
640,839,1228,912,1048,1049,93,927,1183,1187,292,869,1195,1263,1203,1204,1011,698,892,254,1151
835,907,1106,1043,854,1183,548,935,874,618,883,1206,630
835,907,1106,1043,467,1235,854,935,874,883,1206,630
769,771,777,956,204,917,790,218,1056,608,611,803,764,765
256,2,706,199,968,458,977,1110,1111,1046,410,411,161,1197,815,1268,1015
962,1158,839,973,208,465,1041,927,928,869,942,367,1200,1270,1273,254
449,843,782,1047,1177,539,1059,102,1192,949,829,766
0,1,962,67,1158,1226,1041,1049,93,927,928,942,367,1200,50,1016
3,1029,265,972,975,1107,859,926,863,865,739,1251,938,309,313
706,2,199,458,720,977,1110,1111,217,410,411,161,482,122,1130,815,688,506
385,642,516,73,1226,395,267,919,408,1115,288,1185,161,293,106,374,121,698
1219,652,911,848,594,851,533,342,406,1182,35,293,869,1135,369,118,58,1214
67,709,389,968,910,595,851,922,990,1182,734,99,293,110,1135,752,52,118,1213,1214
194,789,21,88,346,418,100,748,109,812,172,1198,177,310,55,952,956
968,977,1170,1046,1111,1110,410,411,930,164,1258,1197,815,1268,1015,1017
1272,2,963,460,718,21,854,1180,351,40,618,108,1197,1073,818,49,689,628,1208,1274,893
323,259,69,451,840,654,718,592,675,107,684,363,686
704,520,72,1231,401,980,280,667,605,221,1056,358,427,875,620,816,114,1141,632,954,63
833,645,905,593,1041,1213,928,673,870,1002,170,878,113,1009,49,1073,1149
896,131,902,847,600,601,1116,872,1258,238,1136,112,1268,1146
772,901,777,846,403,596,1108,1110,1175,1111,858,866,939,877,111,54
320,1156,454,70,1288,1231,16,401,980,405,1178,348,1117,605,1122,101,1265,1267,1141
968,525,1230,469,534,789,471,1048,1114,859,1180,412,863,33,100,1198,115,1208,765
1220,389,909,911,594,595,343,602,922,990,1250,99,1260,110,118,826,1214
962,1158,839,777,778,1037,973,1048,1050,936,942,881,817,957,254
1216,385,642,969,267,408,1112,1183,1185,98,418,676,485,293,1064,106,494,1209
704,1154,771,328,777,338,213,1178,604,227,679,424,105,169,245,1271,1080,954,1022
651,333,81,914,276,917,1110,1111,413,1184,418,739,104,1001,1130,1258,1132,1215
896,776,784,848,82,1242,1244,861,804,103,1068,1005,818,758,185,1278
449,646,843,782,784,1047,539,1059,102,1192,949,829,766
129,322,257,1028,650,1163,1164,958,280,153,25,1113,632,620,242,1074,693,1078,376,889,1086
2,131,902,600,601,1116,872,1257,1258,238,1136,112,1268,1146
642,898,195,266,459,204,269,141,1174,1180,311,419,296,748,1005,753,501,374,503,442,126
448,513,770,261,519,74,915,289,483,548,164,45,622,368,241,827,444,125,127
705,135,457,268,78,529,338,83,401,605,287,543,173,440,379,191
2,706,968,977,1110,1046,1111,410,411,930,482,1130,1258,1197,815,1015,1017
69,136,841,141,464,918,153,538,1113,606,486,169,236,429,173,1008,497,63
1152,1283,132,1029,900,773,456,461,142,982,1239,732,232,49,563,564,1208
642,835,134,839,267,273,854,408,921,121,98,293,935,874,490,106,494,883,501,1206,761
331,90,439,1250,419,1252,1254,619,1261,430,433,119,1272,893,703
707,197,711,653,1235,1180,30,158,610,549,1190,551,428,113,49,500,120,953,1208
258,262,1274,139,652,851,1045,406,475,674,621,49,113,117,1209,58,1276
1219,1220,343,1182,1119,290,674,293,361,621,1133,1135,117,118,1213
70,710,1224,463,976,978,340,410,411,1179,1248,931,934,44,178,1267,124,1150
768,771,777,210,350,606,354,741,422,234,241,753,1208,125,958
1145,579,260,1098,913,979,986,283,1247,223,991,550,807,1005,561,371,947,761,1013,121
643,707,709,199,844,1020,720,1111,217,410,411,30,158,736,482,1190,744,946,122,764
961,515,68,324,1160,398,1232,1233,21,599,88,1248,739,228,100,808,298,109,1198,1266,952,314
257,66,194,1094,520,1168,980,664,666,29,1249,801,227,612,1125,294,616,236,501,632,63
323,451,69,259,654,718,592,675,40,107,684,363,686
0,835,67,709,966,778,1037,84,1045,727,667,1244,797,1052,1119,1067,372,1206,374,1273,1082,1081
646,390,72,391,213,221,96,423,679,427,173,1202,1076,950
70,454,1288,1231,16,401,980,605,543,480,231,875,302,1267,1141,696,825,571,190
509,2,706,968,458,75,977,279,410,411,479,161,162,122,1257,1197,815,499,1017,506,253
833,1284,1286,905,906,1040,593,657,723,1051,870,170,682,364,751,1009,695,894
74,267,972,273,978,859,284,1180,283,1248,121,548,485,1253,935,494,753,1208,249,127
384,1216,776,718,1039,784,727,1112,56,667,1244,1055,1064,1069,1199,1071,497,885,1272,1081
192,196,581,6,583,1210,525,1109,1115,1248,418,567,615,1000,173,436,310,55,314
705,1218,257,709,1032,784,1148,1234,727,216,1242,540,607,1248,1249,1254,1127,825,59,1212,63
518,1095,72,393,215,984,1113,474,476,221,481,932,679,296,233,235,950,374,1208,57,954
2,135,200,457,1168,278,600,1116,294,808,233,1257,491,109,501,248,1146,59,61,255
965,204,782,917,790,347,737,932,1126,1062,1005,1198,60,948,956
64,2,771,581,6,777,1170,210,791,855,27,39,872,1197,878,815,436,827
771,452,901,708,520,72,777,8,464,538,667,221,1125,613,427,875,173,950,63
1218,1157,646,72,849,663,349,1194,43,746,1006,1202,53,437,1212,317,447
771,773,968,777,1034,401,1170,980,85,1046,404,852,346,605,862,930,418,549,875,827,1085
266,206,1167,272,1233,86,796,805,432,53,821,311,317,447
1037,1230,469,534,88,1248,100,748,109,237,1008,177,310,952
777,720,1170,55,1110,1111,346,157,414,1184,418,1001,1129,1130,1132,878,814,115,375
1284,645,1286,1030,713,394,267,1097,211,1047,1178,1053,1071,630,695,1207,954,380,702
1032,787,1177,90,439,1250,419,1252,1254,1256,1259,119,1272,893,318
833,771,454,777,593,338,340,918,91,480,356,612,231,1005,302,1009,691,886,190,191
448,899,446,903,531,668,95,544,873,1002,944,1265,178,308,1209,1210,507,1150
770,772,1037,599,96,1248,418,612,1127,683,748,173,378,115,692,888,1210,189,190
960,705,963,454,139,16,1169,1173,97,1001,682,361,1073,244,629,310,52,442,59,1149,702
1217,394,395,76,397,271,26,1193,1194,1266,380,381,382
1156,1288,264,77,333,278,535,539,348,159,547,102,296,682,491,498,502,123,508
135,839,457,268,78,529,274,83,1048,287,1248,292,106,237,698,191
322,1029,79,464,150,278,984,153,1113,538,281,23,918,492,301,1267,1208
1219,517,710,264,73,80,1045,342,535,474,539,1182,161,290,481,293,102,1135,826,61
195,3,771,265,777,847,81,1105,1171,913,276,979,220,860,418,104,1001,1258,878,830
776,847,82,1244,861,221,804,103,1068,818,1075,115,758,185,1278
322,135,457,268,78,529,83,287,543,31,440,173,818,1272,191
324,1156,1161,1162,1290,781,1231,1168,784,664,666,346,1244,683,1067,624,1076,1141,951
198,1160,776,1165,398,718,1231,208,341,599,670,992,357,40,492,370,178,562,885,1141
384,1028,650,1163,1164,1165,1166,25,221,352,358,1069,950,889
898,195,771,968,777,844,1046,600,858,1116,862,1186,1258,299,1136,442,1146
1155,646,1159,1167,272,783,849,659,349,811,1006,1202,53,437,311,1148,447
194,324,1222,968,777,401,980,346,987,605,862,1184,418,997,549,875,1132,748,310,55,828
192,1155,1095,72,1161,1162,1159,525,1165,1168,145,1232,679,1197,1072,501,950,61,126
192,194,324,459,476,412,94,375,1184,418,489,875,1132,748,116,310,55,249
193,70,267,781,978,916,660,340,469,408,861,804,106,879,120,124
1028,135,457,777,268,78,529,83,346,287,1248,173,1011,440,191
962,771,324,454,520,777,1242,667,96,1185,1056,611,1127,169,1194,683,302,378,190
1217,642,771,1037,1232,531,404,469,788,88,732,351,288,809,1002,627,888,121,189
1155,709,70,1159,1161,1162,1290,1163,1165,1164,1167,1168,784,145,1248,683,495,625,1274
963,777,209,850,19,21,533,923,414,1118,1184,548,249,1004,1132,312,761,891,188,1215
579,913,401,979,1237,986,1247,991,550,561,947,1013,566,1145
322,452,724,918,153,281,1113,221,543,801,231,169,620,492,685,175,693,760,187
650,1163,1164,1165,1166,25,352,358,1069,1078,950,376,889,955
1089,1156,327,207,1231,409,153,1113,227,1061,1127,1063,616,426,691,693,1141,886,245,186
1155,1159,908,974,1167,659,663,349,994,1194,43,821,311,1148,317,447
774,967,392,402,1112,666,1121,1058,1064,624,1077,184
776,395,972,82,916,1242,1244,797,804,103,1193,1194,758,185,1278
449,1157,646,843,782,1047,1242,1059,805,806,1194,1005,1201,1266,949,183,1083,1212,829
322,771,452,1029,135,777,532,918,984,153,1113,739,227,167,487,169,175,180,245,316
1216,709,966,1164,1165,1166,784,788,727,1112,1242,667,1055,1064,618,885,889,1081
705,323,901,198,776,969,1231,784,403,1174,1242,1244,797,670,992,492,1199,181,885,1141
1153,643,709,838,584,329,1290,784,541,736,1191,551,1258,878,689,946,625,1268,764,1149
704,129,259,582,200,840,1043,724,216,1113,801,487,491,492,366,303,242,1208,59
1218,1157,1148,1234,147,215,1242,540,349,612,296,362,235,1202,501,502,440,1212
954,1028,1095,72,717,338,213,221,1053,677,679,1072,950,1082
641,709,329,778,853,664,285,671,33,1186,807,745,625,241,371,308,501,121,125,638
1153,964,583,592,214,985,1179,284,860,924,351,100,229,615,1134,113,757,182,55,1208,639
1153,964,583,846,1105,914,1108,596,1175,924,866,1191,877,111,54,1015,639
645,907,1166,399,206,974,211,407,408,25,288,1187,676,874,304,688,631
964,1160,968,844,398,1169,914,19,1170,1173,851,599,1046,1049,924,862,416,742,878,895
709,966,1224,1225,460,1230,210,475,671,677,171,1196,753,113,114,178,1267,1208,1212,1214
963,1219,909,911,1169,658,1171,1173,1238,406,1143,668,1118,361,368,945,759,827,444
707,1100,653,784,209,1276,533,218,1051,1244,610,292,682,751,367,1073,312,1018,1020
1158,907,208,1041,854,1048,541,93,927,292,869,740,935,237,367,1200,569,698,572,573,254
1219,520,521,205,79,918,984,282,666,346,1122,1253,301,1134,814,753,501,760,442,316,191
1152,322,590,207,20,982,1239,984,153,1113,1240,227,679,169,563,564,245,886,1144,700,893
1032,331,787,119,1177,1250,1252,933,1254,1256,619,1261,439,1272,1207,893,318
65,322,452,457,203,140,78,83,984,1113,543,165,167,487,496,116,693,319
776,778,782,784,1021,1242,1244,797,285,1248,739,1062,625,1267,1076,823,957
1217,1218,206,399,1148,718,1233,786,248,1193,1194,304,1201,1202,625,1272,1212,317,382,703
834,646,784,661,663,1242,355,805,1193,1194,43,1005,1006,1202,1212
2,199,968,977,1046,1111,1110,410,411,930,872,1257,1197,815,1268,1015,1017
577,578,707,1034,720,466,1110,1111,92,1184,418,872,1001,1130,1132,1197,375
769,771,777,956,204,917,218,1056,608,611,803,812,764,765
771,772,197,655,414,158,1184,30,1190,1258,428,1132,878,113,120,699,1020
704,129,135,200,906,79,848,1232,529,278,216,1113,487,296,491,242,501,950
2,706,709,133,968,17,977,410,155,411,224,1215,162,37,232,1257,815,946,1017,511
322,1222,79,144,20,150,918,984,153,1113,281,543,167,169,173,301,693
128,258,2,643,709,647,84,1045,30,158,160,736,479,610,122,946,1268,1014,634
967,392,329,137,907,1043,407,282,860,156,1118,668,418,1187,874,1134,182
838,210,147,215,732,540,994,292,1192,296,169,235,809,1197,492,1204,1208,698,1148,189
1282,963,194,5,74,146,539,1118,417,1123,996,485,102,682,691,1012,630,698,638,1215
452,708,79,341,150,278,984,153,1113,281,918,543,233,492,301,693,187
771,773,72,521,777,784,148,918,24,96,440,489,1194,683,184,378,190,63
833,963,1220,648,905,143,273,593,85,1051,732,1180,1182,609,870,682,1009,627,695,1208,697
1283,132,456,460,525,142,461,468,533,472,539,732,682,113,49,1208,58
905,716,12,145,401,980,854,987,348,605,995,1123,997,870,935,359,234,555,46,252,956
65,322,452,518,71,140,15,144,278,536,153,1113,94,543,41,427,491,685,116,504,62
1216,640,835,645,974,854,407,408,1183,288,676,1193,874,883,1203,1206,631,1272,630
1219,838,139,460,1232,210,851,1238,475,1180,1119,994,484,627,501,117,1208,1209,1274
770,261,457,138,531,533,470,534,539,284,166,102,44,494,753,503,123,127
704,1218,136,141,269,270,464,1168,150,153,538,1113,225,613,486,103,1127,497,63
129,518,203,140,1232,144,1113,153,1052,1123,932,487,296,235,685,114,245,374,1208,249
906,525,1234,468,533,539,476,541,1118,102,39,296,170,235,364,176,113,501,502,1208,511
5,469,534,88,1248,677,679,748,237,109,620,1008,177,623,310
908,909,652,911,594,406,342,35,361,1007,368,559,369,179,1143
514,968,841,787,597,1046,855,1176,731,93,872,1131,815,1137,567,702
899,68,710,1224,779,972,975,463,931,873,44,178,1267,627,885,124,189,1150
771,1222,520,777,20,918,984,153,1113,221,543,1127,427,173,685,689,760
193,66,901,777,1231,918,23,29,96,227,612,616,427,174,302,690,51,827,252,319
704,1089,322,1156,270,527,207,337,1231,918,543,227,169,492,429,175,242,245,1141,761,316
322,771,452,454,135,327,777,13,79,1232,850,984,153,1113,538,167,487,169,501,761
1089,771,452,777,1168,724,277,918,543,227,1061,231,169,173,175,691,245,886,760
6,969,1034,847,976,978,1171,1044,410,1179,411,1248,865,418,872,938,171,1267,639
771,777,204,1230,917,789,88,1056,161,611,1124,100,172,1005,109,1075,952,956
961,707,70,524,464,530,468,533,534,538,475,159,487,235,48,497,500,1208
706,199,968,977,1046,1111,1110,410,155,411,224,930,37,232,1130,1258,1197,815,1215
835,707,907,1106,467,1043,854,477,935,874,883,630,1206
258,2,707,709,199,720,1110,217,410,411,30,158,160,736,482,744,1258,1197,878,122
1231,532,918,984,153,795,165,294,231,489,169,301,429,175,501,1141,761,251,316
771,138,526,15,848,273,914,470,921,923,541,414,1184,544,166,1132,878,507
1282,1028,901,1094,1093,1285,784,785,533,23,1244,669,613,429,1005,690,52,952,958,1087
257,1091,1028,1095,1096,717,345,1125,679,424,1065,1072,950,1078,632,633,954,1086
576,260,1098,405,283,223,807,1005,560,371,121,570,1085
1090,1091,1028,1095,1096,717,1053,679,1065,1072,1074,950,1079,633,1083,1086
835,907,1106,1043,854,1180,1187,935,874,883,1206,630
1090,1091,1028,1095,1096,717,345,1053,1054,679,1065,1072,950,633,954
3,972,975,1107,1044,859,863,865,1251,614,938,820,313
1280,1089,322,452,1028,1287,1095,1097,543,1061,169,1194,1071,497,950,378,383
1088,832,770,1028,784,916,1114,797,1055,423,616,1066,174,1201,115,950,1082,379,1084,958
771,388,1028,454,520,393,777,650,76,784,917,667,1244,1125,1193,1067,886,1080,1081,955,958
1028,1095,1096,717,1053,221,679,1065,1072,1074,950,1078,376,954,1086
1091,1028,1095,1096,345,1053,679,1065,1072,1078,950,376,633,954,1086
129,1090,1091,1028,1096,1099,717,345,679,1065,1074,950,1078,376,633,1086
1157,784,790,1242,1244,797,1055,804,1062,1193,1194,1201,1073,372,373,1080,1084
1028,1095,1096,72,717,213,1053,679,1072,1078,950,376,954,1083
129,1157,269,13,1233,280,1242,667,540,613,1189,806,296,1194,235,632,1272,1212,958
1091,1028,1082,1099,717,338,213,345,679,1072,950,1078,376,633,954,1086
954,1091,1028,1095,1097,393,679,1065,365,1071,633,374,1081,378,1086,383
1284,780,1102,1039,656,1040,788,792,217,1051,1248,744,682,944,1073,697,763,639
1153,3,972,975,1042,1044,859,863,865,418,932,614,938,313
1160,398,1103,1174,599,921,154,219,860,923,601,546,123,891
1090,1091,1028,1082,1099,717,338,345,679,1065,1072,950,1078,633,954,1086
1027,966,956,1100,1020,721,1048,1114,415,418,292,122,1255,1011,629,1015,1017,634,764
3,972,975,1107,1044,1242,859,863,865,614,872,938,1139,313
577,578,131,902,136,1104,1107,601,538,1242,937,1194,940,1198,238,112,1201,1136
706,968,977,1046,1110,1111,151,410,411,930,1130,1258,1197,815,688,509,511
964,581,584,574,1103,1105,914,81,1108,276,985,860,866,876,1149,830
1090,1092,1028,1095,1096,1099,717,1039,345,1053,679,1065,1072,950,1078,696,954,1086
704,1092,1093,390,1094,1156,775,1052,1053,1125,1065,1067,1072,629,696,954,59,636,1086,1087
1281,6,583,204,784,727,1112,667,1244,797,1055,1248,98,1064,885,567,568,1081,1210,828
576,1025,260,1098,405,986,283,223,121,807,560,371,825,570,1085
257,1028,1095,1096,345,1053,679,1065,1072,1076,950,1078,954,1086
1028,1097,393,918,294,679,236,365,378,1071,950,1081,954,1086,383
954,66,1028,1093,1094,388,324,261,346,667,1249,1067,175,1072,56,377,378,1083,1087
771,263,777,651,1172,276,1243,412,413,1120,608,1184,549,999,1001,1130,956
1221,262,137,1226,525,1233,145,273,468,533,472,282,539,1180,30,1118,102,1208,58
1037,274,404,469,1048,793,288,1185,292,553,554,555,748,237,888,121,698,957
707,1029,199,789,217,862,414,1184,1120,482,739,551,1130,1258,1132,878,246,375,956
514,195,597,855,1176,601,731,292,872,745,1131,815,751,1137,436,567
963,520,907,1106,210,346,1180,484,487,1134,814,753,1011,182,1206,1208,249,827,1020
1282,707,783,785,214,792,1051,1179,375,736,418,804,360,745,1073,1138,882,1076,631,764,510
843,782,784,1047,1112,539,1059,102,1192,1064,682,1073,949,885,60,829
272,784,1234,659,86,663,1242,355,805,1194,43,362,1006,1266,317
1218,784,849,659,663,26,1242,355,805,1193,1194,43,746,1006,1202,1212
709,966,525,402,727,1112,666,667,1248,1121,1058,1064,113,49,497,501,885,377
835,907,1106,467,1043,854,1183,548,1253,935,874,618,883,1206,1209
581,6,1223,584,1109,1115,1248,929,1253,615,370,1139,436
1153,581,6,1223,584,852,1115,862,1248,929,1253,615,1139,436,639
891,964,580,583,1160,398,1103,914,599,1241,985,923,32,866,1004,813,492,567,1147,1149
964,1147,846,592,1105,1108,921,923,876,813,1004,366,54,891,1149
899,6,972,976,18,1179,418,931,229,934,614,873,124,1210,828,1150
1153,707,3,329,784,1104,978,1170,1244,541,930,1253,229,1191,872,745,490,370,1139,371
3,1029,71,265,972,204,528,859,1184,418,1124,168,299,1005,309,700,1215
1154,967,392,1161,1290,1162,1233,666,604,669,1121,613,624,1266,501,1205,184
1155,646,1159,1167,272,783,1234,659,349,746,811,1266,53,437,311,821,447
576,579,401,980,986,605,1247,1122,550,560,947,1013,566,570
580,6,1223,583,1115,1248,929,1253,615,370,1139,436,568
454,72,1225,714,1236,1177,734,31,353,1255,1128,105,882,307,1140,373,1277
320,1156,454,1159,716,1165,974,1231,1232,1233,1148,918,25,101,1189,1266,1141,1083,252
706,199,968,977,466,1110,1111,1046,410,411,92,163,1257,1130,1197,815,1268,375
644,1238,537,222,1119,887,562,884,1142,759,890,701
706,199,968,844,720,977,1046,1110,1111,217,410,411,482,1130,815,375
964,580,6,1223,703,1115,924,1248,929,1253,872,370,1139,436,639
963,520,525,912,861,802,1123,1255,1001,429,879,1011,52,1019,892,1151
896,65,69,710,840,654,592,1174,607,675,41,107,1004,492,684,363,753,249,635,1017,62
196,580,581,583,584,852,1109,1115,1248,615,1000,497,567,568,574
1220,838,969,908,652,594,342,1182,351,609,995,998,556,1133,1007,369,438,826
576,579,913,401,979,980,1237,605,991,550,230,1003,560,561,1013,566,1145
1153,580,964,6,582,1160,583,398,599,985,924,1248,615,1000,1199,567
325,1034,720,976,785,276,1179,1184,549,999,1132,1198,814,375,824,1023
0,1217,4,966,1226,395,76,1037,397,271,1049,26,989,928,1187,359,1193,46,1200,381,382
899,836,261,710,1224,138,779,463,931,934,44,178,627,1267,441,124,1150,127
1153,3,972,975,1107,1044,859,863,865,418,932,938,1139,313
1031,1033,1035,846,1103,592,1105,1108,852,855,1241,985,32,876,54,567,1149
640,835,1221,1226,1228,1041,1183,288,928,418,1187,869,1255,1195,1263,1203,1204,1206,254
844,720,1172,217,414,1184,1120,610,549,551,1132,878,375,824,953,1023
896,65,963,904,1160,1103,599,346,1180,861,418,814,375,1208,249,635,62
193,773,972,781,784,1042,916,404,1237,285,797,1248,800,929,677,230,1198
964,1031,1033,1035,846,592,1105,1108,855,1241,985,418,876,1004,54,1147,1149,639
897,964,1033,846,592,596,1175,1241,924,866,939,877,111,54
1155,646,266,1167,272,849,659,86,663,355,357,1194,43,1202,53,311,447
1031,1033,1035,592,1105,1108,852,596,855,985,1241,32,876,54,567,1149
260,709,454,525,16,147,852,1049,862,543,1248,359,361,170,364,1199,1267,52,888,1273
576,1025,1038,400,223,558,560,570,565,566,762,1022
451,69,1097,393,1242,667,220,96,225,363,314,237,1071,689,1074,51,310,378,1083,189,1215
649,726,983,920,731,668,93,416,1185,292,875,1263,1200,1137,120,1209,1018
1024,1028,1095,1096,1097,1162,1040,787,90,1051,353,419,297,1001,1071,1010,691,439,1018
896,963,1160,398,1103,848,1174,599,154,219,861,546,818,123
0,1,4,5,7,1226,1041,1049,93,927,928,367,1200,1016
2,12,525,401,980,605,1187,740,1257,881,50,1014,569,443,572,573
1024,385,912,1044,863,418,292,229,745,938,1133,1007,1010,1011,252,695,1018,892,1151
583,1160,968,398,1170,1046,599,985,410,411,34,930,1258,1004,1197,1015,1017,511
833,645,905,593,870,1258,170,364,1002,49,1009,113,116
192,961,900,1029,68,524,525,468,533,534,475,1244,1180,159,232,1005,48,500
580,964,583,1108,1241,985,1115,1181,615,877,1139,567,568,1149
582,269,13,784,788,1242,667,1244,986,1246,1247,1057,612,997,1194,235,171,1005,175,947,247
769,771,777,956,204,917,218,1056,803,611,764,765
774,967,392,402,1112,666,604,1121,1058,1064,1077,184
2,968,977,1170,1046,1111,1110,217,410,411,930,872,1258,1197,815,1015,1017
1,962,193,4,329,10,1100,726,1048,346,418,292,1195,942,367,753,50,1011,1016,761,1213
584,778,11,780,788,792,1051,673,610,549,551,1129,878,751,1073,1137,1268,120,953,763,1149
899,68,710,1224,972,975,464,463,1179,931,873,44,173,178,1267,124,767
1090,1091,1028,1095,1096,717,345,1053,1054,679,1065,1072,950,633,954
704,1028,388,266,784,791,1112,26,797,1055,613,1064,1193,1194,372,373,1080,1084
1032,787,1177,90,1250,1252,1254,1256,619,1259,1261,430,433,439,1272,893,318
902,460,333,19,346,541,1118,1184,993,742,1132,1004,753,627,117,375,1208,249,188,575
968,977,1170,1046,1111,1110,410,411,930,164,1258,1197,815,1268,1015,1017
322,70,1104,977,20,984,1113,153,538,24,543,547,1191,169,685,175,815,688,245,824,187
900,273,21,533,534,1180,414,862,1184,224,100,488,232,299,1132,500,311,952,1215
1092,1095,1099,717,345,1053,679,1065,1072,950,1078,376,954,1086
704,257,901,520,23,666,1125,421,679,424,169,1194,427,1072,632,954
2,968,977,1170,1046,1111,1110,217,410,411,930,872,1258,1197,815,1015,1017
704,1089,322,954,1028,1082,327,393,338,918,1052,1061,169,1067,365,1071,374,1081,378,383
651,1172,276,1243,412,413,1120,1184,610,418,549,999,1001,1130,1132,115,953
386,261,966,648,16,727,1112,667,543,1055,1185,1057,485,293,1063,1064,298,494,1267,885,1273
196,580,581,583,1160,584,582,398,1109,599,985,1115,1181,615,1139,568,1210
449,646,843,782,784,1047,1242,539,1059,102,1192,949,183,829,766
130,133,1224,140,18,466,536,92,1248,224,163,37,934,295,44,173,178,1267,1210,1150,511
195,771,968,1041,1170,1046,601,858,1179,28,346,862,32,930,549,872,875,878,814,567
1028,1097,784,912,667,1151,1062,365,1071,1073,1081,378,892,1086,383
1028,1095,1096,1099,717,345,1053,679,1072,950,1078,376,954
64,771,1222,847,912,404,346,27,549,39,1258,1197,878,1011,436,309,438,892,1151
454,714,587,912,1236,25,794,1180,734,31,606,735,1187,423,1128,882,1140,892,957,1151
2,706,968,977,1110,1111,1046,151,410,411,1257,1130,1197,815,1268,509,511
66,901,268,1231,784,918,664,24,1242,281,540,29,227,1127,427,173,429,501,1141,1212,319
385,446,395,204,957,917,790,1119,807,617,1005,1073,117,759,121,956,1213,382
192,262,1289,522,268,210,531,468,533,24,472,1117,221,356,296,114,501,1208,58
704,1028,1095,776,1096,221,1194,1068,173,365,1005,51,372,373,950,1081,378,383
1160,332,398,852,598,599,1241,925,609,867,939,813,943,823,441,1147
384,1163,1164,1166,25,352,358,1069,950,1078,376,889,1082,955
394,395,76,397,271,784,786,26,737,804,1193,1073,380,381,382
896,839,909,911,339,1171,1108,851,1111,1048,351,418,229,1070,308,315
1163,1164,1165,1166,784,25,1242,358,1069,1076,950,1078,376,889,955
192,1280,519,522,590,143,911,145,212,1045,856,1240,284,351,738,418,1070,1144,1210,1214,1023
776,784,918,23,56,670,547,867,613,38,808,41,492,876,495,624,252,760,1212,766
774,967,392,784,402,1112,666,1121,1058,356,231,1064,374,184,377,1081
2,706,199,968,458,977,1046,1111,1110,410,155,411,224,37,232,1258,1197,815,506,1215
257,1028,1092,717,1039,213,345,1053,1125,679,424,1065,696,1072,950,632,633,954,1086
840,1032,718,654,592,607,1252,1254,40,1256,107,1259,1261,363,684,318
1088,704,1090,1091,1028,1096,345,1053,679,1065,1066,1072,950,1078,376,633,954,1086
64,1216,835,195,1233,600,346,27,1116,989,39,872,1258,1197,1005,115,630,1146,254
954,771,388,1028,393,1097,650,777,918,358,1067,1071,373,374,1080,1081,378
905,204,1230,854,727,1114,346,33,100,292,1126,870,168,745,172,1198,623,883,627,637
706,2,968,462,977,1170,1110,1111,410,411,930,1130,1258,1197,493,815,1015,249
964,581,583,584,1031,1035,852,598,855,1241,601,985,32,876,877,431,627,567,891
770,267,396,909,911,850,915,788,993,36,809,106,368,698,761,826,575
1089,322,452,454,13,1232,785,918,984,1113,153,227,1061,169,620,760,952,379
1219,1220,909,911,594,658,406,342,1182,1119,35,293,361,1133,1135,369,179,118,438
3,972,975,1107,1044,859,1179,863,865,1251,614,938,313
1089,322,452,1156,1231,917,918,409,153,1113,1052,227,1060,1061,1063,169,691,1141,760
1216,449,646,843,782,271,404,407,1047,1177,1059,1192,1005,949,183,829,766
1153,914,601,858,923,1116,860,219,930,546,1191,1258,1004,1136,891,1149,830
704,193,450,520,8,393,650,540,221,348,1063,169,235,427,429,620,175,495,632,954
389,908,909,910,911,594,595,1238,602,922,990,1269
323,451,69,654,592,852,22,607,675,363,684,107,686,1267
322,452,327,841,779,724,918,280,153,1113,543,932,1127,169,173,118,187,60,445
954,965,396,909,911,915,788,916,917,36,809,1011,948,953,826,956,957
1282,453,1285,1287,1232,1233,1188,228,297,298,49,1266,113,1205,1277
769,965,956,784,917,790,218,1244,1056,803,611,1059,1075,764,765
962,709,454,966,777,714,525,399,16,271,543,1248,1185,611,1198,1199,178,1267,440,1273
193,781,784,916,917,797,285,1056,608,739,812,115,1075,956
963,455,135,521,268,1174,1238,984,1180,993,294,487,1005,113,818,242,501,55,1208,575
891,1101,1229,591,921,154,923,219,416,417,546,507
1152,1283,132,1029,773,456,651,461,142,1110,1111,732,413,414,232,563,564,694,442
1153,1026,964,1224,335,214,919,1179,1183,418,614,1191,1004,173,1139,820,639
389,595,1238,857,922,1245,990,223,1248,609,418,1119,249,759,814,752,945,1143,824,441,1210
964,709,647,784,1108,1045,1244,924,989,736,738,610,872,745,362,946,1014,634
2,963,773,968,456,1232,273,145,1180,541,224,296,875,113,49,818,1203,1208,442,511
964,1160,1229,1101,591,914,1108,599,921,154,923,219,985,416,417,891
962,839,1049,93,927,740,869,942,881,50,1016,569,443,572,573
968,1034,720,466,276,1046,1243,413,414,1184,610,163,549,551,1001,681,1132,815
1024,389,263,1169,595,980,1238,1048,922,1050,346,990,734,609,549,423,622,881,827,444,318
451,259,323,22,989,925,867,291,675,939,107,684,943,946,823,571
1153,578,6,1223,972,1115,1248,929,1253,614,872,370,1139,436
452,136,845,464,280,543,1248,1249,486,236,173,685,175,689,626,693,1205,187,445
899,5,903,11,715,461,653,143,911,531,95,673,738,1002,366,113,1073,49,446
646,266,589,272,86,796,355,432,1202,306,53,821,311,437,317,447
1281,899,1224,264,972,463,18,284,1248,931,934,124,627,757,55,1210,828,1150,511
448,1284,906,854,668,478,351,673,1249,682,618,49,1073,1265,628,629,953,1274
449,843,332,782,1233,1047,539,1059,102,1192,949,829,766
1153,899,6,779,972,975,976,785,1042,978,1179,34,932,938,1139,627,639
1216,1032,783,912,119,1177,90,353,1250,1252,1254,297,434,53,439,1272,1207,892,1151
963,644,537,222,1119,887,562,884,1142,759,890,701
331,119,90,1250,1252,1256,619,1259,1261,430,433,439,1272,893,318,703
577,6,779,972,975,1107,859,863,929,614,178,1267,562,885
963,644,537,222,1119,887,562,884,1142,759,890,701
1153,578,3,6,1223,972,1115,1248,929,1253,614,872,370,1139,436
644,1238,537,222,1119,887,562,884,1142,759,890,701
710,326,650,525,336,1235,468,1180,541,35,299,300,431,753,114,627,435,179,1208,190
3,1220,136,1226,784,401,788,980,605,1182,1251,678,1133,1135,1007,500,438,187
1157,775,589,1233,663,349,612,1189,805,357,746,747,941,1266,437,1212
891,1229,1101,1103,591,921,154,923,219,544,416,546,507,123
454,1225,777,268,845,784,532,984,729,1244,287,1248,294,808,489,1067,689,757,440,1211
1032,787,1177,90,1250,1252,933,1254,1256,1259,1261,439,1272,1207,893,318
454,525,912,1183,418,1187,1123,802,1255,171,1011,1204,1209,1019,892,1151
642,520,208,210,727,728,88,1117,1248,802,425,683,305,692,1270,247,1273
771,645,1160,398,978,214,599,346,1248,1184,800,418,676,872,1132,878,880,692,631,249,895
257,1282,401,338,785,980,213,23,605,1053,1125,421,424,1065,1066,632,954,1086
897,520,846,1167,784,596,1176,1242,1244,866,996,168,425,877,813,54,888,827
773,390,391,72,1095,1039,784,980,605,221,612,679,1194,427,173,174,175,950,1272,954
385,898,195,771,1029,968,1110,919,1111,410,1180,862,1184,930,1191,1132,878,1073,1213,511
389,12,718,464,1212,594,595,538,922,990,426,427,173,174,497,1272,1148,893,703
195,900,196,847,592,601,858,229,549,872,745,1258,814,815,1008,48,757,639
331,119,1177,90,1252,619,1259,430,433,439,1272,1207,703
131,902,1104,600,601,1179,1116,614,872,937,938,745,940,1258,238,112,1136
0,962,1158,839,711,777,1226,973,1041,93,927,928,942,367,1200,814,1011,1016,699
197,709,711,837,1222,1226,71,655,975,528,531,414,544,738,1190,428,627,507,120,699,1149
833,963,905,593,597,870,170,682,364,1258,1002,1009,818,1208
834,646,266,394,76,974,272,1233,659,86,1189,432,1202,53,311,380,381,382,447
65,963,1284,905,906,460,848,273,530,465,212,468,476,682,170,364,49,62
389,909,911,594,595,658,1238,602,922,1245,990,752,945,1269
961,899,195,1174,598,32,866,422,939,492,1004,431,1264,1199,115,1075,501,1208,1080,959
965,774,956,204,782,784,790,1242,797,1056,803,1126,1062,60,1073,948,764
651,1172,1110,1111,1243,413,1184,1120,610,549,1001,1130,1132,1198,375,953
891,1101,1229,591,921,219,1180,923,544,417,545,416,490,507
1216,0,384,835,960,709,1226,907,843,974,849,1106,407,408,676,1192,618,1206,631
454,971,856,925,867,871,939,1262,943,1264,819,54,823,959
1217,1218,204,270,784,409,667,1244,1122,1127,807,169,1194,427,175,371,245,632,442,316,1085
768,454,845,918,606,350,1250,354,1252,741,422,612,234,241,1272,125,703
1219,1220,652,594,851,406,343,1182,1119,674,293,1002,1135,559,118,58,1214
646,391,72,76,213,282,31,1184,228,423,1193,298,1132,365,1202,1076,308,950,631,191
1224,969,584,972,976,1179,859,863,289,931,614,873,106,1199,178,1267,757,313,828,1214
2,891,1229,1101,591,852,921,219,1180,923,544,417,545,416,507
257,901,520,1234,1109,23,666,349,1125,421,424,169,746,632,954
774,967,392,402,1112,666,604,1121,1058,1064,624,1077,184
1217,394,395,76,397,271,786,26,1193,1194,380,381,382
1153,69,902,852,981,925,1248,291,867,939,686,943,823,571
1217,962,589,718,399,784,271,831,1242,794,796,248,1250,1187,1193,1270,1272,447
709,774,718,784,657,787,119,1177,90,1242,1250,419,1254,40,625,1207,1272,893
771,388,1028,520,393,650,777,588,1165,1166,1164,1080,1125,1065,1067,365,950,632,1081,378,1086
709,968,971,844,980,856,605,414,862,1248,418,871,1132,1262,1264,113,625,819,1209,959
394,395,76,397,784,1233,786,1242,26,1193,380,381,382
709,777,1037,974,847,1170,404,793,1114,796,631,872,168,878,815,115,823,888,825,639
1090,1219,1220,709,966,406,727,1112,667,1182,1119,674,35,1064,621,179,885,1081,380
774,967,392,402,727,1112,666,667,1244,1121,1058,1064,1077,885,184
576,579,1038,400,986,1247,991,995,550,560,947,570,1013,566,1145,762
580,901,393,403,1108,276,598,918,985,154,1181,939,492,1199,111,627,760,891
131,900,902,1104,600,601,1179,1116,872,937,745,940,238,1136,112,1146
387,1028,1095,137,1097,269,667,801,609,1125,1127,365,1071,950,374,1081,378,383
899,1160,398,852,22,599,1241,925,866,291,867,939,943,823,891,1149
954,386,1091,1028,1082,454,72,777,650,784,858,418,805,1194,427,812,1072,816,248,378,379
131,902,1104,532,601,1179,925,1255,872,937,940,238,943,1136,112,823
385,1097,778,395,784,1213,727,1112,667,1244,1064,1071,1073,885,1209,1083,381,382
842,332,1108,981,22,1241,154,925,291,867,939,943,1263,111,1203,823
384,1216,650,1163,1166,784,788,407,408,1242,352,1193,1194,1069,1005,950,955
705,774,967,392,784,402,1112,666,1121,1058,1064,1077,184
449,834,646,266,843,782,86,1047,1059,613,357,806,1202,949,822,183,1212,829
384,388,390,391,72,1166,784,20,221,1194,1069,1072,1076,1079,1078,950,376
390,391,72,646,776,1096,784,1242,667,1244,540,1062,423,1193,1194,1202,1076,950
965,956,917,790,347,1056,1126,1075,948,115,60,957
388,520,1097,1160,398,346,1065,1067,365,1071,1073,374,1080,1081,378,827,1086,383
709,784,917,790,21,789,88,1244,285,1056,100,613,172,1005,109,1075,115,952,121,956
1028,784,29,1080,679,1127,1194,1067,1072,760,115,1075,693,950,1078,376,954,379,956,958
707,790,1243,413,414,1184,610,549,551,745,1132,1198,49,113,953,1149,1023
704,1028,383,1097,679,1065,489,683,365,1071,1080,377,378,1086,1081
1091,1028,1095,1096,345,679,1065,1074,950,1078,376,633,954,1083,1086
257,1028,1285,1223,784,662,667,96,1125,1065,489,683,378,632,377,1082,1086
193,1028,774,967,1161,1162,784,402,346,797,1121,1058,227,801,483,109,1077,951,827,1213,639
1091,1028,1095,1097,393,918,679,365,1071,1072,633,950,374,1081,954,383
954,387,1028,1097,972,667,679,365,1005,1071,378,431,950,1081,1082,383
839,1032,778,782,784,788,91,1244,285,1059,804,1062,807,1073,371,1076,957
1217,394,395,76,397,206,26,1193,1194,380,381,382
1157,397,974,589,784,1233,399,271,1242,1244,805,1189,1194,747,941,1076,437,317,958,447
1217,394,395,76,397,334,271,26,1193,1194,380,381,382
384,1163,1164,1166,784,25,1242,1244,352,358,1193,1069,950,889,955
394,395,76,397,334,206,784,1233,26,805,1193,380,381,382
769,771,956,204,782,917,790,218,1244,1056,611,803,1075,764,765
192,898,325,780,146,792,472,282,1244,542,804,362,363,878,184,763,894,191
706,67,963,966,841,778,784,336,788,917,597,1242,797,1056,800,354,36,420,249,875,121
769,776,778,784,788,1242,1244,797,1182,1056,803,804,1076,826,764,765
1231,784,1233,1234,663,1242,355,612,805,1194,43,362,1266,1141,1148
769,764,776,204,784,917,790,1056,803,611,956,765
193,66,1218,322,8,1234,96,227,1127,1194,427,429,174,175,173,689,816,242,958,63
769,956,917,790,1114,1056,608,803,611,812,115,1075,764,765
704,1028,383,776,393,1097,784,1194,1068,173,1005,365,1071,373,950,1078,376,374,378,1081
774,967,392,1290,402,666,604,1121,1058,1064,624,1077,184
450,72,650,1039,784,401,980,86,540,605,221,227,679,427,1202,1076,950,374,954,1212,63
896,776,82,916,797,861,804,103,1068,1005,818,758,185,1278
1153,962,839,329,907,525,145,146,273,1041,468,470,472,1180,541,869,1191,500,1208,58
769,771,764,204,917,790,218,1056,803,611,1076,956,765
770,67,899,828,660,789,346,542,608,97,418,229,124,754,115,1075,757,952,956,639
385,1145,260,1098,913,979,917,283,223,991,807,1005,371,121,1085
704,1024,708,276,918,281,282,547,549,296,1064,235,685,501,951,632,249,508
1218,784,1234,1107,663,26,1242,1244,355,805,1193,1194,43,362,1005,382
771,707,134,263,777,848,1106,468,533,600,1116,1184,487,1258,1132,753,375,1146,1276
192,898,325,581,780,525,205,914,792,921,98,804,1001,878,1268,763,1149,894
900,1037,1043,469,534,88,867,677,748,237,623,1008,177,310,1275
769,771,764,777,1230,917,790,789,1114,608,1056,611,803,812,115,956,765
954,1028,520,1099,717,338,213,535,345,474,221,481,679,233,427,57,1082
769,965,969,778,972,784,1042,916,917,797,285,1056,1248,804,677,495,1011,1076,764
961,452,136,776,393,141,464,277,1113,538,801,486,1067,236,492,497,1201,1080,63
263,137,330,777,1230,530,918,861,1118,739,1062,999,487,1075,115,309,189,894
844,1103,850,403,598,1174,283,1181,223,32,866,686,1199,431,54,568,825,570,891
193,772,135,457,777,268,78,529,83,918,287,173,115,501,374,191
899,963,1224,1160,460,398,852,599,664,921,154,219,1248,98,490,682,946,1267,1208,1209,700,510
1089,771,777,464,83,532,984,1113,538,866,1061,167,169,236,301,173,691,180,245,316
131,600,601,664,1180,1116,487,238,112,1136,504,1146,507,700
899,326,138,74,531,470,601,921,541,866,549,935,423,40,813,494,753,627,435,117,1208
705,967,392,522,402,468,918,666,604,1121,1058,624,184,510
833,963,905,593,1180,732,420,870,170,682,364,879,1009,1073,818,1213
389,908,909,910,911,594,595,602,922,990,994,1269
704,771,708,261,135,520,521,777,148,918,346,547,231,296,489,235,683,760,378,508,189,190
389,909,911,594,595,1238,922,1245,990,559,945,1143
192,961,898,195,968,587,524,844,85,1110,1111,862,159,745,875,1263,48,442,379
897,583,846,596,1175,985,32,866,939,1004,877,111,54,567,568,959
704,708,454,520,523,13,783,784,1233,719,918,1242,29,1249,612,492,760,954,317,255
651,980,469,1243,412,413,414,1184,610,418,549,551,1132,1198,1264,953
515,324,963,453,1287,716,334,1232,1233,1107,859,863,228,1253,614,297,1266,1205,760,252
576,1025,1038,400,405,1237,603,991,762,560,565,570,1022
896,514,195,1031,583,841,1105,596,601,985,731,223,929,1131,363,877,112,1137,436,567,574
898,325,584,780,1041,914,788,790,792,1197,878,1073,113,1268,763,1149,894
1090,901,454,520,905,906,393,401,980,474,605,1054,481,1186,1122,875,620,691,442,1085
963,518,273,210,1043,276,1238,1112,1113,487,1127,233,231,235,169,1197,1064,501,437,1208,379
769,771,764,777,204,917,790,218,1056,608,803,611,956,765
131,583,847,600,601,858,1116,872,1258,238,1136,112,1146
708,521,906,148,153,346,1113,732,96,418,676,487,296,235,683,492,753,631,1208,378,508
891,1229,1101,591,921,154,923,219,544,416,546,507
389,908,909,910,911,594,595,602,922,990,752,1269
576,1025,1038,400,405,1237,986,603,1247,1003,560,947,570,762
522,139,12,784,408,473,476,675,228,298,106,877,113,114,497,952,184,1209,891,510
705,1154,967,392,1290,588,402,213,666,604,669,1121,1058,613,624,1077,184
706,968,720,977,1170,1046,1111,664,217,1110,151,410,411,872,1197,815,509
833,963,905,593,597,1180,870,170,682,364,1002,1009,818,1208
1217,834,1157,1232,1233,1234,86,215,408,407,540,349,296,1192,1006,1266,437,502,1208,1148
1156,582,269,1231,275,147,1174,278,219,540,613,616,235,114,501,1141,503,1208,186,575
833,2,963,905,460,273,530,593,597,30,479,160,416,868,870,487,682,818,1208
839,1230,274,21,1048,1114,1180,867,292,677,935,488,553,554,237,1262,1264,115,500,698,959
133,140,17,531,467,981,22,539,925,542,867,291,102,871,939,1262,943,1264,823,61,959
2,707,325,709,199,720,1171,1111,217,410,411,482,872,745,1197,878,946,122,509
1219,1156,587,13,1231,1232,147,666,540,96,613,1127,681,426,501,1141,503,1272,118
897,1160,1033,846,398,596,852,1175,599,1241,923,866,1004,877,567,891,574
963,771,460,465,533,600,601,1116,1180,869,682,113,498,49,753,694,246,1208,1146
846,1103,592,1105,914,81,1174,1022,1241,923,860,995,998,1004,556,753,891,1149,830
509,2,706,968,458,75,977,279,410,411,479,162,1257,1197,815,688,499,1017,506,253,511
195,900,771,902,772,777,847,346,858,220,418,229,549,744,1258,814,815,375,956
771,452,1028,319,393,777,203,13,464,984,538,487,167,173,685,496,691,501,954,191
963,968,905,844,1046,600,857,601,858,1116,862,870,1004,1136,112,116,1146
262,136,776,459,141,464,533,150,538,539,30,160,486,235,497,114,498,501
573,1158,839,1048,1050,936,881,817,50,569,443,572,957
963,74,267,972,975,858,859,284,1180,863,490,1004,494,753,627,1208,127
897,583,846,914,596,852,1175,985,929,866,615,1004,877,876,54,567,568
324,326,1161,1162,459,969,650,270,339,86,791,1248,875,748,109,110,495,1208,825,315,895
964,1031,1033,1035,592,1105,276,1108,855,1241,985,866,615,1001,876,1075,1149
896,963,900,904,848,1235,600,601,858,1180,861,545,1130,490,1197,879,818,1146,124
964,645,709,199,968,844,1171,339,1046,217,90,924,482,1252,872,878,880,688,122,315,895
968,649,520,844,720,1170,978,1046,726,983,920,1179,930,1186,1122,1258,875,310,442,1085
899,582,840,1160,398,592,1234,852,599,1241,866,867,41,492,1004,753,627,567,1208,1017,1148
835,907,1106,467,1043,854,935,874,883,1206,630
900,966,525,848,1043,21,534,789,412,1180,476,608,935,488,487,1004,1208,1274,894
704,708,1161,1162,777,848,1168,96,547,487,489,683,501,1208,377,378,508
583,971,856,925,229,871,939,1262,943,1264,819,823,568,959
129,1028,520,906,535,474,541,221,481,376,487,233,235,1074,820,501,1078,1208,187
69,136,141,464,538,225,676,486,169,429,685,495,173,497,631,827,63,767
1219,389,909,911,658,595,788,343,922,602,1182,990,361,368,1269,826
200,207,1168,19,1043,600,91,1116,923,480,544,929,231,233,302,691,1146,891,188,190
448,770,261,523,1101,1229,591,914,531,21,478,609,868,235,826,827,444,255
259,777,654,1103,1105,22,1241,925,291,867,363,939,943,823,891,1149
968,1046,1111,600,857,921,601,1116,476,862,418,612,1258,1136,753,627,1208,1146
580,1034,980,412,605,414,1248,1184,418,739,610,549,1191,104,999,1258,171,1132,55,824,953
262,139,460,525,273,145,468,533,470,472,473,475,539,102,113,114,58
520,1099,717,1039,338,980,535,345,474,605,221,481,609,677,820,441,1082,187
1153,1026,263,1224,335,912,919,739,934,106,173,1139,820,1267,757,55,892,1151
896,963,906,848,465,533,1180,861,476,418,487,488,879,1011,502,1208,249,1215
905,138,1036,525,1041,468,533,854,473,1180,861,549,870,935,1258,814,1011,627,1208,1149
964,580,583,1160,1033,1147,398,1103,914,599,1241,985,923,32,866,1004,813,492,567,891
963,263,519,848,465,787,597,472,475,862,160,484,548,487,498,501,1015,1208,1017,444,637
321,323,67,69,1160,398,654,981,1174,599,856,871,363,1262,1264,819,567,249,959
1221,777,1238,471,346,1180,1118,100,44,1197,1134,1004,109,1070,952,375,1208
964,1031,1033,1035,592,1105,1108,596,852,855,985,1241,32,866,876,877,567
132,261,134,456,329,138,74,777,526,273,531,212,470,157,166,44,364,241,116
971,651,525,784,856,541,797,414,158,871,1262,1264,819,500,573,959
771,777,204,461,1037,469,534,917,88,1056,611,232,748,237,753,310,1208
897,583,846,596,1175,985,866,615,939,876,877,111,54,568
770,771,263,777,401,468,533,980,605,609,418,739,614,873,1198,627,1011,952,314
709,453,136,776,1161,1162,141,269,464,409,538,1244,606,486,743,173,497,1201,63
513,2,706,133,968,458,17,1110,1111,1046,410,411,862,162,484,37,122,1258,1197,688,506,1215
896,963,906,907,591,848,465,212,533,471,1180,861,476,487,488,1011,1208,249
899,710,455,264,1224,456,972,463,535,539,931,934,102,1000,44,178,1267,498,1015,1150
835,907,1106,1043,854,935,874,883,630,1206,505
771,196,582,1160,840,842,777,398,718,592,654,599,675,40,492,366,110,115,567
1283,132,456,1224,651,460,461,142,273,732,1190,49,113,1265,888,1208
964,583,584,1103,914,1108,985,924,860,615,745,1258,1004,877,627,1149,830
324,1029,900,969,459,270,1235,21,1180,1184,549,249,1129,1130,1132,495,627,1208,825
651,1172,346,1243,412,413,414,1120,1184,418,549,999,1001,1132,1023
705,135,457,268,1165,78,529,338,83,984,287,543,487,489,191
1281,1209,1274,1165,468,21,214,284,351,1248,98,738,229,555,113,628,249,1210,1023
576,260,1098,405,283,223,121,750,560,825,570,1085,1022
706,2,968,977,1110,1111,1046,410,411,161,930,1130,1197,815,1015,1017,506
776,1096,397,784,788,727,667,1244,285,1058,739,1062,1067,1068,885,1079,952
963,968,844,204,1041,1046,346,1184,1120,418,549,744,1258,1130,1132,875,814,1008,375,824
1216,640,642,962,645,839,973,854,407,408,1183,288,1185,928,676,293,1263,631,698
576,579,913,401,979,1237,986,605,1247,991,550,1003,560,561,947,1013,566,1145,570
453,135,457,268,78,529,338,83,287,1248,427,173,374,440,191
1219,1220,652,594,851,1045,1182,290,293,361,1135,559,117,118,1214
771,1029,389,777,276,862,414,1184,549,551,681,1258,1132,115,1075,375,760,827
896,1224,969,972,15,975,18,919,859,1180,863,289,931,614,873,178,627,1208,313,828
1152,1038,590,400,913,979,982,1239,1240,986,991,552,557,561,1013,1144,1145,762
962,839,76,1037,271,786,274,404,794,1185,292,1193,553,554,237,1270,695,698,957
898,835,258,259,654,22,989,158,925,291,675,618,939,684,107,823,943,630,1079,1273
0,1,4,5,1226,1041,1049,93,927,928,367,1200,1016
512,706,130,2,709,133,968,17,977,664,410,411,162,295,1257,815,946,1017,509,511
704,135,72,521,712,77,918,984,537,222,801,294,1127,231,489,236,175,242,180,501,251
1282,68,1287,525,1232,1233,468,475,228,1128,297,298,745,494,1266,1205,1148,1277
1218,834,1157,901,8,269,1234,1212,663,540,355,613,806,296,235,43,502,1148
3,1029,71,968,841,1160,528,1046,599,1184,608,1124,232,1129,299,1132,1005,115,1075,309,952
128,515,324,68,1222,133,1233,87,536,24,152,859,1117,863,1248,224,228,356,548,298,1266
963,255,261,74,138,523,16,470,1175,732,1118,868,549,166,44,494,753,502,827,127
1219,1220,67,262,841,460,851,406,475,994,621,814,110,117,1208,1276,1214,767
771,454,263,777,779,401,980,468,533,986,987,605,1247,97,418,611,997,947,956
899,836,710,583,264,1224,463,931,934,44,178,627,1267,1015,1017,124,1150
646,266,908,272,659,831,86,1242,994,806,810,432,304,1202,53,757,311,1212,447
1216,0,1030,267,779,399,1234,1244,672,1250,932,1193,60,881,1206,1270,1208,1273,1148
1028,520,969,393,844,270,85,1046,1111,1179,1186,802,1252,744,875,620,495,690,310,249,316
1217,76,589,206,399,271,397,786,26,794,796,1189,1193,1194,304,821,317,447
642,962,1158,839,12,1228,973,274,1048,1183,799,1185,1187,869,106,1195,432,1204,1273
974,272,1233,659,86,796,355,357,1189,43,432,1202,53,821,311,1212,317,447
833,963,648,1102,847,273,593,851,921,289,1129,235,814,686,753,1009,818,1208,249,827,508
66,1156,388,198,1231,275,277,665,1244,801,931,294,492,301,242,1076,1141,374,503,760
704,193,448,1089,70,340,277,983,988,351,1249,1061,231,617,169,886,444
261,902,6,841,779,847,278,1113,601,1248,931,491,940,1267,436,1208,249,827,828,767
1088,129,770,452,845,13,918,280,729,1127,616,685,760,632,445,958
322,66,452,918,984,153,281,1113,221,543,294,616,620,301,693,187,445
706,963,902,968,1104,600,601,282,1116,862,930,937,940,1134,818,1011,182,1146
451,968,651,139,525,1041,1045,857,1242,988,1248,296,235,114,244,501,1206,311,1208,1210,1212
580,581,582,583,584,1160,846,398,592,852,1241,1248,54,567,568,574
1092,326,264,650,397,399,336,272,86,22,344,796,1055,299,243,885,1079,1084,190
581,582,583,584,1160,852,599,1241,985,866,1000,1199,567,571,574
129,705,646,200,840,1043,468,216,1244,1248,487,491,303,242,627,1202,1208
577,578,194,1029,968,844,847,1046,1111,151,1110,220,872,1258,1130,878,880,375
768,771,777,210,30,350,606,354,741,422,234,241,1208,125,958
513,706,841,844,847,1108,410,411,865,418,229,744,745,872,938,878,815,375,122
1153,580,581,964,583,914,1241,985,1115,1181,615,877,1139,567,568
1217,206,399,271,786,1173,344,794,248,1252,304,1272,250,831
1229,1101,591,921,923,1180,219,544,417,545,416,490,507,891
2,707,325,1034,14,720,466,1045,1111,536,92,163,999,1130,1197,946,246,375
581,1031,584,1033,840,1035,592,852,855,1241,860,607,363,876,107,684,574
962,771,772,777,841,404,728,1177,665,346,1248,1056,934,425,367,305,1270,247,121
1153,580,581,583,584,1241,985,1181,615,1004,877,1139,567,568
641,901,583,784,1109,409,540,1248,225,934,169,1199,1073,370,245,757,693,314,1085,1150
196,581,580,582,584,846,852,1241,1115,923,813,54,567,568,1147,574
962,1158,839,973,274,1049,928,869,554,1195,1196,942,1200,957,254
962,329,208,1049,93,740,869,942,881,50,1016,569,443,572,573
135,521,532,984,795,1245,487,296,489,233,492,559,945,242,501,245,1143,760,251,316
962,329,1226,973,208,1041,1049,346,740,942,50,569,443,572,573,254
709,12,525,333,653,784,145,1232,1165,538,989,1246,1248,610,359,234,689,114,1265,186,252
962,1226,973,208,1041,346,740,942,1200,50,1011,569,443,572,573,254
964,331,206,271,399,211,985,794,924,619,430,304,757,119,248,250,703
580,581,582,583,1160,969,852,599,985,1241,1248,866,1000,567,568,571,574
709,966,657,788,1238,727,1112,667,1055,993,1064,875,885,888,1081,637,575
259,323,69,654,852,670,675,1192,107,684,686,366,303,1272
258,643,2,709,707,706,199,720,217,410,411,30,158,160,736,482,1190,375,122,1020
577,578,1034,847,720,276,1046,1110,1111,220,551,872,1001,1258,878,815,880,375
257,901,520,723,23,667,221,421,1125,424,1065,427,632,954,509,1086
576,66,1093,1222,1161,1162,523,13,1038,1165,400,1233,401,1168,810,748,560,570,52,762,255
196,581,582,583,584,852,1109,1241,1115,1181,1248,1139,567,568,571,574
257,1028,1095,72,213,918,1053,221,543,1125,679,427,1072,950,696,954,63
576,1025,260,1098,1038,400,405,283,223,121,750,560,570,566,825,762
1152,590,913,979,982,1239,1240,991,552,557,563,564,1144,1145
771,764,777,204,1230,917,790,218,1056,608,803,611,237,1075,956
644,711,136,525,1182,547,934,488,1193,1066,235,44,1000,759,562,884,501,500,887,187
3,972,975,976,1042,1107,1044,859,863,865,931,932,614,938,178,1267,313,828
2,199,968,977,1110,1111,1046,410,411,930,1257,1130,1197,47,815,1268,1015,1017
194,1029,968,777,844,276,1110,1046,600,601,89,1116,220,414,862,1184,1132,310,375,1146
579,913,979,1237,1247,991,995,550,561,947,1013,1145
66,319,1095,72,401,980,540,605,221,227,679,427,171,173,175,432,950,311,187,1212,63
1153,580,581,6,583,985,1241,1181,567,615,1004,1139,1015,568
66,515,324,68,1156,1222,1231,1232,1233,1103,918,670,1248,228,101,298,173,1266,501,1141,760
581,582,583,584,6,1160,398,852,599,1241,985,1248,436,567,568,574
576,579,1038,400,401,991,995,550,558,560,561,570,1013,566,762,1022
1223,1227,718,464,273,538,859,1244,863,1248,225,486,614,173,497,1267,820,1272,314
192,130,900,133,17,536,155,28,92,224,226,163,484,37,295,232,875
1152,579,590,913,979,982,1239,1240,991,550,561,563,564,566,1144,1145
964,583,1160,968,398,976,599,985,410,1179,924,411,34,615,1197,1015,568,1017
963,517,520,525,535,474,475,1180,481,233,235,113,178,818,501,1208
576,1038,400,913,401,979,986,987,1246,1247,995,997,560,947,371,570,566,1145,762
0,768,643,5,709,778,1226,1049,93,350,354,422,234,942,241,1273,125
1037,274,854,790,991,608,292,549,553,554,555,558,561,753,1265
1153,1026,3,847,978,1171,1170,214,1179,351,229,1191,872,1258,878,124,1138,757,828,1150
1037,274,1048,1049,93,292,872,553,554,555,237,878,942,558,561,698,254
70,1228,784,1168,340,1242,668,797,862,543,1117,1185,231,874,302,1076,886,1211
1158,1037,145,274,1048,1049,93,1187,292,553,554,555,237,942,561,698,254
199,968,844,1170,1046,1111,1110,217,410,411,862,482,744,1197,815
706,67,3,1159,841,137,778,597,57,418,549,748,1198,239,823,249,957
576,1025,579,1038,400,401,1237,986,991,995,762,550,560,565,1013,570
896,322,200,906,972,1039,848,278,543,230,487,296,491,235,173,240,113,818,501
389,908,909,911,595,1238,922,1245,990,994,559,945,1143
579,401,913,979,980,1237,605,1247,991,995,550,1003,561,1013,1145
704,520,280,281,543,1249,421,294,1127,236,685,430,175,240,497,377,187,445
1037,1230,469,534,88,1114,748,237,1008,177,115,1075,310
576,1152,1025,1038,590,400,405,982,1239,1240,986,1247,552,557,560,563,570,564,1144,762
582,839,776,12,785,727,1242,1249,677,38,806,360,807,492,495,1138,371,244,761,121
1216,0,4,709,968,1226,844,525,404,1046,408,1049,1115,862,359,234,46,631
1218,1157,1148,784,1234,849,661,1242,349,355,362,1194,1006,306,1212
1219,909,911,80,658,406,602,1182,290,293,361,1133,1135,368,52,118,438,826,1214
1222,1289,1161,1162,268,1168,210,402,24,1117,798,1121,356,296,627,501,1208
1216,709,966,778,336,727,408,1112,667,1244,350,354,234,241,885,1273,125,1081
384,70,650,1163,1164,1166,25,352,358,1069,889,955
578,582,455,264,71,266,974,463,467,471,477,542,357,1194,235,1266,498,53,1272,505,1212
6,1223,972,1115,1244,1248,929,1253,614,872,173,370,1139,436
1220,652,909,911,594,658,788,1045,342,603,1182,290,35,361,1133,1135,1007,369,179,438,118
704,954,1028,1095,1106,1055,1067,173,372,373,950,1078,376,1082,1084,383
704,954,1028,1106,1055,1194,173,1005,365,1201,372,373,950,1081,1082,1084,383
704,259,582,588,908,1049,1242,925,93,670,1248,867,739,1194,173,366,942,1273,1083,1212
321,323,451,69,259,654,592,1174,921,675,363,684,107,891,574
1219,1220,454,16,1232,788,1182,290,1187,293,361,809,1198,1135,368,1199,1267,52,501,627
1,962,1158,839,1226,973,1049,157,542,223,418,869,293,942,367,1273
1156,198,776,1165,1231,784,1168,341,727,23,992,867,357,231,1000,41,492,1076,1141,571
1219,1220,652,80,594,851,342,1182,1119,674,35,293,361,1133,1135,369,118
1219,1220,838,1143,343,1245,1182,1119,361,1133,559,945,438,118,1209,1213,1214
705,774,967,392,1290,402,666,604,1248,1121,1058,870,1064,624,1077,184
1216,1029,646,1157,390,72,391,778,336,1233,1234,659,540,354,423,1202,1076,1148
1089,1156,527,1232,337,1231,918,216,227,1061,167,169,301,242,691,1141,760,251,316
1028,328,72,1099,717,338,213,917,345,1053,611,679,424,105,950,954
1089,193,709,70,776,340,667,671,543,1190,680,169,427,812,625,497,886,758,120,447
768,193,1221,350,354,741,422,234,304,241,882,1011,125
1026,909,911,1171,1045,214,919,1052,351,229,745,1070,1007,627,118,438,1210
384,1097,1163,718,1039,727,667,1055,352,1252,362,426,372,373,885,56,1081,1084
784,1233,1234,787,119,1177,90,353,1250,419,1252,439,1259,1260,1261,1207,1272,1148,893,1208
204,141,718,1039,784,847,346,927,1250,310,375,1272,1080,1211,1212,893,1208,703
965,204,972,781,782,1042,917,790,347,1056,1126,230,60,1075,948,956
320,450,1156,454,777,77,1231,401,980,1178,346,348,1117,605,101,1265,625,1141,760
1218,775,1148,849,1234,659,661,663,349,1194,362,1006,1202,306,1212
704,322,452,327,724,918,281,1052,606,543,169,427,620,685,693,374,186,445
643,709,326,966,650,336,35,299,300,431,495,179,243,435,190
837,1032,330,787,1177,90,1250,1252,1254,1256,1259,1260,1261,430,433,1207,1272,893
325,1034,525,14,720,536,1179,1243,1023,1248,161,610,999,551,1001,681,246,953,511
194,324,1222,520,1232,401,1233,980,469,789,218,220,605,1248,611,228,875,748,495,1008,247
323,451,69,259,840,654,718,592,607,675,40,107,684,363
704,129,322,65,452,518,200,457,203,140,78,144,83,1113,543,491,685,116,511
321,451,840,718,654,592,1105,607,354,675,40,363,684,107,819,54,1149
320,576,1156,454,70,1288,1231,16,401,980,1178,348,605,1122,418,101,1265,1267,1141
1026,901,653,909,335,464,911,919,1244,610,228,358,370,820,628,568,1273
1217,453,334,974,206,1233,463,659,297,1194,1201,1266,381,1205,1148,317,382
68,267,333,525,273,1173,727,1112,667,1117,1064,1129,682,171,113,49,114,1073,497,885,888
0,1033,332,1105,596,981,852,22,925,866,291,867,939,943,823
331,90,439,1250,419,1252,40,1259,1261,430,433,119,1272,893,703
579,900,837,454,330,787,1044,987,734,1246,353,1250,997,550,428,1260,815,1137,1013
133,262,329,521,907,525,1041,146,145,529,156,541,1118,548,869,167,496,498,180,191
704,328,520,1290,712,1039,338,86,1178,540,604,1125,105,169,429,175,303,1202,1080
1218,646,775,1148,849,1234,661,1242,349,362,1006,306,1202,1212
454,72,330,714,1106,1236,664,412,734,353,996,1189,1128,297,1131,307,1140,53,115
1217,266,206,399,974,271,786,1242,794,796,810,304,625,53,248,831
12,1230,727,1112,665,667,1248,677,1064,425,173,305,497,885,1270,247,1272,1273
706,2,968,977,84,1110,1111,1046,217,410,411,161,1130,1197,815,1268,1015,1017
705,195,900,1029,390,391,968,520,401,19,980,664,605,32,423,231,875,302,1272,249,188
449,259,899,840,1160,398,599,856,1241,1242,1177,867,1192,619,492,366,303,627,1272,1277
452,8,650,588,845,1168,1108,918,409,666,1117,227,1060,612,1127,169,426,300,429,685,245
1032,1177,1252,933,1254,1256,1259,1261,439,1272,1207,893,318
521,205,79,275,532,150,984,1113,281,153,227,165,489,169,301,501,440,251
1217,453,394,334,206,784,1233,1234,1232,786,1188,297,1194,1201,1266,1205,1148,317
1088,832,66,845,280,729,29,227,1126,296,426,747,685,760,379,189,958,319
515,1223,1227,1107,660,859,1244,863,1248,225,739,1253,614,173,1267,820,55,313,314
385,706,67,1284,1286,841,906,976,339,597,86,1111,1179,1252,229,420,745,1197,315,894
1217,834,266,589,206,272,849,1232,86,215,796,362,432,53,311,380,447
67,841,777,333,209,19,787,1172,407,1120,418,1254,297,1261,188,309,312,1020
448,770,644,519,263,520,208,1180,1248,1185,97,934,627,308,1011,698,314,827,189
194,1037,469,534,88,411,1248,748,237,109,1198,177,310,55,888
