0.0011160600697621703
0.001359805348329246
0.0011056583607569337
0.0011064190184697509
0.0011076650116592646
0.9980236291885376
0.0011055824579671025
0.9981715679168701
0.9982935786247253
0.001109086675569415
0.9982432126998901
0.001197152421809733
0.0011107863392680883
0.001106482231989503
0.0011132466606795788
0.0011070900363847613
0.0011079187970608473
0.001120940432883799
0.0011055486975237727
0.0011047328589484096
0.0011105288285762072
0.0011123244185000658
0.9981662631034851
0.001107150805182755
0.0011060596443712711
0.0011069593019783497
0.0011083970312029123
0.001107637071982026
0.001106127048842609
0.9982567429542542
0.0011067520827054977
0.0011048865271732211
0.0011114103253930807
0.0011149505153298378
0.9982709884643555
0.0011147562181577086
0.0011096869129687548
0.0011059521930292249
0.9982605576515198
0.0012222827645018697
0.001237683929502964
0.0011113864602521062
0.0011139324633404613
0.0011150137288495898
0.0011068671010434628
0.001107972115278244
0.9981392621994019
0.0011056202929466963
0.0011725716758519411
0.0012151552364230156
0.9981422424316406
0.0011066809529438615
0.001108852680772543
0.0011059632524847984
0.001111627439968288
0.9982648491859436
0.001129728159867227
0.0011968486942350864
0.00110758061055094
0.0011139250127598643
0.0011071771150454879
0.001109873061068356
0.001106273615732789
0.001119711552746594
0.001110307639464736
0.0011093836510553956
