864,196,710,206,208,53,55,952,444,862
471,153,41,568,267,43,150,567,472,473,154,379,151
864,33,832,902,396,496,721,1074,888,949,760,28,669,862,863
194,195,197,201,912,753,723,982,62,351
292,267,473,155,283,567,440,153,154,379,222,702
417,1062,903,1064,713,751,207,468,149,571,796,797,862,191
262,102,422,743,238,1073,852,1045,213,278,281,314,343
161,46,47,688,307,340,308,52,310,344,345,346,347,348,349
705,33,707,37,70,69,267,715,429,1070,380,381
34,139,140,177,179,147,724,756,757,57
34,139,140,301,461,177,147,756,757,179,57
34,139,140,461,177,179,147,757,756,57
194,195,197,199,201,207,912,58,62
194,195,197,199,201,401,210,58,62
35,299,44,429,460,177,50,147,372,179,56,57,382
35,299,44,429,177,50,883,372,147,179,56,57,382
227,228,493,494,847,178,211,1079,223
354,845,1073,1085,316,281,314,317,860,861,222
227,228,424,493,494,847,211,1045,917,735
257,39,40,43,47,48,79,306,659,729,569,63
257,39,40,41,47,48,79,240,306,729,569,63
196,1062,713,206,239,208,207,571,796,797,191
194,195,739,197,199,201,848,401,753,58,62
932,198,489,906,491,492,659,1044,981,1047,95
614,743,447,42,307,412,90,411,92,287
96,65,99,678,682,268,365,238,175,594,85,21,408,95
194,195,197,201,912,401,753,723,564,1048,62
39,40,41,43,46,47,48,688,307,308,120,59,124
39,40,41,72,43,46,47,48,688,308,120,59,124
39,40,41,43,47,48,688,310,120,59,124
39,40,41,43,47,48,308,310,120,59,124
194,195,643,197,199,809,201,207,58,62
640,34,35,139,461,177,50,724,57,636,637
198,678,682,491,492,301,942,267,465,1044,1047
1091,36,998,166,295,168,169,204,334,624,625,851,1049
194,195,642,197,643,199,201,207,58,62
227,228,102,488,233,40,493,494,847,211
800,801,170,394,108,812,811,340,344,345,347,348,799
192,546,547,548,550,590,591,592,593,664,665,954
420,135,776,777,845,206,1073,984,985,378,829,222
416,417,33,902,809,107,205,760,721,722,145,54,888,380,381
800,801,811,108,812,780,1084,340,344,346,347,348,798,799
800,801,811,108,812,780,1084,340,344,347,348,798,799
108,109,178,340,344,345,346,347,348,349
194,195,739,197,740,199,201,848,982,764,62,351
868,870,871,776,845,1073,918,984,985,314,1085,222
354,869,870,872,425,426,1072,1073,499,212,984,222
257,293,39,40,42,569,79,240,659,729,63
257,293,39,40,73,79,569,240,659,729,63
224,225,161,228,102,488,233,495,1073,860
898,612,73,41,43,48,690,498,308,310,55,120,1019,124,575
353,354,453,860,425,845,917,377,316,317,318
258,932,264,235,910,911,336,305,248,61
33,6,232,908,909,304,117,982,1022,889,126
64,259,583,173,948,245,152,60,127
224,225,161,228,102,488,233,495,1072,1073
356,106,107,203,433,436,502,122,123
356,551,106,107,203,433,243,436,502,122
65,103,594,595,596,597,598,599
229,230,231,264,997,234,16,18,20,1013,413
160,71,72,46,688,52,59,158,159
320,321,322,325,521,875,76,77,877,144
71,72,74,46,307,52,59,158,159
129,579,580,581,554,398,887,496,401,564,982,23,890,862
160,71,72,74,46,52,59,158,159
160,71,72,74,46,307,52,59,158,159
353,354,860,424,861,845,917,316,317,318
224,225,102,998,776,488,845,495,56,281,314,861,222
870,281,776,845,1072,1073,212,918,984,985,314,1085,222
514,1059,6,583,296,236,1038,1042,980,343,88,1049,250,127
224,1090,131,133,103,906,811,366,113,49,404,917,952,1050,958
108,109,178,344,345,346,347,348,349
320,321,322,325,521,875,76,77,876,877,144
868,869,870,871,1073,918,984,985,314,1085,222
868,870,871,281,1073,918,984,985,314,1085,222
227,228,233,875,876,493,494,847,211,344
609,931,260,902,518,198,393,358,363,937,112,145,246
108,109,178,344,345,346,347,348,349
414,615,616,574,631,459,80,247,445,446,415
384,256,389,747,237,749,751,752,276,149,150,189,862
293,71,297,59,75,462,46,48,854,310,120,1051,124
257,961,964,293,39,40,79,569,306,659,729,63
1088,481,68,69,356,429,718,1070,51,372,436,31
642,199,200,1001,620,434,373,374,1046,284,735
352,491,205,237,749,752,145,751,148,149,150,151
106,107,267,1069,205,433,145,567,154,155,30,286
33,912,753,210,723,401,595,982,764,350,351
160,71,72,74,46,688,52,59,158,159
832,577,103,912,49,401,753,564,598,599,313,350,351
545,1030,1031,235,976,977,18,20,987,990
99,963,101,934,968,939,271,272,84,88
97,101,939,271,272,85,86,87,88,1050,255
98,99,101,939,271,272,83,85,88,1050,255
97,98,963,101,968,939,84,86,87,88,1050,540,255
97,98,963,101,968,939,83,84,86,88,1050,540,255
99,963,965,101,939,84,85,86,87,88,1050
963,100,232,939,366,84,85,86,87,88,89
3,229,38,263,104,230,231,748,14,1014,413,94
193,482,740,741,749,750,751,752,755,148,149,150,151
545,1029,1030,1031,235,977,18,20,987,990
2,4,9,13,341,24,26,91,93
163,420,135,747,843,557,878,206,752,307,984,985,829
324,167,457,395,204,303,209,275,539
324,167,168,457,169,395,204,303,209,275,405
672,621,496,113,435,121,220,669,670,671
742,711,684,368,565,854,476,477,478,959
2,4,8,9,13,341,24,26,91,93
353,354,453,860,424,861,845,917,316,317,318
96,481,356,106,367,243,436,502,122,123,95
99,100,101,963,968,939,83,84,85,88,89
97,98,99,100,101,934,963,968,84,85,88,89,540
609,355,260,358,966,586,588,655,246
1088,387,68,69,484,490,620,718,17,466,51,242,852
225,228,102,488,233,493,494,495,847,211
41,568,43,120,47,688,48,310,471,472,473,154,124
160,71,72,74,46,307,52,59,158,159
480,2,484,4,171,11,13,110,17,273,342,24,25
320,321,322,325,326,327,521,875,876,524,77,877,144
131,70,615,617,618,459,45,1038,334,432,496,445,415
160,71,72,74,688,307,308,120,59,158,159
759,268,365,238,301,176,883,596,597,599,635,126,639
128,129,1061,427,972,942,111,398,370,371,342
514,515,392,137,393,140,236,141,335,146,1075,639
382,1028,555,331,78,1070,338,372,830,927
33,454,136,745,266,492,397,496,760,82,856,187,28,30
128,129,547,548,549,427,972,398,370,371,155
417,196,15,208,722,530,53,30,730,27,29,286
672,265,621,286,220,30,121,27,28,669,670,671
672,704,37,265,621,49,220,30,27,28,669,670,671
353,868,869,870,871,872,873,918,919
356,106,203,107,205,145,433,243,436,123
584,937,619,174,175,371,1012,606,607
864,471,292,742,747,749,751,752,148,149,150,151,440
34,645,712,202,1068,461,1004,1010,1075,724,1013,19,633
0,1,2,8,9,10,13,115,26,93
33,356,106,203,107,205,433,145,243,436,502
32,226,290,871,360,873,234,425,1063,14,1042,726,956
96,929,678,682,268,365,238,176,883,596,599,408,410,95
832,205,28,145,753,210,564,433,723,286,30,351
353,215,868,869,871,872,425,873,212,919,378
353,868,869,453,871,872,919,316,317,318
258,357,294,583,328,173,336,948,245,566,443
258,294,173,175,336,948,245,566,152,443
64,258,357,294,583,173,336,948,245,443,60
704,102,271,1073,690,818,1045,213,278,281,314,860,375
640,641,34,35,140,461,177,179,147,724,57,636,637
641,515,516,140,335,626,632,633,634,635,639
640,641,515,516,299,140,141,335,626,724,636,637
609,355,260,996,582,358,966,938,971,588,655,246
224,327,40,845,270,1073,538,917,406,281,314,860,861
417,1025,196,1062,713,206,207,208,149,53,796,797,191
389,677,751,111,817,468,532,21,119,699,190,189,862
640,641,140,301,268,176,724,633,635,636,637,639
615,616,585,459,80,790,247,445,446,415
257,39,79,240,689,306,659,729,63
33,136,745,266,811,396,781,812,15,798,82,467,27,28,30
514,451,676,677,389,111,815,817,306,468,820,118,343,986,190
1057,194,195,197,1062,713,809,201,239,207,881,572,62
1057,194,195,796,197,201,650,239,207,881,949,572
1057,313,107,239,912,881,596,597,949,761,572,350
2,4,9,13,341,24,26,91,93
384,482,237,464,465,241,242,467,285
420,389,390,135,107,174,111,143,116,118,119,829,190
545,932,585,235,910,911,399,80,61,248,445
160,71,72,73,74,46,688,52,59,158,159
32,33,616,585,909,496,753,401,1042,564,982,23,764,221
420,135,42,557,878,559,206,561,562,984,985,700,829
160,71,72,74,46,52,59,158,159
64,192,258,357,583,328,173,336,948,245,566,61
162,932,421,166,295,235,399,309,470,248,444
160,71,72,46,688,52,59,158,159
32,131,615,617,618,459,44,45,1038,496,247,56,445
609,355,260,358,966,105,586,537,246,249,574
163,36,998,166,295,168,169,204,334,399,624,945,625,851
743,520,553,447,279,182,183,280,59,700,287
700,743,72,520,690,182,183,280,729,59,279,447
160,71,72,74,46,688,52,59,158,159
167,295,457,395,204,303,209,275,539
164,165,166,168,169,395,943,624,944,625,947
164,165,295,168,169,167,395,943,624,944,946,625,1082,539
1091,132,133,134,615,330,399,818,309,790,248,827
132,133,134,615,616,585,330,459,399,80,790,446,415
163,324,135,457,204,334,943,944,945,209,303,275,829
40,776,845,1073,1085,281,314,860,861,222
167,295,457,395,303,209,275,539
353,868,869,871,872,873,917,316,317,318
96,641,481,515,356,516,106,107,526,402,436,633
902,330,108,109,716,178,722,340,277,309,888,344,315,349
868,869,871,872,873,212,378,1085,318
708,1028,70,37,267,702,429,715,283,567,154,155,830,703
515,516,139,140,301,335,626,724,635,639
515,516,138,140,460,301,335,141,626,635,639
451,263,264,16,18,20,1013,342,27,61,30
451,387,165,38,263,264,266,274,342,282,284
480,489,11,172,171,110,813,81,17,115,24
642,198,267,155,1069,942,237,466,467,914,19,342,567,154,283
6,908,909,1071,304,926,117,630,791,1022,573,126
96,481,391,526,367,15,243,502,22,122,123
963,100,232,366,83,84,85,86,87,88,89
64,66,259,583,236,31,442,948,152,250,60,61,127
992,993,994,960,418,133,132,134,1000,966,619,511,607,542,415
287,743,520,447,279,690,182,183,280,700,575
256,482,237,464,465,466,467,241,242
167,457,395,204,303,209,275,539
33,867,387,451,266,490,236,274,403,30,282,796,286
33,387,266,490,274,403,886,438,441,282,94,831
868,869,453,872,425,426,499,984,378,219,767
37,422,773,424,619,819,822,215,185,186,219,1020,253
64,258,357,294,583,173,336,948,245,152,443,60
481,391,367,15,243,502,22,122,123
320,321,322,325,326,327,40,875,876,344,319
320,321,322,325,326,327,40,876,319
320,321,322,325,326,327,40,876,877,319
320,321,322,325,326,327,521,876,877,319
1026,3,229,38,230,231,747,14,1014,282,413,94
642,199,200,1001,748,620,432,434,373,374,1046,284
642,323,199,200,1001,620,274,373,374,759,282,284,94
832,1057,835,1036,205,912,145,913,210,914,30,27,286
192,353,290,578,264,168,234,747,12,394,16,849,340,726,94
256,390,237,749,143,465,466,242,116,469,467,285
870,40,845,1073,1085,281,314,860,861,222
453,423,424,425,426,788,917,789,376,377,378,252
768,769,770,868,869,872,425,426,984,985,378,254,767
224,226,290,997,361,234,145,82,726,314,956,958
32,354,67,261,262,44,142,114,213,117,281,126
615,585,459,80,247,445,446,415
615,585,459,80,247,445,446,415
608,1030,1031,976,977,18,987,125,990
320,321,322,325,326,327,876,877,524,319
320,321,322,325,326,327,521,876,144,319
912,753,210,723,761,982,863,313,764,350,351
423,425,426,378,919,499,214,215,185,186,253
376,455,776,777,456,779,424,780,781,184,185,253,799
672,289,449,291,519,329,333,435,437,1081,1054
224,225,228,102,488,233,495,240,1073
771,772,773,774,425,375,217,218,252
771,772,773,774,781,375,217,218,252
705,3,229,38,231,390,230,14,1014,282,413,94,922
742,711,476,368,565,602,603,604,477,478
934,968,268,973,365,238,974,85,408,540
705,706,707,708,70,429,337,471,473,379,703
446,459,399,80,309,247,444,445,414,415
352,740,200,748,749,751,404,373,374,855,148,149,284
576,577,580,294,583,328,173,49,1042,948,566,312,443,60
577,580,294,583,328,554,49,1042,948,312,443,60
868,869,453,423,872,425,426,214,215,378,251
453,423,872,425,426,214,215,984,378,251,254
320,321,322,325,326,327,521,877,144,319
452,1029,408,969,976,180,181,1080,987,990,1087
320,321,322,325,326,327,521,875,876,877,319
641,515,516,140,335,626,632,633,639
446,615,459,399,80,247,445,414,415
832,33,32,652,753,210,723,564,598,599,761,764,925,350,351
446,615,574,631,459,846,80,880,247,445,414,415
354,261,262,869,6,268,142,176,917,117,126,316,318
868,869,870,871,872,873,426,425,919,984,378,1085
641,139,140,301,300,1075,724,634,635,638,639
753,210,723,761,982,313,764,350,351
417,420,135,1064,715,206,468,53,1046,984,888,985,380,829
672,486,519,487,265,621,28,942,121,27,220,669,670,671
672,807,265,621,431,113,435,628,121,220,669,670,671
64,258,357,583,328,173,336,948,245,566,61
998,715,781,718,851,469,534,279,216,217,90,794,894,375
198,678,682,491,492,620,942,751,1044,1047,95
390,143,111,464,242,467,116,276,468,465,466
192,258,613,364,173,60,434,404,948,950,1046,284,1053
108,340,1079,344,345,346,347,348,349
108,109,178,340,1079,344,345,347,348,349
108,109,178,344,345,346,347,348,349
108,109,178,340,1079,344,345,347,348,349
108,109,178,340,344,345,346,347,348,349
453,423,424,218,425,787,917,376,377,378,252
768,769,770,868,869,453,872,425,426,873,984,378
418,963,932,1058,232,874,363,511,21,88,89,127,255
162,615,935,937,938,459,727,537,399,535,536,1049,538
867,739,613,652,750,848,594,595,725,1046,759,730,924
248,129,933,972,398,911,910,305,370,339,1048,61
700,805,647,520,744,651,690,691,660,694,697,668,733
864,153,472,574,568,588,880,629,471,760,473,154,379,732,381,926
515,140,301,302,626,633,634,635,638,639
299,460,301,302,141,1075,633,634,635,638,639
668,472,520,690,691,659,182,279,280,183,700
261,1030,359,7,526,114,883,404,18,1079,857,987,735
33,610,843,878,558,911,498,531,532,533,182,601
265,621,496,113,401,435,121,570,220,669,671
606,170,108,175,315,724,277,1079,344,345,347,349,638,607
385,867,323,912,753,210,595,594,693,723,759,118,761,923
708,68,70,69,267,429,496,49,497,438,23,441,380,830,703
2,4,9,13,341,24,26,91,93
108,178,340,344,345,346,347,348,349
800,801,170,394,108,812,340,345,347,348,349,798,799
387,1028,995,1001,490,267,266,429,431,434,274,372,282,830
99,100,963,232,366,83,85,86,87,88,89
640,641,34,139,461,177,147,179,757,756,57
864,865,389,1033,1034,1069,751,1074,276,149,758,981,862
480,1,8,489,10,171,11,813,110,172,273,115,24,25
353,453,423,424,425,917,376,377,252,317,318
353,453,774,423,424,425,917,376,377,252,317
353,964,453,422,423,424,782,917,376,377,252
353,453,423,424,425,782,784,917,376,377,252
772,773,774,327,424,40,345,375,344,217,218,252
768,770,868,869,453,872,425,426,873,984,378,767
868,869,453,422,872,425,426,964,984,985,378,254
33,39,40,681,498,531,532,533,886,55,600,601,1019
353,376,453,423,424,812,252,917,984,377,1084,317,318
128,129,547,548,549,427,972,398,370,371,94
385,386,389,111,118,119,189,190
256,385,386,389,237,111,118,119,189,190
108,178,340,344,345,346,347,348,349
225,226,290,167,424,361,234,233,334,495,726,956
832,546,547,548,549,912,753,401,723,210,564,350,351
1029,1032,969,1067,1037,976,1080,474,1052,858,990
388,645,486,487,5,1066,430,369,503,504
1025,417,739,867,741,740,750,848,754,755,1046,888
416,417,1025,903,1064,904,684,886,54,571,796,797
416,417,1025,903,1064,904,684,942,886,54,796,797
1025,902,903,1064,904,1036,887,914,722,888,886,759,760,571,796
257,39,40,79,240,306,343,569,63
96,678,712,682,1068,367,400,402,1010,95
673,1025,742,711,902,684,721,722,888,854,760,476,478
195,396,941,496,753,113,723,273,982,121,27,28,30
828,39,742,711,479,854,343,476,477,478,959
608,1066,1067,1037,1052,527,591,693,374,23,1013,474,156,125
248,129,33,548,972,398,910,911,305,370,339,1048,61
642,154,568,267,1069,283,886,567,760,153,730,155
832,652,912,753,210,723,564,598,599,761,764,925,350
995,1001,1002,1004,1005,1006,1007,431,1010,1011
420,135,776,829,845,206,1073,984,985,860,1085,222
641,515,140,301,335,626,633,634,635,638,639
34,35,139,140,461,177,633,179,50,756,57
385,386,389,237,111,989,118,119,189,190
256,385,386,389,237,111,118,119,189,190
256,385,386,389,237,689,118,119,189,190
641,139,140,177,147,756,757,179,633,635,57
34,139,140,177,147,756,179,757,57,635
832,1057,642,1036,398,753,761,886,887,760,758,570,831
514,392,393,140,301,146,635,638,639
520,447,690,691,729,182,279,280,183,700,63
672,289,929,329,265,332,333,621,435,437,1081,220,670
322,344,166,39,40,422,327,334,1038,1085,406,248,345,219,701
1088,865,353,771,701,556,558,527,878,919,1085,407,824,219,861
992,960,736,1050,1018,934,968,980,408,1017,410,542
736,961,418,419,1058,874,629,662,1017,1018,732
448,33,608,356,1036,396,205,909,145,433,436,885,125,1021,351
480,484,11,172,813,110,171,17,81,24
736,1058,419,644,994,418,874,661,662,1017,1018
356,106,107,203,783,785,433,436,123,92,798
577,579,580,581,554,306,403,438,23,441,282
99,100,934,551,968,973,974,238,408,409,540
865,613,809,1001,715,1034,1069,1035,434,1074,372,404,1046,855,568
414,932,615,616,459,247,444,445,446,415
356,106,107,203,205,433,145,243,436,502
257,293,39,40,46,79,569,306,729,63
356,106,107,203,205,433,145,243,436
384,482,237,465,242,467,468,276,466,116,862
354,776,845,985,1073,316,281,314,860,861
354,776,845,985,1073,316,281,314,860,861
986,677,1001,458,814,432,1009,817,404,853,823,826,827
164,165,38,166,296,168,204,748,334,624,945,625,944
160,71,72,46,688,307,308,52,59,158,159
609,355,260,644,358,966,971,588,655,246,537
742,711,368,565,854,603,476,477,478,959
384,256,482,620,464,465,242,466,241,467
99,934,551,968,973,238,974,408,409,540
192,294,583,328,173,948,245,566,312,443,60
480,485,489,11,171,110,273,17,115,371
224,225,161,228,102,488,233,495,88,860
384,256,482,237,464,465,242,466,467,241
482,1069,464,465,466,467,468,276,242,118
482,237,464,465,241,467,242,466,285
609,418,966,967,905,727,846,535,1017,1018,475,574,607
833,289,449,450,519,332,333,1054
960,929,584,619,174,175,528,979,1012,606,607
1089,67,452,965,934,551,180,181,857,408,409,126
483,902,490,331,78,593,372,469,311,664,665,987,381,862
108,178,340,1079,344,345,346,347,348,349
382,267,331,78,1070,338,372,311,830,927
96,928,929,613,7,712,359,682,526,367,400,114,735,95
832,323,549,687,498,531,532,533,887,601,922,923,350
1024,33,929,585,265,1038,398,528,401,1042,339,220
33,454,136,264,266,397,496,82,274,30,282,29,286
384,482,464,465,466,467,241,242,285
1062,1033,1034,759,1069,849,434,1074,1046,855,571,796,797
193,1027,483,299,236,301,335,1075,403,311,250,635,381,639
674,3,580,581,554,14,274,403,438,23,441,282
453,454,455,424,456,784,785,376,377,252,253
453,454,455,424,456,783,784,376,377,219,252
453,454,455,456,424,425,782,783,376,377,219
453,454,455,456,424,425,782,783,376,377,219
193,707,613,7,364,1069,61,53,1046,568,796,1053,62
514,392,393,137,301,302,141,146,635,638
290,261,262,552,142,628,917,117,281,314,155,1085,126
97,98,963,6,939,366,304,85,87,88,89,1050
1001,568,267,906,1069,1034,1033,759,951,434,950,1046,440,381
416,1025,417,739,867,740,741,903,848,755,725,888,730,924
928,96,802,391,367,400,243,244,22,188,383
769,868,869,453,774,872,425,426,499,984,378,219,252,767
288,449,450,833,5,518,519,333,437,1015,220,1054
224,897,420,390,135,747,206,111,752,116,984,985,829
1026,447,42,842,557,563,411,279,412,90,59,92,157,287
641,515,301,335,626,632,633,634,635,638,639
482,464,465,242,467,466,468,241,285
928,96,678,712,682,367,400,402,95
388,229,38,486,104,487,202,263,230,231,997,1014,413
672,865,552,976,496,113,179,628,757,467,1048,121,669,670
672,641,865,552,1033,1034,496,113,628,757,1048,121,669,670
388,5,486,487,430,369,503,504
2,4,91,171,11,13,110,17,273,342,24,25,283
1026,838,842,683,716,717,462,560,759,920,1051
96,928,678,682,526,367,400,402,244,95
289,929,388,645,484,487,1003,332,333,430,369,1009,503
289,929,388,645,486,484,1003,333,430,369,1009,503
928,1090,98,452,551,240,180,181,408,409,987
1033,1034,1035,203,855,849,434,1074,404,950,951,1046
352,417,740,741,809,748,749,750,207,751,239,755,148,150,62
384,482,389,464,241,242,465,276,467,466
163,164,165,166,168,169,457,204,334,303,209,275,1082
36,165,166,167,295,998,204,334,303,209,275,947,1082
36,165,998,166,295,334,209,275,248,1049,1082,539
324,166,167,457,204,334,303,943,209,624,275,625,944
167,457,395,204,303,209,275,539
167,457,169,395,303,209,275,539
352,193,748,205,749,751,145,148,149,150,30,286
256,482,237,749,464,241,465,466,276,242,467,468,284
1061,389,741,749,750,751,276,149,148,150,862,191
384,482,237,464,465,242,467,241,466
287,743,778,42,92,560,412,90,411,668,157,447
460,301,140,141,302,1075,757,635,638,639
513,550,940,590,591,753,723,665,954,953,924,925,350,351
481,226,290,360,361,234,243,726,502,281,122,956
1088,64,68,69,429,735,51,245,60,31
160,71,46,307,308,52,59,158,159
97,98,963,101,939,272,84,86,87,88,89
97,98,963,101,939,271,84,86,87,88,89
97,98,963,101,85,86,87,88,89
2,4,9,10,13,341,24,26,91,93
739,740,741,749,750,751,760,848,755,471,472
1025,739,740,741,749,750,751,755,148,759,796
739,740,741,472,1064,749,750,751,848,755,760
929,577,579,674,580,581,578,648,554,528,401,1048,570
576,929,577,579,580,581,578,648,554,528,401,1048,570
322,227,228,40,233,493,494,847,211,1085,223
929,577,579,580,581,578,648,554,528,401,1009,1048,570
576,577,674,579,580,581,578,554,979,629,23
605,574,844,846,880,629,630,791,792,573,926
574,844,910,846,880,629,791,792,1017,573,926
907,396,908,909,1071,880,753,305,723,629,1078,1022,792,732,574
668,287,614,743,59,42,90,411,412,157,447
98,907,396,908,909,1071,880,210,339,629,1022,1048,698,732,574
1025,739,473,236,848,16,754,1013,150,471,472,151,154
580,581,1038,978,979,980,505,506,508,1017,511
992,960,654,239,978,979,980,505,506,507,508,509,510,511
992,960,654,239,978,979,980,505,506,507,508,509,510,511
1018,580,733,978,979,980,505,506,508,1017
449,450,289,833,518,519,333,437,1054,671
960,992,978,979,980,1017,506,507,509,510,511
960,992,807,979,1011,980,1016,1017,1018,509,510,511
960,992,807,808,980,1015,1017,991,508,509,510,511
509,994,580,581,978,979,980,505,506,508,1017
384,482,464,465,241,242,276,467,285
512,553,970,589,1039,1041,1043,916,728,575
322,325,326,327,521,875,876,877,144,319
1,484,8,9,10,11,171,489,110,81,17,24
673,742,711,902,1064,684,721,722,888,854,886,568,730
576,577,578,579,580,581,674,554,978,733
742,711,476,684,368,854,602,603,604,478,959
577,929,579,580,578,388,648,554,430,528,401,503,1048
742,711,684,368,854,602,603,604,477,478,959
742,476,368,854,602,603,604,477,478,959
929,578,577,580,388,579,648,554,430,528,401,503
576,577,674,579,580,581,578,554,1036,528
673,389,742,711,684,942,242,854,118,568,699,476,189
673,389,742,711,684,942,242,119,854,118,568,699,476,189
673,742,711,684,717,692,886,759,568,476,478,959
545,388,676,677,1066,1067,1037,474,402,570,1013,504,58,1052
225,167,233,457,303,1073,315,213,1045,278,345,347,222
992,631,574,844,846,880,629,630,791,926,607
960,631,574,844,846,880,630,791,792,926,607
672,449,450,289,291,833,518,519,333,437,1054
631,844,846,880,926,629,630,791,792,732,574
414,631,574,938,844,846,880,791,792,793,573,926
631,574,844,846,880,630,791,792,573,926
960,992,631,574,844,846,911,880,630,791,793,926,607
414,631,574,938,844,846,880,629,791,792,793,573,926
609,355,966,935,967,937,358,661,662,727,246,1017,1018
99,934,551,968,973,238,974,408,409,540
992,961,960,544,993,994,1000,653,654,542,991
544,961,994,992,993,1000,619,653,654,991,542,543
494,847,178,344,345,346,347,223
992,961,994,993,1000,653,654,541,991
387,490,266,274,403,306,438,441,282,284,735
736,1058,1059,418,419,874,661,662,1017,1018
193,930,259,679,296,169,168,685,720,405,343
417,1025,33,1060,1061,867,520,239,529,530,29,730,700,989
928,577,929,323,578,579,452,648,842,427,1003,529,530,370
446,459,791,846,880,926,629,631,732,573,574
843,556,557,558,559,878,561,562,563
1057,835,713,239,207,881,913,912,761,572,286
683,556,557,878,558,559,561,562,563
683,556,557,558,559,878,561,562,563
843,556,557,558,559,878,561,562,563
683,556,557,878,558,559,561,562
512,553,589,687,719,1041,1043,697,575
683,556,557,558,559,878,561,562,563
843,683,557,558,559,556,561,562,563,878
683,556,557,878,558,559,561,562
193,930,259,679,296,169,204,685,720,405,343
610,834,612,611,680,843,683,556,557,687,559,560,922
610,611,612,836,683,843,556,558,878,560,557,561,667
192,546,548,550,941,590,591,592,593,664,665,954
954,548,550,941,590,591,592,593,600,665,922,923
192,513,546,548,550,941,590,591,592,593,664,665
513,546,548,550,590,591,592,593,664,665,954,923,924
546,547,548,549,550,940,590,591,600,601,954,955,924,925
832,546,547,548,549,550,954,924,925
832,546,547,548,549,550,940,590,600,954,923,925
954,548,549,550,590,591,592,600,922,923,925
166,296,457,204,685,720,209,275,404,405,569,828
997,1001,1068,1004,1006,1005,432,1007,1010,404,1046,951,828,735
935,937,938,619,727,535,536,537,538
935,937,938,727,535,536,537,538
935,937,938,727,535,536,537,538,1017
609,535,935,936,937,938,727,536,537,538
955,940,941,590,591,592,600,601,954,953
512,612,553,589,1043,885,663,667,575
546,547,548,549,550,940,590,665,664,953,954,924,925
256,237,1069,464,465,242,467,468,276,466,241,568
865,738,806,198,1033,1034,1069,855,1074,471,568,473,154
866,709,879,753,723,982,761,762,763,351
866,709,37,879,753,723,982,761,762,763
866,709,879,753,723,982,762,763,764
704,866,709,879,753,723,982,761,762,763
866,709,879,753,723,982,761,762,763,764
641,515,516,140,335,626,632,633,634,639
641,515,516,140,335,626,632,633,634,635,639
641,139,140,301,302,335,460,633,635,638,639
129,546,548,201,606,398,305,401,339,628,1048,926
642,199,200,620,204,238,624,944,946,405,373,374,1082
193,1027,483,236,78,335,464,434,1075,403,311,153,381,639
994,932,644,933,938,586,588,910,911,627,1017
548,550,941,590,591,592,593,665,600,601,954,923
737,835,709,650,652,716,596,725,887,761,764
865,738,806,1063,1033,1034,1069,1074,468,1046,568,154
1057,599,716,1036,717,913,914,692,758,759,598
599,650,716,717,594,595,596,597,758,759,568,761,831
716,717,914,594,595,596,758,759,568,863,597,761,831
650,716,717,914,594,595,596,758,759,568,597,761,831
192,546,548,550,590,591,592,593,664,665,954,924,925
192,866,709,593,594,595,596,597,598,599,664,665
320,322,325,326,327,521,875,876,144,319
192,866,709,593,594,595,596,597,598,599,664,665
868,869,871,872,873,425,212,378,318
832,737,599,716,594,595,596,597,598,759,350
832,737,599,716,594,595,596,597,598,759,564,350
481,203,107,367,433,243,436,502,122,123,95
614,743,447,42,411,279,412,90,59,92,157,287
737,546,759,716,401,594,595,596,597,598,599
737,546,759,716,401,594,595,596,597,598,599
484,485,489,11,273,115,19,371,342,1013,25,283
843,683,556,878,558,559,561,562,557
512,612,836,553,589,1041,1043,667,575
1036,887,692,949,863,759,760,761,1021,831
879,912,753,723,949,982,887,761,313,764,351
351,313,1036,879,912,753,210,723,887,761,764,831
832,1036,912,753,723,761,982,887,313,764,62,863
832,313,1036,912,753,210,723,887,62,761,58,286,351
675,647,651,657,658,663,728,697,666,667,668,731
647,649,651,657,658,660,916,728,697,667,668,731
675,647,680,651,719,657,690,658,915,693,916,663,728,666,731
646,680,714,728,657,690,691,658,693,694,915,916,731
899,647,649,714,728,657,690,658,691,660,1041,915,916,731,668
1026,898,743,520,447,842,747,560,729,182,279,889,700,63,287
646,647,714,651,988,657,690,658,660,915,697,667,668
608,194,196,710,70,201,396,206,208,53,758,760,380,62
609,582,966,586,587,588,846,497,629,661,662,732,926
576,577,580,615,616,585,330,459,80,247,445,446
992,960,961,994,1000,653,654,542,991
992,961,994,960,1000,653,654,542,991
1061,837,711,1064,1063,809,684,942,886,568,730,989
647,680,695,651,686,657,658,983,693,694,663
834,675,610,647,680,663,651,657,658,693,695,728,731
675,647,695,714,651,1083,719,693,663,697,698,891,731
647,746,651,683,878,558,561,658,660,920,698,667,668
1026,647,999,744,746,651,658,690,660,920,698,668
647,746,651,556,683,658,660,693,920,698,668
451,259,164,263,264,15,27,29,30,127
33,131,617,618,106,205,45,145,401,433,286
545,229,230,231,997,38,234,309,1014,413
545,229,230,231,997,38,234,309,1014,413
545,229,230,231,997,38,234,309,1014,413
1064,650,716,914,692,949,886,887,760,761,699,831
805,647,744,651,561,690,691,660,658,657,885,920,697,668
805,744,1034,971,728,657,690,691,660,658,920,697,667
615,616,585,459,80,790,247,445,446
641,515,516,140,335,626,632,633,635,639
992,994,584,874,619,938,1012,1017,1018,606,607
994,355,584,937,938,619,1012,1017,1018,606,607
833,289,449,291,450,519,333,1054
929,388,486,648,1003,528,401,1009,596,597,598,599,607
545,676,677,229,230,231,997,235,814,819,20,821,823,824,413
864,742,472,27,906,458,434,950,471,440,473,154,379,30
899,836,612,647,841,1065,667,1020,894,895
899,836,647,1065,683,557,560,563,920,698,1020,894,895
870,776,811,1073,917,984,281,314,1084,1085,222
320,321,322,325,326,327,521,522,877,144
320,321,326,327,521,523,524,876,525,877,144
320,321,322,326,521,523,524,876,875,525,144,77
1057,835,713,1036,239,207,881,913,912,761,572
675,647,680,686,728,658,693,694,695,696,731
675,647,746,651,557,560,563,660,695,920,698,668
902,711,887,760,721,722,831,54,949,888,761,863
675,647,680,686,728,657,658,693,694,695,696
615,616,585,330,459,80,247,445,446
257,40,495,240,79,306,659,279,729,700,183,63
641,515,140,301,335,626,633,634,635,638,639
641,515,140,301,335,626,633,634,635,638,639
388,5,486,487,645,430,369,503,504
675,647,651,719,657,658,660,728,697,667,668
668,675,647,651,719,657,658,691,690,882,697,1083,667
1036,717,692,949,863,759,760,761,886,1021,831
836,647,651,657,658,660,663,728,697,667,668
832,737,650,652,723,564,598,599,761,925,350,351
676,677,527,815,817,818,820,821,823,824,826,827
609,932,582,966,586,587,588,846,880,629,732,574
292,613,1033,1034,364,1069,434,1074,468,565,1046,759,568
1036,692,831,949,759,760,761,1021,863
292,440,568,1069,468,565,471,472,473,154
292,440,568,1069,468,565,471,472,473,379
292,568,1069,434,468,565,471,472,473,154
868,869,871,872,873,425,212,1085,318
471,153,292,742,472,1069,717,565,759,568,473,796
864,568,1036,396,717,692,886,54,760,761,797,831
292,568,1069,468,565,341,471,472,473,26,477,478
1024,324,293,39,40,167,1038,79,310,343,120,90,92
320,321,325,326,521,523,876,525,877,144
675,836,647,680,714,651,686,657,658,693,663,667,731
650,716,717,849,914,692,886,759,699,734,831
704,705,706,707,708,70,429,80,701,702,703
840,893,882,1076,885,1077,889,890,891,1021
864,33,483,37,70,331,1070,78,150,379,380,381,62
704,705,706,707,708,70,267,429,701,702,703
704,705,706,707,708,573,70,429,701,702,703
226,36,230,360,361,234,272,29,726,219,956,1085
641,515,140,301,335,626,633,634,635,638,639
641,515,140,301,335,626,633,634,635,638,639
673,902,684,721,722,863,887,888,54,886,730,831
865,552,1033,1034,1035,951,1074,434,855,735
865,1033,1034,1035,855,1074,434,1046,951,735
1029,998,1030,1032,1001,458,1003,1033,969,432,1009,309,248,442
646,744,714,719,728,690,691,658,915,916,920,697,988
675,647,744,714,719,728,657,658,915,916,663,920,697,666
897,898,901,838,842,690,1043,884,691,886,922
897,898,901,838,842,1043,884,691,886,922,703
897,898,901,838,842,687,1043,884,1076,691,703
1026,683,556,843,558,878,560,561,557,559
388,5,486,487,1066,430,369,503,504
194,195,643,197,1061,837,1063,809,886,1046,54,730,989,62
641,515,140,301,626,632,633,634,635,638,639
672,265,621,113,435,121,220,669,670,671
672,265,621,113,435,121,220,669,670,671
672,265,621,113,435,121,220,669,670,671
672,265,621,113,435,121,220,669,670,671
672,265,621,113,435,121,220,669,670,671
97,99,101,939,83,85,86,87,88,89,1050,255
641,515,140,301,626,633,634,635,638,639
640,641,140,301,335,633,635,636,637,638,639
900,647,744,649,714,657,658,1041,915,916,728,697,731,668
99,100,101,551,232,366,84,85,88,89
352,740,741,902,809,747,748,749,750,751,755,148,471,888,473
644,966,582,574,586,587,588,938,846,1012,1018,926
676,677,814,815,816,817,819,820,821,823,824
676,677,815,816,817,819,820,821,823,824,827
908,909,844,1071,973,401,117,1022,791,121,570,573,126
782,783,784,785,786,787,788,789
900,839,1021,693,983,889,890,891,892,893
834,610,839,680,840,893,882,1077,885,983,891,892,1021
771,772,773,774,375,344,217,218,252,765,766
839,988,559,1021,562,1076,1077,983,890,892,893
193,930,642,296,685,622,720,625,624,945,343
193,930,642,296,685,173,943,720,625,945,624,343
834,900,839,840,893,882,1077,889,890,891,892,1021
193,930,642,296,685,943,720,625,945,624,343
900,839,714,893,915,1076,1077,889,890,892,1021
899,900,839,649,893,657,1076,1077,728,889,892,1021
899,900,839,649,893,1076,1077,728,889,731,892,1021
938,791,846,880,926,629,631,792,793,732,574
673,1061,837,1063,1064,809,684,942,886,54,568,989
631,844,846,880,926,629,791,792,793,732,574
131,134,615,70,617,618,616,585,45,1038,205,1081,94
782,783,784,785,786,787,788,789
782,783,784,785,786,787,788,789
781,782,783,784,785,786,787,788,789
781,782,783,784,785,786,787,788,789
771,772,773,774,422,345,375,344,217,218,252,765,766
416,673,902,684,760,721,722,54,887,888,886,730
805,744,714,657,658,691,660,690,920,698,668
768,769,770,771,772,773,774,375,217,218,252,767
768,769,770,771,772,773,774,375,217,218,252,767
768,769,770,771,772,773,774,375,344,217,218,252,767
768,769,770,771,772,773,774,377,375,217,218,767
382,35,555,331,78,1070,338,50,372,311,568,830,927
865,194,195,197,1033,1034,201,1069,401,1074,981,862
771,772,773,774,422,425,781,375,217,218,252
771,772,773,774,422,781,375,217,218,252
771,772,773,774,422,40,345,375,344,217,218,252
1056,605,631,520,528,699,627,980,507,23,250,1083,508,733
864,865,489,1034,1033,1069,813,466,467,276,981,1074,862
896,899,836,840,841,1065,697,891,1020,894,895
837,809,717,760,849,914,692,886,759,568,758,831
834,900,839,840,1021,882,1077,889,890,891,892,893
647,746,651,683,560,658,660,920,697,698,668
800,801,782,783,784,785,786,787,788,789,799
782,783,784,785,786,787,788,789
650,716,717,656,849,914,692,759,760,761,699,734,863
322,327,782,783,784,785,786,787,788,789
650,716,887,914,692,949,886,759,760,758,761,699
800,801,811,108,780,109,812,781,348,349,798,799
800,801,811,780,108,109,812,781,340,348,798,799
800,801,811,780,108,812,344,346,347,798,799
800,801,811,108,780,109,812,781,347,349,798,799
800,801,811,780,108,812,781,347,348,798,799
899,836,900,647,1065,841,658,1020,894,895
800,801,780,812,781,344,345,346,347,798,799
896,899,836,1065,714,841,658,1020,894,895
832,737,835,549,650,652,564,725,599,761,922,925,350
610,834,941,590,687,591,1041,658,592,912,723,753,575
864,471,292,747,749,751,752,148,149,150,151,472,154
257,293,39,40,79,240,569,306,659,568,729,63
668,287,743,42,691,411,412,90,59,92,447
320,321,322,325,326,327,521,875,876,877,144
773,775,776,777,778,779,845,984,985,378,222
421,281,775,776,777,778,779,845,984,985,219,860
773,775,776,777,778,779,845,984,985,378,219
864,759,1036,717,914,886,887,760,761,863,54,699,831
772,281,775,776,777,779,314,845,984,985,378,1085
281,775,776,777,778,779,845,984,985,378,219,860
612,839,1021,1076,1077,885,889,890,892,893
900,839,1021,885,1077,889,890,1051,892,893
673,835,1060,837,650,1036,684,913,914,723,758,761,286,351
166,169,204,622,943,624,625,944,946,945,334,1082
839,893,1076,1077,889,890,1051,892,1021
900,839,557,1021,1077,889,890,1051,892,893
769,771,772,773,774,424,377,345,375,344,217,218,767
930,36,166,679,295,296,685,334,399,720,343,248,415
899,836,900,647,1065,649,1041,658,728,731,1020,894,895
1026,747,683,651,878,558,752,556,561,751,150,668
1026,747,683,878,558,752,560,751,149,150,151,668
535,935,936,937,938,880,727,536,537,732
929,388,486,648,1003,528,401,1009,596,597,598,599,607
641,515,140,301,302,626,633,634,635,638,639
163,166,296,457,303,569,209,275,404,405,215,185,828
896,836,647,313,841,1065,753,723,597,697,1020,894,351
897,898,1026,901,838,842,560,1043,884,691,703
897,898,901,838,842,589,560,690,1043,884,691
832,33,652,912,753,723,564,598,599,761,764,925,350
843,683,878,559,560,558,562,561,920
514,392,393,137,301,302,141,146,635,638,639
896,1026,611,612,610,675,841,683,556,557,560,563,697
668,614,447,42,690,411,412,90,59,92,287
832,912,753,210,723,564,596,597,599,598,761,351
256,998,490,715,237,718,466,851,501,469,534,216,285
832,896,674,549,683,590,687,498,531,533,922,923
1088,608,387,68,69,484,249,267,429,718,51,852,473,381
382,1028,331,78,1070,338,372,958,311,830,927
641,515,301,626,632,633,634,635,638,639
37,198,491,492,204,942,1044,534,1047,538,860
167,457,395,204,303,209,275,539
805,744,1070,657,690,691,660,658,915,920,667
614,447,42,842,690,412,90,411,92,287
166,169,204,622,943,624,625,944,945,947,334,1082
166,169,204,622,943,624,625,944,945,946,334,1082
568,650,1036,717,887,831,886,759,760,54,761,796,863
416,1025,417,903,1064,904,722,888,760,796,797
995,807,808,1002,431,272,657,1011,1015,1016,698
995,807,808,1002,431,657,1011,916,915,1015,1016,698,990
835,650,1036,656,849,914,692,949,887,761,699,734,831
344,870,281,776,845,1072,1073,918,984,985,349,1085,222
641,515,140,301,302,626,883,632,633,634,635,638,639
99,963,101,6,968,939,304,83,84,85,86,87,88,89,1050
992,67,355,358,105,654,655,497,661,246,249
480,484,489,171,11,813,110,172,17,81,439
352,38,200,1003,748,749,751,752,373,374,149,150,284
512,290,226,361,234,426,170,394,687,1041,726,281,314,575
290,226,361,234,170,394,378,1041,726,281,314,575
934,551,968,810,973,974,909,304,408,540
672,265,621,496,113,1081,435,121,220,669,670,671
1027,483,552,267,78,830,951,338,372,311,381,958
256,3,390,748,237,143,241,274,116,276,282,603,94
605,933,619,653,654,880,627,1012,629,916,915,733,607
517,140,301,302,335,141,1075,724,635,638,639
933,584,619,653,846,911,880,627,1012,629,732,605,574,607
292,568,364,1069,174,434,468,565,471,472,473
673,902,684,721,722,888,761,863,887,760,54,886,730,831
162,130,541,653,654,399,470,790,1049,442,445,446
677,814,815,817,818,819,820,821,823,824
814,817,818,819,820,821,823,824,825
64,66,259,583,236,152,88,60,127
64,66,259,583,236,152,88,60,127
64,66,294,583,328,653,654,336,948,152,60,127
162,421,459,511,653,399,470,790,88,1049,414,415
67,355,419,358,105,874,654,655,661,662,249,1018
64,66,259,583,236,152,88,60,127
832,513,547,549,590,591,564,598,599,664,665,923,925,350
647,680,663,695,651,686,658,691,693,694,983,920,698
647,744,680,663,686,658,690,693,920,695,696,697,694
162,130,421,399,309,470,1049,442,414
162,130,421,399,309,470,248,1049,442
162,130,615,653,654,399,470,790,1049,442,415
64,259,583,511,173,653,654,948,152,88,60,127
998,200,490,715,620,718,434,850,851,469,534,1046,216
200,1003,107,203,718,1009,404,373,374,1046,469,23,284,221,1016,216
416,417,1025,903,1064,904,684,722,886
416,417,1025,1061,903,904,1064,684,722,886
68,37,520,331,78,1070,338,403,372,380,381,830
704,705,706,707,708,70,715,844,429,496,721,926,630,1051,701,702
704,706,708,37,70,715,429,271,818,792,987,701,414,703
705,706,707,708,37,70,267,715,429,703
705,706,707,708,37,70,715,267,429,702,703
803,804,328,173,1038,910,528,948,566,312,509,510,1055
803,804,328,173,1038,910,528,948,566,312,509,510,1055
704,705,706,707,708,70,267,715,429,701,702,703
704,706,387,708,37,70,68,267,702,429,981,701,574,703
998,391,715,718,850,851,243,853,534,469,216
928,802,391,15,367,243,502,22,122,29,30,383
387,740,741,490,1069,750,951,466,755,403,469,501,855,534
609,966,967,905,938,844,535,536,1017,1018,475
480,387,390,713,202,749,110,81,19,342,282,283
388,5,486,487,430,369,503,504,220
1001,759,364,1035,1004,1005,849,951,434,1010,1046,855,950
746,651,683,560,690,691,660,658,920,698,668
833,289,450,449,519,332,333,1054
546,548,550,940,590,591,592,593,664,665,954,955,924
832,577,580,510,103,616,585,49,401,753,564,598,599,509,350
1091,998,166,334,718,850,851,853,469,248,216
480,484,489,171,172,813,110,81,273,24
1033,1034,1035,849,951,434,1074,950,855,1046,735
1033,1034,1035,855,1074,434,404,1046,951,950,735
833,289,450,449,519,332,333,1054
814,817,818,819,820,821,823,824
814,527,817,818,819,820,821,823,824
676,814,816,817,818,819,820,821,823,824,827
736,1058,1059,418,874,661,662,1017,1018
814,817,818,819,820,821,822,823,824
814,817,818,819,820,821,823,824,826
814,817,818,819,820,821,823,824
677,815,816,817,820,822,823,824,825,826,827
677,814,815,816,817,819,822,823,825,826,827
646,999,647,714,690,658,915,660,916,728,698,731
677,815,816,817,818,820,821,822,823,825,826,827
647,649,970,651,657,658,1041,660,916,915,728,697,698,731,668
677,815,816,817,818,820,821,822,823,825,826,827
676,677,815,816,817,820,822,823,825,826,827
677,815,816,817,819,820,822,823,825,826,827
647,649,971,719,728,658,915,660,693,916,920,697,667,668,731
388,5,486,487,430,369,503,504
673,1060,1061,837,1064,684,942,886,887,758,730,989,831
1060,1061,837,1064,684,942,886,887,758,730,989,831
584,937,938,619,574,654,1012,1017,606,607
1026,843,556,683,878,558,559,561,562,557
416,417,1025,903,1064,904,54,571,796,797
1030,1031,987,969,976,977,857,858,859,990
1030,1031,987,969,976,977,857,858,859,990
416,673,1025,742,711,684,722,888,854,886,568,730,476
929,388,5,486,487,430,369,503,504
929,388,5,486,487,430,369,503,504
935,936,937,938,584,727,1012,535,536,537,732
994,355,935,936,937,938,727,536,537,538
997,1001,1002,1003,1004,1005,458,1034,432,1009,1033,855,1016
535,935,936,937,938,584,727,536,537,538
1029,1030,1031,987,1032,976,977,857,859,990
814,817,818,819,820,821,823,824,794,795
795,815,816,818,819,822,824,825,794,827,826
608,1030,1031,975,976,977,18,987,125,990
673,1060,1061,837,1064,684,942,886,758,989,831
535,935,936,937,938,727,536,537,538,543
673,1060,1061,837,1064,684,942,886,887,730,989,831
931,260,358,936,937,938,1038,399,112,880,627,246,574
646,714,971,651,658,915,916,693,694,728,698,731,988
1025,739,740,741,1062,1064,809,568,713,750,848,755,758,760,571,796
839,893,1076,885,1077,889,890,892,1021
162,166,998,295,334,718,399,850,851,853,309,248
900,893,1041,1076,885,1077,889,890,892,1021
258,932,933,644,584,619,910,911,336,1017,543
932,933,644,910,911,1017,605,606,607
1091,998,814,432,850,851,853,822,823,921,986,827
418,644,582,967,586,587,588,880,627,629,1017,732,574
482,72,74,43,46,47,688,689,307,308,310,120,59,158
932,648,937,329,269,1038,528,80,979,505,733,1081
929,1018,1009,978,979,980,505,506,508,1017,1086
960,929,1018,978,979,980,23,505,506,508,1017,1086
101,934,551,968,973,974,85,408,409,540
930,164,200,715,718,466,850,851,469,501,534,1046,216
673,1061,837,711,1063,809,942,886,54,730,989
705,292,773,440,297,906,48,434,471,472,473,154,379
548,955,550,941,590,591,592,593,601,954,923
166,169,204,622,943,944,625,945,624,946,1082
166,169,204,622,943,624,625,944,945,946,334,1082
166,169,204,622,943,944,625,945,624,946,334,1082
896,836,841,1065,657,698,697,954,1020,894,895
166,169,622,943,624,625,944,946,945,334,1082
791,844,846,880,627,926,629,630,631,793,732,574
960,992,961,1000,653,654,541,542,991
960,961,993,994,992,1000,653,654,541,991
960,961,994,993,992,1000,653,654,541,991
993,644,932,933,938,653,910,911,627,629,732
609,355,966,967,584,935,874,905,588,880,629,662,475
736,609,966,967,584,935,905,880,629,535,536,475,732
166,169,622,943,624,625,944,946,945,334,1082
954,546,547,548,549,550,941,590,591,592,593,600,922,923
99,934,551,968,973,974,85,408,409,540
128,129,323,549,427,972,398,370,371,922,94
1001,1002,1004,1005,1006,1007,1008,1010,1015
1001,1002,1004,1005,1006,1007,1008,1010,1011,1016
1001,1002,1004,1005,1006,1007,1008,1010,1015
1004,1005,1006,1007,1008,431,1010,1011,1068
1004,1005,1006,1007,1008,1068,1010,1011,1015
995,1004,1005,1006,1007,1008,1068,1010,1011,1015
1004,1005,1006,1007,1008,1068,1010,1011,1015
1004,1005,1006,1007,1008,1068,1010,1011,1016
1004,1005,1006,1007,1008,1068,1010,1011
1004,1005,1006,1007,1008,1068,1010,1011,1015
1001,1003,1004,1005,1006,1007,1008,1009,1010
1001,1003,1004,1005,1006,1007,1008,1009,1010
995,1004,1005,1006,1007,431,1008,1010
673,742,902,711,684,721,722,854,888,473,476,478,959
838,651,1036,462,831,760,761,890,1051,1021,889,863
101,934,551,968,973,974,304,85,408,409,540
934,551,968,973,974,408,409,540
891,840,940,941,590,591,601,600,953,954,955
859,1029,1030,1031,1032,969,975,976,977,987,990
1029,1030,1031,1032,969,975,976,977,857,987,990
1029,1030,1031,1032,969,976,977,987,990
1029,1030,1031,1032,969,975,976,977,987,990
1029,1030,1031,1032,969,975,976,977,987,990
1029,1030,1031,1032,969,975,976,977,987,990
1029,1030,1031,1032,975,976,977,987,990
681,298,841,590,591,592,498,1043,1076,1077,601,1019,1021,575
929,577,579,388,503,584,648,619,430,528,883,598,599
192,294,583,328,648,173,336,528,948,566,60
864,742,747,749,751,752,468,148,149,150,151
992,736,1058,418,419,874,662,1017,1018,732
736,1058,419,418,874,1012,661,662,1017,1018
568,759,1036,949,863,886,760,761,1051,1021,831
35,1028,267,331,78,1070,338,372,56,830,927
955,940,941,590,591,557,600,601,954,953
900,940,941,590,591,601,600,953,954,955,893,575
960,961,994,993,992,1000,653,654,991
960,961,994,993,992,1000,653,654,991
992,993,994,961,960,1000,653,654,991
992,993,994,960,961,1000,653,654,542,991
745,428,12,339,500,886,856,571,730,187,94
745,428,12,339,500,886,856,571,986,187,94
745,1003,428,12,339,500,886,856,571,187,94
745,1003,428,12,339,500,886,856,571,187,94
162,421,998,295,166,330,459,399,309,822,470,248,444
1057,835,1036,1039,1040,913,753,723,881,758,761,764,286,351
745,428,12,339,500,886,856,571,698,187,94
331,78,1070,338,372,958,311,830,927
1,2,4,9,10,13,24,26,91,93
1028,331,1070,78,338,372,311,830,927
963,100,101,99,551,968,973,974,84,85,88,89
99,964,101,100,551,968,939,973,974,84,85,89
99,100,101,965,968,939,973,84,85,87
99,100,101,968,939,84,85,86,87,88,89,1050
99,934,551,968,973,974,408,409,540
160,71,72,46,688,307,52,59,158,159
964,1068,1005,1006,1007,1008,1004,1010,404
1056,1057,835,650,1036,716,913,914,881,723,758,761,351
96,514,642,359,7,906,114,499,404,757,18,857,987,735
198,491,492,620,942,204,1044,565,1047,538,574
928,96,678,712,682,526,367,400,402,95
737,807,808,520,1002,657,658,1011,693,1015,920,697,698,1016
96,678,712,682,526,367,400,402,95
928,96,678,682,526,367,400,402,95
859,1029,1032,969,975,976,977,1080,987,990
1029,1030,1032,969,975,976,977,1080,987,990
1029,1030,1032,969,975,976,977,1080,987,990
96,678,712,682,526,367,400,402,95
162,130,421,459,399,309,470,248,1049,442,415
1057,1025,835,239,207,881,913,758,761,572,286
1067,1037,474,977,857,858,987,1052,990,1087
1031,1067,1037,975,474,977,858,987,1052,990,1087
1031,1067,1037,474,977,1080,858,859,1052,990
610,834,680,940,941,590,591,592,600,601,954,955
512,553,589,1039,1040,913,1043,761,575
960,992,584,1000,619,911,1012,1017,605,606,607
899,647,649,714,657,658,1041,660,915,916,728,697,731,668
992,961,960,994,1000,653,654,541,542,991
577,709,907,908,909,28,1071,880,496,660,629,791,698,732,1022
577,907,908,396,909,1071,880,496,28,629,698,732,1021,1022
512,899,553,589,560,1041,1043,660,916,728,575
548,955,940,941,590,591,600,601,954,923
940,941,590,591,592,601,600,953,954,955,889
67,260,419,358,105,586,654,655,246,249,1018,574
644,932,933,584,937,938,910,911,627,1012,61
3,838,681,298,14,1043,531,693,922,1019,667,94
512,1057,835,553,589,1039,1040,913,1043,758,575
544,961,992,993,994,1000,653,654,910,991,542,543
645,202,1068,1005,1006,1004,1008,1010,404,1013,374,735
641,515,140,301,626,1075,632,633,634,635,638,639
993,584,1000,619,627,1012,791,1017,538,606,607
736,993,1058,994,418,967,1000,938,874,662,1017,1018
992,355,260,67,358,105,586,655,271,497,246,249
2,4,10,13,341,24,26,91,93
672,621,496,113,435,121,220,669,670,671
613,490,364,855,432,951,434,404,1046,950,726,1053,735
162,1091,421,998,166,295,399,851,853,309,248
453,423,424,425,426,917,376,377,378,252
1091,998,295,166,459,718,399,850,851,853,469,248,921
509,583,328,366,336,1042,948,566,312,506,507,60,152,510,511
929,1059,615,648,583,328,395,173,1038,528,1042,883,948,566,250
517,140,301,335,626,724,633,634,635,638,639
928,96,802,678,391,526,367,243,244,22,95
928,802,937,938,367,15,243,22,122,188,382,383
736,1059,874,236,661,662,1017,250,60,1086
289,329,332,333,401,505,570,507,220,1017,572,1081
1029,1030,1032,969,975,976,977,1080,987,990,1087
512,553,589,557,687,560,1041,1043,1021,575
484,485,489,11,813,110,17,115,342,439
480,485,489,11,171,813,110,17,115,342,439
480,489,11,172,813,110,171,17,81,439
485,489,11,171,110,273,17,115,371,342
480,485,489,11,171,813,110,273,115,371,342,439
480,484,489,171,11,172,110,175,813,81,273,115,17
225,772,102,774,488,233,1072,1073,212,884,344,218,222
0,1,4,8,9,10,11,341,26,91,93
0,1,2,8,9,10,11,172,13,93
0,1,2,4,8,9,10,11,13,341,26
0,1,4,8,9,10,11,341,26,91,93
869,871,872,425,362,618,426,499,212,919,984,378,254
288,833,289,450,449,291,519,333,1054
288,449,450,289,833,518,519,333,437,1054
994,938,791,844,880,497,629,631,793,1051,732,573,574
1091,997,998,718,432,1010,851,850,853,855,921,986,735
485,390,489,11,813,463,17,115,342,439,283,699
865,385,323,935,937,938,907,908,1038,1071,1078,118,220,1022
33,803,804,648,937,328,173,1038,528,948,566,1055
650,717,656,849,914,692,758,759,568,699,734,831
673,1060,1036,684,722,888,831,949,887,760,761,758,863
99,963,101,934,100,968,939,84,85,86,87,88,89
423,424,425,426,378,919,499,214,215,186,253,254
288,289,833,450,518,519,332,333,401,437,570,220,1054,1023
1028,69,422,39,743,40,267,429,830,947,852,920,440,382
1088,706,68,69,229,267,429,51,701,413
646,999,647,714,719,690,658,660,915,916,728,697,731,988
96,678,682,526,367,400,402,95
962,802,452,969,1067,1037,975,1014,474,1052
160,71,72,73,297,75,46,688,90,59,158,159
294,583,236,1004,1006,173,336,114,948,404,566,60,735
928,96,678,391,526,367,243,244,22,502,95
289,449,833,965,519,329,332,333,87,671
866,323,709,681,298,753,210,594,595,723,664,761,1019,286,763
865,1033,1034,855,849,434,1074,951,1046,759,698,862,735
64,258,357,294,583,328,173,948,245,727,537
705,706,708,998,267,715,718,850,851,469,855,216,701,702,703
1029,1030,1031,1032,969,976,977,987,990,1087
71,72,74,46,307,52,308,310,59,158,159
3,229,38,230,104,231,997,14,115,1014,342,413,958
162,997,229,230,231,1068,1004,1006,399,432,1010,404,853,248,413
700,743,447,42,651,690,660,412,90,668,157,287
736,960,992,418,419,874,661,662,1017,1018
978,979,980,23,505,506,508,1017,1086
1004,1005,1006,1007,432,1008,1010,404,853,986
227,228,233,493,494,847,211,344,345,347,348,223
705,3,1033,266,12,14,274,531,374,282,156,94,922
640,33,996,137,299,140,461,204,335,724,633,635,636,637,639
417,738,806,903,1064,904,241,242,886,759,760,796,797
1089,1090,452,712,1001,1067,1068,1037,1004,527,1010,180,181,508
1089,1090,452,1001,1068,1037,527,49,1010,180,181,474,508
288,449,450,833,5,518,519,333,1011,437,1016,220,1054
928,96,802,382,367,15,243,22,122,188,95,383
65,103,594,595,596,597,598,599
33,610,323,612,553,106,558,687,623,529,433,530,759,155
709,330,650,593,594,595,210,309,665,759,664,761
166,169,334,943,624,625,944,946,945,947,1082
257,163,293,39,40,743,79,240,729,569,92,63
96,928,678,391,682,526,367,400,244,95
897,898,901,838,520,842,884,922,700
928,802,678,391,555,367,402,243,852,244,22,382,383
928,481,96,391,15,243,22,502,150,122,123,95
480,484,11,171,172,110,17,81,115,273,24
