196,710,396,1036,206,208,981,55,28,862,864,865,616,496,497,53,54,887,760,952,379,444
267,397,150,471,472,473,602,154,603,604,797,155,151,153,283,292,806,41,43,364,1069,22,567,568
832,131,902,1036,396,721,913,28,669,862,863,864,33,616,760,496,497,949,54,53,888,889,379,381,62
194,195,197,199,201,912,145,210,723,982,350,351,30,286,753,949,58,764,62
773,267,147,471,472,473,153,154,155,602,283,349,222,738,292,43,364,1069,47,567,444,379,124
1025,196,389,903,904,713,207,208,796,797,862,416,417,1061,1062,806,1064,571,191
642,973,847,852,1045,213,278,918,345,343,347,860,225,227,422,743,934,362,170,685,238,751,175,1013,700
75,340,277,1045,344,345,346,347,348,349,158,159,160,161,297,108,109,812,46,47,688,307,308,52,310,55,315
705,706,707,68,69,70,715,267,331,337,403,28,862,33,37,429,496,51,760,58,380,381,702
640,641,516,139,140,335,147,724,57,34,35,743,177,179,756,757,633,636,637
641,139,140,461,335,147,349,57,611,301,175,177,179,756,757,883,759,632,633,634,635
640,641,515,516,139,140,335,147,724,57,34,35,743,177,626,179,756,757,633,634
194,195,197,710,199,201,207,912,848,210,723,982,28,33,866,739,753,58,764,62
194,195,643,197,199,201,459,1036,207,912,210,723,30,350,58,753,949,570,764,62
68,517,331,337,338,147,35,299,44,300,175,177,50,179,759,56,57,382
517,331,460,337,147,35,299,44,300,175,177,50,179,372,759,56,57,382
847,211,344,345,347,349,223,227,228,233,170,812,493,494,109,178,1079
776,777,845,918,984,985,281,860,861,222,354,1073,314,317,316,1085
454,455,456,847,211,1045,918,917,406,223,227,228,229,230,231,424,233,493,494,315,318
257,79,659,471,473,411,92,158,293,39,40,42,46,47,48,240,306,307,308,569,124,63
257,79,659,471,92,797,158,160,293,39,40,42,46,47,48,240,306,307,308,569,124,63
1025,196,903,904,713,778,779,206,207,208,796,797,416,417,1062,1064,53,55,571,191
194,195,197,902,199,201,1036,848,210,723,982,862,33,739,740,753,755,570,58,764,62
132,198,262,1038,1041,1044,981,534,1047,157,95,96,867,678,489,682,491,492,813,436,438,439,575
79,90,411,92,412,158,287,160,159,614,42,46,307,308,52,63,447
65,963,6,268,21,86,87,88,95,96,99,100,678,682,363,365,238,623,176,175,883,1079
194,195,197,199,201,912,401,210,848,723,982,1048,863,739,753,564,949,760,570,764,62
71,72,74,158,159,39,41,43,46,47,48,688,307,52,308,120,59,124
71,72,74,158,159,39,41,43,46,47,48,688,307,52,308,120,59,124
71,72,74,158,159,160,41,43,46,47,48,688,307,52,308,310,55,120,59,124
71,72,74,158,159,160,41,43,46,47,48,688,307,52,308,310,55,120,59,124
194,643,195,837,197,199,713,201,207,145,730,925,989,1060,1061,1063,809,942,881,886,58,572,62
640,641,515,139,461,724,57,34,35,177,50,626,633,636,637,638
389,198,581,904,267,337,914,211,1044,1047,153,730,283,473,96,738,1061,678,682,491,492,300,436
457,395,204,334,80,209,275,539,163,164,36,166,295,998,167,169,168,303,943,624,625,944,945,1082
642,643,194,195,197,199,713,201,207,1039,912,848,723,221,352,1057,620,881,753,373,120,58,572,62
322,847,211,918,344,223,225,161,227,228,102,39,488,233,40,493,494,495,1072,240,1085
394,780,340,344,345,346,347,348,349,281,799,800,801,798,170,811,108,109,812,178,314
192,513,590,591,592,593,664,665,922,923,601,546,547,548,549,550,941,953,954,955
135,776,777,779,845,206,918,984,985,860,861,222,420,870,426,314,1073,378,1084,829,254
193,902,70,1036,205,721,722,145,403,730,862,863,33,865,1061,806,1063,809,107,888,949,54,760,379,380,381
394,780,781,340,917,344,345,346,347,348,349,798,799,800,801,170,811,108,812,109,178,1079,1084
394,780,781,340,917,344,345,346,347,348,349,798,799,800,801,170,811,108,812,109,178,1079,1084
394,340,344,345,346,347,348,349,223,800,170,108,109,812,178,1079
194,195,197,709,199,201,848,912,210,723,982,351,866,739,740,741,750,879,753,755,762,763,764
776,845,918,984,281,985,860,861,222,353,868,869,870,871,872,1073,314,1084,1085,318
142,212,918,919,984,985,860,222,354,868,869,871,872,873,425,426,366,1072,1073,499,378
257,73,79,659,533,729,90,92,293,40,553,42,46,687,240,306,307,308,120,569,894,63
257,73,79,659,533,279,729,90,92,160,293,40,42,240,306,307,308,120,569,63
708,845,918,985,539,860,861,224,225,161,227,228,102,488,233,495,1072,1073,375,765,766
71,72,73,74,158,159,160,41,43,46,47,48,688,498,307,52,308,310,55,120,59,124
453,845,212,917,918,919,215,281,860,861,353,354,868,424,425,376,377,314,316,317,318
64,258,259,644,328,264,910,911,336,339,31,932,933,235,236,173,305,948,566,248,60,61
131,134,6,968,907,396,909,908,268,1022,350,803,804,366,1071,304,176,117,247,889,126,446
64,961,66,259,960,583,328,653,336,152,236,173,948,245,566,60,127
918,984,985,539,860,861,224,225,161,227,228,102,488,233,495,1072,1073,375,379,765,766
198,712,203,205,145,402,352,96,481,356,106,107,433,1074,243,436,502,122,123
386,198,712,203,205,526,145,402,96,352,481,356,551,106,107,433,243,436,502,122,123
65,1090,648,584,716,652,528,912,594,595,596,597,598,599,607,103,366,49,564,759
264,393,12,14,16,18,20,342,413,290,164,229,230,231,104,38,168,997,754,1013,1014
71,72,73,74,158,159,160,46,688,48,307,52,308,120,59
320,321,322,325,326,327,521,76,77,525,524,144,875,876,877,319
71,72,73,74,158,159,160,46,688,307,52,308,310,55,120,59
129,579,580,581,398,401,23,28,350,862,547,548,549,616,554,496,753,497,949,54,247,889,890,62
71,72,73,74,158,159,160,46,688,48,307,52,308,55,120,59
71,72,73,74,158,159,160,46,688,307,52,308,55,120,59
453,845,917,919,281,860,861,353,354,423,424,316,377,314,252,317,318
1090,771,454,270,1045,217,986,860,861,222,735,224,225,354,227,286,102,998,488,425,366,751,495,49,499,56
775,776,777,845,212,918,984,985,281,860,861,222,870,426,1072,1073,314,1084,1085
960,259,963,6,583,1042,84,980,790,87,88,736,97,98,99,1059,296,250,236,506,1018,127,1086,511
1090,131,134,148,1045,1044,1047,153,1050,735,224,420,103,362,491,811,366,751,175,241,304,113,49,371,1013,952,700
394,147,340,344,345,346,347,348,349,798,34,170,811,108,109,175,178,1079
320,321,322,325,326,327,521,76,77,525,524,144,875,876,877,319
845,918,919,984,281,985,860,861,222,353,868,869,870,871,872,873,1073,314,1085,318
845,918,984,281,985,860,861,222,353,868,869,870,871,872,873,1073,314,1085,318
521,523,524,847,144,211,1045,213,344,345,347,348,349,223,225,227,228,233,875,876,493,494,751,1073
260,966,967,905,459,399,475,609,931,804,803,355,358,936,937,938,363,112,627,245,246
517,394,340,344,345,346,347,348,349,170,811,108,109,175,178,883,1079
574,585,459,846,80,20,414,415,926,615,616,631,880,630,247,444,573,446,445
256,385,193,389,148,149,534,468,150,151,352,490,747,748,749,750,751,752,241,119,189,190,191
71,72,73,74,75,158,159,160,297,46,47,688,48,307,52,308,310,120,59,124
257,961,964,79,659,729,411,412,160,293,422,39,40,42,47,240,306,310,569,124,63
1088,387,68,69,11,718,17,468,471,472,31,481,356,484,106,555,44,429,1069,51,372,436,371
642,199,200,1034,1035,849,1046,855,284,997,1001,1002,1003,1004,620,1006,1009,434,1011,1074,373,374,1016
193,514,203,148,149,150,151,352,356,740,42,491,748,106,747,751,752,749,750,755,436
256,193,385,389,267,203,205,145,148,468,119,153,730,155,283,221,154,862,106,107,751,241,433,567,189
709,1036,912,401,210,723,595,594,982,351,863,33,866,753,564,949,761,887,313,570,763,764
71,72,73,74,75,158,159,160,297,46,688,307,52,308,55,120,59
832,577,580,912,401,210,723,350,863,351,674,103,616,313,49,753,564,949,761,570,507,764
1030,1031,1032,969,975,80,977,18,20,859,987,220,990,608,545,616,235,1080,125,1087
963,271,272,83,84,85,86,87,88,89,1050,99,100,101,934,939
963,965,271,272,83,84,85,86,87,88,1050,97,98,99,101,939,255
963,271,272,83,84,85,86,87,88,1050,98,99,100,101,939,255
963,968,973,271,272,83,84,85,86,87,88,89,1050,540,97,98,99,100,101,934,939,255
963,968,973,271,272,83,84,85,86,87,88,89,1050,97,98,99,100,101,934,939,255
963,964,965,272,83,84,85,86,87,88,89,1050,97,99,100,101,939
963,964,83,84,85,86,87,88,89,99,100,101,934,232,939,366
3,707,263,202,14,342,284,413,94,545,165,38,229,104,230,231,997,748,749,621,115,1014
193,386,389,148,149,150,151,153,284,221,352,740,741,491,748,747,750,751,749,752,755
1030,1031,1032,977,18,20,857,859,987,220,990,608,545,164,235,496,1013,1080,443,1087
0,1,2,4,8,9,10,13,81,341,24,25,26,91,93,172,175,371
256,390,135,970,206,143,984,985,163,420,553,1065,111,751,241,752,307,116,52,700,829,894,895
324,457,395,204,334,209,275,405,539,164,166,167,169,303,947,1082
324,457,395,204,334,209,275,405,36,167,168,169,303,944,625,947,1082
265,401,220,669,670,671,672,621,496,113,435,628,121,570,445,446
711,854,473,602,603,476,604,477,478,479,673,153,742,684,368,565,959
0,1,2,4,8,9,10,13,341,24,25,26,91,474,93,38,172,54
453,845,782,917,919,281,860,861,353,354,423,424,316,377,314,252,317,318
391,203,526,15,402,22,95,96,481,356,678,682,106,107,367,433,243,436,502,122,123
963,964,965,83,84,85,86,87,88,89,98,99,100,101,934,939,366
963,968,973,974,83,84,85,86,87,88,89,540,97,98,99,100,101,934,939
260,644,966,967,586,588,655,662,537,609,355,931,358,935,936,937,938,105,246,249
387,68,69,11,718,17,273,468,852,342,608,481,738,35,356,484,490,555,620,177,754,51,50,371
322,847,211,344,345,223,225,227,228,102,488,233,40,812,493,494,495,1072
471,472,473,154,797,158,159,39,40,41,43,364,46,47,48,368,688,307,308,52,310,120,59,124
71,72,73,74,75,158,159,160,297,46,688,307,52,308,120,59,124
2,4,11,13,17,81,273,342,24,25,26,91,283,93,480,484,171,172,813,371
320,321,322,325,326,327,521,76,77,524,144,875,876,877,319
131,70,459,205,334,401,1048,247,220,28,414,415,864,33,862,616,617,618,45,496,497,54,887,62
257,71,72,73,74,659,158,159,160,46,48,688,307,308,52,120,59,124
648,584,268,140,716,528,595,408,606,607,929,683,619,759,365,238,176,175,301,883,1079,635,126,639
128,385,129,138,972,141,398,17,146,342,24,484,485,489,427,111,370,371,115,1013
514,515,516,259,392,137,393,138,140,141,460,335,146,147,855,35,296,555,236,302,626,756,639
382,1028,331,78,338,147,927,35,555,300,299,1070,44,177,50,372,311,56,57,830
454,7,136,266,458,396,397,721,82,274,856,27,28,29,30,286,33,745,1001,428,492,496,500,760,187,62
128,129,323,389,203,972,398,529,401,533,149,155,546,548,1061,549,106,427,433,370,371
577,196,200,396,205,1036,15,208,210,530,27,28,29,30,286,862,496,49,564,53,887,313
265,396,1048,27,28,669,670,29,672,30,671,220,286,621,496,435,628,121
704,265,396,1048,27,28,669,670,29,672,30,671,220,286,37,621,496,49,435,628,121
701,212,918,919,984,985,353,868,869,870,871,872,873,425,426,1085,318
193,386,389,203,205,145,148,30,352,481,356,106,107,620,433,243,436,502,122,123
960,961,448,645,967,584,648,905,528,147,535,349,606,607,619,174,175,371,1012,883,571
522,468,148,150,151,472,149,154,284,352,740,741,747,748,749,750,751,752,754,755,124,191
640,641,515,645,712,202,19,724,34,35,1068,1004,1005,1006,1007,1008,50,1010,431,1013,756,632,634,636,637,639
0,1,2,4,8,9,10,11,13,463,341,26,91,93,485,172,115
203,1036,205,459,1035,145,401,148,1048,220,30,863,286,33,356,106,107,433,243,436,949,247,760,62
14,1042,212,726,919,278,32,226,290,868,869,230,931,360,1063,234,426,812,679,310,54,1081,954,956,318
648,584,712,139,268,202,528,147,408,410,606,607,96,929,95,678,682,365,238,175,176,883,756,57
832,205,912,145,210,723,28,29,30,351,286,350,107,433,753,564,949,313
142,212,918,919,214,215,353,868,869,870,871,872,873,426,499,186,1085,318
453,917,918,919,984,985,353,354,868,869,870,871,872,424,376,317,316,1085,318
64,192,258,583,584,328,336,1042,152,606,357,294,619,173,948,1012,566,245,312,60
64,258,583,328,584,336,1042,152,606,357,294,619,236,173,175,948,245,566,443,60
64,258,966,967,583,905,328,336,152,475,609,357,294,173,948,245,566,312,60
704,771,262,843,271,852,1045,213,278,918,281,917,860,861,30,998,561,690,818,316,375,314,700,317
640,641,515,516,139,140,461,335,147,724,34,35,177,50,179,626,633,634,636,637
641,515,516,140,335,35,299,176,177,626,50,179,632,633,634,635,638,639
640,641,515,516,140,141,461,335,724,34,299,626,757,632,633,634,636,637,639
260,966,967,839,905,971,655,535,536,537,609,355,931,358,936,937,938,105,246,249
322,262,327,845,270,142,917,918,406,344,281,345,538,860,861,224,40,689,884,1013,314,316,317,319
1025,514,196,710,903,904,713,206,207,208,918,796,797,416,417,1062,1064,53,55,571,191
514,389,527,146,532,21,149,468,119,292,613,676,677,751,111,815,817,820,821,118,823,699,189,190,191
640,641,515,648,140,268,461,724,301,176,633,626,756,757,632,57,634,635,636,637,639
577,580,585,459,80,20,790,414,415,615,616,554,496,497,247,444,445,446
257,134,79,659,280,345,729,347,293,39,40,42,170,240,689,48,307,308,306,183,120,569,63
136,266,396,781,780,465,82,467,466,856,27,29,30,798,800,33,801,799,745,811,428,812,496,500,56,187
514,451,389,527,532,468,160,676,677,40,823,111,432,815,306,817,820,821,118,816,819,189,190,191
1025,194,195,643,197,903,904,713,199,201,207,912,210,796,416,1057,417,1064,239,881,58,571,572,62
194,195,197,904,713,201,207,912,723,796,925,416,1057,417,739,867,1064,239,881,753,571,572
713,203,716,1039,1040,912,594,595,596,597,725,797,350,351,1057,737,1062,107,239,687,881,753,313,572
0,1,2,4,8,9,10,13,341,24,25,26,91,93,104,172,54
256,384,390,464,465,466,467,468,276,285,482,236,237,241,242,116
516,517,390,135,389,203,143,189,420,356,106,107,942,111,174,116,436,118,119,699,829,190
644,132,584,910,911,399,80,339,790,535,545,932,933,235,305,61,247,248,445,446
71,72,73,74,75,158,159,160,46,688,307,52,308,120,59
576,577,194,578,580,581,585,909,401,210,723,1042,982,23,221,351,32,33,616,496,753,949,313,762,764,62
135,520,843,206,531,984,985,287,611,420,42,556,557,46,111,559,561,562,563,308,307,52,700,829,447
71,72,73,74,158,159,160,297,46,688,307,52,308,55,120,59,124
64,192,258,66,583,328,336,339,735,312,932,357,294,236,173,305,948,245,566,248,443,60,61
130,644,459,910,911,336,399,339,659,470,1049,414,415,162,932,933,998,421,166,295,235,305,309,248,444,61
71,72,73,74,75,158,159,160,297,46,688,307,52,308,120,59
131,459,205,334,401,1048,220,414,415,32,33,617,618,44,45,496,497,247,56,445,446
260,644,966,967,905,655,406,727,537,475,609,355,931,358,935,936,105,937,246,249
457,204,334,80,209,275,539,163,36,164,166,295,998,168,169,303,943,945,624,625,944,946,1082
897,891,72,520,74,279,280,158,287,160,611,743,41,43,52,182,183,59,700,447
897,72,520,74,659,279,280,729,158,287,743,46,687,558,52,182,183,59,700,447
71,72,73,74,158,159,160,46,688,307,52,308,120,59,124
324,457,395,204,334,209,275,539,163,167,295,622,303,624,625,944,943,1082
395,204,334,209,164,165,166,295,167,169,168,622,943,624,944,625,947,946,1082
395,204,334,209,539,164,165,295,167,169,622,943,624,944,946,625,947,1082
1091,132,133,134,584,330,459,1038,399,1042,790,415,803,804,932,933,937,235,175,309,247,445,446
1091,132,133,134,584,585,330,1038,399,80,790,803,804,933,615,616,937,42,235,627,309,247,445,446
324,457,395,204,334,209,275,163,164,165,166,169,943,944,945,303,947,1082
322,772,776,845,1085,918,984,985,281,344,860,861,222,354,870,40,1073,316,314,1084,317
324,457,395,204,334,209,275,539,163,167,295,303,944,624,943,1082
453,917,918,919,985,860,353,868,869,871,872,873,423,424,317,316,1085,318
386,515,516,203,909,526,143,402,534,96,481,356,1063,106,107,620,490,433,754,243,436,123
902,394,330,716,722,147,340,277,344,345,346,347,348,349,34,108,109,175,176,178,309,949,887,888,315
212,918,919,984,985,860,868,869,870,871,872,873,425,426,812,1085,318
963,1028,68,69,70,330,267,715,80,338,852,153,154,155,283,311,608,37,429,1070,51,567,830
640,641,515,516,139,140,461,335,724,301,626,632,633,634,635,636,637,639
640,641,515,516,517,138,460,140,141,335,21,301,302,626,1075,632,633,634,635,637,639
451,259,263,264,393,15,16,18,20,342,986,282,27,29,30,735,290,164,1061,42,177,50,57
128,451,387,263,264,7,274,19,342,986,282,284,94,30,484,165,38,174,115,371,1014,439
10,11,463,81,17,273,24,25,480,484,485,489,171,172,813,110,115
257,642,515,516,11,267,143,79,19,659,342,153,730,154,283,155,797,356,1061,567,813,942,626,436,54,759
6,968,586,907,588,909,908,268,973,1022,732,540,926,1071,304,176,117,247,126,446
391,526,15,402,22,95,96,481,928,226,802,678,682,367,243,244,502,122,123
963,964,965,6,271,272,83,84,85,86,87,88,89,98,99,100,101,939,366
64,961,66,259,960,963,583,152,88,735,31,99,1059,296,250,236,173,442,1017,1018,60,61,127
960,961,962,132,133,966,967,644,134,265,586,588,910,991,992,607,994,931,418,933,937,938,619,435,511
897,72,520,1041,1043,659,279,280,729,158,287,743,553,43,687,560,52,182,183,700,447
256,384,385,389,390,464,465,466,467,468,285,482,237,241,242,116
324,457,395,204,334,209,275,539,165,166,167,295,169,303,943,944,625,624,1082
387,451,1091,263,264,266,203,397,274,403,153,282,27,221,29,30,286,33,490,236,54
387,451,263,266,1036,397,274,403,153,282,27,284,29,30,286,490,174,370,438,441,253
768,769,770,453,781,212,917,918,984,985,219,860,861,868,869,872,425,426,499,378,765,766,767
836,453,773,456,841,777,894,219,37,422,423,424,425,426,619,819,822,184,185,186,1020,253,254,895
64,192,258,966,967,583,905,328,399,336,152,605,609,357,294,936,173,948,245,566,312,443,60
391,526,15,402,22,95,96,481,928,226,356,802,682,367,243,244,502,122,123,382
320,321,322,325,326,327,521,76,77,144,344,345,870,40,233,875,876,877,1085,319
320,321,322,325,326,327,521,76,77,144,344,345,40,875,876,877,319
320,321,322,325,326,327,521,76,77,144,344,40,233,875,876,877,319
320,321,322,325,326,327,521,76,77,144,344,40,875,876,877,319
3,14,143,274,403,19,282,26,413,94,545,35,229,38,231,104,230,997,749,177,306,1014
642,514,199,200,1035,274,19,342,855,282,284,1001,620,748,434,373,374,951,950,57
128,642,323,199,200,904,274,855,282,284,156,94,33,484,1001,42,748,620,687,373,374,950
832,835,1036,205,912,913,210,723,914,145,27,29,350,351,30,286,1057,313,753,881,433,949,761
578,453,455,264,393,394,12,16,849,340,917,726,94,223,353,290,868,168,169,426,428,109,623,500,187
256,384,390,143,464,465,466,467,276,469,468,285,482,237,749,241,242,116
322,772,776,845,1085,918,984,985,281,344,860,861,222,354,870,40,1073,316,314,1084,317
768,769,770,453,774,787,788,917,789,353,423,424,425,426,499,252,376,377,378,316,317,767
768,769,770,771,776,781,766,212,918,215,984,985,868,869,872,425,426,377,378,765,254,767
704,963,707,142,82,958,917,726,86,87,347,224,290,226,997,361,234,811,812,109,108,689,499,883,956,702
963,67,261,262,134,394,653,142,153,90,224,32,290,359,491,44,114,883,117,54,56,442,126
580,585,330,459,80,20,790,414,415,615,616,497,247,444,573,446,445
134,585,330,459,80,337,20,790,414,415,33,615,616,247,444,445,446
1030,1031,1032,909,975,976,977,18,1021,404,857,987,220,990,608,33,1080,125,1087
320,321,322,325,326,327,521,523,76,77,524,144,875,876,877,319
320,321,322,325,326,327,521,522,76,77,144,40,875,876,877,319
1036,716,912,913,210,723,725,982,30,286,350,351,863,313,879,753,949,761,764,831
704,453,212,214,215,919,423,424,425,426,377,378,499,376,185,186,253,254
836,455,456,777,778,841,779,780,781,798,799,800,801,424,1065,425,426,184,185,1020,253,894,895
833,449,450,518,519,329,332,333,401,1054,672,289,291,435,437,1081,1023
211,917,918,984,985,344,860,861,222,224,225,228,102,488,233,40,365,495,240
768,769,770,771,772,773,774,453,836,841,781,217,218,422,424,425,375,377,378,252,765,767
768,769,770,771,772,773,774,836,453,841,781,214,217,218,422,375,377,252,765,766,767
768,705,769,3,770,774,14,767,282,413,94,287,229,38,231,230,681,42,177,1014,447
711,854,471,472,151,602,603,476,604,477,478,542,742,684,368,1013,381,959
960,961,6,968,202,511,268,973,974,85,408,88,410,540,100,934,365,238,176,127
705,706,707,708,902,70,701,957,337,722,853,986,220,862,864,33,429,814,760,54,888,379,380,381,703
704,585,459,399,80,20,220,414,415,33,162,615,616,309,247,248,444,445,446
200,202,403,19,148,342,855,149,150,284,352,740,741,489,747,748,749,750,431,751,752,115,755,373,374
576,577,578,579,580,581,328,459,1021,1042,735,674,554,173,49,247,312,443,60,445
576,577,578,579,580,581,328,336,1042,220,735,674,554,173,753,49,247,312,443,60,1021
453,212,214,215,984,985,354,868,423,872,425,426,186,424,499,377,378,251,254
453,776,212,917,214,215,984,985,861,354,868,423,424,425,426,186,499,377,378,251,254
320,321,322,325,326,327,521,523,76,77,524,144,875,876,877,319
452,977,216,408,409,859,987,858,990,1087,225,546,549,678,551,1065,682,759,367,180,181,117,951,1080,895
320,321,322,325,326,327,521,522,76,77,144,875,876,877,319
640,641,515,516,140,461,335,724,177,626,50,632,633,634,635,636,637,638,639
585,459,399,80,20,220,414,415,33,162,166,615,616,309,247,248,444,445,446
832,709,1036,652,210,723,598,599,925,350,351,863,33,32,313,879,753,564,949,887,761,763,764,702
574,585,459,844,846,80,414,926,415,615,631,880,629,630,247,573,446,445
769,770,261,262,134,519,6,906,268,142,917,726,471,985,290,424,811,176,304,114,117,310,317,126
453,212,918,919,984,985,214,353,868,869,870,871,872,873,426,425,378,1085
640,641,139,140,141,147,724,57,300,301,302,177,1075,632,633,634,635,636,637,638,639
1036,716,912,913,210,723,982,350,863,351,313,879,753,949,761,764
196,389,710,711,135,829,206,848,208,403,468,150,471,472,984,985,797,416,420,754,53,55,380,381,191
1031,519,265,401,723,1048,858,27,220,28,670,669,672,671,866,486,487,621,942,879,753,435,760,121,763,126
265,1048,220,669,670,671,672,995,807,808,621,431,496,113,435,628,121
64,192,258,66,583,328,336,152,357,294,173,948,245,566,312,60,61
700,836,841,715,718,850,851,469,534,216,90,859,794,795,221,287,998,42,309,501,1020,894,447
257,132,198,904,712,267,1038,1041,402,1044,534,1047,473,730,95,96,678,42,491,492,682,238,436
256,384,390,143,464,465,466,467,276,468,285,482,237,749,111,241,242,116
192,258,583,200,328,336,849,1046,855,1053,312,613,357,1003,364,173,431,1009,434,1011,948,374,950,566,60
322,394,340,344,345,346,347,348,349,40,170,108,109,812,178,1079,315
394,340,277,344,345,346,347,348,349,799,801,170,108,109,812,178,1079
322,394,340,344,345,346,347,348,349,40,170,108,109,812,178,1079,315
394,340,344,345,346,347,348,349,799,800,170,108,109,812,178,1079,315
322,327,394,340,344,345,346,347,348,349,40,170,108,109,812,178,1079,315
768,770,453,774,787,788,917,789,985,353,423,424,425,426,499,376,377,378,252,254,767
768,769,770,453,776,781,766,212,918,984,985,868,869,872,425,426,873,499,378,765,254,767
960,130,963,511,973,980,86,87,88,992,736,162,994,1058,418,249,874,363,366,112,1017,1018,510,127
132,967,459,399,535,727,536,537,538,609,162,935,936,937,938,309,248
386,323,389,200,652,848,594,595,723,725,1046,924,925,867,739,613,741,490,239,753,754,881,374,764
129,644,972,398,911,910,336,339,1048,730,546,803,932,1061,933,804,548,235,305,248,61
647,520,714,971,970,651,656,658,660,668,733,287,1056,805,999,744,690,691,699,694,697,1083,700,957,447
573,902,586,396,1036,588,844,337,722,791,792,153,732,926,863,864,33,760,880,949,629,630,888,761,379,381,574
641,515,516,140,724,300,301,176,626,757,758,759,632,633,634,635,638,639
640,641,515,517,460,141,724,299,301,302,626,756,757,632,633,634,635,636,637,638,639
897,71,72,520,659,279,280,472,729,158,287,42,46,687,52,884,182,183,700,447
642,132,517,261,1030,7,393,1031,1041,977,18,20,344,857,987,990,735,359,40,42,114,883,757,1079,698
843,531,532,533,86,87,600,33,610,681,553,556,557,878,687,558,561,498,182,1019,700,575
449,265,401,1048,220,669,670,671,672,621,496,113,435,628,121,570
517,394,340,277,724,344,345,346,347,348,349,606,607,161,635,170,299,108,109,300,175,178,883,1079,315,638
512,832,386,323,385,389,203,912,529,594,1043,595,723,923,866,867,553,681,687,239,753,118,119,763,189,575
705,706,707,708,68,70,585,1034,337,23,28,862,37,429,496,49,497,438,54,760,441,380,701,446,703
0,1,2,4,8,9,10,13,341,215,24,25,26,91,860,93,172
322,394,340,344,345,346,347,348,349,799,40,170,108,109,812,178,1079
394,780,340,344,345,346,347,348,349,798,799,800,801,170,811,108,109,812,178,1079
387,1028,266,718,274,403,855,282,995,997,1001,490,555,300,431,367,951,434,1074,372,374,950,830
963,964,965,272,83,84,85,86,87,88,89,97,98,99,100,101,232,939,366
640,641,516,517,139,140,335,147,349,57,34,35,175,177,179,756,757,633,634,635,637
385,389,902,1033,1034,1036,464,721,337,981,23,855,862,864,865,806,1069,751,1074,949,760,189,191
1,8,9,10,11,273,17,24,25,480,484,485,489,171,172,813,110,115
318,453,774,783,784,786,917,985,353,423,424,425,426,499,316,376,377,378,252,317,254
318,453,774,455,456,782,783,784,785,786,917,353,423,424,425,426,376,377,378,252,317,254
836,453,964,782,783,784,785,786,917,353,422,423,424,425,426,375,376,377,378,252,253,318
768,769,318,453,782,783,784,785,786,917,985,353,423,424,425,426,375,376,377,378,252,254
896,768,769,322,772,773,774,453,776,841,770,327,344,217,218,345,287,40,375,377,378,251,447
768,769,770,453,781,766,212,918,215,984,985,214,868,869,872,425,426,377,378,765,254,767
768,769,770,964,453,776,212,918,214,984,985,861,868,869,422,872,425,426,377,378,765,254,767
512,329,332,396,398,529,531,532,533,600,33,39,40,681,553,556,687,498,947,886,55,54,1019,575
453,1084,784,917,918,919,984,985,860,222,353,354,868,423,424,811,812,377,316,317,318
128,129,3,710,203,972,398,14,529,533,94,803,548,549,804,935,106,427,370,371
256,385,386,323,389,149,730,989,1061,236,111,751,241,242,118,119,1078,189,190
256,385,386,389,149,285,865,237,111,751,241,118,119,1078,189,190
322,394,340,344,345,346,347,348,349,800,40,170,108,109,812,178,1079
514,393,457,75,334,275,917,726,216,539,225,290,226,228,613,231,167,361,234,426,42,233,303,1013,956
832,65,1036,652,912,401,337,596,597,23,350,351,546,547,548,549,803,753,564,949,445,446
1029,1030,645,712,1032,1031,1037,975,976,474,858,1052,990,1001,1066,1067,814,431,817,818,819,820,821,1009
388,5,518,519,645,591,592,975,849,340,288,352,486,487,1066,430,369,503,504,1023
1025,386,194,389,197,903,904,201,848,924,925,416,417,867,739,741,1061,1060,740,750,754,755,62
1025,837,903,904,796,797,416,417,1057,673,1064,684,239,881,886,54,758,571,572,699
1025,903,904,22,796,797,416,417,1060,1061,1062,1064,684,942,239,881,886,54,571
1025,902,903,904,722,796,797,416,417,1064,239,887,881,888,949,886,759,758,761,571
257,134,79,659,729,90,411,92,412,293,39,40,42,236,240,306,118,1014,120,569,63
645,391,712,526,400,402,22,474,95,928,96,678,1001,682,1068,1004,1005,367,1006,1007,1010,1013
1025,902,711,721,722,854,730,602,603,476,477,478,479,604,673,416,417,1060,742,684,368,886,888
954,1032,969,1036,396,975,976,273,210,27,28,29,30,286,672,669,940,941,621,496,113,1080,121,570,955
711,854,602,603,604,476,477,478,479,1051,742,684,368,310,828,959
519,712,1037,656,474,156,1052,608,611,1066,1067,1068,1004,1005,113,1010,1013,693,374,696,699,125,1022
129,644,902,648,398,910,528,911,339,147,1048,416,33,548,1061,933,932,235,305,248,571,61
642,267,1041,914,279,153,794,795,155,154,283,796,867,759,748,1069,560,886,567,568
832,1036,716,652,912,401,210,723,596,597,598,599,925,350,351,863,33,313,753,564,949,887,761,570
474,995,807,808,1001,1002,1003,1004,1005,1006,431,1007,1009,1010,1011,1008,1068,1013,1015,1016
135,776,777,829,845,206,918,984,281,985,860,861,222,420,870,426,1073,314,1084,1085
640,641,515,516,140,461,724,300,301,626,757,632,633,634,635,636,637,638,639
640,641,516,139,140,461,335,724,57,34,35,301,177,50,179,756,757,633,634,636,637
385,386,323,389,837,145,149,730,989,416,1061,942,111,241,242,118,119,1078,189,190
256,385,386,323,389,149,730,989,1060,1061,942,111,241,242,118,119,1078,57,189,190
256,385,386,323,389,149,534,730,1061,107,237,111,241,689,118,119,1078,189,190
640,641,516,139,140,717,147,57,301,175,176,177,179,756,757,759,633,635,639
641,516,139,140,717,335,147,57,34,35,301,176,177,179,756,757,759,633,634,635,639
832,642,969,1036,398,975,976,912,862,863,864,33,1057,673,684,760,1076,949,758,887,1080,761,570,62,831
514,515,392,137,393,203,140,146,555,301,626,1075,633,634,635,638,639
897,71,72,73,520,79,659,212,279,280,158,287,743,42,687,52,182,183,700,63,447
449,833,450,965,519,648,329,332,27,28,220,1054,669,672,929,291,103,621,175,435,437,1081
322,836,132,134,772,327,841,852,853,214,406,344,345,986,346,347,613,422,870,40,425,233,43,432,186,1020,1085,446
512,1088,771,836,701,779,527,214,407,919,729,861,353,1065,747,556,558,878,46,561,1013,824,186,1020,445,446
960,961,6,968,511,974,980,408,88,1050,410,605,542,992,736,98,1058,97,99,934,1017,1018,508,127
960,961,967,586,653,654,661,662,992,736,418,419,1058,874,1017,1018,511
448,459,1036,396,893,909,908,983,30,608,864,356,433,497,436,1077,949,885,760,889,890,761,892,1021,125,831
10,11,81,17,273,24,25,480,484,485,489,171,172,813,110,115
960,961,966,586,654,661,662,991,992,736,418,419,1058,609,874,1017,1018
515,203,140,909,143,469,534,92,285,221,481,356,1063,106,107,811,942,433,626,243,436,122,123
576,577,578,579,580,581,834,401,403,23,282,862,674,554,306,438,441,891,893
968,973,974,271,272,84,85,408,409,88,540,99,100,101,934,551
386,200,1033,1034,715,1035,849,404,1046,855,796,865,613,1001,490,555,1003,1069,759,1009,434,951,1074,374,950,568
585,459,80,1021,790,926,414,415,932,615,616,631,497,630,247,444,573,446,445
193,203,205,145,148,30,352,33,356,106,107,433,243,436,502,122,123
257,71,75,79,90,92,158,159,160,293,39,40,42,46,306,307,52,569,63
203,1036,205,145,401,155,220,30,863,864,33,356,106,107,496,433,243,436,885,502,760,889,123
384,256,390,143,464,465,466,467,468,276,285,482,237,241,242,116
776,777,779,845,1085,917,918,984,985,281,860,861,222,354,870,316,377,314,1084,317
776,777,779,845,1085,918,984,985,281,860,861,222,354,870,1073,316,314,1084,317
200,458,527,404,853,986,676,677,998,1001,1003,1068,814,1006,432,1009,815,817,820,309,821,823,826
324,395,204,334,209,224,163,164,165,166,36,168,169,943,624,945,625,944,1082
71,72,73,74,158,159,160,46,688,307,52,308,310,55,120,59
260,644,966,967,905,971,655,727,537,609,355,931,933,358,935,936,937,938,246
257,711,659,854,602,603,476,604,477,478,479,673,742,684,368,565,959
256,384,389,464,465,466,467,468,276,285,482,620,237,241,242,116
968,973,974,271,272,84,85,408,409,540,99,100,101,934,551,365,238
192,258,583,328,336,152,735,357,294,173,948,245,566,247,312,443,60,445,446
1,9,10,11,273,17,81,480,484,485,489,171,172,813,110,115,371
963,845,275,918,88,281,985,860,861,224,225,161,228,102,488,233,495,1073,375,1081
256,384,389,390,464,465,466,467,468,276,285,482,237,241,242,116
256,384,143,464,465,466,467,468,276,404,285,482,237,241,242,116,118,568
384,256,390,464,465,466,467,468,276,285,482,237,241,242,116
260,644,966,967,905,399,535,727,536,538,475,609,418,931,933,105,938,874,249
833,449,450,518,519,329,332,333,401,220,1054,289,291,437,1081,1023
960,641,584,648,528,1042,724,605,606,607,619,174,175,176,626,371,1012,883,633,637,638
131,452,965,6,67,268,272,918,408,409,857,987,858,859,98,930,99,934,551,180,181,117,1080,126,1087
389,902,331,1036,78,337,721,593,913,469,534,664,665,1048,987,28,862,33,552,760,496,372,949,888,379,381
394,340,344,345,346,347,348,349,801,170,108,109,812,176,178,1079
382,1028,267,331,78,338,147,154,927,35,300,1070,177,50,372,311,56,57,381,830
642,7,712,526,400,402,862,95,96,929,735,613,678,359,935,682,107,106,367,114,243,53
832,323,652,914,531,532,533,1043,599,600,922,923,350,737,547,549,553,681,687,498,1019,575
1024,132,648,584,328,203,265,1038,528,401,1042,533,598,599,220,733,670,33,929,803,804,174,627,628,566,1081
451,454,136,264,266,397,15,913,274,282,27,154,29,30,286,33,745,41,43,428,492,496,500,187
384,256,389,390,464,465,466,467,468,285,482,237,241,242,116
1025,642,903,904,1033,1034,713,1035,207,849,855,796,797,416,417,1062,1064,239,881,1074,886,759,571,191
640,641,193,1027,460,461,724,153,34,483,250,299,300,236,50,381,311,632,633,634,636,637,639
576,577,834,579,580,581,578,3,840,274,403,23,282,674,554,306,438,441,891,893
768,453,454,455,456,782,783,784,785,786,917,353,423,424,425,499,375,376,377,378,252,253,767
769,453,454,455,456,776,782,783,784,785,786,917,985,219,353,424,425,499,376,377,378,252,767
768,770,453,454,455,456,776,782,783,784,785,786,917,353,423,424,425,426,499,376,377,378,254,767
768,770,453,454,455,456,776,782,783,784,785,786,985,353,424,425,426,499,375,376,377,378,254,767
385,193,389,7,848,720,665,796,221,1053,738,739,740,613,490,364,1069,685,751,568,61,62
514,392,393,137,139,138,140,141,460,146,35,301,302,177,50,756,57,635,638,639
768,769,770,131,261,262,906,142,213,1045,919,1047,153,917,155,226,552,424,106,491,241,628,117,253,126
960,961,963,6,968,973,83,86,87,88,89,1050,992,97,98,101,934,939,366,304
194,387,200,1033,1034,906,849,1046,471,855,153,440,1001,490,555,364,1069,759,434,1074,371,373,950,374,568,381
1025,386,389,903,904,848,723,725,730,924,925,416,867,739,1060,1061,741,740,750,881,754,755,753
391,526,15,400,402,22,95,96,481,802,928,367,243,244,122,123,188,382,383
768,769,770,453,774,781,766,212,917,984,985,219,222,353,868,425,426,499,377,378,252,765,254,767
449,450,642,833,5,518,134,198,519,333,1054,288,289,803,291,491,1015,437,310,1013,1023
390,135,904,394,206,143,1042,469,534,984,985,224,163,356,420,1061,942,111,116,829
79,279,90,411,92,412,158,159,287,160,157,614,42,46,687,307,52,447
640,641,515,516,140,461,301,626,757,632,633,634,635,636,637,638,639
384,256,390,464,465,466,467,468,276,285,482,237,241,242,116
391,712,526,15,400,402,22,95,96,928,37,678,682,367,243,123,382
263,202,11,14,273,342,26,283,413,288,545,229,38,230,104,231,997,165,748,942,371,1013,1014
1032,1033,1034,265,1036,976,337,1048,858,220,669,670,671,672,865,807,552,621,496,113,628,1077,121,570,379
641,1029,1032,1033,1034,265,1036,976,401,1048,858,220,669,670,671,672,552,621,496,113,628,1077,570,1080,121,698
388,5,518,519,645,288,929,486,487,1066,1003,430,369,1009,1013,1014,503,504,1023
2,4,11,13,81,17,273,341,24,25,26,91,93,484,485,171,172,813
843,716,717,462,147,920,1051,349,34,611,683,556,557,878,175,560,177,562,563,758,759
391,712,526,400,402,22,95,96,928,481,678,682,367,243,244,382
1089,1090,388,645,518,519,712,329,202,332,1037,273,474,288,929,930,484,486,487,1066,1003,430,1009,1013,503,504,1081
1090,388,645,518,519,712,329,202,332,975,273,474,1052,288,929,930,484,486,1066,1003,685,430,1009,503,1081,1023
385,452,717,527,400,1042,216,408,409,987,796,735,928,802,676,677,678,551,682,367,180,181,759,383
200,1033,1034,1035,203,849,468,404,1046,855,865,1001,490,364,1069,1009,434,951,1074,950,759,568
1025,194,643,389,903,904,207,148,149,150,284,352,416,417,740,741,1061,748,749,750,751,752,755
384,256,389,390,464,465,466,467,468,276,285,482,237,241,242,116
324,457,395,204,334,209,275,163,164,165,166,168,169,943,303,945,947,1082
324,457,395,204,334,209,275,36,164,166,295,167,165,168,303,944,943,624,625,947,1082
324,457,204,334,209,275,539,164,36,166,295,165,303,945,947,1082
324,457,395,204,334,209,275,36,166,295,167,168,622,303,943,944,624,625,1082
324,457,395,204,334,209,275,539,36,164,166,167,303,624,625,947,1082
324,457,395,204,209,275,343,539,164,36,166,167,168,169,233,303,1013
193,203,145,148,149,150,155,284,352,356,740,741,106,107,748,747,750,749,751,752,755,436
384,256,385,390,464,465,466,467,276,468,284,285,482,749,237,241,242,116
193,389,903,522,148,149,150,151,862,352,740,741,1061,1060,747,748,749,750,751,752,755,191
384,256,390,464,465,466,467,468,276,285,482,236,237,241,242,116
836,841,1041,90,411,412,92,157,159,287,614,743,42,46,687,52,59,1020,447
640,641,138,460,461,141,140,724,21,57,301,302,177,50,1075,756,757,632,633,635,636,637,638,639
513,716,590,591,592,593,912,210,723,600,665,922,923,924,925,350,863,351,550,313,941,753,761,955
707,1042,917,726,984,985,861,30,481,226,290,122,360,361,234,426,425,689,499,243,502,183,378,123,956
64,1088,258,259,68,69,328,336,337,1042,31,735,743,429,173,51,948,245,950,312,60
71,72,73,74,158,159,160,42,46,688,307,308,52,310,120,59
963,271,272,83,84,85,86,87,88,89,97,98,99,100,101,934,939,366
963,271,272,83,84,85,86,87,88,89,97,98,99,100,101,934,939,366
963,271,272,83,84,85,86,87,88,89,97,98,99,100,101,934,939,366
0,1,2,4,8,9,10,13,341,24,25,26,91,474,93,172,54
193,197,903,711,904,848,148,150,471,472,151,352,416,739,740,741,748,749,750,751,755,191
903,711,904,848,148,150,471,472,151,796,797,352,416,739,740,741,1061,747,748,749,750,751,755
193,197,903,711,904,848,148,150,471,151,797,352,416,739,740,741,748,749,750,751,755,191
576,577,578,579,580,581,388,648,528,23,1048,858,926,33,674,929,503,554,880,887,1080,570,574
576,577,578,579,580,581,388,648,1036,528,23,793,858,926,929,674,503,554,880,887,1080,570
322,327,847,211,277,1045,344,281,860,223,227,228,870,40,233,170,812,493,494,315,1085
576,577,578,579,580,581,388,648,588,528,23,793,858,926,929,674,554,1003,880,1009,887,570,574
576,577,578,579,580,581,586,588,978,979,23,732,733,926,674,554,506,570,508,574
586,844,588,846,791,792,793,732,605,926,880,629,630,631,573,574
586,844,588,846,910,791,792,793,732,926,880,629,630,631,573,574
580,586,907,588,1036,908,909,792,793,858,732,28,926,672,674,1071,880,496,305,1077,1078,887,121,443,1022
71,279,90,411,412,92,157,287,160,159,611,614,42,46,52,182,183,59,447
581,968,586,907,908,588,1036,909,210,339,1022,1048,858,28,926,97,98,934,1071,880,304,496,1077,885,1080,574
12,206,16,848,534,150,151,22,154,797,863,416,417,739,356,867,292,684,236,754,436,1013
960,961,580,581,654,978,979,980,23,736,992,554,505,506,1017,1018,507,508,509,510,511
960,961,1018,509,653,654,978,979,980,541,542,992,505,506,507,1017,510,511
960,961,509,653,654,978,979,980,541,542,992,506,505,1018,507,508,1017,510,511
960,961,580,581,654,978,979,980,23,733,992,736,874,554,506,505,1018,507,508,1017,511
449,450,833,518,519,329,332,333,1054,288,289,291,437,1023
960,961,653,654,978,979,980,542,992,736,1000,505,431,506,1017,1018,507,508,509,510,511
960,961,518,978,979,980,542,991,992,994,995,807,1000,808,431,1011,1016,1017,1018,507,509,510,511
960,961,654,978,979,980,991,992,994,995,807,1000,808,431,1015,1017,1018,507,508,509,510,511
960,961,579,580,581,653,654,978,979,980,23,992,736,874,554,505,506,1017,1018,508,509,510,511
384,256,386,390,143,464,465,466,467,276,209,468,285,482,237,749,241,242,116
512,323,899,900,649,589,1039,1040,1041,657,1043,916,728,731,553,681,683,940,687,886,893,575
320,321,322,325,326,327,521,523,76,77,144,40,875,876,877,319
0,1,448,8,9,10,11,17,273,91,484,485,489,171,172,813,110,115
902,711,716,721,722,854,730,602,603,476,673,1060,1061,742,1064,684,942,368,949,886,887,888,761,831
576,577,578,579,580,581,582,586,588,846,23,732,606,607,992,674,616,554,880,574
711,854,471,22,153,154,602,476,603,604,477,478,797,742,684,368,959
576,577,578,579,388,581,580,648,586,528,401,858,929,674,554,430,880,1009,503,570,574
711,854,22,153,154,602,476,603,604,477,478,673,797,742,684,368,959
711,854,151,22,153,154,602,476,603,604,477,478,797,742,684,368,959
576,577,578,579,580,581,388,648,586,528,858,926,929,674,554,430,880,1009,503,570,574
576,577,578,579,580,581,832,586,588,401,210,596,597,23,863,674,554,564,887,761,570
389,711,468,854,602,603,604,476,478,673,1060,1061,742,684,942,368,242,118,119,699,189,190,959
389,711,468,854,602,603,604,476,478,673,1060,1061,742,684,368,242,118,119,699,189,190,959
711,717,854,602,603,476,477,478,604,796,673,797,734,742,684,368,692,886,759,568,959
1089,388,645,5,712,1037,402,1052,288,545,676,677,1066,1067,1068,1004,817,818,1010,1013,1023
457,395,275,213,1045,278,344,345,346,277,347,861,539,225,228,167,488,233,812,108,303,178,314,315
446,844,588,846,791,792,793,732,926,607,880,629,630,631,573,574
586,844,588,846,911,791,792,793,732,926,607,619,880,629,630,631,573,574
833,449,450,518,519,329,332,333,1054,288,289,291,437,1081,1023
446,586,459,844,588,846,791,792,793,732,926,619,880,629,630,631,573,574
586,844,588,846,791,792,793,732,926,414,938,619,880,629,630,631,1080,573,574
446,586,844,588,846,791,792,793,732,926,619,880,629,630,631,573,574
586,844,588,846,911,791,792,793,732,926,607,619,880,629,630,631,573,574
704,586,844,588,846,791,792,793,732,220,926,414,938,619,880,630,631,1080,573,574
260,966,967,905,661,662,535,727,537,538,609,931,355,933,358,935,936,937,938,874,246
968,973,974,271,272,84,85,408,409,540,99,100,101,934,551,365,238
960,961,653,654,911,661,541,542,991,992,544,736,543,994,993,607,1000,874,1017,1018
960,961,653,654,541,542,991,544,992,994,543,993,1000,874,619,1017,1018
847,211,340,344,345,346,347,349,223,227,228,40,233,170,812,493,494,108,178
960,961,653,654,662,541,542,991,992,993,994,544,543,1000,874,627,1017,1018
193,387,266,274,403,474,282,284,156,94,735,867,741,809,490,748,49,306,373,374,438,441
960,961,966,653,654,661,662,991,736,992,994,1059,419,609,418,1058,874,1017,1018
193,259,264,393,202,395,720,209,405,343,735,930,165,679,296,169,168,236,685,754,61,127
512,129,385,323,196,389,520,208,529,530,274,531,533,729,730,29,33,867,549,106,427,42,751,239,370,700
577,1090,323,578,389,134,579,452,648,529,530,928,929,802,803,804,549,33,1001,42,427,370,1014,55,700
446,586,459,844,846,791,792,793,858,732,926,415,674,880,629,630,631,573,574
843,610,611,612,683,556,557,878,559,558,561,562,563,560
832,835,764,713,1039,1040,207,594,595,596,597,598,599,912,913,723,416,1057,239,881,753,313,571,572
843,651,610,611,612,683,556,557,558,878,559,561,562,563,560
843,1043,610,611,612,683,556,557,878,559,558,561,562,563,560
843,988,610,611,612,683,556,557,878,559,558,561,562,563,560,890
843,610,611,612,683,556,557,558,878,559,561,562,563,560,747
512,899,589,1039,1040,1041,719,1043,915,916,728,611,553,683,687,560,882,697,891,575
843,1043,610,611,612,683,556,557,878,559,558,561,562,563,560
843,988,610,611,612,683,556,557,878,559,558,561,562,563,560,890
843,610,611,612,683,556,557,558,878,559,561,562,563,560,747
193,259,263,264,393,202,395,720,209,405,343,735,930,165,679,296,169,236,685,754,61,127
834,843,610,611,612,680,683,556,557,878,559,558,561,562,560,563,941,687
836,843,663,667,610,611,612,683,556,557,878,558,559,561,562,563,560,885
192,513,590,591,592,593,600,664,665,922,923,924,925,546,547,548,550,941,955
513,590,591,592,593,600,601,922,923,664,925,665,924,546,548,549,550,940,941,953,954,955
192,513,590,591,592,593,594,664,665,922,923,924,925,546,547,548,550,941,879,955
513,590,591,592,593,600,665,922,923,924,925,664,546,547,548,549,550,941,955
513,590,591,592,593,600,601,922,923,664,925,665,924,546,547,548,549,550,940,941,953,954,955
832,513,590,591,592,598,599,600,664,922,923,924,925,665,350,737,546,547,548,549,550,940,941,953,954,955
832,513,716,590,591,592,598,600,601,922,923,924,925,350,737,546,547,548,549,550,940,941,953,954,955
513,590,591,592,593,600,601,922,923,664,925,665,546,547,548,549,550,941,953,954,955
1024,324,395,204,334,79,720,209,404,405,90,92,930,166,296,492,685,947,828
200,404,405,1046,855,1001,1068,1004,1006,1005,1007,1008,1010,434,432,374,118,250,828
966,967,654,727,535,536,537,538,609,355,933,935,936,937,938,619
966,967,584,654,535,727,536,537,538,609,994,933,935,936,937,938,627
966,967,584,654,535,727,536,537,538,609,994,933,935,936,937,938,627,1012
260,966,967,584,535,727,536,537,538,609,355,933,358,935,936,937,938
590,591,592,600,601,922,923,925,546,548,550,940,941,693,953,954,955
512,899,836,647,714,589,1041,658,1043,663,667,731,612,553,170,683,687,560,885,575
513,590,591,592,593,596,597,600,664,922,923,924,925,665,546,547,548,549,550,940,941,953,954,955
256,384,389,464,465,466,467,468,276,471,472,285,482,620,237,1069,241,242,116,568
386,389,198,1033,1034,1035,471,472,473,154,855,797,862,865,738,356,293,806,1063,490,620,1069,1074,951,568
832,709,593,210,723,145,982,664,665,351,863,866,879,753,761,313,762,763,764
709,593,210,723,145,595,982,664,665,351,863,866,37,879,753,761,313,762,763,764
709,593,210,723,145,595,982,913,664,665,863,351,866,879,753,761,313,762,763,764
704,709,593,210,723,145,595,982,664,665,351,863,866,879,753,760,761,762,763,764
709,593,210,723,145,595,982,664,665,863,351,866,879,753,761,313,762,763,764
640,641,515,516,140,461,335,626,632,633,634,635,636,637,638,639
640,641,515,516,140,461,335,300,626,632,633,634,635,636,637,638,639
640,641,515,139,140,461,460,335,141,57,301,302,626,632,633,634,635,636,637,638,639
129,902,201,1036,844,398,401,722,210,339,1048,28,926,863,606,33,546,548,496,305,564,949,630,760,570,379
642,514,199,200,395,204,973,974,405,534,214,417,934,169,620,238,751,944,624,373,374,1082,571
640,641,193,1027,515,461,403,724,153,34,483,300,236,50,381,311,632,633,634,636,637,639
644,966,967,584,586,588,910,911,654,339,609,994,419,932,933,938,874,305,627,1012,1018
513,590,591,592,593,600,601,922,923,665,925,664,546,548,549,550,941,953,954,955
835,647,650,714,652,716,912,656,914,658,915,725,916,723,596,597,731,924,351,737,805,744,761
386,389,1033,1034,534,471,855,473,154,865,738,356,740,806,741,1063,490,620,1069,750,1074,755,886,568
835,648,716,717,1036,913,594,595,596,597,598,599,914,797,286,1057,760,881,692,758,759,886
832,648,716,717,1036,912,594,595,596,597,598,599,914,753,758,759,886,761
832,648,716,717,1036,912,594,595,596,597,598,599,914,723,758,759,886,761
832,648,716,717,1036,912,594,595,596,597,598,599,914,723,758,759,886,761
192,513,590,591,592,593,594,595,664,665,922,923,924,925,546,548,550,941,955
192,709,648,716,593,594,595,596,597,598,599,725,664,665,866,103,879,239,759,762,763
320,321,322,325,326,327,521,76,77,144,875,876,877,319
192,709,648,716,593,594,595,596,597,598,599,725,664,665,866,103,879,239,759,762,763
446,459,212,918,919,984,985,860,353,868,869,870,871,872,873,425,247,1085,318,445
832,648,584,716,652,528,594,595,596,597,598,599,925,350,929,737,546,548,549,239,564,758,759
832,648,584,716,528,594,595,596,597,598,599,925,350,929,737,546,547,548,549,239,564,758,759
387,391,203,526,15,22,95,96,481,356,106,107,367,433,243,372,436,502,122,123
90,411,92,412,158,287,160,159,157,611,614,42,46,52,182,59,447
832,648,584,716,528,912,594,595,596,597,598,599,401,929,737,546,548,683,239,175,759
832,65,648,584,716,528,912,594,595,596,597,598,599,401,929,737,546,548,683,175,759
128,202,11,463,273,17,19,342,24,25,283,484,485,489,171,172,813,115,371,1013
843,668,610,611,612,683,556,557,558,878,559,561,562,563,560
512,836,589,1039,1040,1041,1043,915,663,600,728,667,612,553,683,687,560,885,575
1036,717,716,1021,1051,889,863,864,33,759,760,1076,949,885,887,1077,761,692,699,892,893,831
832,709,1036,912,145,210,723,982,351,863,866,879,753,949,1077,887,761,313,762,763,764,831
832,709,1036,912,145,210,723,725,982,863,351,674,313,687,879,753,949,1077,887,761,570,763,764,831
832,709,1036,912,401,210,723,982,351,863,866,313,879,753,564,949,887,761,763,764,62
832,643,1036,207,912,401,210,723,982,286,863,351,674,58,313,687,753,564,949,1077,887,761,570,764,62,831
647,649,651,719,657,658,915,660,916,663,728,666,667,668,731,675,680,686,694,695,697,698
899,900,647,649,651,657,658,915,660,916,1041,663,728,667,668,731,675,680,697,698,894
646,647,649,714,651,719,657,658,915,916,663,920,728,666,667,731,675,680,695,697,698
646,647,649,714,651,719,657,658,915,916,663,920,728,666,731,988,667,680,690,691,698
899,900,647,649,651,719,657,658,915,916,660,1041,663,920,728,666,667,668,731,691,697,698
1026,898,520,79,659,279,729,158,159,287,743,42,558,687,560,46,179,884,182,183,700,63,447
646,647,649,714,651,719,657,658,915,660,663,728,667,668,988,731,675,680,686,690,697,890
707,196,710,70,1036,396,206,976,208,210,863,864,33,608,165,371,53,949,1013,760,761,1014,379,380,381,62
582,966,905,586,587,588,844,661,662,791,793,926,992,609,418,419,874,619,880,497,627,249,574
576,577,578,579,580,581,585,330,459,80,414,415,674,615,616,554,247,445,446
960,961,653,654,541,542,543,992,544,994,991,993,1000,627,1017,1018
960,961,653,654,911,541,542,991,992,544,994,993,1000,874,627,1017,1018
837,711,903,717,914,855,730,989,416,673,1060,1061,1063,1064,809,684,942,692,886,54,568
647,651,719,657,658,915,660,663,920,728,983,667,668,731,675,680,686,693,694,695,696,697,698
834,646,647,649,651,719,657,658,915,660,663,728,667,731,610,675,680,686,693,694,695,697,698
647,840,1083,714,651,719,657,658,915,660,663,920,728,667,668,731,675,680,686,693,694,695,697,698,891
647,649,714,651,658,915,660,916,663,920,728,667,668,731,746,683,878,558,560,561,697,698
1026,646,647,649,714,651,658,915,660,916,663,920,666,667,668,999,744,746,683,560,697,698,890
647,649,651,658,915,660,663,920,728,667,668,731,675,680,746,683,556,558,878,560,693,697,698
66,451,259,263,264,393,7,15,18,274,986,27,282,29,30,735,286,164,1061,61,127
131,203,1036,205,80,145,401,30,286,864,33,352,617,618,106,107,45,433,436,949,247,1022
3,14,794,795,413,30,545,229,230,231,104,38,997,814,432,817,819,309,1014,823,824
3,14,794,795,413,30,545,229,230,231,104,677,38,997,814,432,817,819,309,1014,824
3,14,794,795,29,413,545,229,230,231,104,38,677,997,814,432,817,819,309,821,1014,824
647,711,650,651,716,914,658,722,725,663,667,863,675,680,1064,692,949,886,887,760,761,698,699,758,831
647,651,843,657,658,915,660,916,920,667,668,675,805,744,686,561,690,691,885,694,697,698
647,520,649,714,651,1034,971,657,658,915,660,920,728,667,668,988,731,805,744,690,691,697,698,1083
577,580,585,330,459,80,20,790,414,415,615,616,235,247,444,445,446
640,641,515,516,140,335,626,632,633,634,635,636,637,638,639
960,644,584,648,586,727,606,607,992,609,929,994,355,933,991,937,874,619,938,1012,1018
960,644,584,648,727,606,607,992,609,929,994,355,933,991,937,874,619,938,1012,1018
833,450,449,518,519,329,332,333,401,220,1054,671,289,291,437,1081,570,1023
65,388,645,648,584,716,528,339,596,597,598,599,595,607,929,674,486,103,487,1003,619,302,175,1009,503
3,14,18,20,413,545,676,677,229,230,231,997,38,235,814,816,817,818,819,820,821,1014,823,824,825,826
963,906,458,206,150,471,472,473,154,27,797,29,30,864,286,292,440,1064,364,1069,760,434,565,950,568,379
896,899,836,647,841,714,777,589,658,915,663,667,612,1065,885,697,1020,894,895
896,899,836,647,841,777,651,1041,915,1043,916,920,668,1065,746,683,557,560,563,698,1020,894,895
776,777,845,917,918,984,281,985,860,861,222,870,811,812,1073,377,314,1084,1085
320,321,322,325,326,327,521,522,76,77,525,144,875,876,877,319
320,321,325,326,327,521,522,523,524,76,77,525,144,875,876,877,319
320,321,322,325,326,327,521,522,523,524,76,525,77,144,227,875,876,877,319
832,194,835,764,713,716,1039,1040,207,594,595,596,597,598,599,533,912,913,723,1057,239,881,753,572
646,647,649,714,651,719,657,658,915,916,663,728,731,675,680,686,693,694,695,696,697,1083
647,714,651,657,658,915,660,916,663,920,728,731,668,675,746,683,557,687,560,563,697,698,1020
1025,902,711,1036,721,722,863,33,673,1060,1064,684,888,1077,54,887,760,889,949,761,893,831
646,647,649,651,590,719,657,658,915,663,728,731,667,675,680,686,693,694,695,696,697,698
1091,134,585,330,459,80,337,20,790,414,415,615,616,247,444,445,446
257,520,76,79,659,729,287,39,40,42,495,240,306,182,183,569,700,63,447
640,641,515,140,301,177,633,626,757,632,57,634,635,636,637,638,639
640,641,515,140,301,633,626,757,632,57,634,635,636,637,638,639
388,5,518,519,645,975,288,929,486,487,1066,430,369,1009,1013,1014,503,504,1023
647,649,651,719,657,658,915,660,916,663,728,667,668,731,675,680,686,694,697,698,1083
647,649,651,719,657,658,915,916,660,663,920,728,667,668,731,675,680,697,698,1083
1036,717,1021,692,1051,796,889,863,864,568,759,699,1076,949,1077,887,760,761,758,885,892,893
836,647,649,714,651,719,657,658,915,660,916,663,920,728,667,668,731,675,680,686,694,697
832,65,650,652,1038,912,914,596,725,597,598,599,925,350,286,737,803,804,549,547,999,548,687,564
527,676,677,814,815,816,817,818,819,820,821,823,824,825,826
582,966,586,587,588,844,846,791,792,793,732,926,609,933,880,629,573,574
193,1033,1034,1035,468,1046,471,472,473,855,796,862,865,292,613,806,555,364,1069,434,1074,565,950,759,568
832,1036,717,716,1021,1051,889,863,864,759,1076,949,1077,887,760,761,885,692,892,893,831
206,463,468,471,472,473,154,151,604,797,864,292,364,1069,174,434,565,757,54,568,124
206,463,468,471,472,473,154,151,604,797,864,292,364,1069,174,434,565,54,568,124,253
206,463,468,471,472,473,602,154,603,604,797,157,292,364,1069,174,565,757,54,568,124
212,918,919,984,985,860,353,868,869,870,871,872,873,425,426,812,378,1085,318
717,468,22,471,472,473,602,154,603,797,153,796,864,734,292,1069,565,759,568,699
900,839,1036,717,796,797,889,863,864,734,568,759,699,1076,885,692,887,760,761,890,54,892,893,831
702,468,341,471,472,473,154,602,603,604,477,478,62,26,292,492,1069,368,565,54,568,574
1024,324,204,1038,79,343,411,412,92,158,159,160,39,40,42,46,124,688,307,308,310,120,828
320,321,325,326,327,521,523,76,525,77,524,144,875,876,877,319
836,647,714,651,657,658,915,660,663,920,728,667,731,675,680,686,693,694,695,697,698
647,650,716,717,656,849,914,797,734,864,1064,760,692,761,758,759,886,697,699,831
704,705,706,707,708,70,80,337,865,37,429,496,760,444,380,701,702,703
900,839,840,893,1051,863,611,882,1076,1077,885,889,890,891,892,1021
1027,902,70,331,78,337,150,857,153,221,862,863,33,865,37,1070,760,949,311,888,761,379,380,381,62
704,705,706,707,708,446,70,80,337,37,429,497,247,760,380,701,702,703
704,705,706,707,708,573,70,80,337,543,995,37,429,1006,760,380,701,702,703
272,958,917,726,20,29,226,290,230,231,360,425,234,426,233,1008,499,1013,310,62,1081,378,956,254
640,641,515,140,301,633,626,756,757,632,57,634,635,636,637,638,639
640,641,515,140,301,177,633,626,757,632,57,634,635,636,637,638,639
1025,902,903,904,1036,721,722,730,220,863,416,33,673,417,1060,684,879,1076,564,1077,887,760,888,761,886
902,1033,1034,1035,1036,337,981,855,858,862,863,735,865,552,1001,490,1069,496,1074,951,760,379,381
902,1033,1034,1035,1036,337,981,855,858,862,735,864,865,552,1001,490,1069,496,1074,951,760,379,381
1091,1029,1030,1031,1032,585,458,330,1033,969,976,669,672,998,1001,1003,432,1009,370,435,309,247,442,445,446
646,647,649,714,651,719,657,658,915,660,916,663,920,728,666,667,668,731,988,697,698
646,647,649,714,651,719,657,658,915,916,663,920,728,666,667,668,731,675,680,686,697,698
897,898,901,838,842,589,922,923,805,744,553,940,687,752,690,691,884,886,889,890,955,1021
897,898,901,838,842,589,703,922,923,805,744,553,940,687,690,691,884,886,889,890,1021,575
897,898,901,838,842,589,703,1043,923,805,744,553,940,687,690,691,884,886,889,890,1021,575
843,651,920,668,610,611,612,683,556,557,878,558,560,561,562,559,563
388,5,518,645,648,288,929,486,487,1066,1003,749,430,369,1009,503,504,1023
194,643,195,837,197,201,1036,848,730,989,739,1060,1061,356,1063,809,942,886,759,54,571
640,641,515,516,140,461,34,301,633,626,632,57,634,635,636,637,638,639
449,265,401,1048,220,669,670,671,672,621,431,496,113,435,628,121,570
265,401,1048,220,669,670,671,672,28,808,621,496,113,435,628,121,570,1081
449,265,401,1048,220,669,670,671,672,28,621,496,113,49,435,121,570
449,265,401,1048,220,669,670,671,672,28,621,496,113,435,628,121,570
519,265,329,401,1048,220,669,670,671,672,28,621,496,113,435,628,1016,121,570
963,965,6,973,974,83,84,85,86,87,88,89,1050,97,98,99,100,101,939,255
640,641,515,516,140,301,177,633,626,759,632,57,634,635,636,637,638,639
640,641,515,140,301,177,633,626,759,632,57,634,635,636,637,638,639
899,900,646,647,649,714,651,719,657,658,915,660,916,1041,663,920,728,666,667,668,731,697,698
960,961,963,964,6,968,271,84,85,87,88,89,409,540,992,99,100,101,551,232,939,366
193,1025,194,903,904,711,148,149,150,284,352,416,417,740,741,1061,747,748,749,750,751,755,759
644,582,966,584,905,586,587,588,844,846,791,792,793,926,609,938,880,627,629,1018,574
676,677,814,815,816,817,818,819,820,821,823,824,825,826
676,677,814,815,816,817,818,819,820,821,823,824,825,826,827
968,586,907,396,909,908,588,973,974,401,1022,732,540,926,934,1071,304,570,117,247,121,126,446
322,772,781,782,783,784,785,786,787,788,789,344,345,798,799,800,801,375
834,900,839,893,983,600,863,882,1076,885,1077,889,890,891,892,1021
834,900,839,840,1021,983,863,610,680,882,1076,1077,885,889,890,891,892,893
768,769,770,772,773,774,453,781,784,917,344,217,218,424,425,426,375,376,377,252,765,766,767
900,839,843,893,983,1051,988,863,559,562,882,1076,1077,885,949,761,889,890,891,892,1021
193,642,198,720,336,405,343,930,679,296,169,492,685,173,943,624,625,945,944,948,566
193,642,198,328,720,336,405,534,1047,343,930,357,679,296,492,685,173,943,945,625,948,566
834,900,839,840,719,1021,983,611,553,882,1076,1077,885,889,890,891,892,893
193,642,198,720,336,405,534,343,930,867,679,296,169,492,685,173,944,945,625,948,566
900,646,839,714,893,658,915,983,1051,863,559,882,562,1076,1077,885,949,889,890,892,1021
899,900,839,649,1036,893,657,1041,983,728,731,863,1076,1077,885,949,889,890,892,1021,894,575
899,900,839,649,1036,893,657,1041,983,728,731,863,1076,1077,885,949,889,890,892,1021
446,586,588,844,846,791,792,793,732,926,674,994,938,880,629,631,573,574
837,711,903,730,989,416,673,1060,1061,1063,1064,809,568,684,942,692,886,758,54,441
446,586,459,844,588,846,791,792,793,732,926,938,880,629,630,631,573,574
577,578,131,132,580,134,70,585,459,1038,674,803,804,931,615,616,617,618,45,1008,628,247,1081,445
836,453,841,781,782,783,784,785,786,787,788,789,799,800,801,422,424,375
322,772,781,782,783,784,785,786,787,788,789,344,345,798,799,800,801,375
769,770,836,841,781,782,783,784,785,786,787,788,789,798,799,800,801,422,375
769,836,841,781,782,783,784,785,786,787,788,789,799,800,801,422,375,252,767
772,773,774,453,781,917,344,217,218,346,860,861,345,347,422,424,40,375,377,314,252,765,766
1025,709,902,903,904,1036,721,722,730,863,416,33,673,417,1060,684,879,564,1077,54,887,760,888,886
647,714,651,657,658,915,916,660,663,920,667,668,805,807,744,746,560,690,691,697,698
768,769,770,771,772,773,774,453,781,917,217,281,218,861,422,425,378,375,377,314,766,767
768,769,770,771,772,773,774,453,781,917,217,218,861,422,424,375,377,314,252,765,766,767
768,769,770,771,772,773,774,453,781,917,344,217,218,345,861,422,424,40,1072,375,377,314,252,767
768,769,770,771,772,773,774,453,776,841,781,217,218,422,424,375,377,252,765,766,767
391,331,78,848,338,147,471,927,35,739,555,1069,1070,177,50,179,372,311,568,57,382
194,195,197,1033,1034,459,1036,396,201,848,337,981,855,862,865,739,552,1074,949,247,62,445,446
768,769,770,772,773,774,453,776,781,217,218,422,424,425,426,375,377,378,252,765,766,767
768,769,770,772,773,774,453,781,784,917,217,218,860,861,422,424,375,377,252,765,766,767
769,772,773,774,453,781,917,344,217,218,346,345,861,347,422,424,40,1072,375,377,252,767
835,647,520,652,1038,656,658,660,725,980,663,23,668,733,605,1056,675,1070,699,627,507,697,1083,957
389,902,1033,1034,1036,337,981,855,862,864,865,33,806,489,813,751,1074,1077,54,439,760,379,381,191
896,899,836,647,840,841,778,777,719,658,915,675,1065,687,697,891,1020,894,895
837,838,716,1036,717,849,914,467,730,796,989,797,734,1060,1061,1063,809,568,684,942,242,692,886,759,758,699
834,900,839,840,719,1021,983,675,882,697,1076,885,1077,889,890,891,892,893
646,647,649,651,658,915,660,663,920,728,666,667,668,731,680,746,683,556,558,878,560,693,697,698
841,780,781,782,783,784,785,786,787,788,789,799,800,801,425,252
327,841,780,781,782,783,784,785,786,787,788,789,799,800,801,252
650,716,717,656,849,914,725,663,667,796,797,734,863,675,568,760,692,886,759,758,761,699
322,327,781,782,783,784,785,786,787,788,789,344,345,799,800,801,377,252,319
650,716,656,849,914,725,667,797,734,863,1064,887,691,692,949,886,759,760,758,761,699
394,780,781,786,340,344,345,347,349,798,799,800,801,170,811,108,109,812,178,1079
776,394,780,781,785,340,344,345,347,348,798,799,800,801,170,811,108,109,812,178,1079
772,776,780,781,340,344,345,346,347,798,799,800,801,170,811,108,109,812,178
776,780,781,783,785,786,340,344,345,347,348,349,798,799,800,801,811,108,109,812,1079
776,780,781,783,784,785,786,340,344,347,348,349,798,799,800,801,811,108,109,812,1079,375
896,899,836,900,647,841,649,1041,658,915,916,657,728,731,668,1065,1020,1021,894,895
772,776,780,781,340,344,345,346,347,349,798,799,800,801,811,108,812,109,1079
896,899,836,647,455,841,714,456,777,778,779,781,658,915,916,663,1065,697,1020,894,895
832,835,647,650,652,914,658,596,725,597,660,598,599,925,350,737,547,549,687,564,697,699
834,716,589,1036,1039,1040,1041,594,595,1043,597,596,590,591,592,723,351,610,680,553,912,687,753,313,575
522,206,148,149,150,471,151,472,154,284,797,352,740,741,747,364,748,750,751,749,752,755,126,191
257,193,79,659,729,90,411,412,221,293,39,40,43,240,306,565,568,569,124,63
71,1041,279,90,411,92,412,158,159,287,614,743,42,46,307,52,308,59,447
320,321,322,325,326,327,521,76,77,144,875,876,877,319
773,775,776,777,778,779,845,918,215,984,985,281,860,861,222,421,424,425,426,378,254
773,775,776,777,778,779,845,918,984,985,281,860,222,421,424,425,426,314,378,1084,254
773,775,776,777,778,779,845,918,215,984,985,281,860,861,222,424,425,426,378,1084,254
1036,716,717,858,889,863,864,734,1064,759,760,699,692,949,1077,887,1080,761,890,54,893,831
322,772,775,776,777,778,779,845,918,984,281,985,344,860,861,222,870,40,426,378,314,251,1085,254
772,773,775,776,777,778,779,845,918,984,985,281,860,861,222,424,426,314,378,1084,254
900,839,893,589,983,667,1051,889,863,612,882,1076,1077,885,761,890,892,1021
900,839,1036,893,983,1051,863,33,882,1076,885,1077,889,890,891,892,1021
1025,835,837,650,652,716,1040,913,914,594,596,725,597,722,737,673,1060,684,879,758,888,761,570,572
395,204,334,209,166,295,167,169,168,622,943,624,625,944,946,947,945,1082
900,839,843,893,983,1051,988,889,863,559,562,882,1076,1077,885,949,761,890,892,1021
900,839,1036,893,1043,983,1051,863,33,557,882,1076,885,1077,889,890,891,892,1021
768,769,770,771,772,773,774,453,776,917,344,217,218,345,861,424,1072,375,377,378,765,766,767
1091,132,134,585,330,334,720,470,343,342,930,36,998,679,295,166,296,685,309,248
896,899,836,900,841,649,1041,657,915,916,1043,728,731,1065,1020,894,895
1026,843,651,149,150,151,668,747,556,683,558,878,752,561,560,557,562,559,563,751,749
1026,843,148,149,150,151,747,683,556,558,878,752,560,561,557,562,559,563,751,749
966,967,584,399,727,535,536,537,538,609,355,935,936,937,938,1012
65,388,645,648,584,716,528,594,595,596,597,598,599,1055,607,929,486,103,487,1003,619,430,175,1009,503
640,641,515,516,140,724,300,301,633,626,757,759,632,57,634,635,636,637,638,639
1024,257,777,79,404,405,534,215,217,90,411,218,184,160,163,296,40,42,492,685,569,252,376,185,828
896,899,836,647,841,590,912,592,658,723,596,597,595,351,611,675,313,1065,687,879,753,693,697,1020,894,895
897,898,901,838,842,589,703,1043,922,867,805,744,553,687,690,691,884,886,889,890,1021,575
897,898,901,838,842,587,589,1043,922,867,805,744,553,687,690,691,884,886,889,890,1021,575
832,1036,716,652,912,401,210,723,596,597,598,599,925,350,863,351,546,753,564,949,887,761,570
843,915,920,668,610,611,612,746,683,556,557,878,559,558,561,562,563,560
641,514,517,392,137,393,138,460,141,146,796,35,491,301,302,177,57,635,638,639
896,841,843,590,719,610,611,612,675,683,556,557,878,558,560,561,559,563,562,882,697
71,72,90,411,412,92,158,159,287,160,614,42,46,307,52,59,447
832,1036,912,401,210,723,596,597,598,599,595,863,351,674,546,548,753,564,949,887,761,570,831
256,389,715,718,850,851,468,469,534,216,285,221,356,998,490,492,237,620,501,1013,1014
832,896,323,652,590,1041,531,532,533,596,922,923,350,287,547,549,553,681,683,687,498,886,1019,575
448,387,68,69,718,337,338,273,852,471,472,473,154,283,604,797,608,738,35,484,1069,51,371,249,381
382,1028,331,267,78,338,958,927,35,555,1070,943,944,50,372,311,57,830
640,641,515,516,461,724,301,626,632,633,634,635,636,637,638,639
257,131,132,198,71,1038,1044,534,1047,538,860,736,930,867,1058,37,491,492,946,436,565,310,574
324,457,395,204,334,209,275,539,36,166,167,169,42,303,625,947,1082
643,647,714,657,658,915,916,660,920,667,675,805,744,1070,690,691,882,697,698
90,411,92,412,158,159,160,287,157,614,42,46,307,52,447
395,204,334,209,539,163,166,168,169,685,622,943,624,625,944,947,945,946,1082
395,204,334,209,539,163,166,168,169,622,943,624,625,944,946,945,947,1082
1036,717,849,858,796,889,863,864,734,568,759,699,949,1077,887,760,761,885,54,892,893,831
1025,902,903,904,721,722,471,472,473,796,797,416,417,1060,1064,949,886,887,888,571,191
835,272,849,657,660,725,920,858,29,670,737,995,230,807,808,1002,431,627,1011,1015,1016,698,957
835,520,265,657,849,915,916,725,660,914,920,858,924,670,737,995,807,808,1002,431,627,1011,1015,1016,698,957
835,647,714,650,652,1036,717,656,849,914,658,660,725,913,663,667,734,675,692,758,759,697,699,831
776,845,212,918,984,281,985,345,860,861,222,344,347,349,870,1072,1073,314,1084,1085
640,641,515,516,140,461,34,301,626,883,756,757,632,633,634,635,636,637,638,639
963,965,6,968,83,84,85,86,87,88,89,97,98,99,100,101,934,939,366,304
960,961,67,260,971,653,654,655,661,662,541,991,992,419,358,105,874,497,246,249,1018
10,11,81,17,273,25,283,480,484,485,489,171,172,813,110,115,371,439
200,202,522,403,148,149,342,855,150,151,156,284,94,352,165,38,747,748,749,751,752,373,374,950,1014
512,394,589,142,1041,402,1043,979,726,347,290,226,361,234,811,812,553,170,687,176,883,1079,824,956,575
512,394,589,142,1041,402,1043,726,224,290,226,361,170,811,108,109,314,553,176,687,499,378,575
961,6,968,973,974,653,271,909,408,409,540,992,97,100,934,551,810,304,1017,511
265,329,401,1048,220,669,670,671,672,621,496,113,49,435,628,121,1081
641,387,1028,1027,331,267,78,398,849,338,958,927,483,299,300,1070,951,372,311,381,830,255
256,3,387,390,14,143,274,403,19,276,534,282,284,94,356,748,749,237,174,111,177,306,241,116,57
961,647,586,653,654,846,910,657,658,915,916,660,731,668,605,607,992,932,805,933,935,744,619,627,1012,698
640,641,515,517,140,461,141,460,724,299,300,301,302,757,632,633,634,635,636,637,638,639
967,520,584,586,653,846,910,911,657,654,915,916,660,728,920,731,605,607,993,994,805,933,744,619,627,698
72,74,206,468,471,472,473,602,154,603,604,797,158,292,40,364,1069,174,565,568,59
1025,902,903,904,1036,721,722,730,220,863,416,33,673,1060,684,760,1076,564,885,887,888,761,1077,886
960,961,130,653,654,980,790,470,88,1049,541,542,991,992,162,421,442,511
676,677,814,815,816,817,818,819,820,821,823,824,825,826
676,677,814,815,816,817,818,819,820,821,822,823,824,825,826,827
64,66,259,258,963,583,511,653,336,83,86,87,152,790,88,735,236,173,60,61,127
64,66,259,963,583,511,336,86,87,152,88,735,99,236,173,948,60,61,127
64,66,259,258,583,511,653,654,336,152,88,541,357,294,236,173,948,60,127
960,961,130,1018,653,654,399,470,790,88,1049,541,992,162,994,421,309,248,1017,442,511
960,67,260,653,654,655,661,662,541,991,992,736,419,355,105,874,249,1018
64,66,259,258,963,583,511,336,83,86,87,152,88,735,236,173,566,60,61,127
832,513,652,590,591,592,593,723,598,599,664,600,665,922,923,924,925,350,351,547,549,550,941,564,955
646,647,714,651,971,657,658,915,663,920,728,983,731,988,675,680,686,691,693,694,695,696,698
646,647,649,714,719,657,658,915,663,920,728,731,675,680,686,693,694,695,696,697
960,961,130,963,964,653,399,470,790,1049,1050,542,992,162,421,166,295,309,248,442,444
960,961,130,963,964,653,399,980,470,790,1049,542,992,162,421,166,295,309,248,442,444
960,961,130,963,653,654,980,790,470,88,1049,87,86,541,991,992,162,994,1000,442,1017,1018,511
64,960,961,259,66,963,583,511,653,654,152,88,541,992,236,1018,60,509,510,127
200,458,715,1034,718,850,851,469,534,1046,216,855,221,998,1001,434,1074,501,374
200,458,203,718,851,469,534,23,216,221,995,1002,1003,107,431,1009,434,1011,373,374,1015,1016
1025,902,903,904,722,730,796,797,416,417,673,1060,1061,1064,684,239,886,888,571
1025,902,903,904,722,730,796,797,416,417,673,1060,1061,1064,684,239,886,888,571
68,520,331,78,849,338,914,657,403,728,731,927,1056,35,299,300,44,1070,50,372,311,380,381,830
704,705,706,707,708,131,70,701,715,844,1051,28,926,862,37,616,429,496,497,630,54,760,379,380,381,702,703
704,705,706,707,708,70,1032,715,271,337,792,793,987,1051,414,37,938,429,496,818,760,379,380,701,702,703
704,705,706,707,708,70,715,267,337,862,37,429,496,497,760,380,701,702,703
704,705,706,707,708,70,715,267,337,349,865,37,429,444,379,380,701,702,703
258,132,583,648,328,1038,528,336,537,1055,929,33,867,803,804,933,357,937,619,173,687,948,566,312,511
258,323,132,583,648,328,1038,528,336,537,1055,929,33,867,803,804,933,357,937,619,173,948,566,312,511
704,705,706,707,708,446,70,715,337,37,429,49,497,760,380,701,702,703
704,705,706,707,708,387,70,702,337,981,926,864,33,37,429,880,629,760,380,701,574,703
640,387,715,718,850,851,724,853,469,534,216,855,221,735,998,944,501,951,636,637,639
391,205,15,400,145,402,22,27,29,30,95,96,481,802,682,367,496,243,502,122,123,383
256,386,387,389,266,203,848,403,469,534,855,282,735,739,741,806,1001,490,1069,750,755,501,951
260,644,966,967,905,535,536,538,475,736,609,1058,931,418,933,936,938,874,1017
515,516,387,202,10,11,463,81,274,19,342,282,283,480,484,165,172,813,749,110,626,883,1014
388,5,518,329,202,288,929,165,486,487,1066,430,369,371,1013,1014,503,504,1023
200,1034,1035,849,1046,471,472,855,1001,364,1069,1004,1005,1006,951,434,1007,1008,1010,950,759,568,374,1074
647,649,714,651,719,657,658,915,660,916,920,728,667,668,731,744,746,683,560,691,697,698
833,449,450,518,519,329,332,333,220,1054,289,121,291,621,437,1081,1023
513,590,591,592,593,664,665,922,923,924,925,546,547,548,549,550,940,941,953,954,955
576,577,578,448,580,709,581,585,401,210,723,674,866,103,616,554,879,49,753,564,949,570,762,763,509,510,511
641,1091,391,330,715,718,657,850,851,915,853,469,534,920,216,986,921,998,295,501,698,637
11,81,273,17,24,25,480,484,485,489,171,172,813,110,115
200,1033,1034,1035,849,853,1046,855,1016,735,865,1001,1002,490,431,434,1011,1074,950,951,374,381
200,1033,1034,1035,203,718,849,850,853,1046,855,921,735,1001,42,490,1068,1069,951,434,1074,950,759
833,450,449,518,519,329,332,333,220,669,1054,288,289,121,291,437,1081,1023
676,677,814,815,816,817,818,819,820,821,822,823,824,825,826,827
527,676,677,814,815,816,817,818,819,820,821,823,824,825,826
676,677,814,815,816,817,818,819,820,821,822,823,824,825,826,827
960,961,966,967,653,654,661,662,541,991,736,992,418,1059,1058,419,874,1017,1018
676,677,814,815,816,817,818,819,820,821,822,823,824,825,826,827
676,677,814,815,816,817,818,819,820,821,822,823,824,825,826,827
676,677,814,815,816,817,818,819,820,821,822,823,824,825,826,827
676,677,814,815,816,817,818,819,820,821,822,823,824,825,826,827
676,677,814,815,816,817,818,819,820,821,822,823,824,825,826,827
646,647,649,714,651,719,657,658,915,916,660,663,920,728,666,731,668,988,675,999,697,698
676,677,814,815,816,817,818,819,820,821,822,823,824,825,826,827
899,646,647,649,714,651,970,719,657,658,915,916,660,1041,663,920,728,666,731,668,675,697,698
676,677,814,815,816,817,818,819,820,821,822,823,824,825,826,827
676,677,814,815,816,817,818,819,820,821,822,823,824,825,826,827
676,677,814,815,816,817,818,819,820,821,822,823,824,825,826,827
646,647,649,714,651,971,719,657,658,915,660,916,663,920,728,666,667,668,731,686,697,698
448,388,5,645,519,8,10,474,1052,93,288,929,486,487,1067,430,369,503,504,1023
1025,837,711,716,1036,730,989,416,673,1060,1061,1064,809,684,942,687,886,759,758,54
1025,323,837,711,1036,716,730,989,416,673,1060,1061,1064,684,942,886,759,758,54
644,967,584,648,586,653,654,528,535,727,537,606,607,926,929,933,936,938,619,627,1012,574
1026,843,660,610,611,612,746,683,556,557,558,878,559,561,562,563,560
1025,903,904,713,203,796,797,416,417,1060,1061,1062,1064,942,239,175,886,54,571,191
1029,1030,1031,1032,969,975,976,977,18,857,858,987,859,990,1080,1087
1029,1030,1031,1032,969,975,976,977,18,857,858,987,859,990,1080,1087
1025,902,711,903,904,722,854,602,603,476,604,478,479,416,673,417,730,1060,742,684,368,886,758,888
388,5,645,518,710,288,929,486,487,1066,1003,430,369,1009,1014,503,504,58,1023
388,5,645,518,990,288,929,486,487,1066,1003,430,369,1009,1014,503,504,1023
966,967,584,905,535,727,536,537,538,609,355,933,935,936,937,938
966,967,584,905,399,535,727,536,537,538,609,994,355,935,936,937,938
1033,458,1035,1034,853,855,735,995,997,1001,1003,1068,1004,1005,431,1006,1008,1007,1010,432,1009,1074,951
966,967,584,905,727,535,536,537,538,475,609,355,933,935,936,937,938
1029,1030,1031,1032,969,975,976,977,857,858,987,859,990,1080,1087
1037,1042,794,795,545,676,677,814,815,817,818,819,820,821,309,823,824,825
3,1037,14,1042,794,795,1052,672,1067,814,815,816,817,818,819,820,821,309,823,824,825,822,827,826
707,1030,1031,1032,969,909,975,976,977,18,1021,404,987,990,608,104,1080,125,1087
1025,837,838,711,716,1036,730,989,416,673,1060,1061,1063,1064,809,684,942,886,759,758
966,967,584,905,910,654,727,535,536,537,538,609,994,935,936,937,938
1025,323,837,716,1036,730,923,989,416,673,1060,1061,1064,809,568,684,942,886,759,758,441
260,966,967,905,399,535,536,538,475,609,931,355,358,936,937,938,112,246
646,647,649,714,971,651,719,657,658,915,916,663,920,728,666,731,988,680,693,697,698,890
1025,194,903,904,713,207,208,848,471,796,797,416,417,1057,739,740,1061,741,1062,1064,750,881,755,571
900,839,1036,893,983,1051,988,889,863,559,562,1076,885,1077,761,890,892,1021
641,1091,459,718,334,399,850,851,853,216,162,36,421,998,166,295,309,248,698,637
899,900,839,1036,893,1041,983,1051,863,882,1076,885,1077,889,890,892,1021,575
258,644,967,584,910,911,336,535,537,543,932,933,935,937,938,619,173,627,1012,948,61,1018,573
960,644,584,905,586,910,911,605,606,607,992,926,932,933,1000,619,305,627,1012,248
1091,850,851,853,855,921,986,677,998,814,815,432,816,818,817,820,309,821,823,822,825,826
644,582,967,584,966,586,587,588,846,791,793,926,674,418,933,938,880,627,629,1017,574
71,72,73,74,75,158,159,160,41,43,46,47,688,689,307,52,308,310,120,59,124
961,577,644,132,580,648,584,329,203,269,1038,911,528,733,606,929,932,933,616,235,619,176,1081,507,510
960,961,653,654,978,979,980,23,88,542,991,992,929,994,874,1003,1009,506,505,1018,508,1017,510,511
960,961,509,653,654,978,979,980,23,88,542,991,992,929,994,874,506,505,1018,507,508,1017,510,511
968,973,974,272,84,85,408,409,540,97,98,99,100,101,934,551,304
193,386,715,203,718,850,851,469,534,855,216,539,221,930,998,1001,490,491,492,501
1025,643,837,389,711,903,403,730,989,1060,1061,1063,809,684,942,886,54,380,381
768,705,769,770,773,906,468,150,471,472,473,154,151,604,797,292,440,40,297,1069,48,434,568,124,767
513,590,591,592,593,600,601,922,923,665,925,664,546,548,549,550,941,953,954,955
395,204,334,209,539,163,166,295,168,169,622,943,944,625,624,945,946,947,1082
395,204,334,209,163,166,295,168,169,622,943,624,625,944,946,945,947,1082
395,204,334,209,539,163,166,295,168,169,622,943,944,625,624,945,946,947,1082
896,954,899,836,647,841,657,658,915,916,663,1065,941,687,560,697,698,953,1020,894,895
324,395,204,334,209,539,166,168,169,622,943,944,625,624,946,945,947,1082
446,586,459,844,588,846,791,792,793,732,926,880,629,630,631,573,574
960,961,653,654,911,541,542,543,992,544,994,991,993,1000,1017,1018
960,961,653,654,541,542,543,992,544,994,991,993,1000,1017,1018
960,961,964,653,654,541,542,991,544,992,994,993,543,1000,1017
644,967,584,586,653,910,911,654,339,537,993,932,933,1000,235,619,305,627,1012,248,1018,61
260,644,966,967,584,905,586,588,661,662,535,727,537,475,609,355,931,933,358,937,938,874
966,967,905,588,654,535,727,536,538,475,736,609,418,931,1058,935,936,937,938
642,395,204,334,209,539,163,166,168,169,622,943,624,625,944,946,947,945,1082
513,590,591,592,593,600,601,922,923,664,925,665,546,547,548,549,550,940,941,953,954,955
960,961,968,973,974,271,85,408,409,540,99,100,101,934,551,238,304
128,129,323,3,203,972,398,14,533,862,94,548,935,553,106,427,239,687,370,371,886
1052,1001,1002,1003,1068,1005,1006,1007,1004,1009,1010,1011,1008,431,1015,1016,1067
995,1001,1002,1003,1068,1005,1006,1007,1004,1009,1010,1011,1008,431,1015,1016
920,995,1001,1002,1003,1068,1005,1006,1007,1004,1009,1010,1011,1008,431,1015,1016
995,1001,1002,1003,1004,1068,1005,1007,1006,1009,1010,1011,1008,431,1013,1015,1016
619,995,37,1001,1002,1003,1068,1005,1004,1007,1006,1009,1010,1011,1008,431,1015,1016
995,676,1001,1002,1003,1068,1004,1006,1007,1005,1008,1010,1011,1009,431,820,1015,1016
995,1001,1002,1003,1068,1005,1006,1007,1004,1008,1010,1011,1009,431,1013,1015,1016,827
272,995,230,1001,1002,1003,1068,1004,1006,1007,1008,1009,1010,1011,1005,431,1015,1016
272,995,230,1001,1002,1003,1068,1004,1005,1007,1008,1006,1010,1011,1009,431,1015,1016
712,995,1001,1002,1003,1068,1004,1006,1007,1005,1009,1010,1011,1008,431,1013,1015,1016
458,995,1001,1002,1003,1004,1005,1006,1007,431,1009,1010,1011,1068,1008,1015,1016
458,995,1001,1002,1003,1068,1005,1006,1007,431,1009,1010,1011,1004,1008,1015,1016
995,676,807,808,1001,1002,1003,1004,1005,1006,431,1007,1009,1010,1011,1068,1008,820,1015,1016
902,711,904,903,721,722,854,602,603,604,476,477,479,478,673,1060,742,684,368,949,887,888,761,959
1036,717,462,657,1021,1051,863,759,760,560,1076,1077,885,949,1080,889,761,892,893,890
968,973,974,271,272,84,85,408,409,540,97,98,99,100,101,934,551,304
6,968,973,974,271,272,408,409,540,99,100,101,934,551,939,304
891,840,1083,590,591,592,600,601,922,923,925,548,553,940,941,882,697,953,954,955
1029,1030,1031,1032,969,975,976,977,18,857,858,859,987,990,286,1080,1087
704,1029,1030,1031,1032,969,975,976,977,857,858,859,987,990,1080,1087
1029,1030,1031,1032,969,975,976,977,857,859,987,990,1080,1087
1029,1030,1031,1032,969,975,976,977,857,858,859,987,990,1080,1087
704,1029,1030,1031,1032,969,975,976,977,857,859,987,990,1080,1087
1029,1030,1031,1032,969,975,976,977,857,858,859,987,990,1080,1087
1029,1030,1031,1032,969,975,976,977,18,857,858,859,987,990,1080,1087
323,836,838,841,589,590,591,592,657,1043,533,663,728,923,681,298,553,687,498,1076,1077,886,890,1019,575
577,578,579,388,648,584,528,595,596,597,598,599,607,929,503,933,619,1003,430,1009,1012,759,1081
192,258,583,328,648,336,528,357,294,683,173,560,883,948,756,566,757,443,60
204,206,334,468,148,150,151,534,149,154,284,352,164,741,40,747,748,749,750,751,752,754,124,191
960,961,644,966,967,653,654,661,662,542,992,736,1058,418,544,419,874,1017,1018
960,961,644,966,967,654,661,662,991,992,736,994,419,1058,418,1000,874,1017,1018
1036,717,721,1021,1051,220,797,889,863,864,33,568,879,435,1076,949,885,1077,760,761,893
382,387,1028,331,267,78,718,338,927,35,299,300,44,1070,429,177,50,372,311,56,830
513,590,591,592,1043,600,601,922,923,925,546,548,550,940,941,557,563,953,954,955
513,900,893,590,591,592,1041,600,601,922,923,925,548,940,941,1077,953,954,955,1021,575
960,961,653,654,541,542,991,992,993,994,933,1000,874,627,1017,1018
960,961,653,654,541,542,991,992,993,994,1000,874,938,627,1017,1018
960,961,588,653,654,541,542,991,992,993,994,544,1000,938,627,1017,1018
960,961,653,654,541,542,991,992,544,994,993,607,1000,938,1017,1018
642,7,266,1036,12,1039,1040,339,856,792,730,29,94,484,485,745,428,187,366,500,886,571,380
451,7,266,1036,396,12,1040,82,339,856,792,730,29,94,484,485,745,428,366,500,886,187,380
640,641,7,266,1036,396,12,82,339,856,730,29,605,94,745,428,187,500,886,571,636,637
640,641,7,266,396,1036,12,82,339,856,730,29,94,872,745,428,187,500,886,571,636,637
130,1091,134,585,330,459,399,851,853,470,1049,90,415,162,421,998,166,295,432,309,248,444,445,446
832,709,1036,1039,1040,913,210,723,912,286,351,1057,866,313,879,753,881,570,949,758,761,762,763,572
7,266,1036,396,12,1040,82,339,856,792,730,29,94,484,485,745,428,366,500,886,187,380
386,382,1028,267,331,78,338,147,958,927,555,1070,372,311,56,57,381,830
0,1,2,4,8,9,10,13,341,24,25,26,91,474,93,172,1080
382,1028,68,267,331,78,338,147,154,927,35,1070,177,372,311,56,57,381,830
963,968,973,974,271,83,84,85,408,88,89,409,540,99,100,101,934,551,939
964,968,973,974,271,83,84,85,86,87,88,409,540,97,99,100,101,934,551,939
965,968,973,974,271,83,84,85,86,87,88,409,97,99,100,101,934,551,939
964,965,968,973,271,83,84,85,86,87,88,1050,97,99,100,101,934,939
960,968,973,974,271,272,84,408,409,540,99,100,101,934,551,939,304
71,72,73,74,158,159,160,46,688,48,307,52,308,55,120,59
961,964,200,404,995,1001,1003,1068,1005,1006,1007,1008,1004,1010,1011,1009,431,1013
835,837,650,652,1036,716,1039,1040,656,914,913,596,725,597,1056,737,1057,673,1060,684,881,758,761,570,572
642,514,1030,7,1031,393,906,1041,977,18,20,344,857,794,795,987,990,735,359,42,687,114,499,1079
131,132,198,1033,269,1038,910,1044,534,1047,473,538,860,867,933,678,106,491,492,682,436,565,574
198,391,712,526,15,400,402,22,95,96,928,802,678,682,367,243,382
835,647,520,658,915,725,22,663,920,1016,858,667,733,1056,737,675,807,808,1002,1011,692,1015,1080,697,698,1083
391,712,526,400,402,22,95,96,928,802,678,682,367,243,122,382
391,526,15,400,402,22,95,96,928,802,678,682,367,243,122,123
1029,1030,1031,1032,969,975,976,977,858,859,987,990,1080,1087
1029,1030,1031,1032,969,975,976,977,857,858,859,987,990,1080,1087
1029,1030,1031,1032,969,975,976,977,857,858,859,987,30,990,1080,1087
391,712,526,400,402,22,95,96,928,678,682,367,243,122,123,382
960,961,130,963,653,399,470,790,88,1049,991,992,162,421,166,295,309,248,442,444
1025,835,713,1036,652,716,1039,1040,207,913,912,596,725,597,286,1057,803,239,687,881,753,758,761,572
1029,1030,1037,975,977,857,474,987,1052,858,990,1067,814,815,817,818,819,820,821,823,1080,825,1087
1029,1030,1032,1037,975,977,857,474,987,1052,858,990,1067,814,815,817,818,819,820,821,822,825,1087
1029,1030,1032,1037,975,977,857,474,987,1052,859,858,990,1067,814,815,817,818,819,820,821,822,1080,825
834,590,591,592,600,601,922,923,925,610,548,680,940,941,687,953,954,955
512,323,835,1036,589,1039,1040,913,594,1043,1041,914,726,867,553,170,687,239,881,886,575
960,967,584,648,653,846,911,528,605,606,607,992,929,609,993,933,1000,619,627,1012
899,900,646,647,649,714,651,970,719,657,658,915,660,916,1041,920,728,666,667,668,731,675,697,698
960,961,653,654,911,541,542,543,992,544,994,991,993,1000,874,1017,1018
576,577,580,1029,1030,1031,1032,907,1036,908,588,909,858,28,863,672,121,1071,880,496,1074,1077,629,887,1080,117,1022
577,579,580,1029,1030,1031,907,1036,908,588,909,1022,858,28,863,672,121,674,1071,496,1074,629,1077,62,889,574
512,1026,899,900,649,589,1039,1040,1041,1043,916,915,728,731,553,681,683,687,560,886,893,575
838,590,591,592,600,601,922,923,925,546,548,940,941,953,954,955
647,590,591,592,600,601,922,923,925,889,546,548,940,941,953,954,955
67,260,644,653,654,655,661,662,541,992,419,355,358,105,874,497,246,249,1018
644,584,586,910,911,339,535,541,606,991,932,933,937,619,235,305,627,1012,248,61
323,3,899,838,970,575,14,1043,533,895,600,922,667,94,287,681,553,42,298,941,687,886,697,1019,894,447
512,323,837,589,1039,1040,913,594,1043,1057,867,553,239,881,886,758,761,572,575
960,961,653,654,910,541,542,991,992,544,993,994,543,1000,1017,1018
645,200,393,712,202,849,342,156,995,1001,1003,1068,1004,1005,431,1006,1007,1008,115,1010,1013,374,1015
641,515,516,140,34,35,301,177,50,626,757,759,632,633,634,635,638,639
584,648,586,653,910,911,528,846,538,606,607,544,929,609,993,933,1000,938,619,627,1012
960,961,644,966,967,905,653,654,980,661,662,991,992,736,994,1058,418,419,1000,874,1017,1018
130,67,260,654,655,271,661,662,88,475,992,419,355,931,358,105,874,497,246,249
0,1,2,4,8,9,10,11,13,341,24,25,26,91,860,93,172
449,265,401,23,220,669,670,671,672,489,621,496,113,435,628,121,570,125
193,200,203,848,1046,855,726,279,1053,735,739,613,490,364,1069,951,434,1074,950,759,568,374
641,1091,330,459,718,399,850,851,853,470,90,415,162,421,998,295,166,309,951,248,444,445
453,776,782,783,784,785,786,917,353,423,424,425,426,375,376,377,378,251,252,254
640,641,1091,330,715,718,657,850,851,853,469,855,920,534,216,921,998,295,501,633,698,636,637
64,961,960,259,963,583,511,653,1042,978,979,152,88,1050,992,236,173,366,566,506,507,60,509,510,127
580,583,648,584,328,395,716,528,336,1042,596,597,599,606,607,929,312,1059,250,236,173,175,1012,757,948,759,566,506
640,641,515,517,140,724,300,301,633,626,757,632,57,634,635,636,637,638,639
452,391,526,15,400,402,22,95,928,96,802,481,678,682,814,367,243,244,122
391,15,402,22,95,928,96,802,481,678,937,682,367,243,502,122,123,188,383
960,961,64,395,653,654,661,662,152,991,736,992,418,1059,1058,419,874,250,236,1017,1018,60,1086
960,961,519,329,653,654,333,401,88,220,542,544,672,289,291,550,1081,570,437,572,505,506,508,509,510,511
1029,1030,1031,1032,969,975,976,977,857,858,859,987,990,487,1080,1087
512,899,589,1039,1040,1041,1043,915,726,600,601,728,553,170,683,557,687,560,563,575
1,8,9,11,463,273,81,17,283,484,485,489,171,172,813,110,115,371,439
11,273,81,17,342,25,480,484,485,489,171,172,813,110,115,439
10,11,81,273,17,25,480,484,485,489,171,172,813,110,115,439
128,202,11,463,273,17,342,480,484,485,489,171,172,813,110,115,371,1013
128,11,463,273,81,17,342,480,484,485,489,171,172,813,110,115,371,439
11,463,273,81,17,283,484,485,489,171,172,813,174,175,110,115,371,439,632
772,774,211,212,917,344,345,794,795,347,222,287,1055,225,102,488,233,495,1072,240,689,1073,752,884,310,375,124
0,1,2,4,8,9,10,11,13,463,273,341,26,91,93,172,115
0,1,2,8,9,10,11,13,463,273,26,91,93,485,172,813,115
0,1,2,4,8,9,10,11,13,463,273,341,26,91,93,489,172,115,54
0,1,2,4,8,9,10,11,13,273,341,26,91,93,489,172,115,439
212,918,919,984,281,985,214,860,861,215,354,868,869,870,871,872,425,362,426,618,617,499,314
833,449,450,518,519,329,332,333,220,669,1054,288,289,291,437,1015,1081,1023
449,450,833,518,519,329,332,333,669,1054,288,289,291,437,1015,1023
578,579,260,582,586,588,844,846,662,791,792,793,732,926,674,419,631,880,497,629,630,247,249,573,574
641,962,1091,458,331,718,850,915,916,853,851,855,920,921,986,90,411,1053,735,998,490,309,951,633,698
1,11,463,273,17,19,342,25,484,485,489,171,172,813,110,115,439
385,386,323,132,134,907,908,401,1022,27,220,803,804,937,938,687,1071,118,119,1078,189,190
258,583,648,328,1038,528,336,339,1055,929,33,803,804,357,294,173,687,177,50,305,948,566,759,312,57
647,520,650,651,717,656,849,914,658,725,663,796,797,734,737,1070,692,758,759,568,697,698,699
709,837,902,1036,716,722,863,33,866,673,1060,684,879,1076,949,758,887,760,761,762,763,886,888,831
963,965,968,974,83,84,85,86,87,408,89,88,98,99,100,101,934,939
453,212,214,215,919,985,219,354,423,424,425,426,186,872,499,376,185,378,253,254
449,450,833,388,518,519,329,332,333,857,859,120,1054,288,289,291,437,504,1023
387,68,1028,69,330,267,718,852,471,472,473,343,920,88,860,222,422,39,743,40,44,429,434,947,56,382
1088,704,705,68,69,267,715,80,413,31,37,229,44,429,1070,51,823,56,826,701,702
646,647,649,714,651,719,657,658,915,660,916,663,920,728,666,667,668,731,988,675,697,698,890
391,712,526,400,402,22,95,96,928,678,682,367,243,244,122
1089,962,1090,452,712,203,1037,23,474,1052,928,802,38,1066,1067,817,818,883,244,1014,375
71,72,73,74,75,90,92,158,159,160,297,46,688,48,307,52,308,59
64,258,259,583,328,393,336,735,357,294,359,236,173,49,114,948,950,566,60,61
391,526,15,400,402,22,95,928,96,481,678,682,367,243,244,502,122
833,449,965,519,648,329,332,333,528,87,1050,1054,671,289,929,291,103,939,175,49,437,1081
513,323,764,709,716,1039,1040,594,595,723,533,725,982,351,866,867,681,298,239,881,753,313,1019,572,763
641,1033,1034,1035,1036,718,464,337,914,849,981,855,862,863,735,865,490,300,760,951,1074,1076,949,886,759,1077
64,258,583,328,399,336,727,536,535,152,537,357,294,935,936,937,938,173,948,245,566,312,60
387,1028,267,715,718,850,851,469,1046,534,216,855,853,221,735,998,1001,432,951,434,501,311
1029,1030,1031,1032,969,975,976,977,18,857,858,859,987,990,1080,1087
71,72,73,74,158,159,160,46,688,307,52,308,310,55,120,59
1,2,3,8,9,202,10,14,16,147,26,91,413,545,229,38,230,104,231,997,115,371,1013,1014
200,399,849,404,853,413,545,162,997,38,231,229,230,1001,421,1068,295,432,434,1010,309,1014,248
520,1041,660,279,729,90,411,668,92,412,287,157,420,614,743,42,46,687,182,183,700,894,447
960,961,654,661,662,991,736,992,1058,1059,419,418,609,607,874,1017,1018
960,961,580,581,978,979,980,23,88,542,991,992,544,874,554,250,506,505,1018,508,1017,1086,511
132,585,458,404,853,986,677,998,1068,1004,1006,1005,432,1007,1010,1008,814,309,817,815,445,446
847,211,344,345,346,347,348,349,223,227,228,233,170,812,493,494,178,1079
768,705,770,3,769,773,1033,12,14,531,533,282,156,94,30,681,42,748,687,498,306,374,1019,767
640,641,515,140,461,204,335,724,34,996,299,50,626,633,634,635,636,637,639
1025,903,904,713,717,468,471,472,154,796,797,416,417,738,806,1062,1064,759,241,242,886,118,571,191
1089,1090,452,645,712,458,1037,527,216,474,1052,735,1001,1066,1067,1068,1004,1005,431,1006,49,1010,180,1013,508
1089,1090,452,645,712,458,1037,216,474,1052,930,1001,1067,1068,1004,1005,431,1006,49,1010,180,1013,508
449,450,642,833,5,518,134,519,198,333,1054,288,929,291,808,491,1011,437,310,1016,1023
391,15,400,402,22,95,96,928,802,481,678,682,367,243,244,502,122,123,188,383
65,648,584,716,652,912,594,595,596,597,598,599,723,607,351,103,564,758,759,313
323,716,205,529,530,147,531,533,155,33,610,1060,1061,553,106,364,556,557,623,558,878,498,433,561,758,759,700
642,323,1091,709,330,652,716,1039,1040,593,594,595,725,664,665,351,1057,866,867,42,687,879,309,762,763
395,204,334,209,163,166,295,168,169,622,943,624,625,944,946,947,945,1082
257,79,659,90,411,412,92,158,160,163,612,293,39,40,743,42,46,307,308,52,569,63
391,712,526,400,402,851,22,95,96,481,678,682,367,243,244,122,123,382
897,898,901,838,520,842,279,600,922,287,805,744,687,884,182,183,700,447
391,15,402,22,95,96,481,928,802,44,367,243,244,179,56,57,122,123,382
391,15,402,22,471,150,95,96,481,928,802,367,434,243,244,502,122,123,382
9,11,463,17,273,81,24,25,480,484,485,489,171,172,813,110,115,439
