196,710,299,208,53,444
267,43,47,434,150,567,153,154,379
832,33,669,396,205,496,433,721,381
194,195,197,201,62,351
267,283,434,150,567,153,154,379
796,1062,713,600,123,380,797,862,191
743,872,852,1045,213,278,860
161,228,870,488,233,46,688,308,310
37,70,267,715,429,368,380
641,140,177,434,179,756,757,147
641,139,300,140,335,177,147,179,757,57
641,555,140,177,179,756,757,147,57
129,194,195,197,936,201,58
194,195,197,201,749,58,62
299,300,429,44,335,177,147,632,57,56
515,516,299,300,44,335,177,147,56,57
493,494,847,178,211,917,223
870,845,316,281,314,860,861
227,164,6,493,494,847,176,211,86
39,40,47,48,79,569,63
39,40,47,48,79,569,63
196,710,6,1062,713,973,208,117,797
194,195,740,197,902,201,750,764,62
198,491,492,1044,981,1047
287,42,92,90,411,412,447
516,678,682,619,238,175,1012,21
194,195,197,201,912,753,401,570
71,74,47,48,688,120,59,124
72,41,74,47,48,120,59,124
743,41,43,47,48,124
743,41,43,47,48,150,124
194,195,643,197,201,596,62
641,34,35,140,300,177,50,757,57,639
198,491,492,1044,1047
36,166,168,75,204,334,625,159
194,195,197,6,743,199,373,278,62
228,6,233,493,494,211,86,255
170,394,812,108,178,344,347,799
192,259,548,593,245,664,665,735
420,135,776,206,984,985,860,222
33,809,205,368,721,54,380,381
800,801,170,811,812,178,344,346,799
800,801,170,811,812,178,344,346,799
178,344,345,346,347
194,195,740,197,199,809,201,750,755
870,776,845,918,314,860,1085
354,872,873,1072,1073,499,212,222
257,75,79,240,659,63
257,79,240,659,63
225,228,102,488,233,495
41,907,555,908,48,310,55,120,894
353,354,453,499,917,316,317
258,910,911,336,339,245,248,61
909,974,1071,304,117,1022,126
64,583,653,245,152,60,542,127
225,228,102,488,233,495
356,106,107,203,433,436
356,551,106,107,203,433,436
65,103,109,462,878,595,596,597
164,230,236,12,16,18,1013,413,127
160,71,688,59,158,159
321,521,875,76,77,144,278,861
71,72,74,46,52,59,158
580,581,554,972,398,401,982,23,862
71,72,74,46,52,59,158,159
71,74,46,52,59,158,159
354,453,917,316,317,318
224,225,130,931,102,871,488,142,495,151
870,776,1072,1073,212,213,860,1085,222
64,1059,359,296,236,152,250,221,127
224,1090,263,113,49,851,952,24,828
515,300,626,178,21,344,346,348,349,638
521,875,76,77,877,144,278,861
870,918,314,860,1085,222
870,872,918,314,860,1085,222
227,6,493,366,494,847,211,213,86,1085
931,260,966,358,363,174,112,511
515,300,626,178,21,344,346,348,349,638
414,459,844,846,80,630,446,415
385,389,747,751,149,118,150
297,74,75,46,48,52,120,59
257,964,165,613,306,659,468,151,94,63
1088,68,69,429,434,51,53,31
96,199,200,620,434,373,757,374,95
193,107,751,148,149,502,151,150
1033,107,203,267,205,433,567,154,155
239,912,881,210,723,753,764
160,71,74,46,688,52,59
832,103,239,912,401,210,49,596,982,351
545,36,987,235,142,304,18,20,794,795
99,101,271,272,84,87,88,1050
97,99,939,271,272,85,86,87,1050,255
98,99,939,271,272,83,85,1050,255
97,98,101,939,272,86,88,255
98,101,934,939,272,83,88,255
99,101,965,939,271,84,85,87,88
99,963,83,84,87,88,89
3,165,390,38,229,230,438,1014,413
608,193,205,751,434,148,149,150,95
545,36,6,235,304,18,20,1050,987,860
2,4,13,341,26,93
163,420,390,135,206,985,829,990
160,324,71,167,297,395,209,539
324,71,743,168,169,395,204,59,158,159
265,496,113,435,121,220,669
897,931,742,71,711,476,477,478
2,4,329,91,332,13,1080,857,26,987
354,453,845,917,278,316,317
96,481,107,203,243,502,122,123
99,100,101,83,84,87,88,1050
99,101,271,84,85,88,89
609,67,260,355,358,966,105,655,246,249
387,68,69,484,338,434,51
225,228,6,488,233,493,255
1027,43,47,368,434,310,311,120,124
71,72,74,46,307,52,59,159
352,484,171,13,439,24,25,830
321,322,326,327,521,875,524,77,144,319
98,131,617,618,45,334,304,126
160,71,688,120,158,159
268,301,365,238,176,635,639
128,352,489,427,972,370,371,342,24
96,514,392,137,393,299,300,146,757
1027,331,555,429,78,1070,338,372
33,454,136,266,913,82,567,28
129,548,549,427,972,398,370,468,155
196,14,208,530,854,150,29,30,863
672,194,220,567,121,27,28,30,703
704,220,30,121,27,28,669,670,671
353,868,869,295,872,871,919
356,106,107,203,436
584,905,174,175,371,790,536,537,606
478,751,148,149,150,151,862
1090,645,712,202,1067,1068,19,1013,1052
0,1,8,9,10,93
96,203,205,433,145,436,53
32,354,226,360,234,917,726,345,347,956
929,678,935,682,973,238,365,409,410
832,197,155,205,145,123,28,30,286
353,868,869,871,872,873,213,278,919
1088,353,868,421,453,871,618,919
64,328,173,336,948,566,152
64,173,174,175,336,948,566,152,605
64,258,357,294,173,245,152,60
704,6,872,432,690,213,86,278,1045
641,34,35,996,140,179,756,757,724,636
641,515,516,140,301,626,635,639
641,515,299,300,140,626,724,757,632,637
355,260,358,971,655,246,249
224,870,268,314,270,178,278,281,538,1085
196,1062,778,208,53,150,797
389,111,118,699,189,190
268,301,176,724,635,639
418,419,446,80,790,247,445,1022
257,776,79,240,306,659,729,63
33,136,266,43,811,396,270,567,702
389,677,111,817,468,149,118,190
1057,194,195,197,713,750,239,207,982
1057,194,197,201,239,207,881,982,763
1057,107,239,879,881,982,313,764
2,4,13,341,26,93
867,739,266,237,464,848,241,242,467
389,111,625,338,116,118,119,829,190
545,803,132,804,235,910,911,248,445
160,71,73,688,158,159
32,98,846,496,1042,23,631,538,221
420,135,206,48,338,468,311,985,829
160,72,74,46,52,59,158,159
258,173,336,948,245,566,152,60,61
162,166,295,399,309,470,248,701
160,71,46,59,158,159
32,418,131,617,618,907,45,1071,688,1051
609,355,260,358,655,246,249
36,166,168,204,334,625,470,860,861
1031,520,41,279,182,183,280,700
743,279,182,183,280,700
160,71,688,59,158,159
167,457,303,209,275,539
3,164,165,38,166,168,395,143,438
3,165,38,295,169,395,14,944,438,539
418,419,132,133,134,874,330,309,790
419,132,133,134,330,271,272,80,536
163,165,390,296,457,204,334,303,625
776,845,984,281,314,860,861,318
167,457,303,209,275,539
353,869,872,917,316,317,318
480,356,68,69,106,107,526,436
902,330,268,109,176,178,309,277,315
868,869,872,873,212,378
37,70,267,429,852,567,154
641,515,516,139,140,434,626,757,632,639
641,138,299,140,301,141,632,633,635
514,835,451,165,263,264,18,570,30
451,165,38,390,263,264,274,438,282
480,172,813,110,81,273
567,489,267,434,342,439,154,283
907,909,974,1071,304,117,1022,126
96,641,481,1001,300,526,243,502,122,123
963,83,86,87,88,89,1050
66,259,236,31,60,61,127
418,419,132,133,134,536,538,511
520,41,43,279,182,183,280,700
256,1033,1034,464,465,1074,242,467
167,457,395,303,275,539
387,740,266,274,403,282,94
387,266,274,441,282,94
354,453,873,426,425,499,219,319
37,6,773,74,219,52,278,185,59,253
258,357,294,328,173,245,60
352,481,356,68,243,436,502,439,122,123
322,326,327,40,875,876,319
320,322,326,327,875,319
322,325,326,327,875,876,319
322,326,327,875,876,319
3,38,230,14,306,413,158,159
390,199,200,748,620,143,373,374,284
200,1001,620,403,373,374,282,156,94
835,1036,913,30,761,27,286,863
578,168,236,12,16,312,346,60,94
390,143,466,242,467,469,438,285
776,845,178,281,314,860,861
453,423,424,425,252,377,316,317
776,872,426,425,378,254,767
354,290,226,361,873,234,82,726,956
67,36,261,262,44,142,83,861
615,585,80,247,445,446
615,585,80,247,445,446
608,1030,987,10,18,923,125,990
321,322,326,327,875,877,319
320,321,322,326,327,319
753,723,761,982,313,764,350,351
6,872,873,499,213,214,215,185,860,253
96,455,456,625,243,502,184,185,122,253
289,449,291,519,1035,333,437,1081
225,228,102,488,233,495
772,773,774,776,375,218
772,773,774,776,178,375,218
3,165,38,229,230,14,438
603,368,854,759,602,476,380,478,604
934,968,365,974,973,272,83,408
705,707,708,37,70,429,337,380,703
162,446,421,295,459,399,80,470,414,415
352,164,748,749,751,855,284
259,328,236,49,1042,312,443,60
328,49,245,312,443,60
453,872,425,426,873,499,214,215
453,872,425,426,214,378,251
320,321,326,327,877,319
452,486,487,180,181,408,987
322,325,326,327,521,875,876,877,319
641,515,516,140,335,626,633,635,639
162,446,421,295,459,399,80,470,414,415
832,32,1071,753,564,982,313,925,350,351
414,459,844,630,631,573,446,415
1029,261,262,842,142,117,126
868,869,871,872,873,426,378
641,140,301,635,638,639
513,753,982,313,764,350
420,135,904,206,143,368,150,985,829
519,621,28,121,27,220,669,671
265,621,113,435,121,220,669,670
258,259,583,173,336,948,245,566,152,60
71,718,688,851,469,534,216,158,159
198,491,492,1044,1047
390,143,242,467,468,466,116
192,258,613,902,364,1069,1078,374,1053
170,178,344,345,347,348,349
170,178,344,345,346,348,349
776,170,779,109,178,344,345,347
170,109,178,344,346,348,349
170,779,109,178,344,345,347
453,423,425,917,377,316,317
868,453,872,873,426,425,378,254
418,1058,963,965,6,872,363,213,278,88
162,936,938,727,399,535,537,538
867,739,837,903,904,848,977,594,595,155
129,555,972,910,911,401,305,339,1048,61
805,71,743,520,744,691,52,694,59,159
368,48,434,880,629,150,153,381,574
641,392,140,301,635,638,639
641,299,300,301,302,141,632,638,639
700,743,52,182,183,280,59,279
3,36,165,7,359,114,438,987,735
33,902,721,498,531,468,532,533,600,601
265,1071,496,401,113,435,1048,121,220
965,178,340,724,277,1050,315,606,607
385,323,740,902,750,594,595,1078,118
39,392,267,429,496,49,852,441,380
291,4,13,341,26,93,1054
170,178,344,345,347,348,349
800,801,170,394,812,178,344,347
641,387,392,1001,266,490,300,431,403
963,83,86,87,88,89
641,139,140,177,434,147,756,757,179,57
865,1034,751,1074,468,149,862
480,1,8,489,171,172,342,24
453,423,424,917,376,377,316,317
453,423,424,425,917,377,316,317
964,453,422,423,424,917,316,317
453,423,424,917,377,316,317
772,773,870,774,776,327,779,214,375
868,453,872,425,426,873,378
453,422,776,425,426,214,378,254
896,1065,721,690,498,531,532,533,55
453,423,776,917,377,1084,317
129,427,972,398,401,370,94
385,386,389,111,118,189,190
385,386,389,118,119,189,190
170,178,344,345,346,347,349
354,226,71,776,167,361,395,234,956
832,548,393,912,401,664,665,350
202,1067,1037,474,1052,990
931,388,486,487,977,503,504
673,867,739,740,904,974,848,977,754,374
417,1025,902,711,1064,239,888,796,797,94
416,386,796,711,1064,54,887,156,797,94
673,902,903,1064,904,722,692,888,123
36,165,39,40,14,240,306,569
96,712,202,1003,682,400,1009,95
673,902,684,722,854,888,476,543
987,27,396,941,496,857,858,859,30
160,71,711,479,854,476,478,159
608,1066,1067,1052,593,1013,156,125
902,910,911,305,722,339,854,1078,1048,61
642,555,267,14,468,276,150,567,153,154
832,599,401,753,564,982,598,313,764,350
995,1003,1067,1037,1004,1005,431,1009,1010,1052
420,870,135,776,206,984,985,860,1085
641,515,140,301,632,635,638,639
641,34,35,300,140,177,50,632,633,57
385,386,389,118,119,189,190
385,386,389,118,189,190
385,386,389,118,189,190
140,147,756,757,179,57,635,639
641,140,177,147,756,757,179,635,639
1036,398,239,753,210,982,758,761,570,94
514,392,393,140,301,146,635,639
279,307,182,183,280,700
672,929,807,808,329,332,220,1081,28
322,1091,36,71,327,40,142,52,406,344
1088,353,421,701,304,919,468,407,413
960,992,736,964,101,968,939,271,272,410
736,418,419,1058,874,661,1017
608,448,356,396,909,434,338,436,439,830
480,289,172,813,110,81
418,419,966,874,661,662,1018
356,68,106,107,203,434,338,436
306,403,23,373,565,438,441,282
934,551,968,973,408,409
740,1001,555,1035,1069,855,404,854,151,1046
932,446,459,630,631,247,444,573,926,445
106,107,203,205,433,436
257,293,79,306,52,569,59
106,107,203,205,433,53
482,555,434,242,468,276,565,467
845,178,281,314,860,861
845,178,281,314,860,861
963,36,1001,458,876,432,853,86,278,986
165,166,204,334,625,438,439,94
160,71,72,74,46,52,308,59,159
609,355,260,358,655,246,249
478,742,71,711,150,477,158,959
620,1070,688,465,242,466,467,373
934,551,968,973,408,409
583,328,173,948,245,312,443,60
480,0,484,485,9,489,11,273,17
225,228,102,488,233,1050
1033,1034,465,242,466,467,241,95
608,1070,465,242,467,404,466,1046,468
739,266,464,848,465,755,242,467,241
609,966,582,967,905,475
289,449,833,519,332,333,1054,1023
609,929,584,606,174,175,535,542,607
1090,67,452,486,487,180,181,408
331,78,593,434,338,342,665,381,830
178,1079,344,345,346,347
96,331,78,434,338,927,830,95
96,359,7,526,367,400,114,735,95
832,737,1060,549,550,681,531,532,533
1024,33,265,14,1038,401,1042,733,511
33,194,454,266,397,270,496,913,567
384,482,624,465,464,466,467
902,1033,1034,750,239,1074,403,565,571,796
193,1027,483,299,434,150,250,381
165,390,403,373,438,23,441,282
453,454,455,456,424,377,316,319
454,455,776,424,456,377,219
454,455,424,456,425,377,319
454,455,776,424,425,456,917,377,316,319
613,7,555,364,848,151,568,1053
514,392,137,393,146
704,261,262,552,142,126,861,702
97,98,963,965,366,304,83,86,87,88
906,555,434,338,150,759,440,381,830
195,867,197,550,903,904,739,740,848,755
96,673,802,387,657,244,22,188,383
453,776,425,426,178,499,252,254
288,449,450,518,333,437,1054
163,420,773,135,206,985,219,829
71,743,42,52,411,90,59,412,157
641,515,301,632,633,635,638,639
482,486,648,107,464,433,465,242,467,123
96,678,682,367,400
291,230,231,104,1014,439,26,413,1054
552,1033,113,434,628,757,1048,121,987,670
641,552,140,113,434,628,1048,121,670
388,5,486,487,430,977,503
489,171,13,273,24,25,93,830
934,935,939,683,717,462,271,272,560,759
96,678,682,526,400,244,920,95
484,645,487,712,202,1067,1003,1009,1052
388,645,486,712,202,1067,1003,1009,1052
928,452,486,551,180,181
865,1035,855,434,1074,403,950,951
96,352,514,195,740,197,711,749,755,148
256,384,390,241,242,467,466,149
3,164,165,38,204,334,143,303
36,165,166,295,457,334,303,213,1082,860
36,421,165,295,166,275,278,470
324,71,75,204,624,625,944,307
167,457,303,209,275,539
167,457,395,303,275
352,193,107,203,751,148,149,155
4,10,749,466,242,467,468,857,26,93
549,741,750,751,1074,149,862
384,482,642,464,465,241,242
447,42,92,90,412,287
641,299,300,460,301,141,632,635,638,639
513,1039,1040,881,924,925,350,351
354,226,772,776,361,234,214,502,956
1088,68,69,328,51,245,312,60,31
160,71,688,307,308,158,159
963,964,101,271,272,88,89
99,964,101,963,271,272,88,89
99,963,101,271,272,84,87,88,89
2,26,4,332,493,13,341,1080,474
707,740,741,711,749,750,434,755,150,151
673,740,741,711,749,750,755,374,150
673,707,740,741,749,750,434,755,150
577,579,580,581,554,505,605
929,579,580,581,554,505,605
322,227,228,776,233,779,493,178,1045
577,579,580,581,554,505,605
576,579,580,581,554,508
844,846,630,791,573,926
574,846,910,880,791,573,926
907,908,909,1071,1051,1022
614,92,90,411,412,157,447
907,908,1071,1048,1051,1022
3,739,549,12,848,16,754,1013,54,150
978,979,505,506,508
992,577,929,654,980,506,507,508,511
992,577,654,980,507,733,511
978,979,505,506,508
288,449,450,833,518,519,437
992,1002,980,1016,509,510,511
1002,980,1016,220,509,510,511
1002,980,1015,220,509,510,511
978,979,505,506,508
384,482,71,464,465,242,276,478
512,553,687,1040,272,1039,1041,1043,575
322,326,327,876,178,316,319
0,1,484,8,9,10,171,11,17
673,902,711,568,684,722,692,888
576,577,578,579,580,581,935,554,980
47,48,368,150,151,602,603,604,478
576,577,578,929,388,503,935,980,535,538
47,368,151,602,603,604,478
47,368,151,602,603,604,478
576,929,578,577,388,935,648,980,535,536
577,674,579,580,581,554,505
389,742,711,849,692,568,699,189,94
387,389,742,711,849,692,699,189,94
478,742,711,1036,717,692,568,796,734,959
545,676,677,1066,1067,402,474,827,1052
167,233,457,303,178,275,1045,278
574,844,846,629,630,573,926
844,846,880,630,793,732,573,926,607
288,449,450,291,518,519,437
574,844,846,880,629,732,573,926
844,846,880,792,793,732,573,926
574,844,846,880,791,793,732,573,926
844,846,630,793,732,573,926,607
574,846,629,792,793,732,573,926
609,419,355,966,905,661,662,475
101,934,551,968,408,409
960,993,961,994,1000,653,654,605,542
544,993,994,1000,653,654,542,991
812,494,847,178,344,345,346,347,223
960,961,994,653,654,627,541,991
867,306,403,373,438,441,735
736,1058,418,874,661,662
193,482,930,296,685,622,625,465,343
33,867,484,837,711,904,239,529,530,155
577,802,98,929,578,590,591,592,529,530
446,574,846,880,629,631,732,573,926
556,557,878,558,272,563,660,920,698,668
1057,1039,1040,881,207,913,572
551,556,557,878,558,272,561,920,698,668
557,878,558,272,561,563,660,920,698,668
843,557,558,559,272,562,660,920,698,668
551,683,556,878,558,561,660,920,698,668
512,553,687,1040,272,1039,1041,1043,575
551,557,878,558,561,563,660,920,698,668
551,843,557,558,559,562,660,920,698,668
551,683,556,878,558,561,660,920,698,668
608,193,482,930,296,685,625,465,343
929,610,834,935,648,680,683,174,687,528
929,611,612,805,836,935,683,174,693,667
192,513,550,298,593,664,665
548,550,907,590,591,592,600
192,513,550,298,593,664,665
737,546,513,548,550,665,924
546,547,548,549,550,401,596,597
546,547,548,549,550,974,924,543
546,547,548,549,550,401,507
548,549,590,591,592,600,601
296,204,685,625,404,405,828
1090,1001,1004,1005,1006,1010,404,828
935,937,938,535,536,537,538
935,937,938,535,536,537,538
935,937,938,535,536,537,538
935,937,938,727,535,537,538
940,941,590,591,592,688,112,600
512,936,553,589,687,1040,1043,575
546,547,548,550,401,596,597,924
1069,434,466,468,242,467,568,862,191
865,738,806,1074,855,600,862
866,709,298,879,753,982,762,763
866,709,298,879,753,982,762,763
866,709,298,879,753,982,762,763
866,709,298,753,982,762,763,351
866,709,298,879,753,982,762,763
641,515,516,140,626,632,633,635
641,515,516,140,626,632,633,635
641,140,301,147,635,638,639
548,972,401,305,339,1048,638
642,200,204,620,241,148,373,375,151
193,1027,483,236,434,150,381
609,419,644,933,874,588,910,911,662
546,548,549,550,590,592,601,155
737,650,716,652,879,725,982,763,764
865,738,902,806,1034,1069,1074,600
1057,1036,717,1039,1040,913,914,759
716,717,594,595,692,854,759,758
716,717,594,595,692,854,759,758
650,716,717,594,595,692,758,759
192,548,298,593,664,665
192,709,593,594,595,596,597
322,326,327,875,876,319
192,593,594,595,596,597,599
868,869,6,872,873,425,212
832,737,596,597,598,599,350,543
832,737,759,596,597,598,599,543
96,481,243,502,122,123
614,74,42,52,411,412,59,92,157
737,546,548,759,596,597,598,599
737,546,759,174,596,597,598,599
484,489,171,273,115,19,1013,342,24
683,556,878,1039,1040,558,561,660,698,668
512,935,553,589,687,1040,272,1039,1043,575
1036,914,692,949,760,761,863
513,753,594,723,982,313,764,351
513,879,912,753,723,313,763,351
832,513,753,982,313,764,62
832,709,879,239,753,723,982,62,351
675,805,647,680,657,693,728,666,667
675,805,680,649,657,916,693,728,731
675,805,647,680,657,915,693,728,666
675,805,646,680,714,657,658,915,693,728
675,805,680,649,657,916,693,728,731
71,743,520,74,447,52,59,700,287
675,805,646,680,714,657,658,915,693
196,710,907,908,974,1071,208,117,53,380
966,582,586,587,588,497
963,580,615,616,585,80,86,87
992,993,961,960,1000,653,654,627,1017,605
992,993,960,994,1000,653,654,627,605
1061,837,711,1063,809,692,854,888,730,863
680,686,657,693,694,695,894,895
834,675,610,805,680,657,693,663
675,805,680,719,657,693,663,697,1083
746,747,1020,651,878,558,660,668
744,746,747,1020,660,920,668
746,651,1020,556,660,920,668
451,197,263,264,200,26,29,30
131,617,618,107,205,45,433
229,6,231,997,230,216,794,795,413
997,6,229,230,937,231,216,794,795,413
229,6,997,230,231,14,216,794,795,413
650,849,692,949,887,761,699
805,744,657,561,690,691,693,953,954
805,744,1034,907,1039,1040,592,690,691
582,615,585,80,247,445,446
641,515,516,392,140,626,632,633,635
929,609,67,584,619,1012,249,606,607
609,929,67,966,584,619,174,1012,606,607
449,289,833,291,333,220,1054
929,388,648,607,528,980,511
545,36,677,229,167,872,230,235,413
260,358,105,906,434,150,440,379,30
579,899,612,836,907,535,536,538,667,894
97,1065,747,1020,557,560,563,660,668
870,845,1084,314,860,1085,222
320,321,326,327,521,522,875,144,319
326,327,521,875,523,524,525,144,316,319
872,521,875,523,524,525,144,178,316,317
1057,835,207,881,913,570,572
675,805,680,686,657,693,694,695,696
746,1020,560,563,660,920,698,668
902,721,722,887,888
675,680,686,657,693,694,695,696,667
36,6,616,585,330,80,114,86,278,446
41,79,240,304,659,729,158,63
641,392,140,301,635,638,639
641,392,140,301,635,638,639
388,5,486,487,430,977,503
675,805,647,719,657,693,697
675,680,719,657,693,697,668
902,1036,717,760,722,692,568,761,734,863
675,836,805,680,657,693,663,697,667
832,737,546,550,652,401,564,725,350
964,677,648,815,528,527,817,824,1050,827
966,582,586,587,588,846
740,292,902,1069,722,755,468,565,568
1036,914,692,949,760,761,863
292,472,568,722,854,471,888,473
292,740,472,854,471,568,473
292,472,568,468,565,854,471,888,473
354,868,869,776,872,873,212,318
292,717,1069,434,468,565,759,568
864,568,1036,692,760,797,734
555,1069,468,565,150,854,568,26,478
1024,324,71,74,1038,343,59,92
321,322,6,521,875,523,525,144,278,319
675,805,680,657,693,663,667,731
650,717,849,692,568,699,734
704,705,707,37,70,429,48,852,702
840,1036,1039,1040,592,882,693,885,891,1021
331,1070,78,368,434,311,380,381
705,707,708,37,70,267,429,852,702
704,705,707,37,70,429,48,852,702
354,226,360,234,956,272,178,499,316,317
641,392,140,301,635,638,639
641,392,140,301,635,638,639
33,902,684,721,722,888,730
1033,1034,555,1069,855,434,1074,951
865,902,1033,1034,555,1069,855,434,1074,951
1029,71,72,1032,74,1001,458,1033,52,59
805,646,680,714,657,658,915,693,728,894
805,647,680,728,657,915,693,920,666,894
896,898,901,838,842,907,884,920,894,895
896,898,901,838,842,907,884,924,894,895
896,898,901,838,842,884,697,1020,894,895
929,934,935,683,556,878,558,272,561,698
388,901,1030,486,487,969,503,504
643,197,837,1063,809,653,54,733,543
641,515,140,626,632,633,638
672,621,113,121,220,669,670,671
672,621,121,220,669,670,671
672,621,121,220,669,670,671
672,621,121,220,669,670,671
672,621,121,220,669,670,671
97,99,963,939,86,88,1050,255
641,140,301,635,638,639
640,641,140,632,635,636,637,638,639
805,744,649,915,916,693,728,731,894,895
99,100,963,101,232,366,89
352,711,904,748,749,751,338,148,54
609,966,582,586,587,588,846
36,677,870,676,1084,815,817,820,860
676,677,870,36,816,817,820,1084
909,973,974,1071,401,117,121,570,1022
776,782,783,784,785,786,214
71,839,74,150,983,409,890,59,892,1021
896,834,610,680,1039,1040,687,891,1021,895
772,773,774,776,845,375,860,765,766,319
839,892,687,690,1076,890,668,1021,894,895
930,296,685,943,624,625,945,465,720,343
930,296,685,622,624,625,946,720,343
896,834,551,840,272,882,891,1021,894,895
193,930,296,685,622,624,625,465,720,343
839,892,1039,1040,272,1076,698,668,1021,890
896,899,900,1039,1040,272,1021,1077,893,894
899,900,1036,893,1039,1040,1077,698,668,1021
574,938,846,880,629,792,732,573,926
1061,837,692,886,887,568,761,54,989,863
574,846,880,629,792,793,573,926
70,617,618,45,1038,1081,157
453,776,782,783,784,785,786
776,782,783,784,785,786
776,782,783,784,785,178,786,214,278,860
860,457,782,303,783,784,785,786,214,956
772,773,774,776,375,765,766,319
902,684,721,722,887,888,730
805,744,657,691,693,920,953,954
770,772,773,774,776,178,375,767
770,771,772,773,774,776,375,860,767
768,769,772,773,774,776,178,375,1085
769,354,770,772,773,774,776,873,214
382,555,331,750,78,434,372,94,95
865,194,1033,1034,951,1074,981,55
771,772,773,422,774,776,425,375,860
771,772,965,773,422,776,774,375,218,860
771,772,773,774,776,375,344,345,860
1056,733,520,627,980,507,605,511
865,489,1034,751,468,981,151,862
896,899,836,841,1065,891,894,895
809,849,914,692,886,759,568,734
834,840,1065,687,592,882,698,891,668,1021
746,651,683,660,920,698,668
326,782,784,787,788,789,319
326,783,784,787,788,789,319
902,750,656,692,759,568,699,734
322,327,787,788,789,319
902,650,716,722,692,949,888,761
800,801,170,812,780,178,344,346,798,799
800,801,170,812,780,178,344,346,798,799
800,801,170,812,780,178,344,346,798,799
800,801,170,812,780,178,344,346,798,799
800,801,170,812,780,178,344,346,798,799
579,899,900,836,1065,907,536,538,894
800,801,170,812,780,178,344,346,798,799
579,899,836,1065,907,536,894,895
832,737,550,652,564,725,764,350
610,834,590,591,592,1040,1039,687
71,749,751,48,52,149,150,151,59
257,740,1069,79,306,403,755,659,151,63
287,326,614,42,79,90,92,447
322,326,327,521,876,877,144,178,319
870,775,776,777,778,779,845,222
870,775,776,777,778,779,845,222
773,870,775,776,777,779,845,215
864,742,717,887,760,761,699,863
870,775,776,779,845,281,1085
870,775,776,777,778,779,845,215
612,1036,1039,1040,592,1076,1077,885,668,1021
839,907,1036,1039,1040,592,889,890,892,1021
1057,546,835,1060,550,684,881,913,758
642,166,169,622,943,624,625,944
839,1039,1040,272,592,591,1076,890,892,1021
839,907,591,592,1040,272,889,890,892,1021
354,771,772,773,774,375,344,316
930,36,679,296,685,1038,307,278,343,157
899,900,1065,907,1041,535,536,538,894
546,550,747,878,751,558,752,561,668
546,550,747,751,752,149,150,668
935,937,938,727,535,536,537,538
929,388,935,648,528,980,607
641,392,140,301,626,632,635,638,639
163,71,296,625,404,405,828
896,841,1065,907,591,1040,594,313,351
896,898,901,838,842,1039,1040,884
896,898,901,838,842,1039,1040,884
832,652,239,912,401,564,598,764,350
935,843,1020,683,559,560,562,660,698,668
514,392,393,137,146,757,638
675,611,805,841,683,174,592,657,693,697
71,447,74,42,90,59,92,287
832,239,912,401,564,596,597
718,143,434,851,501,469,150,534
896,832,836,841,687,531,533,922,894
608,673,484,37,69,429,718,338,434,51
267,331,1070,78,434,338,958,311,830
641,515,626,632,633,638,639
198,491,492,1044,1047
167,457,303,209,539
805,744,940,1070,591,657,691,953,954
614,71,42,14,411,412,90,59,92,447
608,166,169,622,334,624,625
608,166,169,204,622,334,624,625
1036,914,692,54,568,796,734,831
416,417,903,904,1064,368,797
995,807,808,431,1011,1016
995,807,808,431,1011,1016
1036,656,849,914,692,699,734
870,1072,1073,918,344,281,860,1085,222
641,1027,638,301,945,626,883,311,830,639
963,964,965,6,86,87,88,1050,255
992,67,260,105,655,249
480,172,813,110,81,439
352,489,748,749,751,1074,342,284
290,354,873,170,394,1041,726
290,354,226,872,873,170,394,726
101,934,968,810,939,973,271,272,304,540
672,265,621,113,435,121,220,669,671
1027,78,945,434,958,311,381,830
3,38,390,143,241,116,438
905,619,653,627,1017,1018,605,607
641,517,299,300,301,632,635,638,639
993,1000,619,653,846,627,1018,605
292,429,1069,721,468,565,150,568,473
673,902,684,721,722,887,888
130,419,905,874,653,654,442,790,538
130,421,870,677,46,815,817,820,821,470
130,421,166,46,817,820,821,470,823,825
64,66,259,583,152,60,127
64,66,259,583,152,60,127
64,66,357,294,245,152,60,127
418,162,419,421,399,790,535,470
355,67,105,654,655,661,662,249
64,66,259,236,60,127
832,513,547,549,982,313,925,350,351
675,680,686,657,693,694,920,667
675,680,686,696,657,693,694,695,920,667
162,130,421,166,399,470,1049,442
162,130,421,470,664,665,1049
418,419,132,130,536,653,790,408,1049,442
64,294,127,245,152,88,60,511
867,740,715,718,755,851,373,374,469,534
107,203,718,401,596,597,374,23,221
416,417,902,903,904,1064,721,722,692,888
416,417,902,903,904,1064,721,722,888
331,1070,368,403,311,380,381,830
37,555,715,429,434,854,630,1051,926
704,37,429,271,721,434,818,854,414
705,706,37,70,715,429,852,380
705,706,37,70,715,429,852,854
803,804,328,566,1055,509,510,511
803,804,328,566,1016,1055,509,510,511
705,708,37,70,429,434,852,702
704,706,387,37,429,48,434,852,981,702
555,715,718,434,690,691,850,851,469
802,710,383,716,15,53,22,760,30,863
490,555,434,403,469,374,855,501,534
609,582,967,966,905,475
0,352,202,749,110,81,19,342,284
388,5,486,487,430,503
997,1001,1004,974,855,977,950,951,856
97,746,651,1020,660,920,698,668
289,833,291,519,332,333,1054
513,546,548,550,1039,1040,593,23,924
674,580,581,103,616,585,49,980,506,511
1091,998,940,718,850,851,117,920,953,954
480,172,813,110,81
555,1035,855,434,1074,950,951,94,95
1034,555,1035,855,434,1074,565,951
289,450,291,519,333,1054
676,677,870,366,814,817,820,821,823
676,677,870,46,527,817,820,821,470,824
676,677,46,816,817,820,821,827
736,1058,418,874,661,662
676,677,870,366,817,819,820,821,470,823
676,677,870,814,817,819,820,821,823,826
676,677,870,366,817,818,820,821,823,827
676,677,870,815,816,817,470,825
676,677,870,366,815,816,819,470,822,825
675,646,999,714,657,915,916,693,697,894
676,677,870,366,815,816,821,825,826,860
675,649,970,657,916,693,728,697,731,894
676,677,870,366,815,816,819,823,825,826
676,677,46,815,816,820,825
676,677,870,366,815,816,470,825,826,827
675,805,680,971,728,657,915,916,693,920
388,486,430,369,503,857,474,1052
1060,1061,837,711,368,721,886,989
1060,837,902,1061,942,721,722,888,989,863
609,935,584,619,174,1012,606,607
1026,683,557,878,1039,1040,558,660,698,668
1025,903,711,904,1064,721,54,571,797
675,1030,680,657,693,695,857,858,987,990
859,675,680,657,977,693,695,857,858,987
673,1025,902,684,722,854,888,476
388,5,486,487,430,503,570
388,5,486,487,430,503
935,936,937,938,727,535,536,537,538
994,937,938,727,535,536,537,538
997,1001,458,1034,300,432,822,855,827
936,937,938,535,536,538
1030,1031,1032,975,977,858,859,990
795,876,817,52,820,821,794,59
795,876,815,816,52,825,794,59
608,1030,987,205,434,338,859,125,990
546,1060,1061,837,711,942,886,989
935,937,938,727,535,538
546,1060,837,1061,711,886,887,989,863
931,260,478,937,112,246,311,158
675,805,646,680,714,657,915,693,728,988
739,740,902,1062,713,750,848,755,854
896,839,1040,657,1076,693,890,892,1021,894
130,421,998,295,875,718,399,850,851,470
896,900,1040,657,1021,693,885,1077,893,894
258,932,933,910,911,336,627,605
644,933,937,910,911,627,605,607
1091,743,432,850,52,117,278,853,921,59
609,418,582,967,586,587,588
872,74,43,46,688,689,52,120,59
932,648,269,1038,528,598,1081,733,511
929,580,511,978,979,505,506,508,733,543
992,929,543,978,979,505,506,508,733,511
101,934,968,939,973,974,84,85,540
931,935,974,718,112,851,501,469,534
160,1061,837,1063,809,1070,368,476,989
292,773,297,906,45,48,434,468,150,378
546,548,549,550,590,591,923
642,169,204,622,943,624,625,944,945
642,166,169,204,622,943,624,625,944
642,166,169,204,622,624,625,944,1082
841,1065,657,690,691,698,953,954,1020
642,169,622,943,624,625,944,946
574,846,880,629,732,573,926
960,961,994,992,1000,653,654,605,991
960,961,994,653,654,541,991
960,961,994,992,653,654,541,991
644,932,933,910,911,627
609,419,355,966,967,874,662,475
609,419,966,967,905,535,475
642,169,622,943,624,625,944
547,548,549,71,74,593,52,922,59
101,934,551,973,974,408
129,427,972,398,239,401,370,94
1002,1067,1004,1005,1006,1010,1015,1016,1052
1001,1002,1067,1004,1005,1010,1015,1016,1052
1001,1002,1067,1004,1005,1010,1015,1016,1052
1003,1004,1005,1006,1007,1008,1010,1011
1004,1005,1006,1007,1008,1010,1011
1003,1004,1005,1006,1007,1008,1009,1010,1011
1004,1005,1006,1007,1008,1010,1011
1004,1005,1006,1008,1010,1011
1004,1005,1006,1008,1010,1011
1003,1004,1005,1006,1007,1008,1009,1010,1011
1001,1003,1004,1009,1010,1015,1016,954
1001,939,1003,1004,1009,1010,953,954
995,1003,1067,1004,1006,431,1009,1010,1052
416,417,673,711,684,722,888,476,959
568,1036,760,761,1051,1021,863
99,101,934,551,968,974,271,272,85,540
101,934,551,973,974,408
891,935,840,727,600,940,535,536,955,158
1029,1030,1031,940,977,693,990,605,158
1029,987,1030,1032,1031,657,859,990
675,1029,1030,1031,1032,680,657,977,693
1029,1030,1031,1032,657,977,693,859
1029,987,1030,1032,1031,657,977,859
1029,1030,1031,1032,680,657,977,693
1029,987,1030,1032,1031,977,859,990
896,1065,681,298,112,1076,1077,1019,894,895
992,929,388,648,528,503,511
66,259,583,328,648,173,948,566,60
165,751,148,149,150,151,478
736,418,419,1058,874,1017,1018
1058,419,418,874,661,662,1017,1018
902,568,1036,760,722,692,888,761,1051,863
1028,331,429,1070,78,434,338,852,372
954,935,600,940,272,535,536,953,538,955
900,935,937,592,536,954,955,893,158,575
960,961,994,992,653,654,627,991
961,994,993,1000,653,654,627,605
992,993,961,994,1000,653,542
992,993,961,994,960,1000,605
745,940,428,591,500,856,953,954,187,382
745,266,298,428,591,500,856,954,187,351
745,940,428,591,500,856,953,954,187,382
745,266,428,591,691,500,856,954,187,382
963,36,421,166,330,399,309,470,248
1057,1036,1039,1040,881,913,758
745,266,428,591,500,856,953,954,187,382
96,1027,331,78,434,958,311,830,95
2,4,13,857,474,91,93
1027,331,78,1070,434,338,311,830,927
99,100,101,968,271,272,84,88
99,100,101,964,968,271,272,85
99,100,101,965,271,272,84,87
99,100,101,939,271,272,84,1050
934,551,973,974,408,409
160,71,688,158,159
1068,1005,1006,1004,1008,1010
1056,1057,835,650,881,913,758,570,572
3,165,38,359,7,114,499,438,735
198,491,492,1044,1047
96,678,712,682,367,400
807,808,1002,1011,1015,1016
96,98,678,682,367,400
678,682,526,367,400,402
969,591,592,657,975,976,693,1080,605,990
647,969,975,976,657,658,693,1080,990
1032,969,975,976,1080,987,990
96,678,712,682,526,402,95
162,421,270,399,470,1049
1057,1039,1040,881,207,913,572
1003,1067,1037,1009,474,1052,990
1003,1067,1037,1009,474,1052,990
1003,1067,1037,474,1052,858
610,834,600,941,591,272,535,536,601,538
512,1057,835,553,1036,1039,1040,1043,575
929,994,1000,937,619,627,1012,605,606,607
675,805,649,657,915,916,728,731,894,895
992,993,961,960,1000,653,654,605,542
418,907,908,1071,28,1022
418,907,908,1071,28,1022
512,935,937,1039,1040,687,1041,916,728,575
940,941,590,591,592,535,600,601,538
935,940,591,592,535,536,953,954,955,889
67,260,105,655,249
932,644,933,937,911,627
896,681,298,14,591,657,922,1019,894,895
512,1057,966,1039,1040,881,758
992,993,994,1000,653,654,991,605,542,543
645,712,202,1003,1004,1068,1009,1010,1013
641,515,140,626,632,633,638
929,994,935,584,937,619,627,1012,607
418,419,1058,874,536,1017,1018
67,260,105,655,497,249
2,4,10,13,341,26,93
449,669,496,113,121,570,220,509,510
613,364,1069,855,951,1053
130,1091,421,166,295,399,309,470,248
453,423,424,426,917,377,316,317
1091,358,998,105,718,655,850,851,246,249
583,328,366,566,509,510,511
583,328,395,173,1038,948,566,312,250
641,517,392,140,301,632,633,635,638,639
96,928,802,526,244,22,920,382,95
928,802,935,15,592,657,693,188,383
736,1059,745,874,304,500,661,250
289,519,329,332,333,401,1081
969,975,976,657,920,1080,987,990
512,553,589,1040,1043,575
485,489,171,813,115,439
485,489,171,813,115,342,439
480,489,172,813,110,439
485,489,171,11,273,17,115,342
489,171,813,273,371,115,342,439
387,484,489,107,172,813,273,115,94
228,772,233,1072,1073,212,860,222
0,448,1,4,8,9,10,26
0,9,10,172,93
0,1,489,10,19,341,342,26,93
0,1,8,9,10,19,26,93
6,71,871,425,362,45,307,212,919
289,449,450,519,333,220,1054
288,449,450,518,519,333,437
419,582,874,497,661,662,631,793,732,574
514,898,1091,850,851,117,853,921,858
480,489,171,813,463,273,115,439
907,908,1071,401,1078,118,1022,543
803,804,328,566,1048,1016,1055,511
717,849,914,692,568,699,734
673,1060,902,1036,684,722,692,982,758
99,963,101,934,939,271,272,88
963,215,965,6,425,499,86,214,186
288,833,450,388,518,1011,220,1023
37,422,39,743,267,429,852,380
1088,37,70,229,69,267,429,380,413
896,646,714,591,592,915,916,728,894,895
96,641,300,526,400,402,95
962,995,1067,1037,474,1052
160,71,743,72,74,297,75,59,158,159
66,294,583,173,312,60,735
96,928,526,244,22,920,382,95
833,289,995,388,965,329,332,1011,87
197,709,298,879,753,594,595,723,982
1033,490,1034,855,1074,118,951,381
64,258,357,294,328,245,152,537,60
490,715,718,855,434,850,851,374,951
1030,1031,987,940,657,977,920,954,859,990
71,72,74,46,307,52,308,59
165,229,38,230,748,1014,284,413,94
36,997,6,229,230,1001,399,432,413
287,71,743,42,90,59,92,157,447
736,1058,418,874,661,662
581,978,980,505,506,508,1086
1091,36,870,1004,1005,1006,1007,1010,52,986
354,494,847,178,344,345,223
160,3,71,12,306,374,94,156,158,159
996,1033,299,140,204,724,757,987,637
738,902,806,1064,721,722,434,22,796,797
1089,1090,1001,202,1003,1067,1068,1009,508
1089,1090,1001,202,1067,1003,1009,49,508
288,449,450,995,518,519,1011,1016
802,937,911,15,627,22,188,605,383
65,929,103,594,595,597,598,599
33,323,623,433,722,530,529,888,543
192,1027,867,330,298,593,594,595,309
608,166,169,943,624,625,945,944,1082
257,293,71,743,74,79,52,569,59
96,641,391,682,300,526,95
897,898,901,6,71,842,500,884,59
928,802,555,750,974,402,22,920,382
391,555,368,434,243,150,22,122
480,171,11,17,273,439,24
