1,130,5,133,261,13,16,17,22,26,27,30,158,32,35,37,38,170,43,44,45,47,51,52,53,54,313,58,60,320,64,66,69,199,201,87,88,89,218,219,222,95,224,229,231,232,234,238,239,243,121
256,2,135,263,7,138,266,268,271,16,17,22,23,26,28,158,31,32,160,163,38,168,42,46,48,50,51,53,56,313,57,58,60,61,63,192,67,69,73,202,76,77,208,210,84,87,216,219,92,91,221,231,236,237,246
130,3,2,5,131,135,8,7,9,139,10,16,17,22,23,151,24,28,158,32,163,293,166,167,42,43,172,50,51,179,313,58,187,316,317,63,192,320,66,198,328,200,205,209,210,87,219,220,222,227,238,122,123,127
3,6,7,8,135,12,16,17,21,22,23,158,31,32,160,34,163,38,40,168,42,46,47,48,49,50,51,53,55,56,57,315,187,60,61,64,66,323,67,71,205,87,219,221,229,230,231,236,237,245,122
0,130,5,7,138,13,17,20,22,23,26,30,158,32,33,35,36,293,37,167,40,43,44,45,51,52,53,54,55,313,316,317,62,320,64,66,69,198,199,327,201,87,88,89,222,224,228,230,231,234,237,238,243
3,4,5,262,260,12,16,19,22,24,28,285,158,32,34,163,39,43,47,51,310,55,312,58,315,317,318,319,63,322,324,196,198,199,200,205,210,83,213,87,89,223,231,233,239,118,249,122
0,1,2,5,261,7,9,266,13,17,23,155,30,158,32,163,37,43,44,45,50,51,54,55,313,58,187,317,62,320,64,66,194,69,198,199,327,87,88,222,224,228,229,230,231,232,105,234,237,238
0,1,130,2,5,13,271,15,17,16,21,22,24,26,27,158,32,33,160,163,37,168,42,43,44,45,51,54,55,313,317,191,320,64,66,69,198,199,327,87,222,94,224,225,229,231,233,234,238,243,121,251
1,4,5,7,8,136,9,10,16,22,23,24,151,28,158,32,35,163,293,166,167,40,41,42,43,47,50,51,179,53,54,55,58,187,62,63,320,66,198,199,205,210,87,222,224,226,228,231,232,234,237,238,239
0,2,130,5,8,265,10,139,13,16,19,20,22,23,281,28,157,158,32,289,163,39,41,42,43,175,50,51,54,55,57,58,317,63,64,320,66,69,198,199,210,87,219,222,224,227,231,233,234,118,253,127
128,1,5,7,135,12,13,17,19,22,23,155,158,32,163,37,40,43,44,45,49,51,54,55,58,64,66,195,323,194,206,87,92,222,224,228,230,231,232,233,234,235,105,237,116,122
257,258,1,260,5,262,13,16,17,22,23,27,28,30,288,32,34,35,163,37,40,43,44,52,54,55,312,58,318,63,64,71,199,201,87,88,89,218,222,224,229,230,231,232,234,237,238,245,248,249,122
257,258,260,5,262,7,267,12,13,17,19,23,155,158,30,32,33,34,163,37,40,43,44,45,51,54,55,58,318,62,64,66,194,68,213,87,89,221,224,225,229,230,231,233,234,105,236,237,116,245,249,122
5,135,7,9,138,10,266,140,13,16,22,151,26,28,158,32,163,292,37,42,43,44,303,51,54,311,313,58,63,194,324,69,199,200,73,327,202,205,81,210,215,88,87,222,231,234,237,109,239,246,251
128,1,3,261,5,8,12,13,16,19,277,22,23,27,28,30,32,33,34,35,163,37,43,44,52,54,58,59,60,61,63,320,64,88,89,218,92,222,224,227,228,229,231,232,233,234,109,238,239,117,120
0,3,4,5,12,16,17,22,24,28,158,32,34,163,39,168,42,43,47,175,51,54,55,313,58,317,190,191,320,193,63,69,327,199,200,207,87,88,222,223,224,100,101,231,233,234,238,239
130,5,261,7,9,266,13,277,21,23,26,155,30,158,32,163,37,43,44,45,50,51,54,55,313,187,317,62,320,64,66,194,69,198,327,199,87,222,224,228,230,231,232,105,234,106,237,110,238,243
130,5,138,266,13,20,23,26,157,158,32,163,37,39,43,44,45,174,175,49,50,51,54,55,313,58,317,318,64,320,66,69,199,205,210,87,88,215,222,224,228,229,230,231,234,235,237,243,118,249
256,5,6,135,7,267,12,16,145,23,158,287,32,31,163,38,40,168,46,48,49,50,51,53,54,55,56,57,315,60,61,319,64,66,323,67,71,72,213,87,219,221,97,230,231,236,237,244,122
5,135,10,138,140,11,267,13,16,275,276,20,23,25,158,160,32,163,292,37,40,43,44,45,303,49,51,53,54,58,64,66,73,74,202,205,81,210,84,87,216,215,219,91,230,231,234,237,239,246,251
1,130,2,5,7,136,9,10,16,17,22,23,24,26,155,28,158,32,163,41,43,44,50,51,54,55,313,58,187,60,63,66,194,69,199,327,200,87,222,224,228,229,231,232,234,237,238,116,121
0,1,3,4,5,135,10,138,140,266,11,271,12,15,16,275,22,24,26,27,28,158,160,34,163,39,168,42,43,47,51,55,58,317,63,199,200,73,329,81,87,223,228,231,233,234,237,239,246,121,251
128,1,129,132,5,7,19,278,23,154,155,285,158,31,162,163,40,43,44,49,50,51,53,54,55,56,57,60,61,66,195,196,194,67,209,83,215,87,92,223,224,228,105,234,235,111,240,112,117
263,264,266,267,268,269,271,273,274,281,283,158,32,163,44,51,58,68,69,71,75,205,79,80,81,210,84,85,86,87,88,89,215,92,98,99,106,123,109,241,242,243,116,117,249,251,252,253,254
5,263,264,7,268,269,271,272,273,274,277,281,283,158,32,163,44,51,313,58,68,69,71,73,75,77,205,80,81,210,84,85,86,87,88,89,215,92,97,98,99,106,109,241,242,243,116,246,249,251,127,253,255
261,7,264,266,269,270,271,273,277,151,281,283,158,32,163,44,306,51,313,58,68,69,71,73,75,205,79,80,81,210,84,85,86,87,88,89,215,92,97,98,106,109,242,243,116,246,249,250,251,253,254
256,257,263,8,267,269,274,22,23,27,283,158,32,163,166,44,51,58,187,192,68,71,72,202,76,77,205,79,208,81,210,84,86,87,88,89,216,215,92,98,99,105,109,243,244,245,246,116,249,253,254
256,257,258,260,5,262,263,267,269,271,274,275,22,281,283,158,32,163,44,51,58,187,68,71,72,73,74,202,76,77,205,208,81,210,84,86,87,88,89,215,98,106,109,243,244,245,246,116,248,249,251,253,254,127
257,261,263,264,135,10,138,266,268,270,271,7,267,16,275,276,277,151,283,158,32,163,51,58,68,69,198,71,73,74,205,80,81,210,84,86,87,88,89,215,91,92,121,98,106,109,243,116,246,249,251,253
256,257,259,261,263,7,267,268,15,275,276,280,283,155,158,32,163,291,51,58,194,68,70,71,72,73,74,76,77,79,81,84,86,87,88,89,91,92,247,93,100,101,102,106,107,109,242,116,245,119,121,251,253
256,257,258,260,261,262,263,264,267,268,269,271,277,158,32,163,44,51,58,191,68,69,71,73,75,205,79,81,210,84,86,87,88,89,215,92,97,98,100,106,109,110,242,243,116,245,246,114,248,249,251,253,255
256,257,258,260,261,262,263,264,7,267,269,270,271,277,281,283,158,32,163,44,51,58,318,68,69,71,200,73,205,80,81,210,84,85,213,86,87,89,88,215,98,106,109,242,243,116,245,246,248,249,122,251,253
260,261,263,264,135,266,269,270,273,277,281,283,158,32,163,44,51,58,68,69,71,75,205,81,210,85,86,87,88,89,215,92,93,94,95,97,98,104,105,106,107,109,114,243,115,117,116,120,249,250,251,253
257,260,261,262,135,264,263,266,138,10,268,270,271,16,275,277,283,158,32,163,292,44,51,58,68,69,71,73,74,205,81,210,84,86,87,88,89,215,98,249,231,106,109,239,242,243,116,246,121,250,251,253
263,264,265,266,267,268,269,273,281,283,284,158,32,163,44,51,58,68,69,71,72,74,76,77,205,79,80,81,210,86,87,88,89,215,98,227,100,101,99,106,107,109,241,243,116,117,119,249,252,253,254
263,264,265,267,268,269,273,274,281,283,284,158,32,163,44,50,51,58,68,69,71,72,76,77,205,79,80,81,210,84,85,86,87,88,89,215,92,98,99,106,109,241,243,116,246,119,249,253,254
256,257,258,263,264,7,267,269,271,273,274,281,283,155,158,32,163,51,58,194,68,69,70,71,72,76,77,205,79,80,81,210,86,87,88,89,92,121,98,106,109,241,243,244,245,117,119,116,249,253,254
263,264,7,266,268,271,277,151,284,158,32,163,44,51,58,68,325,69,71,73,74,205,79,80,81,210,84,85,86,87,88,89,215,92,97,98,99,100,101,106,109,110,242,243,116,117,120,249,250,251,253,255
256,261,263,264,7,266,269,271,273,274,277,151,281,283,158,32,163,44,51,313,58,68,69,327,71,75,76,205,79,80,81,210,84,85,86,87,88,89,215,92,97,98,106,109,110,242,243,116,246,120,249,250,253
256,257,258,259,260,261,262,266,267,269,13,271,275,20,22,283,158,30,32,34,35,37,167,44,45,51,52,318,64,69,71,199,73,74,200,201,81,213,87,88,89,93,231,106,109,243,116,245,246,248,249,251
256,257,258,259,260,261,262,263,266,267,269,270,271,13,275,22,30,158,32,35,37,40,44,45,51,180,52,64,68,69,199,71,73,74,201,81,86,87,88,89,93,100,230,106,109,243,244,245,116,248,249,122,251,253
256,257,258,259,260,5,262,261,264,267,269,271,275,278,283,158,32,163,44,51,58,318,68,69,71,72,73,77,205,80,81,210,84,213,86,87,88,89,215,98,106,108,109,243,116,245,246,117,248,249,122,251
256,257,258,260,261,262,7,264,267,269,271,273,275,151,281,283,158,32,34,163,51,58,318,322,68,71,73,205,80,81,210,213,86,87,88,89,215,98,106,109,243,116,245,246,248,249,122,251,253
256,257,258,260,261,262,7,264,266,267,269,270,271,275,277,281,283,158,32,163,44,51,58,68,69,71,73,75,205,79,80,81,210,84,86,87,88,89,215,93,98,106,109,242,243,116,246,248,249,251,253
256,257,258,260,261,262,264,266,267,269,270,271,277,283,158,32,163,44,51,58,318,68,69,71,73,203,205,80,81,210,84,85,213,86,88,89,87,215,98,231,106,109,112,242,243,116,245,246,248,249,122,251,253
256,263,264,266,268,269,270,272,273,274,281,25,283,158,31,32,163,47,48,51,58,65,68,69,71,72,74,76,77,205,79,80,81,210,84,85,86,87,88,89,92,98,99,101,105,109,242,243,116,246,119,249,250,251,253
260,261,263,264,266,269,270,271,273,274,277,281,283,158,32,163,44,51,313,58,68,69,71,75,205,79,81,210,85,86,87,88,89,215,92,96,98,106,109,110,242,243,116,246,249,250,251,252,253,254
2,263,135,265,266,267,268,7,281,283,284,155,158,32,163,42,51,58,66,194,68,69,70,71,72,73,74,76,77,79,81,210,84,213,86,87,88,217,89,227,100,103,106,107,109,243,116,117,119,121,251,253
2,263,264,265,266,268,275,277,283,158,160,32,36,173,51,53,62,68,69,70,199,71,73,74,201,205,207,81,210,84,87,88,217,89,92,121,97,98,231,106,109,110,243,116,246,249,251,253
256,257,258,260,261,262,7,264,267,269,270,271,275,151,281,283,158,287,32,163,51,184,58,68,69,71,73,205,80,81,210,213,86,87,88,89,215,97,98,106,109,242,243,116,245,246,117,248,249,122,251,253,254
259,263,7,266,268,271,272,158,31,32,163,44,51,58,66,68,69,71,72,73,74,76,205,79,80,81,210,84,86,87,88,89,215,92,98,99,100,101,106,109,242,243,116,246,119,249,251,253,255
256,263,264,267,269,273,274,22,281,283,158,32,163,39,42,47,51,58,187,68,69,71,72,202,75,76,77,205,79,80,208,81,210,84,85,86,87,88,89,92,121,98,105,106,109,243,244,245,246,116,249,253,254
256,257,258,260,261,262,264,266,267,269,270,271,275,277,282,283,158,32,163,44,51,58,68,69,71,73,205,81,210,213,86,87,88,89,215,98,106,250,109,242,243,116,245,246,117,248,249,122,251,253
257,258,260,261,262,263,264,7,267,268,142,271,273,275,151,283,158,32,163,44,51,58,68,69,71,200,73,205,80,81,210,84,86,87,88,89,215,92,97,98,106,109,242,243,116,245,246,249,251,253,255
256,259,263,264,7,266,267,268,271,272,155,158,31,32,163,168,51,313,194,68,69,70,71,72,73,74,205,79,80,81,210,84,86,87,88,89,121,98,99,100,101,106,109,110,242,243,116,246,249,122,251,253,255
263,264,7,269,271,273,277,279,281,283,158,32,163,176,51,58,68,69,70,71,72,75,76,77,205,79,80,81,210,84,85,86,87,88,89,92,97,98,121,106,109,241,242,243,116,117,118,246,249,250,251,252,253,254
256,263,264,267,268,269,142,273,274,19,20,281,283,157,158,32,163,168,42,51,187,192,66,69,71,72,76,77,78,79,80,208,82,83,84,85,210,87,90,92,94,96,99,102,103,108,113,243,244,245,117,118,249,253,254
257,135,263,10,267,138,266,269,271,16,275,276,277,281,26,283,158,32,163,36,172,51,58,187,189,194,68,69,71,73,74,202,329,205,81,210,84,86,87,216,88,215,91,89,231,106,109,243,116,246,249,251
256,259,263,7,267,268,269,275,276,280,283,155,158,32,289,163,168,51,194,68,70,71,72,73,74,76,77,205,81,210,84,86,87,88,89,91,247,98,100,101,102,106,237,109,243,244,245,246,119,116,121,251,253
261,263,264,7,266,270,271,273,277,151,283,158,32,163,44,51,58,68,69,71,75,205,80,81,210,84,85,86,87,88,89,215,92,121,97,98,105,106,109,110,242,243,116,115,117,246,120,249,250,251,253
1,261,263,264,269,273,19,277,278,281,283,27,158,32,163,44,51,185,58,196,69,68,71,75,205,81,210,83,84,85,86,87,88,89,215,92,94,97,98,105,106,109,110,114,243,115,117,116,120,249,250,253
261,263,264,7,266,269,142,271,273,274,20,277,279,281,283,157,158,32,163,168,51,313,194,68,69,70,71,75,205,79,81,210,84,85,86,87,88,89,92,121,106,109,110,242,243,116,117,246,118,249,251,252,253
263,264,7,266,270,271,273,277,280,281,283,158,32,163,44,51,58,68,69,71,73,75,205,79,80,81,210,84,85,86,87,88,89,216,215,92,98,106,109,242,243,116,244,246,119,249,250,251,253,254
263,264,265,266,268,269,142,273,274,275,20,281,283,157,158,159,32,39,168,51,68,69,198,71,72,204,79,80,81,210,85,86,87,88,89,92,106,109,124,241,243,116,117,246,245,118,249,252,253,254
259,5,262,263,264,7,266,268,270,271,275,277,281,282,283,155,158,32,163,51,58,65,194,68,69,70,71,200,73,74,79,81,210,84,86,87,88,89,121,106,108,109,110,242,243,116,117,246,249,251,253,255
256,263,264,267,269,273,274,22,281,283,158,32,163,42,51,187,191,68,69,71,72,76,77,205,79,80,208,81,210,84,85,213,86,87,88,89,92,98,105,106,109,241,243,244,245,246,117,116,249,251,253,254
263,264,7,273,274,277,281,26,283,284,282,158,32,163,44,306,51,313,58,191,68,69,198,71,75,205,79,80,81,210,84,85,86,87,88,89,215,92,98,106,109,110,243,116,246,249,250,251,252,253,254,255
128,129,130,131,132,5,133,135,134,136,138,137,139,140,19,277,285,286,287,288,289,290,291,163,43,171,51,54,313,190,193,196,198,203,209,210,83,85,215,87,92,228,105,115,122,123,124,125,126,127
128,129,130,131,132,133,134,135,136,265,137,139,138,13,140,17,19,22,23,285,286,288,289,290,291,163,32,169,172,55,192,64,196,70,201,204,205,217,122,123,124,125,126,127
128,257,130,131,132,5,258,135,129,137,138,139,140,267,133,134,136,23,285,286,287,288,289,290,34,291,40,177,51,87,89,98,231,248,249,122,123,124,125,126,127
128,129,130,131,132,5,133,135,136,137,138,139,140,141,264,134,17,285,286,287,288,289,290,291,163,39,66,87,220,231,122,123,124,125,126,127
128,129,130,131,132,133,134,135,263,137,138,139,140,265,268,136,276,285,286,287,31,289,290,291,288,41,55,186,66,196,86,217,99,100,116,121,122,123,124,125,126,127
128,129,130,131,132,133,134,135,136,137,138,139,140,13,23,153,285,286,287,160,289,290,291,288,294,166,170,55,184,64,66,68,205,100,103,233,107,119,122,123,124,125,126,127
128,129,130,259,2,133,5,135,263,137,138,139,268,140,134,136,131,132,285,286,31,288,289,290,291,158,41,48,51,179,55,186,64,66,74,204,87,99,122,123,124,125,126,127
135,142,144,147,148,149,154,155,156,158,160,161,292,293,166,295,296,167,298,299,172,171,170,303,174,175,306,179,307,309,310,183,311,184,178,308,180,330,246
141,142,144,147,148,149,153,154,155,156,158,160,292,293,294,295,296,169,298,299,172,171,167,303,304,305,306,179,307,309,310,311,183,184,177,180,166,330,170,174,175
141,142,144,147,148,150,154,155,156,157,158,160,161,32,163,292,293,294,167,296,297,298,171,299,172,301,303,174,305,306,179,307,309,308,311,183,181,310,180,51,184,330,87,173,175
267,142,143,144,145,147,148,149,153,154,155,156,158,160,164,292,294,295,296,297,169,299,298,166,168,303,175,170,178,307,308,309,310,311,180,184,179,51,167,330,87,171,172,174,110,245
141,142,144,146,147,148,149,153,154,155,156,157,158,160,161,32,163,164,293,294,295,296,169,298,299,167,297,174,172,301,305,178,307,308,306,309,183,184,180,177,179,51,181,330,82,87,173,175
257,7,142,143,144,145,147,148,149,154,155,156,157,158,160,161,163,292,293,164,295,296,297,169,299,298,294,167,303,172,305,178,307,306,309,310,311,184,179,180,181,51,194,330,87,88,89,173,301,175,245
141,142,144,147,148,149,151,154,155,156,157,158,160,32,161,163,292,293,164,165,296,166,298,299,172,171,167,303,170,305,306,179,180,309,310,311,184,183,178,181,51,58,330,205,210,87,173,174,175
142,144,147,148,149,154,155,156,158,160,161,292,293,164,295,296,169,298,299,172,166,167,303,170,305,306,178,307,309,180,183,184,308,179,310,330,87,173,174,175,126
141,142,144,147,148,149,150,152,153,154,155,156,157,158,160,161,164,293,166,167,296,169,298,299,300,171,302,172,174,305,306,179,180,178,177,311,183,184,308,307,51,310,330,87,99,175
7,141,142,144,146,147,149,154,155,156,157,158,160,161,164,293,292,167,296,169,298,171,172,301,302,299,168,305,306,179,178,180,175,311,183,184,185,181,51,71,294,75,297,170,87,173,104,124
7,141,142,143,144,146,147,148,149,153,154,155,156,157,158,160,161,32,163,164,293,294,166,296,169,167,299,172,301,302,175,304,305,178,177,306,309,179,183,184,180,181,51,58,194,68,330,87,173,116
10,138,13,142,144,147,148,155,156,158,30,32,292,293,37,295,167,297,298,299,166,170,172,303,44,305,306,179,180,309,310,183,311,184,177,178,307,68,330,88,231,174,175,246,251
7,141,142,143,144,146,147,149,155,156,157,158,159,160,161,164,293,166,36,296,169,298,299,171,167,302,174,304,305,178,306,180,309,307,308,184,179,181,51,197,330,208,87,172,173,301,110,175
5,141,142,144,147,149,154,155,156,157,158,160,32,161,292,293,165,167,296,169,168,299,172,300,302,303,174,305,306,178,179,309,308,183,177,307,180,51,181,186,330,205,210,87,170,98,173,175,127
141,142,144,147,148,149,150,151,152,153,154,155,156,157,158,160,161,292,293,164,166,296,167,298,171,299,172,300,303,174,305,306,179,178,309,310,311,183,181,177,180,51,330,82,85,87,175
141,142,144,147,148,149,154,155,156,158,160,161,32,164,293,294,295,296,169,298,299,292,170,174,167,172,175,178,307,308,309,306,183,184,180,179,310,166,328,330,87,303
141,142,144,147,148,149,153,154,155,156,158,160,164,293,294,295,296,169,170,299,298,292,174,302,175,305,306,307,308,309,178,177,184,179,310,180,51,166,328,167,330,87,172,303
5,141,142,144,147,148,149,155,156,157,158,160,161,164,293,294,292,296,169,298,299,295,167,302,174,303,305,178,307,308,309,306,183,184,180,179,310,181,330,297,170,172,98,173,175
142,144,147,148,149,151,153,154,155,156,158,160,161,292,293,166,295,296,297,298,299,171,172,167,303,176,305,306,179,174,309,310,311,183,180,51,184,307,324,330,87,170,175,249
138,10,142,144,16,146,147,148,23,154,155,156,157,158,160,161,32,163,292,293,167,297,298,171,172,169,170,303,173,305,306,179,177,309,310,183,311,178,180,51,181,73,205,81,210,87,216,231,175,246,251
257,135,10,138,158,32,51,312,313,186,315,187,317,318,191,192,190,322,323,324,196,198,327,200,328,202,199,319,197,201,204,208,194,205,206,207,213,195,209,216,210,212,214,87,215,103,246,249
263,268,158,31,51,313,186,187,317,190,319,192,193,191,323,196,195,198,327,200,199,202,201,204,205,197,206,208,209,194,211,207,213,210,212,216,217,87,215,99,124
207,158,32,186,190,60,51,313,314,187,316,317,189,319,320,193,192,323,196,325,198,327,200,201,199,202,324,191,197,205,208,209,210,194,206,213,214,195,216,212,87,215
267,13,22,30,32,35,37,44,52,312,186,187,315,317,318,319,192,191,322,323,324,196,195,71,328,200,202,327,199,201,197,205,208,209,194,210,213,214,215,216,88,89,87,245,249,122
158,32,162,165,190,51,189,313,314,186,187,317,316,319,320,193,192,195,196,325,198,327,199,200,201,203,324,204,202,191,208,209,194,76,205,213,206,215,207,210,212,214,87,216,197,328
14,158,163,186,51,310,189,312,313,314,315,187,317,190,319,318,193,322,323,324,196,198,327,200,199,202,325,328,204,191,192,208,209,194,205,206,213,195,207,216,210,212,87,215,217,197,201,249
158,36,190,51,181,312,313,186,187,315,317,318,319,320,193,322,323,324,196,198,327,200,199,202,328,203,329,191,192,208,209,194,205,206,213,195,207,81,89,210,211,212,215,87,216,197,201,248,249
158,32,186,51,312,313,314,315,187,317,189,319,318,193,322,323,324,196,325,327,200,199,202,201,328,329,198,203,208,209,194,205,206,213,195,207,210,212,214,87,215,216,89,191,197,192,249
26,158,32,163,186,43,51,313,314,187,316,189,318,317,320,193,190,323,196,69,198,327,199,200,201,202,195,191,192,207,208,209,210,194,205,213,206,212,216,214,87,215,197
204,205,28,163,166,171,63,51,313,314,187,316,317,190,191,320,321,193,195,196,323,325,327,198,201,194,203,192,68,197,199,208,209,210,202,212,213,85,215,87,217,95,107,114,115
13,22,30,32,35,37,44,52,312,313,314,187,315,317,318,191,192,319,322,323,324,196,198,327,200,199,202,329,328,201,325,205,208,209,194,211,210,213,215,216,217,88,89,87,197
207,158,32,163,43,51,189,313,314,187,186,317,190,318,320,192,193,323,324,196,198,327,200,199,202,325,203,329,204,191,208,209,194,205,206,213,85,195,216,210,212,214,69,87,215,197,201
158,32,190,51,312,313,186,315,314,187,318,191,192,193,322,317,324,325,198,327,200,199,196,202,204,201,329,205,208,209,194,206,207,213,195,210,212,214,319,87,215,216,94,197,249
135,207,277,158,32,51,313,186,314,187,316,317,191,192,193,194,195,196,325,198,327,324,197,202,203,204,199,201,200,208,209,210,83,205,85,206,215,216,212,213,214,92,87,97
158,32,51,53,313,186,187,314,315,188,317,192,193,190,323,196,197,326,327,200,324,202,195,204,205,328,191,208,209,194,211,206,207,214,210,216,217,319,212,213,215,87,199,201
207,158,32,190,51,313,314,186,187,317,318,316,320,193,192,189,324,325,198,327,199,200,196,201,202,204,69,191,208,209,194,205,206,213,85,322,216,195,210,212,214,87,215,197
155,158,32,307,308,309,51,313,186,315,314,187,316,191,192,317,190,323,196,195,319,199,328,201,202,330,200,197,205,207,208,209,194,211,206,213,214,210,216,217,215,87,94
7,10,138,11,16,275,26,158,51,313,186,187,188,189,317,191,192,319,322,323,324,325,198,199,200,329,202,327,73,201,197,205,208,194,207,209,210,213,212,87,216,215,231,104,246,251
256,263,264,266,268,271,273,274,277,281,283,158,32,163,41,44,51,54,58,68,69,71,200,73,75,77,205,80,81,210,84,85,86,87,88,89,215,92,98,106,109,110,242,243,116,246,249,251,253,255
257,258,135,264,263,138,266,10,268,271,16,275,276,277,280,283,158,32,163,292,44,51,58,68,69,71,73,74,202,205,80,81,210,84,86,87,88,89,215,91,92,98,231,106,109,243,116,246,119,249,251
257,261,7,264,138,266,10,268,270,271,16,275,277,26,158,32,163,292,44,48,51,58,68,69,71,73,74,75,202,205,80,81,210,84,86,87,88,89,215,91,92,98,231,106,109,242,243,116,246,249,251
0,5,135,7,10,138,140,11,266,16,275,19,22,25,26,28,158,32,33,163,292,39,42,43,303,51,54,55,311,183,58,59,63,64,200,73,202,329,205,81,210,84,87,216,91,219,231,237,239,246,120,251
1,3,5,261,8,10,11,12,15,16,17,21,22,23,281,26,28,158,32,33,160,163,38,39,168,42,43,50,51,54,58,59,60,63,320,64,69,210,87,218,224,226,227,100,229,232,233,234,238,117,254
257,258,131,260,5,262,3,7,9,10,12,271,16,145,22,23,151,28,158,32,161,34,35,289,163,40,42,43,47,51,55,185,58,60,63,200,205,210,213,87,89,222,223,224,226,229,230,231,234,239,248,249,122
2,5,6,135,8,9,16,145,22,23,28,158,287,163,41,43,44,50,51,54,55,313,58,187,317,63,320,66,195,323,69,198,327,199,200,72,207,208,87,219,222,224,230,231,233,234,237,238
2,130,5,135,265,266,138,13,16,22,28,157,158,32,35,36,163,41,43,173,51,53,54,55,313,58,317,189,66,69,70,199,198,201,327,71,205,207,210,85,87,88,217,231,234,121
3,4,5,135,8,7,10,11,12,16,17,22,23,24,28,158,32,34,163,40,41,42,43,47,51,55,314,58,317,63,320,323,205,208,80,210,214,87,88,215,219,223,224,231,233,234,237,239
5,135,7,138,10,140,266,13,16,20,22,23,26,30,158,32,33,35,292,293,36,37,40,43,44,45,51,52,54,55,313,62,64,66,69,199,200,73,201,87,88,89,219,222,224,230,231,234,237,239,243,246,251
5,135,7,138,10,140,266,16,275,22,26,28,158,31,160,32,163,38,168,42,43,46,48,50,51,53,54,55,56,57,58,60,61,63,66,67,199,200,73,329,81,213,87,88,219,222,224,228,231,234,237,239,246,251
1,5,8,9,265,267,13,22,23,27,158,32,163,37,40,43,44,45,47,49,50,51,54,55,187,317,192,64,66,323,195,198,327,71,202,77,205,208,210,214,87,222,224,230,231,234,236,237,238,244
2,5,135,9,144,16,23,158,163,40,41,43,46,49,50,51,180,54,55,58,187,59,317,63,64,320,66,323,195,199,327,208,211,84,87,216,219,91,222,224,102,231,234,237,238
129,130,5,7,264,13,23,26,155,158,30,32,163,37,293,40,41,43,44,45,51,54,55,313,58,317,191,320,64,66,194,68,69,198,199,327,208,210,87,88,222,224,228,230,231,105,234,106,243,116
2,130,5,135,7,138,266,13,20,151,26,158,32,163,293,37,43,44,45,51,54,313,58,317,190,320,64,66,194,324,69,198,199,200,327,205,81,210,85,87,88,215,222,224,230,231,105,234,237,109,246
128,2,130,5,7,266,13,144,19,147,23,155,284,158,32,35,163,293,37,43,44,45,51,54,313,58,190,320,64,66,194,68,69,198,75,82,210,86,87,88,222,224,228,230,231,105,234,110,116,121,255
128,1,5,261,13,15,16,19,277,22,28,285,158,32,33,162,163,160,37,168,42,43,44,171,45,51,179,54,55,58,63,64,193,66,75,203,210,83,85,215,87,92,222,224,228,230,231,105,234,238,117
1,4,5,6,7,8,11,12,16,17,21,149,23,22,27,28,286,158,32,31,160,163,38,40,168,42,43,46,47,48,49,50,51,53,54,55,56,57,187,60,61,192,64,66,323,67,71,87,224,230,234,237
1,2,130,5,6,9,139,12,15,16,17,274,19,22,23,24,26,28,158,160,163,168,42,43,50,51,308,54,55,313,58,187,317,63,320,66,69,198,199,327,328,87,219,222,224,231,232,233,234,237,238
1,130,2,3,5,4,263,11,268,12,16,17,22,24,26,28,158,32,34,163,39,168,41,42,43,47,51,54,55,313,58,60,63,66,69,198,205,87,222,223,224,231,233,234,238,239,242,123,124
1,3,4,5,135,10,138,140,11,266,12,15,16,275,22,24,26,28,158,160,34,163,168,42,43,47,51,55,58,317,63,199,200,73,329,202,81,213,87,93,223,228,231,233,234,237,239,246,251
0,1,130,257,260,5,138,13,16,19,277,22,23,27,28,285,30,32,34,35,163,37,40,42,43,44,52,54,55,58,318,63,64,66,199,201,87,88,89,218,222,224,229,230,231,232,234,237,249,122
128,1,130,5,7,9,10,139,16,17,144,19,18,277,278,23,22,155,28,285,158,288,32,34,163,43,51,54,57,58,188,63,66,194,68,69,205,210,86,87,88,223,224,225,98,229,230,231,234,237,116,117,127
1,130,132,5,6,7,9,10,142,271,16,17,275,22,23,155,158,30,163,293,40,43,45,50,51,54,55,313,58,187,60,317,320,66,194,69,198,327,87,219,222,224,228,229,230,231,234,237,238
0,1,130,2,5,138,266,13,142,16,22,23,26,30,158,32,35,37,167,43,44,45,51,52,54,313,58,317,318,191,320,64,66,69,198,199,327,201,87,88,89,218,219,222,224,228,229,231,232,234,246,249
2,130,5,7,266,13,23,158,32,35,163,36,37,43,44,173,45,51,53,54,55,313,317,189,190,64,66,194,70,199,71,201,207,213,87,88,217,222,224,228,230,231,234,239,121
3,4,5,7,138,10,12,16,22,24,26,27,28,158,32,34,163,39,41,42,43,44,47,51,54,55,313,58,317,191,320,63,324,69,198,327,199,204,205,210,85,87,215,92,222,223,224,231,233,234,239
1,2,3,5,263,10,11,268,12,15,16,17,22,26,28,158,32,289,161,163,160,39,168,41,42,43,51,55,313,58,187,316,317,190,191,320,60,66,195,196,69,198,327,63,202,208,209,210,211,87,217,92,223,225,238
1,130,3,5,8,9,11,12,269,16,17,21,22,23,26,27,28,283,158,32,33,163,39,40,168,42,43,47,51,54,55,57,58,59,187,63,64,66,71,87,222,224,227,231,233,234,237,244,122
0,5,135,7,265,138,10,266,9,16,17,22,23,279,155,157,158,32,163,39,41,42,43,51,54,55,57,58,317,64,66,194,73,77,81,84,87,218,219,222,224,227,230,231,233,234,106,237,118,253
2,5,135,10,138,140,11,266,16,275,22,23,25,28,158,32,33,163,292,40,42,43,303,51,54,55,311,58,59,63,64,66,200,73,74,205,207,81,210,87,219,231,233,234,237,239,246,251
0,1,2,4,133,5,263,8,265,13,15,16,17,149,22,23,26,27,284,28,158,160,163,38,39,168,42,43,47,51,54,55,58,63,64,65,66,70,72,76,77,80,82,87,217,219,224,227,100,232,233,238,239,253
2,130,5,9,10,16,22,23,28,158,32,33,163,293,41,43,44,306,50,51,54,55,313,58,59,187,317,191,320,63,66,64,324,69,198,327,199,204,205,82,210,87,219,92,222,224,231,234,238
130,2,5,135,7,9,138,266,10,16,22,23,151,27,28,158,32,163,37,41,42,43,51,53,54,55,313,58,59,317,190,63,320,64,66,69,198,199,327,205,210,87,88,216,215,222,224,98,231,234,244,127
128,1,2,130,5,261,10,15,16,17,19,277,22,23,26,28,158,160,32,163,39,168,42,43,44,51,54,55,56,313,58,190,63,320,64,69,198,327,75,205,210,85,87,92,222,224,225,228,231,232,234,238
128,1,3,5,261,12,15,16,17,19,277,22,23,26,28,158,160,33,34,32,163,168,42,43,51,54,55,313,58,59,317,190,63,64,69,75,85,87,88,92,222,224,228,229,230,231,232,234,110,238,117
257,258,131,260,5,1,12,142,15,16,17,22,23,26,28,158,288,160,34,32,163,40,168,42,43,47,51,309,54,55,58,317,63,66,200,213,87,89,219,222,224,225,228,229,230,231,232,234,237,238,245,122
5,135,138,10,140,266,13,16,275,22,25,26,158,32,33,160,163,292,37,40,168,43,44,45,303,51,54,311,55,64,66,199,73,329,81,84,87,216,91,219,222,224,228,230,231,234,237,238,239,246,251,254
1,2,5,135,13,19,22,23,155,158,31,32,163,37,40,43,44,45,176,49,51,54,55,58,64,66,195,323,196,205,206,209,210,87,91,92,222,224,99,228,230,231,232,234,235,237,115,122
1,2,130,5,133,261,264,7,9,10,16,17,22,23,26,27,155,28,158,30,32,163,41,170,43,44,42,45,51,54,55,313,58,63,320,66,194,69,198,87,218,92,222,224,227,230,231,234,106,243
130,2,3,5,135,264,7,9,10,16,22,23,151,282,28,158,32,33,163,293,42,43,44,306,51,54,55,313,58,59,317,190,191,320,63,66,64,69,198,327,205,210,85,87,88,215,222,224,231,234,106,243,249
130,5,7,264,266,138,13,20,23,151,26,158,30,32,163,37,41,43,44,45,49,51,54,55,313,58,317,191,320,64,66,69,198,199,327,205,208,81,210,215,88,87,222,224,228,230,231,234,109,243,121
130,3,4,5,263,7,9,10,268,12,269,16,17,22,24,25,26,155,158,32,34,163,41,42,43,47,48,51,54,55,313,314,58,317,191,320,194,69,198,327,200,199,208,87,222,223,224,231,233,234,239
128,1,130,5,266,10,143,16,15,19,20,22,23,26,27,28,158,160,33,34,32,163,293,167,39,168,42,43,44,51,53,310,55,54,185,58,63,66,199,205,210,87,88,222,224,228,231,234,238,122,125
1,130,2,5,135,7,138,13,19,20,23,151,158,30,32,289,163,37,41,43,44,45,47,51,54,55,313,58,60,317,320,64,66,69,198,199,327,205,79,210,87,215,219,222,224,230,231,234,237,122
130,2,5,135,264,7,138,16,274,147,151,26,158,31,32,163,36,293,38,171,44,46,48,306,50,51,53,56,185,313,57,58,60,61,191,194,67,324,69,198,327,205,80,210,83,85,87,88,215,92,231,105,234,106,246,249
0,1,2,5,9,12,13,15,17,19,21,23,27,158,32,163,37,40,43,44,45,50,51,54,55,187,317,64,66,198,327,205,210,87,88,219,222,223,224,225,229,230,231,233,234,236,237,238
5,135,7,10,138,140,266,16,22,26,28,158,31,160,32,163,38,168,43,46,48,50,51,53,56,57,58,60,317,61,63,67,69,327,199,329,73,200,81,210,87,219,221,224,228,231,234,236,237,239,246,251
2,5,135,7,9,138,10,266,16,275,22,151,26,28,158,32,163,292,42,43,44,51,54,313,58,59,317,63,69,198,199,327,73,200,205,81,210,87,88,215,222,224,228,231,234,237,239,243,246,251
0,130,2,3,5,7,135,139,16,22,23,284,29,157,158,32,33,163,37,39,42,43,51,54,55,56,313,58,59,320,64,66,198,213,87,219,222,224,227,231,232,233,234,108,237,118,124,126,127
3,4,5,135,10,138,11,12,271,16,22,24,25,26,28,158,32,34,163,292,42,43,44,47,51,54,55,58,317,191,63,324,199,200,73,329,327,202,205,81,210,87,215,223,231,233,237,239,246,251
1,2,5,135,13,19,23,155,158,32,163,37,43,44,45,176,51,54,55,58,187,317,190,64,66,195,196,323,194,201,205,206,208,209,210,83,85,213,87,215,217,92,224,228,230,231,105,234,122
256,2,5,13,17,20,149,23,27,158,159,32,33,162,163,37,166,41,43,44,45,174,51,182,55,54,57,58,64,192,66,67,68,69,70,205,80,208,210,87,215,217,92,224,230,234,107
130,5,261,264,138,10,11,16,277,22,26,28,158,32,163,293,39,43,44,51,54,55,313,58,317,190,191,63,324,69,198,327,329,75,205,80,210,84,85,87,88,215,90,92,223,98,231,243,246,118,127
2,5,7,264,138,13,20,277,23,151,158,30,32,163,292,293,37,43,44,45,306,51,54,313,58,317,191,64,66,324,69,198,327,200,199,75,205,81,210,85,87,88,215,92,224,230,231,234,109,246,249
130,2,5,264,136,13,16,17,22,23,28,158,32,33,160,163,37,168,41,42,43,44,45,51,54,55,313,58,59,60,190,62,320,64,66,63,69,198,205,210,87,88,222,224,228,230,231,234,238,243,121,254
5,135,7,138,10,140,266,11,13,16,23,26,155,158,30,32,163,37,40,43,44,45,51,54,58,62,64,66,194,68,199,200,73,329,81,213,87,219,222,224,228,230,231,105,234,237,239,116,121,251
128,0,2,132,5,261,135,10,16,17,145,19,20,277,278,22,28,285,157,158,32,163,39,42,43,44,175,51,54,313,58,59,63,195,196,205,210,83,85,215,87,92,222,223,224,231,105,234,235,233,117,118
128,1,5,7,13,19,277,155,285,158,30,32,163,37,43,44,45,51,54,55,58,317,62,64,320,66,194,68,198,203,210,85,86,215,87,92,222,224,228,230,231,105,234,235,108,240,115,116,117
5,134,135,7,10,138,140,266,16,275,22,151,26,28,158,32,35,292,37,163,166,167,42,43,44,172,303,51,179,54,311,58,63,199,200,73,329,74,205,81,210,84,87,219,91,222,226,231,234,237,239,246,251
1,130,2,5,261,7,8,10,15,16,17,19,277,22,23,26,283,28,158,160,32,163,39,40,168,42,43,51,54,55,56,313,58,63,320,64,66,196,69,327,205,208,210,87,92,222,224,231,105,234,238
130,2,5,7,264,266,10,13,144,23,155,30,158,32,31,163,37,41,43,44,45,51,53,54,55,313,58,317,64,66,194,68,69,70,199,71,201,205,208,210,213,86,87,88,222,224,228,231,105,234,106,239,116,121,251
0,1,2,5,8,9,11,12,14,16,17,19,22,23,25,26,27,28,29,158,32,163,40,41,42,43,168,47,51,54,55,313,58,187,63,65,66,323,71,200,87,222,223,224,94,231,232,233,234,237
261,263,264,266,269,271,273,274,277,281,283,158,32,163,44,51,58,68,69,71,75,205,81,210,83,84,85,86,87,88,89,215,92,93,94,96,97,98,105,106,109,243,116,117,246,120,249,250,251,253
263,264,7,266,269,273,274,277,281,283,158,32,163,44,306,51,313,58,192,68,69,324,71,75,205,79,80,81,210,84,85,86,87,88,89,215,92,94,97,98,106,109,110,243,116,246,249,250,251,253,254
256,257,258,260,261,262,263,264,7,266,267,268,270,271,275,277,155,158,32,163,168,51,318,194,68,69,70,71,73,205,81,210,213,86,87,88,89,93,121,98,229,106,109,242,243,116,245,246,117,248,249,251,253
257,261,263,264,7,268,270,271,275,277,151,282,283,158,32,163,44,51,58,68,69,71,200,73,76,205,80,81,210,84,86,87,88,89,215,121,97,98,100,106,109,242,243,116,246,120,249,251,253,255
261,264,266,268,269,270,273,277,281,283,158,32,163,165,168,41,44,51,58,68,69,71,75,76,205,79,80,81,210,85,86,87,88,89,215,92,121,98,104,106,108,109,110,242,243,116,117,246,120,249,250,251,253,255
2,264,266,268,273,277,281,283,158,32,163,36,173,306,51,53,313,58,189,68,69,70,199,327,198,201,75,71,205,207,81,210,85,86,87,88,217,89,92,98,249,109,243,116,246,121,250,251,253,254
263,264,7,266,269,273,274,277,281,283,158,32,160,163,44,306,51,313,58,191,68,69,198,71,72,75,205,79,80,81,210,84,85,86,87,88,89,215,92,97,98,105,106,109,243,116,246,120,249,251,253,254
263,264,265,266,268,269,273,281,283,284,158,32,163,168,44,51,58,68,69,71,72,73,76,77,205,79,80,81,210,84,86,87,88,89,215,98,106,109,127,241,243,116,245,117,119,246,249,251,252,253,254,255
261,263,264,7,266,269,270,273,274,277,281,283,158,32,163,165,39,168,51,186,316,191,194,68,69,70,71,72,75,205,79,81,210,85,86,87,88,89,92,121,106,109,242,243,116,117,246,249,250,251,252,253,254
257,260,135,264,10,138,266,268,270,271,267,140,16,275,276,158,32,163,292,44,48,51,311,58,68,69,71,73,74,202,205,81,210,84,86,87,88,89,215,98,231,104,106,237,109,243,116,246,249,250,251
130,7,264,266,11,268,269,273,277,151,281,283,158,32,163,43,44,306,51,313,58,68,69,198,327,71,75,205,79,80,81,210,84,85,86,87,88,89,215,92,97,98,249,106,109,242,243,116,246,120,121,250,251,253
257,135,263,138,10,266,268,140,271,16,275,26,158,32,163,292,44,51,58,68,69,71,73,74,202,75,205,81,210,84,86,87,88,89,215,91,97,98,249,231,106,237,109,239,243,115,116,246,120,121,251
261,263,264,135,138,269,271,273,277,278,283,158,32,289,163,44,178,51,58,196,69,68,71,75,205,81,210,83,85,86,87,88,89,215,92,98,122,105,106,109,111,112,114,243,115,117,242,246,120,249,250,116,118,253,127
257,258,259,260,263,135,7,267,268,271,144,275,281,283,155,158,32,163,51,58,194,68,69,70,71,200,73,74,79,81,210,84,86,87,88,89,121,99,106,109,241,242,243,116,245,246,117,249,250,251,253,254
257,263,264,7,138,266,10,268,271,16,275,277,283,158,32,163,292,44,51,58,68,69,71,73,74,75,202,205,80,81,210,84,85,86,87,88,89,215,91,97,98,231,106,107,109,242,243,116,246,249,251,253
261,263,264,7,269,271,273,274,281,283,284,157,158,32,163,43,44,51,313,58,191,68,69,198,71,72,75,205,79,80,81,210,84,85,86,87,88,89,215,92,97,98,105,106,109,241,242,243,116,246,249,250,251,252,253
256,263,8,264,7,267,269,273,274,281,283,155,158,32,163,166,41,51,58,194,68,69,70,71,72,76,77,79,80,81,210,84,85,86,87,88,89,92,121,98,99,105,106,109,243,244,245,246,116,117,249,253,254
261,263,264,7,266,269,270,271,273,277,280,281,282,283,155,158,32,163,51,58,194,68,69,70,71,75,79,81,210,85,214,87,88,89,86,92,121,106,109,110,241,243,116,117,246,119,120,249,250,251,252,253,254
256,257,258,261,263,264,7,266,268,269,12,271,272,277,281,155,158,32,163,51,58,194,68,69,70,71,199,73,74,76,205,79,81,210,86,87,88,89,98,249,231,106,109,242,243,116,117,246,121,251,253,255
261,262,7,264,144,277,278,283,155,158,32,163,51,58,194,68,69,70,71,75,203,205,79,81,82,210,85,86,87,88,89,90,92,93,94,95,97,98,104,105,106,109,112,114,115,243,117,116,120,121,250,251,253,255
256,257,258,260,261,262,7,264,266,267,270,271,275,277,283,155,158,32,163,51,58,318,194,68,69,70,71,73,205,79,81,210,213,86,87,88,89,215,121,98,106,109,242,243,116,245,246,117,248,249,122,251
256,263,264,267,269,273,274,281,282,283,284,158,32,163,168,44,51,58,191,65,68,69,70,71,72,75,76,77,205,79,81,210,84,85,86,87,88,89,215,97,98,99,106,109,241,243,116,119,120,249,253,254
257,258,261,263,264,135,10,138,266,267,270,271,268,16,275,277,158,32,163,172,51,180,58,189,68,69,71,73,74,205,81,210,84,86,87,88,89,91,98,231,106,109,243,116,246,249,250,251,253
256,263,135,265,267,268,269,273,274,276,281,283,284,155,158,32,41,42,47,51,187,65,323,195,68,71,72,74,76,77,206,80,208,81,210,86,87,88,89,90,100,101,103,106,109,115,244,117,245,119,116,122,253,254
261,263,264,7,266,269,270,271,141,273,274,277,151,281,283,158,32,163,42,44,51,58,68,69,70,71,75,205,79,80,81,210,85,86,87,88,89,215,92,121,98,106,109,110,242,243,116,117,246,120,249,250,251,253,254
256,257,258,260,261,262,263,264,7,266,267,270,271,144,277,283,155,158,31,32,163,41,51,194,68,69,70,71,73,76,205,79,81,210,213,86,87,88,89,121,100,106,109,242,243,116,117,245,246,248,249,250,251,253
256,263,8,7,266,267,9,269,144,274,275,22,23,283,155,158,32,163,166,40,51,58,187,188,194,323,68,70,71,72,73,202,74,76,77,79,208,81,210,84,86,87,88,89,99,106,109,243,244,245,116,117,121,251,253
256,257,258,260,262,263,267,269,271,273,274,275,22,281,283,158,32,163,47,51,58,187,68,71,72,73,202,76,77,205,81,210,85,213,86,87,89,88,92,98,106,109,243,244,245,246,116,248,249,253,254
256,257,258,263,266,267,269,13,142,271,274,20,22,23,281,283,27,158,30,32,35,37,166,167,44,45,51,52,187,64,323,71,72,73,202,199,76,77,201,200,208,81,87,88,89,99,109,243,244,245,249,251,253,254
256,257,258,260,262,267,269,271,274,22,281,283,158,32,163,44,178,51,58,315,187,68,71,72,73,202,76,77,205,208,81,210,213,86,87,88,89,215,98,109,243,244,245,246,116,248,249,122,251,253,254
256,257,258,260,262,263,267,269,274,22,281,283,158,32,163,44,51,58,315,187,68,71,72,202,76,77,205,208,81,210,84,85,213,86,87,89,88,215,92,98,106,109,243,244,245,246,116,248,249,122,253,254
256,257,258,259,260,262,7,9,266,267,269,14,144,275,283,155,158,31,32,40,48,51,53,56,57,187,60,194,68,70,71,72,73,74,202,76,77,79,81,84,86,87,89,121,100,106,109,243,244,245,116,249,251,253
256,257,258,263,265,266,267,268,269,271,274,275,22,283,158,32,163,168,44,51,58,187,68,69,71,72,73,74,202,76,77,200,205,208,81,210,84,86,87,88,89,215,98,109,243,244,245,246,116,249,251,253
256,7,8,266,267,11,269,274,23,151,283,158,32,163,166,40,44,51,58,187,188,323,68,69,71,72,73,202,76,77,205,208,80,81,210,84,86,87,88,89,215,97,98,99,106,109,244,245,246,116,249,251,253
256,257,258,263,8,7,267,269,271,144,274,281,283,155,158,32,163,166,51,58,188,194,68,70,71,72,73,202,76,77,205,79,81,210,84,86,87,88,89,92,121,98,99,106,109,243,244,245,246,116,117,249,251,253,254
256,257,258,259,260,262,263,267,269,271,23,283,158,32,163,42,44,51,58,187,188,68,71,73,74,76,77,205,79,80,81,210,84,213,86,87,88,89,215,94,98,106,109,242,243,244,245,116,248,249,122,251,253,255
256,257,0,8,267,11,269,274,275,283,158,32,163,166,39,40,44,51,58,187,188,68,71,72,73,202,76,77,205,81,210,84,86,87,88,89,215,94,98,99,106,109,243,244,245,246,116,120,249,251,253,254
256,263,8,266,267,138,269,274,23,283,158,32,163,166,40,168,44,46,51,58,187,188,68,71,72,73,202,76,77,205,208,81,210,84,86,87,88,89,215,92,98,99,106,109,243,244,245,246,116,249,122,251,253,254,127
256,257,262,8,267,269,271,274,275,276,283,158,32,163,166,168,44,51,58,187,188,192,68,69,71,72,73,202,74,76,77,205,208,81,210,84,86,87,88,89,215,91,94,98,99,109,243,244,245,246,116,249,251,253,254
257,263,135,7,10,267,268,269,271,16,275,276,283,158,32,163,44,51,58,188,68,69,71,72,73,74,202,76,77,205,80,81,210,84,86,87,216,88,89,91,215,98,106,237,109,243,244,245,246,116,249,251,253,254
256,257,258,259,260,262,267,269,271,275,283,158,32,34,163,42,43,44,51,58,318,319,322,68,69,71,73,74,75,205,81,210,84,213,86,87,88,89,215,120,225,97,98,109,243,244,245,246,116,248,249,122,251,253
256,259,263,7,267,268,272,274,281,283,284,155,158,31,32,163,168,51,65,194,68,70,71,72,74,76,77,205,79,80,81,210,84,85,86,87,88,89,92,121,98,99,100,101,105,106,107,109,243,116,246,119,249,253
257,258,261,263,264,266,267,268,13,270,271,18,20,277,22,158,30,32,35,37,167,44,45,51,52,64,67,68,69,71,199,200,201,75,81,210,86,87,88,89,96,121,100,106,234,109,110,242,243,116,117,249,250,251,253,255
2,261,6,263,265,267,268,12,19,158,32,163,40,42,44,51,57,58,187,63,66,323,195,68,71,74,76,77,205,81,210,85,86,87,88,89,90,215,92,98,99,100,101,232,106,109,237,114,244,117,116,119,253
256,257,258,259,260,261,262,263,264,266,267,268,14,271,158,32,163,44,51,58,317,318,68,69,71,73,205,80,81,210,84,213,86,87,88,89,215,94,98,229,106,109,110,243,116,245,117,248,249,122,251
261,263,264,7,266,271,277,278,283,158,32,163,44,51,58,68,69,71,75,205,80,81,210,83,84,85,86,87,88,89,215,92,93,94,95,97,98,104,105,106,109,114,115,243,117,246,116,120,249,250,253
258,263,264,265,269,273,274,277,281,283,284,158,32,163,44,50,51,58,196,69,68,198,72,71,76,77,205,79,80,81,210,83,84,85,86,87,88,89,215,92,98,105,106,109,112,243,116,117,246,119,249,253,254
256,257,258,259,260,261,262,264,267,269,271,273,277,281,283,158,32,163,44,51,313,58,68,69,71,73,75,205,80,81,210,84,85,213,86,87,89,88,90,215,98,122,106,108,109,242,243,116,245,246,248,249,250,251,253
257,258,261,263,264,7,266,10,268,138,267,271,16,275,277,158,32,163,44,51,54,58,68,69,71,73,74,202,205,80,81,82,210,84,85,86,87,88,89,215,91,92,98,231,106,237,109,243,116,246,249,251
256,263,8,264,266,267,7,269,273,274,277,23,151,281,283,158,32,163,166,40,49,51,58,188,189,192,68,69,71,72,76,77,205,80,208,81,210,84,85,86,87,88,89,92,98,99,106,109,243,244,116,246,249,253,254
256,257,263,8,7,266,267,11,269,9,274,275,22,23,280,283,155,158,32,163,166,40,51,58,187,194,68,70,71,72,73,202,74,76,77,79,81,84,86,87,88,89,99,106,109,243,244,245,246,119,116,121,251,253
256,257,263,8,7,9,267,269,274,22,23,280,283,158,32,163,166,40,168,51,187,192,65,194,68,70,71,72,73,76,77,205,81,210,84,85,86,87,88,89,92,121,99,100,106,109,243,244,245,116,119,249,253,254
257,263,135,7,10,266,138,268,270,271,16,275,277,282,26,158,32,163,44,46,51,58,68,69,71,73,74,202,205,80,81,210,84,85,86,87,88,89,215,121,98,231,106,109,239,243,116,246,249,251,253,255
256,257,263,8,264,7,267,268,269,274,276,151,283,158,32,163,166,44,51,58,68,69,70,71,72,73,74,76,77,205,80,81,210,84,86,87,88,89,215,92,97,98,99,106,109,243,244,245,246,119,116,249,253,254
257,261,263,264,7,266,10,268,267,270,271,138,16,275,277,158,32,163,44,51,58,68,69,71,73,74,202,205,80,81,210,84,86,87,88,89,215,91,92,98,106,109,110,242,243,116,246,249,251,253
256,257,258,260,262,7,264,266,267,271,277,281,283,158,32,163,44,51,309,58,318,68,69,71,73,330,75,205,80,81,210,84,85,213,86,88,89,87,215,98,106,109,242,243,116,245,246,248,249,122,251,253
256,259,263,264,7,268,272,274,279,281,283,155,158,31,32,163,168,176,51,66,194,68,69,70,71,72,74,76,205,79,80,81,210,84,85,86,87,88,89,92,121,98,99,100,101,105,106,109,242,243,116,246,119,249,253
256,261,263,264,267,269,273,274,281,283,158,32,42,47,51,187,316,68,69,71,72,202,76,77,205,79,80,81,208,210,214,87,88,89,247,92,96,97,98,100,106,107,109,114,243,244,245,117,119,116,249,253,254
2,5,264,266,267,270,271,277,281,282,283,158,32,163,173,51,53,184,58,189,68,69,70,71,199,201,207,80,81,86,87,88,217,89,91,97,249,106,109,110,243,116,117,246,120,121,251,253,255
261,263,264,7,266,268,269,270,271,273,274,277,281,283,155,158,32,163,168,51,58,194,68,69,198,70,71,75,205,79,81,210,85,86,87,88,89,92,121,98,106,109,110,113,242,243,116,117,246,249,250,251,253
261,263,264,7,269,273,277,278,151,281,283,158,32,163,44,51,54,58,68,69,71,75,205,80,81,210,83,84,85,86,87,215,88,89,92,93,94,97,98,105,106,109,114,115,243,117,116,120,250,253
261,263,264,7,266,269,273,277,151,281,282,283,158,32,163,51,58,68,69,71,72,75,205,79,80,81,210,84,85,86,87,88,89,215,92,121,98,106,109,110,111,243,116,117,246,244,249,250,251,253,254
256,261,263,264,7,9,269,13,273,274,277,22,281,283,155,158,32,163,168,51,187,194,196,69,68,70,72,71,76,77,205,80,81,210,83,85,86,87,88,89,92,121,98,105,106,109,114,243,244,117,245,115,120,116,253,254
257,1,135,263,10,138,267,268,266,271,140,16,275,276,158,32,163,44,51,58,68,69,71,73,74,202,75,77,205,81,210,84,86,87,88,89,215,91,93,94,97,98,100,231,237,109,243,116,245,246,247,249,251
256,257,258,260,261,262,263,264,267,269,270,271,275,281,283,158,32,163,168,44,51,58,316,68,69,71,200,73,205,80,81,209,210,212,213,86,87,88,89,215,98,106,109,242,243,116,245,246,248,249,122,251,253
256,257,258,260,262,263,264,7,266,267,270,271,275,277,151,158,32,163,44,51,58,68,69,71,73,75,205,80,81,210,84,213,86,87,88,89,215,121,97,98,106,109,242,243,116,245,246,248,249,122,251,253
258,263,264,7,266,269,271,273,274,277,281,283,158,32,163,44,51,58,68,69,71,75,205,79,80,81,210,84,85,86,87,88,89,215,248,97,98,106,109,241,242,243,116,117,246,120,249,250,251,253,254
256,263,264,7,135,267,9,269,271,273,17,274,277,22,281,153,283,155,284,158,32,163,296,42,177,51,187,194,68,69,70,71,72,76,77,79,208,81,86,87,88,92,121,100,101,106,109,243,244,117,245,116,249,251,253,254
257,135,263,10,267,11,269,138,271,16,275,276,22,283,158,32,163,42,51,58,187,68,71,73,74,202,76,77,205,80,81,210,84,86,87,88,89,91,98,106,237,109,243,244,245,246,247,116,249,251,253
263,264,7,266,269,270,271,273,274,277,281,283,155,158,32,163,301,51,58,188,189,192,194,68,69,70,71,72,73,75,77,79,81,210,85,86,87,88,89,121,100,106,109,243,116,117,246,119,249,250,251,253
261,263,264,7,266,268,269,270,271,144,273,277,281,283,155,158,32,163,36,51,58,194,68,69,70,71,74,75,79,81,210,85,86,87,88,89,92,121,122,106,109,110,112,242,243,116,117,246,120,249,250,251,253
256,259,263,7,266,268,272,274,284,158,31,32,163,44,178,51,58,66,68,69,70,71,72,74,76,77,205,79,80,81,210,211,84,85,86,87,88,89,215,92,98,99,101,106,109,114,115,116,125,119,249,253
256,257,258,260,262,263,135,267,269,271,274,283,156,158,32,163,164,36,166,169,51,181,58,187,318,68,69,71,72,76,77,205,208,81,210,84,86,87,88,89,92,98,99,109,243,244,245,246,116,248,249,250,253,254
0,257,1,261,263,264,266,268,270,271,273,277,279,281,283,157,158,32,163,51,58,68,69,71,73,75,205,81,210,86,87,88,89,215,92,94,98,100,122,104,106,109,110,241,243,116,117,246,120,249,250,251,255
257,258,262,7,264,266,138,10,268,270,271,267,16,275,277,283,158,32,163,44,51,58,68,69,71,73,74,202,205,207,80,81,210,84,86,87,88,89,215,91,97,98,231,106,109,242,243,116,246,249,251,253
256,258,259,263,264,267,269,273,274,281,283,284,158,32,163,168,44,51,58,191,68,69,71,72,75,76,77,205,79,81,210,84,85,86,87,88,89,215,92,97,98,99,106,109,241,243,244,245,246,116,249,253,254
256,257,258,259,260,4,262,263,7,267,269,283,284,155,158,32,163,168,51,194,68,70,71,72,74,76,77,205,79,81,210,213,86,87,88,89,247,121,100,101,104,106,107,109,116,245,119,248,249,122,253,254
256,257,258,259,260,262,263,267,269,274,22,23,281,283,158,32,163,166,168,51,58,187,60,68,71,72,74,202,76,77,205,79,80,81,210,208,213,86,87,88,89,98,99,100,101,109,243,244,245,116,119,249,253,254
257,258,259,135,263,265,266,267,11,7,10,271,16,275,283,155,158,32,163,51,58,319,194,68,70,71,72,73,74,202,205,79,81,210,84,86,87,216,89,88,91,121,98,99,106,109,243,116,245,246,249,251,253,255
261,7,264,266,144,277,278,155,158,32,163,51,54,58,188,61,189,194,68,69,325,70,71,73,75,79,81,210,85,86,87,88,89,92,93,94,97,228,104,105,106,234,109,110,243,116,117,244,120,121,250,251,255
2,261,7,264,266,138,268,270,271,277,158,32,168,43,173,51,53,313,189,194,68,69,70,199,71,73,201,75,79,207,81,210,85,86,87,88,217,89,92,95,249,231,106,109,110,113,243,116,246,121,251,253
256,257,258,261,263,264,266,138,269,270,271,273,277,281,282,283,158,32,163,44,51,58,68,69,198,71,72,73,77,205,79,81,210,84,85,86,87,88,89,215,92,98,106,109,241,243,116,117,246,249,251,252,253,254
256,259,263,135,7,266,267,268,138,271,272,275,158,31,32,163,44,51,58,68,69,71,72,73,74,76,205,79,80,81,210,84,86,87,88,89,215,91,92,98,99,102,106,109,243,116,246,119,249,251,253
257,258,260,262,264,266,268,270,271,16,18,275,276,277,24,158,32,163,44,51,58,68,71,73,74,75,205,81,210,84,86,87,88,89,215,98,100,106,109,243,244,245,246,117,116,249,250,251,255
257,261,263,264,7,266,269,270,271,144,273,277,281,283,155,158,32,163,51,58,194,68,69,70,71,75,205,79,81,210,85,86,87,88,89,92,121,122,106,109,242,243,116,117,246,120,249,250,251,253,254,255
261,7,264,269,271,273,274,277,281,283,158,32,163,168,44,51,313,58,68,69,198,71,75,205,80,81,210,83,84,85,86,87,88,89,215,91,92,98,105,106,109,110,243,116,117,246,120,249,250,253,254
257,258,259,263,10,266,138,267,268,271,16,275,276,277,26,158,32,163,44,51,58,68,69,71,73,74,202,77,205,80,81,210,84,85,86,87,88,89,215,94,98,231,106,237,109,239,243,116,246,249,251,253,254
261,263,264,268,269,270,271,273,20,277,281,283,157,158,32,163,39,175,51,58,68,69,71,75,204,205,81,210,86,87,88,89,92,98,104,106,109,110,124,241,242,243,114,117,116,118,120,249,250,251,252,253,254,255
256,257,259,263,264,266,267,269,273,274,22,281,283,284,158,32,163,42,51,186,187,58,68,69,71,72,202,76,77,205,79,208,81,210,84,85,86,87,88,89,215,92,98,106,109,241,243,244,245,116,249,253,254
256,262,263,264,7,266,267,268,269,135,273,274,277,281,283,155,158,32,168,51,194,195,68,69,70,71,72,76,77,206,79,81,210,85,86,87,88,89,92,121,100,101,106,109,112,114,243,244,117,115,116,249,122,253,254
261,263,264,266,268,269,270,271,273,277,281,283,158,32,163,44,51,58,68,69,71,73,75,205,81,210,84,85,86,87,88,89,215,92,94,97,98,106,109,110,242,243,116,117,246,120,249,250,251,253,254
261,263,264,135,268,269,271,273,274,277,281,283,158,32,163,51,58,196,69,68,71,72,75,205,79,81,210,85,86,87,88,89,92,97,98,99,105,106,109,241,242,243,114,117,246,116,118,249,250,252,253,254
257,135,263,10,267,138,140,266,271,268,269,16,275,276,277,26,158,32,163,292,44,51,58,68,69,71,73,74,202,205,80,81,210,84,86,87,88,89,215,91,98,231,106,237,109,243,116,246,247,120,249,251
257,259,260,261,7,264,266,10,267,268,138,271,16,275,276,26,158,32,163,44,46,51,58,68,69,71,73,74,329,202,205,80,81,210,84,86,87,88,89,215,91,97,98,231,106,237,109,239,243,116,246,247,249,251
263,265,266,268,269,274,283,284,158,32,163,44,50,51,58,66,68,69,70,71,72,73,74,76,77,205,79,80,81,210,84,86,87,88,217,90,89,215,98,106,237,109,243,116,246,119,248,121,251,253,255
261,264,266,271,277,278,283,158,32,163,37,44,51,58,68,69,71,75,205,81,210,83,84,85,86,87,88,89,215,92,93,94,95,97,98,104,105,106,109,114,243,116,117,120,249,250,251,253,255
256,263,8,264,267,269,273,274,22,281,283,158,32,163,166,42,44,51,58,187,192,68,69,71,72,202,76,77,205,79,80,208,81,210,84,85,86,87,88,89,215,92,98,99,105,106,109,243,244,245,246,116,249,253,254
261,7,264,266,268,269,271,274,277,151,281,283,158,32,163,44,51,58,68,69,70,71,199,73,75,205,79,80,81,210,84,86,87,88,89,215,121,97,98,231,106,107,109,110,242,243,116,246,120,249,251,253,255
256,257,258,260,261,262,5,264,263,267,269,270,271,277,283,158,32,34,163,44,51,312,58,318,322,68,69,71,73,205,81,210,84,213,86,87,88,89,215,98,106,250,109,243,116,245,246,248,249,122,251
261,263,264,271,273,277,278,279,283,284,158,32,163,44,301,51,58,68,69,71,75,205,80,81,210,84,85,86,87,88,89,215,92,93,94,95,97,98,104,105,106,109,110,114,115,243,117,242,116,120,250,253,255
261,263,264,267,273,277,278,281,282,283,284,158,32,163,44,51,58,190,68,69,71,75,205,80,81,210,83,84,85,86,87,88,89,90,215,92,97,98,105,106,109,110,112,114,115,243,117,116,120,250,253,255
261,263,264,7,266,269,271,273,274,277,281,26,283,158,32,163,44,51,58,68,69,71,73,75,205,79,80,81,210,83,84,85,86,87,88,89,215,92,97,98,106,107,109,242,243,116,246,249,250,251,253,254
256,263,265,267,268,269,274,281,283,284,158,32,163,44,50,51,58,65,68,69,71,72,73,74,76,77,205,79,81,210,84,86,87,88,89,215,98,227,100,101,106,107,109,241,243,116,119,249,252,253,254
256,257,258,260,261,262,7,264,267,269,271,273,281,283,158,32,163,44,51,310,58,318,324,69,68,71,73,205,80,81,210,84,213,86,87,88,89,215,97,98,106,109,242,243,116,245,246,248,249,122,251
257,260,261,7,264,269,270,271,273,18,277,281,283,155,158,32,163,51,58,194,67,68,69,70,71,200,75,79,81,210,84,85,86,87,88,89,92,96,121,106,109,242,243,116,245,246,249,250,251,253
256,257,258,260,261,262,10,267,269,271,16,275,22,283,28,158,32,34,163,44,51,312,58,318,63,322,68,71,200,73,72,205,81,210,213,86,87,88,89,215,98,229,106,109,242,243,116,245,246,248,249,122,251,253
256,257,258,260,262,263,264,266,267,269,270,271,275,277,150,283,158,32,163,44,51,58,318,68,69,71,73,75,76,205,80,81,210,84,213,86,87,88,89,215,98,106,109,243,244,245,246,116,248,249,122,251
256,257,258,260,261,262,263,264,267,269,13,271,273,274,20,277,22,281,283,158,30,32,34,35,37,167,44,45,51,52,318,64,68,69,199,72,73,200,201,81,213,87,88,89,93,106,109,243,116,245,246,119,248,249,251,253
257,135,263,7,10,267,268,16,275,276,280,155,158,32,163,51,58,194,195,68,70,71,72,73,74,76,77,206,79,81,84,86,119,87,88,89,91,100,101,102,231,106,237,109,243,244,115,246,247,116,121,122,251,253
257,135,263,7,10,267,138,268,271,16,275,276,158,32,163,44,51,58,68,69,71,72,73,74,202,76,77,205,80,81,210,84,86,87,88,89,215,91,97,98,231,106,107,237,109,243,244,245,246,247,116,249,251
261,263,264,266,268,270,271,273,18,277,283,158,32,163,168,44,51,58,67,68,69,71,200,75,205,80,209,81,210,212,85,86,87,88,89,215,92,94,96,98,249,106,109,110,242,243,116,246,121,250,251,253,255
256,257,258,259,260,261,262,263,264,7,267,268,269,271,283,158,32,163,44,51,58,318,68,69,71,73,74,205,80,81,210,84,213,86,87,88,89,215,98,106,109,242,243,115,245,246,116,248,249,122,251,253
259,261,262,263,264,7,269,271,273,274,277,281,283,158,32,163,44,51,313,58,68,69,71,75,205,80,81,210,83,84,85,86,87,88,89,215,92,97,98,105,106,109,243,116,117,246,120,249,250,253,254
256,257,259,7,8,267,269,274,23,281,283,27,158,32,163,166,44,178,51,58,68,69,70,71,72,76,77,205,79,80,81,210,84,85,86,87,88,89,215,97,98,99,105,106,109,243,244,245,246,116,249,253,254
256,257,258,259,260,261,262,264,267,271,281,158,32,34,163,41,44,51,310,312,58,317,318,322,68,69,71,73,205,80,81,210,84,213,86,87,88,89,215,91,98,106,109,242,243,116,245,246,248,249,122,251
256,257,258,259,260,135,263,7,10,267,138,266,268,271,16,275,276,158,32,163,44,51,311,58,68,69,71,73,74,202,205,80,81,209,210,84,86,87,88,89,215,91,98,231,106,237,109,243,116,245,246,248,249,251
256,257,258,259,260,261,262,7,264,267,269,271,273,275,281,283,158,32,163,44,51,58,66,68,69,71,72,73,205,79,80,81,210,84,86,87,88,89,215,97,98,106,107,109,243,116,245,246,248,249,251,253,254
256,257,258,259,260,261,262,264,267,269,270,271,275,281,283,158,32,163,44,51,312,58,318,68,69,71,73,205,81,210,84,213,86,87,88,89,215,96,98,106,109,241,242,243,116,245,246,248,249,122,251,252,253,254
257,258,260,261,262,7,264,269,271,144,273,277,281,283,155,158,32,163,169,51,58,188,189,194,68,69,70,71,73,75,205,79,81,210,85,86,87,88,89,121,106,109,243,116,117,246,249,250,251,253,254
256,257,258,260,261,262,7,264,267,269,271,144,273,275,281,283,155,158,32,34,163,51,58,194,68,69,70,71,72,73,77,205,79,81,210,213,86,87,88,89,121,105,106,109,242,243,116,245,117,248,249,251,253
256,263,264,7,267,11,269,271,273,274,281,283,158,32,163,44,51,58,68,69,71,72,76,77,205,79,80,81,210,84,85,86,87,88,89,215,92,98,99,106,109,241,243,116,245,246,119,249,253,254
1,261,263,264,7,266,268,270,271,273,277,281,155,158,32,163,41,51,194,68,69,70,71,73,75,205,79,81,210,86,87,88,89,92,94,121,122,106,234,109,110,242,243,116,117,246,120,249,250,251,253,255
263,264,268,269,271,273,277,281,282,283,158,32,163,44,51,68,69,71,73,75,205,79,80,81,210,84,85,86,87,88,89,215,91,121,97,98,100,101,106,109,110,241,243,116,117,245,246,120,249,251,253,254,255
256,259,263,7,267,268,272,274,276,151,284,158,31,32,163,51,58,65,68,71,72,74,76,205,79,80,81,210,211,84,86,87,88,89,215,247,92,98,99,100,101,106,107,109,242,116,125,246,119,121,253,255
261,263,264,7,266,269,270,271,273,275,277,281,283,155,158,32,163,39,51,58,188,189,194,68,69,70,71,73,75,79,81,210,85,86,87,88,89,223,121,106,109,110,242,243,116,117,246,249,250,251,253,254,255
257,258,260,261,7,10,266,267,138,268,271,16,275,277,155,158,32,163,168,51,311,313,194,68,69,70,71,73,74,205,79,81,210,84,86,87,88,89,93,121,98,231,106,109,242,243,116,245,246,249,251
256,257,261,263,264,7,9,267,12,269,271,273,274,22,281,283,156,158,32,163,42,51,187,65,194,68,69,70,71,72,73,76,77,79,208,81,84,86,87,88,92,121,100,106,109,243,244,245,117,116,249,253,254
256,261,263,264,268,269,271,146,277,278,283,158,32,163,166,44,178,51,58,195,68,69,71,75,205,80,81,210,84,85,86,87,88,89,90,215,92,95,98,100,101,104,105,106,109,110,114,115,116,117,120,250,253,255
257,258,259,261,262,7,264,266,267,270,271,275,277,158,32,163,44,51,58,68,69,71,73,205,80,81,210,84,213,86,87,88,89,215,97,98,249,122,104,106,107,109,110,243,116,117,246,248,121,250,251,255
256,257,258,259,262,263,8,7,267,269,23,283,155,158,32,163,166,40,51,58,194,323,68,70,71,72,73,74,76,77,205,79,81,210,84,86,87,88,89,215,121,98,99,100,101,106,109,243,244,245,116,117,248,249,253
261,7,264,266,270,271,273,277,151,281,283,158,32,163,44,46,306,51,313,58,68,69,327,71,75,205,79,80,81,210,84,85,86,87,88,89,215,92,97,98,106,109,242,243,116,246,249,250,251,253
263,264,7,266,11,269,271,273,274,277,281,283,155,158,32,163,168,43,306,51,313,58,194,68,69,198,70,71,75,205,79,81,210,84,85,86,87,88,89,92,121,98,106,109,110,242,243,116,117,246,249,251,253
256,257,261,263,264,7,267,268,271,273,275,277,278,158,32,288,163,44,51,58,68,69,71,73,74,205,80,81,210,84,86,87,88,89,215,92,97,98,100,104,106,109,242,243,116,117,246,249,251,253,255
256,257,8,265,267,11,269,271,17,274,275,21,22,23,283,27,158,32,163,166,40,178,51,187,188,68,71,72,73,202,74,76,77,205,81,210,86,87,88,89,98,99,109,243,244,245,246,116,251,253
258,263,264,11,268,269,273,274,281,283,158,32,163,44,51,313,58,68,69,71,72,75,76,205,79,80,81,210,84,85,86,87,88,89,215,92,98,99,105,106,109,241,242,243,116,246,249,251,253,254
256,257,261,263,264,7,266,267,269,271,143,144,277,155,158,32,163,51,58,194,68,69,70,71,73,75,205,79,81,210,85,86,87,88,89,92,93,121,104,106,109,242,243,116,117,246,120,249,250,251,253
261,263,264,7,268,269,270,271,273,281,282,283,155,158,32,163,168,170,51,58,194,68,69,70,71,75,205,79,81,210,85,86,87,88,89,215,92,121,98,106,109,110,242,243,116,117,246,249,250,251,253,254
256,263,264,7,266,267,268,269,9,274,22,281,283,155,158,32,163,42,51,187,194,68,69,70,71,72,76,77,205,79,208,81,210,86,87,88,89,92,106,109,110,241,243,244,245,117,116,121,122,253,254,255
261,263,264,269,273,277,278,281,283,158,32,166,174,51,196,69,68,70,71,75,80,81,210,83,84,85,86,87,88,89,91,92,94,97,98,121,105,106,107,109,112,114,115,116,117,246,120,249,250,253
261,263,268,269,273,274,277,281,283,158,32,163,168,51,68,69,70,71,72,75,76,77,80,81,210,83,84,85,86,87,88,89,92,97,98,121,105,106,109,112,115,243,117,246,244,120,116,253,254
256,263,264,8,7,267,269,273,274,151,281,154,283,158,32,163,166,44,51,58,68,69,71,72,75,76,77,205,80,81,210,84,85,86,87,88,89,215,92,97,98,99,105,106,109,243,244,245,246,116,249,253,254
261,263,264,268,269,270,271,273,274,277,281,283,158,32,163,165,168,44,48,51,179,58,68,69,71,73,77,205,79,80,81,210,84,86,87,88,89,215,92,98,106,109,110,242,243,116,246,119,249,251,253,254
257,258,259,263,264,7,266,138,10,268,270,271,16,275,276,277,283,158,32,163,44,51,58,68,69,71,73,74,202,205,80,81,210,84,86,87,88,89,215,91,98,106,107,109,242,243,116,246,249,251,253
257,258,260,261,7,10,138,266,268,270,271,16,275,277,282,284,158,32,163,292,44,51,58,68,69,71,73,74,202,205,80,81,210,84,86,87,88,89,215,98,231,106,237,109,239,242,243,116,246,249,251,255
256,261,7,264,266,271,277,283,158,32,163,44,51,58,68,69,71,75,205,80,81,210,83,84,85,86,87,88,89,215,92,93,94,97,98,104,105,106,109,242,243,115,117,246,114,120,249,250,251,116,253
261,263,264,7,266,268,271,277,151,281,283,158,32,163,44,51,58,68,69,71,75,205,80,81,210,84,85,86,87,88,89,215,91,92,93,94,97,98,249,104,106,234,109,110,243,116,117,120,121,250,251,253,255
257,259,261,135,264,263,138,10,266,268,270,271,16,275,277,26,282,158,32,163,44,51,58,68,69,71,73,74,75,205,81,210,84,86,87,88,89,215,91,92,98,106,108,109,242,243,114,116,246,117,249,251,253
261,7,264,269,270,271,273,18,277,281,283,155,158,32,163,168,51,194,67,68,69,70,71,75,205,81,210,85,86,87,88,89,92,94,96,121,106,109,242,243,116,117,246,120,249,250,251,253,255
257,260,261,135,264,10,138,266,271,16,275,276,277,26,158,32,163,292,44,51,311,58,68,69,71,200,73,74,202,205,78,80,81,210,84,86,87,88,89,215,91,98,231,106,237,109,243,116,246,249,251
261,263,264,7,266,268,269,270,271,277,281,283,155,158,32,163,39,168,51,58,194,68,69,70,71,73,75,205,79,81,210,86,87,88,89,121,98,106,109,110,242,243,116,246,249,250,251,253,254,255
256,257,258,260,261,262,263,264,7,267,269,271,144,273,274,281,283,155,158,32,163,51,58,194,68,69,70,71,72,73,205,79,81,210,213,86,87,88,89,119,121,106,109,242,243,116,117,245,246,249,251,253,254
263,264,7,269,270,271,273,274,277,279,151,281,283,158,32,163,44,51,313,58,68,69,71,75,205,79,80,81,210,84,85,86,87,88,89,215,92,97,98,105,106,109,110,242,243,116,246,119,249,250,251,253,254
261,263,264,7,269,273,277,278,281,283,158,32,163,44,51,58,68,69,71,75,205,80,81,210,83,84,85,86,87,88,89,215,91,92,95,97,98,231,105,106,109,114,115,243,117,116,120,249,250,253,255
257,261,7,264,269,270,271,144,273,18,275,277,283,155,158,32,163,51,58,194,67,68,69,70,71,73,75,79,81,82,210,86,87,88,89,94,96,121,106,109,110,111,242,243,116,117,246,247,249,250,251,253,255
261,263,264,268,269,271,15,273,17,277,21,281,283,158,32,163,43,44,51,58,68,69,198,71,205,79,80,81,210,84,85,86,87,88,89,215,92,224,98,229,106,234,109,110,238,243,116,117,246,249,251,252,253,255
257,261,7,264,263,266,270,271,277,283,155,158,32,163,51,313,58,194,68,69,70,71,73,75,205,79,81,210,86,87,88,89,92,121,98,106,107,109,110,242,243,116,117,246,120,249,250,251,253,255
256,263,8,7,9,267,11,269,273,274,22,281,283,155,158,32,163,42,301,51,58,187,194,323,68,69,70,71,72,76,77,79,208,80,81,84,214,86,87,88,89,92,95,106,109,243,244,245,117,116,121,253,254
261,263,264,266,269,271,273,274,277,281,283,158,32,163,166,44,45,174,51,313,58,68,69,325,327,72,73,71,75,205,79,81,210,84,85,86,87,88,89,215,92,98,106,107,109,243,116,117,246,249,250,251,253,254
261,7,264,269,271,273,274,277,151,281,283,158,32,163,44,51,313,58,68,69,71,75,205,80,81,210,83,84,85,86,87,88,89,215,92,95,97,98,105,106,109,242,243,115,117,246,116,120,249,250
261,7,264,266,270,271,273,18,277,151,281,283,158,32,163,44,51,56,58,67,68,69,71,75,205,80,81,210,84,85,86,87,88,89,215,92,97,98,104,106,109,110,242,243,116,246,120,249,250,251,253,254,255
261,263,264,7,266,269,270,271,273,277,151,281,283,158,160,32,163,51,58,191,68,69,71,75,205,80,81,210,85,213,86,87,88,89,92,93,98,104,105,106,109,243,116,117,246,120,249,250,251,253
257,258,261,5,263,264,7,266,267,268,269,270,271,144,275,277,281,283,155,158,31,32,51,188,194,68,69,70,71,73,76,79,81,210,86,87,88,89,121,98,100,106,109,242,243,116,117,246,248,249,251,127,253,255
2,261,7,264,266,268,270,271,277,280,283,158,32,168,173,51,53,189,68,69,70,199,71,73,201,75,207,81,86,87,88,217,92,121,231,106,109,110,243,116,246,119,249,250,251,253
259,261,263,264,8,266,268,269,270,271,273,277,281,282,283,158,32,163,43,44,51,58,59,68,69,198,71,72,75,205,79,81,210,84,85,86,87,88,89,215,92,98,106,108,109,110,113,243,116,117,246,249,251,253
257,258,261,263,264,7,266,267,268,270,271,16,275,276,277,283,158,32,163,44,46,51,58,68,69,71,73,74,202,205,80,81,210,84,86,87,88,89,215,97,98,106,109,243,116,117,246,247,249,251,253
135,263,7,10,138,266,268,271,16,275,151,26,158,32,163,292,44,51,58,68,69,70,71,73,74,329,202,205,80,81,210,84,86,87,216,88,89,91,92,215,121,98,102,231,106,237,109,243,116,246,249,251,253
256,259,263,267,268,269,270,280,283,284,158,32,290,163,166,168,44,174,51,58,65,195,68,71,72,74,76,77,205,80,81,210,211,84,86,87,88,89,215,91,92,94,98,100,101,103,106,107,109,243,115,116,119,249,253
257,261,135,10,138,266,140,268,271,16,275,276,277,280,26,158,32,163,44,51,58,187,194,68,69,71,73,74,329,202,205,81,210,84,213,86,87,215,88,89,91,98,231,106,237,109,239,242,243,116,246,119,249,251
256,257,259,7,267,269,144,274,275,276,23,283,155,158,32,163,166,40,51,58,319,194,68,69,70,71,72,73,202,74,76,77,205,79,81,210,84,86,87,88,89,98,99,106,237,109,243,244,245,246,116,117,121,251,253
256,263,264,7,266,267,268,269,271,144,273,146,277,283,155,158,32,163,51,180,58,188,194,68,69,70,71,72,73,76,77,79,80,81,85,86,87,88,89,92,95,121,100,106,109,110,112,243,116,244,246,119,249,251,253
256,259,263,265,267,268,272,274,283,284,158,31,32,163,44,50,51,58,66,68,71,72,73,74,76,77,205,79,80,81,210,84,85,86,87,88,89,215,92,98,99,100,101,106,109,116,119,249,251,253
261,263,264,7,266,11,269,270,271,273,274,277,151,281,283,158,32,163,44,306,51,313,58,68,69,71,75,205,79,80,81,210,84,85,86,87,88,89,215,92,97,98,106,109,242,243,116,246,249,250,251,253,254
256,263,264,7,266,9,269,270,271,273,274,277,281,283,155,158,32,163,168,51,194,68,69,70,71,72,75,205,79,81,210,85,86,87,88,89,90,92,121,99,106,109,241,243,116,117,246,247,249,250,251,253,254
261,263,264,7,266,268,270,271,273,275,277,151,281,283,158,32,163,44,51,313,58,68,69,71,73,202,75,205,79,80,81,210,84,85,86,87,88,89,215,92,97,98,106,109,243,116,246,249,250,251,253,126
261,263,264,7,266,273,277,283,158,32,163,44,51,54,313,58,68,69,71,75,205,80,81,210,83,84,85,86,87,88,89,215,92,94,96,97,98,104,105,106,109,243,115,117,246,116,120,249,250,253
256,257,263,135,265,266,267,268,10,7,271,16,275,276,155,158,32,163,46,51,194,68,70,71,72,73,74,76,77,205,81,210,84,86,87,216,88,89,91,102,106,237,109,243,116,246,247,121,251,253
256,263,264,265,135,267,268,269,274,281,283,155,158,32,168,44,51,182,195,68,69,72,74,76,77,205,79,80,206,81,210,84,86,87,88,89,215,91,92,248,98,99,100,101,106,109,243,244,245,115,119,116,249,122,253,254
256,259,263,7,267,268,270,275,276,277,280,282,155,158,32,163,51,58,194,68,70,71,72,73,74,76,77,79,81,210,84,86,87,88,89,91,247,121,100,101,102,103,106,107,237,109,242,244,245,246,119,116,117,251,253
259,263,264,7,268,271,272,144,274,277,155,284,158,31,32,163,51,58,194,68,69,70,71,72,74,75,205,79,80,81,210,86,87,88,89,92,95,99,100,101,106,109,242,243,115,114,116,117,121,250,253,255
256,261,263,267,269,273,274,277,22,281,283,158,32,163,168,44,51,187,62,68,71,72,202,76,77,205,79,80,208,81,210,84,85,86,87,88,89,215,92,98,105,109,114,115,244,243,245,117,246,249,116,253,254
256,257,263,8,267,269,271,273,274,277,281,283,158,32,163,166,168,44,51,58,68,69,71,72,73,75,76,77,205,80,81,210,84,85,86,215,87,88,89,92,97,98,99,100,106,109,243,244,245,246,116,120,249,126,253,254
257,258,261,263,264,269,271,273,277,278,283,158,32,163,44,51,313,58,68,69,71,75,205,80,81,210,83,84,85,86,87,88,89,215,92,93,94,98,104,105,106,109,112,114,115,243,117,116,120,249,250,253
261,7,264,266,10,270,277,281,283,155,28,158,32,163,168,51,188,194,68,69,70,71,75,205,79,81,210,85,86,87,88,89,92,94,95,97,98,121,106,109,110,242,243,116,117,246,120,249,250,251,253,255
256,257,261,263,264,7,266,268,141,270,271,275,277,155,158,32,163,51,58,194,68,69,70,71,73,75,77,79,81,210,85,86,87,88,89,92,94,121,98,122,106,109,110,113,242,243,116,117,246,248,249,250,251
257,261,5,263,264,267,268,269,142,271,273,275,281,283,158,32,163,44,51,58,68,69,71,73,75,205,79,80,81,210,212,84,86,87,88,89,215,95,98,100,106,109,110,241,242,243,116,117,249,250,251,127,253,254,255
256,257,259,263,8,7,266,267,269,142,17,274,275,20,21,23,281,283,157,158,32,36,164,166,168,178,51,187,188,194,68,70,71,72,73,74,76,77,79,81,86,87,88,119,92,99,106,109,243,244,245,116,118,253,254
256,261,263,264,267,268,269,142,271,273,274,20,277,281,283,157,158,32,163,168,175,51,68,69,71,76,205,79,80,81,210,85,86,87,88,89,92,98,100,106,109,110,241,242,243,244,117,116,118,249,253,254,255
257,258,260,135,263,7,10,138,266,267,140,271,268,270,16,275,276,282,155,158,32,163,292,303,51,311,58,194,68,70,71,73,74,75,79,81,210,84,86,87,88,89,91,231,106,237,109,239,243,116,117,246,121,251,253
257,135,264,7,138,266,10,268,271,16,275,277,158,32,163,292,44,303,51,311,58,68,69,71,73,74,202,205,80,81,210,84,85,86,87,88,89,215,91,92,121,97,98,231,106,109,243,244,116,246,249,251
259,263,265,266,267,268,269,274,146,281,283,284,158,32,163,44,51,58,68,69,71,72,73,74,75,76,77,205,79,81,210,84,86,87,88,89,215,247,91,97,98,99,100,101,106,107,109,243,116,246,119,251,253,254
256,257,258,259,262,263,8,7,267,269,274,276,23,151,27,283,158,32,163,166,40,44,51,58,315,68,69,71,72,75,76,77,205,80,81,210,84,214,86,87,89,88,215,97,98,99,100,106,109,244,245,116,249,253,254
258,259,261,264,273,277,278,281,283,158,32,163,44,51,180,58,196,69,68,71,75,205,80,81,210,83,84,85,86,87,88,89,215,92,93,97,98,105,106,108,109,112,114,115,243,117,246,116,120,249,250,253
256,263,7,265,266,267,269,270,144,18,146,277,283,155,158,32,163,51,180,58,194,67,68,70,71,72,76,77,79,80,81,210,86,87,88,89,92,96,121,105,106,109,112,242,243,115,117,244,119,116,249,253,254,255
261,7,264,269,273,274,277,281,283,158,32,163,44,306,51,309,313,58,60,191,68,69,71,330,75,205,79,80,81,210,84,85,86,87,88,89,215,92,97,98,106,109,242,243,116,246,249,250,251,253,254
256,257,258,259,7,8,267,269,144,274,283,155,158,32,163,166,40,51,58,194,68,70,71,72,73,74,202,76,77,205,79,81,210,84,86,87,88,89,215,121,98,99,106,237,109,243,244,245,246,116,117,249,251,254
263,264,266,268,269,270,271,272,273,277,281,283,158,32,163,165,168,44,51,58,68,69,71,73,74,75,205,79,80,81,210,84,86,87,88,89,215,92,98,106,109,242,243,116,117,246,120,249,250,251,253,254
256,257,261,263,266,267,268,269,22,283,158,32,163,42,51,58,187,68,69,70,71,72,73,202,74,76,77,205,79,208,81,210,84,86,87,88,89,92,98,106,109,241,243,244,245,246,116,249,251,252,253
263,264,7,266,268,269,271,273,274,275,151,281,153,283,158,32,163,44,51,182,313,58,68,69,71,73,74,77,205,79,80,81,210,84,85,86,87,88,89,215,91,92,97,98,106,109,110,241,243,116,246,249,251,253
261,263,264,7,266,268,269,270,271,273,274,277,281,283,158,32,163,44,178,51,58,68,69,71,75,205,79,80,81,210,84,85,86,87,88,89,215,92,97,98,106,109,242,243,116,246,120,249,250,251,253,254
256,261,263,264,266,268,269,271,273,274,277,281,283,158,32,163,44,51,313,58,66,68,69,71,75,205,79,80,81,210,84,85,86,87,88,89,215,92,98,99,106,123,109,241,242,243,116,117,249,251,253,254,255
0,1,259,263,264,137,267,268,269,273,276,280,281,283,284,27,158,32,163,44,51,58,68,69,71,72,74,75,76,77,205,79,80,81,210,84,86,87,88,89,215,247,92,94,98,99,100,101,106,107,109,243,116,119,249,253
261,263,264,7,266,268,270,271,144,277,155,158,32,163,51,58,194,68,69,70,71,200,73,75,205,79,81,210,85,86,87,88,89,92,121,98,100,106,109,110,242,243,116,117,246,120,249,250,251,253,255
261,263,268,269,273,277,278,281,283,158,32,163,168,51,58,191,68,69,71,75,205,80,81,210,84,85,213,87,86,88,90,89,92,93,97,98,105,106,109,112,114,243,115,117,116,120,250,253,255
261,263,264,266,268,270,271,273,277,281,283,158,32,163,44,51,58,191,68,69,71,73,75,205,79,80,81,210,84,85,86,87,88,89,215,92,248,97,98,249,106,109,110,242,243,116,117,246,120,121,250,251,253
51,7,141,142,144,146,147,148,149,154,155,156,157,158,160,161,163,164,293,292,167,36,169,298,171,172,173,301,303,304,305,306,179,180,178,309,183,311,184,177,307,310,181,194,330,208,87,302,175
2,135,142,143,144,145,146,147,18,149,148,151,154,155,156,157,158,160,161,32,163,164,293,294,166,296,169,298,299,167,170,172,173,176,305,178,306,307,309,181,183,184,180,179,51,58,330,204,205,210,87,175
141,142,144,146,147,148,149,153,154,155,156,158,159,160,161,292,293,164,167,296,166,298,171,172,174,175,304,305,306,179,178,309,180,183,307,185,51,182,193,330,203,209,212,85,87,95,114,115
141,142,144,147,148,149,153,154,155,156,158,160,292,293,294,167,296,169,298,299,172,171,174,303,302,305,306,179,180,177,178,311,175,307,310,308,184,166,330,170,301
9,141,142,144,147,148,149,150,153,154,155,156,157,158,160,161,164,293,294,166,296,169,298,299,171,172,302,167,176,305,306,178,180,177,173,183,184,179,181,310,187,330,170,174,175
5,141,142,144,272,146,147,149,150,152,153,154,155,156,157,158,160,161,164,293,167,296,169,298,299,300,172,174,302,170,305,306,307,308,178,177,183,179,184,180,51,181,330,87,98,301,175,127
135,138,10,141,142,144,147,148,149,151,153,154,155,156,158,160,161,292,293,166,167,296,298,299,171,170,172,303,300,305,306,179,307,309,310,183,311,180,51,184,73,330,87,91,231,174,175,246,251
142,271,144,147,148,151,154,155,156,157,158,160,161,32,292,293,164,295,296,167,298,299,172,171,170,303,173,305,306,179,307,309,310,311,183,178,177,180,51,181,184,200,330,210,87,174,175,246
141,142,143,144,16,146,147,148,149,22,151,150,152,155,156,28,158,159,32,160,163,164,293,165,295,296,169,297,299,298,168,302,303,304,305,178,307,180,308,306,309,184,51,179,182,58,187,63,71,330,208,42,87,175
135,7,10,138,142,144,16,147,148,151,154,155,156,157,158,160,161,32,163,292,293,166,167,295,297,298,171,172,173,302,303,304,177,306,179,180,309,310,311,305,178,181,51,58,194,73,81,87,231,175,116,246,251
51,141,142,144,147,148,149,153,154,155,156,158,160,161,292,293,164,166,296,167,298,299,172,171,170,303,174,305,178,306,307,179,309,183,311,310,308,181,180,184,330,87,175,177
51,7,141,142,144,147,148,149,154,155,156,157,158,160,161,32,163,292,293,164,166,296,169,298,299,171,167,302,303,170,305,306,178,179,309,181,311,183,307,310,50,180,58,330,205,210,87,172,173,174,175,118
141,142,143,144,16,146,147,148,149,22,281,155,156,157,158,160,161,163,164,293,292,167,296,169,39,168,172,173,302,303,304,305,306,179,178,307,180,311,181,308,51,190,198,330,87,88,175,118
141,142,144,146,147,148,149,153,154,155,156,158,159,160,161,164,293,294,167,296,169,298,299,297,166,302,171,176,305,178,306,180,309,304,311,183,184,307,179,51,330,206,87,88,172,174,175
137,141,142,144,146,147,148,149,154,155,156,157,158,160,161,292,293,164,295,296,169,166,299,172,167,174,303,170,305,306,307,308,178,309,179,184,310,180,330,87,300,175
5,141,142,144,146,147,148,149,154,155,156,157,158,160,161,292,293,164,167,296,169,298,299,168,170,302,303,304,305,178,306,179,309,181,311,183,307,180,310,51,330,87,171,172,98,300,173,174,175
7,142,143,144,145,146,147,148,149,153,154,155,284,156,157,158,160,161,293,294,167,296,169,170,299,166,297,302,174,176,171,178,172,180,301,173,183,184,179,181,51,310,87,108,175
4,141,142,143,144,145,146,147,148,149,153,155,156,158,159,160,161,164,294,295,296,169,298,299,297,38,302,170,176,172,178,174,180,309,310,183,184,179,54,51,311,330,87,92,105,175
141,142,143,144,145,146,147,148,149,16,150,151,153,152,155,156,22,28,158,160,161,159,32,163,293,294,295,296,169,170,299,165,173,302,175,176,304,178,51,180,179,182,184,56,58,63,72,73,205,168,210,87
141,142,144,146,147,148,149,150,151,152,153,154,155,156,158,159,160,161,292,293,294,166,296,169,298,299,172,167,302,171,176,305,306,178,300,309,310,183,184,177,179,180,51,87,174,175
7,135,142,144,16,147,148,149,151,154,155,156,157,158,160,161,163,164,293,292,294,296,169,298,299,171,165,174,167,168,170,178,179,306,309,180,183,184,307,181,310,51,330,83,87,92,172,173,105,175
141,142,144,147,148,149,154,155,156,158,160,161,292,293,166,167,296,295,298,299,172,170,174,303,175,305,306,179,307,309,310,311,184,183,308,180,51,330,87,177
128,141,142,144,147,148,149,153,154,155,156,157,158,160,161,292,293,164,166,296,167,298,171,172,299,170,174,175,305,306,179,307,309,178,183,308,185,310,180,51,184,330,83,85,87,92,303
135,140,141,13,145,147,150,151,152,153,22,156,30,158,32,159,35,292,165,294,295,296,167,169,297,170,300,299,302,303,304,177,307,308,309,180,311,184,179,52,37,51,182,64,199,201,168,87,88,89,44,45,174,237,175,251
3,7,12,141,142,143,144,147,149,150,151,152,154,155,156,158,159,160,161,34,163,164,293,294,167,296,169,298,299,172,171,32,168,43,305,306,179,180,178,175,51,184,182,58,165,205,210,87,111,112
141,142,144,146,147,148,149,153,154,155,156,157,158,159,160,161,164,293,294,166,296,169,298,299,167,171,302,174,176,305,178,306,180,309,307,183,184,177,179,51,182,310,181,330,87,172,173,175
51,5,135,141,142,144,147,148,149,153,154,155,156,158,160,161,292,293,166,167,296,169,298,299,172,171,302,303,170,305,306,179,177,307,310,183,311,309,308,181,180,184,330,87,98,174,175
7,142,143,144,146,147,148,154,155,156,157,158,160,161,32,163,164,293,292,167,296,169,298,297,166,172,302,303,304,173,178,306,180,309,179,311,184,181,51,58,194,68,71,330,87,88,175,116
2,135,141,142,144,146,147,148,149,151,154,155,156,157,158,159,160,161,163,292,293,164,294,296,167,298,299,172,171,173,174,304,305,306,179,180,309,178,183,184,310,51,307,308,181,330,87,110,175
134,141,142,16,144,147,148,149,150,151,152,153,154,155,156,158,159,160,32,163,292,293,294,167,296,169,298,164,300,165,166,303,304,305,306,307,178,309,179,311,184,177,180,308,51,182,186,58,330,168,81,87,172,175
2,7,142,144,146,147,148,149,153,154,155,156,157,158,160,161,163,164,293,294,292,296,169,298,299,38,167,302,303,176,172,178,179,180,306,307,183,184,309,181,51,308,61,194,330,87,93,94,173,175
51,5,141,142,144,147,148,149,153,154,155,156,158,160,161,292,293,164,166,296,169,298,299,172,300,174,171,302,305,306,179,177,307,178,183,311,184,308,309,180,310,167,330,87,170,98,175,303
7,141,142,144,146,147,148,149,155,156,157,158,160,32,161,292,293,164,167,296,169,298,171,172,299,174,303,302,305,306,179,180,178,310,311,183,309,181,51,184,165,330,168,297,170,87,88,173,175
135,138,10,141,142,144,16,147,148,149,153,154,155,156,157,158,160,161,292,293,294,167,296,166,298,171,172,174,303,175,177,306,179,305,309,310,183,311,307,180,308,51,184,73,330,87,231,246,251
129,7,141,142,143,144,146,147,148,149,153,154,155,156,157,158,160,32,161,163,293,294,295,296,169,170,299,298,167,302,172,304,305,178,307,180,309,308,175,184,179,181,51,311,194,330,87,173,106,174,112
7,141,142,143,144,146,147,148,149,153,154,155,156,284,157,158,160,161,32,163,293,294,166,296,169,298,299,170,167,302,172,176,305,178,307,308,309,173,183,184,179,180,181,51,58,194,68,330,210,86,87,175,116
7,141,142,144,147,148,149,151,154,155,156,157,158,160,161,32,163,164,293,292,166,296,167,298,171,172,299,170,173,174,305,306,179,178,309,310,311,183,307,185,180,51,181,58,330,205,210,83,85,87,175
142,146,147,148,149,150,151,152,153,154,155,156,158,159,162,164,293,292,165,296,169,298,171,299,168,170,303,172,174,306,179,178,307,175,183,184,50,51,185,61,193,321,203,209,83,212,85,87,92,95,105,114,115,249
7,141,142,143,144,146,147,148,149,154,155,156,157,158,159,160,161,163,164,293,294,166,296,169,298,299,172,167,302,173,304,305,178,306,180,179,309,183,184,181,51,194,68,86,87,110,112,175,116
141,142,144,145,147,148,149,153,154,155,156,157,158,160,161,163,292,293,166,295,296,297,169,171,299,172,298,303,167,177,305,306,179,309,310,183,311,178,307,180,51,181,184,330,87,170,89,173,301,174,175
4,141,142,144,146,147,148,149,150,151,152,153,154,155,156,158,159,160,163,293,294,295,296,169,170,299,165,166,302,175,167,305,178,307,306,309,308,183,184,180,179,51,182,62,330,168,211,87,172,99,110
141,142,144,146,147,148,149,153,154,155,156,157,158,32,161,160,164,293,166,167,296,169,298,299,171,42,302,174,304,305,178,306,180,309,307,183,184,179,177,51,310,187,71,330,87,172,175
142,143,144,146,147,148,149,155,156,157,158,159,160,161,32,164,293,294,295,296,169,298,299,297,167,302,170,172,305,178,306,180,309,310,183,184,307,179,51,330,87,88,301,174,110,175
178,51,5,141,142,144,147,148,149,150,153,154,155,156,158,160,292,293,164,166,296,169,295,171,172,299,174,167,170,305,306,307,179,308,177,311,184,183,310,309,180,330,87,98,175,303
128,129,130,131,132,133,134,135,136,138,10,140,266,139,16,275,25,26,285,286,158,288,290,291,292,303,51,311,199,73,329,81,84,213,87,216,91,231,123,237,239,246,122,251,124,125,126,127
128,129,130,131,132,133,134,135,136,137,138,139,140,13,144,23,284,285,286,287,288,289,290,291,163,180,55,186,64,66,196,72,204,205,76,80,122,123,124,125,126,127
128,129,130,131,132,133,134,135,136,138,139,140,19,285,286,158,288,289,290,291,166,43,44,51,179,54,313,193,195,196,209,210,83,85,215,87,92,105,115,117,122,123,124,125,126,127
128,129,130,131,132,5,134,135,133,136,138,10,140,137,139,156,285,286,287,288,289,158,290,36,292,291,303,175,311,317,324,200,73,202,204,84,87,216,88,91,231,123,246,122,251,124,125,126,127
128,129,130,131,132,5,134,135,133,136,138,10,140,137,139,16,275,25,26,285,286,287,288,289,290,291,292,163,199,200,73,329,81,84,87,216,91,219,231,123,237,239,246,122,251,124,125,126,127
128,130,131,132,133,134,135,8,137,138,139,140,13,136,17,21,23,151,27,286,288,289,161,164,166,40,44,178,55,186,187,63,192,196,198,204,205,76,208,85,92,244,122,123,124,127
128,129,130,131,132,133,5,135,134,137,138,139,140,267,136,145,17,23,285,286,287,288,289,290,291,163,40,55,319,192,66,72,87,219,236,122,123,124,125,126,127
128,129,130,131,132,5,133,135,134,137,138,139,140,265,136,150,284,285,286,158,160,289,290,291,33,37,288,161,32,51,191,64,66,75,204,205,76,85,87,231,122,123,124,125,126,127
128,129,130,131,132,133,134,135,136,137,138,139,140,13,17,151,23,27,285,286,288,289,290,291,44,55,186,63,64,192,196,197,70,71,72,204,205,76,80,84,85,92,102,122,123,124,125,126,127
128,129,130,131,132,133,134,135,136,138,139,140,17,23,285,286,287,32,289,158,288,290,291,40,42,43,47,51,55,187,192,64,323,196,71,208,214,87,95,122,123,124,125,126,127
128,129,130,131,132,133,134,135,8,137,138,139,140,136,17,23,27,285,286,287,288,289,290,291,40,44,49,55,63,192,64,71,76,77,208,219,236,237,244,122,123,124,125,126,127
128,129,130,131,132,133,134,135,136,138,10,140,139,16,275,151,25,26,285,286,158,288,290,291,292,165,303,50,51,311,191,324,200,73,202,329,81,84,213,87,216,91,219,231,123,237,239,246,122,251,124,125,126,127
128,129,130,131,132,133,5,135,136,134,138,139,140,19,285,286,287,288,289,158,290,291,39,41,51,179,55,66,71,213,87,88,217,118,122,123,124,125,126,127
128,129,130,131,132,133,134,135,264,136,138,139,140,137,273,19,281,283,285,286,158,288,289,32,290,39,306,51,313,196,69,210,83,85,87,88,241,125,122,123,253,126,127
128,129,130,131,132,133,134,135,136,137,138,139,140,265,273,19,285,286,287,288,289,290,291,163,51,55,66,196,204,80,87,122,123,124,125,126,127
128,129,130,131,132,5,133,135,134,136,138,139,140,137,17,19,277,285,286,287,288,289,290,291,163,51,54,313,195,196,69,203,83,85,87,92,228,234,117,122,123,124,125,126,127
128,129,130,131,132,133,134,135,136,137,265,139,140,138,7,19,23,285,286,287,288,289,290,291,158,163,40,51,55,66,194,76,87,122,123,124,125,126,127
128,129,130,131,132,133,134,135,136,137,138,139,140,273,285,286,287,288,289,290,158,32,291,51,55,192,66,196,204,205,76,80,210,87,122,123,124,125,126,127
128,129,130,131,132,133,134,135,136,137,265,139,7,13,138,140,153,285,286,287,158,289,290,291,288,294,45,48,51,58,64,66,194,205,87,227,104,233,107,119,122,123,124,125,126,127
128,129,130,131,132,5,261,133,134,135,138,136,137,139,140,277,285,286,158,288,289,290,32,291,43,306,51,54,313,318,191,196,69,198,324,80,210,83,85,87,88,92,231,105,234,106,110,113,122,123,125,126,127
128,129,130,131,132,5,133,135,134,136,138,139,140,19,147,278,285,286,158,288,289,290,291,51,179,313,193,195,196,203,78,209,210,83,85,215,87,92,105,235,117,122,123,124,125,126,127
128,129,130,2,131,132,133,135,134,137,266,138,139,140,13,136,23,285,286,288,289,290,41,173,55,66,70,199,71,201,207,88,217,121,122,123,124,125,126,127
128,129,130,131,132,133,134,135,8,137,138,139,136,13,140,17,23,151,27,285,286,288,289,290,161,164,40,44,49,178,55,57,186,63,64,192,196,197,72,204,205,76,208,122,123,124,125,127
128,129,130,131,132,5,133,135,136,134,138,137,140,139,277,24,285,286,287,288,289,290,291,163,43,44,179,51,54,55,313,196,69,198,75,83,85,87,88,92,228,231,234,120,122,123,124,125,126,127
128,129,130,131,132,5,261,135,136,137,138,139,140,133,134,7,17,285,286,287,288,289,290,291,158,40,43,51,313,194,212,87,89,98,231,249,122,123,124,125,126,127
128,129,130,131,132,133,134,135,8,137,138,139,136,13,140,17,23,151,27,285,286,287,288,289,290,291,40,44,55,57,186,63,192,64,70,72,204,205,76,77,244,122,123,124,125,126,127
128,129,130,131,132,5,134,135,133,136,138,139,140,137,273,147,285,286,287,288,289,290,291,163,293,43,51,55,313,190,192,324,198,85,87,88,122,123,124,125,126,127
128,129,130,131,132,5,134,135,133,136,138,10,140,11,139,271,7,16,25,26,285,286,287,288,289,158,290,164,51,194,200,73,87,231,123,237,239,246,122,251,124,125,126,127
128,129,130,2,131,5,132,135,133,134,138,266,140,10,139,136,285,286,288,289,290,291,36,43,53,55,313,70,199,71,201,87,88,217,231,121,122,123,124,125,126,127
128,129,130,2,131,133,132,135,134,137,138,139,136,13,140,151,285,286,287,288,289,290,291,158,294,51,179,309,55,186,64,192,66,204,76,205,80,87,219,107,119,122,123,124,125,126,127
264,9,206,207,27,158,32,163,51,313,314,186,187,189,316,317,320,193,192,190,324,325,198,327,199,196,200,201,204,203,191,202,208,209,210,194,205,213,85,195,216,212,214,87,215,197
138,10,16,275,158,32,163,51,312,313,314,187,186,317,189,191,319,193,322,323,324,325,192,199,327,329,202,200,201,197,205,206,208,209,194,207,210,213,195,81,216,212,214,87,215,231,246,251
190,313,314,186,187,189,316,191,192,320,322,317,324,196,198,327,200,199,202,329,204,201,325,328,208,209,194,205,206,213,195,207,216,80,319,210,212,214,215,87,197,246
158,32,163,58,51,189,313,314,186,187,316,317,190,192,193,191,195,196,325,198,327,324,199,201,203,204,202,205,200,208,209,210,194,206,85,207,215,216,212,213,214,92,87,197
260,267,145,207,158,287,51,312,313,186,315,187,317,318,319,192,191,322,323,196,324,195,199,328,200,202,201,327,329,197,72,208,209,194,211,205,213,214,206,216,217,210,212,87,215
264,207,158,32,163,51,313,314,186,187,317,316,189,320,193,192,190,324,325,198,327,199,196,202,200,201,204,69,191,208,209,194,205,206,213,85,195,216,210,212,214,87,215,197
206,207,158,51,312,313,314,315,186,189,187,319,192,317,322,323,324,325,196,327,200,329,202,199,318,191,197,72,208,194,209,74,205,213,214,195,216,210,212,87,215,201,249
135,138,10,16,275,26,158,51,313,314,187,186,189,317,319,191,192,322,323,324,325,198,327,200,329,202,73,199,197,201,205,208,194,206,207,209,213,195,210,216,81,212,214,87,215,231,246,251
135,138,16,207,81,158,32,51,313,314,187,186,315,317,191,192,319,322,323,196,324,198,327,200,329,202,199,201,204,197,326,208,209,194,205,206,213,214,195,216,217,210,212,215,87
158,32,167,186,51,313,314,187,315,189,188,317,192,320,322,323,195,196,190,199,200,201,202,329,327,319,191,207,208,209,194,211,205,213,214,210,216,217,215,87,197,70,326,121
158,51,312,313,186,187,315,317,318,319,192,191,322,323,195,196,324,199,328,200,202,201,327,329,197,205,208,209,194,211,206,213,214,207,216,217,210,212,215,87,236,245,122
135,138,10,206,152,158,51,312,313,186,314,187,317,189,191,192,190,322,319,324,325,198,327,200,199,202,329,201,196,197,72,208,194,205,78,207,213,209,210,216,212,81,87,215,94,246
9,158,32,163,190,51,313,314,186,316,317,187,319,188,193,322,323,324,325,189,327,199,201,200,202,329,191,192,207,208,209,194,205,206,213,214,195,216,210,212,87,215,197,231
2,158,32,167,43,51,53,313,314,186,187,317,316,191,320,192,189,323,196,190,198,199,327,201,202,200,204,205,319,207,208,209,194,210,213,214,87,215,217,197,70,121
206,158,32,186,43,51,313,314,187,316,189,317,190,192,320,193,195,196,324,198,327,199,200,69,326,202,191,197,328,208,209,210,194,205,85,214,213,207,82,323,212,87,215,216,94,201
257,134,80,158,163,186,51,312,313,314,315,187,317,190,191,320,318,322,323,324,196,198,327,200,199,202,328,319,192,197,201,208,209,194,205,206,213,195,207,216,89,210,212,215,88,87,245,246,249
205,206,18,207,158,293,51,313,186,314,187,317,318,190,320,193,322,192,324,325,198,327,200,196,199,202,204,191,197,201,208,209,210,194,67,213,85,195,216,212,87,215,96,246
158,32,163,51,313,186,315,314,187,317,319,192,190,191,323,196,195,198,327,197,201,202,199,204,205,200,206,208,209,194,211,207,213,214,210,216,217,82,212,87,215
205,9,207,317,190,313,314,186,187,189,316,319,320,192,322,323,196,195,193,327,200,201,202,199,191,197,328,204,208,209,210,211,194,213,214,206,216,212,215,87,104
207,158,32,163,293,306,51,313,186,314,187,317,190,191,192,193,58,189,196,324,198,327,199,200,202,325,204,205,197,201,208,209,194,83,206,85,213,195,216,210,212,214,92,87,215,246
158,32,186,190,51,312,313,314,187,315,188,318,191,192,317,322,323,196,324,195,327,200,328,202,198,204,71,319,326,208,209,194,205,206,213,214,207,216,210,212,215,87,197,199,201
148,151,25,158,163,176,51,183,313,314,186,187,317,190,191,192,189,194,195,196,324,198,327,197,325,202,199,204,205,200,201,208,209,80,210,206,85,207,212,216,217,213,214,92,87,215
2,135,207,158,163,38,51,189,313,314,186,187,316,317,190,320,193,192,195,196,325,198,327,200,199,324,201,204,202,191,205,208,209,210,194,206,85,213,215,216,212,87,197
7,158,51,182,55,314,187,186,315,317,319,192,191,189,323,196,195,198,327,328,201,202,197,204,205,199,207,208,209,194,211,81,213,214,210,216,217,212,87,215,318,107,200
158,32,163,306,51,189,313,186,314,187,316,318,317,320,192,190,191,196,324,198,327,199,325,201,69,204,205,200,202,208,209,194,206,207,85,213,195,210,217,212,214,87,215,216,197
158,31,289,41,51,313,314,187,186,315,317,319,192,191,194,323,196,195,198,327,197,201,202,200,204,205,328,207,208,209,206,211,210,213,214,212,216,217,87,215,199
264,18,207,80,158,293,43,51,313,314,186,187,317,318,190,320,193,191,323,324,69,198,327,200,196,199,325,203,204,197,201,208,209,194,67,205,85,86,206,216,210,212,213,92,215,88,87,96,246,202
204,205,206,16,158,163,168,63,51,313,314,187,186,317,190,319,192,193,320,195,196,323,325,327,198,321,201,203,202,191,197,199,208,209,210,83,194,85,213,215,207,212,87,216,92,105,200
205,206,158,32,163,186,51,312,313,314,187,316,317,190,191,320,193,192,195,196,325,198,327,199,200,324,203,204,197,201,202,208,209,210,83,194,85,213,215,207,212,323,214,92,87,89,216
206,16,145,81,158,51,313,186,187,314,189,315,191,192,317,322,323,196,325,319,327,200,329,202,328,199,201,197,207,208,209,194,211,205,213,214,195,216,217,210,212,87,215,72
135,138,10,16,275,158,32,163,51,312,313,314,187,186,189,317,319,191,192,322,323,324,194,198,327,200,329,202,199,201,73,197,205,208,206,207,81,84,213,195,210,216,209,212,91,214,87,215,246
2,263,158,290,166,51,53,186,187,59,317,191,192,319,194,323,196,195,197,327,328,201,202,72,204,205,198,207,208,209,210,211,84,212,213,68,216,217,214,215,87,100,103,326,199,107,119
158,317,190,189,313,314,186,187,316,318,319,192,320,193,322,324,196,198,327,325,199,202,326,204,205,200,191,208,209,194,206,207,213,195,210,216,212,214,215,87,197,328,201
16,158,163,168,63,51,61,313,314,186,187,317,190,319,192,193,194,323,196,325,195,327,198,201,202,191,204,205,197,199,208,209,321,211,206,207,210,87,216,217,212,213,92,215,89,109,200
7,156,158,163,51,189,313,186,314,187,316,190,317,192,193,320,323,324,196,198,327,199,200,329,203,202,325,201,204,208,209,194,205,206,213,195,207,216,210,212,87,215,318,191,197,328
135,138,10,16,26,28,158,51,313,186,187,188,317,319,192,191,322,194,324,325,198,327,200,329,202,199,73,196,197,201,208,205,206,207,84,213,195,209,216,210,81,91,212,87,215,231,246,251
9,278,158,32,168,51,313,314,187,186,317,190,319,192,321,193,195,196,323,194,325,328,200,202,203,327,191,206,199,208,209,210,77,205,213,214,215,207,212,87,216,197,109,201,120
135,7,138,10,16,275,158,292,40,42,177,51,312,313,186,187,188,317,189,191,318,319,322,194,324,325,197,327,200,329,202,73,199,201,205,207,208,81,209,210,212,213,87,216,215,231,246,251
207,275,158,32,186,51,312,313,314,315,187,316,190,191,317,193,322,323,324,196,198,327,200,199,202,328,325,318,319,192,208,209,194,205,206,213,214,195,216,210,212,87,215,197,201,249
158,32,163,186,190,51,189,312,313,314,187,315,317,318,191,320,193,322,323,196,324,198,327,200,199,202,201,325,329,319,192,208,209,194,205,206,213,195,207,216,210,212,214,87,215,197
25,158,32,163,190,51,189,313,314,186,187,317,316,319,320,193,192,195,196,324,198,327,199,200,325,201,202,191,197,205,208,209,210,194,206,213,214,207,212,87,323,215,216
207,158,32,60,51,313,186,314,187,189,317,190,320,193,192,191,196,325,324,327,199,198,200,201,203,204,202,205,208,209,210,194,206,85,213,195,216,212,214,87,92,215,197
205,206,18,207,158,159,34,43,51,313,314,186,187,317,318,190,320,193,322,323,324,325,198,327,200,199,196,203,202,201,191,192,208,209,210,194,212,213,195,215,216,67,87,197,96
263,268,25,158,31,163,51,313,186,187,317,189,191,192,319,194,323,196,195,198,197,200,328,202,201,204,74,205,207,208,209,206,211,210,213,212,87,216,217,215,99,199
148,158,32,163,176,51,313,314,186,187,317,190,319,192,320,191,323,196,197,198,327,200,201,202,324,204,205,199,206,208,209,194,211,207,210,195,214,216,217,212,213,87,215
158,190,51,313,314,186,187,316,318,317,192,193,322,320,324,196,198,327,200,325,202,199,204,205,191,328,208,209,194,206,207,85,195,210,216,212,213,214,92,87,215,94,197,201,246
205,206,158,32,51,52,313,314,187,186,317,190,191,320,193,192,195,196,325,198,327,199,324,201,203,75,200,197,202,208,209,210,83,194,85,213,215,207,212,214,87,92,216,94,104,250
9,206,207,158,32,51,313,314,186,187,316,317,319,192,193,320,190,324,196,325,327,200,199,198,201,204,202,326,191,208,209,210,194,205,213,85,322,216,212,214,87,215,318,197,98
138,10,16,275,158,32,51,313,314,187,186,317,189,319,318,191,322,323,324,325,198,327,200,329,202,199,73,201,192,326,208,209,194,205,206,213,195,207,216,210,81,212,214,215,87,197,246,251
0,3,12,158,289,186,190,60,51,312,313,314,315,187,317,318,191,192,193,322,323,196,324,195,327,200,328,325,199,204,202,198,201,208,209,194,205,207,213,210,212,216,85,319,215,87,197
135,138,10,16,275,158,32,163,292,51,311,312,313,186,187,317,191,192,193,322,194,324,325,198,327,200,329,202,199,73,197,201,205,208,206,207,209,210,213,195,81,216,212,214,91,87,215,231,246,251
135,10,138,16,275,26,158,32,163,51,312,313,186,187,317,319,192,191,322,323,194,195,197,327,200,329,202,73,199,201,205,206,208,81,207,209,84,213,210,212,216,214,87,91,215,231,246,251
158,32,163,51,189,312,313,314,187,186,315,317,319,192,193,322,318,324,196,198,327,200,199,325,202,204,328,191,201,208,209,194,205,206,213,195,207,216,210,212,214,87,215,89,197,249,122
264,283,158,32,163,306,51,313,186,314,316,189,317,190,192,320,191,187,324,196,198,327,199,325,202,200,204,205,69,201,208,209,194,206,207,85,195,210,216,212,213,214,87,215,197,246
206,207,158,51,189,313,314,186,187,317,190,191,192,320,193,323,196,195,198,327,328,201,202,199,204,319,197,200,208,209,210,194,205,85,214,213,216,212,215,87,92
2,264,207,158,32,163,293,43,306,51,54,313,186,314,187,316,317,191,320,192,193,189,324,69,198,327,199,196,194,203,204,197,200,201,208,209,210,202,205,85,195,206,216,212,213,214,87,215
264,281,26,158,32,163,58,306,51,313,314,186,187,189,316,317,320,190,322,191,324,325,198,327,199,326,201,192,204,197,200,207,208,209,194,202,205,213,195,206,210,217,212,214,87,215,216,98
206,207,158,32,163,51,313,186,314,187,189,316,317,192,193,320,190,196,325,198,327,324,199,200,203,204,201,191,202,208,209,210,194,205,85,213,215,216,195,212,214,87,197
135,138,10,206,145,81,158,51,313,186,187,317,319,192,191,322,323,324,196,198,327,200,329,202,199,73,204,197,201,208,209,194,75,84,213,205,207,216,210,212,91,87,215,72,246,76
269,275,281,283,158,32,185,39,190,47,48,51,313,186,315,314,187,318,317,192,193,322,323,324,196,326,327,328,200,202,198,204,319,191,199,208,209,194,205,207,213,214,210,215,87,216,197,201
158,32,163,58,186,51,189,313,314,187,190,317,318,319,192,320,322,323,324,196,198,199,200,327,202,201,325,329,204,193,208,209,194,205,206,213,195,207,216,210,212,214,87,215,191,197,246
158,32,163,58,190,51,313,314,186,187,317,316,189,320,193,192,195,196,325,198,327,199,201,202,200,324,329,191,205,208,209,210,194,206,213,214,207,216,212,87,215,197
7,158,32,51,182,313,186,187,188,189,314,315,192,316,317,323,196,195,326,327,328,201,202,200,199,198,319,191,208,209,194,211,205,213,214,207,216,217,210,212,215,87,197,71
7,18,282,158,32,186,190,51,189,313,314,315,187,317,318,191,192,193,322,323,196,324,198,327,200,325,202,326,204,201,319,199,208,209,194,67,205,213,214,207,216,217,210,212,215,87,197,96,71
128,205,16,207,22,32,163,168,42,63,51,313,186,315,314,187,317,190,192,193,319,195,196,323,325,327,198,201,202,203,204,326,191,199,208,209,210,211,321,213,214,215,194,217,87,197,123
270,15,158,32,186,51,312,313,314,187,316,317,189,191,318,193,322,194,324,325,198,327,200,199,202,329,201,196,319,192,208,209,205,206,207,213,195,210,216,212,214,87,215,197,116
275,25,158,31,172,51,313,186,315,187,317,189,191,192,319,66,323,196,195,197,327,200,201,202,199,204,205,207,208,209,194,211,210,213,214,212,216,217,215,87
20,157,158,32,317,51,312,313,314,187,186,315,190,191,320,192,322,193,324,196,198,327,200,199,202,201,325,318,319,205,208,209,210,194,206,213,195,207,212,214,323,87,215,216,89,197
205,206,207,158,32,163,58,51,189,313,186,314,187,317,190,191,320,193,192,195,196,325,198,327,199,201,324,203,204,197,200,202,208,209,210,83,212,85,213,215,194,214,87,216,92
205,206,16,158,163,168,186,63,51,313,314,187,316,317,190,191,320,193,321,195,196,325,198,327,324,192,194,203,204,197,199,200,208,209,210,83,212,85,213,215,207,87,89,216,92,105,201,202
11,271,26,156,158,32,186,190,51,313,314,187,188,317,318,189,320,192,322,323,324,325,198,327,200,199,202,329,201,191,197,328,208,194,205,206,207,213,214,195,216,209,210,212,87,215
135,10,138,16,275,26,158,32,51,312,313,314,187,186,189,317,191,319,192,322,323,324,194,195,327,200,329,202,199,73,201,197,326,208,205,206,207,209,213,210,81,216,212,214,215,87,231,246,251
135,7,10,138,16,275,158,51,313,186,187,314,315,317,191,192,319,322,323,196,189,318,199,200,329,202,328,201,73,327,205,208,209,194,206,207,213,214,195,216,81,210,211,212,87,215,197
264,158,32,51,53,313,314,187,186,317,316,189,320,193,190,191,324,325,198,327,199,200,202,196,204,69,201,205,208,209,207,194,206,85,195,210,216,212,213,214,215,87,197,192,326,118
206,158,32,163,58,51,189,313,186,314,187,316,317,190,320,193,194,195,196,325,198,327,324,199,191,203,204,192,197,200,208,209,210,83,205,85,213,215,207,212,214,87,92,216,105,201,202
205,206,207,281,283,158,32,163,51,313,314,186,187,317,190,191,192,193,58,189,196,324,198,327,325,199,202,194,204,197,200,201,80,209,210,83,208,85,195,215,216,212,213,214,92,87,105,246
7,18,282,158,51,313,314,187,186,317,190,319,189,193,194,323,195,196,321,199,200,201,202,203,327,198,328,207,208,209,67,211,205,213,214,206,216,217,210,212,87,215,324,191,197,96,192
145,158,287,317,51,312,313,186,315,314,187,190,191,192,193,322,323,196,324,325,327,195,198,202,200,204,201,318,199,208,209,194,205,206,213,207,210,216,212,319,87,215,197,72
266,158,32,167,43,51,53,313,314,187,186,189,317,190,320,193,319,323,324,191,198,199,327,201,200,202,329,70,203,207,208,209,194,205,210,213,212,214,215,217,87,216,197,117,121
205,9,207,158,32,51,313,186,187,314,315,188,317,192,319,322,323,196,195,191,327,200,201,202,328,204,199,329,326,208,209,194,211,84,213,214,206,216,217,210,212,215,87,197
