1,5,261,133,13,15,271,16,22,30,158,32,35,37,170,43,44,45,51,52,54,58,316,60,317,190,320,64,69,199,329,201,75,203,87,88,89,218,93,222,223,95,225,228,229,231,232,234,238,239,240,243,117
256,7,11,269,271,16,19,276,275,22,23,28,158,31,32,160,34,163,38,40,168,42,46,48,50,51,53,56,57,58,187,188,60,61,63,195,67,73,74,208,210,214,87,219,221,229,231,236,237,109,245,117,247
129,3,4,7,9,10,139,12,16,17,19,22,23,151,24,28,158,287,288,32,34,163,293,166,39,167,42,43,172,50,51,179,55,58,187,316,318,319,63,195,198,328,200,205,210,87,220,222,223,225,227,229,238,117,123
256,3,4,6,7,12,16,145,22,23,27,158,31,32,160,34,163,38,40,168,42,46,47,48,49,50,51,53,55,56,57,187,315,188,60,319,192,61,323,67,71,205,208,214,87,219,221,230,236,237,245
5,7,138,13,14,20,22,24,30,158,32,33,34,35,36,37,167,40,43,44,45,51,52,53,54,312,313,316,189,317,318,320,62,322,64,324,69,66,199,200,201,213,87,88,89,222,223,224,228,230,231,234,239,121
3,4,12,14,16,19,22,24,28,285,158,32,34,163,39,43,47,51,54,55,312,313,58,317,318,63,320,193,322,194,324,198,200,203,205,210,212,213,87,89,222,223,228,231,233,234,239,118,122
0,2,5,7,9,266,13,14,271,277,24,155,30,158,32,163,37,43,44,45,50,51,54,313,58,187,317,62,320,64,322,66,194,69,199,200,203,212,213,87,222,223,224,228,229,230,231,105,234,238,117,121
0,1,3,5,13,14,15,16,17,19,21,22,24,27,158,32,33,34,160,163,37,168,42,43,44,45,51,54,314,317,318,320,64,69,200,203,213,87,222,223,224,225,94,228,229,231,233,234,238,239,117
4,5,6,7,136,9,10,14,16,22,23,24,151,28,158,32,34,35,163,293,166,39,167,42,43,47,50,51,179,53,55,58,187,60,189,63,320,198,199,200,205,210,87,222,223,224,226,228,229,231,234,238,239
0,2,5,8,265,10,14,16,19,20,22,281,28,157,158,32,289,163,39,41,42,43,175,51,54,55,58,187,317,63,320,64,66,322,69,198,71,79,209,210,213,87,90,222,227,228,231,233,234,118
256,1,5,7,135,13,19,23,155,158,32,163,37,41,42,43,44,45,51,54,55,58,187,61,63,192,321,66,195,323,196,64,194,206,208,87,221,224,228,230,232,233,105,234,236,109,112,114,115,116,122
257,1,260,5,262,261,13,14,16,17,22,24,27,28,30,32,34,35,163,37,43,44,52,54,312,313,58,317,318,63,320,64,322,199,200,201,213,87,88,89,218,222,223,224,228,229,231,232,234,238,239,249
256,257,258,259,260,5,262,7,267,12,13,271,19,155,158,287,30,32,34,33,163,37,43,44,45,51,54,312,58,315,318,62,64,322,323,195,66,194,68,200,213,87,89,221,224,225,100,229,230,105,234,236,116,245,248,122
5,7,9,138,10,266,13,14,16,275,22,151,28,158,32,163,37,42,43,44,303,51,54,311,312,58,317,318,191,63,322,194,324,199,200,329,71,202,205,81,210,213,215,88,87,222,228,231,109,239,246,121,251
128,1,3,4,5,8,12,13,15,16,17,19,22,23,27,28,30,32,33,34,35,163,37,42,43,44,52,54,58,59,63,320,321,194,64,203,88,89,218,93,222,223,224,225,227,228,229,232,233,234,238,239,117
0,3,4,5,136,12,14,16,17,19,22,24,28,158,32,34,163,39,168,42,43,175,47,51,53,54,55,314,58,189,317,318,320,63,199,200,207,213,87,222,223,225,100,229,101,231,233,234,238,239
5,261,7,9,13,14,271,277,21,24,155,30,158,32,163,37,43,44,45,50,51,54,313,187,317,318,62,320,64,66,194,69,200,203,213,87,222,223,224,96,228,229,230,231,105,234,238,110,243,117,121
257,258,260,5,262,261,13,271,15,19,20,157,158,32,34,163,37,39,43,44,45,174,175,49,50,51,54,312,58,317,318,64,322,66,200,205,210,213,87,215,89,222,223,225,229,230,231,234,235,245,117,118,248,127
256,2,5,6,7,267,16,145,23,27,158,287,32,31,163,38,168,42,46,48,50,51,53,54,55,56,187,315,188,60,319,192,61,322,323,195,67,326,71,72,201,208,214,87,219,221,97,230,231,236,122
257,258,5,262,135,10,138,140,11,13,271,16,275,20,26,158,160,32,163,37,43,44,45,303,49,51,53,54,311,312,58,187,188,64,66,71,200,73,329,202,205,81,210,213,87,215,89,230,231,234,237,239,251
5,7,136,9,10,14,16,17,277,22,24,155,28,158,32,163,43,50,51,53,54,313,58,187,317,318,191,320,63,322,194,324,69,199,200,203,213,87,222,223,224,228,229,231,234,238,239,116,121
0,1,3,4,135,10,138,140,12,14,271,15,16,275,22,24,26,27,28,158,160,34,163,39,168,42,43,47,51,311,55,312,58,63,322,199,200,329,73,81,213,87,222,223,231,233,234,238,239,251
256,1,128,129,132,5,7,19,278,23,154,155,158,31,33,162,163,43,44,50,51,53,54,55,56,57,187,60,61,64,321,66,195,196,323,194,67,206,208,83,87,217,92,232,233,105,235,109,111,112,240,114,115,117
257,260,261,263,264,267,271,273,274,277,279,281,283,158,32,163,44,51,58,68,69,71,75,76,205,79,80,81,210,84,86,87,88,89,215,93,98,100,106,109,241,242,243,116,117,120,249,123,252,253,254
257,258,259,261,262,263,264,5,7,268,270,271,274,277,158,32,163,44,51,313,58,68,69,71,75,205,79,80,81,210,84,86,87,88,89,215,93,97,98,106,109,127,242,243,116,117,120,249,250,251,252,255
262,7,264,270,271,273,277,151,281,158,32,163,44,51,54,58,317,318,191,324,69,68,71,75,205,79,80,81,210,84,85,86,87,88,89,215,93,94,97,98,106,109,110,242,243,116,117,120,249,250
256,8,267,269,274,22,23,281,27,283,158,32,163,166,42,44,51,55,58,315,187,188,319,192,323,68,326,71,202,76,77,205,79,208,81,210,214,86,87,88,216,89,215,98,99,109,114,244,245,116,254
256,257,258,259,260,261,262,5,267,12,269,271,274,22,283,158,32,34,163,44,51,58,315,187,188,68,71,74,202,77,205,208,81,210,84,214,86,87,89,88,215,98,100,230,106,235,109,244,245,116,248,127
257,258,260,261,262,7,10,138,267,270,271,16,275,277,151,26,158,32,163,51,311,58,68,69,198,71,73,329,202,205,80,81,210,86,87,88,89,215,93,121,98,231,106,237,109,239,242,243,116,117,246,249,251
256,257,259,261,7,267,268,269,11,15,275,276,280,283,155,158,32,163,291,51,58,65,194,68,70,71,72,73,74,77,79,81,86,87,88,89,247,93,100,101,102,106,237,109,242,244,245,116,119,121,251,255
257,258,260,261,262,264,271,277,279,158,32,163,44,51,58,318,191,68,69,71,75,205,79,81,210,84,86,87,88,89,215,120,93,92,97,98,104,106,109,110,242,243,114,117,245,116,248,249,250,251,252,255
7,264,273,277,158,32,163,44,51,54,312,58,317,318,191,324,69,198,327,325,68,71,75,76,200,205,79,80,81,210,83,84,85,213,86,88,87,89,215,94,97,98,122,106,109,243,116,246,118,248,249,250
260,261,135,264,270,277,158,32,163,44,51,54,58,191,68,69,71,75,203,205,79,81,210,83,212,85,86,87,88,89,215,92,93,94,95,97,98,228,105,106,107,109,242,243,116,117,120,249,250,251
257,258,260,261,262,263,264,10,266,138,270,271,16,275,277,283,158,32,163,44,51,311,58,322,68,69,71,200,73,329,75,205,81,210,213,86,87,88,89,215,93,98,249,231,106,109,239,242,243,116,121,250,251
256,259,264,265,267,269,273,280,283,284,158,160,289,32,163,41,299,44,302,51,58,66,195,68,69,71,72,76,77,205,79,81,210,86,87,88,89,90,215,98,227,100,101,106,108,109,241,116,117,119,252,253,254
256,265,267,269,273,274,280,281,283,284,158,32,289,163,44,50,51,58,65,68,69,71,72,76,77,205,79,80,81,210,84,86,87,88,89,90,215,92,98,227,100,101,99,106,109,241,243,244,116,119,253,254
256,257,258,259,263,7,267,269,274,280,281,282,283,155,158,32,163,51,58,194,68,69,70,71,76,77,205,79,80,81,210,86,87,88,89,90,98,100,101,106,109,241,243,244,245,117,119,116,121,252,253,254
257,258,259,261,262,7,264,266,268,271,277,151,284,158,32,163,44,51,58,190,68,325,69,71,200,74,75,205,79,80,81,210,84,86,87,88,89,215,95,224,97,98,106,109,242,243,116,117,121,250,251,252,255
256,7,264,271,277,151,158,32,163,44,51,54,58,317,318,191,320,324,69,198,325,68,71,75,205,79,80,81,210,83,84,85,213,87,86,88,89,215,94,97,98,228,106,109,110,242,243,116,118,120,249,250
257,258,260,261,262,264,267,13,271,275,20,277,22,158,30,32,34,35,37,167,44,45,51,52,312,317,318,64,322,69,71,200,199,201,75,81,213,87,88,89,93,231,109,242,243,116,245,117,248,249,251
256,257,258,259,260,261,262,5,267,13,271,275,22,30,158,32,34,35,37,44,45,51,180,52,312,318,64,322,68,199,200,73,71,201,81,213,86,87,88,89,93,229,230,231,109,242,243,116,245,117,248,122,251
257,258,259,260,5,262,261,264,267,270,271,275,277,278,158,32,163,44,51,312,58,317,318,322,68,69,71,75,205,80,81,210,84,213,86,87,88,89,215,98,106,108,109,242,243,116,117,245,248,249,122,251
256,257,260,262,7,264,10,269,273,275,277,151,281,158,32,163,51,312,58,317,318,191,322,324,325,68,71,327,205,80,81,210,83,85,213,86,88,89,87,215,98,106,109,243,116,246,118,248,249,122
257,258,260,261,262,7,264,270,271,277,158,32,163,44,51,58,318,68,69,71,75,205,79,80,81,210,84,86,87,88,89,215,120,93,98,231,104,106,234,109,110,242,243,116,117,248,249,250,251,252
257,258,260,261,262,264,270,271,275,277,158,32,163,44,51,312,58,317,318,322,324,69,68,71,75,203,205,80,81,210,84,213,86,87,88,89,215,121,98,231,106,109,112,242,243,116,117,248,249,122,251
256,259,263,264,266,267,268,270,271,272,273,274,277,281,25,158,31,32,163,47,48,51,313,58,68,71,74,76,205,79,81,210,86,87,88,89,98,99,100,101,232,109,241,242,243,116,249,250,251,252,254
260,264,270,271,273,277,281,158,32,163,44,51,54,58,317,191,324,69,198,68,71,75,205,79,81,210,85,86,87,88,89,215,93,94,96,121,98,106,109,110,242,243,116,117,120,249,250,251,252
256,2,259,7,265,267,268,144,280,283,284,155,158,160,289,32,163,41,299,302,50,51,58,66,195,194,68,69,70,72,71,74,79,81,210,213,86,87,88,217,90,89,227,100,101,103,106,108,109,116,117,119,121,253,126
257,258,2,261,263,264,266,271,275,277,158,160,32,36,173,51,53,189,62,68,69,70,199,71,201,73,75,205,79,207,81,210,213,87,88,217,89,92,97,98,231,109,243,116,117,121,251,255
257,258,260,261,262,7,264,267,270,271,275,277,279,151,158,287,32,163,51,184,58,318,322,68,69,71,75,205,80,81,210,213,86,87,88,89,215,120,93,97,98,122,106,109,242,243,116,117,245,246,248,249,250,251,252
256,259,263,7,267,268,271,272,274,280,158,31,32,163,41,44,48,51,313,58,66,195,68,69,71,74,76,205,79,80,81,210,211,84,86,87,88,89,215,92,98,99,100,101,232,106,109,242,243,116,124,255
256,8,267,269,274,22,23,281,283,158,32,163,39,42,47,51,58,315,187,319,192,196,68,326,71,69,202,76,77,205,79,208,81,210,214,86,87,88,89,92,98,105,106,109,112,114,243,244,245,116,121,254
257,258,260,261,262,264,270,271,277,282,158,32,163,44,51,58,317,318,322,68,69,71,75,205,79,81,210,213,86,87,88,89,215,120,93,98,122,106,109,110,242,243,116,117,248,249,250,251
257,258,260,261,262,7,264,270,271,142,275,277,151,158,32,163,44,51,58,317,322,68,69,71,200,73,75,205,80,81,210,84,213,86,87,88,89,215,97,98,231,104,106,109,242,243,116,117,248,249,251,252
258,259,261,263,7,268,271,272,282,155,158,31,32,163,168,48,51,313,66,194,68,69,70,71,74,205,79,81,210,86,87,88,89,98,99,100,101,232,106,109,110,242,243,252,117,116,121,122,251,124,255
7,264,273,277,279,281,158,32,163,176,51,58,191,324,69,198,71,68,70,75,76,77,205,79,80,81,210,83,84,85,86,87,88,89,94,97,98,121,105,106,109,110,242,243,116,117,118,246,249,250,252
256,259,267,11,269,142,274,19,20,23,281,283,27,157,158,32,163,168,42,51,187,192,66,326,71,76,77,78,79,208,82,83,210,214,87,90,94,96,102,103,108,113,242,243,244,245,114,117,118,254
264,10,138,269,16,275,277,281,158,32,163,292,36,172,303,51,311,58,187,317,189,191,194,324,325,68,71,327,73,202,205,81,210,85,213,86,88,216,87,91,215,89,231,106,109,243,116,246,118,249,251
256,259,261,7,267,268,269,11,275,276,280,283,155,158,32,289,163,40,168,51,194,68,70,71,72,73,74,77,205,79,81,210,86,87,88,89,247,98,100,101,102,106,237,109,244,245,116,119,121,251,255
261,7,264,270,277,151,158,32,163,44,51,54,58,317,191,324,69,198,325,68,71,75,203,205,80,81,210,83,212,85,84,87,86,88,89,215,92,93,94,97,98,228,105,106,109,110,242,243,116,120,249,250
1,261,263,264,277,278,27,158,32,163,44,51,54,185,58,317,196,69,325,68,71,75,203,205,81,210,83,212,85,84,87,86,88,89,215,92,93,94,97,98,228,105,106,109,242,243,116,117,120,249,250
257,258,260,261,262,7,264,270,271,142,20,277,279,157,158,32,163,168,51,194,68,69,70,71,75,205,79,81,210,84,86,87,88,89,93,225,98,121,104,106,234,109,110,242,243,116,117,118,248,249,250,251,252
257,261,262,7,264,270,271,277,280,158,32,163,44,306,51,58,320,68,69,71,75,205,79,80,81,210,84,85,86,87,88,89,216,215,93,94,121,98,104,106,109,110,242,243,116,117,244,119,120,249,250,251,252
258,263,265,267,269,142,273,274,275,20,279,280,281,283,157,158,159,32,39,168,51,195,68,69,198,76,204,79,81,210,86,87,88,89,90,98,100,101,106,109,124,241,242,243,244,117,245,119,116,118,252,253,254
257,258,259,5,261,262,7,270,271,275,277,279,282,155,158,32,163,51,58,65,194,68,69,70,71,200,73,75,79,81,210,86,87,88,89,93,121,98,106,108,109,110,242,243,116,117,120,249,250,251,255
256,267,269,274,22,23,281,283,158,32,163,42,51,315,187,319,192,191,195,68,69,326,71,72,76,77,205,79,208,81,210,213,214,86,87,88,89,92,98,106,109,112,241,114,243,244,245,116,251,253,254
5,262,7,264,270,271,277,279,282,26,284,158,32,163,43,44,51,54,58,317,191,320,68,69,198,71,75,205,79,80,81,210,84,86,87,88,89,215,93,222,94,98,228,106,109,110,242,243,116,117,120,249,250,252,255
128,129,130,131,132,133,134,135,136,137,138,139,140,277,285,286,287,288,289,290,291,163,51,54,317,191,193,324,196,198,203,210,83,212,85,213,215,87,222,223,228,122,123,124,125,126,127
128,129,130,131,132,133,6,135,136,134,137,139,138,140,22,23,27,285,286,287,32,289,288,290,291,163,42,172,49,55,187,319,192,71,201,208,214,217,236,244,122,123,124,125,126,127
128,129,130,131,132,5,134,135,136,258,138,139,140,133,267,19,285,286,287,288,289,34,291,290,51,200,213,87,89,222,225,98,122,123,124,125,126,127
128,129,130,131,132,5,134,135,136,133,138,139,140,137,15,19,285,286,287,288,289,290,291,163,39,320,200,87,222,225,234,122,123,124,125,126,127
256,128,129,259,130,133,131,135,132,265,137,139,268,134,136,138,140,276,285,286,31,287,289,290,291,288,41,302,48,55,66,74,86,217,90,227,100,232,116,121,122,123,124,125,126,127
256,128,129,130,131,133,132,135,134,137,136,139,138,140,23,280,153,285,286,287,288,289,290,291,294,166,170,45,175,55,64,66,68,227,100,101,103,233,107,122,123,124,125,126,127
128,129,130,259,132,133,131,135,263,265,136,139,268,138,134,140,19,285,286,287,31,289,288,291,158,290,41,48,51,179,55,66,74,211,87,99,100,232,122,123,124,125,126,127
135,10,138,142,144,147,148,149,154,155,156,158,160,292,293,37,167,166,295,298,171,172,170,299,303,174,175,306,179,307,309,310,183,311,181,180,308,184,191,324,330,85,216,105,246,249
141,142,144,147,148,149,153,154,155,156,157,158,160,292,293,164,167,296,169,298,171,172,301,294,303,304,305,306,179,180,308,310,311,307,177,309,181,184,166,295,170,299,174,175
141,142,308,144,147,148,150,154,155,157,158,160,32,161,163,292,293,294,167,296,297,298,171,172,301,174,303,175,305,306,179,173,181,310,311,183,185,180,307,51,317,184,191,324,198,327,85,87,118
256,267,142,143,144,145,146,147,148,149,153,154,155,156,158,160,164,292,294,295,296,297,169,299,166,168,302,175,304,170,178,307,180,309,310,174,303,179,51,184,167,330,87,171,172,230,110,245,122
13,142,144,147,148,149,151,153,154,155,156,157,158,160,161,32,163,292,293,294,167,296,297,298,172,301,173,303,175,174,306,307,180,309,179,183,308,178,58,51,181,204,205,76,82,87,177
257,51,7,141,142,144,145,147,148,149,154,155,156,157,158,160,161,163,164,293,294,295,296,297,298,169,167,172,301,303,173,305,306,179,180,177,310,311,307,309,178,187,181,194,87,88,89,175
141,142,144,147,148,149,154,155,156,157,158,160,32,161,163,292,293,165,167,296,166,298,171,172,301,170,303,304,305,306,179,180,177,310,311,183,185,309,308,51,181,58,191,69,330,205,210,87,173,174,175
141,142,144,147,148,149,151,154,155,156,158,160,161,292,294,166,296,169,298,299,172,167,302,303,295,305,306,307,180,309,178,183,181,308,179,310,184,330,87,170,173,174,175,126
141,142,144,147,148,149,150,152,153,154,155,156,157,158,160,161,293,166,167,296,169,298,299,300,172,302,175,304,177,305,306,308,180,307,179,184,309,51,310,87,171,99,174
51,7,141,144,146,147,277,155,156,157,158,160,161,164,293,292,167,294,169,298,171,172,301,168,303,297,305,306,179,177,180,181,311,308,185,310,54,307,69,71,203,296,87,170,228,173,104,302,175,124
7,265,141,142,144,145,146,147,148,149,153,154,155,156,284,157,158,160,289,161,32,163,164,294,166,296,41,169,299,167,172,302,175,301,177,178,306,180,173,179,181,51,58,66,194,68,87,90,227,108,116
10,141,142,13,144,147,275,148,155,156,158,30,32,292,293,37,167,166,169,298,295,172,301,170,303,299,305,306,179,308,309,177,311,307,310,180,181,183,184,320,68,200,330,88,44,231,174,175
7,141,142,143,144,146,147,148,149,155,156,157,158,159,160,161,164,36,166,167,296,169,298,297,300,301,302,172,304,177,306,178,180,308,307,305,175,179,181,51,188,192,197,330,208,214,87,173,110
5,141,142,144,147,149,150,154,155,156,157,158,160,32,161,293,165,167,168,169,298,299,172,301,300,303,302,305,306,177,179,308,180,311,310,307,178,51,181,186,69,205,210,87,170,98,173,174,175,127
141,142,144,147,148,149,150,152,153,154,155,156,157,158,160,161,292,293,166,167,296,298,171,172,301,300,303,174,305,306,179,180,181,310,183,311,177,308,307,51,191,324,69,82,85,87,175
141,142,144,147,148,149,154,155,156,158,32,161,160,164,293,292,167,296,169,298,297,172,301,294,303,170,305,306,307,308,309,180,179,184,178,310,166,328,330,87,174,175,177
51,141,142,144,147,148,149,153,154,155,156,158,160,164,292,294,167,296,169,298,299,295,301,300,172,297,175,304,177,306,307,308,309,180,305,184,179,310,166,328,330,87,170,174,303
5,142,144,145,146,147,148,153,155,156,157,158,160,161,164,292,294,295,296,169,297,298,299,300,170,175,302,177,172,307,308,309,180,174,184,179,310,181,328,167,330,98,173
141,142,144,147,148,149,153,154,155,156,158,160,161,292,293,166,167,296,295,298,171,172,170,174,303,175,305,306,179,180,309,310,183,311,312,51,184,307,317,319,191,322,324,330,87,249
10,138,140,144,16,146,275,148,277,23,154,155,156,157,158,160,161,32,163,292,293,167,169,170,172,173,303,175,305,306,179,178,180,310,311,312,51,181,324,200,73,329,205,81,210,213,87,231,239,116,246,249,251
257,260,262,10,138,14,275,158,32,43,51,54,312,313,186,187,317,318,191,320,319,322,192,324,325,194,199,200,71,195,197,201,202,204,205,206,207,210,208,209,213,212,214,87,89,215,216,222,228,231,103,249
2,259,263,268,272,158,31,41,48,51,313,186,187,61,317,319,192,191,66,195,194,197,199,200,201,74,202,205,206,79,208,209,207,211,210,213,212,87,215,216,223,99,232,109,242,124
24,158,32,34,186,60,51,313,314,187,188,317,316,189,320,193,322,194,324,325,198,199,200,201,327,318,191,319,192,202,208,209,210,205,206,213,214,207,212,87,215,216,222,223,197
256,257,260,262,267,269,13,274,22,23,283,30,32,34,35,37,44,52,312,315,187,317,318,319,192,191,322,323,194,197,326,71,199,200,201,202,205,208,209,210,213,214,215,88,89,87,236,245,122
24,158,32,162,165,186,43,51,313,314,187,316,317,190,188,320,189,322,194,324,325,198,199,200,318,191,203,197,328,201,202,76,209,210,205,212,213,206,207,208,214,215,87,216,222,223,98,228
14,208,281,154,158,163,292,37,171,51,183,312,186,187,317,318,191,189,192,322,194,324,325,198,327,195,197,199,200,204,201,202,205,206,209,210,83,207,85,213,215,88,216,212,87,217,118,246,249
257,258,260,262,264,271,158,34,36,51,181,312,313,186,187,317,318,319,320,191,322,192,324,69,325,194,200,195,197,199,201,202,205,206,207,208,81,210,211,213,209,212,215,89,87,216,222,228,231,106,243,248,249
262,138,14,277,158,32,43,51,54,312,313,314,187,186,317,318,191,320,193,322,319,324,325,198,199,200,327,192,194,195,197,201,202,205,209,210,206,207,213,85,208,212,214,87,215,216,89,222,228,249
14,24,158,32,163,43,187,51,54,313,314,186,316,189,190,317,320,318,322,194,324,69,198,199,200,325,191,203,192,197,201,202,205,206,210,207,208,213,195,209,212,214,87,215,216,222,223,228,234,117
19,277,28,163,166,171,51,54,313,187,61,317,191,320,321,193,194,196,325,195,324,63,68,197,203,199,201,202,204,205,209,210,208,212,213,215,87,223,95,228,107,114,115,117,120
257,258,260,262,13,22,30,32,34,35,37,44,52,312,313,314,187,317,318,191,320,319,322,194,324,325,197,199,200,71,329,201,202,327,205,208,209,210,211,213,215,88,89,217,87,222,231,248,249
14,277,24,158,32,163,43,51,54,312,313,186,187,317,318,191,320,189,322,323,324,325,198,199,200,69,192,203,195,197,201,202,205,209,210,83,212,213,194,206,207,208,214,87,215,216,222,228,231,234
138,206,207,277,158,32,43,51,54,312,313,186,187,317,318,191,320,193,322,192,324,325,198,327,200,199,194,203,195,197,201,202,205,209,210,83,212,213,85,215,88,208,214,87,216,94,228,249
135,277,158,32,186,51,54,313,314,187,316,317,61,191,320,193,194,321,196,325,324,322,192,195,197,203,199,327,201,202,200,209,210,205,212,213,206,87,207,208,214,215,216,93,223,97,228,109,120
256,267,269,274,23,283,27,158,32,42,47,49,51,53,55,186,187,315,188,319,192,191,322,323,195,194,326,71,197,199,200,201,202,77,205,79,208,206,207,209,210,212,214,213,215,87,216,236,244,245
264,277,208,154,158,32,292,37,51,54,313,186,187,317,191,320,193,322,192,324,325,198,327,199,194,195,197,201,202,200,205,206,209,210,83,207,85,213,215,88,216,212,214,87,118,246,249
11,12,17,23,155,158,32,42,307,308,309,51,55,314,187,188,316,319,192,65,191,323,195,194,197,199,328,201,330,202,205,206,207,208,209,210,213,214,215,87,220,94,227,100,101,230,232,233,236
257,262,7,138,10,11,271,16,275,26,158,51,311,312,313,186,187,188,317,318,189,320,191,322,194,324,69,197,199,200,329,73,202,201,205,207,208,81,209,210,212,213,87,215,216,222,228,231,104,239,251
257,258,262,264,270,271,275,277,158,32,163,41,44,51,54,313,58,317,68,69,71,200,75,77,205,79,80,81,210,84,213,85,86,87,89,88,215,93,222,98,231,106,109,242,243,116,117,246,120,249,250,251,252
264,10,138,266,271,16,275,277,280,26,158,32,163,292,44,303,51,311,312,58,317,324,68,69,71,73,202,205,80,81,210,84,213,86,87,88,216,89,91,215,94,98,231,106,109,239,243,116,246,119,249,251
7,264,10,138,266,16,275,277,158,32,163,292,44,303,48,51,311,58,317,191,324,325,69,68,71,73,202,75,205,80,81,210,84,85,86,87,88,216,89,91,215,94,98,231,106,109,243,116,246,249,251
0,5,135,7,10,138,140,266,16,275,19,22,26,28,158,32,33,163,292,39,42,43,303,51,54,311,312,183,58,187,59,63,64,322,324,71,200,73,329,205,81,210,213,87,216,88,91,231,237,239,246,120,251
1,3,5,261,8,10,11,12,15,16,17,19,21,22,23,24,26,28,158,32,33,34,160,163,39,168,42,43,51,58,59,63,320,64,69,210,87,218,222,224,225,226,227,229,232,233,234,238,240,117,252
3,4,5,7,136,9,10,12,14,271,16,17,145,22,151,24,28,158,32,161,34,289,35,163,42,43,51,55,312,313,185,58,60,317,318,63,320,322,200,205,210,213,87,89,222,223,224,225,226,229,231,234,238,239,122
2,5,6,135,9,14,16,145,22,24,28,158,287,163,293,43,50,51,54,312,313,58,187,317,318,191,320,63,322,195,324,69,198,199,200,327,325,72,207,209,210,213,87,222,224,228,230,231,233,234,238
2,5,265,266,16,22,28,157,158,32,35,163,37,36,43,173,51,181,54,53,58,317,189,319,320,191,66,324,196,70,199,71,201,327,205,207,80,209,210,213,87,88,217,216,222,231,121
256,3,4,6,7,10,267,12,14,16,19,276,22,23,24,27,28,158,32,34,163,41,42,43,47,51,55,58,187,319,320,63,323,71,205,208,80,210,214,87,88,215,219,223,231,232,233,239
5,7,138,10,266,13,16,275,20,22,26,30,158,32,33,34,35,36,37,40,43,44,45,303,51,52,54,311,312,313,317,318,62,320,64,322,66,324,199,200,329,73,201,213,87,88,89,222,228,230,231,234,239,251
5,7,138,10,266,16,275,22,26,28,158,31,160,32,163,37,38,168,42,43,46,303,48,50,51,53,54,311,312,313,56,57,58,317,60,191,320,61,322,63,324,67,199,200,71,329,81,210,213,87,88,222,228,231,239,121,251
256,5,8,9,265,267,269,13,274,22,23,27,283,158,32,34,163,37,42,43,44,45,50,51,54,55,187,315,188,317,319,192,64,322,323,195,66,326,71,202,205,208,210,213,214,87,222,224,230,231,234,236,238,244
256,2,4,5,6,135,9,144,16,23,158,163,41,42,43,46,49,50,51,180,54,55,58,187,59,319,64,192,66,195,323,63,71,208,211,84,87,216,217,91,219,222,224,102,231,234,236,237,238
129,5,7,264,13,271,23,24,155,158,30,32,163,37,40,43,44,45,51,54,312,313,58,316,317,190,318,320,191,322,64,66,69,198,194,200,68,203,210,213,87,222,223,224,228,230,231,105,234,106,243,116
5,7,138,13,14,271,20,151,24,158,32,163,37,43,44,45,51,54,311,312,313,58,317,318,320,64,322,66,324,69,194,199,200,205,81,210,213,87,88,215,222,223,224,228,230,231,105,234,109,239,121
129,5,7,13,14,271,144,19,24,155,284,158,32,163,37,43,44,45,51,54,185,313,58,189,317,190,320,64,66,194,68,69,200,75,203,210,213,86,87,222,223,224,225,228,230,231,105,234,243,116,117,121
128,1,5,13,15,16,277,22,24,28,285,158,32,33,162,163,160,37,168,42,43,44,45,51,54,313,58,317,63,320,193,321,64,324,325,66,203,75,210,83,212,213,85,215,87,222,223,228,230,231,234,238,120
2,4,5,6,7,12,269,16,274,148,149,22,23,27,283,286,158,32,31,160,163,38,168,42,43,46,47,48,49,50,51,53,54,55,56,57,187,188,60,61,192,66,323,67,326,71,208,214,87,221,232,236,244
1,5,9,139,15,16,17,274,19,22,23,24,26,28,158,160,34,163,168,42,43,50,51,308,54,55,58,187,319,320,192,321,195,323,63,328,201,200,208,210,214,87,219,222,223,224,225,229,231,233,234,238,117
1,3,4,5,263,12,14,15,16,22,24,26,28,158,32,34,163,39,168,42,43,47,177,51,54,55,313,58,60,317,318,63,320,322,69,198,200,205,213,87,222,223,225,231,233,234,238,239,242
1,3,4,5,135,138,10,140,12,15,16,275,22,24,26,28,158,160,34,163,168,42,43,47,51,55,58,63,199,200,329,73,81,213,87,93,222,223,228,229,231,233,234,238,239,251
0,1,5,13,14,16,19,277,22,24,27,28,30,32,34,35,163,37,42,43,44,52,54,312,58,317,318,63,320,64,322,194,199,200,201,203,212,213,87,88,89,218,222,223,224,225,228,229,231,232,234,239,120
128,130,132,5,262,7,9,10,139,14,271,15,16,144,19,18,278,22,155,28,285,158,288,32,34,163,43,51,54,58,188,317,318,63,321,194,68,69,200,203,205,210,213,86,87,89,222,223,225,98,228,229,231,234,116,117,127
132,5,7,9,138,10,14,142,271,16,275,277,22,24,155,158,30,163,40,43,45,50,51,54,313,58,187,60,317,318,191,320,322,194,324,69,198,325,200,203,210,212,213,87,222,223,224,228,230,231,234,238
0,1,5,264,138,13,142,16,277,22,30,158,32,35,37,167,43,44,45,179,51,52,54,312,313,58,317,318,191,320,64,324,325,198,327,199,69,201,75,210,213,85,87,88,89,218,222,228,229,231,232,249
2,5,7,266,13,158,32,34,35,163,36,37,43,44,173,45,51,53,54,313,317,189,320,64,322,66,194,70,199,200,201,71,207,210,213,87,88,217,222,223,224,228,230,231,234,239,121
3,4,5,7,10,12,14,16,277,22,24,28,158,32,34,163,39,42,43,44,47,51,54,55,313,58,316,317,318,191,320,63,322,324,198,200,203,205,210,212,213,87,215,222,223,228,231,233,234,239
1,259,3,5,263,10,11,268,12,271,272,15,16,19,17,22,26,28,158,31,32,289,161,163,160,39,168,41,42,48,51,313,58,316,60,317,63,320,66,69,200,74,210,211,212,87,222,223,225,98,232,109,238,242,117
1,2,3,4,5,6,8,9,139,12,269,11,16,17,19,22,23,26,27,28,286,158,32,289,34,33,163,39,168,42,43,47,51,54,55,58,187,59,63,192,64,326,71,208,214,87,221,222,223,225,227,233,236,244
256,0,5,135,7,265,138,267,9,13,10,16,275,22,23,279,281,155,157,158,32,289,163,39,41,42,43,51,54,55,58,187,319,64,192,66,195,194,71,76,79,80,208,81,87,218,91,227,100,101,231,233,106,118,122,253
257,258,2,5,135,10,11,140,16,275,22,23,26,28,158,32,33,34,163,40,42,43,46,51,54,55,311,58,187,188,59,63,64,323,200,73,74,329,205,207,208,81,210,87,221,231,233,237,239,251
256,0,2,1,4,5,265,13,15,16,149,22,23,26,27,284,28,158,160,289,163,38,39,168,41,42,43,45,302,49,50,51,54,55,56,58,63,64,192,66,72,79,208,87,217,90,218,227,100,101,233,238,239
5,264,9,10,14,16,277,22,24,28,158,32,33,163,43,50,179,51,54,313,58,59,187,317,318,191,320,63,322,64,324,69,198,327,200,203,204,205,210,82,213,85,87,222,224,228,231,234,110,238
2,5,135,136,7,138,9,10,14,16,22,151,24,28,158,32,163,42,43,51,53,54,312,313,58,59,317,190,191,320,63,322,324,198,199,200,205,210,212,213,87,216,215,222,223,224,98,228,231,234,244,121,127
1,5,10,14,15,16,17,277,22,24,26,28,158,160,32,163,39,168,42,43,51,54,56,313,58,317,318,191,320,193,194,63,324,325,198,199,69,64,203,205,210,83,212,213,85,87,222,223,224,225,228,231,234,238
1,3,5,14,15,16,17,19,22,23,24,26,28,158,160,33,34,32,163,168,42,43,51,54,313,314,58,59,317,318,63,320,64,322,69,200,203,210,213,87,222,223,224,225,228,229,230,231,232,234,238,110,117
1,260,5,14,142,15,16,17,19,22,24,26,28,158,160,32,34,163,168,42,43,51,309,54,312,313,314,58,317,318,63,320,322,199,200,210,213,87,89,222,223,224,225,228,229,230,231,232,234,238,239
5,135,10,138,266,13,16,275,22,26,158,32,33,160,163,292,37,168,43,44,45,303,51,54,311,312,317,64,322,66,324,71,199,200,73,81,213,87,88,216,222,224,228,230,231,234,237,238,239,246,249,251,254
256,1,259,5,135,267,268,13,19,23,155,158,31,32,163,37,42,43,44,45,48,176,51,54,55,58,315,187,319,192,64,66,323,195,196,71,203,205,206,208,209,210,87,91,92,99,230,232,235,236,114,115,122
5,261,7,9,10,14,271,15,17,16,19,22,24,155,28,158,30,32,34,163,170,43,42,45,51,54,55,58,317,190,63,320,194,69,87,218,222,223,224,225,227,228,229,230,231,234,106,238,239,243,117
2,3,5,134,135,264,7,9,10,16,277,22,151,24,28,158,32,33,163,42,43,44,179,51,53,54,313,58,59,317,63,320,64,69,198,203,75,205,210,212,213,87,215,222,223,224,228,249,231,234,238,240,243,121
5,7,138,266,13,14,20,277,151,24,158,30,32,163,37,43,44,45,49,51,54,312,313,58,317,318,191,320,64,322,66,324,69,198,199,200,327,205,81,210,213,215,88,87,222,224,228,230,231,234,109,121
3,4,5,263,7,9,10,12,269,14,16,22,24,25,155,158,32,34,163,42,43,47,48,51,54,55,313,314,58,60,317,320,322,194,69,200,213,87,222,223,225,226,228,231,233,234,238,239,117
1,5,10,14,143,16,15,19,20,22,24,26,28,158,288,33,34,160,32,163,167,39,168,42,43,51,310,55,54,313,185,58,317,190,318,320,63,322,69,199,200,203,205,210,213,87,222,223,224,228,231,234,238,125
2,5,7,138,13,14,20,151,24,158,30,32,289,163,37,43,44,45,51,54,312,313,314,58,60,317,191,320,64,322,66,324,198,199,200,327,71,205,79,209,210,213,87,88,215,219,222,223,224,228,230,231,234,122
2,5,7,135,138,14,16,277,151,158,31,32,163,38,43,44,46,48,50,179,51,53,54,61,56,313,185,57,58,317,318,191,320,321,322,60,324,69,198,199,200,194,67,203,205,210,212,213,87,215,88,222,223,228,231,106
2,5,9,13,14,15,17,19,21,158,32,34,163,37,40,43,44,45,50,51,54,312,313,187,317,318,320,64,322,324,69,71,200,329,199,205,210,213,87,222,223,224,225,228,229,230,231,233,234,236,238
5,7,138,271,16,275,22,28,158,31,160,32,34,163,38,168,43,46,48,50,51,53,54,311,56,57,58,60,317,61,63,320,322,67,69,199,200,329,81,210,213,87,219,221,222,223,224,228,229,231,234,236,238,239
2,5,135,7,9,266,138,10,271,16,275,22,151,26,28,158,32,34,163,42,43,44,51,54,311,313,58,59,317,63,320,322,69,198,199,200,329,73,71,205,81,210,213,87,215,222,224,228,231,234,239,246,121,251
0,130,2,3,261,5,7,135,271,16,19,22,24,29,157,158,32,33,163,39,42,43,51,54,312,313,58,59,316,317,320,321,64,69,200,203,75,212,213,87,93,222,225,227,231,233,234,108,240,243,118,124,126
3,4,10,138,12,14,16,275,22,24,26,28,158,32,34,163,42,43,44,47,51,54,55,312,313,58,317,63,320,322,324,199,200,329,71,202,205,81,210,213,87,88,215,222,223,228,231,233,239,251
256,1,2,5,135,13,19,23,155,158,32,163,37,41,43,44,45,176,51,54,55,58,187,319,192,321,66,323,195,196,64,71,194,201,205,206,208,209,210,213,87,215,217,230,231,232,112,114,115,122
256,5,6,265,13,142,146,19,147,20,23,158,160,33,32,162,163,37,166,296,41,43,44,45,174,49,51,54,55,57,58,187,319,192,64,65,67,66,68,70,205,79,208,82,210,87,215,217,92,230,234,107
5,264,138,10,11,14,16,277,22,26,28,158,32,163,37,39,43,44,51,54,312,313,58,317,191,320,193,322,63,324,325,198,327,199,200,329,205,209,210,213,85,87,88,215,90,222,223,98,228,231,118,249,127
5,7,138,13,14,20,277,23,151,158,30,32,163,292,37,171,43,44,45,51,54,312,313,58,317,191,320,64,322,66,324,325,198,327,200,199,205,81,210,213,85,87,88,215,222,224,228,230,231,234,109,118,246,249
4,5,13,14,16,17,19,22,23,24,28,158,32,33,34,160,163,37,168,42,43,44,45,51,54,55,313,58,59,317,318,190,320,62,63,64,66,69,198,199,203,205,210,213,87,222,223,224,228,229,230,231,234,110,238
258,5,7,138,10,140,266,13,271,16,275,26,155,158,30,32,34,163,37,43,44,45,51,54,311,58,317,62,64,322,66,194,68,199,200,73,329,81,213,87,222,224,228,230,231,105,234,237,239,116,121,251
128,0,2,261,5,135,10,16,145,19,20,277,278,22,28,285,157,158,32,163,39,42,43,175,51,54,58,59,317,63,320,321,193,194,196,203,205,210,83,212,213,87,222,223,228,231,233,234,111,240,117,118,120
128,5,7,13,19,277,278,155,285,158,30,32,163,37,43,44,45,51,54,58,317,190,62,320,321,194,193,64,66,68,203,75,210,83,212,213,86,87,93,222,223,224,228,230,105,234,108,240,116,117,120
5,134,7,138,10,140,266,14,271,16,275,22,151,26,28,158,32,35,163,166,167,42,43,172,303,51,179,54,311,312,58,317,63,320,322,199,200,329,73,74,205,81,210,213,87,222,226,228,231,234,237,239,121,251
128,1,5,7,10,14,15,16,17,19,277,22,24,26,28,158,160,32,163,39,168,42,43,51,54,56,313,58,317,190,63,320,64,194,69,203,205,210,213,87,222,223,224,225,228,229,231,234,238,240,243,117,120
5,7,266,13,14,271,144,19,155,30,158,32,31,34,163,37,43,44,45,51,53,54,58,317,318,320,64,322,194,66,69,68,199,200,71,205,210,213,86,87,222,224,225,228,231,105,234,106,110,239,243,116,117,121,251
0,1,4,5,6,8,9,11,12,269,14,16,274,19,22,23,25,26,27,283,28,29,158,32,34,163,168,41,42,43,47,49,51,54,55,58,315,187,188,63,192,65,323,326,71,208,214,87,94,232,244,245
261,262,264,270,271,277,158,32,163,44,51,54,58,68,69,71,75,205,79,81,210,83,84,85,86,87,88,89,215,92,93,94,96,97,98,104,106,109,110,242,243,116,117,120,249,250,252
7,264,273,277,281,158,32,163,44,51,58,317,318,191,320,192,324,69,325,68,71,75,205,79,80,81,210,83,84,85,213,86,88,87,89,215,94,121,98,97,106,109,242,243,116,117,118,120,249,250
257,258,260,261,262,7,264,270,271,277,155,158,32,34,163,168,51,312,318,322,194,68,69,70,71,75,205,81,210,213,86,87,88,89,93,121,98,229,106,234,109,110,242,243,116,117,245,248,249,250,251
257,258,261,262,7,264,270,271,275,277,151,158,32,163,44,51,58,68,69,71,200,75,76,205,80,81,210,84,86,87,88,89,215,93,121,98,97,231,104,106,109,242,243,116,117,120,249,250,251,252,255
261,262,264,270,271,277,158,32,163,165,168,41,44,51,58,68,69,71,75,76,205,79,80,81,210,86,87,88,89,215,93,94,95,96,248,121,98,104,106,234,108,109,110,242,243,116,117,246,120,249,250,251,252
2,264,266,268,277,158,32,163,36,167,173,51,53,54,58,189,317,191,324,69,70,199,71,201,327,75,325,68,205,207,81,210,213,85,86,88,87,89,217,222,121,98,109,243,116,120,249,250
257,261,262,7,264,266,270,271,273,274,277,279,281,158,32,160,163,44,51,58,320,68,69,71,75,205,79,80,81,210,84,86,87,88,89,215,93,96,97,98,106,109,110,242,243,116,117,120,249,250,252,254
256,257,258,265,267,269,271,273,278,280,283,284,158,32,289,163,168,44,51,58,68,69,71,77,205,79,81,210,86,87,88,89,90,215,93,98,227,100,106,109,127,111,242,243,116,117,245,119,252,253,254,255
257,260,261,262,7,264,269,270,271,273,275,277,279,281,158,32,163,165,39,168,51,186,316,191,194,68,69,70,71,75,205,79,81,210,86,87,88,89,93,121,98,106,109,242,243,116,117,120,249,250,251,252,254
257,258,260,261,262,264,10,138,266,140,270,271,16,275,277,26,158,32,163,44,303,48,51,311,312,58,68,69,71,200,73,329,205,81,210,86,87,88,89,215,121,98,231,104,106,237,109,239,243,116,249,250,251
7,264,266,11,271,277,151,158,32,163,43,44,306,51,54,313,58,317,191,320,324,69,198,68,71,75,205,79,80,81,210,84,85,213,86,87,88,89,215,222,94,97,98,228,249,106,234,109,242,243,116,117,120,121,250
257,258,262,10,138,266,140,271,16,275,277,26,158,32,163,44,51,311,58,68,69,71,200,73,329,202,75,205,81,210,84,213,86,87,88,89,215,93,97,98,249,231,106,237,109,239,243,115,116,120,121,251
261,262,135,264,138,273,277,278,158,32,289,163,44,178,51,58,196,69,68,71,75,203,205,81,210,83,212,85,86,87,88,89,215,92,93,94,95,97,98,122,105,106,109,111,112,242,243,115,117,116,118,120,249,250,127
257,258,259,260,261,262,135,7,268,270,271,144,275,277,155,158,32,163,51,58,322,194,68,69,70,71,200,73,75,79,81,210,86,87,88,89,93,121,98,99,106,109,242,243,116,117,248,249,250,251,252,255
257,262,7,264,10,138,266,271,16,275,277,26,158,32,163,44,303,51,311,58,68,69,71,73,329,75,202,205,79,80,81,210,84,86,87,88,89,215,94,97,98,231,106,107,109,239,242,243,116,246,249,251
261,7,264,270,271,277,279,282,157,158,32,163,43,44,51,58,317,191,320,68,69,198,71,75,205,79,80,81,210,84,85,86,87,88,89,215,93,94,96,97,98,106,109,110,241,242,243,116,117,120,249,250,252
256,257,7,8,267,269,274,23,27,283,155,158,32,163,164,166,41,42,178,51,58,187,188,192,194,68,326,71,70,76,77,79,208,81,210,85,214,86,87,88,89,98,99,106,109,114,243,244,245,116,117,121,253,254
257,258,5,261,262,264,7,270,271,277,279,280,282,155,158,32,163,43,51,58,194,68,69,70,71,75,79,81,210,214,87,88,89,86,93,96,121,98,228,104,106,109,110,241,242,243,116,117,119,120,249,250,252
257,258,261,262,7,264,266,12,271,275,277,155,158,32,163,51,53,58,189,194,68,69,70,199,71,200,75,76,205,79,81,210,213,86,87,88,89,222,98,231,234,106,109,242,243,116,117,120,121,251,255
261,262,7,264,270,271,144,277,278,155,158,32,163,301,51,54,58,321,194,68,69,70,71,75,203,205,79,81,210,212,86,87,88,89,92,93,94,95,96,97,98,228,104,106,109,111,112,242,243,116,117,120,121,250
257,258,260,261,262,7,264,270,271,275,277,155,158,32,163,51,312,58,317,318,322,194,68,69,70,71,75,205,79,81,210,213,86,87,88,89,215,93,121,98,122,106,109,242,243,116,117,248,249,250,251
256,259,267,269,274,276,280,282,284,158,32,163,168,44,51,58,191,65,68,69,71,75,76,205,79,81,82,210,84,86,87,88,89,90,215,93,96,97,98,99,100,101,106,108,109,241,242,243,116,117,120,253,254
257,258,260,262,264,10,138,266,270,271,16,275,277,26,158,32,163,172,51,180,311,312,58,189,68,69,71,73,329,75,205,81,210,213,86,87,88,89,98,231,109,239,243,116,246,249,250,251
256,259,135,265,267,269,274,280,283,284,155,158,32,289,41,42,302,47,51,187,66,195,323,68,71,72,77,206,79,208,81,210,86,87,88,89,90,227,100,101,103,106,108,109,115,244,245,116,119,122,253,254
261,262,7,264,141,270,271,277,279,151,158,32,163,42,44,51,54,58,317,68,69,198,70,71,75,205,79,80,81,210,85,213,86,87,88,89,215,93,94,222,121,98,106,109,110,242,243,116,117,120,249,250
257,258,260,261,262,7,264,270,271,144,275,277,279,155,158,31,32,163,41,51,318,194,68,69,70,71,75,76,205,79,81,210,213,86,87,88,89,120,93,121,98,100,104,106,109,110,242,243,116,117,248,249,250,251,252
256,7,8,9,267,11,269,144,274,22,23,27,283,155,158,32,163,166,40,42,51,58,315,187,188,192,194,323,68,326,71,70,202,77,79,208,81,210,214,86,87,88,89,99,106,236,109,114,244,245,116,117,121,253,254
256,260,267,269,273,274,275,277,22,281,283,158,32,163,47,51,312,58,315,187,317,318,191,319,322,324,68,71,202,76,205,77,79,80,81,210,83,85,213,86,88,87,89,98,105,106,109,116,246,118,249
256,8,267,269,13,142,271,274,20,22,23,27,283,158,30,32,35,37,166,167,42,44,45,51,52,315,187,188,319,192,64,323,326,71,199,201,202,200,76,77,79,208,81,214,87,88,89,99,236,109,244,245,253,254
256,257,258,260,262,267,269,274,22,281,283,158,32,163,44,178,51,312,58,315,187,319,192,322,68,326,71,202,76,77,205,79,208,81,210,213,214,86,87,89,88,215,98,109,244,245,116,248,249,122
256,257,258,260,262,267,269,274,22,23,283,158,32,163,44,51,312,58,315,187,319,192,322,68,326,71,202,76,77,205,79,208,81,210,213,214,86,87,89,88,215,98,106,109,243,244,245,116,249,122
256,257,258,261,7,9,267,12,269,11,14,144,274,23,283,155,158,31,32,40,42,48,51,53,56,57,315,187,188,60,192,194,323,68,326,71,70,77,79,208,81,214,86,87,89,106,235,109,114,244,245,116,121
256,257,258,259,267,11,269,12,271,274,22,23,283,158,32,163,40,168,42,44,51,58,187,315,188,319,192,323,68,69,71,200,74,202,77,205,208,81,210,84,214,86,87,89,88,215,98,237,109,244,245,116,251
256,7,8,11,267,269,274,23,151,283,27,158,32,163,164,166,40,42,44,51,55,58,315,187,188,319,192,323,68,69,326,71,202,77,205,208,80,81,210,84,214,86,87,88,89,215,97,98,99,106,109,114,244,245,116
256,7,8,267,269,144,273,274,275,23,281,27,283,155,158,32,163,166,51,58,187,188,192,194,68,326,71,70,76,77,205,79,208,81,210,214,86,87,88,89,92,121,98,99,105,106,109,244,245,246,116,117,249,254
256,257,258,259,261,262,267,269,271,274,23,283,27,158,32,163,42,44,51,58,187,188,68,71,73,76,205,79,208,80,81,210,84,213,214,86,87,89,88,215,94,98,106,109,242,243,244,245,117,116,248,122,251,255
256,257,0,8,11,267,269,274,275,23,27,283,158,32,163,166,39,42,44,51,58,187,188,192,68,326,71,73,202,76,77,205,208,81,210,84,214,86,87,88,89,215,94,98,99,106,109,244,245,116,120,251,253,254
256,257,8,138,267,11,269,274,275,23,27,283,158,32,163,166,40,168,42,44,46,51,58,187,188,192,68,326,71,202,76,77,205,79,208,81,210,84,214,86,87,88,89,215,98,99,106,109,244,245,116,122,253,254,127
256,257,258,8,11,267,269,274,275,23,27,283,158,32,163,166,168,42,44,51,58,187,188,192,68,69,71,73,202,76,77,205,208,81,210,84,214,86,87,89,88,215,91,94,98,99,237,109,244,245,116,253,254
256,257,258,7,10,267,11,269,16,274,275,276,283,158,32,163,40,44,51,311,58,187,188,68,69,71,73,202,74,77,205,208,81,80,210,84,214,86,87,89,88,215,98,231,106,237,109,244,245,116,251,254
257,258,260,261,262,267,271,275,158,32,34,163,42,43,44,51,312,58,187,318,322,68,69,71,200,73,75,205,81,210,84,213,86,87,88,89,215,120,93,225,97,98,229,231,109,242,243,116,245,117,248,249,122,251,252
256,259,263,7,267,268,271,272,280,155,158,31,32,163,168,41,48,51,65,66,195,194,68,70,71,74,76,205,79,81,210,211,86,87,88,89,247,98,99,100,101,232,106,107,109,242,243,116,119,121,124,254,255
257,258,260,261,262,266,13,271,18,20,277,22,158,30,32,34,35,37,167,44,45,51,52,64,67,68,69,199,200,201,75,81,210,86,87,88,89,93,222,96,231,234,106,109,110,242,243,116,117,248,121,250,251,255
256,259,261,6,265,267,268,19,280,158,32,289,163,41,44,51,57,58,66,195,68,71,74,77,205,81,210,85,86,87,88,217,90,89,215,92,98,227,100,101,230,99,232,106,235,236,109,112,114,115,244,116,119,253,254
257,258,260,261,262,264,14,271,277,158,32,163,44,51,312,58,317,190,318,322,68,69,71,73,75,203,205,80,81,210,84,213,86,87,88,89,215,93,94,98,228,122,106,234,109,110,242,243,116,117,248,249,250
261,263,264,7,270,271,277,278,158,32,163,44,51,54,58,68,69,71,75,203,205,79,80,81,210,83,84,85,86,87,88,89,215,92,93,94,95,97,98,228,105,106,109,110,242,243,116,117,120,249,250
256,258,259,265,267,269,277,283,284,158,32,289,163,41,44,302,50,51,58,66,195,196,68,69,198,72,71,77,205,79,209,81,210,84,86,87,88,217,90,89,215,98,227,100,101,106,109,111,112,116,117,119,253,254
257,259,260,262,264,270,271,277,281,158,32,163,44,51,312,313,58,317,318,191,322,324,69,68,71,75,205,79,80,81,210,84,85,213,86,88,89,87,90,215,94,98,122,106,108,109,242,243,116,118,248,249,250
257,262,7,264,10,266,138,271,16,275,277,158,32,163,44,303,51,54,311,312,58,317,68,69,71,73,329,202,205,80,81,82,210,84,213,86,87,88,89,215,121,98,228,231,106,109,239,243,116,246,249,251
256,7,8,267,269,274,277,23,151,281,27,283,158,32,161,163,166,40,298,49,178,51,58,315,187,188,189,319,192,68,326,71,76,77,205,79,208,80,82,81,210,214,86,87,88,89,98,99,106,109,244,116
256,257,7,8,9,11,267,269,274,22,23,280,27,283,155,158,32,163,166,40,42,51,58,187,188,192,194,68,70,71,73,202,74,77,79,208,81,214,86,87,88,89,99,100,106,237,109,243,244,245,116,119,121,251
256,7,8,9,267,269,274,22,23,280,283,27,158,32,163,166,40,168,42,49,51,187,188,62,192,65,194,68,326,71,72,70,76,77,205,79,208,81,210,214,86,87,88,89,99,106,109,114,244,245,116,121,254
257,258,261,262,7,10,271,16,275,277,282,26,158,32,163,44,46,51,311,58,68,69,71,73,329,202,75,205,80,81,210,84,85,86,87,88,89,215,93,121,98,231,106,237,109,239,242,243,116,117,120,249,251
256,7,8,267,11,269,274,276,23,280,151,27,283,156,158,32,163,166,42,44,51,58,187,188,192,68,69,70,71,76,77,205,79,208,80,81,210,84,214,86,87,88,89,215,97,98,99,100,101,106,109,243,244,245,116,247,254
257,258,260,261,262,7,271,16,275,277,158,32,163,44,51,58,68,69,71,73,202,205,80,81,210,84,86,87,88,89,215,91,120,93,98,100,231,104,106,234,237,110,239,109,243,116,117,245,246,248,250,251,252
257,260,262,7,264,270,271,275,277,158,32,163,44,51,309,312,58,317,318,191,322,324,69,68,71,330,75,205,79,80,81,210,84,85,213,86,88,89,87,215,94,98,122,106,109,242,243,116,248,249,250
256,259,263,7,267,268,271,272,274,279,280,155,158,31,32,163,168,41,48,176,51,313,66,194,68,70,71,74,76,205,79,81,210,211,86,87,88,89,98,99,100,101,232,106,109,242,243,116,117,247,121,124,255
256,261,267,269,274,23,280,283,158,32,42,47,51,187,316,192,65,68,69,326,71,72,202,76,77,205,208,80,81,210,214,119,87,88,90,89,92,96,97,98,100,101,106,235,109,114,244,245,116,247,254
257,258,2,261,5,262,264,266,267,270,271,277,158,32,163,173,51,53,184,58,189,68,69,70,199,71,201,75,207,80,81,86,87,88,89,217,91,93,222,97,231,234,109,243,116,117,120,121,251,252
260,261,7,264,270,271,277,279,282,155,158,32,163,168,43,51,58,194,68,69,198,70,71,75,76,205,79,81,210,85,86,87,88,89,120,93,121,98,106,234,109,110,113,242,243,116,117,248,249,250,252
261,7,264,270,277,278,151,158,32,163,44,51,54,58,317,194,68,325,69,71,75,203,205,80,81,210,83,212,85,84,87,86,215,88,89,92,93,94,95,97,98,228,105,106,109,243,116,117,120,249,250
257,260,261,262,5,264,7,270,271,277,279,151,282,158,32,163,51,58,194,68,69,71,75,205,79,80,81,210,86,87,88,89,215,93,96,121,98,106,109,110,111,242,243,244,117,116,246,120,249,250,252
256,261,7,9,267,269,13,274,22,23,283,27,155,158,32,163,168,42,51,187,192,194,195,68,326,71,70,76,77,205,79,208,81,210,214,86,87,88,89,92,98,106,109,111,112,114,244,245,117,116,121,252,254
257,258,1,260,261,262,10,140,271,16,275,26,158,32,163,44,51,311,312,58,322,68,69,71,200,73,329,74,202,75,205,81,210,84,86,87,88,89,215,93,94,97,98,231,237,109,239,242,243,116,248,249,251
257,258,260,261,262,264,267,270,271,275,277,279,158,32,163,168,44,51,58,316,318,68,69,71,200,75,205,80,81,209,210,212,213,86,87,88,89,215,120,93,98,122,106,109,110,242,243,116,117,246,248,249,250,251,252
257,258,260,261,262,7,264,270,271,277,151,158,32,163,44,51,312,58,317,318,322,324,69,68,71,75,205,80,81,210,84,213,86,87,88,89,215,93,97,98,122,106,109,242,243,116,117,248,249,250,251
261,262,263,264,7,266,270,271,273,277,279,281,158,32,163,44,51,54,58,317,191,68,69,71,75,205,79,80,81,210,84,85,86,87,88,89,215,93,94,97,98,106,109,110,242,243,116,117,120,249,250,251,252
257,260,261,7,135,9,269,15,271,17,277,278,279,22,153,283,155,284,158,32,34,163,296,42,177,51,187,194,68,70,71,79,208,81,86,87,88,89,93,225,100,229,233,106,235,109,243,244,117,245,116,120,121,252,254
256,257,258,135,267,11,269,271,16,275,276,22,283,158,32,163,42,51,311,58,187,188,68,71,73,74,202,77,205,80,81,210,214,86,87,89,88,98,102,231,106,237,109,244,245,116,247,246,251
257,261,262,7,264,265,270,271,274,275,277,278,279,281,155,158,32,163,301,305,51,58,188,189,192,194,68,69,70,71,75,79,81,210,86,87,88,89,93,121,98,106,109,111,242,243,116,117,120,249,250,251,252,255
257,261,262,7,264,270,271,144,277,279,282,155,158,32,163,36,51,58,194,68,69,70,71,74,75,79,81,210,86,87,88,89,93,94,96,121,98,122,104,106,234,109,110,112,242,243,116,117,120,249,250,251,252
256,259,263,7,267,268,271,272,274,280,158,31,32,163,41,44,48,178,51,313,58,66,195,68,69,71,74,76,205,79,80,81,210,211,84,86,87,88,89,215,98,99,100,101,103,232,106,109,242,243,116,124,125
256,257,258,260,262,135,264,267,269,274,277,23,281,283,156,158,32,163,164,36,166,169,51,181,312,58,187,318,319,322,68,69,71,76,205,79,208,81,210,86,87,88,89,98,99,109,243,244,245,116,248,249,250,254
0,257,258,1,260,261,262,264,270,271,277,279,281,283,157,158,32,163,51,58,62,68,69,71,75,205,81,210,86,87,88,89,215,120,93,94,95,98,122,104,106,234,109,110,241,242,243,116,117,248,250,251,252,255
257,258,260,261,262,7,264,10,266,138,270,271,16,275,277,158,32,163,44,51,311,58,68,69,71,73,329,75,202,205,207,80,81,210,84,86,87,88,89,215,93,97,98,231,106,237,109,239,242,243,116,117,249,251
256,257,258,259,265,267,274,19,280,281,158,32,163,168,44,51,58,187,319,192,65,191,195,68,69,326,71,75,76,205,79,81,210,84,86,87,88,89,215,97,98,100,101,106,109,241,243,244,117,116,247,253,254
256,257,258,259,260,4,262,7,267,269,280,283,284,155,158,32,163,168,45,51,187,315,194,68,70,71,74,77,205,79,81,210,213,86,119,87,89,88,121,227,100,101,230,104,106,109,112,116,245,247,248,249,122,255
256,257,8,267,12,269,11,274,22,23,283,27,158,32,163,166,168,51,58,315,187,188,60,192,68,326,71,202,76,77,205,79,208,80,81,210,213,214,86,87,88,89,98,99,100,101,109,114,244,245,116,253,254
256,257,258,135,7,10,11,267,269,271,16,275,276,155,158,32,163,51,58,187,188,319,194,68,70,71,73,74,202,205,79,81,210,86,87,88,89,98,99,100,102,231,106,237,109,244,245,116,121,251,253,126,255
261,7,264,271,144,277,278,155,158,32,163,51,54,58,188,61,189,194,68,69,325,70,71,75,203,79,81,210,86,87,88,89,92,93,94,97,228,104,106,234,109,110,111,242,243,116,117,244,120,121,250,251
2,261,7,264,266,270,271,277,158,32,168,43,173,51,53,54,189,318,194,324,69,68,199,71,70,201,75,79,207,81,210,213,86,87,88,89,217,222,95,121,228,231,106,234,109,110,243,116,120,249,251
257,258,260,261,262,264,270,271,277,279,282,158,32,163,43,44,51,58,68,69,198,71,75,76,77,205,79,81,210,85,86,87,88,89,215,92,93,98,106,109,241,242,243,116,117,120,249,250,252,254
256,259,263,7,267,268,271,272,275,276,280,158,31,32,163,41,44,48,51,58,66,68,69,71,73,74,76,205,79,80,81,210,84,86,87,88,89,215,98,99,100,101,232,106,109,237,242,116,247,251,124
257,258,260,261,262,264,270,271,16,18,275,277,158,32,163,44,51,311,58,68,69,71,73,329,75,205,79,81,210,86,87,88,89,215,93,96,248,98,231,104,106,109,242,243,116,117,120,250,251,252
257,261,262,7,264,270,271,144,277,279,155,158,32,163,51,54,58,317,194,68,69,70,71,75,205,79,81,210,85,86,87,88,89,93,94,96,121,98,122,106,109,110,242,243,116,117,120,249,250,251,252,254
257,260,261,262,7,264,270,271,277,279,158,32,163,168,44,51,54,58,68,69,71,75,205,79,80,81,210,84,86,87,88,89,215,91,92,93,96,98,228,104,234,106,109,110,242,243,116,117,246,120,249,250,251,252
257,258,260,261,262,140,271,16,275,158,32,163,44,51,311,58,188,68,69,71,200,73,74,329,75,202,77,205,80,81,210,84,213,85,86,87,89,88,215,93,94,98,231,106,237,109,239,242,243,116,117,251,255
257,258,260,261,262,264,268,270,271,15,273,20,277,278,279,157,158,32,163,39,175,51,58,68,69,71,200,75,204,205,81,210,86,87,88,89,93,225,98,104,106,109,110,124,242,243,114,117,116,118,120,250,252
256,259,265,267,269,274,22,23,281,283,158,32,163,42,51,55,186,187,58,192,68,69,326,71,202,76,77,205,79,208,81,210,214,86,87,88,89,215,98,100,101,106,109,241,114,243,244,245,117,116,252,253,254
256,261,262,7,135,267,269,274,280,283,155,158,32,168,51,192,65,194,195,68,69,326,70,72,71,76,77,206,79,81,210,86,87,88,89,90,100,101,106,109,112,241,114,115,244,117,245,243,116,121,122,252,253,254
257,261,262,264,270,271,277,279,283,158,32,163,44,51,58,68,69,71,73,75,205,79,81,210,84,86,87,88,89,215,93,94,96,121,98,97,106,234,109,110,242,243,116,117,120,249,250,251,252
260,263,264,135,273,274,277,279,281,283,158,32,163,51,58,196,69,68,71,75,76,205,79,81,210,85,86,87,88,89,92,94,97,98,105,106,109,241,242,243,116,117,118,114,249,250,252,254
257,258,260,261,262,10,140,269,270,271,16,275,277,26,158,32,163,44,51,311,58,68,69,71,73,329,74,75,202,205,80,81,210,84,86,87,88,89,215,120,93,98,231,106,237,109,239,242,243,116,117,248,251
257,258,260,261,262,7,10,270,271,16,275,26,158,32,163,44,46,51,311,58,68,69,71,73,329,74,75,202,205,80,81,210,84,86,87,88,89,215,93,97,98,231,104,106,237,109,239,242,243,116,117,245,248,251
256,2,259,265,267,268,269,280,284,158,32,289,163,41,44,302,50,51,58,66,68,69,70,71,72,74,205,79,80,81,210,84,86,87,88,217,90,89,215,98,227,100,101,106,108,109,116,246,119,248,253,126,255
257,258,261,262,264,270,271,277,278,158,32,163,37,44,51,58,194,68,69,71,75,203,205,81,210,84,85,86,87,88,89,215,92,93,94,95,97,98,104,106,109,111,242,243,116,117,120,250,251,252,255
256,264,267,269,273,274,277,22,23,281,283,158,32,163,166,42,44,51,58,187,192,68,69,71,202,75,76,77,205,79,80,208,81,210,84,85,86,87,88,89,215,92,98,99,105,106,109,242,243,244,116,249,253,254
257,258,261,262,7,264,266,270,271,277,151,158,32,163,44,51,58,68,69,199,200,71,75,205,79,80,81,210,84,213,86,87,88,89,215,93,121,97,98,231,106,107,109,242,243,116,117,120,249,250,251,255
257,258,260,261,262,263,264,270,271,275,277,158,32,163,44,51,54,312,58,317,318,322,324,69,68,71,75,205,81,210,84,213,86,87,88,89,215,98,122,231,106,109,242,243,116,117,248,249,250,251
257,261,262,264,270,271,277,278,279,284,158,32,163,44,301,51,54,58,68,69,71,75,203,205,80,81,210,84,86,87,88,89,215,92,93,94,95,98,228,104,234,106,109,110,242,243,116,117,120,249,250,252,255
261,264,267,277,278,284,158,32,163,44,51,54,58,321,194,68,69,71,203,75,205,80,81,210,83,212,85,84,86,87,88,89,215,92,93,94,95,97,98,228,234,106,109,110,240,114,243,115,117,116,120,250,255
7,264,270,273,277,281,26,158,32,163,44,51,54,58,317,191,320,324,69,198,68,71,75,205,79,80,81,210,83,84,85,86,87,88,89,215,93,94,96,121,98,97,106,107,109,242,243,116,120,249,250
256,259,265,267,268,274,280,283,284,158,160,289,32,163,41,44,302,50,51,58,66,68,69,71,72,74,77,205,79,81,210,84,86,87,88,89,90,247,215,98,227,100,101,106,108,109,241,116,119,252,253,254
256,257,258,260,262,7,264,267,270,271,275,277,158,32,163,44,51,312,58,317,318,322,324,69,68,71,75,205,79,80,81,210,84,213,86,87,88,89,215,97,98,106,109,242,243,116,245,248,249,122,251,255
257,258,260,261,262,7,264,270,271,18,277,155,158,32,163,51,58,318,194,67,68,69,70,71,200,75,79,81,210,84,86,87,88,89,93,94,96,248,121,106,109,242,243,116,117,120,249,250,251,252
257,258,260,261,262,10,267,270,271,16,275,22,28,158,32,34,163,44,51,312,58,318,63,322,68,69,71,200,72,73,205,81,210,213,86,87,88,89,215,93,225,98,229,106,109,242,243,116,245,117,248,249,122,251,252,253
257,258,260,261,262,264,270,271,275,277,150,279,158,32,163,44,51,58,318,68,69,71,75,76,205,80,81,210,84,213,86,87,88,89,215,120,93,98,122,104,106,109,110,242,243,116,117,248,249,250,251
257,258,260,261,262,264,267,13,271,275,20,277,22,281,158,30,32,34,35,37,167,44,45,51,52,312,317,318,64,322,68,69,199,200,201,75,79,81,213,87,88,89,93,98,109,242,243,116,117,245,119,248,249,252
256,258,259,135,7,10,267,11,269,16,275,276,280,155,158,32,163,51,58,194,323,195,68,70,71,73,74,77,206,79,81,86,119,87,88,89,91,100,101,102,231,103,106,237,109,115,244,245,116,247,121,122,251
257,258,262,135,7,10,11,267,138,271,16,275,276,26,158,32,163,44,303,51,311,58,68,69,71,73,74,329,202,205,80,81,210,84,86,87,88,89,215,91,97,98,231,106,107,237,109,239,243,116,246,251
257,260,261,262,264,270,271,18,277,158,32,163,168,44,51,58,67,68,69,71,200,75,205,80,209,81,210,212,86,87,88,89,215,93,94,95,96,248,98,249,106,234,109,110,242,243,116,117,246,120,121,250,251,252
256,257,258,259,260,261,262,7,264,267,271,158,288,32,34,163,44,51,312,58,318,322,68,69,71,200,205,80,81,210,84,213,86,87,88,89,215,98,229,106,109,110,242,243,115,245,117,116,248,249,122,251
257,259,261,262,7,264,270,271,273,277,281,158,32,163,44,51,54,58,317,324,69,325,68,71,75,205,79,80,81,210,84,85,86,87,88,89,215,92,93,94,97,98,106,109,242,243,116,117,120,249,250
256,257,259,7,8,267,269,274,23,281,27,283,158,32,163,166,42,44,51,58,315,187,188,319,192,68,69,326,71,70,76,77,205,79,208,80,81,210,84,214,86,87,89,88,215,97,98,99,106,109,243,244,245,116,254
257,258,259,260,261,262,5,264,270,271,277,158,32,163,41,44,51,312,58,317,318,322,324,69,68,71,200,75,205,80,81,210,84,213,86,87,88,89,215,91,93,222,98,122,106,109,242,243,116,117,248,249,250
257,258,259,260,261,262,7,10,138,266,271,16,275,277,158,32,163,44,51,311,312,58,322,68,69,71,200,73,329,202,205,80,81,209,210,84,213,86,87,88,89,215,98,231,106,237,109,239,243,116,117,248,249,251
257,258,259,260,261,262,7,264,271,275,279,158,32,163,44,51,312,58,317,318,322,66,68,69,71,200,75,205,79,80,81,210,84,213,86,87,88,89,215,93,97,98,106,107,109,242,243,116,117,245,248,249,251,252
257,258,259,260,261,262,264,270,271,275,277,158,32,34,163,44,51,312,58,317,318,322,68,69,71,200,75,205,81,210,84,213,86,87,88,89,215,96,98,106,109,241,242,243,116,117,245,248,249,122,251,252
257,260,261,262,7,264,270,271,144,275,277,155,158,32,163,169,51,58,188,317,318,189,194,68,69,70,71,75,205,79,81,210,85,86,87,88,89,93,94,121,98,106,109,110,242,243,116,117,120,249,250,251
256,257,258,260,261,262,7,267,269,271,144,19,278,279,155,158,32,34,163,51,312,58,318,322,194,68,69,70,71,205,79,81,210,213,86,87,88,89,225,121,229,105,106,109,110,241,242,243,116,245,117,248,249,122,252
256,262,7,264,267,11,269,271,273,274,280,281,283,158,32,163,44,51,58,187,68,69,71,76,77,205,79,80,81,210,84,214,86,87,89,88,215,98,100,101,106,109,241,242,243,244,117,245,247,116,252,253,254
257,258,1,260,261,262,7,264,270,271,273,277,281,155,158,32,163,41,51,194,68,69,70,71,75,205,79,81,210,86,87,88,89,93,222,94,248,228,122,231,104,234,106,109,110,242,243,116,117,120,121,250,251,255
257,260,261,262,263,264,269,271,277,279,281,282,283,158,32,163,44,51,68,69,71,73,75,205,79,80,81,210,84,86,87,88,89,215,91,93,97,98,106,109,110,241,242,243,116,117,245,246,120,250,252,253,254
256,259,263,7,265,267,268,271,272,276,151,280,158,31,32,163,41,48,51,58,66,68,71,74,205,79,80,81,210,211,86,119,87,88,90,89,215,98,99,100,101,232,106,109,242,243,116,246,247,121,124,125,255
257,258,261,262,7,264,269,270,271,275,277,279,281,155,158,32,163,39,51,58,188,189,194,68,69,70,71,73,75,79,81,210,86,87,88,89,93,223,96,98,104,106,109,242,243,116,117,120,121,250,251,252,254,255
257,258,260,261,262,7,10,11,140,138,271,16,275,277,26,155,158,32,163,168,51,311,313,194,68,70,71,200,73,329,74,202,205,79,81,210,86,87,88,89,93,98,231,106,237,109,239,242,243,116,117,121,251
256,257,261,263,7,9,267,12,269,271,274,22,283,156,158,32,163,42,51,187,188,192,65,194,68,326,71,72,70,76,77,79,208,81,214,86,87,88,100,106,109,114,243,244,245,117,247,116,121,253,254
261,262,271,146,19,277,278,158,32,163,166,44,178,51,54,58,320,321,195,68,69,71,203,75,205,80,81,210,212,84,86,87,88,89,215,92,93,222,95,224,98,228,104,106,109,111,240,242,243,116,117,120,121,250,252
257,258,260,261,262,7,264,270,271,275,277,158,32,163,44,51,58,318,68,69,71,75,205,80,81,210,84,213,86,87,88,89,215,120,93,97,98,228,122,104,106,107,109,110,242,243,116,117,248,249,250,251
256,257,258,259,7,267,11,269,274,23,280,283,27,155,158,32,163,166,40,51,58,315,187,194,68,70,71,74,77,205,79,208,81,210,214,86,87,89,88,215,121,98,99,100,101,106,109,244,245,116,247,248,117,253,254
7,264,270,271,277,151,281,158,32,163,44,46,51,54,58,317,191,68,69,198,71,75,205,79,80,81,210,83,84,85,86,87,88,89,215,93,94,96,121,98,97,106,234,109,110,242,243,116,117,120,249,250
262,7,264,11,270,271,277,155,158,32,163,168,43,51,54,58,317,318,191,320,194,324,69,198,68,70,71,75,205,79,81,210,85,86,87,88,89,93,94,121,98,228,106,109,110,242,243,116,117,120,249,250
257,258,260,261,262,7,271,275,19,277,278,158,288,32,163,44,51,58,68,69,71,200,73,75,205,80,81,210,84,86,87,88,89,215,120,93,92,97,98,229,231,104,234,106,109,242,243,116,117,248,251,252
256,8,265,11,267,269,12,17,274,275,21,22,23,27,283,158,32,163,166,40,178,51,187,188,192,68,326,71,73,202,74,77,205,208,81,210,214,86,87,88,89,98,99,237,109,244,245,116,251,253
256,258,261,264,11,268,269,273,274,277,279,281,283,158,32,163,44,51,58,68,69,71,75,76,205,79,80,81,210,84,86,87,88,89,215,92,93,96,98,99,105,106,109,241,242,243,116,117,120,249,250,253,254
257,258,260,261,262,7,264,269,270,271,143,144,277,155,158,32,163,51,58,194,68,69,70,71,75,205,79,81,210,86,87,88,89,120,93,94,95,92,121,98,228,104,106,234,109,110,242,243,116,117,248,249,250,251
257,258,261,262,5,264,7,270,271,279,280,282,155,158,32,163,168,170,51,58,194,68,69,70,71,75,205,79,81,210,86,87,88,89,218,215,93,98,100,104,106,109,110,242,243,116,117,121,250,252,254,255
256,7,9,267,12,269,274,22,23,283,155,158,32,163,42,51,187,192,194,323,68,69,326,71,70,76,77,205,79,208,81,210,214,86,87,88,89,100,101,106,235,109,241,244,245,117,116,248,121,122,252,253,254
261,264,277,278,158,32,166,174,51,54,321,68,69,70,71,75,203,79,80,81,210,83,212,85,84,87,86,88,89,91,92,93,95,97,98,121,105,106,107,109,111,112,242,243,116,117,120,249,250
256,1,261,267,268,269,274,277,283,158,32,163,168,44,51,68,69,70,71,75,76,77,79,80,81,210,84,85,86,87,88,89,92,93,97,98,100,101,105,106,109,111,112,114,243,115,117,242,116,120,121,254
256,7,8,264,267,269,273,274,277,151,281,154,283,158,32,163,166,44,51,186,187,58,324,68,69,71,76,204,205,79,80,81,210,84,85,86,87,88,89,215,92,97,98,99,105,106,109,244,116,118,246,249,253,254
257,258,260,261,262,264,271,15,273,275,277,278,279,158,32,163,165,168,44,48,51,179,58,68,69,71,205,79,80,81,210,84,86,87,88,89,215,93,248,225,98,229,106,109,241,242,243,116,117,245,246,120,249,251,252,254
257,258,259,260,262,7,264,10,138,266,271,16,275,277,26,158,32,163,44,51,311,58,68,69,71,200,73,329,75,202,205,80,81,210,84,86,87,88,89,215,98,231,106,107,237,109,239,242,243,116,246,249,251
257,258,262,7,10,266,138,270,271,16,275,277,284,158,32,163,44,51,311,58,68,69,71,200,73,329,75,202,205,80,81,210,84,213,86,87,88,89,215,93,98,249,231,106,237,109,239,242,243,116,120,121,251,255
256,261,7,264,270,271,277,158,32,163,44,51,54,58,68,69,71,75,203,205,79,80,81,210,83,212,85,84,87,86,88,89,215,92,93,94,95,97,98,228,106,109,110,242,243,116,117,120,249,250
257,258,261,262,7,264,270,271,277,278,151,158,32,163,44,51,58,194,68,69,71,75,205,80,81,210,84,86,87,88,89,215,91,92,93,94,95,223,97,98,104,234,106,109,242,243,116,117,120,250,251,252,255
257,258,259,261,262,264,10,266,270,271,16,275,277,26,282,158,32,163,44,51,311,58,68,69,71,73,329,75,205,81,210,84,86,87,88,89,215,93,94,98,231,106,108,109,239,242,243,114,117,116,120,249,250,251
257,261,262,7,264,269,270,271,18,277,155,158,32,163,168,51,194,67,68,69,70,71,75,205,79,81,210,213,86,87,88,89,93,94,95,96,121,98,106,109,110,242,243,116,117,120,249,250,251
257,258,260,262,264,10,138,266,270,271,16,275,277,26,158,32,163,44,303,51,311,58,68,69,71,200,73,329,75,202,205,78,80,81,210,84,86,87,88,89,215,93,98,231,106,237,109,239,243,116,249,251
257,258,261,262,7,264,266,269,270,271,275,277,155,158,32,163,39,168,51,58,194,68,69,70,71,200,75,205,79,81,210,213,86,87,88,89,93,98,249,231,234,106,109,242,243,116,117,120,121,250,251,252,254,255
257,258,260,261,262,7,264,269,271,144,274,278,279,281,155,158,32,163,51,58,194,68,69,70,71,75,205,79,81,210,213,86,87,88,89,93,96,104,106,109,110,242,243,116,117,245,119,248,121,250,251,252,254
257,258,260,261,262,7,264,270,271,277,279,151,282,158,32,163,44,51,58,318,68,69,71,75,205,79,80,81,210,84,86,87,88,89,215,93,248,97,98,104,106,109,110,242,243,116,117,119,120,249,250,251,252
261,262,7,264,271,277,278,158,32,163,44,51,58,321,68,69,71,75,203,205,79,80,81,210,212,84,85,86,87,88,89,215,92,93,91,95,98,228,231,104,106,109,111,112,114,243,242,117,115,116,120,250,252,255
257,261,262,7,264,270,271,144,18,275,277,282,155,158,32,163,51,58,194,67,68,69,70,71,200,75,79,81,82,210,86,87,88,89,93,94,96,121,98,106,109,110,111,242,243,116,117,120,249,250,251
260,261,262,264,15,271,17,273,277,21,279,158,32,34,163,43,44,51,58,68,69,198,71,200,75,205,79,80,81,210,84,86,87,88,89,215,93,222,224,225,98,229,234,106,109,238,242,243,116,117,120,250,252
257,258,260,261,262,7,264,263,266,270,271,275,277,155,158,32,163,51,313,58,194,68,69,70,71,200,75,205,79,81,210,213,86,87,88,89,93,121,98,231,106,107,109,242,243,116,117,120,249,250,251,255
256,7,8,9,267,269,274,22,23,283,155,158,32,163,42,301,51,58,187,188,192,194,323,195,68,326,71,69,70,76,77,79,208,81,214,86,87,88,89,92,95,106,109,112,114,243,244,245,117,116,121,254
264,269,270,277,279,158,32,163,166,43,44,45,174,306,51,54,58,317,318,191,320,324,69,325,327,68,71,75,205,79,81,210,84,85,86,87,88,89,215,93,98,106,107,109,110,242,243,116,117,120,249,250,252
261,7,264,269,273,277,151,281,158,32,163,44,51,54,313,58,317,191,324,69,198,325,68,71,75,205,79,80,81,210,83,84,85,86,87,88,89,215,92,94,95,97,98,105,106,109,242,243,116,118,120,249,250
257,258,261,262,7,264,270,271,18,277,279,151,158,32,163,44,51,56,58,67,68,69,71,75,205,80,81,210,84,86,87,88,89,215,93,224,97,98,249,104,234,106,109,110,242,243,116,117,120,121,250,251,252,255
261,262,7,264,266,270,271,277,278,151,283,158,160,32,163,51,58,191,68,69,71,75,205,79,80,81,210,213,86,87,88,89,92,93,94,95,121,98,228,104,106,109,111,242,243,116,117,120,249,250,251,252
257,258,260,261,262,5,264,7,270,271,144,275,277,279,155,158,31,32,51,188,194,68,69,70,71,75,76,79,81,210,86,87,88,89,120,93,121,98,100,104,106,109,242,243,116,117,248,249,250,251,252,127
258,2,261,7,264,266,270,271,277,280,158,32,168,173,51,53,189,68,69,70,199,71,201,75,207,81,213,86,87,88,89,217,222,228,231,234,106,109,110,243,116,117,119,120,121,250,251
259,261,264,8,266,270,271,277,279,282,158,32,163,44,51,58,59,68,69,198,71,75,205,79,81,210,85,86,87,88,89,215,93,94,96,121,98,106,108,109,110,242,243,116,117,120,249,250,251,252
257,258,261,262,7,264,270,271,16,275,277,158,32,163,44,46,51,311,58,68,69,71,73,329,75,202,205,80,81,210,84,86,87,88,89,215,93,248,121,98,97,231,104,106,109,242,243,116,117,120,249,250,251
7,264,10,138,266,268,271,16,275,277,151,26,158,32,163,44,51,311,312,58,317,324,69,68,70,71,73,329,75,205,80,81,210,213,85,86,88,87,89,215,94,98,249,231,106,109,239,243,116,246,121,250,251
256,259,265,267,280,153,284,158,32,290,291,163,166,168,41,170,44,45,174,175,51,58,66,195,68,71,72,74,205,79,81,210,211,84,86,87,88,89,218,90,247,215,94,98,227,100,101,103,233,107,109,112,116,119
257,258,260,261,262,10,138,140,11,268,271,16,275,280,26,158,32,163,44,51,311,58,187,188,194,68,71,200,73,329,74,202,205,81,210,213,86,87,215,89,88,93,98,231,237,109,239,242,243,116,117,119,251
256,257,258,261,7,267,11,269,144,274,275,23,27,283,155,158,32,163,166,51,58,187,188,319,194,68,70,71,73,74,202,77,205,79,208,81,210,214,86,87,89,88,98,99,100,106,109,243,244,245,116,117,121,253,254
256,257,258,259,261,7,267,268,269,271,144,146,277,155,158,32,163,51,180,58,188,62,194,68,69,70,71,74,76,79,208,81,86,87,88,89,92,95,100,101,106,109,110,112,242,243,116,117,244,248,121,255
256,259,263,265,267,268,272,280,284,158,31,32,289,163,41,44,302,48,50,51,58,66,195,68,71,72,74,205,79,80,81,210,211,84,86,87,88,89,90,215,98,99,100,101,227,232,106,109,242,116,119,124
7,264,11,270,273,277,151,281,158,32,163,43,44,51,54,58,317,191,324,69,198,68,71,75,76,205,79,80,81,210,83,84,85,86,87,88,89,215,93,94,97,98,106,109,110,242,243,116,117,120,249,250
257,258,261,262,5,264,7,9,269,270,271,277,278,279,282,155,158,32,163,168,51,316,194,68,69,70,71,75,205,79,81,210,86,87,88,89,90,93,248,121,98,99,106,109,242,243,116,117,247,120,249,250,251,252
257,260,261,262,7,264,270,271,275,277,151,281,158,32,163,44,51,58,317,322,68,69,71,73,75,205,79,80,81,210,84,213,86,87,88,89,215,93,94,96,121,97,98,106,109,242,243,116,117,120,249,250,251,126
261,263,264,7,266,270,277,158,32,163,44,51,54,58,191,324,69,198,325,68,71,75,203,205,80,81,210,83,212,85,84,87,215,86,88,89,92,93,94,97,98,105,106,109,242,243,116,120,249,250
256,257,258,259,7,10,267,11,269,271,16,275,276,155,158,32,163,40,46,51,187,62,194,68,70,71,73,74,202,205,79,208,81,210,84,86,87,88,216,89,91,100,102,231,106,237,109,116,245,247,121,251
256,259,263,135,265,267,268,269,274,280,283,155,158,32,168,44,51,182,192,65,195,323,68,69,72,74,76,77,205,79,208,206,81,210,86,87,88,89,215,91,98,99,100,101,106,109,112,115,244,245,116,119,248,122,253,254
256,258,259,261,7,267,268,269,270,271,275,276,277,280,282,283,155,158,32,163,51,58,194,68,70,71,72,73,74,77,79,81,210,86,87,88,89,247,100,101,102,106,237,109,242,244,245,116,119,117,121,251,255
259,261,263,7,265,268,271,272,144,280,155,158,31,32,163,41,48,51,313,58,66,194,68,70,71,74,75,205,79,81,210,211,86,87,88,89,90,93,95,98,99,100,101,232,106,109,242,243,116,117,121,124,255
256,257,261,267,269,274,22,23,283,158,32,163,168,44,51,187,62,192,65,68,326,71,202,76,77,205,79,208,81,82,210,84,214,86,87,88,89,215,92,98,100,109,112,114,115,244,245,117,116
256,257,261,8,267,269,274,23,27,283,158,32,163,166,168,42,44,51,58,187,188,192,68,69,71,75,76,77,205,208,81,210,84,214,86,215,87,88,89,92,97,98,99,100,101,106,109,114,243,244,245,117,116,120,126,253,254
257,258,261,262,264,271,277,278,158,32,163,44,51,313,58,321,68,69,71,75,203,205,80,81,210,83,212,84,86,87,88,89,215,92,93,94,95,98,228,104,106,109,111,242,243,115,117,116,120,249,250,252
258,261,262,7,264,10,270,271,277,155,28,158,32,163,168,51,188,194,68,69,70,71,75,205,79,81,210,86,87,88,89,93,94,95,98,228,249,104,106,109,110,242,243,116,117,120,121,250,251,255
257,260,261,262,7,264,266,141,271,275,277,155,158,32,163,51,58,318,194,68,69,70,71,73,75,77,79,81,210,85,86,87,88,89,120,93,94,121,98,228,122,104,106,109,110,113,242,243,116,117,248,249,250,251
257,258,260,261,262,5,264,270,271,142,275,278,279,158,32,163,44,51,58,68,69,71,75,205,79,80,81,210,212,84,86,87,88,89,215,93,95,248,98,104,106,109,127,111,242,243,116,117,245,120,250,251,252,254,255
256,257,7,8,267,11,269,12,142,17,274,275,20,21,23,27,283,157,158,32,36,164,166,168,178,51,315,187,188,192,194,68,326,71,77,208,81,214,86,87,88,119,99,100,106,109,114,244,245,116,118,253,254
260,261,263,142,273,274,20,278,279,281,283,157,158,32,163,168,175,304,51,308,190,68,69,71,328,330,205,79,80,81,210,86,87,88,89,98,100,101,106,109,110,241,242,243,244,117,245,116,118,123,252,253,254
257,258,260,261,262,135,7,10,11,140,138,270,271,16,275,282,155,158,32,163,51,311,58,194,68,70,71,73,74,329,202,75,79,81,210,86,87,88,89,93,231,106,237,109,239,243,116,245,117,248,121,251
7,264,10,138,266,16,275,277,158,32,163,292,37,44,303,51,311,58,191,324,325,68,327,71,69,73,202,205,80,81,210,84,85,86,87,88,216,89,91,215,97,98,231,105,106,109,243,116,244,246,118,249,251
256,259,263,265,267,268,269,146,280,283,284,158,32,289,163,41,44,302,51,58,66,68,69,71,72,74,75,77,205,79,81,210,84,86,87,88,89,90,247,215,91,97,98,227,100,101,106,108,109,116,119,253,254,255
256,257,258,261,7,8,267,11,269,274,23,280,151,27,283,158,32,163,166,42,44,51,58,187,188,192,68,69,326,71,75,76,77,205,208,80,81,210,84,214,86,87,89,88,215,97,98,99,100,106,109,114,244,245,116,253,254
258,259,261,264,277,158,32,163,44,51,180,54,58,191,324,69,325,68,71,75,203,205,80,81,210,83,212,85,84,87,215,86,88,89,92,93,94,97,98,228,105,106,108,109,242,243,116,117,120,249,250
256,258,259,7,265,267,269,144,146,18,280,283,155,158,32,163,178,51,180,58,194,195,68,67,70,71,72,74,77,79,81,210,86,87,88,89,90,92,96,100,101,106,109,111,112,114,115,244,117,245,116,121,255
7,264,273,277,281,154,158,32,163,44,51,309,54,58,60,317,191,324,325,198,327,69,68,71,75,76,330,205,79,80,81,210,83,84,85,86,87,88,89,215,94,97,98,105,106,109,243,116,118,246,249
256,257,258,7,267,11,269,144,274,275,23,283,27,155,158,32,163,166,51,58,187,188,194,68,70,71,73,202,74,76,77,205,79,208,81,210,214,86,87,89,88,215,98,99,106,237,109,244,245,116,117,121,251,254
257,261,262,264,270,271,272,277,279,158,32,163,165,168,44,51,58,68,69,71,74,75,205,79,80,81,210,84,86,87,88,89,215,93,94,248,121,98,104,106,109,110,242,243,116,117,120,249,250,251,252
256,257,258,259,261,267,11,269,274,22,23,283,158,32,163,40,42,51,58,187,188,192,323,68,69,326,71,202,74,77,205,79,208,81,210,214,86,87,89,88,98,106,235,109,241,244,245,116,252
257,130,5,261,7,264,271,277,151,280,153,282,158,32,163,44,51,182,58,320,68,69,71,75,205,79,80,81,210,84,86,87,88,89,215,93,97,98,100,231,106,109,110,241,242,243,116,117,120,121,250,251,252
257,261,262,7,264,268,270,271,273,277,281,158,32,163,44,178,51,58,317,68,69,71,75,205,79,80,81,210,84,85,86,87,88,89,215,93,94,121,98,97,106,109,110,242,243,116,117,120,249,250,252
259,260,263,264,268,14,271,273,274,277,281,158,32,163,39,44,177,51,313,58,66,68,69,71,200,75,205,79,80,81,210,84,86,87,88,89,215,222,223,98,106,109,241,242,243,116,117,249,123,252,254
256,0,1,259,137,265,267,268,269,276,280,153,281,27,284,158,32,290,291,163,294,170,44,175,51,58,68,69,71,72,74,75,205,79,81,210,86,87,88,89,218,90,247,215,94,98,227,100,101,103,233,106,107,109,116,119
257,258,261,262,7,264,270,271,144,275,277,155,158,32,163,51,58,194,68,69,70,71,200,75,205,79,81,210,213,86,87,88,89,93,98,228,249,100,231,104,106,109,110,242,243,116,117,120,121,250,251,255
261,262,264,270,271,277,278,283,158,32,163,168,51,54,58,191,194,68,69,71,75,203,205,80,81,210,212,84,213,87,86,88,89,92,93,94,95,97,121,98,228,106,109,111,112,242,243,116,117,120,249,250
257,258,260,261,262,264,270,271,277,279,158,32,163,44,51,58,191,68,69,71,75,205,79,80,81,210,84,86,87,88,89,215,120,93,96,97,98,249,104,106,234,109,110,242,243,116,117,246,248,121,250,251,252
7,141,142,144,145,146,147,148,149,154,155,156,157,158,160,161,163,164,293,36,167,296,169,298,172,301,300,303,304,177,306,179,305,180,181,311,308,310,307,309,51,194,208,87,173,302,175
2,135,142,144,145,18,147,148,149,151,154,155,156,284,157,158,160,161,32,163,293,294,166,296,167,298,299,172,170,302,173,175,306,179,180,181,309,183,184,51,58,186,204,205,79,80,209,82,210,87
141,144,147,148,277,149,153,154,155,156,158,159,160,161,162,293,166,167,298,171,172,301,174,303,175,305,306,179,180,177,54,311,310,308,185,51,182,321,193,69,203,209,210,212,87,95,228,114,115
141,142,144,146,147,148,149,150,153,154,155,156,157,158,159,160,292,293,294,167,296,169,298,166,172,301,300,303,302,177,305,306,179,180,310,311,308,307,184,69,170,171,299,174,175
259,9,268,141,142,144,145,146,147,148,149,153,154,155,156,157,158,31,160,161,164,294,166,296,169,298,299,167,170,302,171,48,177,306,172,180,173,174,175,179,181,310,184,187,66,330,79,211
5,141,142,144,272,146,147,148,149,150,152,153,155,156,157,158,160,161,167,296,169,298,299,172,301,300,302,304,177,306,305,180,308,307,179,310,178,51,181,87,170,98,175,127
10,138,141,142,144,147,275,277,148,149,153,154,155,156,158,160,161,292,293,166,167,298,171,172,170,300,303,174,175,306,179,180,181,310,183,312,311,309,51,307,184,191,324,330,87,231,246,249,251
141,142,271,144,147,148,155,156,157,158,160,161,32,292,293,167,296,298,171,172,301,170,303,173,305,306,179,177,181,310,183,311,309,307,180,51,184,191,324,200,330,210,87,174,175
269,142,143,16,145,146,147,148,149,144,22,151,150,152,155,156,28,158,159,32,160,163,164,165,295,296,169,297,298,168,42,302,175,304,178,307,180,308,309,306,184,51,179,187,182,58,63,71,330,208,214,87,244
257,7,10,138,271,144,16,275,147,148,154,155,156,157,158,160,161,32,163,292,166,167,298,172,173,302,303,175,305,306,179,177,180,310,311,312,181,51,58,194,73,329,81,213,87,89,231,106,239,116,249,251
142,144,147,148,149,153,154,155,158,160,161,292,293,37,167,166,298,171,172,170,174,303,175,305,306,307,308,309,179,311,183,181,310,180,51,184,191,324,327,330,210,85,87,88,118,246,177
7,144,273,147,148,149,151,281,154,155,157,158,160,161,32,163,292,293,37,166,167,170,171,172,173,174,303,175,50,179,180,51,181,183,58,186,191,324,327,204,205,76,80,210,85,87,216,99,105,246,118
141,142,143,144,16,146,147,148,149,22,281,155,156,157,158,160,161,163,164,167,296,169,298,297,42,173,302,39,304,177,306,307,180,179,181,55,305,178,51,308,188,190,198,168,87,217,172,175,118
141,142,144,145,146,147,148,149,153,154,155,156,158,159,160,294,295,296,169,298,299,300,297,302,175,304,305,178,306,180,177,174,176,179,51,309,184,192,166,167,206,87,88,171,172
137,141,142,144,146,147,148,149,150,154,155,156,157,158,160,292,293,166,167,296,169,298,295,172,301,302,303,300,305,306,177,308,307,179,311,180,310,178,184,190,87,170,174,175,304
178,5,141,142,144,273,147,148,149,281,154,155,156,157,158,160,161,292,293,167,296,168,298,171,172,170,173,303,300,305,306,179,177,181,307,311,183,309,180,308,51,330,87,98,99,174,175,118
7,265,142,143,144,145,146,147,148,149,153,154,155,284,156,157,158,160,161,293,294,295,296,169,170,299,298,300,302,175,41,297,178,171,180,172,301,174,179,181,51,310,166,167,87,227,100,173,108
256,4,267,142,143,144,145,146,147,148,149,153,155,156,158,159,160,161,294,295,296,297,169,298,299,38,302,175,176,49,178,304,180,172,174,179,309,54,310,315,51,311,330,87,170,92,105,245
142,143,144,145,146,147,148,16,150,151,152,153,22,155,156,284,28,158,160,159,161,32,163,165,294,295,296,169,170,299,300,298,302,175,176,304,178,173,180,51,179,182,184,56,58,63,72,73,205,168,210,87,108
265,141,142,144,146,147,148,149,150,152,153,154,155,156,158,159,160,289,161,294,166,296,169,298,299,172,300,302,303,167,305,306,177,180,178,174,175,179,51,66,87,90,171
7,135,142,144,145,146,147,148,149,16,153,155,156,157,158,160,161,163,164,165,294,295,296,169,298,299,297,301,302,175,167,168,178,306,180,179,307,309,184,181,310,51,330,79,87,170,172,173,174,112
51,141,142,144,147,148,149,154,155,156,158,160,292,293,166,167,295,298,170,172,301,299,303,174,305,177,179,306,308,310,311,309,185,307,180,184,317,320,324,69,200,330,213,87,222,228,175
128,51,142,144,147,148,277,149,153,154,155,157,158,160,161,292,293,166,167,298,171,172,170,174,303,175,306,179,308,309,54,311,183,181,185,307,180,310,184,191,324,325,330,209,210,83,85,87,97
51,141,13,145,146,147,150,151,152,153,22,156,30,158,32,159,35,164,165,294,167,296,169,297,298,300,295,173,303,304,177,306,307,308,309,180,311,184,305,179,37,52,182,64,199,201,330,168,87,88,89,44,45,174,175
3,7,12,141,142,144,147,149,150,151,152,155,156,158,159,160,161,162,34,164,163,32,167,296,169,298,171,172,301,165,168,43,305,306,179,180,307,310,308,181,185,51,182,58,205,210,87,228,111,112,175
142,144,145,146,147,148,149,153,154,155,284,156,157,158,160,161,159,293,294,166,296,169,298,299,172,167,302,175,303,171,306,178,180,181,307,183,309,305,177,179,51,182,310,184,209,87,173,174
5,135,141,142,144,147,148,149,153,154,155,156,157,158,160,164,293,292,167,296,169,298,166,172,301,170,303,171,305,306,179,177,180,310,311,308,181,307,51,184,69,87,222,98,228,231,174,175
256,7,142,143,144,145,146,147,148,154,155,156,157,158,160,161,32,163,164,166,167,295,296,169,297,298,41,173,302,175,303,304,306,180,181,178,311,179,51,58,194,68,71,42,87,88,217,172,116
2,135,141,142,308,144,181,146,147,148,151,154,155,156,157,158,159,160,161,163,292,293,294,167,298,171,172,301,173,303,174,305,306,179,180,175,310,183,311,54,185,51,307,317,184,191,324,69,198,85,87,110,249
134,141,142,16,144,147,275,149,148,150,151,152,154,155,156,158,159,160,32,163,164,292,293,167,296,169,298,165,172,301,166,303,304,305,306,179,177,180,310,311,307,185,308,178,51,182,186,58,168,81,87,231,175
256,1,2,7,142,144,146,147,148,149,153,154,155,156,157,158,32,160,161,163,164,294,38,296,169,298,167,44,172,302,175,173,306,179,180,307,178,181,51,308,61,192,194,82,87,92,93,94,109,112
5,141,142,144,147,148,149,150,153,154,155,156,157,158,160,161,164,293,292,167,296,169,298,299,172,301,300,303,170,177,306,305,179,308,180,311,310,307,309,51,184,166,330,87,171,98,174,175
7,141,142,144,146,147,148,149,155,156,157,158,160,32,161,164,293,165,167,296,169,298,168,172,301,300,303,304,305,306,179,180,308,310,311,177,307,178,181,51,184,69,330,297,170,87,88,173,174,175
10,138,144,16,275,147,148,149,153,154,155,156,157,158,160,161,292,293,37,167,294,166,171,172,174,303,175,177,306,179,307,180,308,183,311,51,184,310,317,191,324,325,327,71,85,87,216,88,246,118,249
129,7,142,143,144,145,146,147,148,149,153,154,155,156,157,158,160,32,161,163,164,294,295,296,169,170,298,297,299,302,175,304,172,178,307,180,173,174,179,184,181,51,311,194,167,330,87,106,112
256,7,265,141,142,144,145,146,147,148,149,153,154,155,156,284,157,158,160,161,33,32,163,294,166,296,167,298,299,172,173,302,175,179,180,181,51,183,58,66,194,68,209,210,86,87,217,108,116
7,141,144,147,148,277,149,151,154,155,157,158,160,161,32,163,292,293,166,167,298,171,172,301,170,303,173,305,306,179,174,175,54,183,311,310,185,180,51,181,58,191,324,325,205,210,83,212,85,87,228
142,146,147,148,277,149,150,151,152,155,156,158,159,162,165,296,169,298,171,172,301,168,303,170,174,306,179,180,178,54,175,50,51,185,61,193,321,196,203,209,212,87,95,97,109,112,114,115,249
7,141,142,143,144,145,146,147,148,149,153,154,155,156,157,158,159,160,161,163,164,294,166,296,169,298,299,297,172,302,175,304,305,178,306,180,307,173,179,184,181,51,194,68,167,86,87,110,112,116
258,262,141,271,144,148,149,150,153,154,155,156,157,158,160,161,163,293,166,167,298,170,172,301,300,303,304,177,306,305,179,180,310,311,312,51,181,184,317,69,200,213,87,89,171,98,173,174,175
4,268,141,142,144,145,146,147,148,150,151,152,153,154,155,156,158,31,160,159,163,165,294,295,296,169,298,299,41,170,302,175,167,177,306,172,180,179,51,182,62,66,166,168,211,87,99,110
269,142,141,144,274,147,148,149,146,23,153,154,283,156,155,157,158,32,160,161,164,166,167,296,169,298,297,42,171,172,174,304,305,178,306,180,307,175,177,179,51,310,187,184,192,326,71,330,208,214,87
256,142,143,144,145,146,147,148,149,155,156,157,158,159,160,161,32,164,294,295,296,169,298,297,299,172,302,167,170,301,306,178,180,309,310,307,184,179,51,330,79,87,88,174,110,175
5,141,142,144,147,148,149,150,153,154,155,156,158,160,292,293,166,167,296,295,298,171,172,301,170,303,174,177,306,305,179,308,310,311,183,307,309,180,51,184,191,330,87,98,175
128,129,130,131,132,133,134,135,136,138,10,140,139,16,275,26,285,286,158,288,290,291,292,37,303,51,54,311,312,317,191,322,324,325,327,71,199,200,81,213,87,88,216,231,239,246,249,122,123,124,125,126,127
256,128,129,130,132,133,131,135,134,136,137,139,267,138,140,144,19,23,285,286,287,288,289,290,291,163,41,49,180,55,319,192,64,66,195,227,101,236,122,123,124,125,126,127
128,129,130,131,132,133,134,135,136,138,139,140,14,271,19,24,285,286,158,288,290,291,166,51,179,54,313,317,320,321,195,200,203,210,212,213,87,222,223,224,228,234,117,122,123,124,125,126,127
128,129,130,258,132,5,134,135,262,131,138,139,140,10,133,271,136,137,275,19,285,286,287,288,158,290,291,36,175,311,200,73,329,204,81,87,89,231,123,237,239,122,251,124,125,126,127
128,129,130,131,132,133,134,135,136,137,138,10,140,139,16,275,26,285,286,287,288,289,290,291,163,37,303,311,312,317,322,324,200,329,73,81,213,87,222,231,123,239,246,122,251,124,125,126,127
256,128,130,131,132,133,134,135,8,137,138,139,140,136,17,274,21,23,27,286,287,32,288,289,161,164,166,42,44,178,55,315,187,188,319,192,63,323,326,71,208,214,92,236,244,122,123,124,127
256,128,130,129,132,131,6,135,136,133,138,139,267,140,134,137,145,23,5,285,286,287,288,289,290,291,163,55,319,192,66,71,201,208,87,217,236,122,123,124,125,126,127
256,129,130,259,132,5,128,131,133,265,138,139,134,135,136,140,144,19,150,284,285,286,287,160,33,289,291,158,288,161,290,32,45,51,317,319,64,66,67,75,76,79,87,227,108,122,123,124,125,126,127
256,128,129,130,132,131,133,135,136,134,138,139,137,13,140,17,23,151,27,285,286,287,288,289,290,291,44,55,58,186,187,319,192,64,63,196,71,76,204,205,80,208,82,216,122,123,124,125,126,127
256,128,130,129,4,131,132,135,133,134,136,139,12,138,140,19,23,27,285,286,287,288,289,34,158,32,290,291,40,42,51,55,187,319,192,323,71,208,214,87,95,244,122,123,124,125,126,127
256,128,129,130,132,131,133,135,8,136,138,139,140,267,134,17,274,23,27,285,286,287,32,288,289,290,291,42,44,55,315,187,319,192,63,71,208,214,236,244,122,123,124,125,126,127
128,129,130,131,132,133,134,135,262,136,138,10,140,139,14,271,16,275,277,151,26,285,286,158,288,290,291,292,165,303,50,51,54,311,312,317,322,324,200,329,73,81,213,87,222,228,231,123,239,122,251,125,126,127
128,129,130,131,132,133,134,135,136,138,139,140,19,23,285,286,287,288,289,158,291,290,39,169,41,51,179,55,213,87,118,122,123,124,125,126,127
128,129,130,131,132,133,134,135,136,137,138,139,140,14,273,19,285,286,287,288,289,158,32,290,39,51,317,320,324,71,199,201,210,213,87,88,222,122,123,125,126,127
128,129,130,131,132,256,134,135,136,133,138,139,140,137,19,23,285,286,287,288,289,290,291,163,51,55,319,192,201,76,87,122,123,124,125,126,127
128,129,130,131,132,133,134,135,136,137,138,139,140,19,277,285,286,287,288,289,290,291,163,51,54,317,318,320,324,69,203,210,83,212,213,87,222,228,231,234,122,123,124,125,126,127
128,129,130,131,132,133,134,135,136,137,7,139,138,140,19,23,285,286,287,288,289,290,291,158,163,169,49,51,55,66,194,87,227,100,233,122,123,124,125,126,127
128,129,130,131,132,133,134,135,136,137,138,139,140,19,23,285,286,287,288,289,290,291,158,32,51,55,319,192,195,210,87,227,122,123,124,125,126,127
128,129,130,131,132,133,134,135,136,137,265,139,7,138,140,280,153,285,286,287,288,289,290,291,158,294,39,45,175,48,51,64,66,194,87,227,100,101,104,233,107,122,123,124,125,126,127
128,129,130,131,132,133,134,135,136,137,138,139,140,277,285,286,158,288,289,290,32,291,43,51,54,317,318,191,320,324,69,198,203,210,83,213,85,87,222,228,231,234,106,110,122,123,125,126,127
128,129,130,131,132,5,134,135,136,133,138,139,140,19,147,277,278,285,286,158,288,289,290,291,51,179,54,320,321,196,203,78,212,213,87,222,223,228,240,117,122,123,124,125,126,127
128,129,2,130,132,131,133,135,136,134,266,138,140,139,285,286,287,288,289,290,35,173,181,55,189,319,70,199,71,201,207,88,217,236,121,122,123,124,125,126,127
256,128,130,129,132,131,133,135,134,136,138,139,140,17,19,23,152,27,285,286,287,288,289,161,291,290,164,44,49,178,55,57,187,62,63,192,64,65,197,208,236,244,122,123,124,125,127
128,129,130,131,132,133,134,135,136,137,138,139,140,14,277,285,286,287,288,289,290,291,163,37,43,51,54,317,191,320,324,198,199,203,210,83,212,213,87,222,228,231,122,123,124,125,126,127
128,129,130,131,132,5,134,135,136,133,138,139,140,7,19,285,286,287,288,289,158,290,51,189,317,320,194,200,212,213,87,222,98,228,231,122,123,124,125,126,127
256,128,129,130,132,131,133,135,136,134,138,139,140,13,17,23,151,27,285,286,287,288,289,290,291,44,55,186,58,187,319,192,64,63,196,71,76,205,204,208,82,122,123,124,125,126,127
128,129,130,131,132,133,134,135,136,137,138,139,140,14,273,19,285,286,287,288,289,290,291,163,293,51,317,191,324,198,71,210,213,87,88,222,118,122,123,124,125,126,127
128,129,130,131,132,258,134,135,136,262,138,139,140,5,133,271,7,10,16,275,26,285,286,287,288,158,290,164,51,194,200,213,87,222,231,123,239,122,251,124,125,126,127
128,129,130,131,132,5,134,135,136,133,138,139,140,266,19,285,286,287,288,289,290,291,53,189,70,199,200,201,213,87,217,222,231,121,122,123,124,125,126,127
256,129,130,128,132,131,134,135,136,137,138,139,140,133,19,23,285,286,287,288,289,290,291,33,158,51,179,55,192,64,87,100,101,107,122,123,124,125,126,127
264,9,277,154,27,158,32,163,292,37,293,171,51,54,313,186,187,317,191,320,193,192,194,324,325,198,327,195,197,199,200,201,202,205,206,207,209,210,83,208,85,213,215,88,216,212,214,87,118,246,249
138,10,266,16,275,26,158,32,163,51,311,312,313,314,187,186,317,189,318,320,191,322,194,324,325,192,199,200,329,201,195,197,202,205,206,207,208,210,209,81,213,212,214,87,215,216,222,231,239,251
138,275,186,43,312,313,314,187,316,317,188,189,320,318,322,194,324,325,198,199,200,329,201,191,192,197,202,328,208,209,210,204,205,213,195,206,207,80,212,214,215,216,222,87,231
264,206,207,277,158,32,163,37,171,51,54,313,186,187,58,317,189,191,320,193,192,194,324,325,198,327,196,195,197,199,204,200,201,202,205,209,210,83,212,85,213,215,88,208,214,87,216,105,118,249
256,2,260,6,267,145,158,287,51,55,312,186,187,315,317,188,189,192,318,322,195,324,196,323,71,200,201,199,319,191,197,202,72,208,209,210,194,205,213,214,206,207,212,87,215,216,236
264,205,206,14,207,277,158,32,163,51,54,313,186,187,314,317,318,191,320,193,322,189,324,325,198,327,199,69,192,194,195,197,200,201,202,209,210,83,212,213,85,215,88,208,214,87,216,222,243,118,249
262,264,138,14,275,277,158,51,54,312,313,314,187,186,317,318,191,320,319,322,194,324,325,69,199,200,327,192,195,197,72,201,202,74,209,210,205,206,213,207,87,208,212,214,215,216,222,228,231,249
10,138,271,16,275,277,26,158,292,303,51,311,312,186,187,317,318,191,192,322,194,324,325,195,199,200,73,329,197,327,201,202,205,206,81,207,208,209,213,210,212,88,216,214,87,215,231,239,246,249,251
256,10,138,11,269,16,274,275,158,32,51,311,312,186,187,315,188,319,192,191,322,323,194,195,326,71,200,329,202,197,199,201,205,206,208,207,209,210,81,213,214,212,216,215,87,231,239,244
256,11,269,23,27,283,158,32,167,40,42,49,51,55,186,187,315,188,189,319,192,191,194,323,195,322,326,71,197,201,202,199,327,70,205,207,208,209,210,213,214,215,87,217,236,244,245,121
256,259,6,12,19,23,158,49,51,55,313,186,315,187,188,319,192,191,66,323,195,322,194,197,199,200,74,201,202,205,206,207,208,209,210,211,212,213,214,215,87,217,216,221,100,230,232,233,235,236,112,245
138,10,271,275,277,152,158,51,311,312,313,314,187,186,189,317,318,320,191,322,194,324,325,198,199,200,329,192,197,72,201,202,205,78,207,210,208,209,213,206,212,81,87,215,216,94,228,231,249,251
264,9,14,271,158,32,163,187,51,54,312,313,314,186,316,317,189,318,320,191,322,194,324,325,69,199,200,327,201,192,195,197,202,205,206,209,210,207,208,213,212,214,87,215,216,222,98,231,243
130,2,132,5,266,138,158,32,167,51,53,54,313,314,187,316,317,189,190,320,191,322,186,324,319,198,199,200,201,194,197,70,202,205,207,208,209,210,213,214,87,215,217,222,223,228,231,121
263,14,24,281,158,32,39,43,51,54,312,313,185,314,316,189,317,190,320,186,322,187,324,69,198,191,200,192,194,203,195,197,199,328,201,209,210,202,205,213,206,207,208,82,212,214,87,215,222,223,216,94,228,241
260,262,134,264,14,277,281,158,163,51,54,312,313,186,187,317,318,191,320,192,322,194,324,325,198,327,200,71,199,195,197,201,202,205,206,207,210,208,209,213,85,80,88,212,215,87,216,243,245,118,246,249
138,18,207,277,158,293,43,51,54,312,313,186,187,317,318,191,320,193,322,192,324,325,198,327,200,199,194,67,195,197,201,202,205,209,210,83,212,213,85,206,88,208,87,215,216,96,228,118,249
256,13,274,281,158,32,163,51,55,313,186,187,314,317,319,192,191,322,195,196,324,326,71,325,197,198,194,76,204,199,79,208,209,210,202,205,213,214,206,207,82,212,87,215,216,200,201
9,19,186,313,314,187,316,189,190,188,320,317,322,195,194,69,318,199,200,201,191,192,197,202,328,204,208,209,210,205,206,213,214,207,212,215,216,87,222,223,228,104,243,117
205,138,206,207,277,208,281,158,32,163,293,51,54,313,186,187,58,317,318,191,320,193,322,189,324,325,198,327,196,199,192,194,195,197,200,201,202,209,210,83,212,213,85,215,88,87,214,216,228,118
256,135,8,138,267,274,158,32,42,51,309,312,186,187,315,188,317,318,192,319,322,191,324,196,326,71,200,194,195,197,76,199,201,202,208,204,210,205,206,213,214,207,209,212,215,87,216,122
264,14,271,148,281,158,163,293,176,51,54,183,312,313,186,187,316,317,318,191,320,189,322,192,324,325,198,327,200,194,195,197,199,201,202,79,80,209,210,205,206,213,207,208,212,214,87,215,216,98,228,118
2,135,281,158,163,38,186,51,54,313,314,187,316,317,189,191,320,193,194,322,324,325,196,199,200,198,201,327,192,197,202,205,206,209,210,207,212,213,195,208,87,215,216,222,223,228
256,7,137,265,23,280,153,158,289,290,291,294,41,45,175,51,182,55,186,187,189,318,319,192,64,66,195,191,194,197,199,200,201,202,205,207,208,81,210,211,209,213,212,87,215,217,218,216,227,100,101,103,233,107,119
264,206,277,158,32,163,43,51,54,189,312,313,186,187,316,317,318,190,320,191,322,314,324,325,198,69,199,192,194,203,75,197,200,201,202,209,210,205,212,213,85,195,207,208,214,87,215,216,222,228,243,249
256,259,265,267,268,144,284,158,31,160,289,41,302,48,51,55,186,187,319,192,191,66,195,194,197,199,200,201,74,202,205,206,79,208,209,207,211,210,212,213,87,215,217,90,216,227,100,101
264,138,18,277,158,292,293,171,51,54,312,313,186,187,317,191,320,193,322,194,324,325,198,327,200,67,197,199,201,202,205,206,207,209,210,208,80,213,85,86,88,212,215,87,216,96,116,118,246,249
204,14,16,277,158,163,168,63,51,54,313,314,187,186,317,318,191,320,193,322,195,196,324,321,325,69,194,192,203,197,199,200,201,208,209,210,83,212,213,205,206,207,87,215,216,223,228,117,202
277,158,32,163,43,187,51,54,312,313,314,186,316,317,318,191,320,321,322,193,324,325,196,199,200,194,192,203,195,197,201,202,205,209,210,206,212,213,207,208,214,87,215,89,216,222,223,228,117
256,6,267,16,145,274,275,23,158,287,51,55,186,187,315,188,319,192,191,322,323,195,196,326,71,194,201,74,197,199,200,202,79,208,209,205,206,207,210,214,81,212,217,213,87,215,216,101,72,236
262,10,138,16,275,277,26,158,32,163,51,54,311,312,313,186,187,317,318,191,320,192,322,194,324,325,195,199,200,329,73,71,197,201,202,205,206,81,207,208,210,213,209,212,216,214,87,215,231,239,251
256,2,137,267,13,280,153,158,290,294,166,170,45,175,51,53,186,59,187,319,64,65,66,195,192,197,191,194,72,68,326,199,201,202,205,79,207,209,208,210,212,213,214,215,87,218,227,100,101,103,233,107,119
264,205,206,24,158,43,54,189,312,313,314,186,316,317,318,191,320,193,322,187,324,325,198,327,196,199,192,194,195,197,200,201,202,209,210,83,204,85,213,215,207,208,212,214,216,87,328,118,249
16,277,208,158,163,168,51,54,313,186,187,61,191,63,193,194,196,325,324,327,197,199,200,201,204,205,202,79,80,209,210,83,206,85,207,87,216,215,212,213,92,89,97,105,109,112,115
7,264,205,138,206,277,156,158,163,43,51,54,313,186,187,317,318,191,320,193,322,189,324,325,198,327,199,200,69,203,192,197,328,201,202,209,210,194,212,213,85,195,207,208,87,215,216,222,228,106,249
138,10,16,275,277,26,28,158,292,303,51,54,311,312,313,186,187,188,317,191,192,322,194,324,325,198,199,200,327,329,195,197,201,202,205,206,207,208,209,210,213,81,87,216,212,215,228,231,239,246,249
128,9,17,19,277,278,158,288,32,168,42,51,314,187,186,191,192,321,194,195,196,323,193,197,328,199,200,203,201,202,206,77,208,205,207,209,210,212,214,213,87,215,216,220,225,232,109,111,114,115,117,120
7,10,138,266,271,16,275,26,158,40,42,303,177,51,311,312,186,187,188,189,317,318,191,322,194,324,325,197,199,200,329,73,71,202,201,205,207,208,81,209,210,212,213,87,215,216,231,237,239,251
257,262,275,277,158,32,186,51,54,312,313,314,187,316,317,318,319,320,193,322,194,324,325,191,199,200,71,192,195,197,198,201,202,205,209,210,206,207,213,208,212,214,89,87,215,216,222,243,249
257,258,260,262,14,158,32,34,163,51,54,312,313,186,187,317,318,319,320,189,322,191,324,192,194,199,200,71,195,203,197,201,202,205,206,207,210,208,209,213,212,214,87,89,215,216,222,223,228,231,248,249
264,24,281,25,158,32,163,186,190,51,54,313,314,187,316,317,318,189,320,193,322,194,324,325,198,196,200,191,192,203,195,197,199,201,202,209,210,205,212,213,206,207,208,214,87,215,216,222,223
277,24,158,32,186,60,51,54,313,314,187,316,317,189,318,320,193,322,194,324,325,321,199,200,201,191,203,192,197,202,205,206,209,210,207,212,213,195,208,214,87,215,216,222,223,228,231
14,18,277,158,159,34,51,54,312,313,186,187,317,318,191,320,193,322,194,324,325,321,199,200,69,198,203,192,197,201,202,205,209,210,67,212,213,206,207,208,215,87,216,222,96,228,231,116,120
256,259,268,23,158,31,163,41,42,48,51,55,186,187,188,189,319,192,191,66,195,196,323,194,197,200,201,74,199,202,205,206,79,208,209,207,211,210,212,214,213,87,217,215,216,99,101,232,124
2,14,271,148,158,32,163,176,51,54,312,313,186,187,316,317,318,191,320,192,322,195,324,196,325,199,200,201,197,198,202,205,206,79,208,209,210,194,207,213,212,214,87,215,216,222
5,14,24,158,186,43,51,54,312,313,314,187,316,317,189,318,320,191,322,194,324,325,198,326,200,199,192,195,197,328,201,202,205,209,210,206,207,213,208,212,214,87,215,216,222,223,94,228
264,277,158,32,51,52,54,313,186,187,317,191,320,193,194,321,324,325,69,199,200,192,195,203,75,197,201,202,205,209,210,206,212,213,207,87,208,214,215,216,94,95,222,223,228,104,120,250
264,9,273,277,281,158,32,51,313,186,314,187,317,318,191,320,193,322,192,324,325,198,327,199,194,197,200,201,202,205,206,207,209,210,83,208,85,213,215,88,216,212,214,87,98,105,118,246,249
262,138,10,266,271,16,275,26,158,32,51,311,312,313,314,186,188,189,317,318,320,191,322,187,324,325,192,199,200,329,73,194,195,197,326,201,202,81,205,206,207,213,208,209,210,212,214,215,87,216,231,239,251
0,3,12,154,158,289,292,37,171,51,186,187,60,317,191,193,322,194,324,325,196,327,198,197,199,201,204,202,200,205,207,209,210,83,208,85,213,215,216,88,212,87,105,246,118,249
10,138,16,275,277,26,158,32,163,43,51,54,311,312,313,186,187,317,318,191,320,193,322,194,324,325,192,199,200,329,195,197,201,202,205,206,207,208,209,210,81,213,212,214,87,215,216,222,228,231,239,249,251
262,135,10,138,140,271,16,275,26,158,32,163,303,51,311,312,186,187,188,317,191,192,322,194,195,197,71,200,73,329,202,199,201,205,206,207,81,208,209,210,213,212,214,216,87,215,91,231,237,239,251
264,206,207,208,158,32,163,292,37,51,54,312,313,186,187,317,318,191,320,193,322,189,324,325,198,327,192,194,195,197,204,199,200,201,202,209,210,83,205,85,213,215,88,216,212,214,87,89,118,246,249
264,207,277,283,158,32,163,37,306,51,54,312,313,186,187,317,318,191,320,192,322,194,324,325,198,327,69,195,197,75,199,200,201,202,205,209,210,83,206,85,213,215,88,208,212,214,87,216,243,118,249
204,264,205,14,277,281,158,51,54,189,313,186,187,314,317,318,190,320,193,322,321,324,325,198,196,194,195,191,203,192,197,199,200,201,209,210,83,212,213,85,206,207,208,214,215,216,87,223,228,202
264,14,277,24,154,158,32,163,292,293,37,171,51,54,183,312,313,186,187,314,317,189,191,320,192,194,195,324,325,198,327,69,197,199,200,201,202,205,206,207,209,210,83,208,85,213,212,214,87,215,216,222,118,249
264,14,277,154,158,32,163,37,293,51,54,183,313,186,187,58,317,189,191,320,192,322,194,324,325,198,327,195,197,199,200,204,201,202,205,206,209,210,83,212,85,213,215,207,208,214,87,216,98,118,249
206,207,208,154,158,32,163,37,171,51,54,313,186,187,317,191,320,193,192,194,324,325,198,327,196,195,197,199,204,201,202,200,205,209,210,83,212,85,213,215,88,216,214,87,105,118,246
256,10,138,267,145,275,25,158,292,37,303,51,311,312,186,187,317,319,191,192,322,194,324,325,197,71,327,199,200,201,202,75,76,205,208,209,207,210,206,213,212,81,216,87,215,91,231,72,246
269,273,275,281,154,158,32,293,39,47,48,51,183,185,186,187,317,191,192,322,194,324,325,198,327,71,196,323,197,204,76,205,199,80,209,210,83,207,85,208,213,216,88,214,215,87,202,105,201,118,246,249
138,10,14,281,158,32,163,37,51,54,312,313,186,187,58,317,318,191,320,193,322,189,324,325,198,327,200,199,71,192,195,197,201,202,205,209,210,194,206,213,207,208,88,216,212,214,87,215,231,118,246
264,14,273,277,281,158,32,163,58,293,51,54,189,313,314,186,316,317,318,191,320,193,322,187,324,325,198,327,199,200,69,192,195,197,201,202,205,209,210,194,206,213,85,207,88,208,212,214,87,215,216,118
256,7,8,269,274,23,283,27,158,32,42,47,51,182,55,314,187,315,188,186,319,192,189,322,195,323,196,326,71,200,191,194,197,199,201,202,205,208,209,207,210,212,213,214,215,87,216,244
256,7,269,274,18,23,282,283,158,32,51,189,312,186,315,187,188,317,318,192,319,322,323,324,196,326,71,200,195,325,191,67,197,199,79,208,209,210,194,205,213,214,207,212,215,87,96,201,202
128,269,16,274,22,23,283,27,32,163,168,42,47,51,55,314,315,187,188,63,319,192,193,191,323,196,195,326,71,321,194,197,199,201,202,204,205,208,209,207,210,213,214,215,87,223,112,114,244,123
262,264,270,15,277,158,32,51,54,312,313,186,187,316,317,318,191,320,192,322,194,324,325,198,199,200,69,195,197,201,202,205,206,207,208,210,209,212,213,214,87,215,216,222,228,231,243,116,120,249
256,2,259,265,267,268,275,158,31,289,41,172,48,51,55,313,186,187,189,319,192,191,66,195,196,194,197,199,200,201,74,202,205,79,208,209,207,211,210,212,213,215,87,217,90,216,227,100,101,232
20,24,157,158,32,43,187,51,54,312,313,314,186,316,189,317,318,320,193,322,194,324,325,198,327,200,199,69,203,191,192,197,201,202,209,210,205,206,213,195,207,208,212,214,87,215,216,222,89,228,249
205,14,277,158,32,163,43,51,54,189,313,186,187,58,317,318,190,320,193,194,322,324,325,198,321,200,69,191,203,192,197,199,201,202,209,210,83,212,213,195,206,207,208,214,87,215,216,222,223,228,234
205,206,16,207,277,158,163,168,171,51,54,185,313,186,187,317,63,191,320,193,321,194,324,325,196,198,327,192,197,203,199,200,201,202,204,209,210,83,212,85,213,215,87,208,89,216,97,228,105
258,5,262,14,271,156,158,32,187,51,312,313,314,186,316,189,190,188,320,317,322,194,318,69,191,199,200,192,195,197,328,201,202,205,206,207,208,209,210,213,212,214,87,215,216,222,223,98,228,231,234,242,117
262,10,138,266,140,271,16,275,26,158,32,303,51,311,312,313,186,187,188,317,318,191,192,322,194,324,325,195,199,200,329,73,71,197,326,201,202,205,81,206,207,208,213,209,210,88,212,214,215,87,216,231,239,251
257,258,135,7,10,11,140,138,271,16,275,26,158,51,311,186,187,188,189,318,191,322,194,195,197,71,200,73,202,329,74,199,201,205,208,81,206,207,210,213,211,209,212,89,87,215,216,231,237,239,251
264,205,277,158,32,43,51,53,54,313,186,187,317,190,318,320,193,322,191,324,325,198,327,200,69,199,192,195,197,326,79,201,209,210,194,212,213,85,206,207,208,214,215,87,216,222,202,243,118,249
264,205,206,207,277,158,32,163,51,54,313,186,187,58,317,189,191,320,193,194,321,324,325,196,198,327,192,195,203,197,199,200,201,202,209,210,83,212,85,213,215,87,208,214,216,223,97,228,120
264,277,208,154,158,32,163,171,51,54,313,186,187,58,317,189,191,192,193,194,195,324,325,198,327,196,197,199,200,204,201,202,205,206,209,210,83,212,85,207,215,87,88,213,214,216,97,105,118,246,249
256,2,259,258,7,265,267,18,19,282,158,51,186,187,188,189,319,192,191,66,323,195,194,67,197,200,201,74,199,202,205,206,79,208,209,207,210,212,213,214,87,215,217,216,96,227,100,101,232,109,112
256,267,145,277,158,287,32,51,54,186,187,315,61,317,319,192,193,322,191,324,196,325,71,327,201,199,194,197,202,200,72,208,209,210,205,206,213,207,87,216,212,215,228,105
2,266,158,32,167,51,53,54,312,313,186,187,189,317,318,320,191,322,194,324,197,70,199,200,201,71,203,202,205,207,208,209,210,212,213,214,215,88,217,87,216,222,223,228,231,117,121
256,9,11,267,269,274,23,283,158,32,42,51,55,186,187,315,188,319,192,191,194,323,195,197,326,71,200,199,202,201,205,206,207,208,209,210,212,213,214,215,87,217,216,236,237,244,245
