196,710,206,208,53,444
471,153,267,43,567,473,154,379
832,33,902,396,496,949,760,669,863
194,195,197,201,753,62
471,153,267,283,567,473,154,379
1062,903,1064,713,571,796,797,862,191
262,743,852,1045,213,278,281
161,109,46,688,340,308,310,347,349
37,267,715,429,1070,380,702
140,177,179,724,147,756,634
139,140,301,177,147,179,57,634,635
140,177,179,147,757,57,634
194,195,197,201,58,62
194,195,197,201,58,62
382,44,177,338,147,56,57,830
706,44,177,338,147,56,57,382
170,493,494,847,211,223
845,316,281,314,860,861
227,228,493,494,847,211,1045
39,40,47,48,79,569,63
39,40,79,48,47,569,63
417,196,1062,713,206,208,571,797
194,195,197,201,62
198,491,492,1044,1047
447,42,90,92,287
99,678,682,268,365,238,175,21
194,195,197,201,912,1048
39,40,47,48,688,120,59,124
39,40,41,47,48,120,59,124
39,41,43,47,48,124
39,41,43,47,48,124
195,643,197,199,809,201,207,62
34,35,140,177,50,724,57,634,638
198,491,492,1044,1047
36,998,166,295,168,204,334
194,195,197,199,207,58,62
228,488,233,493,494,211
170,394,108,109,812,340,346,347,799
192,548,592,593,664,665
420,135,776,845,206,984,985,378
33,902,809,205,760,721,54,888,380
800,801,811,812,109,340,346,799
800,801,170,811,812,109,340,799
178,340,344,345,346,347
194,195,197,199,201,62
870,776,918,984,985,314,1085
354,1072,1073,212,984,222
257,40,73,79,240,659,729,63
257,40,73,79,240,659,729,63
225,228,102,488,233,495
999,681,41,48,310,55,120,1019,575
353,354,453,845,316,317
258,932,264,910,911,336,248,61
6,909,304,117,1022,126
64,583,948,245,152,60,127
225,102,488,233,495
356,106,107,433,436,502,123
96,356,551,106,107,433,436,502
65,103,595,596,597,598,599
164,230,231,264,16,18,1013,413
160,71,46,688,52,59,158,159
320,321,322,326,521,76,77,144,319
72,74,46,52,59,158
580,581,554,972,398,401,564,23,862
71,72,74,46,52,59,158,159
72,74,46,52,59,158,159
353,354,917,316,317,318
224,225,102,776,488,845,495,281,314
776,845,1072,1073,212,984,985,222
192,1059,296,236,1042,595,343,250,127
224,1090,873,906,113,49,404,952,958
108,109,178,344,345,346,347,348,349
322,326,521,76,77,877,144,319
870,1073,918,984,314,1085,222
870,918,984,314,1085,222
227,228,875,493,494,847,211
931,260,198,518,358,363,112
108,178,344,346,347,348,349
414,459,80,445,446,415
384,389,747,751,149,150,862
297,59,75,46,48,854,120,1051
257,964,40,79,306,659,729,63
1088,68,69,718,338,51,31
199,200,620,434,1011,373,374
748,205,751,148,149,150,151
107,203,205,1069,267,567,154,155
912,753,210,723,564,982,764
160,71,72,46,688,52,59
832,103,912,49,210,401,564,351
545,1030,1031,235,977,18,20,987
99,101,939,271,272,84,88
97,939,271,272,85,86,255
98,939,271,272,83,85,255
97,98,939,84,86,87,88,255
98,101,939,83,84,86,88,255
965,939,84,85,87,88
963,100,232,366,84,87,88,89
3,229,38,230,104,14,1014,413
193,740,741,751,755,148,149,150
545,1030,1031,235,977,18,20,987
2,4,13,26,93
420,135,747,206,752,985,829
324,167,457,395,303,209,275,539
324,168,457,169,395,204,303,209,405
672,496,113,435,121,220,669
742,711,565,854,476,477,478
2,4,13,26,91,93
353,354,845,917,316,317
481,243,502,122,123
99,100,101,939,84,88,89
99,101,968,84,85,88,89
609,355,260,358,966,655,246
387,68,69,484,620,338,51
225,228,102,488,233,493
43,47,310,471,120,473,154,124
72,74,46,307,52,59,159
480,484,171,13,17,24,25
321,322,326,521,524,77,144,319
131,615,617,618,45,334,415
160,71,72,688,120,59,158,159
268,365,238,176,596,759,635
128,427,972,942,530,371,370
514,392,137,393,140,335,146,639
331,555,78,1070,338,372,830,927
33,454,136,266,82,187,28,30
129,549,427,972,398,370
196,197,15,208,530,30,29,286
672,621,220,27,28,669,30
672,704,621,220,27,28,669,30
353,868,869,871,872,919,378
356,106,203,107,145,436
935,584,174,175,371,536,606
864,292,751,148,149,150,471,151
645,202,1068,301,19,1013,634,635
0,1,8,9,10,93
203,205,433,145,243,436
32,226,360,873,234,212,956
929,678,682,268,365,238,176,408,410
832,205,145,761,28,30,286
353,868,869,871,872,919,378
353,868,453,871,872,919,317,318
328,173,336,948,245,566
173,175,336,948,566,152,443
64,258,357,294,583,173,245
704,690,1045,213,278,281,314
34,35,140,177,179,147,724,634,636
641,515,516,140,335,626,639
515,299,140,141,301,335,626,724,637
355,260,358,971,655,246
224,845,270,538,281,314
417,1025,196,1062,903,208,53,797
389,111,468,532,699,190,189,862
268,140,301,176,724,635,639
459,80,790,247,445,446
257,79,240,689,659,729,63
33,136,745,266,811,396,397,82,30
451,677,389,39,111,817,468,343,190
1057,194,195,197,809,713,207,239
1057,194,197,201,650,239,207,881
1057,650,107,239,881,313,286
2,4,13,26,91,93
482,237,464,241,465,242,467
389,135,111,143,116,119,829,190
545,932,235,910,911,248,445
160,71,73,688,59,158,159
32,33,496,753,1042,949,23,221
420,135,1065,557,206,985,829
160,72,74,46,52,158,159
64,258,173,336,948,245,566,61
162,932,166,235,399,309,248,444
160,71,46,59,158,159
32,131,617,618,459,45,1038
609,355,260,358,105,586,246,249
36,998,166,295,168,204,334,625
743,520,279,182,183,280,700
700,72,74,182,183,280,59,279
160,71,46,688,59,158,159
167,457,303,209,275
164,165,166,168,169,395,943,624,946
165,295,169,395,943,624,944,946,539
132,133,134,330,399,309,248,826
132,133,134,615,330,399,80,415
163,135,457,204,334,943,303,945
845,281,314,860,861
167,457,303,209,275,539
353,869,872,873,917,317,318
356,1063,106,107,526,436
902,330,109,315,277,309,344,347
868,869,872,873,212,318
1028,37,70,267,429,338,567,154,830
515,516,139,140,301,626,639
515,138,140,301,141,635,639
451,263,264,18,407,30
451,38,263,264,274,282
480,172,813,110,81,17
267,1069,242,466,467,342,567,154,283
909,304,117,630,1022,126
96,481,243,502,122,123
963,100,232,366,86,87,88,89
64,259,583,236,127,152,60,61,31
992,993,418,132,133,134,1000,844,511
520,182,279,280,183,700,575
256,464,465,241,467,242
167,457,303,209,275,539
33,867,387,266,274,403,282
387,266,274,403,441,282,94
453,425,426,499,212,984,378,219
37,422,773,375,185,219,253
64,258,357,294,173,948,245
481,243,502,122,123
322,326,327,40,875,876,319
320,322,325,326,327,319
322,325,326,327,876,319
320,322,325,326,327,876,319
3,38,230,14,282,413,94
199,200,620,373,374,1046,284
200,1001,620,373,374,759,284
835,912,145,210,913,27,30,286
192,353,290,578,168,747,12,16,94
256,390,749,143,466,242,467,285
845,281,314,860,861
453,423,424,425,376,377,252
869,872,425,426,984,378,254,767
224,290,226,361,234,82,726,956
67,261,262,44,142,114,213
585,459,80,247,445,446
585,459,80,247,445,446,415
608,1030,1031,976,18,987,125
320,321,325,326,327,877,319
320,321,322,325,326,327,319
879,753,723,761,764,350,351
425,499,214,215,185,253
455,456,776,777,184,185,253
289,449,291,333,437,1081
225,102,488,233,495
772,773,774,375,218
772,773,774,375,217,218
3,229,38,230,14,282,94
368,471,151,602,603,604,478
6,934,968,268,365,973,85,408
705,706,707,708,337,760,379,703
414,459,80,446,415
352,200,748,749,751,373,374,284
328,49,1042,948,566,312,443,60
583,328,49,948,312,443,60
453,872,425,426,214,215,378
453,872,426,212,214,378,251
320,321,325,326,327,319
452,1031,976,180,181,408,987
320,325,326,521,876,877,319
515,516,140,301,335,626,635,639
414,459,80,446,415
832,33,32,753,723,564,761,925,350
446,459,80,631,414,415
261,262,142,114,917,117,126
868,869,871,872,873,426,378
140,301,724,635,638,639
753,723,982,313,764,350,351
420,711,135,715,206,53,888,985,829
519,265,621,28,121,27,220,670
672,265,621,113,435,121,670
64,258,583,173,336,948,245,566
718,658,851,660,469,534,216,894,895
198,491,492,1044,1047
390,143,242,466,116,276,467
192,258,613,364,404,950,1053
340,344,345,347,348,349
108,109,178,344,345,347,348,349
109,178,344,345,347,349
108,109,178,344,347,348,349
109,178,344,345,346,347,349
453,423,424,425,917,376,377,378,252
868,869,453,872,425,426,378
418,963,1058,363,88,89,255
615,937,938,459,727,399,535,537
867,739,741,750,848,594,595
129,398,910,911,305,370,339,61
805,520,744,651,690,691,660,694
864,153,880,629,760,761,154,379,381,574
140,301,635,638,639
301,302,141,634,635,638,639
700,691,182,183,280,59,279
261,359,7,114,404,987,735
33,610,558,498,531,532,533
496,113,401,435,121,220
170,109,315,724,277,347,606,607
385,867,323,594,595,118,923
68,70,267,429,496,49,441,380
4,13,341,26,93
340,344,345,346,347,348,349
800,801,170,394,812,109,340,347,349
387,995,1001,490,266,431,434,404
963,100,232,366,86,87,88,89
34,139,140,177,147,179,57
864,865,1034,751,1074,758,760,862
480,1,8,171,172,110,24,25
453,423,424,917,376,377,252
453,423,424,425,917,376,377,252
964,453,422,423,424,376,377,252
453,423,424,917,376,377,252
772,773,774,327,375,217,218
868,869,453,872,425,426,378
868,453,422,872,425,426,985,378
610,681,498,531,532,533,55,600
318,353,453,423,917,984,377,1084,222
129,427,972,398,370
385,386,111,118,119,189,190
385,386,389,118,119,189
340,344,345,346,347,349
226,290,167,361,234,956
832,548,652,912,753,401,723,350,351
969,1067,1037,474,1052,990
388,486,487,503,504
739,867,741,740,750,848,754,373
416,417,1025,903,904,1064,796,797
416,417,903,904,1064,54,796,797
903,1064,904,722,886,888,571,796
39,40,79,240,306,343,569,63
96,712,682,526,400,402,95
673,742,902,684,722,854,888,476,478
195,969,396,941,976,496,27,764,30
828,711,479,854,476,478,959
608,1052,527,592,591,1013,374,156,125
129,910,911,305,370,339,1048,61
642,154,267,886,567,153,730,831
832,599,564,598,887,761,350,831
995,1004,1005,1006,431,1007,1010
420,135,845,206,984,985,314,222
515,140,301,635,638,639
34,35,140,301,177,50,1075,57,634,635
385,1061,389,189,118,119,989,190
385,386,389,118,119,189,190
385,389,118,119,189,190
140,301,147,756,757,179,57
140,301,177,147,756,179,635,639
1036,398,758,887,761,570,831
392,393,301,146,635,638,639
182,279,280,183,59,700
672,289,929,329,332,333,1081,27,220
322,166,39,40,327,916,852,406,344
1088,353,771,527,919,630,407,824,701
992,960,736,1000,968,410,511
736,418,419,1058,874,627,662,1017
448,356,396,909,145,436,885,761,762,351
480,11,172,813,110,17,81
418,419,874,654,662,1017,1018
356,106,107,203,436
581,554,403,438,23,441,282
934,551,968,973,408,409
1001,555,715,1069,1035,434,404,1046,855
414,932,459,247,444,445,446,415
106,107,203,205,433,145,436
257,293,39,79,569,306,729,63
106,107,203,205,433,145
384,482,242,467,468,276,862
845,281,314,860,861
845,281,314,860,861
998,1001,458,432,404,853,823,986
36,165,38,166,204,334,945,625
160,71,46,308,52,59,158,159
609,355,260,358,655,246
742,711,471,476,477,478,959
482,620,241,242,465,466,467
934,551,968,238,408,409
192,328,173,948,245,312,443
485,489,11,171,110,273,17
225,228,102,488,233,495
465,242,466,467,241
465,466,467,468,276,242
482,464,241,465,467,242
609,966,967,905,846,475,574,607
833,289,449,519,332,333,1054
584,619,174,175,528,1012,606,607
67,452,965,180,181,408,126
902,331,78,593,888,665,381,862
340,1079,344,345,346,347
267,331,78,338,830,927
96,7,712,359,367,114,735,95
832,549,687,498,531,532,533,923
1024,33,265,1038,528,305,1042,339
33,454,266,397,496,82,30,286
482,464,465,241,467,466
1057,1033,1034,434,1074,1046,759,571,796
1027,483,299,301,465,250,635,381
840,403,438,23,441,282,891
453,454,455,456,424
454,455,424,456,377,219
454,455,456,424,425,377,219
454,455,456,424,425,376,377
613,7,40,364,1069,568,1053
514,392,393,137,146,635
261,262,552,142,281,314,126
97,98,6,366,304,88,89,1050
906,759,434,373,1046,471,440,381
1025,739,867,741,740,750,848,755
802,188,244,22,732,733,383
868,869,453,872,425,426,499,378,252
288,449,450,5,518,333,1054
420,390,135,206,116,985,829
71,42,842,52,411,90,59,412,157
515,140,301,635,638,639
482,464,241,242,467,465
96,678,682,367,400,95
38,230,104,231,202,11,1014,413
865,552,976,113,628,1048,121,670
552,1034,976,113,628,1048,121,670
388,486,487,430,503
11,171,13,17,273,24,25
838,683,717,462,560,758,759,1051
96,678,682,526,244,95
484,645,487,1003,430,1009,369
289,388,645,486,1003,333,1009
928,452,551,240,180,181
1035,855,434,1074,404,1046,951,950
352,1025,740,741,809,749,751,755,148,149
384,482,389,241,242,467,466
164,165,166,168,169,204,334,303
36,165,998,166,295,334,303,1082
36,165,998,166,295,334,275
324,457,204,303,624,209,625,275,944
167,457,303,209,275,539
167,457,395,303,275
352,193,748,205,751,145,148,149
256,482,749,241,242,466,467,468
741,750,751,149,862,191
482,464,241,465,467,242
287,42,651,660,90,92,447
140,301,460,141,635,638,639
513,590,593,665,924,925,350,351
226,360,361,234,502,985,956
1088,68,69,429,51,31
160,71,46,307,308,158,159
97,98,963,101,272,86,88,89
97,98,963,101,271,86,87,88,89
98,963,101,85,86,87,88,89
2,4,13,341,26,91
740,741,711,749,750,755
1025,740,741,749,750,755
1025,740,741,749,750,755
929,577,579,580,581,554,528,1048,570
929,579,580,581,554,528,401,1048,732
322,227,228,233,493,494,847,223
929,577,579,580,581,554,528,401,1048,570
576,674,579,580,581,554
573,844,846,630,791,605,926
574,844,910,846,880,791,792,573,926
907,908,909,846,1071,629,792,732,1022
614,743,660,411,59,412,157,447
907,908,846,1071,629,1022,1048,732,574
1025,739,848,16,754,1013,471,151,473
978,979,505,506,508
992,654,980,505,506,507,508,511
992,654,980,505,506,507,508,511
978,979,505,506,508
449,450,289,833,519,333,437
960,992,980,509,510,511
960,992,980,1016,509,510,511
960,992,980,1015,509,510,511
978,979,505,506,508
384,482,464,241,465,242,276
512,553,589,1041,1043,575
322,325,326,327,521,876,319
1,8,9,11,171,110,17
673,742,711,684,722,888,730
576,577,578,580,581,554,733
742,154,368,602,603,604,478
929,577,579,578,388,528,503,1048
742,368,471,602,603,604,478
742,368,602,603,604,477,478
929,578,577,388,648,528,1048
577,674,579,580,581,554
673,389,742,711,684,189,699,989
673,389,742,711,684,189,699,989
673,742,711,684,717,886,478,959
545,676,677,1066,1067,1037,402,474,1052
167,233,303,213,1045,278,281,314
574,844,791,846,629,630,631,605,926
844,846,880,630,791,792,926,607
449,450,289,291,519,333,437
574,844,846,880,629,791,792,732,926
844,846,880,791,792,793
574,844,846,880,791,792,926
960,844,846,630,793,926,607
574,846,880,791,792,793,926
609,355,966,935,937,661,662,727
934,551,968,238,408,409
992,961,544,960,994,653,654,542
544,961,992,994,653,654,991,542,543
494,847,178,344,345,223
992,961,994,653,654,541,991
387,490,306,403,373,438,441,282,735
736,418,874,661,662,1017
193,930,296,685,720,343
33,867,1060,239,529,530,730,989
577,929,578,842,1003,1009,529,530
446,846,880,629,631,732,574
556,557,558,878,561,563
1057,835,239,207,881,913,572
556,557,558,878,561,563
556,557,558,878,561,563
843,556,557,558,559,561,562,563
683,556,557,558,878,561,563
512,553,589,1041,1043,575
556,557,558,878,561,563
843,556,557,558,559,561,562,563
683,556,557,558,878,561,563
193,930,296,685,720,343
610,834,680,683,556,941,687,561
610,611,612,836,683,558,885,667
192,550,591,592,593,664,665
548,550,590,591,592,600,922
192,550,590,593,664,665
546,548,550,590,665,923,924
546,547,548,549,550,600,923,925
546,547,548,549,550,924,925
546,547,548,549,550,923,925
548,549,591,592,600,922,923,925
296,204,209,404,405,828
997,1004,1005,1006,432,1010,404,1046,828
935,937,938,619,535,536,538
535,937,938,727,536,538
937,727,938,535,536,537
937,727,938,535,536,537
940,941,590,591,592,600,922
512,553,589,1043,575
546,547,548,550,953,924,925
256,1069,242,466,468,276,467,568
865,738,806,1069,855,1074,471,154
866,709,879,762,763
866,709,879,982,762,763
866,709,879,982,762,763
866,709,879,982,762,763
866,709,879,982,762,763
641,515,516,140,335,626,639
515,516,140,301,335,626,635,639
140,301,635,638,639
548,201,305,401,339,1048,351
642,200,204,620,624,946,405,373,1082
193,1027,483,236,301,465,311,381
932,644,933,588,910,911
548,550,590,591,592,600,601,923
737,351,650,716,652,879,725,863
865,738,806,1034,1069,1074,1046,154
716,717,1036,913,914,758,759
716,717,594,595,758,759,831
716,717,594,595,758,759,831
716,717,594,595,758,759,831
192,548,590,593,664,665,925
192,593,594,595,596,597,598
322,326,327,875,876,319
192,593,594,595,596,597,598
868,869,872,873,212,318
832,737,716,596,597,598,599,350
832,737,759,716,596,597,598,599
481,203,243,502,122,123
614,42,46,52,411,59,412,157,159
737,759,595,596,597,598,599
737,546,759,595,596,597,598,599
484,485,489,273,19,1013,342,25
843,556,557,558,683,878,561
512,553,589,1043,575
1036,949,863,760,761,831
723,949,982,887,313,764,351
351,313,912,753,723,761,831
832,949,761,887,982,313,764,62
832,1036,753,723,949,887,761,62,351
647,657,663,728,697,666,667
649,657,658,660,916,728,697,667,731
675,647,680,657,690,915,663,728,666
646,714,690,691,658,915,694,728
649,714,657,690,691,658,916,728,731
1026,743,520,447,842,747,687,700,287
646,714,657,690,658,915,697,667
196,710,201,208,53,761,380,863
582,966,586,588,497,791,732
580,615,616,585,80,247,445,446
960,992,961,653,654,542
960,992,961,994,653,654,542
673,1061,837,711,1063,809,684,886,730,989
680,695,651,686,693,694,663
834,675,610,680,657,658,693,663
675,647,719,693,663,697,1083
746,651,878,558,658,660,667,668
744,746,651,690,658,660,920,668
746,651,556,658,660,920,668
451,263,264,266,621,29,30
131,617,618,45,205,145,433
229,230,231,997,309,413
229,230,231,997,309,413
229,230,231,997,309,413
650,914,692,949,886,887,761,863
805,744,561,690,691,660,658,667
805,744,1034,690,691,660,658,667
615,585,80,247,445,446
515,516,140,301,626,635,639
584,619,1012,606,607
584,619,1012,606,607
833,289,449,291,333,1054
929,388,648,528,598,599,607
545,676,677,229,230,235,819,824,413
472,906,434,471,440,473,379,30
899,836,612,841,667,1020,894,895
899,1065,557,560,563,1020,894,895
870,281,314,1084,1085,222
320,321,322,326,327,521,522,144,319
326,327,521,523,524,525,144,319
326,327,521,523,524,525,144
1057,1036,239,207,881,913,572
675,686,693,694,695,696
675,746,651,560,563,660,693,920,698,668
902,721,722,863,887,888,831
675,680,686,693,694,695,696
615,616,585,330,80,445,446
495,240,79,659,729,63
140,301,635,638,639
140,301,635,638,639
388,486,487,430,503
675,647,719,657,658,697,667
675,719,657,658,691,697,668
1036,717,863,760,761,831
836,714,657,658,663,697,667
832,737,650,652,723,564,350
676,677,527,815,817,823,824
582,586,587,588,846,880,791,574
292,613,1069,434,468,565,1046,759,568
1036,692,949,863,760,761,831
292,568,1069,471,472,473,154
292,440,568,1069,471,472,473
292,568,471,472,473,154
868,869,872,873,318
759,717,1069,565,471,568,473
864,568,1036,692,831,887,760,761,797,863
568,1069,565,471,472,473,26,478
1024,324,39,40,1038,79,310,343,92
320,321,326,327,521,523,525,144,319
675,714,657,693,663,667,731
650,717,914,692,886,699,734
704,705,706,707,708,70,429,702
840,1021,882,1076,1077,885,889,891,893
33,37,331,1070,78,380,381
705,706,707,708,70,429,701,702
704,705,706,707,708,70,429,701,702
226,360,361,234,272,378,956
140,301,635,638,639
140,301,635,638,639
902,684,760,721,722,888,730
865,1033,1034,951,434,1074,855
865,1033,1034,434,1074,855
1029,998,1032,1001,458,1003,1033,432,1009
646,714,690,658,915,728,697,667
647,714,728,915,663,920,697,666
898,901,838,842,884
898,901,838,842,884
898,901,838,842,884
683,556,557,558,878,561
388,486,487,430,503,504
643,837,1063,809,755,886,54,730,989
641,515,140,301,626,634,635,638,639
672,265,621,113,121,220,669,670,671
672,621,435,121,220,669,670
672,621,121,220,669,670,671
672,621,121,220,669,670,671
672,621,435,121,220,669,670,671
97,99,939,85,86,88,89,255
140,301,635,638,639
640,641,140,301,635,636,637,638,639
744,649,714,658,915,916,728,666,731
99,100,101,232,366,85,89
352,741,711,809,748,749,751,721,148,888
582,586,587,588,846,732
676,677,815,817,820,823,824
676,677,816,817,820,823,824
908,909,401,117,1022,121,570,573,126
782,783,784,785,786
900,839,1021,885,983,890,892,893
834,610,900,680,1021,885,889,891,893
772,773,774,375,218,765,766
900,839,1021,1076,885,890,892,893
930,296,685,720,625,343
930,296,685,720,625,343
834,900,840,1021,882,885,889,891,893
930,296,685,720,625,343
900,839,1021,1076,885,890,892,893
899,900,1021,885,1077,889,893
899,900,1021,885,1077,889,893
938,846,880,629,792,732,574
673,1061,837,711,1064,684,886,54,989
846,880,629,792,793,732,574
70,617,618,45,205,1038,1081
782,783,784,785,786
782,783,784,785,786
782,783,784,785,786
782,783,784,785,786
772,773,774,375,217,218,765,766
902,684,721,722,863,888,730,831
805,744,714,657,658,691,915,920
770,772,773,774,375,218,767
770,772,773,774,375,218,767
768,769,772,773,774,375,218
769,770,771,772,773,774,218
382,555,331,78,338,372,830
865,194,902,201,1034,1074,981,887
772,773,774,422,425,375,218
772,773,774,422,375,218
772,773,774,345,375,344,217,218
1056,733,520,528,627,23,508,605
864,865,489,1034,276,981,862
896,836,841,1065,891,894,895
809,759,849,692,886,758,568,734
834,900,840,1021,882,885,889,891,893
746,651,683,660,920,668
782,783,784,787,788,789
782,783,784,787,788,789
650,716,656,914,692,759,760,699,734
322,327,784,786,787,788,789
650,716,914,692,949,760,761
800,801,780,798,799
800,801,780,798,799
800,801,780,798,799
800,801,780,109,349,798,799
800,801,780,798,799
899,836,900,1065,1020,894,895
800,801,780,347,798,799
899,836,1065,1020,894,895
832,737,650,652,564,925,350
610,834,680,687,591,1041,592,887
749,751,149,150,471,472,151,154
257,39,40,79,306,659,729,63
287,42,691,52,90,59,92,447
322,325,326,327,521,876,877,144,319
775,776,777,778,779,984,985,378
775,776,777,778,779,984,985
773,775,776,777,779,985,378
717,831,886,887,761,699,863
281,775,776,777,779,985,378,1085
775,776,777,778,779,985,378
612,1021,1076,1077,885,889,893
900,839,1021,885,889,890,892,893
835,1060,1036,684,913,914,881,758
166,943,624,625,944,1082
839,1021,1076,885,1077,889,890,892,893
900,839,1021,885,889,890,892,893
771,772,773,774,375,344,218
930,166,998,295,679,296,685,399,343,248
899,836,900,1065,1041,1020,894,895
747,651,558,878,752,561,660
1026,747,558,751,752,660,149,150
935,937,938,727,536,537
929,388,648,528,596,599,607
140,301,626,635,638,639
163,166,296,209,404,405,828
896,313,841,1065,697,894,351
898,901,838,842,884
898,901,838,842,884,886
832,652,564,598,887,761,764,350
843,683,558,559,560,561,562
514,392,393,137,301,146,635,639
611,612,675,841,683,660,697
447,42,90,92,287
832,912,753,723,596,597,564,761,351
256,490,718,851,501,469,534
832,687,498,531,533,922
608,68,69,484,718,338,51,989
331,78,338,372,958,311,830
641,515,140,301,626,635,638,639
198,491,492,1044,1047
167,457,303,209,275,539
805,744,1070,657,690,691,660,658
614,447,42,842,411,412,287
166,169,622,943,624,625,945,334
166,169,204,622,943,624,625,945,334
568,1036,831,886,887,760,54,796,863
416,1025,903,904,1064,797
995,807,808,431,1011,1015
995,807,808,431,1011,1016,698
650,1036,656,914,692,887,699,734
344,870,1072,1073,918,984,985,222
140,301,626,883,635,638,639
99,963,101,6,939,84,86,87,88
992,67,358,105,655,246,249
480,11,172,813,110,17,81
352,200,748,749,751,373,374,284
290,226,361,234,170,394,1041,726
290,226,361,170,394,314,726,378
992,6,968,810,973,654,304,540,991
672,265,621,113,435,121,670
1027,267,78,958,311,830
3,390,748,143,241,274,116,282
605,619,653,627,1012,629,733,607
517,301,1075,635,638,639
619,653,846,627,1012,629,732,605
292,1069,434,565,471,568,473,1053
673,902,684,722,888,760,761,863
162,130,653,654,470,790,442,445
677,815,817,818,820,821,823,824
817,818,819,820,821,823,825
64,66,259,236,152,60,127
64,66,259,236,152,127
64,66,294,583,336,152,60,127
162,421,459,399,470,790,1049
67,105,874,654,655,661,662
64,66,259,236,60,127
832,513,547,549,593,665,923,925,350
680,651,686,658,660,693,694,920
695,651,686,658,660,693,920,694,696
162,130,421,399,470,1049,442
162,130,421,399,470,1049
130,653,399,980,470,790,1049,442,507
64,583,127,948,152,88,60,511
200,715,718,851,469,534,1046
200,107,203,718,404,373,374,23,284,221
416,417,903,1064,904,684,989
416,417,1061,903,1064,904,989
68,331,1070,78,338,403,372,380,381
705,706,37,715,429,926,630,1051,701,702
704,706,414,37,70,429,271,818,702
705,706,708,37,70,715,429,703
705,706,707,708,37,715,429
803,804,328,1038,566,510,1055
803,804,328,1038,566,510,1055
705,708,70,267,429,702,703
704,706,387,37,70,267,429,981,702,703
998,715,718,850,851,853,469
802,15,243,22,30,761,286,383
741,490,1069,750,755,469,501,855,534
609,966,967,905,938,846,1017,475
390,392,202,110,81,19,342
5,486,487,430,503
1001,1004,855,849,1046,951,950
746,651,690,691,660,920,698,668
833,289,519,332,333,1054
546,548,550,590,591,592,593,924
580,103,616,585,49,564,598,599,350
1091,998,718,850,851,248
480,172,813,110,81
1035,855,849,1074,950,951
1034,1035,855,1074,404,1046,951
833,289,450,519,332,333,1054
814,817,818,819,820,821,823
527,817,818,819,820,821,823,824
676,816,817,818,819,820,821,823
736,418,874,661,662,1017,1018
817,818,819,820,821,823
817,818,819,820,821,823,826
817,818,819,820,821,823
677,815,816,817,823,825,826
815,816,819,822,825,826,827
646,999,714,690,658,915,916,697
815,816,821,823,825,826,827
649,714,970,658,660,916,728,697,731
815,816,823,825,826,827
676,815,816,820,825,826,827
815,816,820,825,826,827
971,728,658,915,660,916,920,697,667
388,486,487,430,369,503
1060,1061,837,886,989,831
1060,1061,837,942,886,989,831
584,619,1012,606,607
1026,843,556,557,558,683,878,561
416,417,1025,903,904,1064,54,571,797
1030,1032,976,977,857,858,987,990
859,1030,1031,975,976,977,857,858,987
673,1025,742,684,722,854,888,476
388,5,486,487,430,503
388,5,486,487,430,503
935,936,937,938,727,536,537
935,937,938,727,536,537
1001,458,1003,1034,432,1009,855,1016
535,935,936,937,938,727,536
1030,1031,977,857,859,990
817,818,819,820,821,823,824,794,795
795,815,816,822,824,825,794,827,826
608,1030,975,976,987,125,990
1060,1061,837,684,942,886,989
535,935,937,938,727,538
1060,1061,837,684,886,989
931,260,615,937,399,112,627,246
646,714,971,658,915,693,694,728,988
1025,739,740,1062,903,1064,809,713,848,760
839,1021,1076,1077,885,890,892,893
998,718,399,850,851,853,248
900,1021,1076,1077,885,893
258,644,932,933,910,911,336,607
644,933,910,911,605,607
1091,998,432,850,851,853,921,986
418,967,586,587,588,629,732,574
482,72,43,46,688,689,120,59,158
932,648,937,269,1038,528,80,1081
992,978,979,505,506,508
992,978,979,505,506,508
101,934,968,973,974,85,408,540
715,718,851,469,501,534,1046
673,1061,837,711,1063,809,684,942,989
292,773,440,297,906,434,471,472,473
548,550,590,591,592,601,923
204,943,624,625,945,944
166,204,943,624,625,945,944,1082
166,204,943,624,625,945,944,1082
896,1065,841,657,698,1020,894,895
943,624,625,944,946,1082
846,880,627,926,629,732,574
960,992,961,1000,653,654,542,991
960,961,653,654,541,991
960,961,992,653,654,541,542,991
644,932,933,910,911,627
609,355,966,967,584,629,475
609,966,967,584,905,629,535,475
169,943,624,625,944,1082
547,548,549,590,591,592,593,922,923
992,934,551,973,654,974,408,991
129,427,972,398,370
1004,1005,1006,1007,1010,1015
1001,1004,1005,1006,1007,1010,1015,1016
1001,1002,1004,1005,1006,1007,1010
1004,1005,1006,1007,1010
1004,1005,1006,1007,1010
1004,1005,1006,1007,1010
1004,1005,1006,1007,1010
1004,1005,1006,1007,1008,1010,1011
1004,1005,1006,1007,1008,1010
1004,1005,1006,1007,1010
1001,1003,1004,1006,1007,1009,1010
1001,1003,1004,1006,1007,1009,1010
995,1004,1005,1006,431,1007,1010
673,742,711,684,722,888,476,959
651,1036,885,863,760,761,1051,1021,831
99,101,934,551,968,974,85,408,540
934,551,973,974,408,409
891,840,940,941,600,953,954,955
1029,1030,1031,975,977,987,990
1030,1031,1032,975,976,977,987,990
1029,1030,1031,1032,976,977,987
1029,1030,1031,1032,976,977,987
1030,1031,1032,975,976,977,987
1029,1030,1031,1032,975,976,977,987
1030,1031,976,977,987,990
1019,681,298,1043,1076,1077,601,953
929,503,388,648,528,1012,599
583,648,173,948,566,60
750,751,148,149,150,151
992,736,418,874,662,1017,1018
418,419,874,662,1017,1018
1036,949,863,760,761,1051,831
387,1028,331,78,1070,338,372
923,940,600,953,954,955
900,940,601,953,954,955,893,575
960,961,992,653,654,991
961,994,993,1000,653,654,991
992,993,961,994,1000,653,654,991
992,960,993,994,1000,654,542,991
745,428,500,856,187
745,428,500,856,187
745,428,500,856,187
745,428,500,856,187
998,166,330,399,309,822,248,826
1057,1036,913,753,723,881,758,762
745,428,500,856,187
331,78,338,372,958,311,830
2,4,10,13,91,93
331,78,1070,338,372,927
963,99,101,100,968,85,88,89
99,964,101,100,968,939,84,85
99,100,101,965,939,84,87
99,100,101,939,84,85,1050
934,551,973,654,974,408,409
160,71,688,59,158,159
1068,1005,1006,1007,1008,1004,1010
1056,835,650,913,914,881,723,758
96,359,7,114,499,404,759,735
198,491,492,1044,1047
96,678,712,682,367,400
807,808,1002,657,693,1015,1016,697
96,678,682,367,400,95
678,682,526,367,400,402
1032,969,975,976,1080,990
1029,969,975,976,1080,990
1029,969,975,976,1080,990
96,678,682,526,367,402
162,421,399,470,1049
1057,835,239,207,881,913,572
1031,1067,1037,474,1052,990
1067,1037,822,474,1052,990
1067,1037,474,858,1052
610,834,940,941,590,600,601,955
512,553,589,1039,1040,1043,575
1000,619,1012,605,606,607
649,714,658,915,660,916,728,697,731
960,992,961,653,654,542
907,844,908,1071,880,791,698,28,573,1022
907,844,908,1071,880,210,791,28,573,1022
512,553,589,1041,1043,916,728,575
940,941,590,600,601,954,923
940,590,591,953,954,955,889
67,260,105,655,249
644,932,933,937,910,911
838,681,298,14,1043,922,1019
512,1057,589,1039,1040,1043,758,567
992,544,994,543,653,654,991
645,1004,1068,1008,1010,404,1013,374,735
641,515,140,301,626,632,635,638,639
584,619,627,1012,606,607
992,418,1058,874,662,1017,1018
67,260,105,655,497,249
2,4,13,26,93
496,113,435,121,220,669
613,364,951,434,404,855,1053
1091,998,166,399,851,309,248
453,423,424,426,376,377,252
1091,998,718,850,851,853,248
583,328,366,948,566,312,509,510,511
929,395,173,1038,528,1042,948,566,250
517,140,301,635,638,639
928,96,802,526,244,22,95
928,802,937,15,188,383
736,1059,874,661,662,250,1086
289,329,333,401,505,510,1081
1029,969,975,976,1080,990
512,553,589,1043,575
485,489,813,115,342,439
485,489,11,813,110,115,439
480,489,172,813,110,439
485,489,11,110,17,115
480,489,813,110,273,115,371
484,489,11,171,172,110,813,81,115
772,102,488,1072,1073,212,375,222
0,1,4,8,9,11,26
0,1,9,10,172,13,93
0,1,9,10,11,341,26
0,1,8,9,11,26
871,872,425,362,212,919,984,985,378
833,289,450,519,333,1054
449,450,289,519,333,437
844,791,880,497,631,793,732,574
1091,997,998,432,850,851,853,921
390,489,171,813,463,115,439,635
1025,935,937,938,908,1071,1078,118,1022
803,804,648,328,528,566,1055
650,717,849,914,692,699,734
673,1060,1036,684,863,887,758,761,831
99,963,934,939,84,85,88,89
425,378,499,214,215,186
288,289,833,450,518,332,333,401,1023
422,39,743,267,429,338,852,382
1088,68,69,229,267,429,413
646,999,714,690,658,915,916,728,697
96,678,526,367,400,402,95
962,1067,1037,474,1052
160,71,297,75,59,158,159
294,583,236,173,404,60,735
928,96,526,244,22,95
833,289,965,329,332,333,87
681,298,753,594,595,723,664,665,1019
1033,1034,855,849,434,1074,951,1046,759
64,258,357,294,948,245,537
706,708,267,715,718,850,851,855,703
1030,1031,976,977,987,990
72,74,46,307,52,308,59
96,3,229,38,230,104,1014,413
997,229,230,1068,399,432,404,309,413
447,42,660,90,668,157,287
736,992,418,874,661,662
978,979,980,505,506,508,1086
1004,1005,1006,1007,432,1010,404,853,986
228,493,494,847,344,345,223
3,12,14,274,374,282,156,94
996,137,299,140,204,335,724,635,637
417,1025,738,806,903,904,1064,796,797
1089,1090,452,1001,1067,1068,180,474,508
1089,1090,452,1001,1067,49,180,474,508
288,449,450,5,518,519,1011,1016
928,802,383,15,22,188,95
65,103,594,595,597,598,599
33,610,323,623,687,529,433,530
650,330,239,593,594,595,309
166,943,624,625,945,944,1082
257,293,743,40,79,569,729,63
96,678,391,682,526,95
897,898,901,842,884
928,802,678,338,402,22,56,382
928,481,391,243,22,150,122,95
11,171,110,81,17,273,24
