0,1,130,5,133,7,134,138,13,22,282,27,30,32,34,35,37,170,43,44,45,52,54,64,69,198,199,201,88,218,222,95,224,229,230,231,249,233,106,234,232,238,243,121
256,2,261,6,7,266,138,12,269,271,17,275,276,23,28,31,34,37,38,46,56,61,68,69,70,71,73,74,76,79,80,81,84,86,87,88,89,91,219,221,92,224,98,106,236,237,109,116,247,121
2,3,131,132,130,134,136,4,6,9,12,10,16,17,22,24,287,288,289,290,34,293,166,39,167,42,43,172,47,175,50,179,58,187,316,317,63,320,198,327,328,200,220,222,224,226,227,229,233,234,236,238,123
2,3,4,131,6,7,9,11,12,16,17,21,22,23,27,31,32,34,163,37,38,40,42,46,47,48,50,53,55,56,57,315,60,61,67,205,219,221,229,230,233,236,237,240,245,122
0,1,130,5,7,136,13,17,19,20,22,23,27,30,32,33,34,35,36,37,40,43,44,45,47,49,51,52,54,55,57,316,62,64,66,69,199,201,218,220,222,224,229,230,231,233,234,238,243
257,129,3,4,5,260,1,258,9,10,11,12,16,19,22,23,24,281,25,27,28,34,39,42,43,47,55,58,315,317,318,319,63,322,324,198,213,89,223,229,230,233,239,118,122
0,1,2,5,6,9,12,13,17,21,23,27,30,32,37,38,293,43,44,45,50,51,52,54,55,187,62,320,64,66,198,327,219,222,223,224,228,229,230,232,233,234,105,237,238
0,1,130,3,2,5,13,141,15,17,19,20,21,23,281,26,27,30,32,33,163,37,39,42,43,44,45,51,54,313,320,64,66,69,198,222,94,224,225,229,231,233,234,106,238,239,243,121,252
1,4,5,6,7,8,9,10,136,12,16,17,22,23,24,27,35,293,166,167,40,42,43,172,46,47,50,179,53,55,58,187,317,62,63,320,198,199,327,220,222,224,226,234,237,238,239
0,1,2,130,3,5,6,7,8,265,13,142,17,19,20,23,281,27,157,30,289,39,41,42,43,45,175,50,178,52,54,55,58,59,64,66,198,218,222,223,227,230,231,233,238,118
128,1,261,6,5,135,12,13,19,147,23,27,155,30,32,33,37,297,43,44,45,176,51,54,55,182,184,61,63,64,193,66,321,195,203,206,209,215,92,222,224,228,230,232,233,234,109,237,122
0,1,257,3,260,5,258,262,12,13,16,17,19,22,23,27,30,32,33,34,35,37,43,44,52,55,318,63,64,89,218,221,222,224,225,229,230,231,232,233,234,237,238,239
256,257,258,1,260,5,262,267,12,13,19,20,23,30,287,32,33,34,37,295,40,43,44,45,51,52,54,55,318,62,64,66,89,218,221,222,224,225,228,229,230,231,233,105,234,236,237,245,249,122,252,127
0,1,4,5,9,10,138,11,12,14,16,17,22,25,26,27,28,34,42,43,46,54,55,58,59,63,66,73,329,202,81,218,222,224,229,230,231,233,234,237,238,239,251
128,1,0,3,4,261,8,138,12,13,142,16,17,19,21,22,23,27,30,32,33,34,35,37,42,43,44,52,54,55,59,61,63,64,218,92,222,224,227,228,229,232,233,105,109,238,117
0,1,130,3,4,5,11,12,16,17,19,21,22,23,24,26,27,34,39,42,43,47,175,55,63,324,69,207,218,222,223,224,225,227,100,229,230,101,231,233,234,238,239
0,4,5,261,6,9,10,138,12,13,271,21,27,30,32,37,43,44,45,50,51,52,54,55,187,62,64,66,69,198,327,222,224,228,229,230,231,233,234,106,105,237,238,239
0,257,130,3,260,5,262,258,12,13,142,20,26,157,30,32,34,37,39,43,44,174,175,49,50,51,178,54,313,66,324,69,222,224,225,229,230,231,233,234,106,235,237,238,243,249,252
0,1,256,4,5,6,7,267,12,145,19,23,27,287,31,34,38,295,46,47,48,50,53,54,55,56,57,315,60,61,319,64,66,67,72,218,219,221,222,97,229,230,231,233,236,237,238,122
5,7,10,138,12,11,266,13,276,20,23,27,30,160,32,33,292,37,36,43,44,45,303,49,51,52,53,54,59,64,66,73,74,81,84,218,91,221,222,224,228,229,230,231,233,234,237,238,239,246,251
0,1,2,3,4,5,6,7,136,9,10,12,17,18,24,27,293,41,43,47,50,54,55,58,187,59,63,66,198,327,218,220,222,224,226,229,230,231,232,233,234,237,238
0,1,3,4,5,135,10,138,12,11,140,271,16,15,17,275,22,24,26,27,28,34,163,39,42,43,47,55,58,63,73,329,81,223,229,231,233,234,237,238,239,246,251
128,1,0,129,132,261,5,6,7,12,19,278,23,154,27,285,31,162,38,46,48,50,51,53,55,56,57,60,61,63,64,66,67,196,83,215,92,221,224,230,232,105,233,111,240,112,114,117
256,261,263,264,266,267,269,271,273,279,280,281,283,32,41,308,69,75,76,79,80,81,84,85,87,89,248,97,98,104,106,107,109,241,243,117,120,249,123,252,253,254,255
256,130,259,5,261,263,264,267,268,269,141,271,272,273,283,300,305,313,188,68,69,73,74,75,76,77,79,81,84,87,89,92,248,97,98,99,106,107,123,109,127,241,242,243,117,120,249,251,252,253,255
256,257,260,5,262,261,264,267,269,271,273,275,276,279,281,283,32,324,69,73,75,79,81,84,87,89,120,97,98,106,107,109,241,243,245,246,248,249,251,252,253,254
256,257,258,259,8,266,267,269,17,274,276,21,22,27,283,32,166,178,182,187,192,69,326,71,72,73,74,202,76,77,79,80,208,81,84,214,87,216,89,91,92,99,105,109,114,244,245,246,253,254
256,257,258,259,260,5,262,136,267,269,271,274,276,22,283,32,42,305,187,188,192,69,326,71,72,74,202,76,77,330,79,208,81,214,87,89,98,109,112,114,244,245,117,247,248,249,123,253,254,127
256,257,261,264,10,267,138,266,269,271,16,275,276,26,282,51,68,69,198,71,73,74,202,76,80,81,84,86,119,87,88,89,91,92,98,102,103,106,237,109,239,111,243,116,246,247,248,251
256,257,258,259,261,263,7,266,267,268,269,15,276,278,280,283,284,291,68,70,71,72,73,74,76,77,79,80,84,86,87,91,92,247,219,93,95,100,101,105,106,109,111,112,242,116,117,246,119,121,253
256,257,258,260,261,262,264,267,269,271,279,283,32,62,318,324,69,73,75,76,79,81,84,87,89,91,92,120,97,98,106,107,109,110,241,114,243,245,246,248,249,251,252,253,254
256,257,258,259,260,5,262,131,261,264,267,269,271,276,283,310,312,318,322,324,69,71,72,200,74,75,76,77,81,84,213,87,89,120,97,98,106,109,243,245,117,247,248,249,122,253
128,260,261,135,264,263,269,270,277,278,283,69,73,75,76,81,83,84,85,87,88,89,90,91,92,93,94,95,248,97,98,104,105,106,107,109,111,112,114,115,243,117,120,249,250,251,253
256,257,260,261,263,264,266,267,10,138,268,271,269,270,16,275,276,283,292,303,69,73,74,202,75,81,84,87,89,91,120,92,97,98,249,231,107,237,109,239,243,245,246,248,121,250,251
256,259,263,264,265,266,267,268,269,273,276,280,281,283,284,289,41,304,50,308,66,69,72,328,74,76,77,79,81,87,217,89,90,227,100,101,106,107,109,241,243,117,119,252,253,254
256,263,264,265,266,267,269,273,276,280,281,283,284,32,289,41,302,50,182,66,69,72,76,77,79,80,81,87,217,90,91,247,89,98,99,227,101,106,107,109,241,243,119,252,253,254
256,257,263,264,265,267,269,273,274,275,276,279,280,281,283,284,39,47,48,51,185,68,69,70,71,72,76,77,79,80,86,88,89,247,100,106,111,241,243,116,245,117,119,246,121,252,253,254
261,263,264,266,268,269,271,277,282,283,284,190,65,69,325,71,73,74,75,76,80,81,84,86,87,88,89,91,92,120,97,98,100,101,249,105,106,107,109,110,242,114,243,117,246,248,121,252,253,254,255
256,261,264,266,269,270,143,271,273,274,276,277,279,281,26,283,30,32,43,313,320,324,69,75,76,79,81,84,87,89,92,96,97,98,248,249,106,109,110,241,242,243,116,120,121,252,253,254
256,257,258,259,260,261,262,1,266,267,269,13,271,275,276,20,278,22,283,30,32,34,35,36,37,167,44,45,52,318,64,322,199,200,73,74,201,81,88,89,93,229,230,243,244,245,246,248,249,122,251
256,257,258,259,260,5,262,261,265,266,267,269,13,271,20,278,22,283,30,287,32,34,35,36,37,167,44,45,180,52,57,318,64,322,324,71,199,200,201,76,88,89,93,229,230,245,248,249,122,253,254
256,257,258,259,260,5,262,261,131,267,269,271,275,276,278,283,287,295,312,318,322,324,69,72,73,74,77,81,84,213,87,89,98,230,122,108,109,243,244,245,117,247,248,249,246
256,257,258,131,260,261,262,267,269,271,273,275,281,283,34,39,47,48,310,312,185,318,68,69,71,81,213,87,88,89,229,109,111,243,116,245,117,246,248,249,122,251,252
256,257,258,260,261,262,264,266,267,269,271,273,276,278,279,281,283,32,69,73,75,79,81,84,87,89,93,97,98,106,109,241,243,245,246,248,249,251,252,253,254
256,257,258,259,260,261,262,131,264,266,267,269,271,276,283,34,318,322,324,69,71,73,203,76,75,81,84,213,87,89,120,97,98,229,230,109,112,243,245,246,248,249,122,251,253
256,259,260,263,264,266,267,268,270,272,278,280,25,283,31,47,48,65,66,69,72,74,76,80,81,211,87,247,99,100,101,230,232,105,107,123,109,124,241,117,125,119,250,251,252,253,254
260,261,263,264,266,269,270,271,273,276,279,281,283,32,69,76,79,80,81,84,86,87,89,92,96,98,104,105,106,109,110,241,243,116,117,245,248,249,250,251,252,253,254
256,259,265,266,269,276,279,280,283,284,289,41,42,302,50,66,68,69,70,71,72,74,76,77,79,84,213,86,119,87,217,90,91,227,100,101,103,106,107,111,112,116,117,247,121,252,253,254
256,2,259,263,265,266,267,268,269,276,283,284,160,35,36,173,49,53,189,62,69,70,71,72,73,74,199,76,201,79,80,207,81,84,119,88,87,217,91,92,89,97,98,105,109,237,114,247,121,251,253
256,257,258,131,260,262,267,269,271,273,276,283,287,34,51,310,184,318,324,69,68,76,80,81,213,87,88,89,97,229,230,103,122,106,109,243,116,245,117,247,248,249,246,252,254
259,261,263,264,266,267,268,269,272,276,280,31,48,66,69,73,74,75,76,81,211,84,87,89,91,92,247,248,97,98,99,100,101,249,232,105,109,114,115,242,119,120,253,124,125
256,257,264,266,267,269,274,275,276,281,283,32,163,39,42,47,48,185,187,69,326,71,72,330,202,76,77,79,80,208,214,92,105,106,112,114,243,244,245,117,247,121,252,253,254
256,257,258,260,261,262,263,264,267,269,270,271,276,282,283,312,318,322,324,69,73,74,81,84,213,86,87,89,121,98,122,106,109,243,245,246,117,248,249,250,251
256,257,258,261,262,263,264,10,267,266,268,269,271,142,275,276,283,177,323,69,200,73,74,75,76,81,84,87,88,89,91,92,248,97,98,106,107,237,109,239,243,245,246,117,120,249,251,252,254
256,259,263,267,268,272,276,280,31,168,48,66,68,69,70,71,72,74,76,79,80,211,84,86,87,91,247,99,100,101,232,105,106,109,111,114,115,116,117,246,119,125,121,122,124,253
257,263,264,267,269,271,273,279,280,281,283,176,304,308,68,69,71,328,76,77,79,80,81,86,87,88,89,98,100,101,105,106,109,241,243,116,117,118,119,246,245,252,253,254
256,0,259,263,267,268,269,11,142,274,19,276,20,283,157,32,165,39,42,175,178,187,192,66,72,74,76,77,78,79,208,82,83,85,214,90,92,94,96,225,99,102,103,108,109,113,114,244,245,117,118,253
256,257,261,10,267,266,138,269,271,16,275,276,281,26,36,39,172,47,48,312,185,189,68,69,328,73,74,329,202,205,81,209,210,84,87,216,88,215,91,102,237,109,239,243,116,245,246,247,249,251
256,259,7,266,267,268,269,275,276,279,280,283,289,168,68,69,70,71,72,73,74,76,77,79,80,81,84,86,87,91,92,247,219,95,100,101,105,106,109,110,111,116,117,246,119,121,253
128,256,1,261,264,269,277,278,283,68,69,73,75,76,80,81,83,84,85,87,88,89,91,92,93,95,248,97,98,100,101,104,105,106,107,109,111,112,114,115,243,117,116,120,249,252,253,254
128,256,0,1,261,263,264,269,141,19,277,278,281,283,27,185,69,72,73,75,76,80,81,83,84,85,87,89,92,94,95,248,97,98,105,109,111,112,114,115,243,117,119,120,249,252,253
256,0,3,264,265,266,137,269,142,271,273,20,279,281,283,157,162,165,39,170,43,301,175,178,191,68,69,71,72,79,210,84,86,89,91,225,227,249,104,105,106,110,241,243,116,117,245,118,248,121,252,253
261,262,264,266,269,270,271,273,276,277,279,280,281,26,283,32,69,75,79,80,81,84,86,87,216,89,91,92,97,98,105,106,109,241,243,244,117,246,119,248,249,252,253,254
256,257,0,3,133,263,265,137,267,269,142,273,274,275,20,279,281,283,284,285,157,159,165,39,47,175,48,178,69,198,71,72,76,77,204,79,80,85,89,247,223,225,227,124,241,243,245,117,119,118,252,253,254
256,257,259,5,262,263,267,269,271,275,276,279,280,282,283,26,177,65,323,324,68,70,71,200,73,74,76,79,80,81,84,86,87,91,95,100,101,105,106,108,237,109,110,111,116,117,246,247,121,253,254
256,264,266,267,11,269,274,276,283,32,42,307,187,191,192,69,326,71,72,330,202,76,77,79,80,208,213,214,105,106,109,112,241,114,243,244,245,117,247,251,252,253,254
256,130,5,261,264,269,273,279,281,282,26,284,283,32,43,316,191,324,69,198,75,76,79,80,81,84,87,89,248,97,98,106,109,110,238,241,243,117,246,120,249,252,253,254,255
128,129,130,1,132,261,134,135,136,137,138,5,140,133,139,16,19,131,278,281,285,286,287,288,289,290,291,163,43,63,240,117,122,123,124,125,126,127
128,129,130,131,132,133,134,135,136,137,265,139,138,140,285,286,287,288,289,290,291,39,169,42,299,172,173,52,55,66,70,122,123,124,125,126,127
128,129,130,131,132,5,134,135,257,137,138,139,140,133,136,267,258,285,286,287,288,289,290,291,34,295,229,122,123,124,125,126,127
128,129,130,131,132,133,134,135,136,137,138,139,140,5,147,278,285,286,287,288,289,290,291,220,233,122,123,124,125,126,127
128,129,130,259,132,133,134,135,131,137,138,139,140,268,136,276,285,286,287,31,289,290,291,288,41,48,66,86,100,116,121,122,123,124,125,126,127
128,129,130,131,132,133,134,135,136,137,138,139,140,280,285,286,287,288,289,290,291,39,170,59,218,100,101,103,233,107,119,122,123,124,125,126,127
128,129,130,259,132,133,134,135,263,137,138,139,268,140,136,131,285,286,31,287,289,290,291,288,48,66,99,232,247,122,123,124,125,126,127
135,142,144,145,147,148,149,153,154,155,156,158,161,292,293,294,295,296,297,167,299,169,166,302,303,174,177,306,307,308,309,175,311,184,310,179,73,330,170,171,172,251
141,142,144,145,147,148,149,153,154,156,157,158,161,292,293,294,295,167,169,296,299,297,166,302,303,304,177,305,307,308,309,310,174,184,179,330,170,171,172,301,175
141,142,144,147,148,149,150,154,155,156,157,158,160,161,292,293,294,167,296,297,170,299,172,173,302,171,304,305,306,307,308,309,180,310,184,179,181,330,301,174,175
257,258,260,267,142,143,145,147,148,149,153,154,155,156,158,287,292,294,295,296,297,170,299,169,166,302,303,175,168,178,307,308,309,310,174,184,177,179,167,330,89,171,172,110,245,122
141,142,143,144,145,147,148,149,153,154,155,156,157,158,160,161,293,294,295,296,169,297,299,170,167,174,302,172,301,178,307,308,309,180,175,184,177,179,181,330,82,173
141,143,144,145,147,148,149,155,156,157,158,160,161,292,164,293,295,296,297,167,299,294,170,302,303,304,177,305,307,308,309,310,311,184,178,179,180,181,330,169,88,172,173,301,175
141,142,144,145,146,147,148,149,153,154,155,156,157,158,160,161,293,294,167,296,169,298,299,170,172,302,174,304,177,173,307,180,308,309,183,184,178,179,181,310,330,171,175
141,142,143,144,145,147,148,149,153,154,283,156,155,158,160,292,294,295,296,169,170,299,297,167,302,174,175,303,305,307,308,309,180,177,184,310,179,330,171,172,173,126
141,144,145,147,148,149,150,152,153,154,155,156,157,158,160,292,293,294,167,296,169,166,299,300,171,302,175,304,177,305,307,308,309,306,311,184,179,180,310,330,172,99,174
141,144,146,147,149,153,154,155,156,157,158,160,161,163,164,293,294,167,296,169,168,299,171,172,301,302,173,304,305,178,179,180,306,177,183,184,185,181,71,330,297,170,104,175,124
141,142,143,144,145,146,147,148,149,154,155,156,157,158,160,161,164,294,295,296,169,297,299,300,173,302,175,304,177,305,170,308,309,301,179,184,180,181,65,66,167,330,172,255
10,142,145,147,148,149,154,156,158,30,32,35,292,294,295,167,297,296,299,170,173,302,303,175,177,172,307,308,309,180,311,184,310,183,179,52,166,73,330,171,174,237,251
141,142,143,144,145,146,147,149,155,156,157,29,158,160,161,159,164,36,166,295,296,169,297,171,167,299,302,173,304,170,178,307,180,309,308,175,184,179,181,59,318,197,330,208,301,110
5,141,142,143,144,146,147,148,149,154,155,156,157,158,160,161,164,165,294,167,296,169,297,299,300,173,172,302,174,304,305,306,307,308,177,309,178,184,179,180,181,186,330,170,98,175,127
141,142,144,145,147,148,149,150,152,153,154,155,156,157,158,160,292,164,293,295,296,169,297,171,300,170,174,166,304,177,306,305,308,307,309,310,184,179,180,294,167,330,82,172,175
141,142,145,146,147,148,149,153,154,155,156,158,160,164,292,294,295,296,297,170,299,169,167,302,175,304,177,178,307,308,309,310,174,184,180,179,166,328,330,171,172,303
141,142,144,145,146,147,148,149,153,154,155,156,158,160,292,294,295,296,297,170,299,300,169,302,175,304,177,305,307,308,309,174,303,184,310,179,328,167,330,171,172
141,142,144,145,147,148,153,155,156,157,158,160,161,292,294,295,296,169,297,299,300,170,302,175,174,305,177,307,308,309,178,303,184,180,310,179,328,167,330,172
141,142,143,144,145,147,148,149,153,154,155,156,158,161,292,293,166,295,167,297,296,299,171,172,174,303,170,177,305,307,308,309,310,175,184,179,180,330
10,138,140,142,144,145,146,275,147,148,149,23,154,155,156,157,158,160,161,292,167,295,297,169,171,170,172,302,303,173,177,306,174,308,309,310,311,175,49,178,179,180,181,73,330,329,216,231,246,251
187,190,316,189,312,313,186,315,188,317,318,191,320,192,322,323,324,196,198,327,200,328,329,199,202,319,197,201,208,194,204,205,206,213,195,207,216,209,210,212,215,103
268,48,313,186,187,316,317,190,319,192,321,191,323,195,196,324,199,200,201,327,203,204,197,198,207,208,209,194,211,205,213,206,210,216,217,212,214,215,328,202,124,126
317,190,60,313,314,186,316,189,187,191,320,192,188,323,324,325,195,327,200,201,329,199,328,202,319,193,208,194,210,205,206,213,214,207,216,209,212,215,197,326
13,22,30,32,35,37,317,44,52,312,315,188,187,190,191,192,316,322,323,324,196,326,199,328,200,329,201,202,318,319,205,208,209,194,210,213,214,215,195,217,89,197
206,207,162,165,190,188,189,313,314,187,316,317,186,191,320,192,315,323,324,196,198,327,328,200,199,326,204,319,197,201,208,209,194,202,76,213,205,215,216,210,212,214,96
14,314,187,190,312,186,315,316,317,318,191,320,192,322,323,324,188,189,327,200,328,199,329,202,201,319,205,208,194,206,207,209,213,210,212,216,217,215,197
257,156,209,36,164,317,169,190,181,312,186,315,187,316,318,319,320,192,322,323,324,196,198,199,200,328,329,327,203,191,197,201,208,194,202,205,207,213,195,215,81,89,210,211,212,249
207,187,190,316,312,314,315,188,317,318,319,192,186,322,323,324,196,189,199,200,328,329,327,201,191,197,202,208,209,194,205,206,213,214,195,216,210,212,215
26,186,43,313,314,187,316,317,318,319,320,189,322,323,324,190,198,327,200,199,329,328,201,202,191,207,208,194,210,204,205,213,195,206,216,209,212,214,215,197,192,326
28,290,166,171,174,185,186,187,315,316,317,190,192,321,193,195,196,323,324,194,328,201,200,203,204,319,206,191,208,209,210,211,212,205,213,215,68,217,90,95,197,199,114,115,202,125
13,30,32,35,37,44,52,312,186,315,187,189,188,191,192,317,322,323,324,196,195,199,200,329,328,202,201,318,319,207,208,194,205,211,209,213,214,210,216,217,215,89,197,327
317,186,188,189,313,314,187,316,315,190,191,320,192,322,323,324,195,198,199,200,329,328,327,202,326,318,201,208,194,204,211,205,213,206,207,216,209,319,210,212,214,215,197
316,189,312,313,186,315,314,317,190,191,192,187,322,323,324,325,198,199,200,329,328,326,201,318,319,207,208,194,202,205,206,213,195,209,216,210,212,215,94,197
204,135,206,207,317,190,314,186,187,189,316,191,320,321,194,323,196,325,324,327,200,329,201,192,198,319,197,199,208,209,210,202,205,213,195,215,216,212,214,228,328,255
32,53,186,187,316,315,188,317,192,190,322,323,324,196,326,195,200,329,202,328,204,205,327,191,208,209,194,211,206,207,214,210,216,217,319,212,213,215,197,199,201
186,190,313,314,187,316,189,188,319,320,317,322,323,324,325,326,327,199,329,200,201,202,198,191,207,208,209,194,205,206,213,214,210,216,212,215,197,192,65,328
155,156,317,190,307,308,309,313,186,315,316,314,187,319,192,188,322,323,196,324,195,326,328,201,200,199,191,197,330,207,208,209,194,202,205,213,214,206,216,217,210,215,94
10,11,275,26,190,316,189,186,187,188,317,315,191,192,320,322,323,324,325,198,199,200,329,202,327,73,201,319,328,208,194,205,206,207,213,195,209,216,210,212,215,90,197,104
256,257,259,261,263,264,266,267,268,269,271,275,276,280,41,177,54,323,69,200,73,74,75,76,77,81,84,85,87,89,91,92,248,97,98,100,101,107,109,237,241,243,116,246,119,120,249,251,253,255
256,257,261,264,266,267,10,269,268,271,138,16,275,276,277,280,26,282,69,73,74,202,75,81,84,87,88,89,119,91,92,248,97,98,107,237,109,239,243,245,246,247,120,249,251
261,264,10,266,267,138,268,271,269,16,275,276,277,282,283,292,303,48,69,73,74,329,202,75,81,84,87,88,89,91,92,248,97,98,231,106,107,237,109,239,243,246,247,120,249,251
0,3,4,5,8,10,138,12,11,16,275,19,23,27,33,39,40,43,303,54,55,183,58,59,64,66,73,329,74,81,218,91,224,227,229,230,231,232,233,234,236,237,238,239,246,120,251
0,1,2,3,5,8,11,12,15,16,17,21,22,23,26,27,28,33,34,163,38,39,42,43,47,50,54,55,58,59,60,318,63,320,64,69,218,224,225,226,227,229,230,232,233,238,239,252
257,258,3,4,5,262,260,1,9,10,12,14,271,15,17,16,145,18,22,25,26,27,28,161,34,35,289,42,43,47,55,185,58,60,62,63,213,221,222,223,226,229,230,231,234,237,238,239,122
0,1,2,4,5,6,7,135,9,267,12,17,145,19,23,24,27,287,43,47,50,54,55,187,59,63,320,319,66,195,198,72,207,218,221,222,224,226,229,230,231,232,233,234,236,237,238
1,2,5,265,266,19,157,289,35,36,167,41,42,43,173,50,52,53,181,54,58,59,189,66,70,199,71,201,207,88,217,218,222,227,230,231,233,238,119,121
0,3,4,5,6,7,10,11,12,16,17,276,22,23,24,26,27,28,34,39,40,41,42,43,47,51,55,314,58,191,63,80,88,219,223,231,232,233,237,239,246,247
0,1,3,4,5,7,10,138,12,13,17,20,22,23,27,30,32,33,34,35,36,37,40,43,44,45,49,51,52,54,55,57,62,64,66,199,218,219,222,224,229,230,231,232,233,234,237,238,239
0,4,5,6,7,10,138,12,140,16,26,27,31,163,37,38,42,43,46,48,50,53,54,55,56,57,60,61,66,67,73,329,81,218,219,221,222,229,230,231,233,234,236,237,238,239,240,251
0,1,4,5,6,9,265,11,12,267,13,19,20,21,23,27,32,34,37,40,42,43,44,45,47,50,51,54,55,187,317,64,66,323,198,327,222,224,228,230,231,234,236,237,238,244
0,1,2,3,4,5,6,7,9,12,144,146,23,24,40,42,43,46,52,180,55,313,187,59,317,63,64,66,195,211,84,216,91,219,222,224,102,231,232,233,230,234,236,237,238
0,1,130,5,269,13,17,20,21,23,26,27,30,32,33,36,37,40,42,43,44,45,51,52,54,55,316,62,191,64,66,324,69,198,222,224,228,229,230,231,105,106,234,237,238,241
0,1,3,4,5,10,138,12,13,271,17,20,21,23,27,30,32,33,34,36,37,43,44,45,177,51,52,54,55,64,66,323,200,222,224,228,229,230,231,232,233,234,105,237,238,239
128,1,2,3,5,12,13,17,19,20,21,23,27,284,30,159,32,33,37,40,43,44,45,304,51,52,54,55,190,62,64,66,198,88,222,224,225,228,229,230,231,233,105,234,237,238,110,121,255
128,1,0,261,5,12,15,16,17,19,21,22,23,26,27,28,32,33,162,42,43,44,51,54,55,63,64,66,85,218,92,222,224,228,229,230,231,233,234,237,238,240,117
0,1,2,4,5,6,7,8,11,12,17,19,21,149,23,22,27,28,31,163,38,42,43,46,47,48,50,52,53,54,55,56,57,60,61,63,66,67,218,219,221,222,224,230,232,233,236,237,238
0,1,3,4,5,6,7,9,12,15,16,17,274,19,22,23,24,26,28,290,39,42,43,50,308,54,55,59,187,63,66,328,203,218,220,222,224,226,227,229,230,231,232,233,234,236,237,238
0,1,130,3,4,5,136,11,12,15,16,17,22,24,26,27,28,34,39,41,42,43,47,54,55,313,63,66,69,205,218,220,221,222,223,229,230,231,232,233,238,239
0,1,3,4,5,135,10,138,12,11,140,15,16,17,275,22,24,26,27,28,34,163,39,42,43,47,55,58,63,73,329,81,93,223,229,231,233,234,237,238,239,246,251
0,1,257,130,260,5,258,262,12,13,271,16,17,19,22,23,27,30,32,33,34,35,37,42,43,44,52,54,55,63,64,89,218,222,224,225,229,230,231,232,233,237,238,249,122
128,1,130,3,132,5,9,10,12,16,17,273,19,18,22,23,288,289,34,43,304,305,308,54,58,59,188,63,66,69,328,218,222,224,225,98,229,230,231,233,234,238,241,117,123,252,127
0,1,3,132,5,6,7,9,10,12,142,271,17,275,21,23,24,27,30,34,40,43,45,47,50,54,55,58,187,59,62,320,66,69,198,218,219,222,224,226,229,230,231,233,234,238
0,1,130,3,5,6,7,10,11,13,142,15,17,22,23,27,29,30,32,34,35,37,43,44,45,52,309,54,320,64,66,69,198,199,201,330,88,218,219,220,222,229,230,231,232,106,238
0,1,2,5,266,13,21,23,27,30,32,33,290,35,36,37,43,44,173,45,51,52,53,54,55,189,66,70,199,71,201,207,88,217,222,224,228,230,231,233,234,237,238,121
0,130,3,4,5,9,10,11,12,14,16,17,22,24,25,26,27,28,32,34,37,39,41,42,43,47,55,58,315,191,63,324,198,223,224,225,229,231,233,234,106,238,239
0,1,2,3,4,5,11,12,15,16,17,22,26,27,28,289,161,163,34,37,38,39,168,41,42,47,48,55,313,185,58,316,317,60,63,191,65,66,324,198,223,225,233,238,125
0,1,3,5,8,265,9,11,12,269,16,17,21,22,23,26,283,27,28,32,289,34,33,39,42,43,47,52,55,59,63,64,66,218,222,227,229,230,231,232,233,237,238,253
0,1,3,5,6,135,133,265,138,9,12,10,16,17,19,20,23,279,27,157,289,290,162,39,41,42,170,43,301,175,54,55,59,64,66,218,91,224,227,229,230,231,233,234,236,237,238,122,253
2,3,4,5,135,8,10,138,12,11,16,145,275,23,33,292,37,40,43,46,303,54,55,58,59,64,66,73,74,207,81,218,91,221,227,229,230,231,232,233,237,238,239,246,251
0,1,2,4,5,7,265,12,15,16,17,149,22,23,26,27,28,289,38,39,41,42,43,47,52,54,55,56,59,63,64,66,218,227,100,230,231,232,233,236,237,238,239
0,1,130,2,3,5,7,8,9,12,17,21,23,24,27,33,37,38,43,50,54,55,58,187,59,63,320,64,66,198,204,82,218,219,222,224,226,227,229,230,231,232,233,234,238
0,1,130,2,5,7,135,138,10,16,17,145,22,23,26,27,30,289,37,39,42,43,305,54,55,58,59,188,63,64,66,216,218,222,224,98,229,230,231,233,234,237,238,244,123,127
128,1,0,3,261,5,7,8,11,12,15,16,17,19,22,23,26,27,28,34,163,39,42,43,47,54,55,58,59,61,63,320,66,218,219,222,224,225,227,228,229,230,231,232,233,234,238
128,1,0,3,261,5,8,12,15,16,17,19,21,22,23,26,27,28,33,34,39,42,43,54,55,59,63,64,66,215,218,221,222,223,224,227,229,230,231,232,233,238,110,117
0,257,1,3,260,5,131,12,142,15,16,17,22,23,26,27,28,287,288,34,39,295,42,43,47,309,54,55,63,66,330,218,220,221,222,224,225,229,230,231,232,233,236,238,122
1,4,5,10,138,12,266,13,16,20,23,27,32,33,163,37,43,44,45,303,51,54,55,59,64,66,73,74,329,81,84,218,91,222,224,225,228,229,230,231,233,234,236,237,238,239,251,254
128,1,0,4,261,6,5,135,12,13,19,147,23,27,155,31,32,33,37,43,44,176,51,309,54,55,182,184,63,64,66,195,203,206,218,91,92,221,222,224,228,230,232,233,234,235,236,237,115,122
0,1,130,2,5,133,7,8,9,10,11,12,16,17,18,26,27,30,37,38,39,170,43,42,45,54,55,58,59,62,66,69,218,222,224,227,229,230,231,233,234,106,237,238
0,1,130,3,2,5,134,135,8,11,12,16,17,145,23,282,27,26,30,33,39,42,43,54,58,59,320,64,66,69,198,218,222,224,227,229,230,231,232,233,106,234,238
0,130,5,138,13,271,20,26,27,30,32,33,36,37,43,44,45,47,49,51,52,54,55,313,316,317,191,320,64,66,69,198,215,222,224,228,230,231,105,234,106,233,237,238,239,235,243,121
0,3,4,5,263,9,10,11,12,269,16,17,18,276,22,24,25,26,34,39,41,42,43,47,48,55,313,314,58,316,190,191,320,63,65,324,69,198,222,223,226,229,233,234,238,239
0,1,128,5,11,12,143,16,15,17,19,20,22,23,26,27,28,30,288,33,34,163,39,42,43,52,54,55,185,58,59,63,64,66,218,222,224,229,230,231,233,238,122,125
0,1,3,5,6,7,11,12,13,19,20,21,23,27,30,32,289,37,39,42,43,44,45,47,50,51,308,54,55,60,64,66,328,79,218,222,223,224,228,230,231,233,234,237,238,122
0,2,130,5,6,7,135,13,145,26,29,30,285,31,32,37,165,39,38,41,42,43,46,48,306,50,52,53,56,185,57,59,60,61,63,64,191,67,198,208,83,214,219,221,222,95,234,106,236,110,238,240,252
0,1,3,5,6,9,12,13,15,17,21,23,27,32,34,37,40,43,44,50,51,54,55,187,64,66,198,327,218,222,224,225,229,230,231,233,234,236,237,238,239
1,6,7,9,10,138,11,140,16,22,28,31,160,163,37,38,168,42,46,48,50,53,56,57,60,61,63,64,67,327,329,73,81,84,219,91,221,224,231,236,237,239,240,251
0,1,2,4,5,135,136,9,10,138,12,16,145,22,25,26,27,28,37,40,42,43,54,55,58,59,63,66,198,73,74,81,218,222,224,230,231,233,234,237,238,239,246,251
0,130,2,3,5,133,7,135,8,12,145,19,20,23,284,29,30,28,157,289,290,33,37,39,42,43,175,54,55,313,59,64,66,198,213,218,224,227,230,231,232,233,108,238,124,126,127
1,3,4,9,10,11,12,138,14,271,15,16,18,22,24,25,26,28,34,39,40,42,43,46,47,54,55,58,63,200,329,73,202,81,223,226,228,231,233,234,237,239,251
128,1,2,0,5,6,135,12,13,19,147,23,155,32,33,37,294,43,44,176,51,309,54,55,182,184,63,64,321,66,195,323,196,201,206,209,217,218,92,222,224,228,230,232,233,105,234,237,115,122
0,1,2,5,7,13,23,279,27,284,29,32,33,162,37,166,42,170,43,45,44,174,51,52,54,55,56,184,59,64,65,66,67,324,68,70,80,218,92,222,224,230,103,104,105,233,234,107,237
0,1,130,4,5,10,11,12,16,17,23,281,26,27,34,39,43,47,305,54,55,58,59,188,66,198,329,90,218,222,223,224,98,229,230,231,232,233,234,237,238,239,118,121,123,127
1,3,4,5,10,12,13,271,20,21,23,27,30,32,33,36,37,43,44,45,47,177,51,52,54,55,63,64,66,323,200,222,224,228,229,230,231,232,234,237,238,239
0,1,2,3,132,5,130,128,136,12,13,17,21,23,27,30,32,33,163,37,38,42,43,44,51,54,55,59,62,64,66,69,218,222,224,225,227,229,230,232,233,234,237,238,241
5,10,138,140,11,12,266,16,13,20,21,26,30,32,33,36,37,40,43,44,45,51,52,54,55,62,64,66,73,329,74,81,91,222,224,228,229,230,231,105,234,237,238,239,246,251
128,1,0,2,3,261,5,135,12,142,16,17,145,19,20,27,285,157,291,39,43,175,178,51,54,55,58,59,63,66,83,85,218,92,222,223,224,227,229,230,231,233,105,234,238,240,117,118
128,1,0,130,5,261,12,13,145,19,20,285,30,32,33,36,37,40,43,44,45,51,52,54,55,62,63,64,66,85,92,222,224,228,229,230,231,233,234,105,108,237,238,240,117
1,4,5,134,7,10,138,140,12,16,275,22,26,27,35,292,166,43,303,179,54,55,58,59,63,66,73,329,74,81,218,91,222,224,226,230,231,233,234,237,238,239,246,251,126
128,1,0,2,5,8,11,12,15,16,17,19,21,22,23,24,26,27,28,34,163,39,42,43,54,55,58,59,63,64,66,218,92,224,227,229,230,231,232,233,105,237,238,117
0,2,5,265,266,10,12,13,20,21,23,27,30,32,33,36,37,39,167,40,42,43,44,45,49,51,52,53,54,55,317,190,62,64,66,69,70,199,71,198,88,222,224,228,229,230,231,105,234,106,237,110,121
0,1,2,3,4,5,8,9,11,12,14,16,17,19,21,22,23,25,26,27,29,32,39,41,42,43,47,55,58,63,65,66,218,222,223,224,94,230,231,232,233,237,238
256,261,263,264,266,269,271,276,277,278,283,69,72,73,75,76,77,80,81,83,84,85,87,89,91,92,93,248,97,98,104,105,106,107,109,111,112,114,115,243,117,246,120,249,252,253,254
261,264,266,267,269,270,273,276,279,280,281,283,32,289,41,316,192,324,69,72,76,79,80,81,84,87,89,91,94,97,98,106,109,110,241,243,117,246,247,248,249,252,253,254
256,257,258,260,261,262,267,269,271,275,276,278,283,34,168,297,43,312,318,68,69,70,71,73,79,213,86,89,93,225,121,100,229,230,106,111,241,243,116,245,117,248,249,122,251
256,261,264,265,138,268,269,271,275,276,282,283,177,323,69,200,73,74,75,76,81,84,87,88,89,91,92,248,97,98,101,105,106,107,237,109,243,246,247,120,249,251,252,254
256,261,264,266,267,269,142,273,277,279,283,32,165,168,41,174,51,69,75,76,79,80,81,86,87,88,89,97,249,103,104,106,108,109,241,243,116,117,246,120,121,250,252,253,254
2,261,264,265,266,268,269,283,284,35,36,167,173,53,189,324,69,70,71,199,72,201,75,76,207,79,81,84,87,88,217,89,248,97,98,249,105,109,110,117,119,120,121,253,254
256,257,261,263,264,266,267,269,273,276,279,281,283,285,160,32,49,324,69,72,76,79,80,81,84,85,87,89,120,225,98,106,237,110,109,241,243,117,246,245,248,252,253,254
256,259,131,263,264,265,266,267,268,269,138,273,280,283,284,289,165,168,41,174,50,66,69,71,72,76,77,79,80,87,217,227,100,101,106,109,127,112,241,243,117,245,119,122,252,253,254,255
256,263,264,266,269,270,273,275,276,277,279,281,283,30,32,165,39,174,47,48,186,316,68,69,70,71,72,76,79,80,86,92,121,105,106,241,243,116,117,246,247,249,252,253,254
256,257,260,261,263,264,10,138,266,267,140,271,16,269,270,275,276,26,292,48,69,73,74,329,202,75,81,84,87,89,91,248,97,98,231,104,106,107,237,109,239,243,246,247,120,249,250,251
130,5,261,264,265,266,11,269,273,276,277,279,281,283,32,43,313,316,324,69,70,73,75,79,80,81,84,87,89,248,97,98,249,105,106,109,238,241,243,117,120,121,252,253,254
256,257,261,264,10,138,266,268,269,271,275,276,280,26,282,283,37,69,70,72,73,74,202,76,75,81,84,119,87,89,91,92,248,121,97,98,106,107,237,109,239,115,243,246,247,120,249,251,254
128,261,263,135,264,138,269,271,273,277,278,283,289,178,69,73,75,76,79,81,83,84,85,87,88,89,92,95,248,97,98,104,105,107,109,127,111,112,241,114,115,243,117,118,120,249,122,252,253,255
256,257,258,259,263,135,265,266,267,268,269,271,276,279,280,283,40,177,182,323,68,70,71,200,73,74,76,77,79,84,86,87,89,91,95,99,100,230,105,106,237,110,111,241,243,116,245,117,247,121,250,251,253,254
256,257,259,261,263,264,266,267,138,268,269,271,16,275,276,283,69,72,73,74,329,76,77,202,75,81,84,87,88,89,218,91,247,92,248,97,98,106,107,109,237,243,246,119,120,249,251,253,254
256,130,5,261,264,269,273,276,279,281,283,284,157,32,43,324,69,198,72,73,75,76,79,81,84,85,87,89,248,97,98,105,106,109,110,241,243,117,246,120,249,252,253,254
256,257,8,266,267,269,17,274,276,21,280,283,27,164,166,40,41,42,182,68,69,70,71,72,76,77,79,80,84,85,86,87,91,92,95,98,99,100,105,106,111,112,244,245,117,247,116,121,253,254
130,5,264,269,276,277,279,280,282,283,26,284,43,68,69,70,71,72,76,79,80,84,214,86,87,89,95,121,100,101,105,106,110,111,241,243,116,117,246,119,249,252,253,254,255
256,257,258,261,264,265,266,267,12,269,271,279,280,283,167,68,69,70,71,72,73,74,76,79,80,81,86,87,88,95,100,101,105,106,110,111,241,242,243,116,117,246,121,252,253,254,255
128,261,262,269,272,276,277,278,279,280,282,283,68,69,70,71,72,75,76,77,79,80,83,85,86,87,90,92,95,100,101,105,106,109,110,111,112,114,115,116,117,247,120,121,250,253
256,257,258,260,261,262,267,269,271,276,283,297,312,318,324,69,68,70,71,73,76,79,81,213,86,87,89,95,121,100,230,122,105,106,111,243,116,245,246,247,248,249,117,251
256,259,261,263,264,265,266,269,142,276,280,282,283,284,32,165,168,174,182,324,69,70,71,72,75,76,77,79,80,81,84,119,87,89,91,248,97,98,99,105,106,107,109,241,243,247,120,252,253,254
256,257,258,260,261,263,264,10,138,267,266,268,271,270,269,16,275,276,172,180,312,189,69,73,74,202,76,75,81,84,87,89,91,92,248,121,97,98,106,109,239,243,246,247,120,249,250,251
256,2,135,265,266,267,269,274,147,276,275,281,283,284,155,32,39,41,42,297,47,176,305,309,182,184,323,195,196,71,72,74,76,77,206,79,80,208,90,91,101,112,115,245,117,119,122,252,253,254
261,264,266,269,270,141,273,276,277,279,281,283,42,43,298,68,69,70,71,72,79,81,84,85,86,87,88,89,121,98,105,106,109,241,243,116,117,246,247,248,249,252,253,254
256,257,258,260,261,262,7,267,269,271,273,275,276,280,281,283,41,297,43,47,194,324,69,68,70,71,76,79,86,89,95,121,100,229,249,101,105,106,110,111,241,243,116,117,245,247,248,246,122,253
256,257,8,9,266,267,269,274,275,276,21,22,283,32,164,166,40,187,188,68,70,71,72,73,74,76,77,79,80,81,84,86,87,91,121,99,100,106,111,244,245,246,247,116,117,253,254
256,257,258,259,260,262,267,269,271,274,275,276,22,281,283,32,39,47,48,185,187,315,71,72,74,76,77,87,89,221,101,114,244,245,117,247,248,249,122,253,254
256,257,258,259,1,262,8,266,267,269,13,271,142,274,276,20,22,23,283,27,30,32,35,36,37,167,40,44,45,52,64,71,72,73,74,199,76,77,200,79,80,201,88,89,99,101,244,245,247,249,253,254
256,257,258,259,260,262,267,269,271,274,276,22,281,283,32,289,297,178,187,315,192,326,71,72,73,202,76,77,79,208,213,87,89,114,244,245,247,248,249,122,253,254
256,257,258,259,260,262,266,267,269,271,274,276,22,283,32,34,312,315,187,192,69,326,71,72,202,76,77,79,208,213,214,87,89,114,243,244,245,248,249,122,253,254
256,257,258,260,262,6,7,9,266,267,269,14,276,283,31,32,289,40,46,47,48,178,50,53,56,57,60,61,67,68,71,72,73,74,76,77,84,86,89,91,221,121,106,112,240,244,245,246,247,248,249,117,116,253
256,257,258,259,265,266,267,269,142,271,274,276,283,32,40,168,42,177,187,192,323,69,326,71,200,73,74,202,76,77,330,208,81,84,214,87,89,218,91,98,237,109,114,244,245,246,251,253
256,257,261,8,265,266,267,264,269,17,276,21,23,27,283,284,164,166,40,42,178,182,188,69,70,71,72,198,73,75,76,77,79,80,81,84,87,89,248,97,98,99,109,243,244,245,246,120,249,253,254
256,257,258,8,266,267,269,271,17,275,276,21,279,280,283,164,166,40,178,182,188,324,68,70,71,72,73,76,77,79,80,84,86,87,91,95,121,99,100,105,106,110,111,244,245,246,247,116,117,253,254
256,257,258,259,260,131,262,261,264,266,267,269,276,27,283,40,42,188,322,324,69,71,72,73,76,77,79,81,84,213,87,89,94,97,98,230,109,244,245,247,248,249,122,253,254
256,257,0,261,8,264,266,267,269,17,275,276,19,21,23,283,27,164,166,39,40,178,182,188,69,71,72,73,76,77,80,81,84,87,89,91,120,94,98,99,109,243,244,245,246,247,248,251,253,254
256,257,261,8,266,267,138,269,142,271,17,274,275,276,21,23,283,27,289,164,166,40,168,46,178,182,188,69,71,73,74,76,77,80,81,84,87,89,91,98,99,109,237,244,245,246,247,248,122,251,253,254,127
256,257,261,262,8,264,266,267,269,142,271,17,275,276,21,283,166,168,178,182,188,192,69,71,72,73,74,75,76,77,79,80,81,84,87,89,91,94,248,97,98,99,109,244,245,246,247,120,249,251,253,254
256,257,259,261,264,266,267,10,269,268,271,16,275,276,283,188,69,73,74,329,76,77,202,75,80,81,84,87,88,89,91,92,248,97,98,107,237,109,243,244,245,246,247,120,249,251,254
256,257,258,259,260,261,262,264,267,269,271,283,34,42,43,318,322,324,69,71,72,73,74,75,81,84,213,87,89,91,120,97,98,229,230,109,244,245,246,248,249,122,251,253,254
256,259,263,265,266,267,268,272,276,280,284,31,168,48,66,68,70,71,72,74,76,77,79,80,211,84,86,87,91,92,247,99,100,101,105,106,107,109,111,116,117,125,119,121,124,253
256,257,258,1,265,266,267,269,13,271,273,18,20,22,283,27,30,32,33,34,35,36,37,167,42,43,44,45,52,57,64,322,67,324,69,71,199,200,201,86,88,89,96,229,106,110,241,117,245,121,251,252,253,254,255
256,128,261,6,263,264,265,266,267,269,283,289,41,42,302,50,182,57,66,69,71,72,74,76,77,80,81,84,85,87,217,90,247,92,89,98,99,227,101,105,109,111,112,114,117,119,248,253,254
256,257,258,259,260,131,262,261,264,266,267,269,14,271,283,34,317,318,322,324,69,71,72,73,76,81,84,213,87,89,94,97,98,229,230,106,109,245,117,247,248,249,122,253
128,256,261,263,264,269,271,277,278,283,63,69,73,74,75,76,77,81,83,84,85,87,88,89,91,92,93,95,248,97,98,104,105,107,109,111,112,114,115,243,117,120,249,250,252,253,254
258,259,264,265,266,269,276,277,278,280,283,284,32,289,41,302,50,66,69,198,72,74,76,77,79,80,81,85,87,217,90,91,92,247,89,227,101,105,106,109,111,112,241,243,117,119,252,253,254
256,257,258,259,260,261,262,131,264,267,269,270,271,275,276,283,312,313,318,322,324,69,73,81,84,213,86,87,89,90,97,98,106,108,109,241,243,245,117,247,248,249,122,251
256,257,261,264,10,266,267,269,271,16,275,276,283,54,69,73,74,202,75,80,81,82,84,87,88,89,91,92,248,97,98,249,231,107,237,109,239,243,244,245,246,247,120,121,251,255
256,257,261,8,266,267,269,17,274,276,277,21,23,283,27,164,166,40,42,49,178,182,188,189,65,68,69,71,72,73,329,76,77,79,80,208,81,84,86,87,88,91,99,105,109,244,245,246,247,116,253,254
256,257,8,9,266,267,269,275,276,21,280,283,32,164,166,40,187,68,70,71,72,73,74,76,77,79,80,81,84,86,91,247,121,99,100,105,106,237,111,243,244,245,246,119,116,117,253,254
256,257,263,8,9,266,267,269,274,276,21,280,283,32,164,166,40,178,187,192,65,68,70,71,72,73,202,76,77,79,80,208,86,119,91,92,99,105,106,109,112,114,244,245,117,247,116,121,253,254
256,257,261,134,264,10,138,266,269,271,16,275,276,282,26,283,46,303,66,69,73,74,329,202,75,81,84,85,87,88,89,91,92,248,121,97,98,231,106,107,237,109,239,243,246,247,120,249,251
256,257,259,261,263,8,264,266,267,269,17,276,21,23,280,283,27,164,166,40,178,182,69,70,72,73,74,75,76,77,79,80,81,84,87,89,91,248,97,98,99,105,109,243,244,245,246,247,120,249,253,254
256,257,261,264,266,267,10,269,271,16,275,276,51,66,69,73,74,202,76,75,80,81,84,87,88,89,91,92,248,97,98,100,101,249,103,106,109,110,239,243,246,120,121,251,255
256,257,258,131,260,261,262,264,266,267,269,270,271,275,276,283,309,312,318,322,324,69,73,74,330,75,81,84,213,87,89,120,97,98,106,109,243,245,117,247,248,249,122,251,253
256,259,263,266,267,268,272,276,279,280,283,284,31,168,48,176,65,66,68,70,71,72,74,76,79,80,211,86,87,91,92,247,99,100,101,105,106,109,111,116,117,125,119,121,124,253,254
256,266,267,269,274,275,276,281,283,284,287,32,39,42,47,51,187,316,69,326,71,72,76,77,79,80,208,85,214,119,88,92,96,97,114,244,245,117,247,246,252,253,254
2,5,265,266,267,269,276,21,282,283,35,36,42,173,51,53,184,189,324,69,70,71,199,201,76,207,80,79,81,84,87,88,217,91,97,103,105,106,109,110,241,116,117,246,121,253,254,255
256,257,264,266,267,269,271,273,276,279,283,165,168,174,324,69,68,70,71,76,77,79,80,85,86,87,95,121,100,105,106,109,110,111,241,243,116,117,246,245,248,249,252,253,254
128,261,264,269,276,277,278,283,68,69,73,75,76,80,81,83,84,85,86,87,88,89,91,92,93,95,248,97,98,104,105,107,109,111,112,114,115,243,117,116,120,249,252,253,254,255
256,257,5,261,264,267,269,273,276,279,281,282,283,43,51,324,69,68,72,76,79,80,81,84,85,87,88,91,103,106,109,110,111,241,243,244,117,246,247,116,249,252,253,254
256,261,265,9,269,13,274,276,278,283,32,168,187,192,68,70,71,72,326,202,76,77,79,80,208,83,85,86,90,92,100,105,106,109,111,112,114,115,244,117,245,116,121,253,254
256,257,0,1,261,264,10,138,267,268,266,271,140,16,141,275,276,269,19,281,26,27,292,303,69,73,74,329,76,202,75,81,84,87,89,91,93,94,248,97,98,102,107,237,109,239,243,246,247,120,251
256,257,258,259,260,262,267,269,270,271,275,276,282,283,168,51,312,316,318,66,69,200,80,209,81,84,212,86,213,87,89,88,121,225,103,106,109,243,245,246,117,248,249,122,251
256,257,258,259,260,131,262,261,264,267,269,271,275,276,280,310,318,322,324,69,73,74,75,81,84,213,87,89,91,120,97,98,100,106,109,243,245,246,248,249,122,251,253
256,257,260,261,262,263,264,266,267,269,270,273,276,279,281,283,32,69,75,79,80,81,84,87,89,120,248,97,98,106,109,111,241,243,245,117,247,246,249,251,252,253,254
256,135,9,267,12,269,273,17,276,279,281,153,283,284,32,296,42,177,187,68,69,326,71,72,70,76,77,79,80,208,86,214,225,229,230,101,233,106,105,111,241,116,117,245,247,244,121,252,253,254,255
256,257,9,266,267,11,269,10,271,275,276,22,283,32,42,301,51,187,326,71,73,74,202,76,77,80,81,208,84,87,88,91,92,102,103,105,237,114,244,245,246,247,251
264,265,266,269,270,274,276,279,280,283,284,301,188,189,192,68,69,70,71,72,329,76,77,79,84,86,87,247,95,121,100,101,105,106,107,110,111,112,243,116,117,119,249,252,253,254
264,266,269,272,273,276,277,279,280,283,36,68,69,70,71,72,74,76,77,79,86,87,92,95,121,100,101,104,105,106,109,110,111,112,241,243,116,117,246,249,122,252,253,254
259,261,263,264,267,268,269,272,276,280,284,31,297,48,178,66,69,72,74,75,76,77,79,81,211,84,87,88,89,91,92,247,97,98,99,100,101,232,107,109,114,115,125,119,248,124,253
256,257,258,259,260,261,262,135,8,266,267,269,271,17,274,276,21,23,283,27,156,164,36,166,169,304,178,181,182,187,318,69,71,76,77,79,80,208,81,87,89,98,99,109,243,244,245,248,249,250,253,254
256,257,0,1,261,264,266,267,269,141,271,273,19,276,277,279,281,283,27,157,32,62,69,79,81,87,89,92,120,94,98,104,105,106,109,110,241,243,117,246,245,248,249,122,252,253,254,255
256,257,259,261,264,266,10,268,267,138,271,269,16,275,276,283,69,73,74,329,202,75,207,81,84,87,88,89,91,92,248,121,97,98,231,107,237,109,239,243,245,246,247,120,249,251,254
256,259,261,264,265,267,269,142,274,276,280,281,283,284,32,165,168,174,69,326,72,73,74,75,76,77,79,80,81,84,85,87,89,247,248,97,98,106,109,112,241,243,245,119,120,252,253,254
256,257,258,259,260,131,262,4,267,269,276,280,283,284,34,297,309,310,312,318,322,324,68,71,72,74,76,77,79,213,86,89,247,225,100,101,230,104,107,112,116,245,119,248,249,122,253,254
256,257,258,259,262,8,267,269,274,276,21,23,280,283,32,166,40,178,51,187,60,71,72,202,76,77,79,80,208,119,88,89,225,99,101,230,244,245,246,247,248,249,122,253,254
256,257,259,263,265,266,267,10,269,271,275,276,280,283,40,182,68,69,70,71,72,73,74,76,77,79,81,84,86,87,89,91,95,99,100,105,106,109,237,110,111,116,245,246,247,117,121,251,253,254,255
256,128,261,266,269,272,276,277,21,279,280,188,61,189,63,68,70,71,73,329,76,79,80,83,84,85,86,87,92,93,95,97,228,100,101,104,105,106,234,109,110,111,112,244,117,246,116,120,121
2,265,266,269,280,282,283,35,36,167,168,43,173,53,189,324,69,70,71,72,73,199,198,76,68,201,79,207,86,87,88,217,92,95,121,100,105,106,110,111,116,117,246,249,251,253,255
256,257,258,130,261,264,266,269,270,271,273,276,279,280,281,26,283,282,32,324,69,198,72,76,77,79,81,84,85,87,89,98,106,109,241,243,116,117,246,248,249,252,253,254
256,259,261,263,264,266,267,268,269,272,275,276,280,26,31,48,66,69,72,73,74,75,80,81,211,84,119,87,89,91,92,248,97,98,99,101,102,232,109,125,246,247,120,249,251,124,253
257,260,261,262,263,264,266,267,269,270,271,16,18,275,276,24,282,69,73,74,202,76,75,80,81,84,87,89,91,120,248,97,98,100,101,105,107,109,111,243,244,245,246,247,117,249,250,251
257,261,264,266,269,270,271,272,273,276,277,279,280,283,68,69,70,71,76,79,86,87,95,100,249,101,122,104,105,106,110,111,241,242,243,116,117,121,250,252,253,254,255
128,261,264,267,269,142,273,277,278,279,283,165,168,51,69,72,73,75,76,80,81,83,84,85,87,88,89,91,92,95,248,97,98,103,104,105,106,109,111,112,241,243,117,246,120,249,253,254,255
256,257,259,261,264,10,266,267,138,269,271,16,275,276,280,26,303,318,320,66,69,73,74,329,76,202,75,77,80,81,84,85,87,89,91,94,248,97,98,237,109,239,243,116,246,247,120,249,251,253
256,257,0,3,260,262,263,264,137,267,268,269,142,271,273,20,279,280,281,283,157,291,39,175,178,69,76,204,86,89,225,227,100,101,230,106,235,109,124,241,242,243,114,117,245,118,249,252,253,254,255
256,257,259,263,264,265,266,267,11,269,273,274,276,279,281,283,284,32,42,305,307,186,187,192,69,326,71,72,330,202,76,77,79,80,208,214,87,89,106,112,241,114,243,244,245,119,252,253,254
256,259,262,263,135,265,266,267,269,274,147,23,280,279,283,155,165,294,297,176,309,182,184,195,196,69,323,71,72,68,76,77,206,79,80,86,92,101,105,106,109,112,241,114,115,116,117,119,121,122,252,253,254
256,261,264,266,269,270,271,273,276,280,283,32,43,316,69,72,73,75,79,81,84,86,87,89,92,94,248,97,98,105,106,107,109,110,241,243,116,117,246,120,249,251,252,253,254
259,263,264,135,267,268,269,273,274,278,279,280,281,283,196,69,68,72,79,81,85,86,87,88,89,92,97,100,101,106,109,241,114,115,243,117,118,119,116,123,252,253,254
256,257,261,264,266,10,138,267,140,271,16,269,275,276,281,26,292,39,303,47,48,185,69,73,74,329,76,202,75,81,84,119,87,89,91,92,120,97,98,231,107,237,109,239,243,246,247,248,249,251
256,257,260,261,264,10,266,267,138,269,271,16,275,276,26,283,46,69,73,74,329,202,75,81,84,87,88,89,91,92,248,97,98,231,107,237,109,239,243,245,246,247,120,249,251
256,264,265,266,267,269,276,283,284,289,41,42,50,51,66,69,70,71,72,73,74,76,77,79,80,81,84,87,88,217,91,227,103,106,109,112,241,243,246,119,248,121,252,253,254,255
128,261,264,269,276,277,278,22,283,69,72,73,75,76,77,81,83,84,85,87,89,91,92,93,94,248,97,98,104,105,107,109,111,112,114,115,243,117,247,120,249,250,252,253,254
256,257,8,266,267,269,273,17,276,21,22,279,283,27,32,166,42,178,182,187,192,65,69,326,71,72,202,76,77,79,80,208,81,84,214,87,91,92,99,105,106,109,112,114,244,245,117,247,253,254
256,261,264,265,266,267,268,269,273,274,276,279,281,283,32,167,42,69,70,71,73,75,76,77,79,80,81,84,87,88,89,248,97,98,249,106,107,109,110,241,242,243,117,246,120,121,251,252,253,254,255
256,257,258,131,260,261,262,5,263,264,267,269,270,271,276,283,27,34,312,318,322,324,69,76,81,84,213,87,89,97,98,229,230,122,106,109,243,245,246,248,249,250,251
128,261,133,263,264,269,271,277,278,279,284,162,170,301,69,73,75,76,81,83,84,85,87,89,218,92,93,94,95,248,97,98,100,101,104,105,107,109,111,112,114,115,243,117,120,249,250,255
128,256,261,264,267,269,277,278,283,284,324,69,72,73,75,76,79,80,81,83,84,85,87,88,89,91,92,120,97,98,101,105,106,107,109,110,111,112,241,114,115,243,117,248,249,252,253,254,255
261,264,269,270,273,275,276,279,281,26,283,284,32,43,69,75,76,79,81,83,84,86,87,89,91,248,97,98,249,105,106,107,109,241,243,116,117,246,120,121,252,253,254
256,259,263,264,265,266,269,274,276,279,280,283,284,32,289,41,302,50,66,69,72,74,76,77,79,80,81,84,87,217,89,247,90,98,227,101,106,107,109,112,241,114,243,119,252,253,254
256,257,258,131,260,261,262,264,267,269,270,271,275,276,283,310,312,318,322,324,69,75,81,84,213,87,89,120,97,98,229,230,106,109,243,245,246,247,248,249,122,251
256,257,258,260,261,262,267,269,271,272,18,276,279,280,282,283,67,324,69,68,70,71,200,76,79,84,86,87,89,92,95,96,121,100,101,230,105,106,110,111,243,116,245,117,247,248,249,246,252,253
256,257,258,260,262,10,267,269,271,16,22,26,283,34,43,312,58,318,63,322,324,69,71,200,72,73,81,213,87,89,225,229,230,106,109,241,243,245,117,247,248,249,122,253
256,257,258,131,260,261,262,264,267,269,271,275,276,150,283,318,322,324,69,73,75,76,81,84,213,87,89,91,120,97,98,122,106,109,243,245,246,247,248,249,117,251
256,257,258,259,260,1,262,267,269,13,271,276,20,22,283,30,32,33,34,35,36,37,167,44,45,52,318,64,322,69,199,72,200,74,201,119,88,89,93,101,230,229,106,241,243,245,117,247,248,249,122,252,253
256,135,265,10,267,266,271,275,276,147,23,280,155,294,297,176,309,182,184,195,196,68,323,71,72,73,74,70,76,77,206,79,80,81,84,86,119,91,92,100,101,105,106,237,111,112,115,116,117,246,247,121,122,251,253
256,257,259,261,264,10,267,138,266,11,271,268,269,16,275,276,280,26,283,303,69,73,74,329,76,202,75,81,84,87,88,89,91,92,248,97,98,231,107,237,109,239,243,246,247,120,249,251,254
256,257,261,264,266,267,269,270,271,142,273,18,21,279,283,165,168,43,51,67,68,69,200,75,76,80,209,81,212,84,87,88,89,92,96,121,97,98,103,105,106,109,110,241,117,246,245,248,249,252,255
256,257,258,259,260,261,262,131,264,267,269,271,283,287,34,295,312,318,322,324,69,73,81,84,213,87,89,98,229,230,106,109,241,243,115,245,248,249,122,251
256,257,258,128,259,261,262,264,267,269,278,283,287,295,324,69,72,73,75,76,79,81,83,84,85,215,87,89,88,91,92,248,97,98,230,105,107,109,111,112,114,115,243,117,245,120,249,253,254
256,257,259,261,8,264,266,267,269,17,276,21,23,27,283,284,287,164,166,295,40,42,178,182,324,69,70,71,72,75,76,77,79,80,81,84,87,89,97,98,99,230,105,106,109,244,245,119,248,253,254
256,257,258,259,260,261,262,131,267,269,271,276,283,287,34,295,41,312,318,322,324,69,71,72,76,81,84,213,87,89,91,98,101,230,109,243,245,117,247,248,249,122,253,254
256,257,258,259,261,264,10,267,266,138,269,271,16,275,276,280,287,295,69,73,74,329,76,202,75,81,209,84,119,87,89,91,120,92,97,98,230,107,237,109,239,243,245,246,247,248,249,251
256,257,258,259,260,5,262,261,264,267,269,271,273,276,279,281,283,287,32,295,66,69,76,79,81,84,87,89,98,230,106,107,109,112,241,243,245,117,247,248,249,252,253,254
256,257,258,259,260,261,262,264,267,269,271,276,283,287,34,295,312,318,324,69,73,81,84,213,87,89,96,98,229,230,109,241,243,245,117,247,248,249,122,252,253,254
256,257,258,259,260,262,264,267,269,273,276,279,280,283,295,169,49,311,188,189,68,69,70,71,329,76,79,86,87,89,95,121,100,230,105,106,111,241,243,116,245,246,247,248,249,117,252,253,254
256,257,258,260,261,262,267,269,271,273,275,281,283,34,39,297,47,48,310,185,318,324,69,68,70,72,71,79,86,87,89,121,100,229,230,105,106,111,241,243,116,245,117,248,249,122,252,253,254
256,259,261,263,264,265,267,11,269,271,273,274,276,279,280,281,283,284,32,69,72,75,76,77,79,80,81,84,87,89,247,248,97,98,106,109,241,243,245,117,119,120,252,253,254
256,0,1,264,266,269,270,271,141,273,19,279,281,283,27,41,43,68,69,70,71,72,76,79,86,88,92,94,100,249,105,106,110,111,241,243,116,117,246,121,122,251,252,253,254,255
257,262,263,264,267,269,273,276,279,281,282,283,32,51,66,69,75,76,79,80,81,84,86,87,88,89,91,120,97,98,101,105,106,109,241,243,117,245,247,248,249,246,252,253,254
256,259,261,263,267,268,269,272,276,280,284,31,48,51,66,68,69,71,72,74,76,79,80,81,211,84,86,87,88,91,92,247,99,101,103,232,105,107,109,112,114,116,125,246,119,124,253
264,266,269,270,273,275,276,279,280,281,282,283,289,39,41,188,189,68,69,70,71,72,73,329,76,79,84,86,87,91,223,95,121,100,105,106,110,111,241,243,116,117,246,247,249,251,252,253,254
256,257,266,10,267,268,271,275,276,277,279,280,168,311,313,68,69,70,71,73,74,329,76,77,79,81,84,86,87,89,91,92,93,95,100,105,106,237,109,110,111,243,116,245,246,247,117,121,251
256,257,263,265,266,267,9,269,12,271,274,276,279,283,156,32,42,187,65,68,69,326,71,72,70,76,77,79,80,208,84,86,214,92,101,105,106,109,111,112,114,244,245,117,247,116,121,253,254
256,261,263,264,269,146,276,277,278,283,166,178,311,318,320,195,69,72,73,74,75,76,80,81,83,84,85,87,88,89,90,92,95,248,97,98,100,101,105,107,109,111,112,114,115,243,117,120,249
256,257,258,131,260,261,262,264,266,267,269,271,275,276,277,283,310,322,324,69,71,73,75,81,84,213,87,89,92,120,97,98,249,104,106,107,109,243,117,246,245,248,121,122
256,257,258,259,262,8,267,269,17,276,21,280,283,164,166,40,178,182,68,69,70,71,72,74,76,77,79,80,81,84,86,119,87,89,91,95,99,100,101,230,105,106,110,111,244,245,116,247,117,121,253,254
256,130,260,261,264,269,270,273,279,281,283,284,32,46,306,69,75,79,81,84,85,86,87,89,95,248,97,98,106,107,109,241,243,116,246,119,120,249,252,253,254
130,5,264,11,269,270,271,275,276,279,280,282,283,26,165,168,43,174,324,69,198,68,70,71,76,79,81,84,86,87,91,95,121,100,105,106,111,241,243,116,117,246,249,252,253,254
256,259,261,263,264,267,268,269,271,276,277,278,283,288,69,73,74,75,76,81,84,85,87,88,89,91,92,120,97,98,100,101,249,104,105,107,109,111,112,114,115,243,117,246,119,248,116,252,253,254
256,257,258,8,265,266,267,269,271,17,274,275,276,21,22,23,283,27,32,164,166,40,178,182,187,192,69,326,71,72,73,74,202,76,77,79,80,208,84,87,91,99,237,114,244,245,246,251,253,254
256,258,261,263,264,11,268,269,273,274,279,281,283,32,182,69,71,72,75,76,77,79,80,81,84,87,89,92,98,99,101,105,106,109,241,114,242,243,117,245,119,248,252,253,254
256,261,267,269,271,143,272,277,278,279,280,282,283,68,69,70,71,72,76,77,79,83,85,86,87,247,92,93,95,97,121,100,101,104,105,106,109,110,111,112,114,115,243,117,246,116,120,249
256,5,133,264,269,271,276,279,280,26,283,284,165,168,170,174,68,69,70,71,72,76,79,80,84,86,87,218,92,121,100,105,106,110,111,241,243,116,117,246,247,249,252,253,254
256,264,265,266,9,269,146,274,276,279,283,284,32,42,187,68,69,70,71,72,326,330,202,76,77,79,80,208,214,86,92,105,106,110,241,114,243,244,245,117,247,116,121,122,252,253,254,255
128,261,263,264,269,277,278,283,162,290,166,174,184,321,65,68,69,72,76,80,81,83,84,85,87,215,88,89,91,92,95,98,101,103,105,107,109,111,112,114,115,243,117,125,119,248,249,253,254,255
259,261,263,264,267,268,269,276,278,280,283,68,69,72,73,74,75,76,77,79,80,81,83,84,85,86,87,88,89,92,248,97,98,101,105,109,111,112,114,115,243,117,116,119,120,249,252,253,254
256,257,259,261,263,8,264,266,267,269,17,274,276,21,23,280,154,283,27,164,166,305,178,182,69,71,72,75,76,77,79,80,81,84,119,87,89,248,97,98,99,105,109,241,243,244,245,117,247,120,249,253,254
260,263,264,267,268,269,141,273,276,280,283,32,165,168,300,174,48,51,179,69,76,77,79,80,81,86,87,88,89,100,101,230,103,233,106,107,109,110,241,243,117,246,119,249,252,253,254
256,259,261,263,264,266,267,268,10,138,271,269,16,275,276,26,283,69,73,74,202,76,75,81,84,87,88,89,91,92,248,97,98,101,105,107,109,237,239,243,246,247,120,249,251,253,254
257,261,264,10,138,266,267,268,271,269,16,275,276,282,26,283,284,292,303,69,73,74,329,202,75,81,84,87,88,89,91,92,248,121,97,98,107,237,109,239,243,245,246,247,120,249,251,255
128,1,256,261,264,268,269,143,277,278,283,44,51,63,69,73,75,76,77,81,83,84,85,87,88,89,91,92,93,95,248,97,98,105,107,109,111,112,240,114,115,243,117,116,120,249,250,252,253,254
128,1,261,264,266,268,269,276,277,278,283,51,68,69,73,74,75,76,80,81,83,84,85,86,87,88,89,91,92,93,248,97,98,105,107,109,111,112,114,115,243,117,116,120,249,252,253,254
256,259,261,264,10,138,268,266,11,271,267,269,270,275,276,16,26,282,292,69,73,74,329,202,77,75,81,84,87,89,91,92,248,97,98,102,107,108,109,237,239,114,243,117,246,247,120,249,251
260,261,263,264,267,269,270,271,18,277,280,168,43,67,68,69,70,71,75,76,79,86,87,92,94,95,96,100,249,104,105,106,109,110,111,112,243,116,117,121,250,251,253,255
256,257,261,264,10,266,267,138,269,271,16,275,276,280,26,283,292,311,69,200,73,74,329,202,75,78,81,84,87,88,89,91,247,92,248,97,98,102,231,107,237,109,239,243,246,119,120,249,251
256,261,264,265,266,267,269,270,271,275,279,281,283,165,167,39,168,174,47,48,185,318,320,68,69,70,71,73,74,79,81,86,88,100,106,234,111,241,243,244,245,246,116,117,121,251,253,254,255
256,257,258,259,260,262,263,267,269,271,273,275,276,281,283,39,297,47,48,185,68,69,70,71,72,76,79,86,87,119,89,121,100,122,106,111,241,116,245,117,247,248,249,246,252,253,254
130,261,264,269,270,271,273,274,276,277,279,281,283,32,43,313,69,73,75,79,81,84,86,87,119,89,248,97,98,104,105,106,109,241,243,116,117,245,246,120,249,250,252,253,254
261,264,269,277,278,283,68,69,72,73,75,76,77,79,80,81,83,84,85,87,88,89,90,91,92,95,248,97,98,101,231,105,107,109,111,112,241,114,115,243,117,116,120,249,252,253,254,255
256,257,261,266,269,270,271,272,273,18,276,277,279,280,282,283,67,68,69,70,71,76,79,82,86,87,92,95,96,121,100,101,105,106,110,111,112,241,243,116,117,246,247,245,249,253,255
3,260,261,263,264,265,267,12,269,268,271,15,273,17,21,279,281,283,32,69,198,79,80,81,87,89,225,98,229,101,233,106,109,238,241,243,117,118,248,252,253,254,255
256,257,261,5,263,264,265,266,267,269,270,278,279,280,283,43,313,324,69,70,71,68,76,79,86,87,88,95,121,100,105,106,107,110,111,241,243,116,117,246,249,252,253,254,255
256,9,266,267,269,274,276,279,283,32,42,301,307,187,68,69,326,71,72,70,330,76,77,79,80,208,84,86,214,92,95,105,106,111,112,244,245,117,247,116,121,253,254
264,266,269,270,273,276,277,279,283,162,290,166,45,174,184,59,316,65,321,68,69,325,327,72,74,79,81,84,86,87,92,103,104,105,106,107,109,241,114,243,117,125,249,252,253,254
261,264,268,269,271,274,277,278,283,163,68,69,73,75,80,81,84,85,87,88,89,91,92,93,95,248,97,98,104,105,107,109,111,114,242,115,117,243,116,120,249,250,252,253,254,255
257,258,260,261,262,264,266,267,269,270,271,18,279,283,290,56,67,69,73,75,79,80,81,84,86,87,88,89,91,92,96,97,98,248,104,106,107,109,241,243,116,245,246,117,120,249,252,253,254,255
261,264,266,269,273,277,278,283,160,298,49,191,68,69,71,72,76,80,81,83,85,86,87,213,88,89,92,93,248,97,98,104,105,106,109,237,111,112,241,114,115,116,117,120,253
256,257,258,130,260,5,262,7,267,269,271,272,279,280,282,283,155,37,312,188,194,68,69,70,71,72,76,79,86,89,95,121,98,100,101,105,106,110,111,112,241,243,116,245,246,119,248,249,117,252,253,127
256,2,260,263,264,265,266,10,269,270,276,280,283,35,36,167,173,53,189,68,69,70,71,199,73,74,72,76,201,207,79,86,119,88,217,92,106,110,111,243,244,117,246,116,121,250,251,253,255
259,261,8,264,266,269,270,273,279,280,281,26,283,282,32,43,59,69,72,79,80,81,85,87,88,89,92,98,105,106,107,108,109,110,241,243,117,246,119,248,249,252,253,254
256,257,261,264,10,138,267,266,269,271,16,275,276,26,283,46,66,69,73,74,329,76,202,75,81,84,87,88,89,91,92,248,97,98,105,106,107,237,109,239,243,246,247,120,249,251
256,261,264,10,138,266,268,269,271,16,275,276,282,26,68,69,71,73,74,329,76,202,203,80,81,84,86,119,87,88,89,91,92,98,102,106,237,109,239,111,243,116,246,247,248,249,251
256,259,263,265,267,269,142,19,276,280,283,284,290,162,166,168,174,184,59,318,65,321,195,68,69,72,74,76,79,80,81,211,84,87,89,91,92,247,94,98,100,101,230,103,105,107,109,112,114,125,119,248,253,254
256,257,259,261,264,266,10,138,267,268,271,16,11,269,275,276,280,26,187,69,199,328,73,74,329,76,202,205,81,210,209,84,213,87,216,215,89,91,92,119,98,109,237,239,242,246,247,248,251
256,257,8,266,267,269,17,275,276,21,279,280,283,164,166,40,178,182,319,68,69,70,71,72,73,74,76,77,79,80,81,84,86,87,91,95,121,99,100,105,106,237,110,111,244,245,246,247,116,117,253,254
256,264,265,266,267,269,144,146,276,279,280,283,284,29,180,188,324,69,68,70,72,71,74,76,77,79,80,86,87,247,92,95,100,101,105,106,109,110,111,112,243,244,117,116,119,121,253,254
259,263,265,266,267,268,269,272,276,280,284,31,289,41,302,48,50,66,69,72,74,76,77,80,81,211,87,217,90,91,92,247,89,99,100,101,102,232,107,109,125,119,124,253
256,261,264,11,269,273,276,277,279,281,283,32,69,72,73,75,76,77,79,81,84,85,86,87,89,92,248,97,98,100,104,105,106,109,241,243,116,117,246,120,249,250,252,253,254
256,263,264,9,266,267,269,270,273,275,276,279,281,283,284,165,39,174,47,48,182,185,68,69,70,71,72,76,79,80,86,90,121,99,105,106,111,241,243,116,117,247,249,252,253,254
256,261,264,266,10,269,271,273,275,276,279,281,26,283,32,324,69,73,74,329,75,79,81,84,254,87,89,91,92,248,97,98,249,105,106,109,241,243,252,117,246,247,120,121,251,124,253,126
128,1,256,261,263,264,266,269,277,278,283,43,63,69,73,75,76,81,83,84,85,87,88,89,91,92,95,248,97,98,104,105,106,107,109,111,112,114,243,116,117,120,249,250,252,253,254
256,265,266,267,10,268,269,271,275,276,280,290,46,68,69,70,71,72,73,74,76,77,79,80,81,84,86,87,216,91,92,95,100,102,105,106,237,109,111,116,117,246,247,121,251
256,259,263,135,265,266,267,268,269,264,274,147,276,23,280,283,284,155,32,289,165,294,41,297,176,309,182,184,195,196,69,323,72,74,76,77,206,79,80,91,92,99,101,105,109,112,115,243,245,119,248,122,252,253,254
256,259,7,266,267,268,269,270,272,275,276,277,279,280,282,283,68,70,71,72,73,74,76,77,79,80,81,84,86,119,87,91,92,219,95,100,101,105,106,109,110,111,242,116,117,246,247,121,253
259,263,265,266,268,272,276,280,284,31,48,66,68,70,71,72,74,76,79,80,211,86,87,90,247,92,95,99,100,101,232,105,106,107,109,111,114,115,116,117,125,119,121,124,253,255
256,257,259,261,267,269,142,274,276,22,283,32,168,42,187,62,192,69,326,71,72,202,330,76,77,79,80,208,81,85,214,87,89,92,98,101,105,109,112,114,244,245,117,247,253,254
256,257,258,261,262,8,264,267,269,142,271,17,276,21,280,283,166,40,168,178,182,69,73,75,76,77,80,81,84,87,89,120,92,97,98,99,100,101,106,107,109,244,245,246,117,248,249,126,124,253,254,255
128,257,258,261,263,264,269,271,278,283,51,313,69,73,75,76,80,81,83,84,85,87,88,89,90,91,92,93,248,97,98,101,104,105,107,109,111,112,241,114,115,240,117,243,247,120,249,253,254
256,258,264,266,10,269,276,277,279,283,28,165,168,42,174,188,324,69,68,70,71,75,76,79,80,85,86,87,119,92,95,100,105,106,109,111,241,243,116,117,247,120,121,252,253,254,255
256,257,261,266,10,141,271,272,275,19,277,279,280,282,43,324,69,198,68,70,73,71,76,77,79,85,86,87,92,94,95,121,98,100,101,105,106,110,111,113,243,116,117,246,248,249,122,251
256,257,130,5,261,263,264,267,269,142,271,141,273,276,280,283,300,305,188,69,71,72,74,75,76,77,79,81,212,84,87,89,95,248,97,98,100,101,106,109,127,241,243,117,245,119,120,249,123,252,253,254,255
256,257,259,3,8,137,266,267,269,142,17,274,275,276,20,21,23,279,281,283,27,157,36,164,166,39,40,175,178,68,71,72,73,76,77,79,80,84,86,119,92,225,99,105,106,112,114,244,245,117,246,116,118,253,254
256,257,0,3,263,264,137,267,269,142,271,273,20,279,281,283,157,165,39,174,175,178,51,308,69,76,79,80,88,89,225,227,100,101,106,110,241,114,244,117,245,118,246,123,252,253,254,255
256,257,10,267,138,266,270,271,16,272,275,276,279,280,282,292,303,68,70,71,73,74,329,76,75,79,81,84,86,87,91,95,100,101,231,105,106,237,109,239,110,111,243,116,245,246,247,117,121,251
257,261,264,266,10,138,268,267,271,269,16,275,276,280,283,292,303,69,73,74,202,75,81,84,119,87,88,89,91,220,92,248,97,98,101,102,231,249,107,237,109,239,243,244,246,247,120,121,251
256,259,263,264,265,266,267,269,274,146,276,21,280,283,284,32,289,41,50,66,69,72,74,76,77,79,80,81,84,87,217,89,91,247,98,227,100,101,106,107,109,241,243,119,248,252,253,254
256,257,258,259,261,262,8,264,267,269,17,274,276,21,23,27,283,164,166,40,178,182,324,69,71,72,73,75,76,77,79,80,81,84,87,89,248,97,98,99,230,105,107,109,243,244,245,247,120,249,253,254
128,258,259,261,264,269,277,278,283,51,180,69,73,75,76,80,81,83,84,85,215,87,88,89,91,92,93,95,248,97,98,104,105,106,107,108,109,111,112,240,114,115,243,117,120,249,250,252,254
256,265,266,267,269,144,272,18,146,276,279,280,282,283,284,180,190,67,68,70,71,72,74,76,77,79,80,86,87,247,92,95,96,100,101,105,106,109,110,111,112,114,116,117,119,121,253,254,255
261,264,266,269,270,273,19,276,277,279,281,282,283,32,43,309,60,69,330,79,80,81,84,85,86,87,89,97,98,249,106,109,241,243,116,117,246,248,121,252,253,254
256,257,258,8,266,267,269,271,17,275,276,21,280,283,164,166,40,178,182,324,68,69,71,72,73,74,70,76,77,79,80,81,84,86,87,91,95,121,99,100,105,106,237,110,111,244,245,246,247,116,117,253,254
256,261,264,266,267,269,142,271,272,273,275,276,277,279,282,283,32,165,168,43,174,313,324,69,74,203,76,79,81,86,87,89,120,98,249,106,109,241,243,116,246,248,121,252,253,254
256,257,264,265,266,267,11,269,274,276,283,32,42,307,187,192,324,69,70,71,72,73,74,326,76,77,330,79,80,202,208,84,214,87,88,89,91,105,106,241,114,243,244,245,246,121,252,253,254
256,261,263,264,266,267,269,273,276,279,153,26,283,282,284,281,32,182,69,70,72,75,76,77,79,80,81,84,85,119,87,89,91,248,97,98,106,109,241,243,246,247,120,249,252,253,254
261,264,266,268,269,270,271,273,276,277,279,281,283,32,289,178,69,72,75,76,79,80,81,84,86,87,89,92,248,97,98,105,106,109,112,241,242,243,116,117,120,249,252,253,254
261,263,264,268,269,271,273,274,279,280,281,283,32,313,66,69,74,75,79,81,84,87,89,92,95,97,98,100,101,105,106,109,111,241,242,243,114,117,115,248,123,252,253,254,255
256,0,1,259,263,264,265,137,267,268,269,141,19,276,280,281,283,284,27,32,289,41,69,72,74,75,76,79,80,81,119,87,89,218,94,98,100,101,233,105,107,106,109,241,243,117,247,252,253,254
256,261,263,266,267,268,269,271,272,275,276,277,279,280,282,177,323,68,69,70,71,200,73,74,76,79,81,84,86,87,91,92,95,100,249,101,105,106,109,110,111,112,243,116,117,246,247,121,251,255
256,261,263,264,269,277,278,283,168,298,191,68,69,72,73,75,76,79,80,81,84,85,213,87,88,89,86,92,248,97,98,101,105,107,109,111,112,241,114,115,243,117,245,116,120,249,252,253,254,255
256,261,263,264,266,267,268,269,270,271,273,276,283,32,51,69,73,75,79,80,81,84,86,87,88,89,92,248,121,97,98,105,106,109,110,241,243,116,117,246,120,249,251,252,253,254
141,143,144,145,146,147,148,149,154,155,156,157,158,160,161,164,293,292,167,36,169,298,171,170,297,302,172,304,177,305,178,180,309,310,311,179,184,181,318,330,208,173,301,175
2,135,142,143,144,145,146,147,148,149,18,153,154,155,156,157,158,160,161,164,293,294,167,296,169,170,299,171,172,302,175,304,173,178,307,180,309,174,179,184,181,310,330
142,143,144,145,146,147,148,149,153,154,155,156,158,159,160,294,167,296,169,166,171,299,173,302,174,304,305,172,307,308,180,309,179,184,185,177,182,310,193,321,330,203,209,212,95,175,114,115
141,142,143,144,145,147,148,149,153,154,156,158,160,161,292,165,294,167,296,293,166,299,172,173,174,303,304,305,306,307,308,301,175,177,184,179,310,330,295,297,170,171
141,142,143,144,145,147,148,149,150,153,154,155,156,158,160,161,292,293,294,295,296,169,167,299,171,173,174,302,170,177,306,305,307,172,175,183,184,179,180,310,187,330,303
5,141,142,144,272,147,149,150,152,153,154,155,156,157,158,160,161,164,293,294,167,296,169,170,299,300,172,174,302,304,305,177,307,308,306,309,175,184,180,179,181,330,74,301
10,138,141,142,16,145,144,275,147,148,149,153,154,155,156,158,292,294,295,167,297,296,166,170,299,172,303,300,177,306,307,308,309,310,311,175,179,184,73,330,81,91,171,174,237,246,251
142,271,144,145,147,148,149,155,156,157,158,160,161,292,293,294,295,296,169,297,299,167,170,302,303,174,177,306,307,308,309,310,183,311,184,180,179,181,200,330,172,175
11,12,141,142,143,144,145,16,147,148,149,150,151,22,152,26,155,156,158,159,160,161,32,162,164,163,165,295,296,169,297,299,298,173,302,39,304,305,178,307,308,309,180,175,184,182,187,330,168,208,42,214,170,47
10,142,144,145,147,275,148,149,154,155,156,157,158,160,161,292,164,294,167,295,297,296,169,170,172,302,303,304,177,306,173,180,309,310,311,184,179,181,65,73,330,329,301,174,237,175,246,251
128,141,142,145,147,148,149,153,154,155,156,158,292,293,166,295,296,169,297,299,300,170,302,303,172,177,305,307,308,309,310,183,311,184,179,167,330,171,174,175,304,123
261,265,141,142,269,144,145,273,147,149,156,28,158,31,160,161,294,295,296,169,170,297,299,300,173,302,303,304,177,305,307,308,309,180,184,68,70,71,330,75,79,80,81,84,86,87,88,89,97,98,106,109,116,118,119,120,121,253
0,3,141,142,143,144,145,146,147,149,281,155,156,157,158,160,161,164,293,167,296,169,297,39,168,173,302,170,304,177,305,307,308,181,309,180,184,178,179,70,198,330,172,300,175,118
141,142,143,144,145,146,147,148,149,153,154,155,156,29,158,159,160,161,294,295,296,169,297,299,167,166,302,303,304,177,178,307,180,309,308,305,184,176,179,182,310,330,88,171,172,174,175
137,141,142,144,145,146,147,148,149,153,154,155,156,157,158,160,164,292,294,295,296,297,170,299,169,167,174,172,304,305,306,307,308,309,310,175,184,178,179,330,171,300,303
141,142,144,145,146,147,148,149,153,154,155,156,157,158,160,161,164,293,167,296,169,297,295,299,168,302,303,304,305,178,307,308,309,181,311,184,179,180,330,170,171,172,300,173,174,175
142,143,144,145,146,147,148,149,153,154,155,156,157,158,160,161,292,293,294,295,296,169,170,299,167,173,302,297,304,171,172,307,180,309,308,174,184,177,179,181,310,166,330,301,175,303
4,142,143,144,145,146,147,148,149,155,156,29,158,159,160,161,292,294,295,296,297,169,299,298,173,302,174,303,170,178,307,180,309,310,175,184,54,311,38,330,92,172,105
142,143,144,145,146,147,148,149,16,150,151,152,22,155,156,158,159,160,161,162,163,165,294,295,296,169,170,299,297,173,302,175,304,168,174,307,180,309,308,182,184,56,185,63,72,73,330,225,99
141,142,143,144,145,146,147,148,149,150,152,153,154,155,156,29,158,159,160,161,294,295,296,169,170,299,300,297,302,303,167,305,178,171,172,309,174,175,184,177,306,179,310,166,304
135,142,144,145,147,148,149,153,154,155,156,157,158,160,292,294,295,296,169,170,171,299,297,302,175,304,168,178,307,180,309,308,174,184,310,181,179,330,92,172,173,232,105,112,303
141,142,144,145,147,148,149,153,154,155,156,158,160,161,292,293,166,295,296,169,167,299,172,170,174,302,175,303,177,305,307,308,309,310,183,184,179,180,330,171
128,141,142,144,147,148,149,153,154,155,156,158,160,292,293,166,167,296,169,295,171,299,173,301,174,302,304,305,178,179,308,307,177,184,185,310,309,330,170,172,175,114,303,123
135,13,142,145,147,150,151,152,153,22,156,30,159,32,35,292,165,294,295,296,297,170,169,300,42,302,303,304,177,299,307,308,309,173,311,184,179,52,37,182,64,199,167,330,201,168,88,44,172,45,230,174,237,175
3,12,141,142,143,144,273,147,149,150,151,152,153,154,155,156,157,158,159,160,161,162,34,164,165,294,295,296,169,297,299,171,173,302,167,304,168,170,179,180,307,308,175,184,182,185,330,43,172,111,112
142,143,144,145,146,147,148,149,153,154,155,156,157,158,159,160,161,292,293,294,295,296,169,170,299,166,173,302,175,304,305,171,172,180,309,308,183,184,177,179,182,310,167,174,303
135,141,142,144,147,148,149,153,154,155,156,157,158,161,292,293,167,296,169,295,299,172,173,174,300,302,305,177,307,308,309,310,303,184,304,179,330,170,171,175
142,143,144,145,146,147,148,149,154,155,156,157,158,160,161,164,294,167,296,169,297,295,299,173,302,303,304,177,170,172,180,309,181,175,184,178,179,65,71,330,88,301,174,255
2,135,141,142,143,144,145,146,147,149,155,156,29,158,159,160,161,157,164,294,295,296,297,170,299,167,172,174,173,304,305,306,307,308,309,180,310,184,177,179,181,330,110,175
134,10,266,141,142,145,147,275,19,148,149,150,153,151,152,156,154,159,162,292,165,294,167,295,297,168,171,172,174,303,304,177,306,307,308,309,180,311,184,179,182,310,186,316,73,330,231,237,47,175,246,251
2,142,143,144,145,146,147,148,149,19,153,155,156,157,158,160,161,164,294,295,296,169,170,297,299,38,302,303,304,298,178,307,308,309,180,175,184,181,179,61,167,330,93,94,172,173
141,142,144,145,147,148,149,153,154,155,156,158,160,292,293,166,295,296,169,298,299,300,172,174,175,302,177,305,307,308,309,178,310,184,179,167,330,170,171,303
141,142,143,144,147,148,149,155,156,157,158,160,161,164,292,165,167,296,295,169,299,297,170,174,302,304,305,178,307,180,308,310,183,184,309,306,181,179,330,88,172,173,175,303
10,141,144,145,275,147,148,149,153,154,155,156,158,160,292,293,294,167,295,297,166,296,170,171,172,303,174,177,306,307,308,309,310,311,184,179,180,73,330,329,81,231,237,239,175,246,251
129,142,143,144,145,146,147,148,149,154,155,156,157,158,160,161,164,294,295,296,297,170,169,299,173,302,174,304,303,178,307,308,309,180,305,184,49,179,181,311,65,167,330,172,112,175
141,142,143,144,145,146,147,148,149,153,154,155,156,157,158,160,161,164,294,295,296,169,170,299,167,173,302,175,41,300,172,307,308,309,301,179,184,180,181,330,297,174
141,142,143,144,146,147,148,149,153,154,155,156,157,158,160,161,164,166,167,296,169,170,171,299,301,302,172,304,305,178,179,180,307,177,181,184,185,308,310,330,173,174,175
142,144,145,146,147,148,149,150,151,152,153,154,156,158,159,160,162,165,294,295,296,169,170,171,299,173,302,175,168,172,178,306,174,50,184,185,61,193,321,330,203,209,212,90,95,109,114,115,249
261,141,142,143,144,145,146,147,148,149,269,281,155,156,158,31,160,161,164,294,295,296,169,298,299,297,173,302,304,178,180,309,184,68,70,71,330,76,79,81,86,87,88,89,100,105,106,109,110,112,116,117,121
141,142,143,144,145,147,148,149,153,154,155,156,158,160,292,293,294,295,167,297,296,299,169,166,170,303,304,177,305,307,308,309,310,311,184,180,179,330,171,172,301,174,175
4,141,142,143,144,145,146,147,148,149,150,151,152,153,154,155,156,29,159,160,161,162,165,294,295,296,169,170,299,297,167,302,175,304,177,171,307,308,309,174,179,184,182,62,168,211,172,99,110,125
141,142,143,144,145,147,148,149,153,154,155,156,158,160,161,32,164,292,293,295,296,169,297,299,171,173,302,174,304,305,178,307,180,309,308,175,184,177,306,179,310,166,294,167,330,172,303
142,143,144,145,146,147,148,149,155,156,157,29,158,160,161,159,292,294,295,296,297,169,299,170,173,302,172,304,301,174,307,180,309,310,308,184,178,330,88,175,303,125
141,142,144,145,147,148,149,150,153,154,155,156,158,160,164,293,292,295,296,169,167,299,172,300,174,166,170,305,177,307,308,309,310,306,184,179,330,171,175,303
128,129,130,131,132,5,134,135,133,137,138,10,140,136,139,16,275,26,285,286,287,288,289,290,291,43,313,73,81,213,231,123,237,239,246,122,251,124,125,126,127
128,129,130,131,132,133,134,135,136,137,138,139,265,140,144,146,284,285,286,287,288,289,290,291,52,180,64,66,122,123,124,125,126,127
128,129,130,1,132,133,134,135,136,137,138,0,131,139,140,19,285,286,287,288,289,290,291,166,51,179,63,195,95,224,117,122,123,124,125,126,127
128,129,130,131,132,5,134,135,133,137,138,10,140,136,139,142,16,285,286,287,288,289,290,291,37,175,73,204,81,123,237,239,246,122,251,124,125,126,127
128,129,130,131,132,5,134,135,133,136,138,10,140,137,139,16,275,276,285,286,287,288,289,290,291,29,37,163,73,81,84,91,231,123,237,239,246,122,251,124,125,126,127
128,129,130,131,132,133,134,135,8,137,138,139,136,140,17,21,23,27,285,286,287,288,289,290,161,164,40,42,44,178,55,188,71,122,123,124,125,126,127
128,129,130,131,132,133,134,135,136,137,138,139,265,267,140,145,285,286,287,288,289,290,291,39,42,221,236,122,123,124,125,126,127
0,129,130,128,131,133,5,135,132,137,265,139,138,134,136,140,18,150,284,285,286,287,288,289,290,291,33,161,45,52,56,64,66,75,76,122,123,124,125,126,127
128,129,130,131,132,133,134,135,136,137,138,139,140,17,21,23,27,285,286,287,288,289,290,291,42,55,63,64,65,70,122,123,124,125,126,127
128,129,130,131,132,133,134,135,136,137,138,139,12,140,148,23,285,286,287,288,289,290,291,32,40,42,47,55,71,95,122,123,124,125,126,127
128,129,130,131,132,133,134,135,136,137,138,139,140,12,17,21,23,27,285,286,287,288,289,290,291,40,42,55,63,122,123,124,125,126,127
128,129,130,131,132,133,134,135,136,137,138,10,140,139,16,275,276,151,26,285,286,287,288,289,290,291,162,165,40,46,303,50,73,74,329,81,84,91,231,123,237,239,246,122,251,124,125,126,127
128,129,130,131,132,133,134,135,136,137,138,139,140,285,286,287,288,289,290,291,39,55,313,71,213,118,122,123,124,125,126,127
128,129,130,131,132,133,134,135,136,137,138,139,140,273,285,286,287,288,289,290,291,39,190,220,223,241,122,123,124,125,126,127
128,129,130,131,132,133,134,135,136,137,138,139,140,265,16,285,286,287,288,289,290,291,31,163,293,39,122,123,124,125,126,127
128,129,130,131,132,261,134,135,136,137,138,139,140,133,16,19,147,285,286,287,288,289,290,291,163,232,233,238,117,122,123,124,125,126,127
128,129,130,131,132,133,134,135,136,137,138,139,140,265,7,19,285,286,287,288,289,290,291,39,194,232,122,123,124,125,126,127
128,129,130,131,132,133,134,135,136,137,138,139,140,265,285,286,287,288,289,290,291,158,39,220,232,233,122,123,124,125,126,127
128,129,130,131,132,133,134,135,136,137,138,139,140,285,286,287,288,289,290,291,39,48,59,218,101,104,233,107,119,122,123,124,125,126,127
128,1,130,129,132,261,134,5,136,131,138,133,135,137,139,140,19,285,286,287,288,289,290,291,43,62,63,198,85,92,222,229,232,106,234,110,238,117,122,123,124,125,126,127
128,129,130,131,132,133,134,135,136,137,138,139,140,19,147,278,285,286,287,288,289,290,291,39,51,179,78,229,233,117,122,123,124,125,126,127
128,129,130,131,132,133,134,135,136,137,138,266,265,139,140,285,286,287,288,289,290,291,39,42,173,52,55,70,199,201,217,122,123,124,125,126,127
128,129,130,131,132,133,134,135,136,137,138,139,8,140,17,21,23,27,285,286,287,288,289,290,291,164,40,42,44,178,55,63,64,197,122,123,124,125,126,127
128,1,130,129,132,261,134,135,136,137,138,131,133,139,140,16,277,285,286,287,288,289,290,291,163,168,42,43,54,61,63,92,228,232,238,122,123,124,125,126,127
128,129,130,131,132,5,134,135,136,137,138,139,140,133,285,286,287,288,289,290,291,188,212,233,238,122,123,124,125,126,127
128,129,130,131,132,133,134,135,136,137,138,139,140,17,21,23,27,285,286,287,288,289,290,291,40,42,55,63,64,70,122,123,124,125,126,127
128,129,130,131,132,133,134,135,136,137,138,139,140,0,3,285,286,287,288,289,290,291,39,204,220,233,122,123,124,125,126,127
128,129,130,131,132,133,134,135,136,137,138,10,140,11,139,271,146,285,286,287,288,289,290,291,164,301,302,73,123,237,239,122,251,124,125,126,127
128,129,130,131,132,2,134,135,136,137,138,266,265,140,133,139,285,286,287,288,289,290,291,39,42,52,70,199,201,217,121,122,123,124,125,126,127
128,129,130,131,132,133,134,135,136,137,138,139,140,285,286,287,288,289,290,291,52,59,64,218,101,103,233,107,119,122,123,124,125,126,127
9,206,27,317,190,313,314,186,316,189,187,191,320,188,194,323,324,325,198,327,200,329,199,201,326,319,192,207,208,209,202,204,205,213,214,195,216,210,212,215,197,328
317,190,316,313,314,187,188,189,186,191,192,315,322,323,324,325,194,327,200,329,199,202,201,328,319,198,208,209,204,205,206,213,195,207,216,210,212,214,215,197,326
317,190,316,186,187,188,189,314,319,192,315,322,323,324,197,198,199,200,329,202,328,204,327,326,205,208,194,201,206,207,213,195,80,216,209,210,212,214,215,191
283,314,189,186,315,187,316,190,319,192,321,193,323,196,325,326,195,324,329,197,203,204,205,327,191,208,209,194,211,206,213,207,215,216,210,212,214,198,199,200,328,201,202
259,260,267,145,278,287,312,186,315,187,188,317,318,192,319,322,323,324,196,195,199,328,200,329,201,202,204,205,191,208,209,194,211,207,213,214,210,216,217,215,197,72,236
136,145,317,190,188,313,314,186,316,189,187,319,320,192,194,323,324,325,198,327,199,329,200,202,201,326,191,328,208,205,206,207,209,213,214,195,216,210,212,215,197
206,207,314,312,313,186,315,187,317,188,319,192,189,322,323,324,325,196,199,200,329,202,327,328,318,191,72,208,194,74,211,205,213,214,195,216,209,210,212,215,221,197,201
204,10,275,26,190,188,313,314,186,316,317,187,319,320,192,322,323,324,325,189,327,200,329,202,199,73,191,197,198,208,194,201,205,206,213,195,207,216,209,210,212,214,215,328
207,32,186,187,315,189,188,191,192,317,322,323,196,324,326,199,200,329,202,201,328,204,327,205,208,209,194,211,206,213,214,195,216,217,319,210,212,215,197
32,167,190,189,186,187,188,317,314,315,192,316,322,323,324,196,326,199,200,201,202,329,204,319,191,207,208,209,194,205,210,213,214,212,216,217,215,197,327
207,190,312,313,186,315,316,187,318,188,192,317,322,323,196,324,195,199,328,200,201,203,329,319,191,202,208,209,194,211,205,213,206,215,216,217,210,212,197,245
137,78,206,207,275,152,190,312,186,315,188,189,314,319,192,187,322,323,324,316,317,327,200,329,202,199,328,204,191,72,208,194,201,211,205,213,214,195,216,209,210,212,215,94,197
9,190,313,314,186,316,317,187,191,188,189,322,323,324,325,326,327,200,201,329,199,202,328,319,207,208,194,204,205,206,213,214,195,216,209,210,212,215,197,192
2,167,173,187,53,313,314,186,188,189,316,319,320,317,322,190,324,197,198,199,327,201,202,200,204,205,328,207,208,194,209,210,212,213,214,215,216,217,196,191,326
205,207,186,187,313,314,315,316,317,188,189,192,320,190,195,324,196,326,198,200,328,327,199,191,197,206,201,208,209,210,211,212,213,214,215,194,82,216,94,241,202
3,134,287,186,187,190,51,312,314,315,188,189,318,319,320,192,322,323,324,316,317,199,200,328,329,327,202,201,191,207,208,194,205,206,209,213,214,210,216,212,215,221,197,245
206,18,207,186,190,313,314,187,316,189,188,319,320,192,322,323,324,317,198,199,200,329,202,326,327,328,201,191,208,209,194,67,205,213,195,78,216,217,210,212,215,318,197,96,246
261,269,79,80,28,31,215,186,187,316,315,188,319,192,317,322,323,196,324,326,199,200,201,202,195,204,205,197,191,208,209,73,211,75,213,214,68,216,217,81,210,69,84,86,87,88,89,97,98,71,106,109,116,120
207,317,190,187,188,313,314,186,316,189,315,319,320,192,322,323,324,195,196,327,200,329,328,201,199,202,191,326,208,209,194,211,204,213,205,206,216,210,212,214,215,197,104
207,298,190,188,189,313,186,314,187,317,316,191,320,192,321,323,324,196,198,199,328,200,329,202,204,197,319,201,208,209,194,205,206,213,195,215,216,210,212,214
207,32,317,186,42,190,312,313,314,315,188,187,318,191,192,316,322,323,324,195,196,326,328,200,202,329,201,319,197,199,208,321,194,204,205,213,214,206,216,209,210,212,215
148,176,188,183,189,186,315,187,316,317,191,192,319,322,195,323,197,196,324,200,201,199,194,204,205,328,202,208,209,206,211,207,213,214,215,216,217,210,212
2,135,38,317,190,188,313,314,186,316,189,187,191,192,320,194,323,195,196,324,199,200,328,201,319,197,202,204,205,208,209,210,211,206,213,207,215,216,212,214
190,187,182,189,186,315,188,59,316,319,192,321,317,323,324,196,197,198,328,201,200,202,204,205,199,207,208,209,194,211,206,213,195,81,210,217,212,215,216,191,318,107
314,312,313,186,187,316,317,318,319,320,189,322,190,324,196,198,327,199,328,197,329,204,205,200,207,208,209,194,202,206,213,195,210,216,212,214,215,191,192,326,201
289,41,190,186,187,316,189,315,319,192,188,317,323,196,195,324,197,328,201,200,202,204,205,191,207,208,209,194,211,66,213,206,210,216,217,212,214,215,199
205,78,206,18,207,282,190,51,313,314,186,316,189,187,191,320,188,322,323,324,317,198,326,200,328,327,329,199,319,192,201,208,209,194,211,212,213,214,67,216,210,215,197,96,246,202
204,190,188,63,189,313,186,315,314,187,316,191,192,321,193,195,196,323,324,194,328,200,319,203,320,197,206,198,208,209,210,211,212,213,205,215,207,214,216,199,201,202
204,262,205,206,317,190,189,312,313,314,187,186,315,316,191,320,321,194,195,196,324,323,199,328,200,329,203,319,192,197,198,208,209,201,202,212,213,322,215,207,210,214,216,89,117
206,145,287,317,186,315,188,189,187,191,192,316,322,323,196,324,325,199,200,329,202,328,201,319,197,207,208,209,194,211,205,213,214,195,216,217,210,212,215,72,236
207,275,209,187,312,313,186,315,188,317,314,191,320,192,322,323,324,316,189,199,200,329,202,327,328,73,319,198,208,194,201,204,205,213,195,206,216,81,210,91,212,214,215,197,237
2,290,166,317,59,53,186,187,316,315,188,319,192,321,322,323,324,197,196,326,328,200,202,201,204,205,191,207,208,209,194,211,210,213,212,68,216,217,214,215,103,199,107
314,190,189,186,187,188,317,315,319,192,320,322,316,324,197,198,326,199,327,202,328,204,205,191,201,208,209,194,211,206,213,195,207,216,210,212,196,214,215,200
262,63,61,189,186,315,187,316,317,190,192,321,194,323,196,195,326,324,193,201,325,203,204,205,200,202,208,209,206,211,207,210,212,213,216,217,319,215,89,191,197,199,328
156,190,188,189,313,186,187,315,317,318,191,320,192,322,323,324,316,198,199,200,329,328,201,202,204,319,205,208,209,321,194,206,213,195,207,216,210,212,214,215,197,106
10,207,275,26,28,305,186,187,188,317,315,191,192,316,322,323,324,189,198,199,200,329,202,327,73,328,319,201,208,194,204,211,205,213,195,206,216,209,210,212,214,215,197,237
205,9,273,207,278,288,314,186,315,187,316,190,319,192,321,194,195,196,323,193,324,328,200,325,203,204,191,206,199,208,209,210,202,212,213,77,215,216,217,214,197,109,201
10,275,317,40,42,177,312,186,187,188,189,315,319,192,316,322,323,324,325,198,327,200,329,202,199,73,328,318,191,208,194,201,205,206,213,195,207,216,209,210,212,214,215,197,251
207,275,186,190,188,189,312,314,315,316,317,318,319,192,187,322,323,324,196,326,199,200,328,329,202,327,191,197,198,208,194,201,205,206,213,214,215,216,195,209,210,212
206,207,317,190,189,312,313,186,187,316,314,315,188,192,321,322,323,196,324,195,199,200,328,329,203,202,319,191,198,208,209,194,204,205,213,214,215,216,210,212,197,201
207,25,317,190,187,47,188,313,314,186,316,189,315,191,320,192,322,323,324,195,326,327,328,200,329,202,199,319,197,201,208,194,204,205,206,213,214,215,216,209,210,212
206,279,60,186,314,187,316,190,319,320,321,193,323,196,325,324,195,200,194,201,203,329,199,328,192,208,209,210,204,212,213,205,215,207,214,216,191,197,198,202
205,78,206,18,281,159,34,186,190,313,314,187,316,317,189,319,320,321,322,323,324,325,198,327,200,199,329,203,68,191,192,207,208,209,210,194,212,213,67,215,216,197,96,328,201,202
31,298,48,189,186,187,188,315,316,191,192,317,322,323,196,324,195,190,328,200,202,201,204,329,319,207,208,209,194,211,205,213,206,210,216,217,212,214,215,197,199
148,176,183,189,186,315,188,187,316,317,192,321,319,323,196,197,324,195,200,201,328,199,204,205,203,326,208,209,194,211,206,207,214,210,216,217,212,213,215,191,198,202
190,313,186,315,316,317,187,191,192,188,322,323,324,189,198,326,200,328,202,329,204,199,319,207,208,209,194,211,205,213,195,206,216,210,212,214,215,94,197,201
205,206,190,301,52,313,186,314,187,189,316,317,320,321,194,323,324,325,196,327,200,199,201,203,329,328,198,191,208,209,202,204,212,213,195,215,207,210,214,216,197,192,104
9,317,190,188,313,186,314,316,189,187,191,320,192,322,323,324,325,326,327,200,329,201,199,319,318,197,207,208,209,194,202,205,213,214,206,216,210,212,215,98,328
207,275,315,188,313,314,187,316,189,186,319,192,320,322,323,324,325,317,199,200,329,327,202,201,328,191,326,208,194,204,205,206,213,214,195,216,209,210,212,215,197,198
0,3,12,289,186,190,60,188,189,312,313,314,315,316,317,318,187,192,321,322,323,324,196,195,327,328,200,329,199,201,319,206,191,208,209,194,202,205,213,207,210,212,85,215,216,223,197,325
10,207,275,314,190,312,313,186,315,188,317,187,191,192,320,322,323,324,316,189,327,200,329,202,199,328,73,319,198,208,194,201,204,205,213,195,206,216,209,210,212,214,215,197,326
10,207,275,314,312,186,187,315,189,188,191,192,317,322,323,324,319,194,199,200,329,202,73,327,328,201,198,208,204,205,211,84,213,195,206,216,209,210,91,212,214,215,197,326
312,186,315,187,188,317,191,192,318,322,323,324,196,326,199,328,329,200,201,204,202,205,207,208,209,194,206,210,213,214,195,216,212,319,215,197
283,317,190,316,313,186,315,188,189,314,191,192,320,322,187,324,197,198,327,200,329,202,199,204,205,319,207,208,194,201,206,209,213,195,210,216,212,214,215,325,326,328
314,190,189,313,186,187,316,315,188,319,192,321,317,323,324,196,198,326,328,200,202,195,204,329,199,191,208,209,194,205,206,213,207,215,216,210,211,212,214,197,201
190,189,313,314,187,316,317,186,319,320,192,315,195,324,188,198,327,199,200,328,329,204,203,191,207,208,209,194,202,205,213,206,210,216,212,214,215,197,326,201
190,313,186,314,316,189,187,319,320,192,322,188,324,317,326,327,199,201,198,329,204,205,191,207,208,209,194,202,206,213,214,195,216,217,210,212,215,197,237,200,328
204,207,190,188,189,314,186,316,317,187,191,192,321,194,323,196,325,195,327,200,329,324,201,203,319,197,199,208,209,202,205,212,213,206,215,216,210,214,198,328
206,145,275,150,287,186,315,187,189,188,319,192,317,322,323,324,196,197,199,200,329,202,328,204,205,201,191,208,209,194,211,75,213,207,210,216,217,212,215,72,236,76
269,275,281,39,190,47,48,316,189,185,186,315,188,317,318,314,192,187,322,323,324,196,326,199,328,200,329,202,204,201,319,191,208,209,194,205,207,213,214,210,215,217,197
207,186,190,188,313,314,187,316,189,315,191,320,192,322,323,324,195,317,199,200,329,328,327,202,201,319,198,208,194,204,211,205,213,214,206,216,209,210,212,215,197
279,190,313,186,314,316,189,187,319,320,192,188,195,196,317,198,327,199,201,328,326,200,202,191,207,208,209,194,204,205,213,214,206,216,210,212,215,197
279,32,190,182,314,187,188,186,315,319,192,316,189,323,196,195,326,199,328,201,200,202,204,205,191,207,208,209,194,210,212,213,214,215,216,217,324,197
205,18,207,282,190,186,187,188,317,315,316,192,189,322,323,324,196,326,199,200,328,202,201,204,198,319,191,208,209,194,211,67,213,214,78,216,217,210,212,215,197,96
128,22,42,186,187,188,315,316,190,192,321,193,323,196,195,326,325,200,201,202,203,204,328,206,191,208,209,194,211,205,213,214,215,207,217,319,210,212,216,197,199,123
270,15,317,190,187,313,314,186,316,189,318,191,315,188,322,194,324,325,323,327,199,329,202,200,201,198,328,192,208,204,205,206,207,213,195,209,216,210,319,196,212,214,215,197,124,126
275,172,189,313,186,187,315,188,317,191,192,321,190,323,196,195,197,199,200,201,328,203,204,205,202,207,208,209,194,211,66,213,206,210,216,217,319,212,215
186,300,187,190,188,189,312,313,314,315,316,317,318,319,192,320,322,323,324,196,326,199,328,200,329,327,191,197,201,202,208,209,194,205,206,213,195,215,207,210,212,214,216
206,189,313,186,314,187,316,317,190,320,321,193,195,196,325,194,327,323,201,198,203,324,329,204,191,208,209,210,202,212,213,205,215,207,211,214,216,197,192,326,199,200,328
262,205,190,63,313,186,314,187,317,316,189,320,321,194,193,196,325,198,324,195,191,192,203,204,197,206,199,208,209,210,202,212,213,85,215,207,214,216,89,200,328,201,117
12,206,271,207,26,156,186,189,313,314,187,188,315,316,319,320,317,322,323,324,190,198,199,200,329,328,202,191,192,197,201,208,194,204,211,205,213,214,195,216,209,210,212,215,223
10,275,186,316,313,314,187,188,189,315,319,192,320,322,323,324,325,317,199,200,329,202,327,328,73,201,191,208,194,204,205,206,213,195,207,216,209,210,212,214,215,197,198,326
275,317,186,187,314,189,315,319,192,188,322,323,324,196,195,199,200,329,202,328,201,204,327,191,208,209,194,205,206,213,214,207,216,81,210,211,212,215,318,197,237
187,53,313,314,186,188,189,316,317,320,190,322,323,324,325,198,327,199,329,202,201,200,205,197,207,208,209,194,204,206,213,195,210,216,217,212,214,215,191,192,326,328,118
189,313,314,186,187,316,317,190,320,321,194,193,196,325,324,195,198,201,191,203,204,205,192,199,208,209,210,202,212,213,206,215,207,217,211,214,216,197,326,200,328,117
205,206,207,190,313,186,314,187,317,316,189,320,193,194,321,196,324,198,327,326,325,329,199,204,191,192,200,208,209,201,202,212,213,195,215,216,210,211,214,197,328,117
206,18,282,190,189,186,187,316,315,188,317,192,321,322,323,196,195,324,326,200,328,201,199,204,202,203,207,208,209,194,211,67,205,78,210,216,217,319,212,213,215,191,197,96
267,145,287,190,186,315,187,188,318,317,192,321,322,323,324,196,326,199,200,328,201,202,325,319,191,207,208,209,194,205,210,213,195,215,216,217,212,197,72,236,327
266,167,186,190,313,314,187,316,189,188,319,320,317,322,323,324,325,198,199,200,201,327,329,70,202,191,207,208,194,205,206,209,213,210,212,214,217,215,216,197,192,326,328,117,121
9,32,186,187,315,317,188,189,192,319,322,323,196,195,326,199,200,201,202,328,329,204,205,207,208,209,194,211,206,213,214,210,216,217,212,215,191,197
