0,66,5,133,22,218,27,30,95,32,35,229,231,232,233,234,43,170,238,52,59
256,323,261,73,269,275,87,219,28,221,31,34,236,46,56,61,319
129,321,134,6,198,9,17,18,24,220,222,226,293,234,43,238,50,58,187,127
256,322,3,324,7,205,219,221,225,230,38,236,46,56,57,122,315,61,318,319
64,5,199,200,13,30,222,32,37,231,40,234,44,237,45,52,54,189
322,3,324,4,200,12,213,24,223,248,34,39,233,43,239,55,312,318,319
0,66,5,13,30,222,224,230,234,43,45,54,187,62
0,1,5,198,15,17,21,27,32,225,229,234,238,48,51,314,187,317
0,2,66,198,9,24,220,224,226,35,293,43,238,46,239,50,187
0,66,195,5,198,8,281,222,227,231,39,41,234,233,43,182,118,313,314
129,66,195,321,5,23,155,222,224,228,230,231,234,235,114,115,51,54
1,322,131,17,213,22,218,27,222,30,34,35,37,229,230,231,232,238,312,318
322,66,5,200,221,30,224,33,230,234,45,51,54,62,57,122,315,318,319
5,200,73,329,10,16,81,218,222,230,231,233,43,237,238,239,54,311,251
128,321,129,64,132,3,8,12,22,218,285,222,33,227,228,229,232,234,238,240,59
128,3,4,5,12,24,222,34,231,233,234,43,238,239,175,47,55
66,5,198,6,327,21,222,30,224,230,231,234,43,45,54,317,62
66,5,201,20,222,32,230,231,234,235,43,174,49,50,51,54,313,314
322,324,6,145,219,221,287,97,34,230,236,46,56,315,61,318,319
66,5,200,73,138,329,81,222,160,32,37,230,231,237,49,51,53,54,311
66,5,6,327,136,9,17,222,224,229,230,231,234,43,238,313,187
0,3,4,329,10,81,24,27,311,34,231,39,233,43,239,47,55
129,66,195,196,5,7,206,83,154,31,32,230,105,235,111,240,112,117,57
69,261,263,264,269,81,89,283,106,110,241,243,244,123,252,253,254
259,68,69,5,268,81,87,98,123,110,305,242,243,117,313,251,188,127
69,261,264,269,79,81,278,87,283,98,106,242,243,117,251,252,253,254
259,263,72,71,8,269,77,79,274,216,283,32,99,241,244,182,253,254
256,257,258,261,262,5,71,136,267,77,269,276,283,32,98,245,248,249,187,254,127
259,198,73,74,267,80,81,275,276,87,88,283,100,51,246,251,254
257,258,259,261,263,72,7,268,269,77,15,276,280,283,93,291,107,242,247,254
69,264,269,81,274,281,283,92,32,97,106,114,243,248,251,253,254,255
256,257,258,260,261,262,200,267,270,81,213,89,243,245,248,249,122,251
260,261,69,135,264,263,75,270,85,278,277,92,104,107,111,243,117,250,251
260,261,69,263,264,73,270,271,81,275,87,283,110,242,243,246,249,250,251
65,264,265,328,273,280,89,284,41,107,241,244,308,119,252,253,254
69,263,72,265,269,217,283,284,99,41,107,50,244,182,119,253,254
259,263,77,269,80,274,275,276,88,281,283,39,106,47,241,51,244,246,253,254
259,325,69,265,74,268,269,81,276,87,89,284,98,100,101,109,243,190,254,255
256,261,69,264,75,269,143,271,81,277,278,283,93,106,243,120,252,254,255
256,257,258,260,261,262,267,81,88,89,93,30,32,35,44,52,245,248,249
256,257,258,260,262,267,88,89,93,30,32,35,180,245,52,248,249,122,318
256,257,258,259,260,262,267,81,278,89,287,230,295,108,109,248,249,122
256,257,258,260,262,267,269,275,281,89,225,39,47,248,249,122,318
257,258,69,261,264,269,81,278,283,93,98,100,106,242,243,249,251
256,257,258,260,261,262,267,203,81,89,112,243,245,248,249,122,251
65,259,263,264,74,266,269,276,278,25,283,99,47,48,241,247,250,251,253,254
260,69,261,263,264,75,269,270,81,283,96,98,106,242,243,250,251,252
66,72,265,77,79,276,213,280,90,283,100,103,106,107,50,119,253,254
256,70,199,263,73,266,74,201,207,81,217,92,160,97,243,121,62,255
256,257,258,260,262,267,80,88,89,184,287,97,51,245,246,248,249,122,318
66,259,263,74,268,77,272,211,31,99,100,107,48,242,255
71,269,77,208,274,276,281,283,32,163,100,39,107,47,243,244,121,254,255
256,257,258,260,262,263,264,267,270,81,89,282,250,117,248,249,122,251
256,259,323,69,200,74,268,269,142,271,272,81,87,100,109,177,242,243,251,255
66,259,263,74,268,271,272,211,31,99,100,107,116,122,255
69,263,328,269,77,79,273,274,275,87,281,283,94,106,176,304,244,117,308,253
192,259,263,268,77,78,274,83,82,90,283,96,99,102,103,108,113,244,253,254
263,73,202,269,273,81,275,281,283,94,36,39,172,47,244,189,251,253
256,259,7,72,74,268,77,269,276,86,87,280,247,289,100,101,107,116,119,121
261,69,75,269,270,81,85,278,277,87,89,92,98,109,243,117,251
0,1,261,69,263,75,81,19,84,85,278,281,27,92,94,111,243,117,185,250
69,142,81,210,84,279,281,282,283,157,225,39,104,106,301,110,242,243,118,249,251
261,69,264,75,269,85,280,216,283,98,106,242,243,244,117,119,254
259,198,265,204,269,142,275,281,283,159,39,242,243,245,118,124,253,254,255
65,259,68,262,263,200,269,271,81,275,86,281,282,283,94,108,109,241,243,116,249
259,69,263,72,71,77,269,208,276,213,283,32,241,243,244,251,253,254,191
191,69,264,75,269,81,283,284,98,106,242,243,249,251,252,254,255
128,130,131,132,133,136,139,140,285,286,290,123,125
128,130,131,132,133,136,139,140,286,288,123,125
128,129,130,131,133,134,136,138,139,140,287,288,289,291,122,123,127
128,130,131,132,133,136,139,140,286,288,123,127
128,130,131,133,137,138,139,289,290,291,122,124,125,126,127
128,130,131,133,136,137,139,140,286,289,290,291,123,125
128,66,130,131,133,135,136,137,138,139,288,289,291,123,124,125,126,127
330,142,147,148,158,292,170,299,172,174,175,303,307,308,310,311,184
141,148,153,158,293,294,296,299,172,301,300,175,174,306,179,308,310,184
141,150,153,158,293,294,296,297,172,300,174,175,306,307,308,179,184
322,145,148,221,158,34,292,295,168,297,172,174,175,307,308,309,310,179,184,315
330,148,153,155,158,160,293,294,296,297,301,175,177,178,307,308,179,184
144,145,213,88,155,158,34,293,294,295,296,297,298,169,301,178,179,309,310
330,142,144,146,149,155,158,160,296,298,170,174,175,304,178,307,180,308,179
330,142,146,148,158,292,296,299,172,173,302,175,174,178,307,308,310,184
330,141,150,152,153,157,158,99,296,300,175,177,306,307,308,179
71,330,146,158,163,164,296,104,297,171,172,301,170,175,168,302,307,308,179
65,144,146,155,157,158,160,164,41,299,301,302,47,48,175,178,304,180,190,255
148,158,292,293,166,167,299,172,174,175,303,306,307,308,310,311,184
197,330,143,146,147,155,156,164,169,298,301,302,304,178,307,180,308,181
5,330,141,142,146,154,155,158,170,300,172,174,175,305,178,306,308,307,180,186
141,142,147,150,152,153,292,167,169,300,175,177,306,179
330,142,148,149,153,158,294,296,299,172,174,175,178,307,308,309,184
328,330,142,148,153,158,294,296,300,172,174,175,306,307,308,309,184
330,142,153,155,158,296,170,172,175,178,307,308,309,184
145,148,158,292,295,297,170,299,172,174,303,175,307,179,309,310,184
73,10,16,81,144,146,23,155,158,292,231,169,170,237,303,239,175,178,180,311,251
322,194,324,200,328,204,205,209,210,213,215,103,186,312,313,314,187,188,318,319
192,66,259,195,194,74,268,205,209,210,211,213,215,232,313,187,124
193,319,327,201,205,208,209,210,214,215,60,189,313,314,187,316,317,191
322,323,324,199,200,328,201,202,208,213,22,32,187,312,122,315,318,319
192,323,326,328,76,205,209,210,211,214,215,162,165,186,314,187,316,317,191
322,323,324,194,200,328,205,206,14,209,210,213,215,217,312,315,317,318,319
256,322,195,324,328,200,205,208,81,210,211,209,213,215,34,181,312,315,318,319
322,194,324,199,200,328,205,209,210,213,215,312,248,314,187,318,319
320,194,326,327,203,205,208,209,210,213,214,215,313,314,187,316,318,191
321,193,195,203,204,205,206,209,210,212,215,28,171,114,314
322,323,324,199,200,328,201,202,327,205,210,211,213,217,34,312,315,318,319
194,323,324,197,199,200,202,205,209,210,213,215,312,313,314,187,316,317
322,323,324,194,198,200,328,205,208,209,210,213,215,94,312,314,187,318,319
193,194,325,327,199,203,205,209,210,277,213,87,215,93,97,109,54,120,187,191
192,323,326,200,202,205,206,208,209,210,211,214,315,53,187,316,319
65,322,325,199,327,200,201,329,202,205,208,209,210,214,215,313,314,189,191
192,323,195,196,326,328,330,205,206,208,209,210,211,214,307,308,309,314,187,316
194,329,202,138,11,205,16,209,210,213,26,90,231,312,313,187,188,189
256,323,261,69,200,73,74,77,271,81,85,98,41,177,242,243,116,54,246,251
261,69,71,73,74,266,81,275,277,119,280,87,231,237,246,311,251
69,261,73,75,269,81,275,277,87,94,109,48,242,243,246,249,251
0,64,5,200,329,10,16,19,183,222,230,231,39,234,43,237,311,120,59
64,3,198,8,12,16,17,23,29,225,33,227,38,232,234,42,110,59
0,320,131,3,12,145,213,220,223,161,226,35,34,289,40,238,185,122,60
66,195,5,6,9,207,145,222,287,224,230,231,233,234,43,238,59,317
66,2,5,199,201,266,265,207,217,157,289,35,230,231,41,43,53
3,4,7,12,80,275,276,88,24,247,223,34,233,43,47,239,246,55
64,5,199,200,10,13,81,222,30,32,37,231,40,234,44,237,45,52,54
66,5,199,7,201,16,222,31,38,231,234,42,237,46,239,48,61,53,56,60,189
66,5,6,9,27,222,32,224,230,231,234,43,238,51,54,187,317
0,66,5,9,144,211,84,216,27,222,102,231,234,43,46,238,180,59,317,63
0,128,66,5,23,222,30,32,224,230,231,40,234,51,54,313,314,189
66,323,5,200,138,222,32,224,37,230,231,234,44,237,51,54
128,64,66,5,199,200,284,222,224,32,230,234,48,51,54,190
128,321,66,64,132,5,16,21,285,222,162,230,231,234,43,238,51,54,317
192,66,67,4,5,326,7,149,22,221,38,234,46,48,61,56,316,317
66,5,328,9,16,24,218,27,222,224,233,234,43,187,238,308,59,317
66,3,4,5,12,205,275,24,223,34,233,234,43,47,48,239,55,313
3,4,329,12,16,24,311,223,34,231,233,43,47,239,55,251
64,1,322,131,213,22,218,27,30,34,35,37,229,230,231,232,52,312,318,319
128,66,5,10,18,222,230,231,233,234,43,238,54,59,188,127
0,66,5,9,142,17,220,222,30,224,230,231,40,234,43,45,238
0,1,5,199,201,22,218,222,30,32,35,36,37,229,231,232,234,43,237,52,54,189
66,5,199,201,207,217,222,224,36,230,234,173,51,53,54,189
3,4,266,85,24,223,34,39,233,43,239,47,242,55,190
65,66,3,12,16,17,211,223,289,225,161,232,42,238,47,48,313,58,60
128,64,66,3,5,8,11,12,22,23,27,222,33,227,230,234,42,43,46,59
0,66,323,5,135,10,279,218,227,230,231,39,233,43,237,52,122,59,253,126
135,329,10,73,74,207,16,81,222,37,231,233,59,43,237,239,311,251
0,1,66,4,5,13,149,218,27,289,100,38,39,233,43,46,238,239,55,59
0,64,5,198,6,9,204,82,27,222,224,59,234,43,238,187,317
64,2,66,5,135,201,216,30,222,224,230,231,234,43,238,244,54,59
128,66,132,5,198,8,16,17,22,218,222,225,227,233,234,43,238,314,63
128,64,66,3,132,5,12,16,23,285,222,33,230,231,232,234,43,238,110,314,59
131,5,142,16,17,22,225,34,230,232,233,234,43,238,309,312,314,318,319
66,5,200,138,222,224,228,37,230,231,234,237,46,51,54,251
66,323,195,196,5,206,209,211,23,91,155,32,230,235,115,51,54
0,129,66,5,8,13,218,30,224,227,230,231,234,43,42,170,45,62
128,64,66,2,3,5,12,81,23,222,227,37,230,231,232,234,43,54,59
66,5,199,215,222,32,224,230,231,313,234,43,44,49,51,54,121,189
65,3,4,263,12,24,25,223,34,43,47,48,239,55,313
128,0,66,131,1,5,143,16,20,22,218,27,222,231,233,234,43,238,185,125
0,66,5,138,13,79,23,285,32,289,37,230,231,234,44,51,54,60
66,2,67,5,198,7,135,222,31,223,57,234,46,48,50,53,56,313,60,61
66,5,198,6,21,222,224,230,231,40,233,234,43,238,54,317
6,7,329,10,16,81,219,221,38,231,236,237,46,239,48,311,56,57,251,61
2,5,198,135,329,10,16,81,222,37,230,231,234,43,237,238,239,246,59
0,66,2,3,5,70,213,23,222,227,231,39,233,234,43,313,59,124
3,4,200,73,10,12,81,55,24,223,34,231,233,43,237,239,47,311,251
66,323,195,5,206,207,209,212,23,155,32,230,234,235,44,51,54
66,67,195,5,197,201,208,214,92,222,32,33,162,230,166,234,174,51,54,314
66,5,198,329,11,213,90,26,223,231,39,43,238,117,118,121,314,127
66,323,5,200,138,81,213,23,222,30,32,224,37,230,231,234,44,237,51,54
128,64,66,5,198,23,222,32,33,230,234,123,238,51,54,59,62
66,5,200,329,10,222,30,224,37,230,231,234,237,45,51,54,62
128,0,2,132,5,145,85,215,285,222,230,231,39,233,234,43,238,240,54,59
64,66,323,5,222,30,224,230,234,108,237,45,54,62
5,73,329,74,10,16,81,222,226,35,230,231,234,43,237,238,239,54,311
128,66,132,5,8,16,17,22,218,27,285,222,227,231,233,234,42,43,238,63
66,5,199,30,222,32,228,37,230,231,234,45,51,53,54,317,189
0,1,66,5,11,14,25,26,27,29,222,231,41,234,42,46,47,238,48,58
261,69,269,81,274,275,83,85,281,282,283,89,92,94,98,109,110,243,249,253
192,324,261,69,264,269,275,276,281,282,283,94,289,41,106,110,243
256,257,258,260,261,262,81,278,89,93,229,106,116,248,249,122,251,318
323,69,261,200,268,76,269,271,81,87,89,98,106,109,177,242,243,251,255
69,261,267,76,269,80,81,276,88,100,165,41,106,108,243,51,246,255
2,70,199,201,266,268,207,81,275,217,121,173,243,53,313,189
261,69,264,266,269,81,285,160,98,100,106,237,110,49,242,243,120,251
261,69,265,79,273,276,283,284,289,100,101,41,50,243,119,127,253,255
69,261,269,79,275,276,281,283,94,100,101,165,39,106,47,243,186,316
256,260,69,261,263,264,73,270,81,87,94,231,104,48,243,248,249,250,251
69,264,75,11,269,81,275,87,283,98,313,106,110,243,121,251,252,253,254
256,69,261,73,74,202,268,81,276,89,98,100,109,243,115,246,251
68,261,135,138,275,85,278,87,92,94,95,289,111,114,115,178,117,118,122,127
68,261,135,200,71,269,271,81,86,283,98,99,243,244,117,116,250,251,253,254
259,69,73,74,268,269,271,272,81,275,87,218,91,284,107,109,246,251,255
261,69,264,75,269,81,85,89,283,157,94,98,106,241,243,249,251,252,254
72,8,77,269,276,85,21,280,283,98,99,164,166,41,107,241,244,116,253,254
68,69,261,269,79,81,277,214,280,89,283,98,106,110,241,243,116,119,251,252,254
68,69,261,71,266,76,269,12,79,81,86,279,94,121,98,106,242,243,116,313,255
68,261,69,262,71,75,278,86,87,92,98,104,106,111,112,114,243,116,117,121,250
256,257,258,259,68,262,71,267,81,213,86,89,106,116,248,249,122,251
65,259,69,263,264,269,81,274,282,283,94,32,99,165,243,182,253,254,255
258,260,261,69,264,73,74,10,270,81,275,94,172,242,243,180,246,249,250,251,189
65,72,265,269,77,206,283,284,155,32,101,41,107,47,305,115,119,122,253,254
69,261,70,264,141,269,79,275,85,87,98,106,42,298,110,242,243,117,251
256,257,68,261,262,69,70,71,269,213,86,89,121,98,41,106,47,243,116,245,248,249
256,263,72,71,8,9,269,274,276,21,87,283,32,99,164,166,241,244,253,254
256,258,260,262,71,269,275,89,281,283,32,47,245,248,122,318
256,192,259,263,72,269,142,271,22,88,89,283,27,30,32,35,44,241,244,52,253,254
256,257,258,260,262,71,267,77,269,89,281,283,32,289,178,245,248,122,318
256,257,258,260,262,71,267,77,269,89,283,32,243,245,248,249,122
256,7,71,265,269,14,281,283,221,57,31,47,48,241,244,53,248,249,60,253,254
256,259,323,263,71,73,74,200,269,77,271,218,283,32,244,247,187,253,254
192,69,326,263,72,8,269,17,21,214,87,283,99,166,178,244,182,188,253,254
68,71,8,269,275,276,21,86,281,283,99,164,166,241,244,116,247,188,253,254
256,257,259,262,72,265,73,268,77,76,89,94,244,245,248,249,122,188,254
256,0,263,72,8,73,269,77,274,19,283,94,99,166,39,241,244,120,188,253,254
256,326,8,138,269,274,21,281,283,289,99,166,46,244,182,122,188,253,254,127
256,192,263,72,8,73,269,276,21,283,91,94,99,166,241,178,244,247,188,253,254
256,69,73,202,74,81,275,87,237,109,244,246,311,251,188,254
256,257,258,260,262,213,89,283,42,43,244,245,248,249,122,318
66,259,263,74,268,77,272,87,31,99,100,101,107,254,255
256,67,73,269,13,273,18,275,88,281,89,283,94,30,96,32,35,44,241,52,316,253
65,66,259,261,6,72,265,85,280,283,284,92,99,50,244,119,57,253,254
256,257,258,259,260,262,73,14,89,283,94,245,248,249,122,317,319
256,261,69,263,75,269,81,85,278,87,92,109,111,243,115,117,250,251
65,258,261,69,198,265,269,85,277,280,217,283,100,101,41,50,119,253,255
256,257,258,259,260,262,81,213,89,90,313,108,109,245,248,249,122
256,261,69,73,74,269,81,82,275,278,87,109,243,246,54,121,251
259,263,72,8,329,269,208,274,276,277,21,283,99,166,40,49,244,182,189,188,253,254
263,71,265,8,9,269,77,274,21,280,281,283,32,99,166,241,243,244,119,253,254
192,71,72,8,76,77,269,274,276,21,280,283,32,99,114,244,253,254
66,69,73,81,275,85,87,283,94,109,46,242,243,244,246,248,249,251
256,69,70,263,8,269,77,17,276,21,87,283,99,166,114,178,244,182,247,253,254
66,261,73,267,271,80,81,87,88,283,91,106,243,51,246,251
256,257,258,260,262,330,267,213,89,309,245,248,249,122,318
66,259,263,74,268,269,272,211,276,279,280,283,31,99,176
65,263,76,269,77,274,88,281,283,92,32,97,96,47,114,51,244,247,316,253,254
70,199,266,267,207,80,81,275,276,88,217,283,91,97,51,244,246,184,121,254
68,261,69,71,264,79,81,85,86,279,98,165,104,106,110,242,243,116,251
261,69,269,81,275,277,85,278,86,87,89,92,93,94,98,109,111,115,117,248
261,69,267,77,79,80,81,276,88,103,106,111,243,51,244,246,249
261,71,9,77,269,13,274,278,283,92,32,100,114,244,117,187,253
0,1,261,73,74,81,275,19,281,283,27,93,94,237,243,248,249,251
256,257,258,262,200,267,80,209,212,213,88,89,51,245,246,248,249,122,316
256,257,258,259,260,261,262,268,84,213,89,245,248,249,122
69,261,263,264,266,75,269,81,283,94,98,106,110,242,243,251,252,254
256,263,71,135,269,276,280,281,153,283,284,32,296,106,177,244,247,253,254,255
256,259,71,73,202,267,268,269,271,80,81,276,88,283,100,301,51,244,246,251
192,68,69,261,71,329,75,79,274,280,98,100,106,301,243,244,117,116,188,189,255
68,69,261,71,264,74,75,79,81,86,279,98,36,106,110,112,242,243,116,122,251
259,263,72,74,268,77,272,211,280,88,31,99,297,178,119
256,257,318,259,69,263,135,269,208,276,89,283,156,99,164,36,169,244,181,250,253,254
0,1,261,69,271,281,283,27,157,94,104,106,110,241,243,120,249,122,251,255
69,261,73,269,207,81,275,87,89,121,98,109,242,243,246,249,251
259,69,263,264,268,269,81,280,281,283,32,100,165,107,109,243,244,253,254,255
256,257,259,4,262,72,265,267,213,89,283,225,104,245,119,248,249,122,254
256,257,262,71,72,267,269,80,276,88,89,283,32,99,51,244,245,246,60,254
256,259,68,263,71,73,10,81,275,86,283,99,106,244,116,251,253,254,255
68,261,71,329,75,269,275,85,278,21,86,283,92,94,234,243,244,117,116,250,188,189
256,70,71,199,201,266,74,207,79,276,217,283,95,173,244,53,121,189,254
259,69,265,77,270,85,89,282,283,98,106,241,243,244,116,117,252,253,254,255
66,259,263,74,268,272,211,276,280,31,99,102,107,48,119,254
256,260,261,262,263,264,73,270,81,18,275,87,89,283,242,243,249,250,251,254
257,68,261,69,70,71,270,79,81,85,86,87,98,106,110,242,243,116,249,122,254
256,257,261,267,269,80,276,85,278,87,88,281,89,283,91,92,168,51,246
320,66,261,69,73,77,81,275,85,278,94,98,243,116,117,251,318
261,69,204,268,81,20,85,278,279,281,157,100,39,106,242,243,114,117,118,124,254
259,326,263,72,71,77,269,208,274,214,280,283,32,107,305,244,186,253,254
259,195,262,135,72,265,76,77,206,280,155,100,297,107,112,176,115,244,182,119,122,254
261,69,264,73,75,269,81,278,283,94,32,98,106,111,242,243,117,249,251
65,196,69,263,135,273,274,275,281,282,283,92,94,97,111,241,114,118,123
69,261,73,269,81,275,276,281,94,39,47,48,242,243,246,120,185,251
69,73,269,271,81,275,87,98,237,46,109,242,243,246,248,249,251
69,263,265,267,269,80,274,275,119,88,281,283,41,51,246,247,248,253
261,69,75,269,81,84,85,278,87,89,92,94,98,104,109,110,243,117,250
256,326,263,71,8,269,77,276,87,281,283,32,99,166,241,244,187,253,254
261,69,264,266,75,269,81,85,87,283,106,107,242,243,121,250,251,252,254
256,257,258,322,260,262,263,264,270,81,89,250,248,249,122,251,318
261,75,85,278,277,279,218,92,284,94,162,104,170,301,111,243,117,250,255
261,69,75,267,81,85,278,87,282,92,284,94,97,109,110,243,249,251,255
69,261,264,269,81,83,85,26,283,94,313,106,107,110,243,249,251,252,254
259,69,72,265,76,77,217,89,284,41,241,50,243,119,252,253,254,255
256,257,258,260,261,262,69,267,81,213,89,243,245,248,249,122
256,67,68,261,69,200,269,271,18,84,86,281,283,94,96,98,110,243,116,249,254
256,257,258,260,262,72,73,267,81,89,34,122,245,248,249,58,253
256,257,260,261,262,69,75,76,81,150,89,243,245,248,249,122,251,318
256,257,258,260,262,267,88,89,93,30,32,35,37,44,52,245,119,248,249,318
259,195,135,73,265,206,81,147,276,86,91,283,155,297,176,115,244,182,122,251,253,254
261,69,73,269,81,275,87,94,231,107,237,109,243,246,311,249,251
67,261,200,267,269,80,209,18,276,212,278,21,88,283,94,96,103,243,51,246
256,257,258,259,260,262,267,81,89,287,230,295,115,245,248,249,122
256,259,261,262,69,269,81,85,278,87,89,283,92,94,287,295,111,243,117,254
256,259,70,263,72,8,269,17,276,21,87,283,99,166,178,244,182,253,254
256,257,258,259,262,265,267,89,91,287,230,295,41,245,248,249,122
259,261,69,73,81,209,275,87,94,287,295,243,246,248,249,251
66,259,69,261,262,264,269,81,283,98,106,107,243,248,249,251,252,254
256,257,258,259,260,262,264,267,81,89,287,96,295,109,241,245,248,249,122,252
259,68,69,261,264,329,75,79,81,283,98,169,106,49,242,243,116,311,249,251,188,189
256,257,260,261,262,68,269,275,276,89,281,283,105,47,243,116,245,248,249,122
256,259,69,264,11,77,269,271,274,84,280,281,283,106,110,241,243,244,253,254
0,1,261,69,269,79,81,273,281,283,27,94,98,41,106,110,243,244,122,251
257,69,264,267,269,80,81,275,88,281,283,91,109,51,246,252,253
259,263,74,268,269,80,272,276,280,88,283,31,99,107,51,246,125,254
261,69,329,75,269,79,81,278,281,283,94,223,289,98,39,41,106,243,116,117,188,189
68,69,261,71,73,10,81,275,277,278,86,94,106,242,243,116,311,313,251
256,65,261,69,263,71,12,269,77,271,276,283,156,32,100,106,243,244,254
320,195,261,81,146,85,278,87,283,92,94,166,111,178,243,244,117,311,250,318
256,257,258,259,260,262,267,271,81,213,87,89,107,245,248,249,122
256,68,263,72,265,71,8,269,77,21,86,283,99,164,166,106,244,116,253,254
256,69,261,264,269,270,274,275,85,87,283,104,106,46,242,243,251,252,254
65,68,69,261,71,11,79,81,86,279,283,98,100,165,106,243,116,251,254
261,69,75,269,81,85,278,87,89,92,288,100,104,109,111,114,243,117,250
256,72,265,8,269,77,17,276,21,283,27,99,164,166,241,178,244,182,253,254
258,69,263,264,75,11,269,268,274,283,99,241,242,243,244,182,253,254
68,261,69,71,75,269,143,81,85,278,86,92,94,121,106,243,116,117,249,251
68,69,133,71,265,77,79,276,86,280,218,98,100,101,165,106,170,243,116,117
326,263,72,265,71,9,269,77,79,208,274,276,283,32,106,244,122,253,254
321,68,261,269,85,278,87,91,92,95,166,107,174,111,114,115,117,184
259,261,69,263,269,81,274,275,85,87,281,89,283,92,94,109,115,248
69,8,75,269,17,274,21,87,154,283,99,166,305,178,243,244,182,118,253,254
69,261,262,267,268,141,271,80,88,165,103,106,300,48,243,51,179,246
259,261,69,73,269,81,275,87,94,231,107,109,242,243,246,249,251
69,261,73,269,81,275,87,284,94,231,109,242,243,246,249,251,255
256,261,69,75,269,143,81,85,278,87,92,104,109,111,243,117,250
261,69,75,269,81,85,278,87,89,91,92,98,109,111,243,117,313,250,251
259,261,69,73,270,271,81,275,282,231,108,109,114,243,117,246,249,251
67,260,261,69,263,264,75,269,270,81,18,278,96,98,104,242,243,117,121,250,251
256,69,200,73,74,78,271,81,275,87,91,237,109,246,311,249,251
320,318,261,69,269,79,81,275,276,278,281,283,94,98,39,106,47,243,254
256,257,68,262,269,275,276,89,281,283,47,244,116,119,248,249,122,254
261,69,264,269,81,85,278,87,283,98,106,242,243,119,251,252,253,254
261,69,75,269,81,85,278,87,89,91,92,94,231,109,111,114,243,115,117,250
67,68,261,71,269,270,18,275,82,86,87,283,94,96,106,110,111,243,244,117,116,251
261,69,263,198,264,269,270,15,273,17,275,85,21,281,283,94,225,229,233,238,243
68,69,263,71,269,79,81,276,278,86,281,94,98,106,107,242,243,116,313
65,261,71,9,269,77,79,208,274,276,283,95,32,106,42,301,243,244,254
68,69,261,325,327,269,85,278,94,98,100,166,103,106,107,45,174,111,114,243,117,184
261,69,264,75,269,81,85,278,87,89,92,98,163,104,109,243,117,250
67,69,73,269,273,81,275,18,87,281,89,283,94,96,290,109,110,243,56,251
69,261,266,75,81,213,278,283,92,160,98,298,237,111,49,242,243,117,120,250,191
68,69,5,71,265,269,81,86,283,121,98,106,243,116,312,249,251,188,254,127
256,261,69,70,199,264,266,201,207,81,278,280,217,173,243,117,53,119,121,189,254
259,261,69,264,8,269,270,81,282,283,98,59,108,109,242,243,117,249,251
66,69,261,73,269,81,275,87,98,106,109,46,242,243,246,249,251
69,73,203,268,269,272,81,16,275,87,92,106,237,110,246,251,253
259,195,68,263,72,269,81,211,276,280,94,290,100,101,166,103,107,174,119,59,253
256,261,73,74,202,268,205,81,210,275,280,283,94,231,242,243,119,251
256,68,263,8,269,77,276,21,86,280,283,99,164,166,106,241,244,116,253,254,319
65,259,71,79,144,146,280,283,92,29,95,106,112,243,244,117,180,188,253
66,259,263,265,74,268,272,31,99,100,101,102,107,119,253
261,69,264,11,269,81,275,85,87,283,98,106,110,242,243,251,252,253,254
68,69,261,9,75,269,275,281,90,283,98,99,39,106,110,47,243,247,249,253,254
261,69,264,75,268,269,81,84,281,283,98,106,110,242,243,249,126,251,124,254
68,261,69,263,266,75,269,81,85,278,87,89,92,94,109,111,114,115,117,250
68,263,72,73,81,275,84,216,283,91,290,102,106,46,116,247,253
259,195,265,269,206,274,91,283,155,289,41,243,244,115,182,248,122,253,254,255
256,259,263,72,7,268,77,270,276,277,280,282,283,219,107,242,116,117,247,254
66,259,263,71,74,268,271,272,79,211,31,95,99,100,242,255
261,263,71,269,77,274,85,281,283,92,94,32,114,115,244,187,253,62
256,69,263,8,269,77,81,276,21,283,99,166,109,241,178,244,247,126,124,253,254
65,257,258,261,69,81,275,85,278,87,281,92,93,111,114,115,244,117,313
68,261,69,71,73,10,75,79,81,278,86,28,93,94,100,106,242,243,116,117,188,255
68,69,261,269,141,77,81,19,276,85,278,86,283,94,98,113,243,116,117,122,254
261,69,5,71,142,79,212,278,95,98,100,123,111,305,242,243,244,117,249,251,188,127
263,8,269,77,142,274,275,20,21,280,283,157,36,164,166,114,178,244,117,119,253,254
263,267,269,142,79,80,275,279,88,281,283,241,51,244,246,118,253,254
256,68,262,71,73,10,75,269,270,81,276,86,282,283,244,117,116,251,254
69,261,73,269,271,81,275,87,220,94,98,109,242,243,244,246,249,251
259,69,72,265,77,269,146,21,119,280,217,283,91,41,107,50,247,253,254
256,69,263,72,265,8,269,77,17,81,276,21,87,283,99,166,178,244,182,253,254
258,259,261,69,85,278,277,87,92,93,108,109,111,114,115,243,117,180,250
67,68,265,144,18,146,278,86,280,283,96,100,112,244,117,180,116,190,253,254
261,69,264,330,75,269,80,19,276,278,283,94,98,106,243,309,121,60
256,68,263,72,73,71,8,269,77,276,21,86,283,99,164,166,106,244,116,253,254
69,261,264,266,75,74,203,269,272,81,98,165,106,174,242,243,120,121,251
256,257,259,326,71,269,77,208,81,274,276,89,283,32,241,243,244,252,253,254
65,69,264,77,270,269,81,84,153,282,283,284,106,243,182,249,251,252,254
261,69,264,268,269,81,278,283,289,98,106,111,242,243,178,117,251,254,255
66,69,263,264,268,269,274,283,106,241,242,243,244,123,254
0,1,259,72,265,137,75,268,77,269,276,280,281,218,27,94,289,100,101,41,107,119
68,69,70,71,200,73,271,79,81,275,278,86,283,106,110,177,242,243,116,117,121,251
191,261,269,81,276,213,278,85,87,283,92,98,298,109,111,243,117,254,255
261,69,264,267,269,80,81,274,85,278,88,283,32,106,243,51,246,248,251
143,208,145,146,155,156,158,164,231,167,169,43,301,302,304,177,181,310,311
2,330,142,144,145,146,18,149,155,158,160,296,170,175,178,307,179,180
321,193,203,149,278,154,162,167,171,301,175,111,305,114,179,182
142,148,153,158,165,293,296,170,299,172,174,175,177,306,307,308,179
141,142,147,148,149,153,154,158,167,296,172,174,175,177,306,307,308,179,183
141,150,153,157,158,296,170,300,172,301,177,306,307,308
141,148,158,292,231,172,174,175,303,306,307,308,179,310,311,184,251
330,142,271,147,148,158,169,298,170,172,174,175,177,307,308,180,310,311
330,146,150,151,22,152,159,32,165,296,168,42,299,172,302,175,178,307,308,182
65,329,11,143,144,155,156,157,158,292,293,231,298,173,302,303,175,180,181,311
148,158,292,293,299,172,174,175,303,177,307,308,179,310,184
261,269,142,273,81,149,119,87,153,88,158,160,299,109,302,175,178,307,308,116,118,183
4,330,142,143,146,281,157,158,160,161,164,168,296,302,47,175,178,307,308,118
146,147,153,155,158,294,296,297,299,302,175,176,178,307,308,179,184
141,142,148,150,153,158,295,296,299,172,300,174,175,306,307,308
141,142,144,155,157,158,296,168,170,299,172,300,302,175,304,178,307,308
330,142,144,146,155,158,160,293,294,296,297,301,302,175,178,307,308,179
330,142,146,149,155,158,161,297,298,169,170,174,175,178,307,180,309,308,54
72,73,330,144,146,150,151,159,160,161,165,296,168,302,175,178,307,308,182
141,146,147,150,152,153,154,155,296,299,300,302,175,177,306,307,179
330,142,146,148,149,155,158,160,161,296,170,172,174,175,178,307,308,309,184
142,148,158,292,293,170,299,172,174,175,303,177,307,308,310,184
148,158,292,170,299,172,171,301,175,174,303,306,179,308,307,178,310,184
323,4,73,138,150,151,152,30,292,165,167,168,300,237,174,303,239,307,308,52,311
3,330,12,150,151,154,161,34,164,165,168,171,43,173,175,111,112,178,307,308
142,144,146,149,154,158,159,160,167,302,175,178,307,308,179,182,183
141,148,158,292,293,167,170,299,172,174,175,303,306,179,308,310,184
65,143,144,88,155,157,158,161,164,167,169,298,297,173,302,47,175,178,180,53,181
141,146,147,155,29,158,293,294,296,299,172,174,175,178,307,308,180,184
7,16,19,150,151,152,159,292,165,168,46,303,239,175,302,307,308,179,182,311,186
2,4,330,142,144,155,93,158,294,38,296,298,302,175,178,307,308,180,61
141,148,153,158,292,170,299,172,174,175,303,306,307,308,178,179,310,184
330,142,148,155,158,296,297,170,299,172,302,175,174,178,307,308,306
329,10,145,147,158,292,294,231,167,172,237,174,303,175,177,307,308,179,310,311,184,251
129,330,142,144,146,155,157,158,296,169,302,175,178,307,308,180,306,311
141,142,144,146,148,149,155,157,158,160,161,296,300,173,302,175,307,179,181,183
321,144,154,155,158,160,161,166,170,171,172,301,299,175,305,178,179,180,185
1,193,323,4,321,330,203,142,151,158,162,165,294,168,171,175,114,115,307,50
68,261,144,146,147,86,87,155,160,296,299,110,112,178,307,180,308,116
145,148,213,154,158,248,34,166,295,167,297,170,172,301,175,177,179,309,310,312,318
4,146,211,150,151,152,153,155,223,31,159,99,165,296,168,302,175,48,178,307,308,182
330,142,143,148,149,154,157,158,160,167,296,298,172,174,175,178,307,308,180,179
330,142,146,147,148,153,155,158,297,170,299,172,175,178,307,308,309
141,148,153,158,292,293,295,170,299,172,300,174,175,306,307,308,179,310,184
128,130,323,131,133,134,135,200,136,138,139,140,16,291,237,123,124,126
128,130,131,132,133,136,137,139,140,286,288,289,290,291,123,125
128,129,130,323,132,131,134,135,133,136,138,139,140,289,291,123,124,126,127
128,130,323,131,133,134,135,136,137,138,73,140,290,291,122,124,126,127
128,130,131,132,133,134,135,136,138,139,140,286,288,291,123
192,128,130,131,133,8,137,138,139,136,21,23,27,286,289,291,122,127
128,130,131,132,133,135,136,139,140,286,288,290,123
128,66,130,131,132,133,136,137,138,139,140,285,286,288,289,290,291,33,123,127
128,130,131,132,133,136,139,140,285,286,288,289,290,123,125
128,130,131,323,133,135,136,137,138,139,286,289,291,123,124,126
128,130,131,132,133,135,136,139,140,286,288,289,290,123,125
128,129,130,131,133,134,135,136,138,139,140,151,288,291,231,123,126,127
128,130,131,133,135,136,137,138,139,140,289,291,123,124,125,126,127
128,130,131,132,133,135,136,137,138,139,140,285,286,291,123,127
128,130,131,132,133,135,136,137,139,140,286,290,291,123,125
128,130,131,132,133,135,136,139,140,285,286,288,123
128,129,130,131,132,133,135,136,137,138,139,140,286,291,169,122,123,124,126,127
128,130,131,133,135,136,137,138,139,289,290,291,122,123,124,125,127
128,129,130,131,132,133,136,137,139,140,289,290,291,123,124,127
128,129,130,131,132,133,136,137,138,285,288,289,291,122,123,127
128,129,130,131,132,133,135,136,138,203,139,212,278,215,288,291,123,124,126,127
128,130,131,132,133,135,136,139,140,217,285,286,288,289,291,123,125
128,130,131,132,133,135,136,137,139,140,286,288,289,290,291,122,123,125
128,130,131,132,133,135,136,138,139,140,285,286,288,123
128,129,130,131,133,134,135,200,136,138,139,140,285,287,122,123,126,127
128,130,131,132,133,136,139,140,286,288,289,290,291,122,123,125
128,130,131,132,133,136,139,140,286,288,290,291,123,125
128,129,130,131,132,133,134,135,200,136,138,139,140,81,286,231,123,251
128,130,131,132,133,135,199,201,138,136,140,139,291,123,124,189,126,127
128,130,131,133,134,136,137,139,140,287,289,290,291,122,123,124,126,127
194,197,327,200,202,205,208,209,210,212,214,215,27,313,314,187,316,317,190,191
191,194,327,200,329,202,199,201,205,209,210,213,215,231,312,313,314,187,319
191,194,323,324,197,199,201,205,208,209,210,213,214,215,312,314,187,316,319
194,197,327,199,201,203,205,209,210,213,215,313,314,187,316,317,190,191
256,322,323,260,328,205,209,145,210,213,215,221,287,236,312,315,318,319
192,194,205,208,209,210,211,145,213,214,215,313,314,187,188,189,190,191
256,322,324,200,72,74,205,209,210,213,215,221,312,248,314,187,318,319
322,323,194,327,200,73,202,199,205,81,209,275,210,213,215,312,314,187,316,318,319
192,194,323,326,200,328,202,205,208,209,210,214,215,316,187,188,319
322,323,326,199,328,200,327,201,202,207,208,214,217,187,189,315,316,317,319
256,322,323,195,328,202,205,209,210,211,213,215,217,245,312,313,315,317,318,319
194,323,324,326,200,329,202,72,205,78,209,210,215,152,312,314,187,316,317,319
194,197,199,329,202,9,205,207,208,209,210,211,214,215,216,313,314,187,190,191
326,199,328,201,205,207,209,210,214,217,283,167,189,314,316,317,190,319
194,324,326,328,205,208,209,210,82,214,215,94,316,312,313,314,187,188,317,318,191
257,258,194,260,134,328,267,205,209,210,213,215,88,89,221,51,245,246,315,318,319
194,323,324,67,198,200,205,209,210,18,213,215,96,312,313,314,187,316,317,318
192,197,326,261,69,269,205,209,81,210,214,87,88,89,106,314,109,188,313,186,187,316
194,195,324,197,326,199,328,205,209,210,213,215,312,313,314,187,316,317,318,191
321,194,196,324,197,199,201,203,205,209,210,212,213,215,313,314,187,191
192,323,324,326,199,200,202,204,205,208,210,214,215,188,312,314,187,316,189,191
192,194,195,197,199,204,205,209,210,148,213,214,215,176,183,186,187,188,317
193,2,194,324,199,200,205,209,210,212,213,215,38,187,314,317,316,189,191
192,194,195,324,326,328,137,205,81,210,211,209,215,289,182,314,187,316,317,318
192,194,197,326,199,205,208,209,210,211,213,214,215,316,313,314,187,188,191
192,323,195,326,199,205,209,210,211,215,216,217,289,186,41,314,187,316
194,323,67,198,200,328,267,205,80,209,18,275,210,215,88,96,225,51,246,314,318
321,194,195,196,326,199,203,204,205,206,209,210,212,213,215,314,187,191
321,193,195,196,324,194,199,203,205,206,209,210,212,213,215,89,312,186,187
323,200,329,202,205,209,145,210,213,214,215,287,236,315,312,314,187,319
194,323,199,200,329,202,138,205,81,210,209,213,215,231,237,311,312,187,191
192,2,326,328,137,205,209,210,211,214,215,289,290,103,107,53,186,59,316
192,194,324,197,326,199,328,201,205,209,210,211,213,215,314,187,316,317,318,191
321,194,323,195,324,326,204,205,206,209,210,211,213,215,89,314,187,316,61
192,321,194,324,328,203,205,209,210,213,214,215,156,189,313,314,187,188,317
194,323,200,329,202,10,205,209,210,211,214,215,28,186,314,187,188,319
321,323,195,197,199,328,200,201,77,206,205,209,210,212,213,215,314,187,316,317,191
194,199,200,329,202,10,327,205,209,210,231,40,42,237,177,311,312,188,189
322,194,324,198,199,200,328,205,209,210,213,215,187,312,314,315,316,318,319
321,194,324,199,200,205,209,210,213,215,186,312,313,314,187,316,317,318
194,324,326,199,328,205,208,209,210,213,214,215,25,188,312,314,187,316,317,191
193,194,327,200,201,205,209,210,213,215,234,313,314,187,60,189
323,324,67,198,200,205,209,210,18,212,215,159,96,34,312,313,314,187,316,317
192,194,323,259,197,195,199,201,202,205,209,210,211,213,214,215,186,187,191
194,195,197,199,204,205,209,210,211,148,213,214,215,176,186,187,188,317,191
194,323,324,200,328,202,205,209,210,211,214,215,314,187,316,319
321,194,323,324,199,200,203,205,209,210,212,213,215,52,313,314,187,316,317,191
322,324,9,202,205,208,209,210,211,214,215,98,313,314,187,316,318,191
194,326,327,200,329,202,199,205,81,209,210,213,214,215,251,312,313,187
323,324,3,325,327,200,328,12,205,210,213,214,85,223,289,60,314,187,316,317,318,319
191,194,323,199,200,329,202,328,201,205,209,210,213,215,231,237,312,187,319
191,194,323,199,200,329,202,138,201,205,209,210,213,215,231,237,312,187,319
256,191,322,194,324,199,200,328,201,205,209,210,213,215,187,312,315,318,319
194,197,325,327,199,329,205,208,209,210,211,213,214,215,313,314,187,190,191
191,194,323,324,326,199,328,201,205,206,209,210,212,213,215,187,314,315,316,318,319
194,199,201,202,205,208,209,210,213,214,215,313,314,187,188,189,191
194,323,326,327,200,199,205,207,208,209,210,213,214,215,314,187,316,189,191
193,194,325,327,200,199,203,205,209,210,212,213,215,313,314,187,191
323,200,329,202,328,75,205,209,145,210,213,214,215,287,236,315,187,188,319
192,323,324,326,328,202,205,208,209,210,275,213,214,39,187,47,315,316,318,319
194,323,324,199,200,201,202,205,209,210,213,215,222,314,187,189,191
194,5,198,199,205,208,209,210,213,214,215,225,234,238,48,314,187,316,317,191
192,194,323,324,326,200,202,205,208,209,210,214,188,182,187,316
192,194,323,324,67,326,328,200,202,205,208,18,210,214,96,187,315,316,318,319
192,321,128,326,202,204,205,208,209,210,214,123,316,314,187,188,317
194,323,324,322,199,200,205,270,15,209,210,213,86,215,116,313,187,318
192,66,323,195,259,326,205,209,210,211,275,215,217,172,189,313,186,316,317
191,322,194,324,199,200,328,205,209,210,213,215,300,312,314,187,317,318,319
194,327,199,201,203,205,209,210,213,215,216,317,313,314,187,316,189,191
321,194,324,198,199,203,204,205,209,210,212,213,215,89,314,187,316,317
194,323,324,200,328,138,205,209,210,213,215,188,189,312,313,314,187,316,317
194,323,326,327,200,329,202,138,199,205,209,210,213,214,215,231,312,313,187
322,323,324,194,195,200,138,202,205,81,210,211,209,215,237,312,187,189,318,319
192,194,326,205,208,209,210,211,214,215,53,316,314,187,188,317,190,191
321,193,195,196,194,197,199,201,203,205,206,209,210,212,213,215,314,187,191
194,324,197,198,326,200,199,201,205,209,210,213,215,313,314,187,316,317,190,191
194,323,324,67,326,200,328,205,209,210,211,18,214,215,282,96,314,187,316,189,319
194,323,324,325,327,200,205,209,145,210,213,215,287,236,315,318,319
199,200,201,205,207,210,215,217,231,313,167,117,121,314,317,189,191
192,323,195,326,200,9,202,205,208,209,210,214,215,314,187,319
