0,1,130,5,133,13,276,22,26,282,27,30,32,35,37,170,43,44,306,52,313,316,320,324,69,198,218,222,95,229,231,232,240,243,117
2,261,6,7,138,269,275,276,26,283,28,31,42,46,47,56,61,324,68,329,79,81,86,87,88,91,219,221,106,236,237,109,116,247
3,131,6,136,9,12,16,17,24,288,289,290,293,166,43,47,50,179,308,58,187,316,317,198,327,328,200,220,222,224,226,233,234,236,238,117,123
3,4,6,7,11,12,145,22,287,32,31,34,38,297,42,46,47,48,50,53,56,57,315,60,61,322,67,205,89,219,221,229,230,236,245,122
0,5,136,13,20,24,26,30,32,33,35,36,37,40,43,44,45,47,51,52,54,313,316,317,62,320,64,66,200,220,222,224,229,230,231,238,243,252
257,258,3,260,4,262,12,16,24,281,285,34,39,43,47,310,55,58,315,317,318,322,324,198,213,89,223,229,230,233,239,245,118,122
0,130,5,9,30,32,37,43,44,45,50,51,54,313,187,316,60,62,320,66,69,198,327,219,222,224,228,229,230,234,237,238,240
0,1,130,3,15,17,19,21,23,281,27,158,32,33,37,43,44,51,54,55,313,320,64,198,222,94,224,225,229,233,234,106,238,239,117,121,251
4,5,6,8,9,16,23,24,35,293,40,41,43,46,47,50,179,53,55,58,187,317,63,320,198,199,327,220,222,224,226,232,234,238,239
0,2,3,5,6,8,265,144,19,281,157,160,289,290,39,41,42,299,43,50,54,317,64,66,198,205,218,223,227,230,231,233,238,118,119,253
128,1,261,6,5,135,19,23,155,32,297,44,45,51,54,61,321,193,323,66,195,203,206,209,87,215,92,222,224,228,230,232,105,234,109,114,122
0,257,258,1,260,5,262,12,16,17,22,27,30,288,32,34,33,35,43,52,310,312,318,64,322,213,89,218,222,224,229,230,232,238,248
257,258,260,5,262,267,12,13,30,287,32,33,34,37,295,43,44,45,51,54,312,318,62,322,66,89,221,222,224,228,229,230,234,236,237,245,248,122
5,10,138,140,266,16,275,276,22,43,46,303,54,311,58,59,63,66,199,329,73,81,218,222,224,230,231,233,234,237,238,239,246,251
128,1,0,3,261,8,12,22,23,27,30,32,33,34,35,43,44,47,52,54,59,61,63,64,324,87,218,92,227,228,229,232,109,238,117,120
0,130,3,4,5,136,12,16,17,279,24,34,39,42,43,47,175,55,316,317,320,324,207,223,100,101,229,233,238,239,252
261,5,6,9,271,21,26,30,32,43,44,45,177,51,54,57,187,62,320,66,324,329,222,224,226,228,230,231,234,237,238,239,243,246,251
0,257,130,258,260,5,262,12,13,20,26,30,32,34,37,43,44,174,49,50,51,54,317,318,66,324,89,222,224,225,229,230,233,234,235,237,249
257,258,6,7,267,12,145,287,31,34,38,295,46,48,53,56,315,60,61,319,322,71,328,213,89,219,221,97,229,230,236,122
5,135,138,10,140,266,13,16,275,276,160,32,292,37,43,44,303,49,51,53,54,66,73,74,81,84,91,221,222,224,230,231,234,237,239,246
130,3,5,6,136,9,17,277,24,38,43,47,50,54,313,187,60,63,320,66,222,224,226,100,229,230,231,232,233,234,238
0,3,4,134,135,10,138,140,12,271,16,275,22,24,26,27,28,34,39,42,43,47,55,63,329,73,81,91,223,231,233,234,237,239,246,251
128,1,129,132,7,19,278,23,154,285,31,162,38,53,56,57,321,195,196,206,209,83,215,92,230,105,111,240,112,114,117,122
263,264,269,273,279,281,283,32,39,41,307,308,69,328,330,79,81,87,89,98,230,106,109,241,243,117,123,252,253,254
130,5,261,263,268,141,269,271,273,277,300,177,305,313,188,68,69,81,87,89,248,98,123,109,127,241,242,243,120,251,252,253,255
257,5,261,264,269,275,279,283,32,292,312,313,324,69,79,81,87,89,98,249,106,109,241,243,246,248,121,251,252,253,254
257,6,8,11,12,269,274,21,27,283,32,166,42,178,187,188,323,326,71,202,77,79,208,216,99,114,244,245,253
257,258,260,261,262,5,136,267,12,269,271,274,283,32,34,305,315,188,187,192,326,71,202,77,208,89,98,114,244,245,123,253,127
257,5,261,10,138,267,269,16,275,276,26,51,324,68,69,198,73,80,81,84,86,87,88,91,102,103,237,109,239,116,246,247,251
257,258,261,7,267,268,269,15,276,278,280,283,291,324,68,70,71,72,73,74,84,86,119,219,91,92,93,102,105,106,237,242,116,246,247,121,253
256,257,258,260,261,262,264,267,269,283,32,34,310,318,324,69,81,87,89,92,97,98,229,106,109,110,241,114,243,246,248,249,252,253,254
256,257,130,259,260,5,262,258,261,267,269,276,43,312,317,318,324,69,200,81,213,87,89,98,109,243,245,247,248,249,122
128,260,261,135,264,263,269,270,277,171,63,193,69,75,81,83,84,85,87,89,92,93,94,95,248,98,104,107,109,114,115,117,120,250,251
260,261,135,263,264,138,10,266,140,269,271,270,16,275,283,292,303,311,69,73,74,329,202,81,87,89,98,231,237,109,239,246,121,250,251
263,264,265,269,273,281,283,284,289,41,304,50,308,66,69,72,328,217,89,227,107,241,243,117,119,252,253,254
263,264,265,269,274,276,280,281,283,284,289,41,50,182,66,69,72,87,217,227,99,106,107,241,243,119,252,253,254
263,267,269,273,274,275,276,279,281,283,39,42,47,48,51,308,68,69,71,72,328,79,80,86,119,88,230,106,241,116,117,246,247,252,253,254
130,261,263,264,266,268,269,14,284,41,177,190,324,325,69,71,75,81,84,87,88,89,90,248,97,98,100,101,109,110,114,243,117,120,249,255
256,261,264,269,143,271,276,277,26,283,30,32,43,313,314,316,62,320,324,69,76,79,81,87,89,224,98,106,109,110,241,243,252,253,254
256,257,258,260,261,262,10,267,13,271,278,22,30,287,32,34,35,37,44,52,312,318,322,199,200,73,201,88,89,93,229,230,245,248
256,257,258,260,261,262,267,269,13,145,30,287,32,34,35,37,44,45,180,52,310,318,322,324,199,201,88,89,93,229,230,245,248,122
256,257,258,259,260,5,262,267,278,287,34,295,310,315,318,322,69,213,87,89,230,108,109,245,248,249,122
256,257,258,260,261,262,267,12,269,275,281,34,39,47,48,312,185,318,322,324,213,87,88,89,229,230,245,248,249,122
256,257,258,260,261,262,5,264,267,269,270,271,278,283,43,310,324,69,79,81,87,89,93,234,106,109,241,243,245,246,248,249,252,253,254
256,257,258,260,261,262,267,269,271,34,310,318,322,69,203,81,213,87,89,98,229,230,109,112,243,245,246,248,249,122,251
259,3,260,263,264,266,268,270,272,278,25,31,47,48,65,66,328,74,211,119,99,100,101,123,109,241,247,253,250,251,124,125
260,261,263,264,269,141,270,273,276,283,43,313,314,316,320,69,79,81,86,87,96,106,109,241,243,249,250,251,252,253,254
2,265,266,279,283,284,289,39,41,42,299,302,50,66,68,69,71,201,79,254,213,86,217,90,227,103,106,116,119,121,253,126
2,263,265,266,276,160,36,167,173,49,53,181,189,62,324,70,71,199,73,201,74,207,84,213,88,217,92,97,237,114,121
257,258,260,261,262,267,271,287,34,51,312,184,318,324,80,213,87,88,89,97,229,230,103,245,246,247,248,249,122
259,263,268,269,272,276,31,41,48,313,66,69,74,81,211,87,89,92,99,232,109,242,247,124,125
11,12,269,274,275,276,281,283,32,163,39,42,47,187,69,326,71,72,77,208,214,244,245,121,253,254
257,258,260,261,262,5,263,264,267,270,271,282,310,312,69,213,86,87,89,122,239,243,245,246,117,248,249,250,251
256,257,261,262,134,264,10,267,269,142,271,275,177,323,69,200,73,75,81,84,87,89,120,97,98,229,234,109,239,243,245,246,248,249,251
3,259,263,268,272,276,31,48,177,313,66,68,70,71,74,79,211,86,91,99,100,101,232,106,109,110,111,116,246,247,121,122,125
3,263,264,12,269,273,279,281,283,176,304,308,69,328,77,79,81,87,88,225,106,241,243,117,118,252,253,254
256,263,11,268,269,142,274,19,20,283,157,32,39,42,47,192,66,72,77,78,208,82,83,90,94,96,99,102,103,108,113,114,244,245,253,254
135,10,138,140,269,16,275,276,281,26,36,39,172,47,48,311,185,189,69,73,329,202,81,209,210,84,87,216,91,231,237,239,246,247,251
7,269,275,276,280,283,289,168,68,70,71,72,73,74,76,79,84,86,119,87,219,91,92,100,101,102,105,106,237,111,116,117,246,247,121,253
128,261,264,269,277,43,54,63,69,73,75,81,83,84,85,86,87,89,92,248,121,97,98,100,105,106,234,109,110,243,120,249,250
128,0,1,261,263,141,269,19,278,281,283,27,185,61,321,69,72,81,83,84,85,215,87,89,90,92,94,105,109,111,112,114,115,117
0,3,264,269,142,273,274,20,279,281,283,157,162,39,170,301,47,175,178,314,316,191,324,69,79,210,84,225,104,106,110,241,117,118,249,252
130,5,264,269,276,277,280,26,283,32,43,306,69,79,81,87,216,89,218,105,106,109,241,243,244,117,246,119,252,253,254
133,263,265,269,142,273,274,275,276,20,279,281,283,285,157,159,39,42,47,195,198,71,72,204,223,225,124,241,117,245,119,118,252,253,254
130,259,5,134,262,138,10,269,271,276,26,282,41,42,43,177,306,65,324,68,70,71,200,79,84,86,218,91,100,106,108,109,111,116,117,246,121,253
269,274,276,283,32,42,47,307,315,187,191,69,326,71,72,330,77,208,213,214,241,244,245,251,253,254
130,5,264,269,276,279,282,26,284,283,32,43,313,316,191,324,69,79,81,87,89,98,106,109,110,241,243,246,252,253,254,255
128,129,130,131,132,261,134,133,135,136,138,139,140,19,285,286,288,289,290,43,171,190,321,193,203,83,85,223,240,112,117,122,123,125,127
128,129,2,130,131,132,133,134,135,265,137,136,138,139,140,285,286,287,288,289,290,296,42,173,47,181,55,56,70,201,205,122,123,125,127
128,257,130,131,258,129,134,5,132,133,136,267,139,140,285,286,287,288,289,34,290,291,324,89,229,230,122,123,124,125,126,127
128,129,130,131,132,5,134,133,136,137,135,139,140,141,285,286,288,289,290,291,43,177,308,220,122,123,125,127
128,130,131,132,133,135,136,137,265,138,139,140,276,286,287,31,289,290,288,41,48,66,209,99,125,119,122,123,124,253,126,127
128,130,131,132,133,134,135,136,137,139,140,280,285,286,287,288,289,290,291,170,55,59,218,100,101,103,233,107,119,122,123,125,127
128,130,259,131,133,5,263,135,137,132,134,268,136,139,140,285,286,31,287,289,290,291,288,48,66,232,122,123,124,125,126,127
10,138,142,16,145,275,276,147,148,156,158,292,295,170,299,172,174,303,175,177,306,307,308,309,310,311,179,184,330,91,237,246,251
141,144,145,147,148,149,154,157,158,292,293,294,167,295,169,297,299,296,166,172,303,304,174,175,179,308,309,307,310,184,190,330,123
130,141,144,147,150,155,157,158,159,160,161,165,294,167,296,293,297,299,171,170,301,174,175,305,306,307,308,179,180,184,330,110
257,258,260,267,142,145,148,158,287,34,292,295,168,297,167,170,299,172,174,175,303,307,179,309,310,184,322,330,89,229,230,110,245,248,122
141,144,145,146,147,148,149,153,155,158,160,293,294,295,296,297,170,299,301,174,175,177,178,307,308,309,179,180,184,330,82
257,258,260,262,267,144,145,155,157,158,287,32,160,34,293,294,295,296,297,170,301,173,303,175,178,179,180,309,310,181,322,330,88,89,229,245,248
141,144,145,147,148,154,155,156,157,158,160,161,167,296,169,298,299,170,172,174,302,304,173,178,307,180,308,309,175,184,179,181,330
142,144,145,147,148,149,158,160,292,294,295,296,170,299,172,173,302,175,174,303,178,307,308,309,310,179,184,330,126
141,144,145,147,148,149,150,152,153,154,157,158,294,167,296,299,300,171,302,175,304,177,305,172,308,309,174,306,184,179,310,330,99
128,144,146,147,149,22,155,157,158,163,164,293,294,168,297,170,171,172,301,296,302,304,305,178,179,306,175,71,203,76,94,95,104,250,124
265,142,143,144,145,146,147,155,156,157,158,160,161,164,294,296,169,170,299,301,302,175,304,173,179,180,309,181,184,65,66,330
10,142,145,276,148,156,158,292,166,167,295,297,170,299,172,174,303,175,177,307,308,309,310,311,184,183,329,330,237,251
141,143,144,145,146,147,149,155,156,157,29,158,161,164,293,166,36,169,298,42,301,174,302,304,175,178,307,180,308,173,181,197,330,208
130,5,141,142,144,147,282,154,155,158,159,160,165,294,296,170,299,172,300,302,174,175,305,178,306,308,179,180,186,330,98,127
0,130,10,141,145,147,148,149,150,152,153,26,154,158,292,167,296,170,171,300,172,174,175,304,177,306,178,179,55,324,82,218,246
141,142,145,147,148,149,283,158,164,292,294,295,296,297,42,299,170,167,172,175,304,174,178,307,308,309,303,310,184,179,328,330
141,145,147,148,153,158,290,292,294,295,296,167,170,299,172,174,175,304,177,303,307,308,309,310,179,184,328,330,241
141,142,144,145,147,148,155,158,294,295,296,297,170,299,172,302,175,174,177,178,307,308,309,180,310,184,328,330
258,260,267,141,142,145,148,154,158,287,34,292,295,167,170,299,172,174,175,303,177,179,307,309,310,308,312,184,318,322,324,330,89,229,248,122
135,138,10,140,16,144,146,275,23,155,156,157,158,160,161,292,167,169,170,303,175,49,178,179,180,311,73,329,330,81,216,91,231,237,239,246
257,10,138,275,310,312,186,315,187,317,318,319,191,322,194,324,197,199,200,328,201,202,204,205,207,208,209,210,213,215,229,103,239,243,248,249
263,268,31,47,48,313,186,187,316,317,191,320,66,323,195,194,197,199,200,201,74,202,205,207,208,209,210,211,213,215,99,124,126
47,313,314,187,316,317,189,191,320,60,186,319,193,325,198,327,200,328,201,199,197,202,205,207,208,194,210,209,213,214,215
257,12,22,30,287,32,34,35,52,187,315,317,318,319,192,322,323,324,71,328,200,199,201,202,205,208,209,210,213,214,215,236,245
162,165,47,313,314,186,187,317,316,189,320,321,190,191,324,194,198,327,328,197,199,201,76,205,208,209,210,213,214,215,222,96
257,14,287,34,312,315,187,316,317,318,319,191,322,323,324,194,198,71,328,200,197,199,201,202,205,206,208,209,210,213,215,217,230,122
257,258,260,262,34,36,181,312,315,187,317,318,319,191,320,322,194,324,195,197,199,200,328,201,205,208,81,210,211,209,213,215,89,229,230,248
4,314,310,312,186,315,187,317,316,189,320,318,322,319,324,325,191,327,200,328,194,197,199,201,202,205,208,207,209,210,213,215,251
26,43,47,313,314,187,316,317,189,191,320,186,318,194,324,197,198,199,200,327,328,201,202,205,207,208,209,210,213,214,215,216,117
128,28,166,171,185,187,316,61,317,63,321,193,195,196,324,194,68,328,203,204,205,206,209,210,212,213,215,95,105,114,115
257,258,30,32,34,35,44,52,312,315,187,317,318,319,322,323,324,199,200,329,328,201,202,327,205,208,209,210,211,213,215,89,217,245
12,43,47,55,313,314,187,316,317,190,186,320,191,194,323,324,197,198,199,200,329,201,202,205,206,207,208,209,210,212,213,215,216,110
10,26,43,186,315,316,317,190,318,191,187,322,194,324,325,198,199,200,329,197,203,328,205,201,202,208,207,209,210,213,215,94
186,314,187,316,317,61,189,320,321,194,193,324,325,196,198,191,197,327,199,201,202,205,207,208,209,210,212,213,87,215,216,93,97,228,109,120,255
11,47,53,187,315,188,317,191,192,194,323,324,196,326,197,200,328,202,199,204,201,205,207,208,209,210,211,213,214,215
275,26,47,313,314,187,316,317,188,189,320,191,186,65,324,325,322,327,199,329,194,197,201,202,205,207,208,209,210,213,214,215,216
155,42,307,308,309,186,315,316,187,188,317,319,191,194,323,196,324,195,328,330,205,206,208,209,210,213,215,94,236
10,138,11,275,26,187,188,317,189,191,322,194,324,197,198,199,200,73,329,202,201,205,208,81,209,210,213,215,216,90,91,231,104,236,239,246
261,263,10,267,268,266,138,271,269,275,26,41,177,54,323,69,200,73,74,77,81,84,85,87,89,98,100,101,109,239,241,116,246,248,251
261,135,10,138,266,269,16,275,276,277,280,26,311,69,73,74,329,202,81,84,87,89,91,98,231,237,109,239,246,119,248,251
261,264,266,10,138,269,16,275,277,26,292,48,311,69,73,74,329,202,81,84,87,89,91,97,98,231,237,109,239,113,243,246,248,251
0,3,5,135,8,10,138,12,16,275,276,19,39,43,303,311,183,59,64,73,329,81,216,91,221,227,230,231,232,236,237,238,239,246,120
0,1,3,5,8,11,12,16,21,22,23,281,26,28,33,39,42,43,50,59,63,320,64,69,80,218,226,227,100,229,101,232,233,238,117,252
257,258,3,260,5,262,9,10,12,271,16,145,22,161,34,289,35,42,310,312,185,58,60,318,63,322,213,89,223,226,229,230,239,243,248,122,251
1,2,4,6,7,9,12,145,24,287,43,47,55,315,187,317,59,320,195,323,72,207,219,221,222,224,230,231,233,234,236,238
2,5,265,266,157,289,35,36,167,41,43,173,50,53,181,54,66,70,199,71,201,207,217,227,230,231,238,121
3,4,7,12,269,17,276,24,28,34,41,42,43,47,51,55,58,320,324,80,88,219,223,230,233,236,239,247
4,5,7,10,138,13,276,20,26,30,32,33,35,36,37,40,43,44,45,46,51,52,54,55,62,320,64,66,324,198,199,200,329,219,222,229,230,231,238
5,7,10,138,140,16,275,276,26,31,38,42,43,46,48,50,53,55,56,57,60,61,320,67,324,199,329,213,219,221,222,229,230,231,238,239
5,6,9,265,11,12,267,13,21,27,32,34,37,40,42,43,44,47,50,51,54,187,315,188,66,323,329,213,221,222,224,230,234,236,237,238,244
0,2,4,6,7,9,138,144,276,43,46,50,180,55,313,187,59,317,63,64,195,211,84,216,219,91,221,222,224,102,231,234,236,238
129,130,5,134,136,13,23,26,30,32,37,40,43,44,45,51,52,54,55,313,316,191,320,66,324,198,199,222,224,228,229,230,231,234,237,238,241,254
3,5,136,12,13,20,32,34,37,43,44,45,46,177,51,54,313,320,64,66,200,222,224,226,228,229,230,231,232,234,237,238,239
128,130,3,5,12,13,284,30,159,32,35,293,37,43,44,45,304,51,54,55,190,320,66,198,88,222,224,228,229,230,233,234,237,110,238,117,255
128,0,1,261,5,16,19,21,22,32,33,162,43,51,54,55,63,64,193,321,66,324,203,75,212,215,218,92,224,230,231,233,234,238,240,117
1,2,4,5,7,8,12,148,149,21,23,22,28,286,31,32,38,42,46,47,48,50,53,55,56,57,187,60,61,192,66,323,67,219,221,230
3,6,9,12,16,274,19,22,24,290,39,42,43,47,308,55,59,187,317,63,320,328,203,218,220,222,224,230,231,232,233,234,236,238,117
130,3,4,263,136,12,268,16,22,24,26,31,34,42,43,47,48,55,313,60,316,63,320,66,198,205,218,221,223,233,238,239,123
1,3,4,5,135,10,138,140,12,15,16,275,22,24,26,28,34,42,43,47,55,63,73,329,81,216,93,223,231,233,234,237,239,246,251
0,257,130,258,1,5,134,261,12,271,16,276,22,27,285,30,32,33,34,35,43,52,55,318,64,324,89,218,229,230,232,238,249,122
128,130,3,5,9,10,273,18,19,278,288,289,162,290,43,304,308,54,188,66,88,218,224,98,229,230,231,233,234,238,240,241,117,252,127
130,131,132,5,6,136,9,142,271,17,275,24,30,288,40,43,45,47,50,54,313,187,60,62,320,69,219,222,224,229,230,231,234,238
0,1,130,5,6,7,10,13,142,276,22,26,27,30,32,34,35,37,43,44,52,54,312,191,320,198,330,218,219,222,229,231,232,240,249
2,5,266,27,32,35,36,167,43,173,45,51,53,181,54,189,317,66,70,199,71,201,207,213,88,217,222,224,230,234,121
2,130,4,5,3,11,12,16,22,24,26,27,28,34,39,41,42,43,47,55,313,58,315,191,320,324,198,223,225,232,233,239,124
0,2,3,11,12,16,17,22,26,28,289,161,38,39,168,41,42,47,48,55,313,316,60,191,63,66,324,198,211,219,223,225,238,124,125
3,8,11,12,269,16,17,21,22,23,26,283,32,33,34,42,43,47,307,308,55,59,63,64,71,330,218,227,230,232,233,236,238,241,253
0,3,5,6,135,265,138,10,12,16,279,157,289,39,41,42,43,301,54,55,59,66,84,218,91,227,230,231,233,236,238,119,122,253
2,3,5,135,8,138,10,266,140,12,16,275,43,46,303,311,59,64,73,74,329,207,81,91,221,227,230,231,232,233,237,239,246
0,2,4,133,7,265,16,149,22,23,27,28,289,290,38,39,42,43,52,55,56,59,63,66,204,205,218,100,230,231,233,238,239,119,253
130,3,5,7,8,9,12,13,23,24,29,38,43,55,187,316,59,63,320,64,324,198,204,82,218,219,222,224,227,230,231,232,234,238,110
0,130,2,5,134,7,135,138,16,145,282,26,27,30,290,41,43,54,55,58,59,188,317,64,66,324,198,216,218,98,229,230,231,233,238,244,127
256,128,130,3,1,261,5,8,15,16,17,22,23,26,28,288,42,43,54,55,313,314,60,63,320,218,219,224,225,227,228,230,231,232,233,238,240
128,0,3,261,5,8,12,16,17,19,278,22,23,33,34,42,43,47,59,316,63,64,324,200,203,215,218,227,229,230,231,232,233,110,238,117
257,258,3,260,131,5,12,142,16,17,22,28,287,288,34,42,43,309,310,312,317,318,63,330,89,218,221,225,229,230,231,232,233,236,238,122
5,135,138,10,140,16,275,32,33,43,303,51,54,55,64,66,73,329,81,84,218,91,222,224,228,230,231,233,234,236,237,238,239,246,251,254
128,1,5,6,12,13,19,23,155,32,37,44,48,51,54,61,321,66,195,323,196,203,206,209,90,91,92,222,224,230,232,234,235,236,237,114,115,122
130,5,133,7,8,9,10,276,26,27,30,170,43,45,306,54,55,62,320,66,324,69,198,218,224,227,229,230,231,233,234,110,238,252
130,2,3,5,134,135,8,12,141,13,23,26,282,27,30,33,165,42,43,171,306,54,55,59,191,320,64,324,69,198,218,227,230,231,232,233,106,238
5,134,6,13,20,26,30,32,37,43,44,49,51,54,313,316,317,320,66,69,198,327,200,215,222,224,226,228,230,231,234,106,237,239,121
3,4,5,263,9,10,12,269,276,24,25,34,42,43,47,48,55,313,314,58,316,320,324,69,198,223,229,233,238,239,117
1,131,5,143,16,15,19,20,22,26,28,30,159,288,34,35,42,43,310,55,54,185,63,66,324,69,218,222,229,230,231,233,238,125
0,3,5,6,12,13,19,32,289,37,39,41,42,43,44,47,50,51,308,54,55,60,317,66,328,79,222,224,230,233,234,236,237,122,252
130,2,5,134,6,7,135,145,26,29,31,38,41,43,46,48,306,50,53,55,56,57,316,60,61,67,324,198,83,218,219,221,234,106,236,110,240,124
3,5,6,12,15,17,21,32,34,40,43,44,46,51,54,187,66,198,200,329,218,219,222,224,225,229,230,233,234,236,238,239
6,135,7,10,138,140,16,275,31,163,292,38,46,48,50,53,56,57,60,61,67,327,329,73,81,216,91,219,221,231,236,237,239,240,246
2,5,135,136,10,138,16,145,275,26,292,43,54,58,59,66,198,327,200,73,329,218,230,231,233,234,237,238,239,246,251
0,2,3,5,133,7,8,137,12,145,276,23,28,284,29,290,39,43,55,56,313,59,64,76,213,218,219,227,230,231,232,233,108,124,126
3,4,10,138,12,16,275,22,24,28,34,42,43,46,47,54,55,58,63,200,329,202,81,223,226,231,232,233,234,237,239,251
128,1,5,265,13,19,23,155,32,37,44,51,54,61,63,321,66,195,196,323,201,206,209,87,217,90,92,222,224,230,232,105,234,237,114,122
133,5,142,284,29,32,33,162,166,41,42,170,44,174,51,52,182,55,56,54,59,65,66,67,68,204,205,80,218,92,222,224,230,105,234,107
130,3,261,5,10,138,12,11,276,281,26,34,39,43,47,54,55,58,317,324,198,329,213,90,218,223,98,230,231,233,238,239,118,127
3,5,136,12,13,20,23,30,32,37,43,44,46,47,177,51,54,313,320,66,200,81,222,224,228,229,230,231,232,234,237,238,239,251
3,5,136,264,12,21,23,30,32,33,43,44,47,51,54,55,313,59,316,60,62,320,64,66,69,198,222,224,229,230,232,234,237,238,241,252
5,134,138,10,140,266,13,16,30,32,37,43,44,45,46,51,52,54,311,55,62,66,199,329,73,81,213,219,91,222,224,228,230,231,234,237,239
128,0,1,2,3,261,5,135,12,145,19,20,278,285,157,39,43,175,51,54,59,210,83,212,85,215,218,223,227,230,231,105,233,238,111,240,112,117
128,0,1,5,261,138,13,145,26,285,30,32,37,43,44,45,51,54,55,62,63,64,321,66,324,198,83,85,215,92,222,224,228,230,234,108,237,240
5,134,10,138,140,16,275,26,35,292,43,46,303,54,311,58,59,73,329,74,81,213,218,91,226,230,231,233,237,238,239,246,251,126
128,1,0,2,5,8,269,15,16,17,276,22,26,283,28,38,39,42,43,47,54,55,63,321,324,80,83,218,92,227,230,231,105,233,238,117
5,266,13,30,32,37,167,43,172,44,45,51,52,181,54,55,317,62,320,64,66,69,199,88,222,224,226,228,229,230,231,105,234,110,238,121,251
0,1,3,4,6,11,12,269,14,16,17,19,22,25,26,283,27,29,32,34,41,42,43,47,55,58,187,65,323,200,218,221,233,236,238
128,261,263,264,269,276,278,283,43,324,69,198,73,75,81,83,84,85,87,89,92,248,97,98,105,106,107,109,117,246,120,249,253
130,264,141,269,276,283,289,41,43,316,320,192,324,69,79,81,87,89,94,100,106,109,110,241,243,117,246,247,249,252,253,254
256,257,258,261,262,267,269,271,278,34,310,312,318,322,68,70,71,86,89,93,225,121,229,230,106,243,116,245,248,249,122
130,261,264,265,268,269,271,276,277,282,43,177,313,323,324,69,200,75,76,81,84,87,89,248,97,98,100,106,109,242,243,246,120,249,251
264,267,268,269,273,277,283,30,165,168,41,43,174,51,313,316,320,324,69,76,80,87,88,104,106,108,241,243,246,120,121,252,254
2,265,266,268,269,283,35,36,167,173,53,181,189,69,70,199,71,201,72,207,81,87,217,89,109,121,253,254
264,266,269,273,276,281,283,285,160,42,49,316,320,324,69,198,79,81,87,225,229,106,237,109,241,243,117,120,252,253,254
263,264,265,269,273,276,281,283,284,289,165,41,42,174,50,308,69,71,76,77,79,217,227,106,107,127,241,243,119,122,252,253,254,255
264,269,273,274,275,276,279,281,26,283,32,165,39,174,47,314,186,316,324,69,79,106,241,243,117,252,253,254
257,260,263,264,10,138,140,269,270,16,275,276,292,48,317,324,69,73,329,202,81,87,89,91,98,231,104,237,109,239,243,246,250,251
130,261,264,265,11,269,273,279,26,283,32,43,308,313,316,324,69,198,79,81,87,89,98,106,109,241,243,117,121,252,253,254
5,134,135,261,138,10,266,269,16,275,276,26,69,73,329,202,75,81,84,87,89,91,248,97,98,231,237,109,239,115,246,120,251
128,0,261,135,264,138,269,278,283,289,178,51,69,81,83,84,85,215,87,89,92,95,98,105,109,111,112,240,114,115,243,117,118,248,122,127
257,258,263,135,265,138,12,269,271,276,282,283,40,41,42,177,324,68,70,71,200,79,86,89,99,100,230,106,237,111,241,243,116,117,121,250,253,254
261,264,138,10,140,11,269,16,275,40,303,311,69,73,329,202,81,84,87,216,89,218,91,97,98,231,106,107,109,239,246,248,251
130,3,5,134,261,264,269,276,279,26,283,284,157,32,43,316,191,324,69,198,79,81,84,87,89,98,106,109,110,241,243,117,249,252,253,254
8,12,269,274,276,21,27,283,164,166,41,42,178,187,188,324,68,326,71,70,77,79,85,86,98,99,106,111,244,116,117,121,253,254
130,5,269,276,277,279,280,26,282,283,41,43,316,191,64,324,68,198,69,70,71,79,83,214,86,89,218,106,110,111,241,116,117,119,121,252,253
2,264,265,266,12,269,279,26,283,167,42,53,189,317,324,68,69,199,71,70,76,79,86,88,100,106,111,241,242,243,116,117,121,124,253,255
128,261,262,276,278,63,321,193,68,70,71,76,79,83,212,85,86,87,90,92,94,95,100,105,106,109,111,112,114,115,116,117,120,121,250
257,258,259,260,262,267,269,26,318,324,68,70,71,79,81,213,86,89,121,230,106,239,111,243,116,245,246,248,249,122,251
264,265,269,276,282,26,283,29,284,32,289,165,168,41,42,174,182,65,324,68,69,71,72,81,89,98,99,106,109,241,243,119,252,253,254
258,260,135,263,264,10,138,140,269,270,16,275,292,172,180,312,189,69,73,329,81,84,87,89,91,231,237,109,239,243,246,249,250,251
135,265,12,269,274,276,281,283,284,155,32,289,41,42,47,305,182,323,195,71,72,330,76,77,206,80,101,115,119,122,252,253,254
264,269,141,273,276,279,281,283,42,43,298,54,313,316,69,198,70,79,213,86,87,88,106,241,243,117,247,249,252,253,254
3,264,269,273,275,276,281,283,41,43,47,320,324,69,198,68,70,71,76,79,86,89,225,121,100,229,106,111,241,116,117,248,249,122,253
8,9,12,269,274,276,21,27,283,32,164,166,40,42,47,187,188,323,68,70,71,202,77,208,86,87,221,99,106,244,116,121,253
256,257,258,260,267,12,269,145,274,275,281,283,32,39,47,48,185,315,187,322,324,71,77,89,236,114,244,245,248,249,122
257,267,12,269,11,13,142,271,274,22,23,283,27,30,32,35,37,40,297,44,45,52,315,187,188,323,71,199,200,201,77,214,88,89,244,245,253
256,257,258,260,262,267,269,145,281,283,287,32,289,34,178,315,187,322,71,202,77,208,89,244,245,248,249,122
256,257,258,260,262,267,12,269,283,287,32,34,297,312,315,187,322,71,202,77,208,89,114,243,244,245,248,249,122
256,257,258,6,7,9,11,12,269,14,283,31,32,289,34,40,47,48,178,50,53,56,57,315,187,188,60,323,67,71,77,221,240,244,245,116
265,266,11,12,269,267,271,283,32,47,177,315,187,188,192,322,323,324,69,326,71,200,202,77,208,214,218,221,114,244,245,251
261,8,269,17,21,23,27,283,164,166,40,42,304,178,307,182,187,188,324,69,198,71,330,77,81,87,89,98,99,109,244,253
257,8,10,269,276,21,283,164,166,40,42,178,187,188,324,68,70,71,202,77,79,86,87,91,99,100,106,111,244,245,246,116,117,121,253
256,257,258,260,262,267,269,283,27,34,297,42,187,188,322,324,69,71,73,76,81,213,87,89,94,109,244,245,248,249,122
0,257,8,11,269,17,19,21,27,283,166,39,40,42,178,182,187,188,69,71,73,202,77,81,84,87,94,99,237,109,244,246,120,253
8,10,11,138,269,17,276,21,283,27,289,166,40,168,42,46,178,182,187,188,69,71,73,202,77,81,87,99,237,109,244,245,246,122,253,127
257,8,11,269,142,276,21,283,166,40,168,42,178,187,188,192,69,71,73,202,77,81,87,89,91,94,98,99,109,244,245,246,253,254
257,261,264,10,11,138,269,16,275,303,187,188,69,73,202,329,81,84,87,216,89,91,98,237,109,239,244,246,248,251,254
256,257,258,260,262,267,12,269,287,34,297,42,43,318,319,322,324,69,81,213,87,89,98,229,230,236,109,245,248,249,122
259,263,265,268,272,276,284,31,289,41,48,66,68,70,71,74,211,86,87,121,99,101,232,106,107,116,119,253,124,125
128,257,3,261,269,13,18,20,22,283,30,32,34,35,37,42,43,44,45,52,64,67,324,198,199,200,201,88,89,96,229,233,106,110,241,117,252,253
128,2,261,6,265,12,19,289,41,42,50,182,57,321,66,323,196,195,69,207,209,81,85,87,217,90,92,223,99,236,109,114,119,253
256,257,258,260,262,267,269,14,34,317,318,322,324,69,73,81,213,87,89,94,225,229,230,109,245,117,248,249,122
128,256,261,263,264,269,278,63,193,69,75,81,83,212,85,84,87,89,92,93,95,248,97,98,104,105,109,114,115,117,120,249,250
258,264,265,269,277,278,283,284,289,41,50,66,196,69,198,72,83,217,90,92,227,105,106,111,112,243,117,119,252,253,254
256,257,258,259,260,262,264,267,269,275,276,283,312,313,322,69,81,213,87,89,90,108,109,243,245,248,249,122
257,261,264,10,266,138,269,271,16,275,303,54,69,73,74,329,202,81,82,84,213,87,89,91,97,98,102,231,237,109,239,246,248,251
8,11,269,17,274,276,21,277,23,27,283,32,164,166,40,297,42,49,178,182,188,189,69,71,329,77,208,84,87,99,244,253
8,9,266,11,12,269,274,21,280,283,32,164,166,40,297,42,187,188,68,71,199,202,77,213,86,99,106,243,244,116,246,119,253
8,9,12,269,17,274,276,21,280,283,32,164,166,40,42,174,178,187,188,192,65,68,71,72,77,86,99,244,245,116,253
261,134,264,10,138,269,16,275,276,26,282,46,303,66,69,73,329,202,81,84,85,87,89,91,98,231,237,109,239,246,248,251
257,261,6,8,269,145,17,276,21,23,27,283,164,166,40,297,178,182,188,69,70,72,73,77,81,87,89,91,98,99,109,244,246,247,253
10,138,266,267,269,271,16,275,276,51,66,69,73,202,80,81,87,88,89,91,98,100,103,106,109,110,239,246,121,251,252
256,257,258,260,262,264,267,269,276,34,309,310,312,317,318,322,324,69,330,81,213,87,89,98,109,245,248,249,122
259,263,268,272,274,276,279,31,48,176,66,68,70,71,74,79,211,86,90,219,247,121,99,232,106,116,119,253,124,125,254
269,274,276,281,283,32,39,42,47,51,187,316,326,71,72,76,77,208,80,214,88,92,96,97,103,114,245,246,247,253,254
2,5,266,267,21,282,26,41,42,173,51,53,184,189,324,70,199,71,201,207,80,88,217,218,91,97,110,246,121,253
130,5,264,269,276,279,26,283,165,168,41,43,174,316,191,324,69,68,70,71,76,79,85,86,106,110,111,241,243,116,117,246,121,252,253
128,261,264,269,277,278,69,73,75,81,83,212,85,84,87,215,89,92,248,97,98,105,107,109,111,112,240,114,115,243,117,120,249
130,5,264,267,269,276,282,26,283,43,306,51,316,191,64,324,69,79,80,83,84,87,88,91,103,106,110,111,243,244,246,249,252,253,254
1,261,9,12,269,13,274,22,283,32,42,47,187,195,196,68,70,71,202,76,77,83,85,86,92,105,106,112,114,244,117,116,245,121
0,1,135,10,138,140,141,269,16,275,276,19,281,27,303,311,69,73,74,329,202,81,84,87,89,91,93,94,98,231,237,109,239,246,251
257,258,259,260,5,262,267,269,270,275,283,51,312,316,317,322,66,200,80,209,212,213,86,88,89,225,243,245,246,248,249,122,251
256,257,258,260,5,261,262,10,267,269,271,275,277,310,312,322,324,69,81,84,213,87,89,98,249,109,239,243,245,246,248,121,122,251
263,264,266,269,273,276,279,26,283,32,313,316,69,79,81,83,87,89,98,104,106,109,241,243,117,247,251,252,253,254
3,135,9,12,269,273,17,276,281,153,283,284,32,296,42,47,177,307,308,316,68,326,71,330,77,79,208,86,229,106,241,116,117,252,253,254,255
256,135,138,11,10,267,269,271,275,276,283,32,301,51,311,187,71,73,202,77,80,81,84,216,88,91,102,237,244,245,246,251,126
264,269,141,274,276,279,26,283,301,316,188,189,192,324,69,198,68,70,71,329,79,86,119,121,100,106,107,111,116,117,247,249,252,253
130,5,264,269,141,276,279,26,283,36,43,314,316,68,69,70,71,74,76,79,86,87,121,100,106,111,112,241,243,116,117,246,249,122,252,253
259,263,268,272,276,31,297,48,178,66,69,74,203,209,81,211,87,88,99,103,232,107,109,114,115,125,119,124,253
256,257,258,262,135,8,267,12,269,17,21,27,283,156,164,36,166,169,304,178,181,182,187,315,318,322,69,71,208,87,89,99,244,245,248,250,253
0,1,261,264,269,141,271,273,19,276,279,281,283,27,157,324,69,329,87,120,94,225,104,106,241,243,117,246,248,249,122,252,254
261,135,264,138,10,266,11,269,271,16,275,322,69,73,74,329,202,75,207,81,84,87,89,91,97,98,231,237,109,239,246,248,251
264,265,269,142,145,274,276,281,283,284,32,165,168,42,174,186,187,324,69,326,72,209,81,119,89,98,106,109,241,243,247,252,253,254
256,257,258,259,260,131,4,262,267,145,276,283,287,297,310,322,324,213,119,89,225,230,104,107,245,247,248,249,122,253
256,257,258,8,267,12,269,145,274,283,32,297,42,51,315,187,60,71,77,80,88,89,99,230,244,245,246,248,249,122,253,254
4,135,265,138,11,10,275,276,283,40,297,303,319,322,68,70,71,73,79,81,84,86,91,99,100,106,111,116,117,246,121,251,253,255
128,1,261,21,26,188,61,189,63,324,325,68,70,71,329,79,80,83,85,86,87,92,93,97,228,100,105,234,106,109,111,240,244,117,116,120,121
2,134,266,10,35,36,167,41,43,173,53,55,317,189,324,68,70,199,198,201,71,79,207,86,88,217,95,106,110,113,116,121
130,5,134,264,10,138,269,270,276,26,283,282,43,306,324,69,198,77,79,84,85,87,89,91,98,106,241,243,116,117,246,252,253,254
259,263,135,138,10,268,269,16,272,276,26,31,48,66,69,73,74,81,211,84,87,89,91,99,102,232,237,109,246,119,124,125
257,260,262,263,264,10,269,270,16,18,275,276,24,282,303,324,69,73,202,80,81,84,87,89,91,98,237,109,239,243,246,247,250,251
257,130,264,269,270,141,273,277,279,283,43,313,316,68,69,70,71,76,79,86,87,100,105,106,111,241,243,116,117,121,122,252,253,254
128,3,261,267,12,269,142,273,278,283,168,51,69,80,81,83,85,87,88,89,91,92,248,98,229,103,109,241,117,246,120,253,254
257,10,138,269,16,275,276,26,303,318,320,66,69,73,329,202,77,81,84,213,85,87,89,219,91,94,98,231,237,109,239,116,246,251
0,3,263,137,267,268,269,142,271,273,20,279,281,157,288,39,175,178,308,69,328,204,220,227,100,101,230,124,241,242,114,117,118,252,253,254
259,263,264,12,269,273,274,281,283,32,42,47,305,307,308,186,187,69,326,71,72,330,202,77,208,214,241,244,245,252,253,254
256,262,263,135,265,12,269,274,147,23,283,155,294,297,42,176,309,182,184,195,196,323,71,72,330,76,77,206,79,101,106,112,241,114,115,122,252,253,254
5,264,266,141,269,276,26,283,32,43,316,320,324,69,73,81,86,87,89,94,98,106,109,110,241,243,117,249,251,252,253,254
263,264,135,268,269,273,274,281,283,39,308,196,69,328,79,87,92,97,100,101,106,241,114,243,117,118,123,252,253,254
261,138,10,140,269,16,275,276,281,292,39,303,47,48,311,185,69,73,329,74,202,81,84,87,89,91,98,231,237,109,239,246,120,251
257,261,264,10,138,140,266,269,16,275,46,311,69,73,329,74,202,81,84,213,87,89,91,97,98,231,237,109,239,246,248,251
2,264,265,266,267,269,283,289,167,41,42,173,50,51,53,66,69,70,71,199,201,80,88,217,227,106,243,246,119,248,253,254
128,261,264,269,22,278,285,324,69,73,203,75,81,83,84,85,215,87,89,92,120,94,95,97,98,104,105,107,109,112,114,243,117,247,248,249
8,12,269,17,274,276,21,283,32,164,166,42,47,178,307,187,192,65,324,326,71,330,202,77,208,87,99,105,114,244,245,253,254
2,264,265,266,269,274,279,283,32,167,173,181,313,189,324,69,199,71,79,81,87,88,89,98,106,107,109,241,242,243,121,252,253,254,255
256,257,258,260,261,262,5,263,264,267,270,34,310,312,318,322,324,69,81,213,87,89,229,250,109,245,248,249,122,251
128,261,133,269,278,279,284,162,163,170,301,69,75,81,82,83,85,87,89,218,92,94,95,98,104,109,114,115,117,248,250,255
128,261,264,267,269,278,283,284,321,324,69,75,76,80,81,83,84,85,87,89,90,92,120,97,98,105,109,110,112,240,114,117,248,249,253,255
130,264,269,275,276,26,283,30,32,43,316,69,79,81,83,84,87,89,218,98,106,107,109,241,243,117,246,249,252,253,254
256,264,265,269,274,276,280,283,284,289,41,302,50,66,69,76,209,217,90,89,227,106,107,241,243,119,252,253,254
256,257,258,260,261,262,267,269,276,34,310,312,318,322,324,69,81,213,87,89,98,229,230,109,243,245,248,249,122
256,257,258,260,261,5,267,269,271,18,276,283,34,318,322,67,324,68,70,71,200,79,84,86,87,89,96,121,100,229,230,106,111,243,116,245,117,249
257,258,260,262,267,271,16,34,43,310,312,58,317,318,322,324,200,72,73,213,87,89,229,230,245,248,249,122,253
256,257,258,260,262,267,269,276,150,310,312,318,322,324,69,75,76,81,213,87,89,229,230,109,239,243,245,246,248,249,122
256,257,258,259,260,262,267,269,13,145,276,22,30,287,32,34,35,37,44,45,52,318,322,199,200,201,88,89,93,229,230,245,119,248,122
135,10,138,16,275,276,147,23,155,294,297,303,176,309,182,184,195,196,68,73,74,206,81,84,86,216,91,247,102,231,230,237,115,116,246,119,122
261,135,264,10,138,140,11,269,16,275,276,303,311,69,73,329,74,202,81,84,87,89,91,97,98,231,107,237,109,239,246,248,251
130,261,5,267,269,18,21,168,43,51,67,324,68,69,200,80,209,81,212,87,88,89,96,103,106,109,110,241,246,120,121,252,255
256,257,258,259,260,262,267,271,287,34,295,312,318,322,324,69,81,213,87,89,229,230,109,115,245,248,249,122
128,257,259,261,262,264,12,269,19,278,283,287,34,295,324,69,75,81,83,84,85,215,87,89,92,97,98,229,230,109,112,114,115,117,248,253
259,8,269,145,17,21,281,27,283,287,166,295,297,42,304,178,307,182,324,69,70,71,330,81,87,89,99,230,109,244,253,254
256,257,258,259,260,262,267,287,34,295,41,312,315,318,322,324,69,81,213,87,89,91,229,230,245,248,249,122
257,259,261,135,10,138,267,269,16,275,276,287,295,303,311,69,73,329,74,202,81,209,87,89,91,98,230,231,237,109,239,246,248,251
256,257,258,259,260,5,262,261,264,267,269,276,283,287,295,66,324,69,79,81,87,89,229,230,106,107,109,241,243,245,248,122,252,253,254
256,257,258,259,260,261,262,264,267,287,34,295,312,318,322,213,89,96,229,230,109,241,243,245,248,249,122,252
257,130,258,260,261,262,259,264,269,276,279,283,169,49,310,311,188,189,324,68,69,71,70,329,79,86,89,121,229,230,106,111,116,117,246,247,249,253,254
256,257,258,260,261,262,267,269,275,281,287,34,39,47,48,310,185,318,322,324,68,70,71,86,89,121,229,230,105,106,116,245,248,249,122
256,263,264,11,269,271,273,274,276,281,283,42,308,316,69,328,72,330,79,81,84,119,87,89,230,106,109,241,243,247,252,253,254
0,1,264,266,269,141,273,19,276,279,281,26,27,167,41,43,324,69,68,71,79,86,88,94,106,110,241,116,117,246,120,121,122,252,254
3,264,267,269,273,276,281,283,42,307,308,51,316,66,324,69,198,330,80,81,87,88,89,91,225,229,106,109,241,243,246,247,252,253,254
259,263,267,268,272,276,280,31,48,51,66,74,80,211,87,88,247,99,103,232,107,246,119,253,124,125,254
264,269,141,273,276,279,281,283,289,39,41,43,314,316,188,189,324,69,68,70,71,329,79,86,223,106,111,241,116,117,246,247,121,253,254
10,138,140,266,16,275,276,277,168,303,311,313,68,70,71,73,329,74,79,81,84,86,87,91,100,231,106,237,239,111,116,117,246,121,251
256,263,9,11,12,269,271,274,276,283,156,32,42,47,65,324,68,326,71,72,330,76,77,79,208,86,106,244,245,116,253,254
261,264,12,269,146,276,278,283,166,178,311,318,320,321,195,324,69,80,81,83,212,85,84,87,89,90,92,248,98,101,105,109,114,115,117,120
256,257,258,260,261,5,262,267,269,271,275,277,324,69,329,81,83,213,87,89,120,98,104,234,107,109,113,243,117,246,245,248,249,122
256,257,258,8,267,12,269,17,276,21,23,283,287,164,166,40,42,178,323,324,68,70,71,328,79,86,87,99,100,230,106,111,116,245,117,247,121,122,253
256,130,264,269,273,279,283,32,43,46,313,316,324,69,198,79,81,86,87,89,98,106,109,241,243,249,252,253,254
130,5,264,10,138,11,269,276,279,282,26,283,165,168,41,43,174,316,191,324,69,198,68,70,71,79,84,86,91,121,106,111,243,116,117,246,249
128,261,263,264,267,268,269,276,278,288,69,73,75,81,84,85,87,89,92,120,97,98,100,101,104,109,239,114,115,243,117,246,248,249
8,265,11,12,269,17,274,21,23,283,27,32,164,166,40,297,178,182,187,188,71,73,202,77,214,99,244,245,246,253
258,263,264,11,268,269,273,274,281,283,289,182,316,324,69,326,75,79,80,81,84,87,99,106,109,241,114,242,243,117,252,253,254
261,267,269,271,143,276,277,43,324,69,68,70,71,203,76,79,83,85,86,87,218,92,121,100,105,106,111,116,117,246,120,249
130,133,5,264,269,276,279,26,283,165,170,43,174,306,324,69,68,70,71,79,83,86,218,105,106,111,243,116,117,246,247,121,252,254
264,9,269,274,276,281,283,32,42,47,187,316,324,68,326,71,69,330,76,77,79,208,214,86,106,110,241,244,116,245,122,252,253,254
128,261,269,278,162,166,174,184,61,321,68,69,81,83,212,85,215,87,89,91,92,223,103,105,107,109,111,112,114,115,117,125,248,253
1,261,263,264,269,276,278,283,63,69,72,80,81,83,84,85,87,88,89,92,97,98,105,109,112,114,115,243,117,116,248,249,253
8,9,12,269,17,274,276,21,23,154,27,283,164,166,42,305,178,182,187,188,69,71,77,81,87,89,98,99,109,241,244,245,253,254
3,263,264,267,268,269,141,15,273,276,283,165,168,300,174,48,51,308,179,69,80,86,88,100,103,106,241,243,117,246,249,252,253,254
259,261,264,10,138,266,269,16,275,276,292,303,69,73,74,329,202,81,84,213,87,89,91,97,98,107,237,109,239,246,248,251
261,135,264,138,10,269,16,275,276,282,284,292,303,69,73,74,329,202,81,84,87,89,91,97,98,231,237,109,239,246,248,251,255
128,256,261,264,269,143,277,278,44,63,69,75,81,83,84,85,87,89,92,93,94,248,97,98,109,240,115,243,117,120,249,250
128,261,264,268,12,269,277,289,43,47,313,60,316,324,69,73,203,75,81,212,84,85,87,89,91,92,120,223,97,98,109,238,243,117,248,249
259,261,135,10,138,140,11,269,270,16,275,282,292,311,69,73,74,329,202,81,84,87,89,91,98,102,108,237,109,239,114,117,246,251
130,260,261,5,263,264,267,269,270,18,277,43,67,324,68,70,71,75,79,86,94,96,249,106,110,111,243,116,117,120,121,250,251
257,261,135,264,10,138,140,269,16,275,311,69,200,73,74,329,202,78,81,84,87,89,91,98,102,231,237,109,239,246,248,249,251
261,264,266,267,269,275,279,281,283,165,167,39,47,48,189,318,320,68,69,70,71,199,73,79,86,88,234,106,241,243,116,246,121,251,253,254
256,258,262,263,269,273,275,276,281,39,47,48,185,324,69,68,70,72,71,86,119,89,248,225,121,229,106,241,116,117,245,247,246,249,122,252,253,254
130,261,264,269,273,274,279,26,283,32,43,313,316,191,324,69,79,81,87,89,98,104,106,109,110,241,243,117,119,249,252,253,254
128,261,264,269,278,283,321,324,69,75,81,83,212,85,84,215,87,89,90,91,92,95,248,97,98,231,105,109,112,114,115,243,117,120,249
130,261,264,269,270,273,18,276,277,280,283,43,67,324,69,68,70,71,76,79,82,86,87,95,96,121,100,105,106,111,241,116,117,247,249,252
3,132,263,264,12,268,269,15,273,17,21,283,288,47,69,198,79,81,87,225,100,229,101,233,106,238,241,243,117,118,252,253,254
257,130,261,263,264,266,267,269,276,278,279,283,43,313,324,69,68,71,70,79,86,88,100,229,249,106,107,111,241,243,116,117,246,121
9,11,12,269,274,276,279,283,32,42,301,47,187,188,324,68,326,71,69,77,79,208,214,86,95,106,244,116,253,254
264,269,141,270,274,276,279,26,283,162,290,166,45,174,184,314,59,316,65,321,68,69,325,327,103,106,107,241,114,243,117,125,249,252,253,254
261,264,268,269,274,163,43,54,313,69,73,75,81,84,85,87,89,92,93,95,248,97,98,104,105,109,114,115,243,117,120,249
257,258,261,264,269,270,15,18,279,283,290,56,67,69,75,80,81,84,86,87,89,96,97,98,248,229,104,109,241,117,246,120,249,252
261,264,266,269,273,276,278,283,160,298,49,308,316,191,324,69,68,81,83,213,85,87,88,92,100,105,106,237,109,241,116,117,120,252,253,254
257,130,258,5,7,269,141,37,306,312,188,318,324,69,68,70,71,76,79,86,89,95,121,98,100,105,106,111,241,243,116,117,246,248,249,252,253,127
2,260,263,264,266,10,270,280,36,167,173,53,181,189,324,70,199,71,201,329,207,88,217,110,246,119,121,250,251
130,259,5,134,264,8,10,269,270,26,282,283,41,43,55,59,191,324,69,198,79,81,85,87,106,108,109,110,113,243,117,246,252,253,254
5,261,264,138,10,269,16,275,276,26,46,66,324,69,327,73,74,202,81,84,87,89,91,97,98,109,239,246,247,248,249,251
5,261,135,138,10,268,269,16,275,276,26,303,68,69,71,73,329,74,203,81,84,86,87,216,88,91,102,237,109,239,116,246,248,251
19,276,280,290,162,166,170,42,174,184,59,318,65,195,324,68,69,72,80,81,211,119,218,91,94,101,230,103,105,233,107,109,114,125,247,253
135,138,10,140,268,269,16,275,276,280,303,311,187,69,328,73,329,74,202,205,81,210,209,84,87,216,215,91,231,237,109,239,242,246,119,251
8,269,274,275,276,21,282,27,283,164,166,40,42,178,188,319,324,68,70,71,202,77,79,81,84,86,87,91,99,100,106,237,111,244,116,246,117,121,253
269,144,146,276,23,279,283,29,41,42,180,55,188,65,324,68,198,69,70,71,76,79,208,86,247,92,95,105,106,110,111,112,244,116,117,119,121,253
259,263,265,268,272,31,289,41,302,48,50,66,74,211,217,90,99,102,107,109,119,253,124,125
5,261,263,264,11,269,273,276,277,279,283,32,47,313,316,324,69,79,81,87,89,98,104,105,106,109,241,243,117,252,253,254
263,264,9,269,273,274,275,276,279,281,283,165,39,47,182,316,324,69,68,71,72,79,83,86,90,99,106,241,116,117,247,252,253,254
264,10,138,269,275,276,281,26,283,32,317,324,69,329,202,79,81,84,213,87,89,91,106,109,239,241,243,252,246,254,121,251,124,253,126
128,261,263,264,266,269,278,43,54,63,69,75,81,83,84,85,87,89,92,96,248,97,98,105,106,109,111,114,115,243,117,120,249,250
4,135,10,138,266,275,276,290,46,303,323,68,70,71,73,79,81,84,86,216,91,102,231,106,237,111,116,117,246,247,121,251
135,265,269,145,274,147,276,280,283,155,289,41,297,176,309,182,184,66,323,195,196,69,72,206,208,91,92,99,105,114,115,119,248,122,253,254
135,7,268,269,270,275,276,277,280,282,68,70,71,73,74,76,79,81,84,86,119,219,91,100,102,103,105,106,237,111,242,116,117,246,247,121,253
259,263,265,268,272,276,280,26,31,48,313,66,68,70,71,74,79,211,86,95,121,99,100,101,106,111,116,119,253,124,125
261,12,269,274,283,32,42,187,62,192,324,68,326,69,72,71,202,76,77,208,81,85,214,92,105,114,115,244,245,253
257,5,262,8,267,12,269,11,271,142,17,21,27,283,166,40,168,42,178,69,77,81,84,87,89,97,98,99,109,110,244,245,246,248,124,253,126
128,257,258,261,263,264,269,19,278,51,313,321,69,75,81,83,84,85,215,87,89,90,92,93,248,97,98,109,111,240,112,114,115,117,120
261,264,10,269,274,276,277,279,283,28,165,174,313,188,324,69,68,70,71,75,79,86,87,94,95,106,111,241,243,116,117,120,121,250,252,253
261,5,10,141,275,276,19,282,26,43,55,324,68,198,70,71,329,77,79,213,85,86,87,94,121,98,100,106,110,111,113,116,117,246,249,122
130,5,261,263,267,269,141,142,273,276,283,305,308,188,324,69,71,328,79,81,212,87,89,95,98,100,106,109,241,117,248,123,252,253,254,127
8,12,269,142,17,274,275,20,21,23,279,281,27,283,157,32,36,164,166,42,178,187,188,71,77,225,99,114,244,245,118,119,253,254
0,263,267,269,142,273,20,279,281,283,157,39,175,304,307,308,309,51,69,330,79,80,88,225,100,106,110,241,244,117,118,246,123,252,253,254
135,138,10,140,270,16,275,276,282,292,303,311,68,70,71,73,329,74,75,79,81,86,87,91,100,231,106,237,239,111,116,117,246,121,251
261,264,138,10,140,269,16,275,292,303,311,69,73,329,202,81,84,87,89,91,220,97,98,102,231,237,109,239,243,244,246,248,251
263,264,265,269,274,146,276,21,281,283,284,32,289,41,50,69,72,81,119,217,91,227,107,109,241,243,247,252,253,254
256,257,261,8,267,12,269,17,276,21,23,27,283,34,164,166,42,178,182,315,324,69,71,77,81,87,89,98,99,230,109,244,245,248,253,254
128,258,259,261,264,269,278,285,51,180,193,69,203,75,81,83,84,85,215,87,89,92,93,248,97,98,105,108,109,240,112,114,115,243,117,120
2,265,266,269,144,18,146,276,283,41,180,190,67,68,324,70,71,79,80,86,87,92,96,100,105,106,111,112,114,115,116,117,119,121,253
130,261,264,269,19,276,279,26,283,43,309,313,316,60,191,320,324,69,330,79,80,81,86,87,89,106,109,241,243,117,249,252,253,254
257,258,8,12,269,276,21,27,283,28,34,164,166,40,42,178,188,324,68,70,71,202,79,86,87,91,99,100,106,237,111,244,245,116,247,117,121,253
264,267,269,272,276,277,282,283,165,168,43,174,311,313,316,324,69,74,203,79,81,87,120,222,106,234,241,243,116,246,248,121,252,253,254
257,2,266,269,274,276,283,32,161,167,40,42,187,317,323,324,69,70,199,71,201,202,326,330,77,208,214,89,241,244,245,252,253
130,5,134,264,138,10,269,276,153,282,26,283,32,39,43,306,182,69,70,79,81,84,87,89,218,91,98,106,109,241,243,246,252,253,254
261,264,268,269,270,271,276,277,283,32,289,43,178,313,69,79,81,86,87,89,106,109,241,242,243,117,120,249,252,253,254
263,264,268,269,273,274,283,32,39,177,313,66,69,79,81,87,89,106,109,241,242,114,243,117,123,252,253,254
0,1,263,264,137,267,268,269,141,19,276,280,281,283,27,289,290,41,69,72,75,218,247,94,99,100,101,103,106,107,109,243,119,252,253,254
128,261,266,271,277,278,280,44,177,63,323,68,69,70,71,200,76,79,83,86,87,93,95,100,105,234,106,109,239,111,116,117,246,120,121,251
261,12,269,278,283,168,42,298,191,324,69,80,81,83,84,85,213,87,88,89,90,92,97,98,105,109,112,114,243,117,248,253,254
263,264,267,269,270,273,277,283,32,43,51,320,69,80,81,86,88,89,248,121,106,109,110,241,243,117,246,120,249,252,253,254
141,144,145,146,147,155,156,157,158,160,164,293,36,167,169,298,171,170,301,302,175,304,177,178,179,180,309,181,184,330,208,173
2,135,13,142,143,144,145,146,147,18,148,155,284,157,158,160,161,294,167,296,170,299,172,173,302,175,178,179,52,180,181,184,330,204
128,145,146,147,148,149,278,154,157,158,159,162,294,167,171,172,174,175,304,178,179,308,182,184,185,321,193,330,203,209,212,95,114,115
130,5,141,144,147,148,153,282,156,158,159,160,292,165,294,293,167,296,170,43,172,299,174,301,175,305,306,303,177,179,307,308,310,184
141,142,143,144,145,147,148,149,150,153,154,155,156,158,31,160,294,167,296,169,170,299,171,172,174,175,48,177,306,179,180,330,211,125
141,144,272,146,147,150,151,152,153,155,158,159,164,296,170,299,300,301,174,175,304,305,306,307,308,178,177,180,330,74
135,10,138,141,142,16,275,276,148,156,158,292,167,295,170,299,172,300,174,303,175,306,179,307,308,310,311,184,73,329,330,81,84,91,102,231,237,246
10,138,142,271,144,145,147,276,275,148,155,156,158,292,295,170,299,172,174,303,175,177,306,307,180,309,310,311,184,200,329,72,330,239,246,251
11,269,143,145,147,148,149,150,151,22,152,283,156,159,32,160,162,163,165,295,296,297,168,299,42,302,175,304,47,178,307,309,182,184,330
10,138,16,145,144,275,26,155,156,157,158,160,161,292,164,167,169,170,173,302,303,304,175,306,179,180,181,311,55,65,324,329,73,330,231,239,113,246
130,141,13,142,145,147,148,158,292,293,167,296,169,295,299,300,172,170,175,174,177,305,307,308,309,310,303,184,179,330
261,265,141,142,269,144,273,147,156,158,31,160,294,296,170,299,173,302,178,307,308,309,184,68,71,330,81,86,87,88,89,98,106,109,116,118,119,253
0,2,266,141,142,144,145,147,281,27,155,157,158,160,161,164,167,296,39,168,175,304,178,307,308,181,180,55,179,190,70,198,330,88,118
141,145,146,147,148,149,154,155,156,29,158,294,295,296,169,297,299,167,172,302,175,304,176,178,179,180,309,182,184,330,88
137,141,142,144,146,148,155,157,158,159,160,292,295,296,167,170,299,172,300,174,175,304,305,306,307,308,178,309,303,179,310,184,198,330
141,142,144,145,146,279,155,156,157,158,159,160,161,164,167,168,42,170,300,172,175,304,305,178,307,308,309,181,55,179,180,190,330
142,143,144,145,146,147,148,149,153,154,155,284,29,157,158,160,293,294,167,296,297,170,299,171,172,302,301,174,175,178,179,204,108
4,142,143,144,145,146,147,148,149,155,156,158,161,294,295,296,297,169,299,170,172,174,175,178,180,309,310,54,184,311,330,92
142,143,144,145,146,147,148,150,151,152,284,158,159,160,161,162,163,165,294,296,168,170,299,173,302,174,175,307,308,309,182,184,185,72,73,330
265,141,143,144,146,147,148,149,150,152,153,154,155,284,29,158,160,294,167,296,169,170,299,300,172,302,175,176,177,178,306,179,305,184,66,107,119
1,142,144,145,147,148,149,155,156,157,158,160,292,296,168,170,299,172,174,175,303,178,307,308,309,310,181,184,330,83,92,232,105,112,114
130,141,142,144,145,147,148,158,292,293,295,167,169,170,299,172,174,175,303,177,305,307,308,309,310,179,184,200,330
128,141,142,148,154,158,162,292,167,295,170,299,300,172,174,175,303,177,307,308,309,179,310,184,61,63,321,330,87,220,109,117,120,252
135,142,145,150,151,152,30,287,159,32,290,35,165,37,295,167,297,170,42,300,168,44,303,174,177,175,307,308,309,179,55,184,52,182,330,230,233,237
3,12,141,143,144,273,149,150,151,152,285,158,159,161,162,163,164,34,294,165,296,168,170,299,171,43,175,304,307,182,185,83,92,105,111,112
143,144,146,147,148,149,153,154,284,157,29,159,160,158,294,167,296,170,299,171,173,302,175,172,174,178,305,177,309,179,182,184,183,310
141,142,145,148,154,156,157,158,161,292,293,167,295,170,299,172,173,174,303,304,177,175,179,307,181,310,55,309,308,184,330,88,121
143,144,145,146,147,20,155,156,157,158,160,161,164,167,296,297,170,169,173,302,303,304,175,178,179,180,309,181,184,65,71,330,88
2,141,143,144,145,146,147,155,29,158,159,160,164,294,295,296,297,170,299,174,175,304,306,307,308,309,180,178,179,184,330
266,141,145,19,276,148,150,151,152,154,156,159,292,165,167,168,297,172,46,303,304,177,175,307,308,309,180,55,311,310,179,182,186,316,330,47,246
2,142,143,144,145,146,147,148,149,155,156,157,158,160,164,294,38,296,42,299,170,298,302,173,175,178,307,308,181,180,179,61,330,93,94
130,141,142,148,153,154,158,292,167,296,169,295,299,300,172,174,175,43,177,178,307,308,306,179,303,184,310,330,170,106
141,142,144,145,147,148,149,155,157,158,164,292,167,296,297,170,299,172,174,175,304,305,178,306,180,309,179,307,184,310,330,88
10,138,16,275,147,148,149,153,154,156,158,292,294,167,171,172,174,303,175,177,306,307,308,179,310,311,184,73,329,74,81,91,231,237,239,243,246,251
129,142,143,144,145,146,147,155,157,158,160,294,295,296,169,170,299,173,302,175,304,49,178,307,308,309,179,180,181,311,65,330,112,254
265,141,142,143,144,146,147,153,155,284,29,157,158,160,161,290,164,294,167,296,41,170,299,169,173,302,175,300,172,179,180,309,181,330,108
128,141,144,148,149,154,155,157,158,160,161,164,166,167,170,171,299,301,172,173,304,305,178,179,175,181,180,185,193,330,83,215,240,114,115
1,142,145,146,147,148,149,150,151,156,158,162,165,296,168,170,299,171,175,50,185,61,321,193,203,209,212,87,90,95,109,114,115,249
261,269,143,144,145,146,147,148,149,281,155,156,158,31,294,295,296,298,299,304,178,180,309,184,68,70,71,330,86,87,106,110,112,116,121
258,141,143,144,145,148,149,153,154,155,158,287,166,295,296,297,167,299,170,171,172,301,304,177,305,307,308,309,310,174,175,179,184,318,324,330,89
4,142,143,144,145,146,147,148,150,151,152,155,29,159,160,165,294,295,296,167,170,299,168,172,302,175,304,179,309,182,62,211,99,125
269,142,143,144,145,146,148,149,153,154,283,156,155,158,32,164,166,167,296,169,299,171,172,174,175,304,177,178,307,180,179,310,184,330
142,143,144,145,146,147,20,148,155,29,158,159,294,295,296,297,170,299,172,301,302,174,304,175,178,307,309,310,184,330,88,125
141,142,145,148,150,154,158,292,293,295,296,169,167,170,172,301,174,300,299,177,305,307,308,306,310,175,184,179,330,303
128,130,131,132,5,134,135,133,136,138,10,140,139,16,275,26,285,286,288,290,291,43,81,84,91,231,237,239,246,123,124,125,126
128,129,130,131,132,133,134,135,136,137,138,139,140,144,146,23,284,29,286,287,285,289,290,288,52,55,204,205,122,123,124,125,126,127
128,1,129,130,131,132,133,134,135,136,139,140,19,278,285,286,288,289,290,291,63,321,193,195,203,83,212,90,92,95,105,240,117,123,124,125,126,127
128,130,131,132,133,134,135,136,137,138,10,140,139,16,275,276,282,286,287,288,290,291,303,324,329,81,84,91,219,239,246,123,124,126,127
128,130,131,132,5,134,135,133,136,138,10,140,139,16,275,285,286,288,290,311,73,329,81,84,216,91,231,237,239,246,122,123,125,126,127
128,130,131,132,133,8,137,138,136,139,269,140,17,21,23,27,28,286,287,289,164,166,40,42,47,178,187,188,192,71,244,123,127
128,130,131,132,133,134,135,5,137,136,139,138,140,145,285,286,287,288,289,290,55,230,236,125,122,123,253,127
0,128,130,129,131,5,133,132,134,137,135,136,138,139,140,144,18,284,285,286,288,289,290,291,33,52,56,67,227,253,122,123,125,126,127
128,129,130,131,132,133,134,135,136,137,138,139,140,17,276,23,285,286,287,288,289,290,42,52,55,186,64,65,70,71,204,205,122,123,124,125,127
128,130,131,132,133,134,135,136,11,12,139,140,22,283,285,286,287,32,289,288,290,291,40,42,47,55,187,315,324,71,208,214,122,123,124,125,126,127
128,129,130,131,132,133,134,135,8,136,138,11,12,139,140,17,21,23,27,285,286,287,288,290,291,40,42,47,55,221,236,244,122,123,125,127
128,130,131,132,133,134,135,136,138,10,140,139,16,275,151,26,285,286,288,290,291,46,303,73,329,81,84,216,91,231,237,239,246,123,124,125,127
128,130,131,132,133,134,135,136,139,140,19,285,286,287,288,289,290,291,55,122,123,124,125,126,127
128,129,130,131,132,133,134,135,136,137,138,139,140,273,285,286,288,289,290,39,308,220,241,125,122,123,252,253,127
128,129,130,131,132,133,134,135,136,137,138,139,140,285,286,287,288,289,290,291,122,123,124,125,127
128,129,130,131,132,133,134,135,136,137,138,139,140,19,278,285,286,288,289,290,291,43,320,321,203,240,117,122,123,125,127
128,129,130,131,132,133,134,135,136,137,265,139,138,140,19,285,286,287,288,289,290,291,169,176,122,123,124,125,126,127
128,129,130,131,132,133,134,136,137,138,139,140,285,286,287,288,289,290,291,308,328,220,233,122,123,124,125,127
128,129,130,131,132,133,134,135,136,137,138,139,140,280,285,286,288,289,290,291,170,55,58,59,218,227,233,107,119,122,123,124,125,127
128,130,131,132,261,134,133,136,137,138,139,140,277,285,286,288,289,290,43,55,318,324,198,203,83,92,229,106,234,110,240,117,122,123,125,127
128,129,130,131,132,133,134,135,136,137,139,140,19,278,285,286,288,289,290,291,51,83,212,85,215,229,240,112,117,123,124,125,126,127
128,2,130,131,132,133,134,135,137,265,136,139,140,285,286,287,288,289,290,41,173,52,53,55,70,199,71,201,207,217,122,123,124,125,127
128,130,131,4,132,133,134,136,137,8,139,140,17,23,27,28,285,286,287,288,290,42,44,47,55,57,186,192,65,197,204,205,208,122,123,125,127
128,1,130,129,132,131,134,133,136,135,138,139,140,277,26,285,286,288,290,43,61,63,324,83,92,232,239,120,122,123,125,127
128,129,130,131,132,5,134,133,136,137,138,135,139,140,285,286,287,288,289,290,291,43,324,212,100,238,122,123,125,127
128,129,130,131,132,133,134,135,136,137,139,140,17,23,28,285,286,287,288,289,290,42,55,56,57,65,70,204,122,123,124,125,127
128,130,131,132,133,134,135,136,137,139,140,285,286,287,288,289,290,291,293,198,220,122,123,124,125,127
128,129,130,131,132,3,134,135,136,137,138,10,140,133,139,16,285,286,288,289,290,231,123,239,246,251,124,125,126,127
128,2,131,130,132,134,133,136,265,266,138,135,139,140,285,286,288,289,290,291,52,53,324,70,199,201,207,217,123,124,125,126,127
128,130,131,132,133,134,136,137,139,140,17,285,286,287,288,289,290,291,41,170,55,59,65,218,233,107,119,122,123,124,125,126,127
9,26,27,43,47,313,314,187,316,317,189,191,320,186,194,324,325,198,327,200,197,199,201,202,205,207,208,209,210,212,213,214,215
135,10,138,16,275,186,187,317,189,191,192,322,194,197,327,199,329,200,73,201,202,205,206,207,208,209,210,212,213,215,216,91,231,239,246
10,138,275,186,187,188,317,316,189,191,194,324,197,198,199,328,329,202,200,201,205,207,80,209,210,208,212,213,215,216,91
261,47,186,187,316,317,319,192,193,321,323,196,325,326,324,327,198,197,203,191,199,200,201,208,209,194,202,205,206,207,210,212,213,215,216
259,260,6,145,287,312,315,187,317,319,191,322,323,196,324,194,197,328,200,201,199,205,208,209,210,213,215,236,122
136,269,145,26,47,313,314,187,316,317,188,189,320,191,194,186,324,325,198,327,199,197,201,202,205,207,208,209,210,213,214,215
10,275,34,310,312,314,315,187,317,318,319,191,322,323,324,325,194,197,200,329,73,199,72,328,74,201,202,205,208,209,210,213,215,221,239
135,10,138,16,275,26,303,186,187,317,189,191,322,194,197,327,200,73,329,202,199,201,205,207,208,81,209,210,212,213,215,216,91,231,239,246
135,10,11,138,186,315,187,188,317,319,191,192,322,323,196,194,197,326,200,329,202,199,201,205,207,208,209,210,212,213,214,215,216,244
2,266,283,32,167,42,53,187,315,188,189,191,192,322,323,326,199,71,201,202,200,327,205,207,208,209,210,214,215,217
6,12,287,313,315,187,316,317,319,191,322,323,196,195,194,199,328,197,201,202,205,208,209,210,211,213,215,217,230,236,245,122
137,138,10,275,152,187,316,317,315,191,188,189,322,319,324,194,198,327,328,329,199,200,197,72,201,202,205,78,207,208,209,213,210,215,94
264,9,283,47,313,314,186,316,317,188,189,320,191,187,323,324,69,194,327,200,329,197,199,201,202,205,207,208,209,210,212,213,214,215,216,106
2,26,167,42,43,53,313,314,187,316,189,317,190,320,191,319,194,324,197,198,199,70,201,328,202,205,207,208,209,210,213,214,215,217
6,263,47,313,314,186,316,189,317,190,320,187,191,194,324,197,198,326,328,200,199,201,202,205,207,208,209,210,82,213,214,215,94,241,123
257,3,260,134,267,287,34,51,312,314,315,187,317,318,319,191,322,194,324,197,199,328,200,201,202,205,209,210,213,215,89,221,229,230,236,245
11,18,26,282,314,187,316,317,189,190,320,318,191,323,324,194,198,199,200,67,197,201,202,205,78,207,208,209,210,213,215,96
261,269,31,47,186,187,315,188,317,191,192,323,196,197,326,68,328,201,69,71,204,205,79,208,209,81,210,213,214,86,216,87,88,89,215,98,106,109,116
314,186,187,317,316,189,320,319,322,323,324,191,198,327,328,200,329,202,195,197,199,201,208,209,194,205,207,213,210,212,215,216
3,17,42,308,55,186,187,316,317,189,190,320,321,191,194,324,197,198,199,328,201,202,200,204,205,206,207,208,209,210,212,213,215,216,233,117
12,287,32,34,42,47,314,315,187,188,317,319,191,192,321,323,324,194,197,71,328,200,326,199,201,202,204,205,208,207,209,210,213,214,215,236
4,9,148,176,48,183,186,187,316,317,191,192,194,195,323,197,199,328,201,202,204,205,207,208,209,210,211,212,213,215
2,3,135,12,38,42,47,313,314,187,316,317,189,186,320,321,191,323,195,324,198,194,328,200,197,199,201,202,205,207,208,209,210,212,213,215,223,117
133,137,280,290,291,170,182,55,186,59,187,188,189,318,191,65,194,195,324,197,198,199,328,201,202,204,205,209,81,210,211,213,215,218,101,233,107,119
130,5,134,26,284,43,313,186,314,316,317,189,191,320,187,194,324,197,198,199,200,201,202,204,205,207,208,209,210,212,213,214,215,216,218,127
289,41,48,186,187,315,317,191,66,323,196,194,198,197,328,201,199,202,204,205,207,208,209,210,211,213,215,216,217,119
264,18,282,43,51,314,187,316,317,189,191,320,321,194,323,324,69,198,68,200,67,197,199,201,202,78,205,208,209,210,212,213,86,215,96,246
128,12,47,186,187,316,191,321,194,195,196,324,323,197,328,199,201,203,202,204,206,205,207,209,210,83,212,208,213,215,216,223,114,117
128,12,278,47,312,314,186,316,317,190,187,320,321,191,194,196,324,197,199,328,200,201,203,202,205,207,208,209,210,212,213,215,216,89,223,117
6,145,275,287,186,315,187,317,189,319,191,322,323,196,194,197,199,328,200,202,329,201,205,207,208,209,210,211,213,215,216,236
135,10,138,16,275,186,187,188,317,189,191,322,194,197,199,200,329,202,73,201,205,207,208,81,210,209,84,212,213,215,216,91,237,239,246
2,133,137,276,290,166,170,53,186,59,187,191,65,194,196,68,326,199,328,201,204,205,209,210,211,213,214,119,215,218,101,103,233,107,247
26,314,186,187,317,316,189,320,190,191,194,324,197,198,326,328,327,199,201,204,205,202,200,208,209,206,207,210,212,213,215,216
1,2,48,186,187,61,317,191,321,194,323,196,195,324,197,328,199,201,202,204,205,207,208,209,210,211,213,87,215,89,232,109
156,43,55,186,187,316,317,190,191,320,321,188,323,324,189,198,199,200,329,194,203,197,328,201,202,208,205,207,209,210,213,215,228,106,110
138,10,16,275,26,28,303,305,186,187,188,317,191,322,323,324,194,197,199,329,73,202,201,205,207,208,81,209,210,213,215,216,91,237,239
128,9,273,278,288,186,187,61,191,321,194,195,196,323,324,197,328,199,201,203,202,77,206,205,207,209,210,208,212,213,215,87,109,114,117,120
10,138,275,40,42,177,187,188,189,317,191,322,194,324,197,327,200,73,329,199,202,201,205,207,208,81,209,210,213,215,216,91,231,237,239,246,251
257,258,260,275,283,34,312,186,315,187,316,317,318,319,191,322,194,324,197,198,199,200,328,201,202,205,207,208,209,210,213,215,89,245,122
12,312,186,187,315,316,317,319,320,321,322,323,196,324,195,191,200,328,194,203,197,199,201,202,205,209,210,207,208,213,212,215,216
269,281,25,47,186,314,187,317,316,189,320,191,194,324,197,198,327,328,200,329,199,201,202,205,207,208,209,210,213,214,215,216,117
128,43,314,186,316,187,60,63,320,321,193,191,324,325,194,199,200,329,197,203,201,202,205,207,208,209,210,212,213,215,216,92,232,117,120
18,282,159,34,187,316,189,317,191,320,321,193,67,68,325,324,198,200,69,194,203,197,199,78,201,202,205,210,208,212,209,86,213,215,96,120
133,31,289,41,170,42,48,186,187,317,191,194,324,196,197,199,328,201,202,200,205,207,208,209,210,211,212,213,215,216,217,218,119,124
148,31,48,176,183,186,187,316,317,191,320,194,323,196,197,324,198,200,328,199,201,204,205,202,207,208,209,210,212,213,215,216
276,26,289,55,186,315,316,317,187,188,189,191,194,323,324,197,198,326,199,328,200,201,204,205,202,207,208,209,210,211,213,215,94
261,301,52,313,314,186,316,189,317,61,320,321,193,187,324,325,198,191,328,194,197,203,199,201,202,205,207,209,208,210,212,213,215,216,94,104,117
9,269,276,26,283,47,313,314,187,316,317,189,191,320,318,322,194,324,197,198,327,200,326,199,201,202,205,207,208,209,210,213,214,215,98
138,10,275,186,187,188,189,317,319,191,322,194,197,326,327,200,329,73,199,201,202,205,207,208,81,209,210,212,213,214,215,216,231,239,246,251
0,3,12,289,47,187,316,315,188,317,319,60,191,323,194,325,327,328,200,199,201,205,206,209,210,213,85,215,220,223,236,117
135,10,138,16,275,186,187,189,317,191,192,322,194,324,197,327,200,329,73,202,199,201,205,206,207,208,209,210,212,213,215,216,91,231,237
135,10,138,140,16,275,303,186,187,191,192,322,194,197,199,200,329,73,202,201,205,206,207,208,81,209,210,84,212,213,215,216,91,231,237,239,246
5,6,10,138,276,28,43,312,186,315,187,317,318,319,191,322,194,324,197,327,200,329,328,199,201,202,205,207,208,209,210,212,213,215,216
5,276,26,283,314,186,316,317,189,191,320,187,194,324,197,198,325,199,329,201,202,204,205,207,208,209,210,212,213,214,215,106,247
12,269,283,29,42,47,186,187,317,191,192,321,194,195,324,196,198,197,328,199,200,201,202,205,206,207,208,209,210,212,213,215,216,223,236,253,254
132,6,24,26,43,50,56,313,57,314,316,60,317,191,320,186,187,194,324,69,198,327,199,197,200,201,202,205,207,208,209,210,212,213,214,215,216
264,283,47,314,187,316,189,188,317,320,191,186,194,324,197,198,327,326,199,328,201,202,205,207,208,209,210,213,214,215,237,254
314,187,316,317,189,186,320,193,194,321,324,325,198,327,196,329,191,197,199,201,202,200,208,209,205,207,212,213,210,215,216
135,10,138,145,275,150,287,315,187,319,191,322,323,324,194,197,199,328,329,202,73,200,201,75,76,208,205,209,210,213,215,216,91,236,237
12,269,275,283,32,39,42,47,48,185,315,187,316,317,319,192,322,323,324,194,326,328,202,205,208,209,210,213,214,215,236
12,47,314,187,316,317,188,189,320,186,191,323,324,194,198,199,200,328,329,202,327,197,201,205,207,208,209,210,212,213,215,216
279,281,47,48,313,186,314,187,317,316,189,320,190,191,194,197,198,327,328,326,199,201,202,205,207,208,209,210,213,214,215
269,279,283,32,42,47,182,314,187,188,315,316,317,192,319,189,323,196,191,326,194,328,201,197,199,202,205,208,209,210,213,214,215
269,18,282,283,42,47,315,187,188,317,189,191,192,322,323,324,194,326,198,200,328,202,67,199,201,205,208,209,210,213,214,215,96,105,253
128,12,269,22,283,42,47,187,315,188,317,191,192,321,194,323,196,195,326,199,328,201,202,204,205,206,208,209,210,213,214,215,123
270,15,275,313,314,186,316,189,188,317,191,187,322,194,324,325,197,327,200,329,202,199,201,205,207,208,209,210,212,213,215,228,109,126
275,31,289,172,48,313,186,187,317,189,319,191,321,66,195,196,323,194,197,328,201,199,202,205,209,210,211,213,215,216,217,119
3,12,186,300,314,315,187,317,190,316,320,189,322,318,324,191,198,199,328,200,327,194,197,201,202,205,208,207,209,210,212,213,215
186,187,316,317,190,191,320,321,193,192,196,194,198,327,197,199,200,203,201,202,205,206,208,209,210,83,212,85,213,215,207,216
128,51,186,187,316,317,191,320,321,193,194,196,324,198,197,199,328,201,203,202,204,205,207,208,209,210,83,212,85,213,215,89,105,240,117
3,12,14,271,156,43,47,313,314,186,316,188,317,187,320,189,191,323,324,194,198,197,200,329,199,328,201,202,205,207,208,209,210,213,215,223,118
135,10,138,140,11,16,275,311,186,187,191,322,194,197,326,327,200,73,329,202,199,201,205,207,208,81,209,210,212,213,214,215,216,231,239
135,10,138,140,16,275,276,315,187,188,189,318,191,322,323,194,195,197,199,328,329,73,202,200,201,205,208,81,210,211,209,213,215,216,91,237
26,43,47,53,313,314,186,316,189,317,190,320,191,187,194,324,197,198,327,326,199,201,202,205,207,208,209,210,213,214,215,216,106,118
128,19,278,314,186,316,317,187,191,320,321,193,194,196,192,197,199,200,201,202,205,206,207,208,209,210,83,212,85,213,215,216,240,117
128,269,283,186,187,316,190,191,192,193,321,194,197,326,198,199,200,201,202,204,205,206,207,208,209,210,83,212,85,213,215,216,92,223,105,117,253
2,265,18,282,41,187,315,188,189,191,321,194,67,323,196,195,68,200,324,201,328,197,199,202,205,80,209,208,78,210,213,215,96,105,253
6,267,145,287,315,187,317,61,319,192,321,191,323,324,196,195,194,328,201,200,325,197,327,199,205,208,209,210,213,215,221,236
2,265,266,167,47,53,55,314,186,187,189,317,191,194,324,197,70,199,71,201,202,205,207,208,209,210,213,214,215,217,117,121
9,11,187,315,188,317,319,192,191,194,323,196,197,326,199,200,201,202,328,205,208,209,210,213,214,215,216,217
