196,710,299,208,434,53,444
267,43,434,150,567,153,154,379,124
832,33,396,205,496,433,721,54,669
194,195,197,201,62,351
267,283,434,150,567,153,154,379
796,1062,809,713,715,380,797,862,191
870,743,872,852,213,278,1045,860
161,228,488,233,46,688,308,310,860
37,70,267,715,429,368,380
140,177,1075,756,147,757,179
641,139,140,300,177,147,179,57,638
515,140,177,1075,147,757,179,57
129,194,195,197,936,201,58,62
194,195,197,201,749,58,62
640,299,300,44,177,147,724,56,57,637
640,299,44,177,147,724,56,57,636,637
493,494,847,178,211,377,223
870,776,861,845,316,281,860,1085
227,164,6,493,494,847,176,211,157
39,40,47,240,48,79,569,63
39,40,47,240,48,79,569,63
196,710,6,1062,713,208,53,797
194,195,197,902,201,982,764,62
198,491,492,1044,981,1047
287,42,92,90,411,412,447
517,678,682,238,335,175,724,21
194,195,197,201,912,401,597,982
71,74,47,48,688,120,59,124
72,41,74,47,48,120,59,124
41,43,47,48,434,150,124
41,43,47,48,434,150,124
194,195,643,197,201,596,597,62
34,515,516,35,300,177,50,1075,57,639
198,491,492,237,1044,1047
36,166,168,75,204,334,625,159
194,195,197,199,620,876,759,157,62
963,228,6,233,875,493,494,211
170,394,108,812,178,344,347,348,799
192,548,593,245,664,665
420,135,776,206,984,985,860,222
33,323,809,205,368,721,54,380
800,801,170,811,812,178,346,799
800,801,170,811,812,178,799
170,178,344,345,346,347
194,323,195,197,902,199,809,201,982
870,776,845,918,314,860,1085
354,776,872,1072,1073,212,316,222
257,79,240,659,120,63
257,79,240,659,828,63
225,228,102,488,233,495
98,41,555,48,690,691,310,55,120
353,354,453,917,378,316,317
248,258,910,911,336,245,152,61
907,909,1071,304,117,1022,126
64,258,583,336,245,152,60,127
225,228,102,488,233,495
356,106,107,203,433,436
356,551,106,107,203,433,243,436,502
65,517,103,109,878,595,596,597
66,164,230,236,12,16,18,1013,413
160,71,688,158,159
321,421,521,76,77,144,280,861
72,74,46,307,52,59,158
580,581,554,398,401,597,982,23,862
71,72,74,46,52,59,158,159
71,72,74,46,52,59,158,159
354,453,917,316,317,318
224,225,707,102,871,488,906,142,495,151
870,776,845,1072,1073,212,860,1085,222
1059,324,359,296,236,152,250,221,127
224,1090,113,306,851,49,952,24,828
640,109,626,147,724,178,344,346,348,349
521,76,77,877,144,278,280,861
870,845,918,314,860,1085,222
870,845,918,314,860,1085,222
227,36,6,493,366,494,847,211,281,1085
931,260,966,358,363,112,511
640,515,626,147,178,344,346,348,349,638
446,459,846,80,414,415
385,389,747,237,751,149,150
297,74,75,46,48,52,120,59
257,964,306,659,468,151,729,94,63
1088,68,69,429,434,51,53,31
96,199,200,555,620,373,757,374,95
352,107,751,148,149,150,151,155
1033,107,203,267,205,567,154,155,188
239,912,753,210,723,564,764
160,71,46,688,52,59,158
832,103,239,912,401,210,49,596,597,351
545,36,987,235,142,304,18,20,794,795
99,101,271,272,83,84,87,88,1050
97,939,271,272,85,86,87,1050,255
98,939,271,272,83,85,87,1050,255
97,99,101,939,272,86,88,255
98,101,934,939,271,83,88,255
99,965,939,271,84,85,87,88
963,100,83,84,87,88,89
3,165,38,229,230,14,438,1014,413
193,106,205,751,624,434,148,149,150
545,36,6,235,304,18,20,987
2,4,13,341,26,93
834,163,420,390,135,206,985,829,990
482,324,167,297,75,395,209,539
324,71,168,169,75,395,204,59,158,159
265,496,113,435,121,220,669,671
897,742,711,842,150,476,477,478
2,4,486,332,13,1080,857,26,91,1087
354,453,845,917,316,317
96,481,243,502,122,123,95
99,100,101,83,84,87,88,1050,255
99,101,934,84,85,87,88,89
609,67,355,358,966,105,655,246
387,68,69,484,338,434,51
225,228,6,488,233,648,493
1027,43,47,368,434,310,311,120,124
72,74,46,307,52,59,159
352,484,171,13,24,25,830
321,322,326,327,521,875,524,77,144,317
514,131,617,618,45,1038,334,126
160,71,688,120,158,159
268,301,365,238,176,635,639
128,352,489,427,972,338,370,371,342
96,514,392,137,393,299,300,146,757
1027,331,555,429,1070,78,400,338,852,372
33,454,136,266,913,82,567,28
129,548,549,427,972,14,398,370,468,155
196,208,434,722,530,150,29,30,863
672,220,30,121,27,28,670,671
704,220,30,27,28,669,670,671
353,868,421,869,871,872,919
356,106,107,203,436
584,905,173,174,175,371,537,606
478,751,468,148,150,151,149,862
645,1033,1034,202,1067,1037,1068,19,1013
0,1,8,9,10,93
203,205,433,434,145,436,53
32,354,226,360,377,234,917,726,345,956
517,678,682,365,238,272,409,410
832,205,286,145,982,155,28,30,863
353,868,869,871,872,873,278,919,860
1088,353,868,421,453,871,470,919
64,328,173,336,948,566,152
64,173,174,175,336,948,566,152
64,258,357,294,173,245,152
704,6,233,432,690,213,278,215,1045
34,515,516,35,140,626,1075,179,724,636
641,515,516,140,301,626,635,639
515,516,299,300,140,626,724,637
355,260,358,105,971,655,246,249
224,268,314,270,176,214,278,281,538,1085
196,710,1062,778,208,53,797
389,111,118,699,189,190
268,301,176,724,635,639
418,579,446,80,790,247,445,1022
257,776,79,240,306,659,729,63
33,742,136,266,811,396,567,702,286
389,677,111,817,468,149,118,190
194,195,740,197,713,239,207,881,982
194,197,201,239,207,881,313,351
1057,709,107,879,239,881,982,313,764
2,4,13,341,26,93
739,266,237,464,913,848,241,242,467
389,111,338,116,118,119,190,829,830
545,803,132,235,910,911,790,248,445
160,71,73,688,158,159
576,32,580,554,846,496,1042,23,221
420,135,206,111,338,116,311,985,829
160,72,74,46,52,59,158,159
258,173,336,948,245,566,152,61
162,421,166,295,399,309,470,248,701
160,71,46,59,158,159
32,131,617,618,907,908,909,45,1071,126
609,355,260,358,105,655,246,249
36,166,168,457,204,334,209,625,470,861
1031,520,279,182,183,280,700
743,279,307,182,183,280,700
160,71,688,59,158,159
167,457,395,303,209,275
3,164,165,166,168,395,14,438
3,165,38,295,169,395,14,944,438,539
418,419,644,132,133,134,330,309
1058,419,132,133,934,134,330,271,80
163,390,296,457,204,334,303,405,828
776,845,178,281,314,860,861,318
167,457,395,303,209,275,539
353,869,872,917,316,317,318
480,356,68,69,106,107,526,436
517,902,330,268,108,109,309,277,315
868,869,872,873,212,378
37,70,267,429,852,567,154
515,516,139,140,626,1075,639
515,516,138,140,301,141,626,633,635
835,451,548,263,264,18,761,30,863
451,165,38,263,264,14,274,438,282
480,172,813,110,81
567,489,171,267,342,439,154,283
907,909,1071,304,117,1022,126
96,481,1001,526,400,243,502,122,123,382
963,232,86,87,88,89
66,259,236,31,60,61,127
418,132,133,134,535,536,538,511
520,41,279,182,183,280,700
256,1033,1034,464,465,1074,242,467
167,457,395,303,275,539
387,266,274,403,282,924,94
387,266,274,403,441,282,94
354,453,873,426,425,499,917,219
130,421,6,37,773,52,278,185,219,253
258,357,294,173,245,152,60
352,481,68,69,356,17,243,502,122,123
322,326,327,40,875,876,319
320,322,326,327,875,319
322,325,326,327,875,876,319
322,326,327,875,876,319
3,38,230,14,306,413,158,159
199,200,748,620,14,373,438,374,284
484,200,1001,620,403,596,373,374,282,94
835,1036,913,27,30,286
66,578,328,168,236,12,16,312,94
390,143,466,242,467,438,441,285
870,776,845,178,281,314,860,861
453,423,424,425,252,917,377,316,317
872,776,426,425,378,254,767
354,290,226,361,873,234,82,726,956
67,36,261,262,44,142,303,83,861
615,585,80,247,445,446
615,585,80,247,445,446
608,1030,987,10,18,923,125,990
321,322,326,327,875,877,319
320,321,322,326,327,319
753,723,761,982,313,764,350,351
6,776,872,873,499,214,215,185,860,253
455,936,456,243,502,184,185,122,253
289,449,291,519,333,437,1081,220
225,228,102,488,233,495,178,278
772,773,774,375,217,218
772,773,774,776,170,375,218
3,165,38,229,230,14,438
47,368,48,759,602,603,604,381,478
101,934,968,939,365,973,83,408
705,707,708,37,429,337,852,380,703
162,446,421,459,399,80,470,414,415
352,164,38,748,749,751,284
328,236,219,49,1042,312,443,60
328,236,49,245,312,443,60
354,453,872,873,426,425,214,215,378
354,453,425,426,214,378,251
320,321,322,326,327,319
1090,452,486,180,181,408,987
322,325,326,327,521,875,876,877,319
515,516,140,335,626,635,639
162,446,421,459,399,80,470,414,415
832,32,753,564,982,313,764,925,350,351
414,459,631,732,573,446,415
1029,261,487,1032,262,142,117,126
868,869,871,872,873,426,378
140,301,1075,635,638,639
513,753,982,313,764,350,351
420,903,904,135,206,368,150,985,829
519,28,121,27,220,669,670,671
672,265,113,435,121,220,669,670
258,173,336,948,245,566,152,60
160,71,718,851,469,534,216,158,159
198,491,492,1044,1047
390,143,242,467,466,116,886
192,258,613,902,555,364,1069,1078,374,1053
170,178,344,345,347,348,349
170,178,344,345,348,349
170,109,178,344,345,347,348
170,109,178,344,348,349
170,109,178,344,345,347,348
453,423,425,917,377,316,317
868,453,872,873,426,425,378,254
418,1058,963,6,872,873,363,278,88,316
162,938,727,399,535,537,538
867,739,837,903,904,205,848,594,595,155
129,972,910,911,305,339,1048,61
805,71,743,520,744,691,52,694,59,159
368,48,434,880,629,150,153,381,574
516,140,301,635,638,639
641,299,300,301,302,141,632,638,639
700,743,74,52,182,183,280,59,279
3,7,359,14,114,306,438,987,735
33,902,715,498,531,468,532,533,600,601
265,496,401,113,435,1048,121,220,381
108,109,178,340,724,277,315,606,607
385,323,902,750,594,595,1078,118
387,39,392,429,496,49,852,441,380
289,4,13,341,26,93
170,178,344,345,347,348,349
800,801,170,394,812,178,348,349
387,392,1001,266,490,300,431,1075,639
963,232,86,87,88,89
515,139,140,177,626,147,179,757,57
865,1034,751,1074,468,149,862
480,1,8,489,171,172,273,342,24
453,423,424,917,376,377,316,317
453,423,424,425,917,377,316,317
964,453,422,423,424,917,377,316,317
453,423,424,917,377,316,317
772,773,774,327,776,779,214,375
354,868,453,872,425,426,378
453,422,776,425,426,214,378,254
896,1065,721,498,690,531,532,533,55
453,423,776,917,377,1084
129,427,972,398,401,370,94
385,386,389,111,118,189,190
385,386,118,119,189
170,178,344,345,346,347,348,349
354,226,167,361,234,395,875,214,956
832,548,912,401,210,664,665,350
1067,1037,1011,474,1052,990
388,486,487,9,977,503,504
867,739,740,973,974,848,977,754,374,605
417,1025,902,1064,721,887,888,796,797,94
416,386,902,711,1064,54,887,796,797,94
903,1064,904,650,849,722,692,886,888,123
36,165,39,40,14,240,306,569
96,712,1001,682,1003,526,400,95
544,673,902,684,722,854,888,476,543
266,396,941,496,857,858,27,30,1087
160,71,711,479,854,476,478,159
608,1066,1067,1052,593,1013,156,125
323,902,910,911,305,722,339,1048,61
642,555,267,14,434,468,150,567,153,154
832,599,401,564,982,598,313,764,350
995,1003,1067,1037,1004,1005,431,1009,1010,1052
420,870,135,776,845,206,984,985,860,1085
515,516,140,301,1075,633,635,638,639
34,515,516,35,140,177,626,1075,50,57
385,386,389,118,119,189,190
385,386,389,118,189,190
385,386,389,118,189,190
515,140,147,756,179,57,635,639
300,140,177,147,756,179,635,639
1036,398,239,210,564,982,758,761,570,764
392,393,140,301,146,635,639
279,307,182,183,280,700
672,929,808,329,332,431,220,1081,28
322,36,1028,327,40,142,52,470,406,344
1088,353,421,231,701,919,468,407,413
960,992,736,964,934,968,939,271,410
736,418,419,1058,967,874,1017
352,448,356,69,396,909,338,436,439,830
480,172,813,110,81
609,418,419,874,661,662,1018
356,68,69,106,107,203,338,436
165,306,403,565,438,23,441,282
934,551,968,973,408,409
1001,1035,1069,855,404,565,854,151,1046,476
932,445,846,631,444,247,732,573,446,415
96,106,107,205,433,436
257,293,79,240,306,569,59
96,106,107,203,205,433,434,53
482,555,14,434,242,468,276,467
776,861,845,178,281,314,860,1085
776,861,845,178,281,314,860,1085
36,1001,458,876,238,432,724,853,278,986
165,166,204,334,625,306,438,441,94
160,71,74,46,307,52,308,59,159
609,355,260,358,105,655,246
478,742,71,711,150,477,158,959
620,205,465,242,466,467,373,95
934,551,968,973,408,409
328,173,948,245,312,443,60
480,0,484,485,9,489,11,273,17
225,228,102,488,233,1050
1033,1034,465,242,466,467,241,95
608,487,465,242,466,467,468,886,122,125
739,266,750,464,465,242,755,467,241
609,966,967,905,586,475
289,449,833,519,332,333,220,1054
609,929,584,905,174,175,535,606,607
1090,67,452,486,487,180,181,408
331,78,593,434,338,311,665,381,830
178,1079,344,345,346,347,349
1027,331,78,434,338,927,830,95
96,359,7,526,367,400,114,735,95
832,737,1060,549,652,531,532,533,923
1024,33,733,265,972,14,1038,1042,605
33,194,454,266,397,496,913,567,761
384,482,624,465,464,466,467
323,902,809,1033,1034,1074,403,571,796,94
1027,483,299,434,150,311,250,381
14,306,403,565,438,23,441,282
453,454,455,424,456,340,377
454,455,456,424,377,219
326,455,456,424,454,425,377
453,454,455,776,424,425,456,917,377
613,7,555,364,151,568,1053,863
514,392,137,393,140,146
704,708,261,262,552,142,126,702
97,98,963,965,366,304,83,86,87,88
906,555,14,47,434,338,759,440,381
195,1060,867,739,903,904,740,942,848,755
96,802,305,722,339,244,22,888,188,383
453,776,425,426,178,499,252
288,449,450,518,333,572,1054
163,420,773,135,206,985,219,829
42,79,52,411,412,90,59,92,157
515,516,301,633,635,638,639
96,482,486,648,650,107,464,465,242,467
96,678,682,367,400
352,291,230,231,104,332,1014,26,413
552,1033,555,113,1075,628,1048,121,670
96,552,140,113,1075,628,1048,121,670
388,486,487,430,977,503
171,13,273,24,25,93,830
101,934,935,683,717,462,271,272,560,759
96,678,682,526,400,244,920,95
484,645,487,1067,1003,1037,1009,474,1052
388,645,486,1067,1003,1037,1009,474,1052
928,1090,452,551,180,181
865,1033,1035,855,434,1074,950,951
352,514,195,740,711,749,722,755,148,888
384,390,237,241,242,467,466,149
164,165,38,204,14,143,334,303
36,165,166,295,457,334,303,275,1082,860
130,36,421,165,295,166,275,470
324,71,75,204,47,624,625,944,216
167,457,303,209,539
167,457,395,303,275
352,193,107,205,751,148,149,155
2,4,104,10,13,749,466,242,467,468
549,741,750,751,1074,149,862
482,867,642,464,465,241,242
447,42,92,90,411,412,287
515,516,299,460,301,141,633,635,638,639
513,1039,1040,881,924,925,350,351
354,226,772,361,956,234,214,502,252
1088,68,69,328,51,245,312,152,31
160,71,688,307,308,158,159
963,964,101,271,272,87,88,89
963,964,101,271,272,87,88,89
963,964,101,271,272,87,88,89
2,4,332,493,13,341,1080,857,26
706,707,740,741,749,750,751,434,755,150
740,741,711,749,750,722,755,150,374,888
706,707,740,741,749,750,751,434,755,150
577,579,580,581,554,605
929,579,580,581,554,605
322,227,228,776,233,170,779,493,178,1045
577,579,580,581,554,605
576,579,580,581,554,505,508
844,846,880,630,791,573,926
574,910,846,880,791,732,573,926
907,908,909,1071,1048,1022
614,42,92,90,411,412,157,447
907,908,1071,1048,1051,1022
3,739,549,12,848,16,754,1013,150
978,979,505,506,508
992,577,674,935,654,980,507,508,511
992,577,674,654,980,507,733,511
978,979,505,506,508
288,449,450,833,518,519,437
992,1011,980,1015,509,510,511
1011,980,1016,220,509,510,511
1011,980,1015,220,509,510,511
581,978,979,505,506,508
384,482,330,464,465,242,276,504
512,647,553,687,1040,1039,1041,1043,575
322,326,327,876,316,319
0,1,8,9,11,171,17
673,902,711,568,684,722,692,888
576,577,578,580,581,935,554
47,48,368,602,603,604,478
576,577,578,929,388,503,935,937,535,536
47,368,151,602,603,604,478
47,48,368,602,603,604,478
576,577,929,578,388,935,648,535,536
576,577,674,579,580,581,554
389,742,711,849,692,886,568,699,189
389,742,711,849,692,886,699,189,94
478,742,711,1036,717,692,568,734,959
545,676,677,1066,1067,1037,402,474,1052
227,228,167,233,303,275,1045,278
574,844,846,630,793,573,926
844,846,880,793,732,573,926,607
288,449,450,291,518,519,437
574,844,846,880,629,793,732,573,926
844,846,880,792,793,732,573
844,846,880,791,793,732,573,574
844,846,630,793,573,926,607
574,846,792,793,732,573,926
609,419,355,966,905,661,662,537
934,551,968,973,408,409
960,993,994,961,1000,653,654,605,542
544,993,994,961,1000,653,654,627,991
170,494,847,178,344,345,346,347,223
961,994,933,653,654,911,541,991
867,306,403,373,438,441,735
736,1058,418,874,661,662
193,930,296,685,625,465,405,343
33,867,484,902,239,721,722,529,530,888
577,929,578,590,591,592,497,529,530,249
574,846,880,629,631,793,732,573,446
551,556,557,878,558,563,660,21,920,668
1057,1039,1040,881,207,913,570,572
556,557,878,558,272,561,660,21,920,668
557,878,558,561,563,660,21,920,698,668
551,843,557,558,559,562,660,21,920,668
551,683,556,878,558,561,660,21,920,668
512,553,687,1040,272,1039,1041,1043,575
551,557,878,558,561,563,660,21,920,668
551,843,557,558,559,562,660,21,920,668
551,683,556,878,558,561,660,21,920,668
193,930,296,685,625,465,405,343
929,610,834,805,935,680,683,174,687,563
929,611,612,805,836,683,174,112,693,667
192,513,550,298,593,664,665,925
548,550,907,590,591,592,1071,600
192,513,550,298,593,664,665
513,546,737,548,550,665,924
546,547,548,549,550,401,596,597
546,547,548,549,550,596,597,599,924
546,547,548,549,550,401,597
548,549,590,591,592,600,601
296,204,685,720,625,404,405,828
1001,1004,1005,1006,1007,1010,404,828
935,937,938,535,536,537,538
905,937,938,535,536,537,538
935,937,938,535,536,537,538
935,937,938,727,535,536,537,538
940,941,590,591,592,112,886,600
512,553,589,687,1040,1043,445,575
546,547,548,550,401,596,597,924
1069,466,242,468,981,467,568,862,191
865,738,806,1074,468,855,862
866,709,879,982,313,762,763
866,709,298,982,313,762,763
866,709,982,313,762,763,764
866,709,982,313,762,763,764
866,709,879,982,313,762,763,764
641,515,516,140,626,633,635
515,516,140,626,633,635
516,140,301,1075,635,638,639
548,972,305,401,339,1048
642,200,204,205,620,242,148,373,151
193,1027,483,392,236,434,381
609,419,644,933,874,588,910,911
546,548,549,550,590,592,886,601,863
737,650,716,652,725,982,313,764
865,738,902,806,1034,1069,1074,468
1057,1036,717,1039,1040,913,914,759
650,716,717,594,595,692,758,759
650,716,717,594,595,692,758,759
650,716,717,594,595,692,758,759
192,513,548,593,664,665
192,709,593,594,595,596,599,763
322,326,327,875,876,319
192,593,594,595,596,597,598,599
868,869,870,872,873,212,1085
832,737,596,597,598,599,350,543
832,737,759,596,597,598,599,543
96,481,243,502,122,123
614,42,92,411,90,59,412,157
737,546,759,596,597,598,599
737,546,759,596,597,598,599,543
484,489,171,273,115,19,1013,342,24
683,556,878,1039,1040,558,561,660,698,668
512,553,589,687,1040,272,1039,1043,575
568,1036,914,692,949,760,761,863
513,594,723,982,313,764,351
912,753,723,982,313,763,351
832,513,753,982,313,764,62
832,709,879,753,723,982,763,62,351
647,680,657,658,693,728,666,667
647,680,649,657,658,916,693,728,731
647,657,658,915,693,728,697,666
646,647,680,714,657,658,915,693,728
647,649,657,658,916,693,728,697,731
700,743,520,447,74,52,59,828,287
646,647,680,714,657,658,915,693
196,710,907,908,974,1071,208,53,380,1022
966,582,586,587,588,497
963,580,615,616,585,80,445
992,993,961,960,1000,653,654,911,627,605
992,993,960,994,1000,653,654,911,627,605
1061,902,711,837,1063,809,722,692,888,730
647,680,686,658,693,694,695
834,610,680,663,657,658,693,695
675,680,663,719,695,697,1083
746,747,1020,651,878,558,660,668
744,746,747,1020,660,920,668
746,747,1020,651,556,660,920,668
451,195,197,263,264,761,29,30
131,617,106,618,205,45,433,145,155
229,6,231,997,230,536,794,795,413
997,6,229,230,937,231,536,794,795,413
229,6,997,230,231,536,794,795,413,216
650,849,692,949,887,761,863
805,744,657,690,691,658,693,561
896,805,744,1034,1040,690,691
582,615,585,80,247,445,446
515,516,140,626,633,635
929,609,584,619,1012,606,607
929,609,584,619,655,1012,606,607
833,289,449,291,333,220
992,929,388,935,648,528,607
545,36,677,229,167,872,230,235,413
260,906,434,468,565,150,440,379,30
899,612,836,535,536,538,667,894,895
1065,746,747,1020,557,560,563,660,668
870,776,1084,314,860,1085,222
320,321,326,327,521,522,875,144
326,327,521,875,523,524,525,144,316,317
872,521,875,523,524,525,144,178,316,317
1057,546,207,881,913,570,572
647,686,657,658,693,694,695,696
746,1020,560,563,660,920,698,668
902,721,722,887,888
647,695,686,658,693,694,663,696
36,616,585,330,876,80,114,278,446
14,79,240,304,659,729,126,63
140,301,1075,635,638,639
140,301,1075,635,638,639
388,486,487,430,977,503
675,647,680,719,657,693,697
675,647,680,719,657,658,693,697,668
902,1036,717,760,914,692,568,761,734,863
836,647,680,657,658,693,663,697,667
832,737,546,549,652,401,564,925,350
677,815,816,817,527,824,827
609,582,586,587,588,846
740,292,902,1069,755,468,565,568,796
1036,914,692,949,760,761,863
292,902,472,468,854,471,568,473
292,472,692,468,854,471,568,473
292,902,472,468,565,854,471,568,473
354,868,869,776,872,873,316,318
717,1069,434,692,468,565,759,568,124
864,1036,760,692,886,568,797,734
1069,468,565,854,150,568,26,478
1024,324,1038,343,90,92
321,322,521,875,876,523,525,144,278,316
675,680,695,657,658,693,663,667,731
650,717,849,692,568,699,734
704,705,707,37,70,267,429,852,702
896,840,1036,591,1040,1039,882,885,891,1021
331,1070,78,368,434,311,380,381
705,707,708,37,70,267,429,852,702
704,705,707,37,70,267,429,852,702
354,226,360,457,234,395,956,303,272,316
140,301,1075,635,638,639
140,301,1075,635,638,639
33,902,684,721,722,888,730
865,1033,1034,555,855,434,1074,951
865,1033,1034,555,1069,855,434,1074,951
1029,71,1032,1001,74,458,1033,52,59
646,647,680,714,657,658,915,693,728
647,680,728,657,658,915,693,920,666
896,898,901,838,842,1040,884,920
896,898,901,838,842,1040,884,920
896,898,901,838,842,884,697,1020
935,619,556,683,878,558,561,563,1012
388,486,487,1030,503,504
643,837,1063,809,942,722,54,888,543
641,515,516,140,626,1075,632,633,638
672,621,113,121,220,669,670,671
672,621,121,220,669,670,671
672,621,121,220,669,670,671
672,621,121,220,669,670,671
672,621,121,220,669,670,671
97,963,939,272,86,87,88,255
516,140,301,633,635,638,639
640,641,516,140,633,636,637,638,639
647,649,658,915,916,693,728,731,894,895
963,100,99,101,232,366,89
352,546,711,748,749,751,722,148,888
966,582,586,587,588,846
676,36,870,677,133,815,817,820
676,677,36,240,816,817,820,824
907,908,909,1071,401,117,121,570,1022
782,783,784,785,786
71,839,74,52,150,983,890,59,892,1021
896,834,323,610,680,687,1040,1039,891,1021
771,772,773,774,776,375,860,765,766
839,892,1036,687,690,1076,890,668,1021,895
930,296,685,622,624,625,465,720,343
930,296,685,622,624,625,946,720,343
896,834,899,551,840,690,882,891,1021,158
930,296,685,622,624,625,465,720,343
839,892,1020,1040,1076,890,668,1021,894,895
896,899,900,1039,1040,1021,1077,893,894,895
899,900,649,893,1039,1040,1077,668,1021,894
574,938,846,880,792,793,732,573,926
1061,902,837,886,887,568,54,989,863
574,846,880,791,792,793,926
70,617,618,45,1038,1081,157
782,783,784,785,786
782,783,784,785,786
782,783,784,785,786
782,783,784,785,786,214,956
772,773,774,776,375,217,765,766
902,684,721,722,54,888,730
805,647,744,657,658,691,693,920
770,772,773,774,776,178,375,767
770,771,772,773,774,776,375,767
768,769,771,772,773,774,776,170,375
769,354,771,772,770,773,774,776,214
1027,740,555,331,78,434,372,382,95
865,194,1033,1034,909,1074,981,951
771,772,773,422,774,776,425,375,860
771,772,773,422,774,776,375,218,860
771,772,773,774,776,170,375,344,345
1056,733,520,627,980,535,605
865,489,1034,237,751,468,981,862
896,899,836,841,1065,891,894,895
809,849,914,692,886,759,568,734
834,840,1065,1020,687,591,882,891,668,1021
746,651,683,660,920,698,668
322,326,782,784,787,788,789
326,783,784,787,788,789,377
902,809,656,692,759,568,699,734
322,326,327,787,788,789,319
902,809,650,716,692,949,761,734
800,801,170,812,780,178,347,348,798,799
800,801,170,812,780,178,344,348,798,799
800,801,170,780,178,344,346,347,798,799
800,801,170,812,780,178,798,799
800,801,170,812,780,178,348,798,799
896,899,900,805,836,1065,536,894,895
800,801,170,812,780,178,344,347,798,799
896,899,836,1065,536,538,894,895
832,737,546,650,652,564,725,350,863
896,610,834,590,591,592,1040,687
749,47,48,751,52,149,150,151,59
257,1069,79,306,755,403,468,659,151,63
614,447,42,79,90,92,287
322,326,327,521,875,876,877,144,178
775,776,777,778,779,845,215,222
775,776,777,778,779,845,215,222
773,775,776,777,779,845,215
864,742,717,886,887,760,761,699,863
775,776,779,215,281,251,1085
775,776,777,778,779,845,918,215
896,612,1036,591,1040,1039,1076,1077,885,1021
896,647,839,1036,591,1040,889,890,892,1021
1057,546,835,1060,684,881,913,758,572
166,169,622,943,624,625,946,944
896,647,839,1036,591,1040,1076,890,892,1021
896,839,591,1040,889,890,892,1021,894,895
354,771,772,773,774,426,375,344
930,36,679,296,876,685,240,307,343,157
899,900,1065,1041,535,536,538,894,895
546,747,878,558,752,561,660,923,668
546,747,751,752,660,149,150,923,668
935,937,938,727,535,536,537,538
929,388,935,648,607,528,511
516,392,140,301,626,1075,633,635,638,639
163,296,79,404,405,59,828
896,841,1065,591,1040,1039,594,313,351
896,898,901,838,842,1040,884
896,898,901,838,842,1040,884
832,652,912,401,564,982,598,313,350
843,1020,556,683,559,560,562,563,660,668
514,392,393,137,299,300,146,1075
675,611,805,647,841,683,657,658,693,697
447,42,92,90,411,412,287
832,239,912,401,564,596,597
96,718,434,851,469,150,501,534,285
896,832,836,841,687,531,533,922,895
608,484,69,37,429,718,434,51,852
1027,331,78,434,338,958,311,830
641,515,516,626,632,633,638,639
198,491,492,1044,1047
167,457,303,209,539
896,805,744,1070,657,690,691,954
614,42,411,412,90,59,92,157,447
642,166,169,622,334,624,625
166,169,204,622,334,624,625,1082
1036,914,692,54,568,796,734,831
416,903,904,809,1064,368,22,797
995,807,808,431,1011
995,807,808,431,1011,1016
1036,656,849,914,692,759,699,734
870,1072,1073,918,344,281,314,860,1085,222
1027,516,638,140,301,626,883,311,830,639
963,965,6,86,87,88,1050,255
992,67,105,655,246,249
480,172,813,110,81
352,38,489,748,749,751,342,284
290,354,170,394,1041,726,1049
290,354,226,873,170,394,178,726
934,968,810,939,973,271,272,304,540
672,265,621,113,435,121,669,671
1027,78,830,945,434,311,381,958
3,390,14,143,241,116,438
905,619,653,911,627,1018,605,607
516,517,299,300,301,1075,635,638,639
644,905,619,653,846,911,627,605
292,429,1069,468,565,150,568,473
673,902,684,721,722,54,888
130,419,905,874,653,654,442,790,538
130,421,677,334,815,240,817,820,821,470
130,421,875,334,817,820,821,470,823,825
64,66,259,236,152,60,127
64,66,259,236,152,60,127
64,258,66,294,245,152,60,127
418,162,421,399,790,470,536,538
355,67,358,105,654,661,662,249
64,66,259,236,60,127
832,513,547,549,982,313,925,350,351
647,680,686,657,658,693,694,695,920
680,686,696,657,658,693,694,695,920
162,130,421,166,470,248,1049,442
162,130,421,470,665,1049
418,419,132,963,130,653,790,1049,442
64,258,328,127,245,152,88,60,511
740,715,750,718,755,851,373,469,534,441
107,203,718,596,597,598,599,23,221
416,417,902,903,904,1064,721,722,692,888
416,417,902,903,904,1064,721,722,888
331,1070,368,403,311,380,381,830
37,555,715,429,434,852,630,1051,926
704,37,902,429,271,434,818,852,414
705,706,37,70,267,715,429
705,706,37,70,267,715,429
803,804,328,566,570,1055,509,510,511
803,804,328,566,570,1055,509,510,511
705,708,37,70,267,429,434,852,702
704,706,387,37,429,48,434,852,981,702
555,715,718,434,850,851,469,1053
802,741,383,750,15,53,22,760,30,863
490,555,434,403,338,469,501,855,534
609,966,967,905,475
0,202,748,110,81,19,342,284
388,5,486,487,430,503
997,1001,1004,855,977,434,950,951,856,1048
746,747,1020,651,660,920,698,668
289,833,291,519,332,333,1054
513,546,548,550,1039,1040,593,924
577,674,580,581,103,616,585,49,980,596
1091,998,718,304,850,851,853,117,953,954
480,172,813,110,81
1033,490,555,1035,855,434,1074,950,951
1034,555,1035,855,434,1074,951
289,450,291,519,333,1054
676,677,814,817,819,820,821,823,827
130,677,421,527,817,820,821,470,824
676,677,814,816,817,819,820,821
736,1058,418,874,661,662
676,677,814,817,819,820,821,823,827
676,677,817,819,820,821,823,824,826,827
676,677,814,817,818,819,820,821,823,827
676,677,815,816,817,819,825
676,677,814,815,816,819,822,825,827
646,999,680,714,657,658,915,916,693,697
676,677,334,815,816,819,821,825,826
680,649,970,657,658,916,693,728,697,731
676,677,814,815,816,819,823,825,826,827
676,677,814,815,816,819,820,825
676,677,815,816,819,470,825,826,827
680,971,728,657,658,915,916,693,920,697
388,486,9,430,369,503,857,474
1060,1061,902,837,368,722,886,888,989
1060,837,902,1061,942,722,886,888,989,863
609,584,619,1012,606,607
1026,683,557,878,1039,1040,558,660,698,668
1025,902,903,711,904,1064,54,571,797,94
1030,680,657,658,693,695,857,858,987,990
859,680,657,658,977,693,695,857,858,987
673,1025,902,809,684,722,854,888,476
388,5,486,487,648,430,503
388,5,486,487,648,430,503
936,905,937,938,727,535,536,537,538
994,937,938,727,911,535,536,537,538
997,648,1001,1002,458,1034,1006,432,855
936,937,938,911,535,536,538
1030,1031,1032,305,977,858,859,990
795,876,817,820,821,214,794,539
876,815,816,52,214,825,794,795
608,1030,1033,205,338,125,987,381,990
546,1060,1061,837,711,942,886,989,863
935,937,938,727,911,535,538
546,1060,837,902,1061,886,888,989,863
160,931,260,71,937,112,246,158
646,680,714,657,658,915,693,728,697,988
739,740,902,1062,713,750,848,755,863
896,647,839,658,1076,693,890,892,1021,894
130,36,421,998,875,718,399,850,851,470
896,900,647,1021,658,693,885,1077,893,894
258,932,933,910,911,336,627
644,932,933,910,911,605,607
1091,421,743,432,850,52,117,853,921
418,582,967,586,587,588
43,46,79,240,688,689,52,120,59
932,648,269,1038,528,598,599,1081
992,580,978,979,599,505,506,508,733,543
992,580,978,979,599,505,506,508,733,543
101,934,968,939,973,974,84,85,540
896,935,974,718,112,851,501,469,534
419,1061,837,1063,809,1070,368,989,381
292,773,297,906,45,48,434,468,471
546,548,549,550,590,591,923,863
642,169,204,622,943,624,625,944,945
642,166,169,204,622,943,624,625,944
642,166,169,204,622,624,625,944,1082
896,841,1065,1036,687,657,690,691,698,1020
169,622,943,624,625,944,946,1082
574,846,880,629,732,573,926
960,961,994,992,1000,653,654,605,991
960,961,994,653,654,541,991
960,961,994,992,653,654,541,991
644,932,933,910,911,627
609,419,355,966,967,905,475
609,966,967,905,535,475
642,169,622,943,624,625,944
547,548,549,71,74,593,52,922,59
934,551,973,974,408,409
129,427,972,398,401,370,94
1002,1067,1004,1005,1006,1010,1015,1016,1052
1001,1002,1067,1004,1005,1010,1015,1016,1052
1001,1002,1067,1004,1005,1010,1015,1016,1052
1004,1005,1006,1007,1008,1010
1004,1005,1006,1007,1008,1010
1004,1005,1006,1007,1008,1010,1011
1004,1005,1006,1007,1008,1010
1004,1005,1006,1007,1008,1010
1004,1005,1006,1007,1008,1010
1004,1005,1006,1007,1008,1010
1001,1067,1003,1037,1004,1009,1010,1052
98,1001,1003,939,1037,1004,1009,1010
995,1003,1067,1037,1004,1006,431,1010,1052
673,711,904,684,722,693,888,476,959
568,1036,760,761,1051,1021,863
101,934,551,968,974,271,272,84,540
934,551,973,974,408,409
891,935,840,727,600,940,535,536,538,955
1029,1030,71,1031,940,977,990,605,158,159
896,1029,1030,1031,1032,987,990
1029,1030,1031,647,1032,657,658,977,693
1029,1030,1031,1032,977,658,693
1029,1030,1031,1032,977,693,987
1029,1030,1031,1032,977,658,693
1029,1030,1031,1032,977,987,990
896,681,298,687,1076,1077,601,1019,894,895
929,388,648,174,528,503,511
66,259,583,328,648,173,948,566,312,60
751,468,148,150,151,149,478
736,418,1058,874,536,1017,1018
1058,419,418,874,661,662,1017,1018
902,568,1036,760,692,888,761,1051,863
1028,331,429,1070,78,400,338,852,372
954,935,936,937,600,940,536,953,538,955
954,900,935,905,937,536,538,955,893,575
960,961,994,992,653,654,541,991
961,994,993,932,1000,653,654,911,627
992,993,994,961,1000,653
992,993,994,961,960,1000,605
194,745,428,590,591,691,500,856,187,382
745,428,590,591,691,500,856,858,187
745,428,590,591,690,691,500,856,187,382
745,266,428,590,690,691,500,856,187,382
963,36,965,166,330,399,309,470,248
1057,1036,1039,1040,881,913,758
745,428,590,591,691,500,856,954,187,382
96,1027,483,331,78,434,958,311,830
2,4,10,13,857,91,93
1027,331,78,1070,434,338,311,830,927
99,964,101,100,968,271,272,88
99,964,101,100,968,271,272,85
99,964,101,100,965,271,272,87
99,100,101,934,939,271,272,1050
934,551,973,974,408,409
160,71,688,158,159
1068,1005,1006,1004,1008,1010
1056,1057,835,650,881,913,758,763,572
3,165,38,359,7,114,499,438,735
198,491,492,1044,1047
96,678,712,682,367,400
807,808,1002,305,339,1011,1015,1016
96,678,682,367,400
678,682,526,367,400,402
647,969,975,976,657,658,693,1080,605,990
647,969,975,976,657,658,693,1080,605,990
896,969,975,976,1080,990
96,678,712,682,526,434,402
162,421,399,470,1049,444
1057,1039,1040,881,207,913,572
1003,1067,1037,474,1052,990
1003,1067,1037,474,1052,990
1003,1067,1037,474,1052,858
610,834,905,600,941,591,535,536,601,538
512,1057,835,553,1039,1040,881,1043,575
994,1000,937,619,911,627,1012,605,606,607
647,649,657,658,915,916,693,728,697,731
992,993,961,960,1000,653,654,605,542
907,908,1071,727,28,1022
907,908,1071,727,28,1022
512,1039,1040,687,1041,916,728,894,575
600,940,941,590,591,592,536,601,538
954,935,940,591,535,536,953,538,955,889
67,260,105,655,246,249
644,932,933,937,911,627
896,681,298,14,657,693,922,1019,894,895
512,1057,1039,1040,881,758,570
993,994,1000,653,654,991,605,542,543
645,712,1003,1067,1004,1068,1010,1013,1052
641,515,516,392,626,632,633,638
994,584,937,619,911,627,1012,607
418,419,644,1058,874,1017,1018
67,358,105,655,497,246,249
2,4,10,13,341,26,93
449,450,669,496,113,121,570,220,509,510
613,364,855,468,951,1053
130,1091,421,166,875,399,309,470,248
453,423,424,426,917,377,316,317
1091,358,998,105,718,655,850,851,246,249
583,328,366,566,509,510,511
259,583,328,395,173,1038,948,566,250
516,517,392,140,301,1075,633,635,638,639
96,928,802,526,244,22,920,382,95
928,802,935,910,15,688,693,188,383
736,1059,874,500,661,662,250
289,329,332,653,333,401,1081
1080,969,940,975,976,305,693,920,954,990
512,553,589,687,1043,575
485,489,171,813,115,439
485,489,171,813,273,115,342,439
480,489,172,813,110,93
485,489,11,273,17,115,342
489,171,813,273,115,371,342
387,484,489,107,172,813,403,115,94
228,772,845,1072,1073,212,860,222
0,1,4,8,9,10,26
0,9,10,172,93
0,1,8,9,10,341,26,93
0,1,8,9,26,93
871,776,425,618,362,45,212,919,378
833,289,449,450,519,333,1054
288,449,450,518,519,333,437
419,582,907,1071,497,631,793,732,574
674,898,1091,901,850,851,853,921,638
489,171,813,463,273,115,342,439
907,908,1071,596,597,598,1078,118,1022
803,804,328,305,339,566,1048,1055,511
717,849,914,692,568,699,734
673,1060,902,1036,684,692,564,982,758
99,964,963,934,939,271,272,87,88
354,963,215,6,425,499,86,214,186
288,449,833,450,388,518,220,1023
37,422,39,743,267,429,337,852
1088,37,70,229,69,267,429,852,413
896,646,714,690,658,915,916,728,894,895
96,391,299,300,526,400,402,95
962,1067,1037,474,1052
160,71,72,297,74,75,59,158,159
66,294,583,173,312,60,735
96,928,526,244,22,920,382,95
833,289,995,388,965,648,329,332,87
896,866,709,298,753,594,595,723,982
1033,1034,490,855,1074,951,381
64,258,357,294,328,245,152,537
715,718,434,850,851,853,855,1053
896,1030,1031,940,305,657,977,920,987,990
72,74,46,307,52,308,59
165,38,229,230,748,1014,413,94
997,6,229,230,1001,399,117,570,413
287,743,42,90,59,92,157,447
736,1058,418,874,661,662
581,554,978,980,505,506,508,1086
1091,776,1004,1005,1006,1007,1010,986,316,477
872,494,847,178,344,345,223
160,3,71,12,306,374,94,156,158,159
996,1033,299,140,204,851,724,757,637
864,738,806,1064,568,434,22,760,796,797
1089,1090,1001,202,1067,1068,1037,508
1089,1090,1001,202,1067,1037,49,508
288,449,450,995,518,519,1011,1016
994,802,937,911,15,693,22,188,605,383
65,103,1040,594,595,596,597,599
33,323,902,623,433,722,530,529,888
192,867,330,298,593,594,851,595,309
642,166,169,943,624,625,945,944,1082
257,293,743,74,79,52,569,59
96,391,682,299,300,526,95
897,898,901,842,79,240,884,63
928,802,555,974,690,691,402,22,382
391,555,368,434,243,150,22,122
480,171,11,17,273,439,24
