0,1,5,261,133,138,13,14,15,17,22,27,30,32,34,35,37,167,170,43,44,45,52,54,312,313,316,317,190,191,320,64,324,69,327,199,201,210,213,88,89,218,219,222,95,224,225,229,230,231,232,234,238,239,243,121
2,5,261,7,138,266,269,271,275,276,26,28,31,34,38,46,48,56,61,317,191,63,322,324,325,68,69,70,329,73,202,71,79,80,81,84,86,87,88,89,219,92,221,224,225,97,98,231,106,236,237,109,116,246,247,121,251
129,3,4,6,134,8,136,9,10,12,14,16,17,148,22,23,24,154,288,289,34,293,166,39,167,42,43,172,47,175,50,179,55,312,58,187,189,317,63,320,322,198,327,328,200,213,220,222,223,224,225,226,227,229,232,233,234,236,238,123
3,131,5,6,7,8,9,11,12,16,17,21,22,23,27,31,32,288,34,163,38,40,42,46,47,48,50,53,55,312,56,57,315,187,61,60,319,322,323,67,205,213,214,219,221,225,226,229,230,236,237,240,245,122
0,3,5,12,13,14,20,22,23,30,32,33,34,35,36,37,40,44,45,49,51,52,54,312,313,57,316,189,190,317,320,62,322,64,66,69,199,200,201,210,213,215,88,218,222,223,224,225,228,229,230,231,234,237,238
1,3,4,5,9,10,12,14,16,17,19,22,23,24,281,25,28,34,39,42,43,47,51,55,312,58,315,317,318,319,63,322,324,198,200,210,212,213,89,222,223,225,228,229,230,231,233,238,239,118,122
0,1,2,3,5,6,9,12,13,14,17,24,30,32,37,293,40,43,44,45,50,51,52,54,313,187,316,317,62,320,64,66,198,327,199,210,212,213,219,222,223,224,225,228,229,230,231,105,234,237,238
0,1,3,5,12,13,14,15,141,17,16,19,20,21,23,281,26,27,30,32,33,34,163,37,168,42,44,45,51,54,313,314,316,190,320,64,69,210,212,213,222,223,224,225,94,227,228,229,231,233,234,238,239,243,121
3,4,5,6,134,8,136,9,10,12,14,16,17,148,22,23,24,34,35,293,166,39,40,41,42,167,43,172,47,175,50,179,53,55,58,187,317,63,320,66,198,199,327,213,220,222,223,224,226,229,231,232,234,237,238,239
0,1,2,3,5,6,8,265,13,14,142,17,19,20,279,281,26,157,289,37,39,41,42,43,45,175,50,178,52,54,55,58,59,64,66,198,213,218,219,222,223,225,227,228,230,231,233,236,238,118,253
1,5,135,13,19,147,23,155,30,32,33,37,297,43,44,45,176,51,52,54,55,182,184,61,63,321,66,193,195,196,323,203,206,209,210,212,213,215,222,224,228,230,232,105,234,235,236,237,115,122
0,257,1,3,260,5,261,262,12,13,14,271,16,17,19,22,23,27,30,32,33,34,35,37,42,43,44,52,317,318,63,64,322,324,199,200,201,213,89,218,222,223,224,225,229,230,231,232,233,234,238,239,248
257,258,259,260,5,262,261,267,12,13,271,19,20,23,30,287,32,33,34,36,37,295,40,43,44,45,51,52,54,317,318,319,62,64,322,323,66,71,200,328,213,89,222,224,225,228,229,230,231,233,105,234,236,237,238,245,248,122,252
1,4,5,9,10,11,138,14,15,16,18,275,22,25,26,28,34,35,36,37,40,42,43,303,54,311,58,59,63,322,66,199,200,73,202,81,213,88,218,222,224,228,229,230,231,233,234,237,238,239,246,251
0,1,3,4,261,5,8,138,12,13,14,142,16,17,19,22,23,27,30,32,33,34,35,37,42,43,44,52,309,54,55,59,61,63,320,64,324,199,201,218,222,223,224,225,227,228,229,231,232,233,234,238,239,117
0,1,3,4,5,8,11,12,14,16,17,19,22,24,26,28,34,39,42,43,47,175,55,314,317,190,63,320,324,69,200,207,212,213,218,222,223,225,227,100,229,101,231,232,233,234,230,238,239
3,261,5,6,9,12,13,14,271,17,21,24,30,32,37,293,40,43,44,45,50,51,52,54,313,187,316,317,62,320,64,66,324,69,198,327,213,222,223,224,225,228,229,249,231,230,105,234,106,237,238,239,243,121
0,257,258,260,5,262,261,12,13,142,271,20,157,30,32,37,39,43,44,45,174,175,49,50,51,178,54,312,313,317,318,191,320,64,322,66,324,213,89,222,224,225,228,229,230,231,233,234,235,237,238,239,243,245,248,249
256,5,6,7,267,12,145,19,23,27,287,32,31,34,37,38,295,40,43,46,48,49,50,53,54,55,312,56,57,315,187,60,61,319,66,322,323,195,67,199,71,201,72,213,214,218,219,221,97,230,233,236,237,238,122
5,10,138,11,140,266,271,16,13,275,276,20,26,30,160,32,33,292,37,36,40,43,44,45,303,49,51,52,53,54,312,188,64,322,66,71,73,329,74,81,213,218,219,222,224,228,230,231,105,234,233,235,237,238,239,246,251
1,3,4,5,6,136,9,10,12,14,16,17,18,24,34,293,43,47,50,54,55,313,58,187,59,317,63,320,66,198,199,327,212,213,218,220,222,223,224,225,226,228,229,230,231,232,233,234,237,238,239
0,1,3,4,5,262,10,138,12,140,14,271,16,17,11,275,15,22,24,26,27,28,34,163,39,42,43,47,55,58,63,200,329,81,213,223,225,226,229,231,232,233,234,237,238,239,246,251
128,1,0,129,132,5,261,6,7,19,278,154,285,31,33,162,38,43,46,48,50,51,53,54,56,57,60,61,63,321,193,195,196,66,67,203,206,209,210,83,212,85,215,223,230,105,235,111,240,112,117
257,258,259,260,261,262,263,264,267,268,269,271,273,279,280,281,283,32,69,73,75,76,79,80,81,84,85,87,88,89,120,92,97,98,99,106,107,109,241,243,117,118,248,249,123,252,253,254
257,130,259,5,262,263,261,264,267,268,269,141,271,272,273,281,283,300,305,313,188,68,69,73,74,75,77,79,81,84,85,87,88,89,92,95,248,97,98,99,107,109,127,241,242,243,117,118,120,249,123,252,253,254,255
257,258,260,261,262,264,267,269,270,271,273,275,279,281,283,32,69,73,75,79,81,84,85,87,88,89,91,120,92,97,98,106,107,109,241,243,116,117,245,118,248,249,246,251,252,253,254
256,257,258,259,262,8,266,267,269,271,17,274,276,21,22,281,283,27,32,166,42,178,182,187,188,192,69,326,71,73,74,202,76,77,79,80,208,81,214,87,216,89,99,109,114,244,245,246,251,253,254
256,257,258,259,260,261,262,5,136,9,267,269,271,274,276,22,280,281,283,32,42,305,187,188,192,69,326,71,73,74,202,76,77,330,79,208,81,214,87,89,98,99,109,241,114,243,244,245,247,248,249,123,252,253,254,127
257,258,259,260,261,262,264,10,267,269,271,272,16,275,276,282,51,68,69,198,71,73,74,202,76,80,81,84,86,87,88,89,91,98,249,103,106,109,110,239,111,243,116,117,246,245,248,121,251,252
256,257,258,259,261,263,7,267,268,269,15,272,276,278,279,280,283,291,68,70,71,72,73,74,76,77,79,80,84,85,86,87,247,91,92,219,93,95,99,100,101,105,106,109,110,111,112,242,116,117,246,119,121,253,254
256,257,258,259,260,261,262,264,267,269,271,279,283,32,318,69,72,73,74,75,77,79,81,84,87,89,91,92,120,93,97,98,104,106,107,109,110,241,114,243,116,245,246,118,248,249,117,251,252,253,254,255
256,257,258,259,260,261,262,131,264,267,269,271,275,276,279,310,312,317,318,322,324,69,71,200,73,75,79,81,84,85,213,87,89,120,97,98,106,107,109,243,245,246,117,248,249,122,252,254
260,261,135,264,263,269,270,277,278,283,51,54,69,73,75,79,80,81,212,85,84,87,215,88,89,91,92,93,94,95,248,97,98,104,105,107,109,111,112,114,115,243,117,116,120,249,250,251,252,253,254
257,258,260,261,262,263,264,266,10,268,267,269,271,272,270,16,275,276,283,69,71,73,74,329,202,75,81,84,87,88,89,91,120,92,97,98,249,231,107,237,109,239,243,245,246,118,248,121,250,251,254
256,259,263,264,265,267,268,269,273,276,280,281,283,284,32,289,41,302,304,50,308,66,69,71,72,328,74,76,77,79,80,81,87,89,217,90,98,99,100,101,227,106,109,112,241,243,117,119,252,253,254
256,259,261,262,263,264,265,267,268,269,273,276,279,280,281,283,284,32,289,41,302,50,182,66,69,71,72,74,76,77,79,80,81,87,89,217,247,90,98,99,227,106,109,112,241,243,117,119,248,252,253,254
259,262,263,264,267,269,271,272,273,275,279,280,281,283,39,47,48,51,185,68,69,70,71,74,76,77,79,80,86,87,88,89,247,121,99,100,106,111,241,243,244,117,118,119,245,246,116,252,253,254
257,259,261,262,263,264,266,267,268,269,271,272,283,284,190,68,69,325,71,73,74,75,79,81,84,85,86,87,88,89,91,92,120,94,95,121,98,97,101,107,109,114,243,115,117,118,246,248,249,116,252,253,254,255
256,257,260,261,262,264,266,269,271,143,273,275,277,279,281,283,32,320,69,73,75,76,79,81,84,85,87,89,120,97,98,249,106,234,107,109,110,241,243,116,117,118,246,248,121,251,252,253,254
256,257,258,259,260,261,262,1,267,269,13,271,275,20,278,22,30,32,33,34,35,36,37,167,44,45,52,312,57,318,64,322,69,71,199,73,74,200,201,81,88,89,93,229,106,241,243,245,246,117,248,249,122,251,252
256,257,258,259,260,261,262,1,267,269,13,271,275,20,278,22,30,32,34,35,36,37,167,44,45,180,52,312,57,318,62,64,322,69,71,200,73,74,199,201,81,213,88,89,93,229,230,243,245,246,248,249,122,251,252
256,257,258,259,260,261,262,131,264,267,269,271,275,278,283,287,295,318,322,324,69,71,73,74,75,77,81,84,213,87,89,97,98,230,122,108,109,241,243,245,246,117,248,249,118,251,252
256,257,258,259,260,261,262,131,267,269,271,275,281,283,34,39,47,48,310,312,185,318,322,68,69,71,200,81,213,86,87,88,89,229,109,241,243,116,245,117,118,248,249,122,251,252,254
256,257,258,260,261,262,264,267,269,271,273,275,278,279,281,283,32,318,69,71,73,75,79,81,84,85,87,89,120,93,97,98,106,109,241,243,116,245,246,117,248,249,118,251,252,253,254
256,257,258,259,260,261,262,131,264,267,269,271,273,275,279,310,318,322,324,69,71,73,203,75,81,84,85,213,87,89,120,97,98,122,109,112,241,243,116,245,246,118,248,249,117,251,252,254
259,260,263,264,266,267,268,269,270,271,272,273,278,280,281,25,31,47,48,65,66,69,74,76,77,79,80,81,211,87,89,247,98,99,100,101,232,123,109,124,241,242,115,114,125,118,119,250,251,252,253,254,255
260,261,262,263,264,266,269,270,271,273,277,279,281,283,32,69,75,79,81,84,85,86,87,89,120,94,96,121,98,97,106,109,241,243,116,117,118,248,249,250,251,252,253,254
256,259,264,265,266,267,268,269,276,279,280,281,283,284,289,41,302,50,66,68,69,70,71,72,74,76,77,79,80,213,86,87,89,217,247,90,98,99,100,101,227,103,105,106,107,111,112,116,117,119,121,252,253,254
256,2,259,263,265,266,267,268,269,271,275,276,283,160,35,36,173,49,53,189,62,69,70,71,199,73,74,201,76,75,207,79,80,81,84,87,88,217,89,92,248,97,98,237,109,114,246,120,121,251,253,255
256,257,258,259,260,261,262,131,264,267,269,271,273,275,279,287,34,51,310,184,324,69,68,71,80,81,85,213,86,88,89,87,97,229,122,103,106,109,241,243,116,245,117,118,248,249,246,252,254
259,261,263,264,267,268,269,271,272,276,280,31,48,66,69,71,73,74,75,76,77,79,80,81,211,84,85,119,87,89,248,97,98,99,100,101,232,107,109,124,241,242,115,114,243,118,247,120,249,252,125,255
256,257,258,259,261,262,264,267,11,269,274,275,276,281,283,32,163,39,42,47,48,307,185,187,192,69,326,71,74,330,76,77,202,79,80,208,85,214,89,106,112,241,114,243,244,245,117,121,252,253,254
256,257,258,131,260,261,262,263,264,267,269,270,271,275,279,282,318,322,324,69,71,75,81,84,85,86,213,87,89,97,98,122,106,250,109,243,116,245,117,246,248,249,118,251,252,254
256,257,258,259,260,261,262,263,264,267,268,269,142,271,272,275,283,177,323,69,71,200,73,74,75,81,84,87,88,89,91,120,92,97,98,107,109,239,241,243,116,245,246,118,248,249,117,251,252,253,254,255
259,262,263,267,268,271,272,276,280,31,168,48,66,68,69,70,71,74,76,77,79,80,211,85,86,87,89,91,95,98,99,100,101,232,105,106,109,111,114,115,116,117,246,247,118,121,122,251,124,125,254,255
257,260,261,262,263,264,268,269,271,273,278,279,281,283,176,304,308,68,69,71,328,75,76,77,79,80,81,85,86,87,88,89,98,106,109,241,243,116,117,118,246,248,249,245,252,253,254
256,0,259,263,267,268,269,142,272,274,19,276,20,279,280,281,283,284,157,32,165,39,42,175,178,187,192,66,326,71,72,74,76,77,78,79,80,208,82,83,214,90,94,96,225,98,99,227,102,103,108,113,114,244,245,118,247,253,254
256,257,258,259,260,261,262,10,267,266,269,271,16,275,281,36,39,172,47,48,185,189,194,68,69,71,328,73,74,202,329,205,79,81,209,210,84,86,87,88,89,215,91,231,237,109,243,116,245,246,117,248,249,118,251
256,259,7,267,268,269,271,272,275,276,279,280,282,283,289,168,68,69,70,71,72,73,74,76,77,79,80,81,84,86,119,87,89,91,92,219,95,99,100,101,105,106,109,110,111,112,116,117,246,247,121,251,253
261,262,264,269,270,271,277,278,283,51,54,68,69,71,72,73,75,81,212,85,84,87,86,88,89,91,92,93,94,95,248,97,121,98,104,105,106,107,109,111,112,114,243,116,117,115,120,249,252,253,254
0,1,261,263,264,141,269,271,273,19,277,278,281,27,283,51,185,69,73,75,76,81,84,85,87,88,89,92,93,94,95,248,97,98,105,106,107,109,111,112,241,114,115,243,117,118,120,249,252,254
0,257,3,260,261,262,264,137,269,142,271,272,273,20,279,281,283,157,162,165,39,170,301,175,178,68,69,70,71,75,79,210,84,85,86,89,218,225,98,227,121,104,106,110,241,243,116,117,118,245,248,249,251,252,253,254
261,262,264,269,270,271,273,275,276,277,279,280,281,283,32,69,73,75,79,80,81,84,85,87,216,89,119,248,97,98,106,109,112,241,243,116,117,118,246,120,249,244,251,252,253,254
0,259,3,133,262,263,264,265,137,267,268,269,142,273,275,20,279,280,281,283,284,285,157,159,165,39,174,47,175,48,178,185,69,198,71,72,76,77,204,79,80,89,247,223,225,98,99,227,124,241,243,244,117,245,119,118,252,253,254
259,5,262,263,267,268,271,272,275,276,279,280,282,177,65,323,68,69,70,71,200,73,74,76,77,79,80,81,84,86,87,89,91,95,99,100,101,105,106,108,109,110,111,112,241,116,117,246,247,121,252,253,254
256,257,259,262,264,267,11,269,274,276,22,280,281,283,32,42,307,187,191,192,69,326,71,72,330,202,76,77,79,80,208,213,214,87,89,99,106,112,241,114,243,244,245,117,247,251,252,253,254
261,262,5,264,269,271,272,273,276,279,281,282,283,284,32,191,69,73,75,76,79,80,81,84,85,87,89,248,97,98,106,107,109,110,241,243,116,117,246,118,120,249,252,253,254,255
128,129,130,131,132,261,134,135,136,5,138,139,140,137,133,16,19,278,22,281,285,286,287,288,289,290,291,163,160,168,51,54,83,212,85,215,240,122,123,124,125,126,127
128,129,130,131,132,133,5,135,136,137,138,139,265,134,140,22,285,286,287,288,289,290,291,39,42,299,172,49,55,56,192,66,201,217,122,123,124,125,126,127
128,129,130,131,132,133,134,135,136,137,138,139,140,5,257,267,141,258,285,286,287,288,289,290,291,295,300,220,225,98,229,122,123,124,125,126,127
128,129,130,131,132,133,134,135,136,137,138,139,140,5,15,147,278,285,286,287,288,289,290,291,163,188,220,225,98,229,233,122,123,124,125,126,127
128,129,130,259,132,133,131,135,134,137,138,139,268,265,136,140,276,285,286,287,31,289,290,291,288,41,48,178,66,195,201,203,209,86,99,100,101,116,121,122,123,124,125,126,127
128,129,130,131,132,133,134,135,136,137,138,139,140,285,286,287,288,289,290,291,293,166,59,64,68,218,100,103,233,107,122,123,124,125,126,127
128,129,130,131,132,133,134,135,136,137,138,139,140,268,259,285,286,287,288,289,290,291,31,48,66,211,99,232,247,122,123,124,125,126,127
135,10,142,144,145,147,148,149,153,154,155,156,158,292,293,294,295,296,297,298,299,166,173,302,303,175,177,306,307,308,309,305,311,183,310,179,184,180,73,330,167,170,171,172,174,237,251
141,142,143,144,145,146,147,148,149,150,153,154,156,157,158,160,292,293,294,167,295,169,296,171,300,173,302,303,304,177,305,307,308,180,309,175,184,179,310,306,166,330,297,170,298,299,172,301,174,176
141,142,144,145,146,147,148,149,150,153,154,155,157,158,160,161,293,294,167,296,295,298,171,299,172,174,302,303,305,306,307,308,179,310,183,175,180,181,184,330,169,297,170,173,301
256,257,258,267,142,143,144,145,147,148,149,153,154,155,156,283,158,287,292,166,295,296,297,169,299,170,171,302,303,175,168,306,307,308,309,310,178,184,180,177,179,167,330,89,172,174,110,245
142,143,144,145,146,147,148,149,153,154,155,156,157,158,160,161,293,294,295,296,169,298,299,171,170,302,174,175,173,303,307,308,180,306,183,184,177,179,181,167,330,82,297,172,301
141,143,144,145,147,148,149,154,155,156,157,158,160,161,164,292,293,295,296,297,169,298,299,294,302,303,167,305,178,307,177,309,310,311,180,306,308,184,179,181,330,170,88,172,173,301,175
142,144,145,146,147,148,149,153,154,155,156,157,158,160,161,292,294,167,296,169,298,171,299,170,302,174,303,177,306,307,180,308,305,183,184,178,179,181,310,330,172,173,175
142,143,144,145,147,148,149,153,154,283,156,155,158,160,161,292,294,295,296,169,170,299,298,171,302,303,174,175,306,307,308,309,180,183,184,177,310,179,166,167,330,297,172,173,126
141,144,145,147,148,149,150,152,153,154,155,157,158,160,292,293,294,167,296,169,298,171,300,172,302,175,299,177,305,307,308,309,180,304,184,179,310,306,166,330,170,99,174,303
141,144,146,147,148,149,279,154,155,156,157,158,160,161,164,293,294,167,296,169,298,171,172,301,173,168,304,305,306,179,177,307,180,183,308,311,178,181,71,330,75,297,170,95,104,302,175,124
143,144,145,146,147,148,149,153,154,155,156,157,158,160,161,164,293,294,295,296,169,298,299,171,173,302,175,303,177,304,178,307,305,301,174,184,179,180,181,65,66,167,330,297,170,172,255
10,142,145,147,275,148,149,153,154,156,158,30,32,161,35,292,293,36,167,295,297,296,299,169,173,302,303,175,177,305,307,308,309,174,311,184,310,183,179,52,166,68,73,330,81,170,171,44,172,231,237,251
141,143,144,145,146,147,149,154,155,156,157,29,158,159,161,160,164,36,166,167,296,169,298,171,170,173,302,174,304,177,178,307,180,308,305,306,303,179,181,59,318,197,330,208,172,301,110,175
5,141,142,144,146,147,148,149,150,153,154,155,157,158,160,161,165,167,296,169,298,299,300,172,302,303,170,305,177,307,308,306,178,309,310,180,184,179,181,186,330,171,98,173,174,175,127
141,144,145,146,147,148,149,150,152,153,154,155,156,157,158,160,164,292,293,167,166,169,298,171,300,172,174,303,304,177,306,307,305,308,180,310,178,309,179,184,294,330,296,82,170,175
141,142,143,144,145,146,147,148,149,153,154,155,157,158,164,292,294,295,296,169,298,299,300,297,302,175,303,177,305,307,308,309,180,178,184,310,179,293,166,328,167,330,170,171,172,174
141,142,144,145,146,147,148,149,153,154,155,156,157,158,160,292,294,295,296,169,170,299,300,298,302,175,303,177,305,307,308,309,180,304,184,310,179,166,328,167,330,297,171,172,174
141,142,144,145,146,147,148,153,155,156,157,158,160,161,292,294,295,296,169,170,299,300,298,302,175,303,177,305,307,308,309,180,304,184,176,310,179,181,328,167,330,297,171,172,173,174
258,141,142,143,144,145,147,148,149,153,154,155,156,158,160,292,293,166,295,167,297,298,171,299,169,172,303,175,177,305,307,308,309,310,311,179,184,180,294,330,296,170,89,230,174,248
135,10,11,140,138,142,16,144,146,275,147,149,148,23,153,154,155,156,157,158,160,161,292,167,297,169,171,172,170,173,303,174,177,306,305,307,175,310,311,183,49,178,179,180,181,73,329,74,330,81,216,231,237,246,251
204,205,206,207,186,187,188,312,313,314,315,316,317,190,191,320,318,322,323,324,319,189,199,200,328,327,329,325,192,197,201,208,194,210,202,212,213,214,215,195,209,216,198,103,249
204,205,268,31,186,187,48,189,313,314,317,188,316,190,191,192,193,66,195,324,323,319,322,200,199,201,203,320,325,327,198,321,209,210,211,212,213,194,206,207,208,214,215,216,197,328,202,124,126
204,205,206,207,186,60,312,313,314,187,188,317,316,189,320,190,322,191,324,325,192,327,199,201,200,328,318,319,203,193,208,209,210,194,212,213,214,215,216,195,197,198,326,202
257,267,12,13,22,30,32,34,35,37,44,52,316,312,314,187,315,188,317,318,192,319,322,323,324,195,326,199,328,200,71,201,196,329,191,202,208,194,210,205,209,213,214,215,89,197,230,236,245
204,205,206,207,162,165,186,188,312,313,314,187,316,189,317,190,320,191,322,318,324,325,198,327,199,200,319,203,196,328,329,201,208,194,210,202,212,213,214,215,195,209,216,222,197,96,192,326,76
206,14,207,186,189,312,313,314,187,188,315,316,191,317,318,322,319,324,320,190,327,200,199,328,329,323,192,326,198,208,194,210,202,205,213,214,215,216,195,209,212,217,197,325,201
257,260,261,262,271,156,36,164,186,169,181,312,313,314,187,316,315,190,317,320,318,322,323,324,319,191,199,200,328,327,329,195,197,201,202,208,194,210,205,207,213,81,215,211,89,209,212,216,248,249
204,205,206,207,186,189,312,313,314,187,188,315,316,191,320,317,322,318,324,319,190,199,200,327,328,329,325,192,203,201,208,194,210,202,212,213,214,215,195,209,323,216,197,225,198
205,206,207,186,188,312,313,314,187,316,189,318,317,320,190,322,191,324,325,198,327,199,200,329,203,201,319,202,192,208,194,210,204,212,213,214,215,216,195,209,197,326,328
204,205,19,208,28,290,166,171,187,174,51,185,314,317,316,61,190,319,192,321,193,195,196,323,324,199,325,201,191,203,320,68,206,207,202,209,210,211,212,213,214,215,194,217,90,95,197,107,114,115,125
257,13,30,32,35,37,186,44,190,52,189,312,314,187,188,315,316,317,318,319,322,323,324,320,191,199,200,328,329,192,203,201,327,202,208,194,210,205,207,213,214,215,195,89,209,211,212,216,217,197
204,205,207,186,315,189,312,313,314,187,316,188,318,317,320,190,322,323,324,319,191,199,200,329,192,203,195,327,198,193,208,194,210,211,212,213,214,206,216,209,215,197,326,328,201,202
204,205,206,207,186,187,189,312,313,314,315,188,316,318,319,317,190,322,191,324,325,320,199,200,329,198,323,203,327,192,326,208,328,210,194,212,213,214,215,195,209,216,94,197,201,202
204,135,206,277,190,187,188,54,312,314,186,316,61,189,191,320,321,194,322,324,325,196,327,192,193,202,203,195,197,199,201,208,200,210,205,212,213,214,215,207,209,216,93,228,198,326,109,328,120,255
205,32,314,53,189,186,315,187,188,316,319,192,191,322,323,324,195,326,199,200,201,202,203,328,204,206,193,208,209,210,211,194,213,214,207,216,212,215,196,197,198
204,206,186,312,313,314,187,188,317,316,189,320,190,322,191,324,325,194,327,199,200,201,329,326,318,192,207,208,202,210,205,212,213,214,215,216,195,209,197,65,328
205,207,155,156,186,42,187,307,308,309,189,312,314,315,316,188,317,190,319,192,322,323,196,195,324,199,328,201,200,203,191,193,326,330,208,209,210,321,194,213,214,206,216,215,94,197,202,122
204,11,207,275,26,186,189,312,313,314,187,316,188,317,319,191,190,322,323,324,325,320,199,200,329,202,327,318,192,197,198,208,194,210,205,206,213,214,195,216,209,212,215,90,231,104,239,328,201,251
256,257,258,259,260,261,262,263,264,267,268,269,271,272,275,283,41,177,54,323,69,71,200,73,74,75,77,79,81,84,85,87,88,89,91,120,92,97,98,99,100,101,107,109,241,243,116,245,246,118,248,249,251,252,255
257,258,260,261,262,264,10,266,267,269,271,16,275,276,277,279,280,282,283,69,71,73,74,202,75,79,81,84,87,88,89,91,120,92,97,98,231,107,237,109,239,243,245,246,119,248,249,251,254
257,261,262,264,10,266,269,271,16,275,276,277,282,283,48,69,71,73,74,202,75,79,81,84,87,88,89,91,120,93,94,92,121,97,98,231,106,107,237,109,239,243,116,246,248,249,251,252,253,254
0,3,5,262,8,10,138,12,11,271,16,17,275,19,22,23,26,33,39,42,43,54,183,58,59,191,64,66,323,200,73,329,81,213,216,218,219,222,224,225,227,229,230,231,232,233,234,237,238,239,246,120,251
0,1,3,5,8,11,12,14,15,271,17,273,16,21,22,23,24,26,27,28,33,34,163,39,42,47,54,55,58,59,318,63,320,64,69,213,223,224,225,226,227,229,231,232,233,234,238,239,117,118,252
257,258,3,4,5,262,1,8,9,10,12,14,271,15,17,16,145,18,22,25,26,28,161,34,35,289,39,42,43,47,55,312,185,58,60,63,322,200,213,222,223,224,225,226,229,230,231,232,234,238,239,122
0,2,5,6,135,9,267,12,14,17,145,19,24,287,39,295,41,43,50,54,55,58,187,59,315,190,319,320,66,195,323,324,198,199,72,201,207,213,218,222,224,225,226,227,228,229,230,231,232,233,234,236,238
2,4,5,265,266,14,16,17,157,289,35,36,37,39,41,42,43,173,50,52,53,54,55,58,59,189,66,70,199,201,207,213,217,218,222,223,226,227,228,230,231,233,234,238,119,121
0,3,4,5,7,10,11,12,267,14,16,17,276,22,24,26,28,34,35,37,39,40,41,42,43,47,51,55,58,317,191,63,65,323,324,200,80,213,214,88,219,223,227,231,232,233,103,237,239,246,247
0,3,5,10,138,12,13,271,16,275,20,22,23,26,30,32,33,34,35,36,37,40,44,45,49,51,52,54,57,62,320,64,322,66,199,200,329,201,81,213,88,218,222,224,225,228,229,230,231,234,237,238,239,251
0,5,6,7,10,138,266,140,16,17,275,31,163,37,38,168,42,43,46,48,50,53,54,56,57,60,189,61,320,322,66,67,199,200,329,327,213,218,219,221,222,224,225,228,229,230,231,233,234,236,237,238,239,240,121,251
5,6,9,265,267,12,13,20,21,23,24,27,32,34,37,293,40,43,44,45,47,49,50,51,54,55,187,315,188,317,319,192,64,322,323,66,195,326,71,199,200,198,327,208,213,214,222,224,228,230,231,234,236,237,238
0,2,3,4,5,135,8,9,12,14,144,17,146,19,24,28,33,40,41,43,46,49,52,180,55,313,187,59,317,63,64,66,195,201,211,84,216,219,91,222,223,224,226,227,102,231,232,233,230,234,236,237,238
5,13,20,21,23,24,30,32,33,36,37,40,43,44,45,51,52,54,312,313,316,317,190,191,320,318,322,62,324,69,198,199,327,64,66,210,213,218,222,224,225,228,229,230,231,105,234,233,106,237,238,243
3,5,12,13,14,271,17,20,23,30,32,33,34,36,37,40,43,44,45,177,49,51,52,54,313,190,320,64,66,322,323,199,200,210,213,222,223,224,225,226,228,229,230,231,232,105,234,233,235,237,238,239
5,12,13,14,17,19,20,21,23,284,30,32,33,34,35,36,37,167,40,41,43,44,45,51,52,54,189,190,62,320,64,66,199,210,213,88,222,223,224,225,228,229,230,231,105,234,233,237,238,121,255
128,1,0,261,5,13,15,16,17,19,277,21,22,23,26,28,32,33,162,37,39,42,43,44,51,54,190,63,320,321,64,66,324,203,210,212,85,213,215,218,222,223,224,225,95,228,229,230,231,233,234,237,238,240,117
0,1,2,4,5,6,7,9,11,12,19,149,22,23,27,28,286,31,32,33,163,38,42,43,46,47,48,49,50,52,53,54,55,56,313,57,187,60,61,192,66,323,67,326,208,218,219,221,226,230,231,233,236,238,240
1,3,4,5,136,9,12,14,15,16,17,274,19,22,23,24,26,28,34,39,41,42,43,50,308,54,55,187,317,190,63,66,198,199,328,203,213,218,222,223,224,225,226,227,229,230,231,232,233,234,237,238
0,1,3,4,5,11,12,268,14,15,16,17,22,24,26,27,28,34,39,41,42,43,47,54,55,313,316,190,63,320,66,205,212,213,218,221,222,223,225,229,230,231,232,233,234,238,239,242
0,1,3,4,5,138,10,12,11,14,271,140,17,15,275,16,22,24,26,27,28,34,163,39,42,43,47,55,58,63,324,200,329,213,93,223,225,226,229,231,232,233,234,237,238,239,251
0,1,4,5,261,138,12,13,271,16,17,19,22,23,27,30,32,33,34,35,37,42,43,44,52,54,312,317,318,63,64,322,324,199,201,213,89,218,222,223,224,225,229,230,231,232,233,234,237,238,239,249
3,5,261,9,138,10,12,14,16,17,273,19,18,22,23,288,34,42,43,304,305,308,54,55,58,59,188,190,63,65,66,69,328,213,218,220,222,223,224,225,98,227,229,230,231,233,234,237,238,241,123,252,127
0,3,4,5,6,9,10,12,14,142,271,17,18,275,23,24,30,34,293,40,43,45,47,50,54,55,313,58,187,60,59,62,320,66,69,198,327,213,218,219,222,223,224,225,226,227,228,229,230,231,233,234,238,239
0,1,3,4,5,138,12,13,14,15,142,17,22,25,27,30,32,34,35,36,37,167,42,43,44,45,52,309,54,190,320,64,199,201,330,210,213,88,89,218,219,222,224,225,227,228,229,230,231,232,234,237,238
0,2,5,266,12,13,17,23,30,32,290,35,36,37,167,43,44,173,45,51,52,53,54,189,320,66,70,199,201,207,210,213,88,217,222,224,225,228,229,230,231,105,234,237,238,121
0,1,3,4,5,8,9,10,11,12,14,16,17,18,22,24,25,26,28,32,34,39,41,42,43,47,55,313,58,315,316,317,191,320,63,324,198,200,213,223,225,227,229,231,232,233,234,238,239
0,1,2,3,5,11,268,12,15,272,16,17,22,24,26,27,28,31,289,161,163,34,165,39,168,41,42,47,48,55,313,185,58,316,61,60,191,63,193,66,317,324,320,198,327,203,209,211,212,223,224,225,229,232,238,125
0,1,3,4,5,8,9,11,12,14,15,16,17,19,21,22,23,26,27,28,32,33,34,39,41,42,43,47,54,55,59,63,64,66,199,214,218,222,223,225,227,229,230,231,232,233,236,237,238
0,3,4,5,135,265,138,10,12,13,14,9,16,17,19,20,23,279,157,289,34,162,39,41,42,170,43,301,175,54,55,58,59,64,65,66,201,213,216,218,222,224,225,227,100,229,230,231,233,234,237,238,253
0,2,3,4,5,135,8,10,11,12,138,140,271,16,145,275,23,26,33,34,292,40,43,303,54,311,58,59,64,66,323,200,73,329,74,207,81,216,218,219,224,227,229,230,231,232,233,234,237,238,239,246,251
0,1,2,4,5,6,7,265,11,12,13,15,16,17,19,149,22,23,26,27,28,29,33,289,163,38,39,41,42,43,49,50,52,54,55,56,58,63,64,66,201,204,218,227,100,230,231,233,236,238,239
0,1,2,3,5,6,8,9,12,14,17,23,24,28,33,293,43,50,54,58,187,316,317,59,320,64,324,198,327,204,82,218,219,222,224,225,226,227,228,229,230,231,232,233,234,238
0,130,2,4,5,135,9,138,10,12,16,17,145,19,22,23,27,28,286,37,39,41,42,43,49,305,52,54,55,56,58,59,188,63,64,66,198,216,218,222,224,225,98,230,231,233,234,237,238,244,123,127
128,0,1,3,261,5,8,11,12,14,15,16,17,22,23,24,26,27,28,34,163,39,42,43,54,55,313,314,58,59,317,190,63,320,324,69,210,212,213,215,218,222,223,224,225,227,228,229,230,231,232,233,234,106,238
0,1,3,4,5,261,8,11,12,14,15,16,17,19,22,23,26,27,28,33,34,163,39,42,43,54,55,59,190,63,320,64,322,324,210,212,213,215,218,222,223,224,225,227,229,230,231,232,233,234,238,110
257,1,3,4,5,260,131,11,12,14,271,142,17,15,16,22,26,27,28,287,34,163,39,295,42,43,309,54,55,312,317,318,63,320,322,199,200,330,213,218,222,223,224,225,227,229,230,231,232,233,234,238,239
5,10,138,11,140,266,271,12,16,13,275,20,23,32,33,163,36,37,40,168,43,44,45,303,51,54,59,64,322,323,66,71,200,73,329,199,81,213,218,222,224,225,228,229,230,231,233,234,237,238,239,246,251,254
1,5,135,12,13,19,147,23,155,31,32,33,37,43,44,48,49,176,51,52,309,54,55,182,184,61,319,192,321,66,195,323,193,196,200,203,206,209,211,212,91,222,223,224,228,230,232,233,234,235,236,237,115,122
0,1,2,5,261,7,133,8,9,10,12,11,14,271,16,17,18,22,26,30,39,42,43,170,45,54,55,58,59,317,62,191,63,66,324,69,198,85,218,222,224,225,227,229,230,231,233,234,106,238,239,110
0,2,3,5,134,135,8,138,11,12,14,16,17,145,22,23,282,26,33,167,39,42,43,54,313,58,59,316,317,190,191,320,64,66,324,69,198,212,213,218,222,224,225,227,228,229,230,231,232,233,234,238,121
5,13,14,20,23,30,32,33,36,37,43,44,45,49,51,52,54,312,313,314,316,317,190,191,320,189,322,62,324,64,198,327,199,66,210,212,213,215,218,219,222,223,224,225,228,230,231,105,234,233,235,237,238,239,121
0,3,4,5,263,8,9,10,11,12,269,14,16,17,18,276,22,24,25,26,28,34,39,41,42,43,47,48,55,313,314,58,316,190,63,320,65,324,69,200,210,213,222,223,225,229,231,232,233,234,106,238,239
0,1,3,4,5,11,12,14,143,16,17,15,19,20,22,24,26,27,28,33,34,35,163,39,41,42,43,54,55,185,58,59,63,66,322,210,213,215,218,222,223,224,225,228,229,230,231,232,233,234,236,238,125
0,1,3,4,5,12,13,19,20,23,30,32,289,34,33,36,37,43,44,45,51,52,308,54,55,60,190,191,320,64,66,199,327,328,79,210,213,222,223,224,225,228,229,230,231,233,234,237,238,122
2,5,6,7,135,145,19,26,31,32,33,37,165,39,38,41,42,46,47,48,174,50,51,53,56,185,313,57,59,61,60,63,191,321,66,193,67,69,203,206,79,208,210,212,213,214,215,219,221,222,95,223,228,232,106,236,240
0,5,9,12,13,14,271,15,17,20,21,23,27,32,34,37,40,43,44,45,50,51,54,187,317,191,322,66,198,327,200,329,213,219,222,223,224,225,228,229,230,231,233,234,236,237,238,239
1,3,5,6,7,10,12,140,15,16,275,22,26,28,31,160,33,163,38,168,42,46,48,50,53,55,56,57,60,61,63,320,191,64,67,327,199,329,81,210,216,219,221,224,225,226,228,231,236,237,238,239,240,251
0,1,2,3,4,5,135,9,10,138,12,266,14,16,145,18,22,25,28,35,37,40,42,43,54,58,59,63,320,66,198,327,199,329,200,213,218,222,224,225,226,228,229,230,231,233,234,237,238,239,246,121,251
0,2,3,5,7,135,8,138,12,145,19,20,23,28,29,157,33,37,39,42,43,175,54,55,313,58,59,316,317,191,320,64,324,198,213,218,219,222,224,225,227,230,231,232,233,234,237,238,124,126
1,3,4,5,8,9,10,11,12,14,271,15,17,16,275,18,22,24,25,26,28,34,39,40,41,42,43,47,55,58,63,324,200,73,202,81,213,223,225,226,229,231,232,233,237,238,239
1,5,135,13,19,147,20,23,155,32,33,37,294,297,43,44,176,51,309,54,55,182,184,61,190,63,321,66,195,193,323,196,199,201,203,206,207,209,210,212,213,215,217,222,224,228,230,231,232,234,237,115,122
0,1,2,5,6,265,13,18,19,23,279,30,32,33,162,37,166,41,170,43,44,45,174,49,51,52,54,55,56,184,59,319,64,65,66,67,68,70,207,208,217,218,92,222,224,228,230,103,104,234,107,237,114
0,4,5,11,12,14,16,17,19,22,23,281,26,32,34,39,41,43,47,305,54,55,58,59,188,317,190,63,322,66,324,198,199,200,329,213,90,218,222,223,224,225,98,228,229,230,231,233,234,237,238,239,118,123,127
3,4,5,12,13,14,271,17,20,23,30,32,33,34,36,37,43,44,45,177,49,51,52,54,320,64,322,323,324,66,199,200,210,213,222,223,224,225,228,229,230,231,232,105,234,233,237,238,239
0,3,5,8,12,13,14,17,21,23,30,32,33,34,163,37,42,43,44,45,47,51,54,55,59,190,62,320,64,66,200,218,222,223,224,225,226,227,228,229,230,231,232,233,234,237,238,241
5,10,138,12,140,266,271,13,275,20,21,23,26,30,32,33,36,37,40,43,44,45,51,52,54,317,62,320,64,66,324,199,200,329,73,81,213,88,218,222,224,225,228,229,230,231,105,234,233,237,238,239,246,121,251
0,1,128,2,3,5,261,135,137,12,142,16,17,145,19,20,278,22,157,34,291,39,43,175,178,51,54,55,58,59,321,66,195,196,324,203,210,212,213,85,215,218,223,224,225,227,229,230,231,232,233,234,235,238,117,118,124
128,1,261,5,13,145,19,20,21,23,30,32,33,36,37,40,43,44,45,51,52,54,317,61,63,320,64,191,62,324,66,198,203,210,212,85,213,215,92,222,223,224,225,228,229,230,231,105,234,233,108,237,238,240,117
5,134,10,138,140,11,14,271,16,275,22,26,34,35,292,166,167,42,43,172,303,179,54,311,312,58,59,317,63,320,66,200,329,73,74,81,213,218,219,222,224,226,228,229,230,231,233,234,237,238,239,246,251,126
128,1,2,0,3,5,261,8,138,11,12,15,16,17,19,22,24,26,27,28,34,163,39,42,43,54,55,313,58,59,317,190,191,63,320,61,324,198,203,210,212,213,218,219,224,225,227,229,230,231,233,234,238
2,3,5,266,12,13,14,20,21,23,30,32,33,34,36,37,167,40,42,44,45,49,51,52,54,55,189,190,317,320,62,64,66,199,71,79,210,213,88,222,223,224,225,228,229,230,231,105,234,106,235,237,121
0,1,258,3,4,5,8,9,11,12,14,15,16,17,19,21,22,23,25,26,27,28,29,32,34,39,41,42,43,47,55,313,58,187,188,63,65,66,323,199,200,208,214,218,94,223,230,231,232,233,238,239
261,262,264,269,271,273,277,278,283,69,72,73,75,77,79,80,81,83,84,85,87,119,89,91,92,93,94,248,97,98,104,105,107,109,111,112,241,114,243,117,118,246,120,249,252,253,254
257,260,261,262,264,267,269,270,271,273,275,277,279,281,283,32,289,41,192,324,69,75,79,81,84,85,87,89,120,94,121,98,97,106,109,241,243,117,118,246,248,249,252,253,254
256,257,258,259,260,261,262,267,269,271,275,278,168,297,318,322,68,69,70,71,76,79,85,213,86,87,89,93,225,121,100,229,122,105,106,234,111,241,243,116,245,117,246,248,249,118,251,252,254
257,258,259,261,262,264,267,268,269,271,272,275,282,283,177,323,68,69,71,200,73,74,75,76,79,81,84,87,88,89,91,120,92,97,98,100,101,107,109,243,116,117,246,118,248,249,251,252,253,254,255
261,264,266,267,268,269,142,271,273,277,279,281,283,32,165,168,41,174,51,69,75,76,79,80,81,85,87,88,89,93,94,97,98,249,103,106,108,109,241,243,116,117,118,246,120,121,252,253,254
2,261,262,264,265,266,268,269,271,273,275,279,281,35,36,167,173,53,316,189,69,70,199,71,201,73,75,207,79,81,84,213,87,88,217,89,248,97,98,249,107,109,243,117,120,121,251,253,254
261,262,264,266,267,268,269,271,273,276,279,280,281,283,285,160,32,49,69,75,76,79,80,81,84,85,87,89,120,97,98,106,237,109,241,243,117,118,246,248,249,252,253,254,255
256,259,131,262,134,264,265,138,267,268,269,271,273,280,281,283,284,289,165,168,41,174,50,66,69,71,76,77,79,80,81,85,87,89,217,98,227,106,109,127,112,241,243,117,119,122,252,253,254,255
257,261,262,264,269,270,271,273,275,277,279,281,283,30,32,165,39,174,47,48,185,186,316,191,68,69,70,71,79,80,85,86,89,121,98,106,241,243,116,117,118,246,248,249,252,253,254,255
256,257,258,260,261,262,263,264,10,267,266,138,11,271,269,270,16,275,283,292,48,311,69,71,73,74,329,202,75,81,84,87,88,89,91,120,92,97,98,231,104,107,237,109,243,116,245,246,248,249,250,251
261,264,265,266,11,269,270,271,273,277,279,281,283,32,316,320,69,73,75,79,80,81,84,85,87,88,89,92,94,248,97,98,249,106,234,107,109,241,243,116,117,118,120,121,252,253,254
257,259,261,262,264,266,10,138,268,267,271,272,269,275,276,282,283,69,71,72,73,74,202,76,75,77,79,81,84,87,88,89,91,92,248,97,98,249,231,107,237,109,239,243,115,246,120,121,251,252,253,254
257,261,262,135,264,138,269,271,273,277,278,283,289,178,69,73,75,79,81,84,85,87,88,89,91,120,93,92,95,97,98,105,107,109,111,112,241,114,243,115,117,118,245,248,249,122,252,254,127
256,257,258,259,262,263,135,267,268,269,271,272,275,276,279,280,282,283,40,177,182,323,68,70,71,200,73,74,76,77,79,81,86,87,89,95,99,100,101,105,106,110,111,243,116,245,246,117,248,121,250,251,252,253,254
256,257,258,259,261,262,264,10,267,266,268,269,271,16,275,276,280,283,303,69,71,73,74,202,76,77,75,81,84,87,88,89,218,91,92,248,97,98,99,107,237,109,243,244,116,246,247,120,249,251,252,253,254
256,259,261,262,5,264,267,269,271,273,275,276,279,281,282,283,157,32,69,73,75,76,79,81,84,85,87,88,89,120,92,97,98,105,106,107,109,110,241,243,116,117,246,248,249,252,253,254
256,257,259,262,8,267,269,17,274,276,21,279,280,281,283,164,166,40,41,178,182,68,69,70,71,76,77,79,80,85,86,87,89,95,121,98,99,100,105,106,110,111,112,241,244,245,246,247,118,116,117,252,253,254
257,258,259,262,264,267,269,271,272,277,279,280,282,283,68,69,70,71,76,79,80,85,214,86,87,89,119,95,121,98,99,100,101,105,106,110,111,112,241,243,116,117,246,118,248,249,252,253,254
256,257,258,259,261,262,264,265,266,267,268,269,12,271,272,275,279,280,283,68,69,70,71,199,74,76,79,81,213,86,87,88,89,95,100,101,105,106,109,110,111,241,242,243,116,117,246,118,121,251,252,253,254,255
261,262,265,269,272,19,276,277,278,279,280,282,51,61,68,69,70,71,75,76,77,203,79,80,81,212,85,86,87,88,92,93,94,95,97,100,101,104,105,106,109,110,111,112,114,115,116,117,247,120,121,250
256,257,258,259,260,261,262,264,267,270,271,275,280,297,318,322,68,69,70,71,76,79,81,85,213,86,87,89,95,121,98,100,122,105,106,110,111,241,243,116,245,246,117,248,249,118,251,252,254
256,259,261,263,264,265,267,268,269,142,276,280,281,282,283,284,32,165,168,174,182,69,70,73,75,76,77,79,80,81,84,85,119,87,89,92,248,97,98,99,101,106,107,109,241,243,117,247,120,252,253,254
256,257,258,260,261,262,263,264,10,138,267,269,270,271,272,16,275,282,172,180,189,69,71,73,74,202,75,81,84,85,87,89,91,120,121,97,98,231,106,107,237,109,243,116,246,248,249,250,251
256,259,135,265,267,269,272,274,147,276,275,23,280,281,283,284,155,32,39,41,297,47,176,305,309,182,184,323,195,196,326,71,72,74,76,77,206,79,80,208,214,89,90,91,99,100,101,112,241,115,117,119,122,252,253,254
261,262,264,269,270,271,141,273,275,277,279,281,283,42,298,68,69,70,71,75,79,80,81,85,86,87,88,89,93,94,121,98,106,109,111,241,243,116,117,118,248,249,251,252,253,254
257,258,260,261,262,7,264,267,269,271,272,273,275,277,279,280,281,283,155,41,297,47,194,324,69,68,70,71,76,79,85,86,89,95,121,98,100,101,122,105,106,110,111,241,243,116,117,246,245,248,249,118,251,252,254
256,257,258,259,262,8,9,266,267,269,271,17,274,275,276,21,22,281,283,32,164,166,40,182,187,68,70,71,73,74,76,77,79,80,81,86,87,89,99,100,105,106,111,114,244,245,246,116,117,121,251,253,254
256,257,258,259,260,261,262,267,269,271,275,22,281,283,32,39,42,47,48,185,187,315,322,69,71,74,202,77,79,208,87,89,221,99,101,114,243,244,245,117,246,248,249,122,252,254
256,257,258,259,1,262,8,266,267,269,13,271,142,20,22,23,281,283,27,30,32,35,36,37,167,40,44,45,52,187,188,64,70,71,199,73,74,200,76,77,201,79,80,88,89,99,243,244,245,246,118,251,253,254
256,257,258,259,260,261,262,267,269,271,276,22,281,283,32,289,178,315,187,192,322,69,326,71,73,202,76,77,79,208,213,214,87,89,221,112,114,243,244,245,247,248,249,122,251,252,253,254
256,257,258,259,260,261,262,267,269,271,22,283,32,315,187,192,322,69,326,71,74,202,76,77,79,208,81,213,214,87,89,221,230,109,112,241,114,243,244,245,246,117,248,249,122,252,253,254
256,257,258,259,260,261,262,6,7,9,266,267,269,14,271,275,276,283,31,32,289,38,46,47,48,178,50,53,56,57,187,60,61,322,67,68,70,71,73,74,76,77,79,86,89,221,121,106,112,240,243,244,245,246,247,248,117,116,251
256,257,258,259,260,262,263,266,267,268,269,142,271,274,276,22,283,32,168,177,187,192,323,69,326,71,200,73,74,202,76,77,330,79,208,81,84,214,87,89,218,98,99,109,114,244,245,246,247,248,251,252,253
256,257,258,259,261,262,8,264,266,267,269,271,17,274,276,21,23,280,281,283,27,164,166,178,182,188,69,70,71,73,74,75,76,77,79,80,81,84,87,88,89,92,248,97,98,99,107,109,243,244,245,246,247,120,249,251,253,254
256,257,258,259,261,262,8,267,269,271,272,17,275,276,21,279,280,283,27,164,166,40,178,182,188,68,69,70,71,73,74,76,77,79,80,81,86,87,89,247,95,121,99,100,101,105,106,110,111,243,244,245,246,118,248,249,116,251,117,253,254
256,257,258,259,260,131,262,261,264,267,268,269,271,276,283,310,188,322,324,69,71,73,74,75,76,77,79,80,81,84,213,87,89,120,94,97,98,99,109,243,244,245,246,247,248,249,122,252,253,254,255
256,257,0,259,261,262,8,264,266,267,269,271,17,275,276,19,21,23,281,283,27,164,166,39,178,182,188,69,71,73,74,75,76,77,79,80,81,84,87,89,91,120,94,97,98,99,109,243,244,245,246,247,248,249,251,253,254
256,257,258,259,261,262,8,264,266,267,138,269,142,271,17,274,275,276,21,23,280,283,27,289,164,165,166,168,46,178,182,188,69,71,73,74,76,77,79,80,81,84,87,89,91,97,98,99,109,244,245,246,247,248,122,251,253,254,127
256,257,258,259,261,262,8,264,267,269,142,271,17,274,276,21,280,281,283,166,168,178,182,188,192,69,71,73,74,75,76,77,79,80,81,84,87,89,91,120,92,94,248,97,98,99,107,109,241,244,245,246,247,118,249,251,253,254
256,257,258,259,261,262,264,266,267,10,269,11,271,268,16,275,276,280,283,188,69,71,73,74,202,76,77,75,81,84,87,88,89,91,120,92,97,98,107,237,109,243,244,245,246,247,248,249,251,252,253,254
256,257,258,259,260,261,262,264,267,269,271,275,276,283,42,43,322,324,69,71,73,74,75,77,79,81,84,85,213,87,89,120,92,97,98,107,109,243,244,245,246,117,248,249,122,251,252
256,259,263,267,268,271,272,276,280,281,284,31,168,48,66,68,69,70,71,74,76,77,79,80,211,85,86,87,247,95,99,100,101,232,105,106,107,109,111,112,124,114,115,116,117,125,119,121,252,253,254
256,257,258,0,1,261,262,266,267,13,271,273,18,20,22,279,23,27,30,32,33,34,35,36,37,167,44,45,49,52,57,64,322,67,68,69,71,199,200,201,75,85,213,88,89,95,96,106,110,241,243,116,117,118,246,248,121,251,252,255
128,259,261,6,263,264,265,267,268,269,272,280,281,283,284,289,41,302,50,182,57,66,69,71,74,75,76,77,79,80,81,84,85,87,217,90,89,92,248,97,98,99,100,101,227,105,109,112,114,115,117,119,120,253,254,255
256,257,258,259,260,261,262,131,264,267,269,14,271,310,317,318,322,324,69,71,73,75,79,81,84,85,213,87,88,89,120,94,97,98,101,109,110,241,243,245,117,246,248,249,122,252,254
256,261,262,263,264,268,269,271,277,278,283,51,68,69,73,75,76,79,81,84,85,86,87,88,89,91,92,93,95,248,97,98,104,105,107,109,111,112,114,115,243,117,116,120,249,252,253,254
256,258,259,261,264,265,267,269,276,277,278,279,280,281,283,284,32,289,41,302,50,66,69,198,71,72,76,77,79,80,81,85,87,217,90,247,92,89,97,98,99,227,105,106,109,111,112,241,114,243,117,119,252,253,254
256,257,258,259,260,261,262,131,264,267,269,270,271,275,310,312,313,318,322,324,69,71,75,81,84,85,213,86,87,89,90,120,97,98,122,106,108,109,243,116,245,118,117,248,249,246,251
256,257,258,260,261,262,264,266,10,267,269,271,16,275,283,54,69,71,73,74,202,75,81,82,84,87,88,89,91,120,92,121,97,98,231,107,237,109,239,243,116,245,246,117,248,249,251,252,253,254,255
256,257,259,261,8,266,267,269,17,274,276,277,21,23,280,281,283,27,164,166,40,49,178,182,188,189,68,69,71,72,73,74,329,76,77,79,80,208,81,84,85,86,87,88,89,248,98,99,109,111,244,245,246,247,118,116,253,254
256,257,258,259,262,8,9,266,267,269,271,274,275,21,22,280,283,32,164,166,40,187,188,68,70,71,73,74,76,77,79,80,81,86,87,119,89,121,99,100,106,111,243,244,245,246,247,116,117,251,253,254
256,257,259,262,8,9,267,269,271,274,276,21,280,281,283,32,164,166,168,178,187,192,68,70,71,72,73,74,202,76,77,79,80,208,85,86,89,247,121,99,106,111,112,114,244,245,246,117,118,116,252,253,254
257,261,262,264,10,266,138,269,271,272,16,275,276,282,283,46,66,69,71,73,74,329,202,75,79,81,84,85,87,88,89,91,92,93,248,121,97,98,231,107,237,109,243,116,246,120,249,251,252,254,255
256,257,259,261,262,8,264,267,269,271,17,276,21,23,280,283,27,164,166,178,182,69,70,71,73,74,75,76,77,79,80,81,84,85,87,88,89,92,248,97,98,99,100,101,107,109,243,244,245,246,247,120,249,251,252,253,254
256,257,258,260,261,262,264,266,10,267,269,271,272,273,16,275,283,51,66,69,73,74,202,75,80,81,84,87,88,89,91,120,92,97,98,249,231,103,106,107,109,110,239,243,116,246,248,121,251,252,255
256,257,258,259,260,261,262,131,264,267,269,271,275,309,310,312,317,318,322,324,69,71,73,330,75,81,84,213,85,87,89,120,97,98,122,109,241,243,245,118,117,248,249,246,251,252,254
259,263,267,268,271,272,276,279,280,281,31,168,48,176,66,68,69,70,71,74,76,77,79,80,211,86,87,247,95,98,99,100,101,232,105,106,109,111,124,242,115,116,117,125,119,121,252,253,254,255
256,259,261,267,269,274,275,276,280,281,283,287,32,39,42,47,51,187,316,69,326,71,72,74,202,76,77,330,79,80,208,85,214,119,88,92,96,97,107,112,114,244,245,117,247,246,252,253,254
2,5,261,265,266,138,268,267,269,271,272,21,282,35,36,173,51,53,184,189,68,69,70,71,199,201,207,80,79,81,85,213,86,88,87,217,91,97,101,103,109,110,241,116,117,246,121,251,252,253,254,255
257,260,261,262,264,267,268,269,271,273,279,280,283,165,168,174,68,69,70,71,76,77,79,81,85,86,87,89,95,121,100,105,106,110,111,241,243,116,117,118,246,248,249,245,252,253,254,255
261,264,269,270,271,273,277,278,283,51,54,68,69,71,72,73,75,77,81,84,85,86,87,88,89,91,92,93,94,95,248,97,98,104,105,107,109,111,112,114,243,115,117,118,116,120,249,252,253,254
256,259,261,262,5,264,267,268,269,271,273,276,279,280,281,283,51,68,69,71,76,77,79,80,81,85,86,87,88,89,248,99,101,103,106,109,111,112,241,243,244,117,246,247,116,249,252,253,254
259,261,262,9,267,269,13,278,22,281,283,32,168,187,192,68,69,70,71,326,202,76,77,79,80,208,85,86,87,89,92,97,99,100,105,106,109,111,112,114,115,244,117,245,243,116,121,252,253,254
256,257,258,259,260,261,262,0,1,264,10,267,268,141,269,271,272,275,276,19,281,27,69,71,73,74,329,202,75,79,81,84,87,89,91,120,93,94,92,97,98,107,237,109,243,245,246,247,248,249,251
256,257,258,259,260,261,262,264,267,269,142,271,272,273,275,279,168,51,316,66,69,71,200,80,209,81,212,85,213,87,88,89,225,98,122,103,106,109,241,243,245,246,118,248,249,117,251,252,254
256,257,258,259,260,261,262,131,264,267,269,270,271,273,277,279,310,318,322,324,69,73,75,81,84,85,213,87,89,120,92,97,98,122,106,107,109,241,243,116,245,118,117,248,249,246,251
257,260,261,262,263,264,266,268,269,270,271,273,275,278,279,281,283,32,69,73,75,79,81,84,85,87,89,120,97,98,106,107,109,241,243,116,117,118,246,248,249,245,251,252,253,254
257,260,261,262,135,9,267,269,271,273,274,275,279,281,153,283,284,32,296,42,177,187,68,69,326,71,70,73,330,76,77,79,208,86,214,89,248,121,106,111,112,241,114,243,244,117,245,118,246,249,116,252,253,254,255
256,257,259,262,9,266,267,269,271,16,275,276,148,22,280,283,32,42,301,51,187,192,326,71,73,74,202,76,77,79,80,81,208,84,119,87,89,88,91,103,237,114,244,245,246,247,251,253,254
262,264,265,266,269,270,272,273,274,277,279,280,281,283,284,301,188,189,192,68,69,70,71,329,76,77,79,80,85,86,87,95,97,98,100,101,105,106,110,111,112,241,243,116,117,118,119,121,251,252,253,254
261,262,264,269,270,271,272,273,275,277,279,280,281,283,36,68,69,70,71,74,75,76,79,85,86,87,89,94,95,121,98,100,101,105,106,110,111,112,241,243,116,117,118,246,248,249,122,251,252,253,254
256,259,261,263,264,267,268,269,272,276,280,284,31,297,48,178,66,69,71,74,75,76,77,79,80,81,211,84,85,87,88,89,247,91,248,97,98,99,100,101,232,107,109,112,241,114,115,243,125,119,120,249,124,253,254
256,257,258,259,260,261,262,135,8,264,267,269,271,17,21,23,281,283,27,156,164,36,166,169,304,178,181,182,187,318,69,71,74,76,77,79,208,81,84,87,89,97,98,99,109,241,243,244,245,118,246,248,249,250,252,253,254
0,257,1,261,262,264,269,270,271,141,273,275,19,279,281,283,27,157,32,69,75,79,81,84,85,87,89,120,94,98,249,104,106,109,110,241,243,116,117,246,118,248,245,122,251,252,253,254,255
257,258,260,261,262,264,266,10,267,269,268,271,16,275,276,283,69,71,73,74,329,202,75,79,207,81,84,87,88,89,91,120,92,97,98,231,107,237,109,239,243,116,245,246,248,249,251,252,253,254
256,257,259,261,262,263,264,265,267,268,269,142,276,280,281,283,284,32,165,168,174,69,71,73,74,75,76,77,79,80,81,84,119,87,89,92,248,97,98,99,106,107,109,112,241,243,117,247,120,249,252,253,254
256,257,258,259,260,131,262,4,267,269,271,276,280,283,284,288,34,297,309,310,312,318,319,322,324,68,71,74,76,77,79,213,86,89,247,225,99,100,101,230,104,106,112,243,116,245,119,248,249,122,253,254
256,257,258,259,260,262,8,267,269,271,274,276,21,280,281,283,32,166,178,51,187,60,71,74,202,76,77,79,80,208,88,89,225,99,112,114,243,244,245,246,247,248,249,122,252,253,254
256,258,259,262,265,266,267,10,269,271,275,276,279,280,281,283,40,182,68,69,70,71,73,74,76,77,79,80,81,84,86,87,89,91,95,121,99,100,101,105,106,109,110,111,244,245,246,247,116,117,251,253,254,255
261,266,271,272,275,277,278,21,279,280,282,54,188,61,189,194,68,325,69,70,71,329,76,79,85,86,87,92,93,94,95,97,228,100,101,104,105,106,234,109,110,111,112,114,116,117,246,244,120,121,251,255
257,258,2,261,262,266,271,275,280,282,35,36,168,173,53,189,324,69,70,71,199,68,74,201,76,79,207,81,85,86,87,88,89,217,95,100,249,231,105,106,109,110,111,243,116,117,246,248,121,251,253,254,255
256,257,258,259,261,262,264,267,269,270,271,273,276,279,280,281,282,283,32,69,71,75,76,77,79,81,84,85,87,89,120,97,98,99,106,109,241,243,116,245,246,119,248,249,117,252,253,254
256,259,261,263,264,267,268,269,271,272,275,276,280,31,48,66,69,71,73,74,75,76,77,79,80,81,211,84,87,89,91,247,248,97,98,99,100,101,102,232,107,109,112,114,115,243,125,246,119,120,249,124,253,254
257,258,260,261,262,263,264,269,270,271,272,16,18,275,279,280,24,282,283,69,73,74,202,75,79,80,81,84,87,88,89,91,120,92,97,98,107,109,111,243,116,117,246,245,248,249,250,251,252,254
257,261,262,264,269,270,271,272,273,275,277,279,280,282,283,68,69,70,71,76,79,85,86,87,89,95,121,98,97,100,101,104,105,106,110,111,112,241,242,243,116,117,118,249,122,251,252,253,254,255
257,261,262,264,267,269,142,271,272,273,277,278,279,283,165,168,51,69,73,75,79,80,81,84,85,87,88,89,91,120,92,95,97,98,103,104,107,109,110,111,112,243,116,117,246,118,248,249,252,253,254,255
257,258,259,261,262,264,10,266,267,268,269,271,16,275,276,280,283,303,318,320,66,69,71,73,74,202,76,77,75,79,80,81,84,85,87,88,89,91,92,94,248,97,98,107,237,109,243,244,116,246,247,120,249,251,252,254
0,257,259,260,261,262,263,264,3,137,267,268,269,142,271,273,20,278,279,281,283,157,291,39,175,178,69,75,76,204,79,87,88,89,225,98,227,101,106,235,124,241,242,243,114,117,118,246,248,252,253,254,255
256,257,259,262,263,264,267,11,269,271,273,274,22,279,280,281,283,32,42,305,307,186,187,192,69,326,71,330,202,76,77,79,80,208,214,87,89,99,106,112,241,114,243,244,245,117,119,252,253,254
256,259,262,263,135,264,267,269,147,23,280,281,279,283,155,165,294,297,174,176,309,182,184,195,196,69,323,71,72,68,74,70,76,77,206,79,80,85,86,89,99,101,106,109,112,241,114,115,244,117,116,119,121,122,252,253,254
261,262,264,266,269,270,271,272,273,275,277,279,283,32,69,72,73,75,77,79,81,84,85,87,89,91,120,92,94,121,98,97,106,107,109,111,241,243,116,117,118,246,248,249,251,252,253,254,255
257,259,260,261,262,263,264,135,267,268,269,271,272,273,274,278,279,280,281,283,196,69,68,71,77,79,80,81,85,86,87,88,89,92,97,98,99,106,109,241,114,243,116,117,118,123,252,253,254
257,258,259,260,261,262,264,10,267,266,138,11,271,269,16,275,276,281,283,39,303,47,48,311,185,69,71,73,74,329,202,75,81,84,87,88,89,91,92,120,97,98,231,107,237,109,243,245,246,248,249,251
257,258,259,260,261,262,264,10,266,267,269,271,16,275,279,283,46,311,69,71,73,74,329,202,75,81,84,87,88,89,91,120,92,97,98,231,107,237,109,239,243,116,245,246,248,249,251,252,253,254
256,259,264,265,266,267,268,269,276,280,281,283,284,289,41,302,50,51,66,69,70,71,72,73,74,76,77,79,80,81,87,88,89,217,90,99,227,103,106,109,112,241,243,246,119,248,121,252,253,254,255
261,262,264,269,271,277,278,283,69,72,73,75,77,79,81,84,85,87,89,91,92,93,94,95,248,97,98,104,105,107,109,111,112,241,114,243,115,117,116,119,120,249,250,252,253,254,255
256,259,262,8,267,269,17,274,276,21,22,280,281,283,27,32,166,42,178,182,187,192,69,326,71,74,202,76,77,330,79,80,208,81,85,214,87,89,247,97,99,105,109,112,114,243,244,245,117,118,253,254
257,258,261,262,264,266,268,269,271,273,275,279,281,283,32,69,70,71,199,73,75,79,81,84,85,87,88,89,92,95,248,97,98,249,106,107,109,241,242,243,117,118,246,120,121,251,252,253,254,255
256,257,258,259,260,261,262,131,264,263,267,269,270,271,273,275,310,312,318,322,324,69,71,75,81,84,85,213,87,89,120,97,98,122,106,250,109,243,116,245,246,118,248,249,117,251,254
257,261,262,133,264,269,271,273,277,278,279,283,284,162,170,301,69,73,75,76,81,84,85,87,88,89,218,91,92,93,94,95,248,120,97,98,104,105,107,109,111,112,114,243,115,117,118,116,246,249,250,255
261,264,267,269,271,272,277,278,282,283,284,51,68,69,73,75,76,80,81,83,212,85,84,215,86,87,88,89,92,93,94,95,91,97,248,98,249,105,107,109,110,111,112,241,114,115,243,117,246,118,120,116,252,253,254,255
261,262,264,269,270,271,273,275,277,279,281,282,283,26,32,69,73,75,76,79,80,81,83,84,85,87,89,92,93,94,248,121,97,98,106,107,109,241,243,116,117,246,118,120,249,252,253,254
256,259,261,263,264,265,266,267,268,269,273,276,279,280,281,283,284,32,289,41,302,50,66,69,72,74,76,77,79,80,81,84,87,217,89,247,90,98,99,100,101,227,106,107,109,112,241,243,119,248,252,253,254
256,257,258,259,260,261,262,131,264,267,269,271,275,283,310,322,324,69,71,73,75,79,81,84,213,87,89,120,92,97,98,229,230,122,106,107,109,241,243,245,117,246,248,249,118,251,252,254,255
256,257,258,259,260,261,262,264,267,269,270,271,272,18,279,280,282,67,68,69,70,71,200,75,76,79,84,85,86,87,89,94,95,96,121,100,101,105,106,110,111,112,241,243,116,245,117,246,248,249,118,251,252,254
256,257,258,259,260,261,262,4,9,10,267,269,271,16,275,22,26,34,42,43,312,58,317,318,63,322,324,69,71,200,72,73,81,213,87,88,89,229,230,106,109,241,243,245,246,117,248,249,122,252,253
256,257,258,259,260,261,262,131,264,267,269,271,273,275,150,279,310,318,322,324,69,71,73,75,76,81,84,85,213,87,89,120,97,98,122,106,109,243,116,245,246,117,248,249,118,251,252,254
256,257,258,259,260,261,262,1,267,269,13,271,273,275,20,22,283,27,30,32,33,34,35,36,37,167,44,45,52,312,57,318,64,322,69,71,199,200,201,119,88,89,93,229,122,241,243,245,117,118,248,249,246,251,252,254
256,259,262,135,10,267,268,266,271,275,276,147,23,280,155,156,294,297,303,176,309,182,184,195,196,68,323,71,70,73,74,76,77,206,79,80,81,84,86,89,91,247,100,101,106,237,111,112,115,244,116,246,119,117,121,122,251
256,257,258,259,261,262,264,10,11,266,267,269,271,16,275,276,280,283,292,303,311,69,71,73,74,329,202,77,75,81,84,87,88,89,91,92,248,97,98,231,107,237,109,243,244,116,246,247,120,249,251,252,253,254
257,261,262,134,264,267,269,142,271,273,18,21,279,165,168,51,67,68,69,200,75,80,209,81,212,85,84,87,88,89,120,94,95,96,121,97,98,103,106,109,110,241,243,116,117,118,246,248,249,251,252,254,255
256,257,258,259,260,261,262,131,264,267,269,271,275,287,295,312,318,322,324,69,71,73,74,75,81,84,213,87,89,120,97,98,229,230,122,106,109,241,243,115,245,246,118,248,249,117,251,252
256,257,258,259,260,261,262,264,267,269,271,277,278,283,287,295,69,71,73,75,79,81,84,85,87,88,89,91,92,120,95,97,98,230,107,109,111,112,241,114,243,116,117,245,118,248,249,252,253,254
256,257,258,259,261,262,8,264,267,269,271,17,276,21,23,281,283,27,287,164,166,295,178,182,69,70,71,75,76,77,79,80,81,84,85,87,88,89,120,97,98,99,230,109,241,243,244,245,246,118,248,249,253,254
256,257,258,259,260,261,262,131,264,267,269,271,275,283,287,295,41,312,317,318,322,324,69,71,75,79,81,84,213,87,89,91,97,98,230,109,241,243,245,117,246,248,249,122,252,254
256,257,258,259,260,261,262,264,10,267,266,269,271,16,275,276,283,287,295,69,71,73,74,202,75,79,81,209,84,87,88,89,91,120,92,97,98,230,231,107,237,109,243,245,246,247,248,249,251,252
256,257,258,259,260,261,262,264,267,269,271,273,275,279,281,283,287,32,295,66,69,71,75,79,81,84,87,88,89,120,97,98,230,106,107,109,241,243,245,117,246,248,249,252,253,254
256,257,258,259,260,261,262,131,264,267,269,271,275,287,295,312,317,318,322,324,69,71,81,84,213,87,89,96,97,98,229,230,122,109,241,243,245,117,246,248,249,118,251,252,254
256,257,258,259,260,261,262,264,267,269,271,275,279,280,283,287,295,169,49,311,188,189,68,69,70,71,329,76,79,85,86,87,88,89,95,121,98,100,230,105,106,110,111,241,243,116,245,246,118,248,249,117,252,254
256,257,258,259,260,261,262,267,269,271,273,275,279,281,39,297,47,48,185,318,322,68,69,70,71,76,79,86,87,88,89,95,121,100,229,122,105,106,111,241,243,116,245,117,118,248,249,246,252,253,254
256,259,261,262,263,264,267,268,269,11,271,273,276,279,280,281,283,284,32,69,71,73,75,76,77,79,80,81,84,87,89,247,120,248,97,98,99,106,107,109,241,243,244,117,118,119,245,249,252,253,254
0,257,258,1,261,262,264,266,269,141,271,273,19,279,281,283,27,41,324,69,68,71,70,76,79,85,86,87,88,89,94,100,106,110,111,241,243,116,117,246,118,248,121,122,251,252,253,254,255
257,262,263,264,267,269,271,272,273,276,279,280,281,283,32,51,66,69,71,73,75,76,77,79,80,81,84,85,87,88,89,91,92,120,248,97,98,101,106,107,109,241,243,117,246,247,118,245,252,253,254
256,259,261,263,267,268,269,271,272,276,280,284,31,48,51,66,68,69,71,74,76,77,79,80,81,211,85,86,87,88,89,247,92,98,99,100,101,103,232,105,107,109,111,112,114,115,116,125,246,119,248,124,253,254
257,261,262,264,266,269,270,271,273,275,279,280,281,283,289,39,41,188,189,68,69,70,71,329,76,79,80,85,86,87,89,223,95,121,98,100,101,105,106,110,111,241,243,116,117,118,246,249,251,252,253,254,255
257,258,259,260,262,10,266,267,11,269,271,275,276,277,279,280,292,168,303,311,313,68,69,70,71,73,74,329,76,79,81,84,86,87,88,89,91,95,100,101,231,105,106,237,109,239,110,111,243,116,245,246,117,248,121,251
256,257,258,259,262,263,9,267,12,269,271,274,276,279,281,283,156,32,42,187,65,68,69,326,71,70,74,330,76,77,79,80,208,86,214,89,105,106,111,112,241,114,243,244,245,117,247,116,121,252,253,254
261,262,264,269,271,272,146,277,278,283,166,178,51,311,318,320,195,69,73,74,75,80,81,212,85,84,87,88,89,91,92,95,248,97,98,101,104,105,107,109,111,112,114,115,243,117,118,120,249,252,254,255
256,257,258,131,260,261,262,264,267,269,270,271,275,277,279,36,310,312,318,322,324,69,71,73,75,81,84,85,213,87,89,120,92,94,97,98,122,106,107,109,243,116,117,246,245,248,249,118,251
256,257,258,259,262,8,267,269,271,17,276,21,279,280,281,283,164,166,40,178,182,68,69,70,71,73,74,76,77,79,80,81,86,87,89,92,95,121,99,100,101,105,106,109,110,111,243,244,245,246,247,248,116,117,253,254
256,257,260,261,262,264,269,270,271,272,273,277,279,281,283,32,46,69,73,75,79,81,84,85,86,87,89,92,248,121,98,97,100,101,106,107,109,241,243,116,117,118,246,120,249,252,253,254
257,261,262,5,264,11,269,271,272,273,275,279,280,282,283,165,168,174,191,320,324,69,68,70,71,76,79,80,81,85,86,87,89,94,95,121,100,105,106,110,111,241,243,116,117,246,118,249,252,253,254
257,259,260,261,262,264,267,268,269,271,273,275,278,283,288,68,69,71,73,74,75,81,84,85,86,87,88,89,91,92,120,97,98,100,101,249,104,107,109,111,114,243,115,117,246,118,248,116,251,252,253,254
256,257,258,259,262,8,265,267,269,271,17,274,275,21,22,23,280,283,27,32,164,166,40,178,182,187,192,69,326,71,73,74,202,76,77,79,80,81,208,84,214,87,89,91,99,109,114,244,245,246,247,251,253,254
256,258,259,261,262,263,264,267,11,269,268,272,273,279,280,281,283,32,182,69,71,75,76,77,79,80,81,84,85,87,89,248,97,98,99,100,101,106,109,112,241,242,243,244,117,120,252,253,254
257,259,261,262,265,267,269,271,143,272,277,278,279,280,282,51,324,69,68,70,71,75,76,79,81,85,86,87,88,89,92,93,95,248,97,121,100,101,105,106,109,110,111,112,114,243,115,117,116,247,120,249
259,261,262,263,133,264,267,268,269,271,276,279,280,281,283,165,168,170,174,68,69,70,71,74,76,77,79,80,85,86,119,87,89,218,95,100,101,105,106,110,111,112,241,243,116,117,246,247,121,252,253,254
256,261,262,264,9,266,267,269,271,274,276,279,281,283,32,42,307,187,68,69,326,71,70,330,202,76,77,79,80,208,214,86,88,89,247,121,122,106,110,111,112,241,114,243,244,245,118,246,248,117,116,252,253,254,255
261,262,264,268,269,271,277,278,283,162,290,166,174,51,184,321,65,68,69,75,79,80,81,212,85,84,87,88,89,91,92,93,95,248,97,98,101,103,104,105,107,109,111,112,114,115,243,117,118,116,120,249,252,125,255
259,261,263,264,267,268,269,276,277,278,280,283,51,68,69,71,73,74,75,76,77,79,80,81,84,85,86,87,88,89,92,248,97,98,99,101,105,106,107,109,111,112,114,115,243,117,116,247,120,249,252,253,254
256,257,259,261,262,8,264,267,269,273,274,17,276,21,23,280,281,154,283,27,164,166,305,178,182,69,71,73,75,76,77,79,80,81,84,85,87,89,92,248,97,98,99,107,109,112,241,243,244,245,118,247,120,249,252,253,254
257,260,261,262,263,264,267,268,269,141,271,272,273,142,279,281,283,32,165,168,300,174,48,51,179,69,79,80,81,86,87,88,89,98,103,106,109,110,241,243,116,117,118,246,248,249,252,253,254
257,258,259,261,262,263,264,266,10,268,267,269,271,272,16,275,276,283,69,71,73,74,202,75,79,81,84,87,88,89,91,120,92,97,98,231,107,237,109,239,243,116,245,246,247,248,249,251,252,253,254
257,258,260,261,262,264,266,10,268,267,269,271,16,275,276,283,284,303,69,71,73,74,329,202,75,79,81,84,87,88,89,91,120,92,97,98,249,231,107,237,109,243,245,246,248,121,251,252,253,254,255
256,261,262,264,268,269,271,143,277,278,283,51,54,61,194,68,69,71,73,75,79,81,84,85,86,87,88,89,91,92,93,94,95,248,97,98,228,104,105,107,109,111,112,114,115,243,117,118,116,120,249,252,253,254
261,264,268,269,271,272,277,278,283,51,54,61,194,324,69,325,68,71,72,73,75,77,81,212,85,84,87,215,86,88,89,92,93,91,95,248,97,98,105,107,109,112,114,243,115,117,118,116,120,249,252,253,254
257,258,259,261,262,264,10,266,268,269,270,271,16,275,276,282,283,69,71,73,74,202,75,79,81,84,87,88,89,91,120,92,97,98,231,107,108,237,109,239,114,243,116,117,246,118,248,249,251,252
257,260,261,262,263,264,269,270,271,272,273,18,277,279,280,168,67,68,69,70,71,75,76,79,81,85,86,87,89,94,95,96,121,100,104,105,106,109,110,111,243,116,117,118,246,248,249,250,251,252,254,255
257,258,259,260,261,262,264,10,266,267,269,271,16,275,276,280,283,292,311,69,71,200,73,74,329,202,75,78,79,81,84,87,88,89,91,120,92,97,98,231,107,237,109,243,245,246,247,248,249,251,252,253,254
257,258,261,262,264,266,267,269,270,271,275,279,281,283,165,39,168,174,47,48,185,318,320,68,69,70,71,199,74,79,86,87,88,89,100,249,106,111,241,243,116,117,246,245,248,121,251,252,253,254,255
256,257,258,259,260,261,262,267,269,271,273,275,276,279,281,283,39,297,47,48,185,68,69,70,71,76,79,80,85,86,87,119,89,121,100,122,105,106,111,241,243,116,117,245,118,248,249,246,252,253,254
257,261,262,264,269,270,271,273,277,279,281,283,32,69,73,75,79,80,81,84,85,87,88,89,119,120,92,97,98,104,106,107,109,241,243,116,117,118,245,248,249,251,252,253,254
261,262,264,269,271,273,277,278,283,51,68,69,71,72,73,75,79,80,81,84,85,86,87,88,89,91,92,93,95,248,97,98,231,104,105,107,109,111,112,114,115,243,117,118,116,120,249,252,253,254,255
257,261,262,264,265,269,270,271,272,273,18,275,277,278,279,280,282,67,68,69,70,71,76,79,81,82,85,86,87,88,89,247,93,94,95,96,121,98,100,101,105,106,110,111,112,243,116,117,118,246,249,251,252,254,255
257,3,260,261,262,263,264,268,12,269,271,15,273,17,275,21,279,281,283,32,69,198,79,81,84,87,88,89,225,98,97,229,233,234,106,109,238,241,243,117,118,246,248,252,253,254
257,258,260,261,262,263,264,266,269,271,273,275,278,279,280,283,313,324,69,68,71,70,76,79,81,85,86,87,88,89,95,121,100,105,106,107,110,111,241,243,116,117,246,118,248,249,251,252,253,254,255
256,257,262,9,267,11,269,271,274,276,279,281,283,32,42,301,307,187,68,69,326,71,70,74,330,76,77,79,80,208,85,214,86,87,89,95,100,106,111,112,241,243,244,245,117,116,121,252,253,254
257,261,262,264,266,269,270,271,273,275,277,279,283,32,162,290,166,45,174,184,59,65,321,68,69,325,327,79,80,81,85,87,89,94,98,103,106,107,109,241,114,243,116,117,118,125,249,252,253,254,255
261,262,264,268,269,271,273,277,278,279,283,163,68,69,71,72,73,75,81,84,85,86,87,88,89,91,92,93,94,95,248,97,98,104,105,107,109,111,242,243,114,117,118,116,120,249,250,252,253,254
257,258,261,262,264,269,270,271,273,18,275,279,283,290,56,67,68,69,73,75,79,80,81,84,85,86,87,88,89,91,120,92,96,97,98,104,106,107,109,241,243,116,117,118,246,248,249,251,252,253,254,255
261,262,264,266,269,270,273,277,278,283,160,298,49,51,54,191,68,69,71,75,80,81,85,86,87,213,88,89,92,93,94,95,248,97,121,98,104,105,106,109,237,111,112,114,243,116,117,118,115,120,249
256,257,258,259,260,261,262,5,7,267,269,271,272,273,144,279,280,281,282,283,155,312,188,194,68,69,70,71,74,76,77,79,85,86,89,247,95,121,98,100,101,105,106,110,111,112,241,243,116,245,246,117,248,249,123,252,253,254,127
2,258,260,261,263,264,265,266,270,271,275,280,35,36,37,167,168,173,53,189,68,69,70,71,199,201,74,207,79,213,85,86,88,89,217,87,228,100,231,106,110,111,243,116,117,246,119,121,250,251,255
259,261,262,264,8,266,269,270,271,272,273,275,279,281,282,283,32,59,69,75,76,79,80,81,84,85,87,88,89,94,97,98,106,108,109,110,241,243,116,117,246,118,248,249,252,253,254
257,261,262,264,10,266,267,268,269,271,272,16,275,276,277,283,46,66,69,71,73,74,329,202,75,79,81,84,87,88,89,91,92,248,97,98,231,107,237,109,243,246,247,120,249,251,252,253,254
257,259,261,262,264,10,138,266,268,269,271,272,16,275,276,282,68,69,70,71,73,74,202,76,203,79,80,81,84,85,86,87,88,89,91,121,98,100,101,106,109,111,243,116,246,248,249,251
256,259,263,265,267,268,269,142,19,276,280,284,290,162,166,168,174,184,59,318,65,321,195,68,69,72,73,74,75,76,77,79,80,81,211,84,87,89,247,91,94,248,97,98,99,100,101,103,105,107,109,111,112,114,115,125,119,120,253
257,258,259,260,261,262,264,10,266,11,267,268,271,269,16,275,280,187,191,69,71,199,73,74,329,328,202,205,81,210,209,84,213,87,88,89,215,91,119,97,98,231,237,109,239,242,243,245,246,117,248,251,252
256,257,258,259,262,8,267,269,271,272,17,274,275,276,21,279,280,281,283,27,164,166,40,178,182,319,68,69,70,71,73,74,76,77,79,80,81,86,87,89,95,121,99,100,101,105,106,110,111,243,244,245,246,247,116,117,251,253,254
256,259,261,264,267,268,269,271,144,272,146,276,279,280,283,29,180,188,68,69,70,71,73,74,76,77,79,85,86,87,89,92,95,121,100,101,105,106,109,110,111,112,243,244,117,246,247,248,116,253,255
256,259,261,263,265,267,268,269,271,272,276,280,284,31,289,41,302,48,50,66,69,71,72,74,76,77,79,80,81,211,87,217,90,247,89,98,99,100,101,227,102,232,109,112,124,114,115,125,119,252,253,254
257,261,262,264,11,269,270,271,272,273,275,277,279,281,283,32,69,73,75,79,81,84,85,87,88,89,120,92,97,98,104,106,107,109,241,243,116,117,118,246,248,249,251,252,253,254
257,259,262,264,9,267,269,270,271,273,275,277,279,280,281,283,165,39,168,40,174,47,48,182,185,68,69,70,71,75,79,80,86,89,90,93,121,98,99,106,111,241,243,116,117,247,248,249,251,252,253,254
257,261,262,264,269,270,271,273,275,276,277,279,281,283,32,317,69,252,73,75,79,80,81,84,85,213,87,89,92,248,97,98,249,106,107,109,112,241,243,116,117,246,118,120,121,126,251,124,253,254
128,261,263,264,266,269,271,277,278,283,51,54,68,69,71,73,75,81,212,85,84,86,87,88,89,91,92,93,94,95,248,97,98,104,105,106,107,109,110,111,112,114,115,116,117,243,246,120,249,250,252,253,254
256,257,258,259,262,265,266,267,10,268,269,271,272,275,276,279,280,290,46,68,69,70,71,73,74,76,77,79,80,81,84,86,87,216,89,91,95,100,102,105,106,237,109,110,111,116,117,246,247,121,251
256,259,263,135,265,264,267,268,269,274,147,276,23,280,281,283,284,155,32,289,165,294,41,297,176,309,182,184,195,196,69,323,71,72,74,76,77,206,79,80,81,89,91,99,100,101,109,112,241,115,243,117,119,248,122,252,253,254
256,259,7,267,268,269,270,271,272,276,277,279,280,282,283,284,68,69,70,71,73,74,76,77,79,80,84,86,119,87,91,92,219,95,99,100,101,105,106,109,110,111,112,242,116,117,246,247,121,251,253,254
259,263,265,267,268,271,272,276,279,280,284,31,48,66,68,70,71,74,76,77,79,80,211,85,86,87,95,98,99,100,101,232,105,106,109,110,111,124,242,115,114,116,117,119,125,121,252,253,254,255
256,257,259,261,262,267,269,142,274,276,22,283,32,168,187,62,192,69,326,71,72,74,202,76,77,330,79,80,208,81,84,85,214,87,89,92,97,98,99,105,109,111,112,114,115,244,245,117,247,248,253
256,257,258,259,261,262,8,264,267,269,142,271,17,21,283,27,166,168,178,182,69,71,73,75,76,77,80,81,84,85,87,89,120,92,97,98,99,100,101,249,107,109,124,241,243,244,245,246,118,248,117,126,251,252,253,254,255
257,258,259,261,262,264,269,271,273,277,278,283,51,313,69,73,75,76,80,81,84,85,87,88,89,91,92,93,95,248,97,98,104,105,107,109,111,112,241,114,115,243,117,118,116,120,249,252,253,254
261,262,264,10,269,271,277,279,280,283,28,165,168,174,188,68,69,70,71,75,76,79,80,85,86,87,89,92,93,95,248,97,100,104,105,106,109,110,111,241,243,116,117,246,120,121,252,253,254,255
256,257,258,260,261,262,266,267,269,141,271,272,275,19,279,280,282,68,69,70,71,73,74,76,77,79,85,86,87,88,89,94,95,121,98,100,101,105,106,110,111,112,113,243,116,117,246,118,248,249,122,251,255
257,130,261,262,5,264,267,269,142,271,272,273,141,275,279,280,281,283,300,305,188,69,71,73,75,76,77,79,81,212,85,84,87,89,120,92,95,248,97,98,107,109,241,243,117,118,246,245,249,123,252,253,254,127
256,257,0,259,3,262,8,137,267,269,142,271,17,274,275,20,21,23,279,281,283,27,157,36,164,166,39,175,178,68,70,71,74,76,77,79,80,85,86,119,89,247,225,121,99,105,106,112,241,114,243,244,245,246,117,116,118,252,253,254
256,257,258,0,260,261,262,263,264,3,137,267,269,142,271,273,20,279,281,283,157,165,39,174,175,178,51,69,79,80,88,89,225,98,227,100,101,106,235,110,241,243,244,117,118,246,123,252,253,254
257,258,259,260,261,262,10,267,266,270,271,272,16,275,276,279,280,282,156,68,69,70,71,73,74,75,76,79,81,84,86,87,88,89,91,95,121,100,101,231,105,106,237,110,239,111,112,243,116,245,246,247,248,117,251,252,254
257,258,261,262,264,10,266,269,271,16,275,276,280,283,311,69,71,73,74,329,202,75,79,81,84,87,88,89,91,220,120,92,97,98,249,101,231,107,237,109,239,243,116,244,246,248,121,251,252,253,254
256,259,263,264,265,267,268,269,146,276,21,280,281,283,284,32,289,41,50,66,69,71,72,74,75,76,77,79,80,81,84,87,89,217,247,91,97,98,99,100,101,227,106,107,109,112,241,243,119,248,252,253,254
256,257,258,259,260,261,262,8,264,267,269,271,17,274,276,21,23,280,281,283,27,164,166,178,182,69,71,73,74,75,76,77,79,80,81,84,87,88,89,120,92,97,98,99,107,109,241,243,244,245,246,247,248,249,252,253,254
258,259,261,262,264,269,271,273,277,278,283,51,180,68,69,73,75,81,84,85,215,87,88,89,91,92,93,94,95,248,97,98,104,105,106,107,108,109,111,112,241,114,243,115,117,118,116,120,249,252,253,254
256,258,259,261,266,267,269,271,144,272,18,146,276,279,280,282,283,180,190,67,68,69,70,71,74,75,76,77,79,80,85,86,87,89,92,95,96,100,101,105,106,109,110,111,112,114,115,116,117,247,121,253,254,255
261,262,264,266,269,270,271,273,19,277,279,281,283,32,309,60,69,330,75,79,80,81,84,85,87,89,120,93,121,98,97,106,109,241,243,116,117,118,246,248,249,252,253,254
256,257,258,259,262,8,266,267,269,271,17,275,276,21,279,280,283,164,166,40,178,182,68,69,70,71,73,74,76,77,79,80,81,86,87,89,91,95,121,99,100,101,105,106,109,110,111,243,244,245,246,247,248,116,117,251,253,254
257,261,262,264,266,269,270,271,142,273,272,275,277,279,281,283,32,165,168,174,69,74,203,79,81,84,85,87,89,120,121,98,97,104,106,109,241,243,116,117,118,248,249,251,252,253,254,255
256,257,258,259,261,262,264,266,267,11,269,271,274,275,22,283,32,42,307,187,192,69,70,71,326,73,74,330,76,77,202,79,80,208,214,87,88,89,106,241,114,243,244,245,246,121,251,252,253,254,255
256,259,5,262,261,264,265,268,269,271,272,273,276,279,280,153,282,281,284,283,32,182,69,73,75,76,79,80,81,84,85,119,87,89,91,92,248,97,98,99,106,107,109,241,243,117,246,247,120,249,252,253,254
257,260,261,262,264,268,269,270,271,273,277,279,281,283,32,289,178,69,73,75,79,80,81,84,85,86,87,89,120,121,98,97,106,109,241,242,243,116,117,118,248,249,252,253,254
257,259,261,262,263,264,268,269,271,272,273,274,279,280,281,282,283,32,313,66,69,73,74,75,79,81,84,85,87,89,248,97,98,99,106,109,111,241,242,243,114,117,118,120,249,123,252,253,254
256,0,1,259,261,263,264,265,137,267,268,269,141,19,276,279,280,281,283,284,27,32,289,41,69,72,74,75,76,77,79,80,81,87,89,218,247,94,98,99,100,101,103,106,107,109,112,241,243,119,248,252,253,254
257,258,259,261,262,265,267,268,269,271,272,277,278,279,280,282,283,177,323,68,69,70,71,200,74,76,77,79,81,85,86,87,88,89,247,92,95,121,100,101,105,106,109,110,111,112,243,116,117,246,245,248,249,251,252,255
261,262,264,269,271,277,278,279,283,168,298,191,68,69,71,73,75,79,80,81,84,85,213,87,88,89,86,91,92,93,95,248,97,98,104,105,106,107,109,110,111,112,114,243,116,117,118,120,249,254,255
257,260,261,262,264,267,268,269,271,272,273,279,281,283,32,51,69,73,75,79,80,81,84,85,87,88,89,120,92,97,98,249,103,106,107,109,110,241,243,116,117,118,246,248,121,252,253,254
141,143,144,145,146,147,148,149,150,154,155,156,157,158,160,161,164,293,36,167,295,169,298,171,300,172,173,170,304,177,305,307,180,308,310,179,309,184,178,181,318,330,208,297,301,174,302,175
2,135,142,143,144,145,146,147,148,149,18,153,154,155,156,157,158,160,161,293,294,295,296,169,170,299,298,171,302,175,176,172,173,307,308,180,174,183,184,177,178,179,181,310,167,330,108
141,143,144,145,146,147,148,149,153,154,155,158,159,292,293,294,167,296,169,298,171,300,173,174,301,304,305,177,179,180,307,308,302,184,185,306,182,310,193,321,166,330,203,209,212,90,95,172,175,114,115
141,142,144,145,146,147,148,149,150,153,154,156,158,160,292,165,294,167,296,293,298,171,299,173,174,303,302,305,306,307,177,308,301,311,175,179,310,184,166,330,295,297,170,172,176
142,143,144,145,146,147,148,149,150,153,154,155,156,157,158,160,161,292,293,294,295,296,169,298,171,299,170,302,174,173,177,306,305,307,175,36,183,303,179,180,310,308,184,187,167,330,172
5,141,144,272,146,147,148,149,150,152,153,154,155,157,158,160,161,164,294,167,296,169,298,171,300,172,174,299,304,305,177,307,308,306,180,183,184,178,179,181,330,74,170,173,301,175,127
10,141,142,16,145,144,275,147,149,148,153,154,155,156,158,292,293,294,295,296,297,298,171,166,167,170,303,299,177,306,307,308,309,310,311,183,305,179,184,180,73,330,74,81,172,300,231,174,237,175,245,246,251
179,142,271,144,145,146,147,148,149,153,154,155,156,157,158,160,161,292,295,296,169,298,299,171,173,302,303,175,177,306,307,180,308,174,311,184,183,178,309,310,181,200,167,330,170,172
11,12,141,143,144,145,146,147,16,149,148,150,151,22,152,155,156,26,158,159,32,160,162,163,164,165,295,296,169,298,297,171,299,302,303,304,305,178,307,308,180,309,177,184,306,310,182,187,39,326,330,168,208,42,214,170,221,300,47,175
10,138,142,143,16,145,146,147,275,149,144,148,154,155,156,157,158,160,161,292,164,167,295,297,296,171,172,169,170,303,304,177,306,305,307,309,310,311,179,180,181,65,73,330,231,173,301,174,237,302,175,246,251
128,141,142,144,145,147,148,149,153,154,155,156,158,160,292,293,166,167,295,169,298,171,300,172,302,303,175,177,305,307,308,309,304,311,184,310,183,180,179,330,296,170,299,227,174,123
261,265,141,269,144,145,273,147,148,149,153,154,156,28,158,31,160,294,295,296,169,298,299,171,173,302,303,300,305,170,307,308,180,177,175,184,183,178,181,68,70,71,73,75,79,80,81,84,86,87,88,89,97,98,99,106,109,116,117,118,119,120,121,253
0,3,141,142,143,144,145,146,147,149,281,154,155,156,157,158,160,161,290,164,293,167,296,169,298,171,297,173,302,299,304,177,305,307,180,181,178,306,308,179,39,198,330,168,170,225,172,300,175,118,255
142,143,144,145,146,147,148,149,153,154,155,156,29,158,159,160,161,292,293,294,295,296,169,298,299,170,171,302,175,303,305,297,307,180,308,309,183,184,176,177,178,179,182,310,166,167,330,88,172,174,304
5,137,141,142,145,146,147,148,149,153,154,155,156,157,158,160,292,294,295,296,169,170,299,300,172,302,303,304,305,177,307,308,309,306,174,184,178,179,310,167,330,171,175
141,142,144,145,146,147,148,149,153,154,155,156,157,158,160,161,164,167,296,169,298,171,300,299,302,303,304,177,305,307,178,308,179,181,180,311,310,330,168,170,172,173,174,175
142,143,144,145,146,147,148,149,153,154,155,156,157,158,160,161,292,293,294,295,296,169,170,299,298,173,302,175,171,297,172,307,180,308,301,183,184,177,179,181,310,166,167,108,174,303
4,142,143,144,145,146,147,148,149,154,155,156,29,158,159,160,161,292,294,295,296,297,298,299,169,171,302,303,304,170,306,307,180,309,310,183,184,178,49,54,311,38,330,92,172,105,174,175
142,143,144,145,146,147,148,149,16,150,151,153,152,155,156,22,158,159,160,161,162,163,165,294,295,296,169,170,299,298,173,302,175,171,304,178,307,180,308,305,183,184,179,182,56,185,63,64,72,73,330,168,42,225,99,300,174
141,142,143,144,145,146,147,148,149,150,152,153,154,155,156,29,158,159,160,161,292,293,294,295,296,169,298,299,170,300,302,173,303,305,175,171,307,172,174,183,184,177,306,179,310,180,166,167,304
135,142,144,145,146,147,148,149,153,154,155,156,157,158,160,161,292,164,294,295,296,169,298,171,299,170,301,175,174,305,178,306,180,307,179,183,184,308,310,309,181,167,330,168,172,173,232,112,303
141,142,143,144,145,147,148,149,153,154,155,156,157,158,160,292,293,166,167,295,169,298,299,172,300,302,303,175,177,305,307,308,309,310,311,179,184,180,294,330,296,170,171,173,174
128,141,142,144,146,147,148,277,149,153,154,155,158,32,160,292,293,166,167,296,169,295,171,300,299,173,174,304,305,177,179,307,308,180,175,184,185,310,309,61,321,330,87,170,97,172,228,109,303,120,123
141,13,142,144,145,146,147,148,149,150,151,152,153,22,155,156,154,30,159,32,35,292,165,294,167,295,169,170,297,300,173,302,303,304,177,305,307,308,309,180,311,184,178,179,37,52,182,64,199,201,330,168,88,171,44,172,45,174,175
3,12,141,143,144,145,146,147,273,149,148,150,151,153,154,152,155,157,158,159,160,161,34,162,164,165,294,167,296,169,298,171,299,173,172,302,175,305,304,179,180,181,307,183,184,308,182,185,330,168,170,43,111,112
142,143,144,145,146,147,148,149,153,154,155,156,157,158,159,160,161,292,293,294,295,296,169,298,299,170,173,302,175,171,174,172,307,180,308,303,183,184,305,177,179,182,310,166,167,330
135,141,142,143,144,145,146,147,148,149,150,153,154,155,157,158,164,293,292,167,296,169,298,171,172,300,173,174,304,305,177,307,308,180,310,181,303,309,179,184,166,330,295,170,299,175
142,143,144,145,146,147,148,149,154,155,156,157,158,160,161,164,167,295,169,297,171,296,173,302,303,304,177,175,298,180,181,307,309,184,311,178,179,65,330,170,88,299,172,301,174,255
2,135,141,142,143,144,145,146,147,148,149,153,154,155,157,29,158,160,159,161,294,295,296,169,298,299,171,170,172,167,304,305,306,307,180,177,310,183,308,179,181,184,330,173,174,110,175
134,10,266,141,145,146,147,19,149,148,150,151,152,275,154,156,153,158,159,162,292,164,165,167,168,169,298,171,297,173,172,303,304,177,306,307,305,180,178,311,308,179,310,182,184,186,316,73,330,231,174,237,47,175,251,126
2,144,145,146,147,148,149,19,153,154,155,156,157,158,160,161,164,294,295,296,169,170,171,299,298,302,175,303,173,178,307,180,179,308,183,184,181,61,38,167,330,297,93,94,172,301,109
141,142,144,146,147,148,149,150,153,154,155,157,158,292,293,166,167,296,169,298,299,172,300,174,171,175,305,177,307,308,309,306,180,184,179,310,178,330,295,170,303,304
141,142,143,144,145,146,147,148,149,150,154,155,157,158,160,161,292,165,164,167,296,295,298,171,172,297,174,302,304,305,306,307,308,180,177,309,183,179,178,310,184,181,330,169,170,88,299,173,175,303
10,11,144,145,275,147,149,148,153,26,154,156,155,158,160,161,292,293,294,295,296,297,298,169,167,166,170,303,171,177,306,307,178,309,308,311,310,179,180,184,73,329,74,330,81,299,172,231,174,237,175,246,251
129,143,144,145,146,147,148,149,153,154,155,156,157,158,160,161,164,294,295,296,169,170,298,299,171,302,303,304,305,178,307,308,180,309,306,184,49,179,181,311,65,167,330,297,172,173,301,174,112,175
141,142,143,144,145,146,147,148,149,153,154,155,156,157,158,160,161,164,294,295,296,169,170,299,298,173,302,175,171,303,41,307,308,309,301,183,184,179,180,181,167,330,297,172,300,174
141,142,143,144,146,147,148,149,150,153,154,155,157,158,160,161,164,166,167,296,169,298,171,172,301,173,299,304,305,177,179,307,180,308,310,306,185,183,178,181,184,330,170,174,175
141,142,143,144,145,146,147,148,149,150,151,152,153,154,155,156,158,159,160,162,164,165,294,296,169,298,171,299,170,302,175,173,305,178,179,180,307,177,183,184,50,310,182,185,61,193,321,330,203,168,209,212,90,95,172,174,114,115,249
261,269,143,144,145,146,147,148,149,153,154,155,156,281,28,158,160,31,294,295,296,169,298,299,171,170,302,173,304,303,178,307,180,175,174,183,184,306,68,70,71,76,79,81,86,87,88,89,95,98,100,105,106,109,110,112,116,117,121
141,143,144,145,146,147,148,149,153,154,155,156,158,160,292,293,166,295,296,297,167,171,172,299,298,303,304,177,305,307,306,309,310,311,308,179,183,180,184,294,330,169,170,301,174,175
4,141,142,143,144,145,146,147,148,149,150,151,152,153,154,155,29,159,160,162,165,294,295,296,169,170,299,171,298,302,175,304,177,300,307,180,308,305,183,184,179,182,310,62,167,168,211,172,99,174,110,125
141,143,144,145,146,147,148,149,150,153,154,155,156,158,32,160,164,292,293,166,296,169,298,171,299,297,302,174,304,305,178,307,180,308,306,177,184,181,179,310,294,167,330,170,172,173,175,303
142,143,144,145,146,147,148,149,153,154,155,156,157,158,29,160,161,159,292,294,295,296,169,298,299,171,173,302,297,304,303,170,307,180,309,308,174,184,178,310,179,330,88,172,301,175,125
141,142,143,144,145,146,147,148,149,150,153,154,155,157,158,160,292,293,166,295,296,169,298,167,172,300,174,171,299,305,177,307,308,309,310,180,184,179,330,170,175,303
128,129,130,131,132,5,134,135,136,137,138,10,140,139,133,16,26,285,286,287,288,289,290,291,313,202,81,213,231,123,237,239,246,122,251,124,125,126,127
128,129,130,131,132,133,134,135,136,137,138,139,140,265,144,16,146,19,285,286,287,288,289,290,291,163,180,55,66,233,236,112,122,123,124,125,126,127
128,129,130,131,132,133,134,135,136,137,138,139,140,19,285,286,287,288,289,290,291,166,167,172,175,51,179,195,210,212,95,117,122,123,124,125,126,127
128,129,130,131,132,133,134,135,136,137,138,139,140,10,5,271,142,20,285,286,287,288,289,290,291,36,157,174,175,204,231,239,122,123,124,125,126,127
128,129,130,131,132,5,134,135,136,133,138,10,140,11,137,139,16,275,285,286,287,288,289,290,291,29,163,160,168,311,312,329,73,81,231,123,237,239,246,122,251,124,125,126,127
128,129,130,131,132,133,134,135,136,137,138,139,140,8,17,21,23,27,285,286,287,288,289,290,291,161,164,44,178,187,188,192,71,92,244,122,123,124,125,126,127
128,129,130,131,132,133,134,135,6,137,138,139,265,140,5,136,267,145,285,286,287,288,289,290,291,39,319,66,72,221,236,122,123,124,125,126,127
128,129,130,131,132,133,5,135,134,137,265,139,138,140,136,263,150,285,286,287,288,289,290,291,33,161,39,45,185,64,67,75,76,227,122,123,124,125,126,127
128,129,130,131,132,133,134,135,136,137,138,139,140,5,1,17,23,27,285,286,287,288,289,290,291,44,55,63,192,64,236,122,123,124,125,126,127
128,129,130,131,132,5,134,135,136,137,138,139,140,12,133,148,149,23,285,286,287,288,289,290,291,32,40,42,307,55,187,71,95,122,123,124,125,126,127
128,129,130,131,132,133,134,135,136,137,138,139,140,5,17,23,27,285,286,287,288,289,290,291,40,44,55,63,192,71,236,122,123,124,125,126,127
128,129,130,131,132,5,134,135,133,136,138,10,140,11,137,271,16,139,275,151,26,285,286,287,288,289,290,291,292,162,165,303,50,311,191,329,73,74,81,216,91,231,123,237,239,246,122,251,124,125,126,127
128,129,130,131,132,133,134,135,136,137,138,139,140,263,19,285,286,287,288,289,290,291,166,39,41,48,179,55,313,66,213,118,122,123,124,125,126,127
128,129,130,131,132,133,134,135,136,137,138,139,140,14,273,285,286,287,288,289,290,291,32,39,190,220,223,225,227,233,122,123,124,125,126,127
128,129,130,131,132,133,134,135,136,137,138,139,140,265,16,19,22,285,286,287,288,289,290,291,163,293,160,39,168,41,66,233,122,123,124,125,126,127
128,129,130,131,132,261,134,135,136,137,138,139,140,133,16,19,147,278,22,285,286,287,288,289,290,291,163,160,168,51,320,203,210,212,225,228,122,123,124,125,126,127
128,129,130,131,132,133,134,135,136,137,138,139,140,265,7,10,144,19,155,285,286,287,288,289,290,291,39,169,66,194,233,122,123,124,125,126,127
128,129,130,131,132,133,134,135,136,137,138,139,140,265,19,285,286,287,288,289,290,291,158,32,66,195,205,210,220,227,232,233,122,123,124,125,126,127
128,129,130,131,132,133,134,135,136,137,138,139,140,7,285,286,287,288,289,290,291,48,59,218,227,100,103,104,233,107,122,123,124,125,126,127
128,129,130,131,132,261,134,5,136,133,138,139,135,137,140,19,23,285,286,287,288,289,290,291,158,32,51,54,318,62,190,85,215,92,222,225,228,229,231,232,234,106,110,122,123,124,125,126,127
128,129,130,131,132,133,134,135,136,137,138,139,140,5,19,147,285,286,287,288,289,290,291,166,167,172,51,179,78,210,212,213,225,122,123,124,125,126,127
128,129,130,131,132,133,134,135,136,137,138,139,140,265,2,285,286,287,288,289,290,291,42,173,53,66,199,201,207,217,122,123,124,125,126,127
128,129,130,131,132,133,134,135,136,137,138,139,140,5,8,17,21,23,27,285,286,287,288,289,290,291,164,44,178,55,63,192,64,197,122,123,124,125,126,127
128,129,130,131,132,5,134,135,136,1,138,261,140,139,133,137,16,277,22,285,286,287,288,289,290,291,163,160,168,54,61,63,194,324,325,203,223,228,120,122,123,124,125,126,127
128,129,130,131,132,133,134,135,136,137,138,139,140,5,141,285,286,287,288,289,290,291,39,305,188,212,220,225,98,229,233,122,123,124,125,126,127
128,129,130,131,132,133,134,135,136,137,138,139,140,5,1,17,23,27,285,286,287,288,289,290,291,44,55,57,63,64,192,122,123,124,125,126,127
128,129,130,131,132,133,134,135,136,137,138,139,140,5,14,0,3,19,285,286,287,288,289,290,291,157,293,39,190,204,225,122,123,124,125,126,127
128,129,130,131,132,133,134,135,136,137,138,10,140,139,11,271,146,275,26,285,286,287,288,289,290,291,164,262,301,302,304,231,123,237,239,122,251,124,125,126,127
128,129,130,131,132,133,134,135,136,137,138,139,140,5,2,285,286,287,288,289,290,291,42,53,199,201,207,88,217,225,122,123,124,125,126,127
128,129,130,131,132,133,134,135,136,137,138,139,140,5,285,286,287,288,289,290,291,166,167,179,59,218,227,100,103,233,107,122,123,124,125,126,127
204,205,9,206,207,27,186,312,313,314,187,188,189,316,317,320,190,322,191,324,325,194,327,199,326,200,329,201,318,192,198,208,203,210,202,212,213,214,215,195,209,319,216,197,328
206,275,186,312,313,314,187,188,189,316,317,320,191,322,319,324,190,325,327,199,329,202,200,201,192,193,207,208,194,210,204,205,213,214,195,216,209,323,211,212,215,197,198,231,326,237,328
204,205,206,207,187,189,313,186,314,316,188,190,319,192,320,322,191,324,317,326,199,327,329,202,201,325,198,200,193,208,209,210,211,194,213,214,195,216,80,323,212,215,197,328
204,205,206,207,283,186,190,189,313,314,187,316,317,188,191,320,192,322,319,324,325,326,327,193,195,321,203,199,198,197,200,208,209,210,211,212,213,214,194,215,216,196,328,201,202
259,260,205,267,145,278,287,316,312,186,187,315,188,317,319,192,193,322,323,324,195,196,199,328,201,200,203,326,197,191,207,208,209,210,211,321,213,214,194,216,217,212,215,72,236,202
204,136,205,206,145,186,312,313,314,187,188,189,316,317,320,190,322,194,324,325,191,327,199,198,329,202,318,200,192,201,208,328,210,211,212,213,214,195,207,209,319,215,216,197,326
206,207,186,190,189,312,313,314,187,188,315,316,191,317,318,322,194,324,325,319,327,200,329,199,323,192,202,320,326,208,72,210,211,205,213,214,195,216,209,212,215,221,197,328,201,74
204,10,138,271,275,211,186,189,312,313,314,187,316,188,317,191,320,319,322,323,324,318,190,199,200,329,202,73,327,192,197,198,208,81,194,205,206,213,195,207,216,209,210,212,214,215,231,326,328,201,246,251
206,207,32,317,186,316,312,314,315,187,188,189,319,192,191,322,323,324,196,326,199,200,329,202,201,328,71,197,204,208,209,194,211,205,213,214,195,216,210,212,215,198,237
205,32,167,186,316,313,314,315,187,188,189,319,192,190,322,323,324,195,326,199,200,201,202,329,327,71,191,207,208,209,210,193,206,213,214,194,216,217,212,215,197,328
205,206,207,186,190,316,312,313,314,187,315,188,317,318,192,319,322,323,324,195,196,199,328,200,193,203,201,191,320,202,208,209,210,211,321,213,214,194,216,212,215,217,197,245
205,137,78,206,207,275,152,186,315,312,313,314,187,316,189,188,319,320,317,322,190,324,191,323,199,200,329,327,202,192,325,326,328,208,204,210,194,212,213,214,195,216,209,215,94,197,198,72,201
204,205,9,206,207,186,312,313,314,187,188,317,316,189,320,190,322,191,324,325,194,327,200,199,201,329,318,203,319,326,208,209,210,211,212,213,214,215,195,216,197,192,198,328,202
2,167,186,173,53,312,313,314,187,188,317,316,189,320,190,322,191,324,319,192,199,327,201,202,329,204,198,328,207,208,209,210,194,205,213,214,206,216,217,212,196,215,197,326,200,121
204,263,205,206,207,186,187,312,313,314,315,316,317,189,190,320,188,322,195,324,191,326,199,200,328,319,203,327,198,192,201,202,209,210,211,212,213,214,215,194,208,323,82,216,94,223,197,241,123
257,3,260,262,134,287,186,188,51,189,312,313,314,187,315,316,317,318,320,319,322,323,324,190,191,199,200,328,327,192,197,201,202,205,208,194,210,206,207,213,214,215,209,89,212,216,221,225,245,248
204,205,78,206,18,207,208,282,187,312,313,314,186,188,189,316,317,320,190,322,191,324,325,198,199,200,327,329,323,319,203,201,202,192,194,210,209,212,213,214,215,216,211,67,195,318,197,96,328,246
261,269,79,80,28,31,215,317,314,186,315,187,188,316,319,192,191,322,195,324,323,326,196,199,201,193,203,204,197,205,206,208,209,210,211,75,213,214,68,216,217,81,84,69,86,87,88,89,92,97,98,71,106,107,109,73,116,120,121
204,205,206,207,187,312,313,314,186,188,316,189,190,320,192,322,191,324,325,317,327,195,319,199,201,200,329,203,318,208,209,210,211,212,213,214,194,216,215,323,197,198,104,326,328,202
204,205,206,207,186,298,187,188,313,314,317,316,189,190,319,320,321,322,191,324,196,192,199,193,195,325,203,198,201,326,327,328,209,210,194,212,213,214,215,216,208,211,197,200,202
12,206,207,32,186,42,47,312,313,314,315,316,187,188,319,192,317,322,323,324,190,326,199,328,200,202,201,318,191,329,204,208,321,210,194,205,213,214,195,216,209,212,215,197
148,314,187,176,183,312,189,186,315,188,316,317,191,192,319,322,195,324,323,197,326,199,201,194,203,204,205,198,207,208,209,210,211,206,213,214,212,216,217,215,200,328,202
2,204,135,205,206,207,38,187,313,314,186,188,316,189,190,320,192,322,195,324,325,196,199,200,201,327,203,323,193,326,191,208,209,210,211,212,213,214,215,194,216,197,198,328,202
190,187,182,189,312,314,186,316,188,315,191,192,319,322,317,324,197,196,199,328,201,326,203,204,205,193,207,208,209,194,211,206,213,214,195,216,81,210,212,215,318,103,107,200,329,202
5,138,206,187,189,312,313,186,314,188,316,317,190,320,192,322,191,324,325,198,199,327,197,201,203,204,329,326,205,208,193,210,194,212,213,214,195,207,209,211,196,215,216,200,328,202
289,41,187,48,189,186,315,188,316,314,319,192,193,66,323,195,196,326,324,197,201,328,203,204,205,206,207,208,209,194,211,210,213,214,322,216,217,212,215,191,198,199,200,202
205,78,206,18,207,282,209,187,51,312,313,314,186,188,189,316,317,320,190,322,323,324,191,318,327,200,199,325,203,319,198,329,192,208,194,210,321,212,213,214,215,195,211,67,216,197,96,328,201,246,202
204,205,163,317,186,63,189,313,314,187,188,316,190,191,192,321,322,195,324,193,319,199,196,329,325,203,318,320,206,198,208,209,210,194,212,213,214,215,207,216,323,197,326,200,328,201,202
204,262,205,187,312,313,314,186,316,189,190,317,320,321,322,195,324,196,318,199,200,328,191,203,323,327,325,193,206,209,210,194,212,213,214,215,207,208,319,211,216,89,197,192,198,326,201,117,202
204,206,145,287,289,317,41,316,312,186,187,315,188,189,319,192,191,322,323,324,196,326,199,200,201,202,329,328,203,197,207,208,209,194,211,205,213,214,195,216,217,210,212,215,72,236
10,138,206,207,275,209,211,186,312,313,314,187,316,188,317,319,191,320,322,323,324,190,189,199,200,329,202,73,327,328,192,198,201,81,194,204,205,213,214,195,216,208,210,212,215,197,231,326,237,239,246,251
2,206,207,290,166,59,53,186,315,188,316,187,191,192,319,193,323,196,197,324,195,328,201,322,203,204,205,326,199,208,209,321,211,194,213,214,68,216,217,218,210,212,215,100,101,103,233,107,200,202
205,206,207,187,315,189,313,314,186,316,188,317,190,192,320,191,322,324,319,198,326,327,199,197,325,196,204,202,201,208,209,203,211,193,213,214,194,195,210,212,215,216,200,328,329
262,205,206,207,190,63,189,186,187,188,61,316,319,192,321,193,194,196,325,195,324,326,201,197,203,204,191,198,199,208,209,210,211,212,213,214,87,216,217,323,215,89,109,200,328,202
204,205,206,156,186,315,188,189,312,313,314,187,316,317,318,190,320,192,322,191,324,323,198,199,200,329,319,203,327,202,201,328,208,321,210,194,212,213,214,195,207,209,215,216,197,228,326
10,138,207,275,28,314,305,61,189,312,313,186,187,316,188,317,190,191,319,322,323,324,192,198,199,200,329,202,325,327,320,197,201,208,194,204,205,206,213,214,195,216,209,210,212,215,231,237,328
204,77,205,9,273,207,278,288,187,61,313,314,186,316,188,190,189,192,321,193,195,196,323,324,194,328,200,201,203,199,325,206,320,208,209,210,202,212,213,214,215,322,216,319,191,197,326
204,10,11,207,275,40,42,314,177,312,186,187,188,317,318,319,191,189,322,323,324,316,192,199,200,73,329,202,327,74,197,198,208,81,194,205,206,213,214,195,216,209,210,212,215,231,237,239,328,201,246,251
257,204,205,206,207,275,186,190,189,312,313,314,187,188,315,316,317,320,318,322,323,324,319,191,199,200,328,327,329,203,192,197,198,208,194,210,202,212,213,214,215,195,209,216,201
204,205,207,186,189,312,313,314,187,315,316,190,317,318,319,322,323,324,188,195,199,200,328,193,203,196,320,329,206,192,209,210,321,212,213,214,215,194,208,211,216,191,197,198,326,201,202
204,205,206,207,25,39,186,47,312,313,314,187,188,317,316,189,320,190,322,191,324,323,326,327,200,199,328,325,201,319,203,192,208,209,210,194,212,213,214,215,195,216,196,197,198,202
204,205,206,279,187,60,188,61,312,313,314,186,316,189,190,191,320,321,322,193,324,325,195,199,200,196,328,203,323,192,201,327,202,209,210,194,212,213,214,215,207,208,211,216,197,198,326
78,18,281,282,159,34,187,188,312,313,314,186,316,317,189,190,320,321,322,191,324,325,193,199,200,327,194,203,195,319,329,206,192,209,210,67,212,213,205,215,207,208,323,216,318,197,96,228,198,328,201,246,202
31,317,298,314,187,48,189,186,315,316,188,190,319,192,193,191,323,196,195,324,199,200,201,322,203,197,204,198,207,208,209,194,211,205,213,214,206,216,217,210,212,215,326,328,202
148,314,176,183,189,313,186,187,188,316,317,191,192,319,322,323,324,197,326,195,199,201,193,203,204,205,325,207,208,209,210,211,194,213,214,206,216,212,215,196,198,200,328,202
204,5,205,206,207,186,189,312,313,314,187,188,315,316,319,317,190,322,323,324,191,326,198,200,199,192,320,329,203,202,327,208,194,210,211,212,213,214,195,216,209,215,94,197,328,201
204,205,206,207,301,187,188,52,312,313,314,186,316,317,189,190,320,193,194,322,324,325,191,327,321,199,200,203,196,198,329,318,201,209,210,202,212,213,214,215,195,208,216,197,192,104,326,328
204,205,9,206,207,186,189,312,313,314,187,188,316,317,190,320,191,322,319,324,325,326,327,199,201,200,192,318,329,202,203,208,194,210,211,212,213,214,215,195,209,216,197,98,328
205,206,207,275,186,312,313,314,187,316,188,189,191,319,317,322,323,324,320,325,199,200,329,202,327,318,73,192,193,208,81,210,194,204,213,214,195,216,209,211,212,215,197,198,231,326,237,328,201,251
0,3,205,12,207,289,186,187,60,312,314,315,316,188,190,318,319,317,322,323,324,195,189,327,328,200,192,203,201,199,206,320,202,209,210,194,212,213,214,215,216,208,85,196,191,197,223,325
204,205,10,138,16,207,275,314,189,312,313,186,187,188,316,317,191,320,190,322,323,324,318,319,199,200,329,327,202,192,193,197,198,201,81,210,194,212,213,195,206,216,208,209,211,214,215,231,326,237,239,328,251
205,10,11,206,207,275,26,314,312,313,186,187,188,317,315,319,192,191,322,323,324,189,193,199,200,329,73,202,74,197,198,201,208,81,194,211,204,213,214,195,216,209,210,212,215,231,326,237,239,328,246,251
205,206,207,186,190,189,312,313,314,187,316,315,188,191,192,317,322,318,324,319,320,327,200,329,199,326,323,328,325,203,208,201,210,194,204,213,214,195,216,209,212,215,197,198,202
204,5,206,207,283,36,186,187,189,312,313,314,315,188,316,317,319,320,192,322,190,324,191,198,327,318,329,199,202,325,197,200,201,208,194,210,211,205,213,214,215,195,209,212,216,326,328
204,205,186,187,189,313,314,317,188,316,190,191,320,321,192,319,324,196,198,322,328,193,199,203,195,202,206,200,329,209,210,194,212,213,214,215,207,208,211,216,217,197,325,326,201
2,204,5,205,24,187,188,61,54,312,313,314,186,316,317,190,191,320,189,322,194,324,325,198,327,199,329,319,203,192,193,197,207,200,209,210,202,212,213,195,206,208,211,214,215,216,222,225,326,328,201
204,264,205,206,187,312,313,314,186,316,317,189,190,320,191,322,188,324,318,325,327,199,326,200,329,201,319,203,207,208,209,210,194,212,213,214,215,195,216,222,197,192,198,237,328,202
204,205,206,207,186,190,187,313,314,317,188,316,189,191,320,193,194,322,324,325,196,327,192,199,201,203,326,319,197,202,208,209,210,211,212,213,214,215,321,216,195,198,200,328
205,206,145,207,150,287,316,186,187,315,188,317,319,192,191,322,323,324,196,326,199,328,329,202,201,200,203,197,204,208,209,193,211,194,213,214,195,216,217,210,212,215,72,236,75,76
12,269,275,281,39,186,190,47,48,312,185,314,187,315,188,317,319,192,316,322,323,324,189,326,199,328,200,201,196,327,193,206,191,208,209,210,194,205,213,214,207,216,215,197,236,202
204,205,207,186,316,312,313,314,187,315,188,189,190,319,317,322,323,324,192,195,199,200,328,329,201,327,202,191,318,208,193,210,211,194,213,214,206,216,209,212,215,197,198,326
204,205,207,279,187,312,313,314,186,188,189,316,317,320,190,322,191,324,192,319,327,199,201,200,329,195,326,203,328,208,209,210,194,212,213,214,206,216,215,318,197,325,198,202
279,32,317,186,47,182,189,313,314,315,316,187,188,319,192,191,322,323,324,195,326,199,328,201,202,196,200,329,206,205,208,209,210,211,194,213,214,207,216,212,215,197
205,78,18,207,282,316,189,312,186,315,187,188,317,319,192,193,322,323,324,195,326,199,200,201,202,203,329,191,206,328,208,209,210,211,321,213,214,194,216,67,212,196,215,197,96,325
128,205,207,22,186,317,42,314,315,187,188,316,319,192,193,321,323,196,324,326,195,325,201,322,203,191,204,206,199,208,209,210,211,212,213,214,215,194,216,197,200,328,202,123
205,206,270,15,207,186,187,188,312,313,314,315,316,189,190,317,320,318,322,194,324,325,191,327,200,329,319,199,202,192,197,198,208,201,210,204,212,213,214,215,195,209,216,228,328,116,124,126
66,205,275,172,190,187,48,189,313,186,315,316,188,317,319,192,193,321,195,323,196,197,199,200,201,322,203,204,191,206,207,208,209,210,211,194,213,214,212,216,217,215,198,328,202
204,205,206,207,20,186,300,187,188,312,313,314,315,316,317,190,319,320,318,322,191,324,189,192,199,200,327,328,329,203,198,197,201,208,194,210,202,212,213,214,215,195,209,323,216,225
204,205,207,187,188,61,54,189,313,314,186,316,317,190,191,320,321,194,193,324,325,198,327,199,329,196,203,326,201,206,192,200,209,210,202,212,213,322,215,195,208,211,214,216,217,197,228,328
204,262,205,19,163,187,188,51,61,63,54,189,313,314,186,316,317,190,191,320,321,193,194,324,325,196,198,195,327,322,203,329,192,206,199,328,209,210,202,212,213,85,215,207,208,214,216,89,223,197,200,240,201
204,205,206,14,271,207,156,186,312,313,314,187,316,188,317,190,320,191,322,323,324,189,198,199,200,329,202,328,318,319,327,201,192,193,210,211,212,213,214,194,195,208,209,215,216,197,225,326
10,206,207,275,186,312,313,314,187,316,188,317,318,189,191,322,323,324,190,320,199,200,329,202,327,73,319,328,192,193,194,210,204,205,213,214,195,216,208,209,211,212,215,197,198,231,326,239,201,251
10,11,275,26,209,312,186,187,188,317,315,191,319,192,322,323,324,195,189,199,200,329,202,73,328,201,74,204,208,81,194,205,206,213,214,207,216,210,211,212,215,318,197,198,231,237,251
204,205,206,187,53,312,313,314,186,316,189,317,190,320,191,322,188,324,325,194,327,200,329,199,202,318,201,203,207,208,328,210,211,212,213,214,215,216,195,209,197,192,198,326,118
204,206,19,187,61,54,189,312,313,314,186,316,317,190,191,320,321,194,193,324,325,196,327,322,199,195,203,318,192,197,198,200,209,210,202,212,213,205,215,207,208,211,214,216,217,223,228,326,328,201,117
204,205,207,187,61,54,189,313,314,186,316,317,190,191,320,321,194,322,324,325,196,327,198,193,199,203,326,192,206,200,208,209,210,202,212,213,214,215,195,211,216,217,197,228,328,201
204,205,78,18,282,189,186,315,188,187,317,319,192,321,193,323,195,196,322,324,200,201,326,203,199,197,206,207,208,209,210,211,212,213,214,194,216,217,67,215,191,96,328,329,202
205,267,145,287,295,189,186,315,188,187,61,319,192,193,321,323,196,325,195,324,322,201,199,203,326,202,206,207,208,209,210,194,211,213,214,215,216,217,212,191,197,72,236,327,200,328
2,205,266,206,167,187,53,312,313,314,186,188,316,189,190,320,317,322,319,324,323,191,199,327,201,200,203,325,193,192,207,208,209,210,194,212,213,214,215,195,217,216,202,197,326,328,117,121
204,205,9,32,186,189,314,315,187,188,317,319,192,193,322,323,195,324,326,199,200,201,202,328,196,203,329,207,208,209,210,211,194,213,214,206,216,217,212,215,191,197,325,198
