196,710,208,53,155,444
742,267,43,1069,886,567,153,154
832,33,193,669,748,396,496,989,350
194,195,197,201,753,723,62
742,267,283,602,567,153,154,603
416,417,1062,903,904,713,796,797,191
261,743,142,852,1045,213,278
161,776,46,688,308,277,598,310,347
706,708,37,267,715,429,380,703
140,177,179,756,757,147,632,638
516,139,140,301,177,147,756,179,632,57
641,177,179,756,757,147,57,638
194,195,197,199,201,58,62
194,197,199,201,58,62
517,44,177,179,147,56,57,382
299,44,177,179,147,56,57
493,494,847,211,348,349,223
845,316,281,314,860,861
227,228,102,233,493,494,847,211
39,40,47,48,79,569,63
39,40,79,48,47,569,63
416,196,1062,711,713,208,53,797
194,195,197,201,62
198,491,492,1044,1047
287,42,307,90,411,92,447
678,682,268,365,238,175,176,21
194,195,197,201,879,912,351
39,40,43,47,48,688,120,124
39,40,41,43,47,48,120,124
41,43,47,48,659,124
41,43,47,48,659,124
643,195,197,199,201,207,989,62
641,34,515,35,139,177,50,632,57
198,491,492,1044,1047
36,166,295,168,204,334,405
194,195,197,199,207,58,62
228,102,488,233,493,494,211
170,394,108,812,340,347,349,799
192,513,548,593,210,664,665
420,135,776,206,918,984,985,860
33,711,809,205,722,54,888,380,989
800,801,811,812,108,340,347,349,799
800,801,811,812,108,109,347,349,799
178,1079,344,345,346,347
194,195,197,199,201,879,351
870,776,918,984,314,1085
354,869,873,425,1072,1073,212,378,222
257,79,240,659,729,90,63,159
257,79,240,307,659,90,63,159
225,228,102,488,233,495
323,1019,41,759,48,310,55,120,59
353,354,868,453,378,316,317
248,258,173,910,911,336,312,61
6,232,909,304,117,1022,126
64,357,583,312,60,152,127
225,102,488,233,495
356,106,107,205,145,433,436,502
356,551,106,205,145,433,436,502,286
65,103,401,595,596,597,598,599
229,230,104,168,12,16,18,1013,413
160,71,688,307,59,158,159
321,322,326,327,521,76,77,144,319
160,71,72,46,307,52,59,158,159
929,674,580,581,599,554,598,23,862
160,71,72,46,52,59,158,159
160,72,74,46,307,52,158,159
354,453,917,377,316,317,318
224,225,102,488,361,495,21
776,1072,1073,212,918,314,222
929,1059,644,583,296,236,1042,250,127
224,1090,356,998,135,113,114,49,952
108,109,178,344,346,347,348,349
322,326,327,521,76,877,77,144,319
870,845,918,984,314,1085,222
870,918,984,314,1085,222
322,227,876,493,524,494,847,211
609,931,260,358,937,363,112
108,109,178,344,346,347,348,349
414,459,80,247,445,446,415
385,389,747,751,149,150,190
297,75,46,48,307,120,59
257,964,743,40,306,659,729,63
1088,68,69,555,51,31
199,200,1002,620,434,1074,373,374,1016
193,740,741,750,751,148,149,150,151
107,155,205,267,567,154,123
194,912,753,210,723,598,764,350
160,71,74,46,688,307,52,159
832,577,103,912,49,980,507,351
545,235,977,18,20,825,794,987
99,101,939,271,272,84,88
97,99,939,271,272,85,86,255
98,99,939,271,272,83,85,255
97,99,101,939,84,86,88,255
98,99,101,939,83,84,85,88,255
99,965,939,84,85,87,88
963,100,232,939,366,84,87,88,89
3,165,38,229,104,230,1014,413
193,741,748,750,751,755,148,149,150
545,1029,1032,235,977,18,20,987
2,4,13,341,26,93
163,420,135,206,116,985,829
324,167,457,395,303,209,539
324,168,457,169,395,204,303,209,275
672,496,113,435,121,220,669
673,742,711,476,477,478
2,4,13,26,91,93
354,453,845,917,377,316,317
481,203,243,502,122,123
99,964,101,100,939,84,88
99,101,939,84,85,88,89
609,355,358,966,497,246
387,68,69,484,555,51
225,228,102,488,233,493,495
40,43,47,48,310,120,124,479
160,74,46,307,52,59,159
480,484,171,13,439,24,25
321,322,326,327,521,524,77,144,319
578,131,617,618,45,334
160,159,688,659,120,59,158,63
268,365,238,176,756,757,635
128,135,427,972,529,370,371
514,392,137,393,146,639
555,331,78,1070,372,311,927
33,454,136,266,15,82,187,28,30
129,427,972,398,370
196,844,880,208,530,29,30,791,573,382
672,621,220,27,28,669,30,671
672,704,621,220,27,28,669,30,671
353,868,869,871,872,873,919,378
356,106,203,107,205,145,436,502
584,606,174,175,627,371,926
292,751,148,149,150,151,603,478
516,645,202,140,1068,19,1013,632,633
0,1,8,9,10,93
106,203,205,433,145,436
32,226,360,234,726,956
678,682,268,365,238,176,757,410
832,205,15,145,30,28,286
353,868,869,871,872,919,185,253
353,868,453,871,917,919,377,318
357,328,173,336,948,566,312
328,173,175,336,948,566
258,357,294,173,336,245
704,776,690,277,1045,278,213,314
641,34,35,179,756,757,724,636,638
641,515,516,140,626,635,639
515,516,299,626,724,637,638,639
609,355,260,358,971,655,246
224,227,776,314,494,270,281,538,348
416,196,1062,201,208,53,797
389,111,149,699,189,190,191
268,140,301,335,176,724,639
459,80,790,247,445,446
257,240,659,729,569,63
33,136,266,811,396,15,49,82,764
389,677,111,817,404,118,190
1057,194,195,197,713,207,239,881,572
1057,194,197,201,239,207,881,572
1057,107,239,879,881,982,313,572
2,4,13,26,91,93
384,256,237,464,465,241,467,242
163,389,111,116,119,829,190
545,132,585,235,910,911,247,248
160,73,688,307,59,158,159
32,804,599,496,1042,598,23,221
420,135,206,111,529,985,829
160,46,307,52,158,159
258,357,294,173,336,948,566
162,421,166,235,399,309,248
160,71,46,59,158,159
32,131,617,618,45,688
609,355,260,358,105,497,246
1091,36,166,295,168,204,334,625
743,520,279,182,183,280,700
897,700,182,183,280,279
160,71,688,307,59,158,159
167,457,303,209,275,539
164,165,166,168,395,622,209,946,275
165,295,169,395,944,209,946,275,539
132,133,134,330,399,80,309
132,133,134,585,330,399,80
163,296,457,204,334,303,209,405
776,845,281,314,860,861
167,457,303,209,275,539
353,869,917,316,317,318
96,481,356,106,107,526,436
902,330,109,315,178,277,309,347
868,869,872,873,212,378
68,37,70,267,429,852,567,154,703
515,516,139,626,632,639
515,138,140,301,141,626,632,635,639
608,451,263,264,18,30,286
451,263,264,274,282
480,172,813,110,81,439
267,155,342,567,154,283,381
6,909,304,117,1022,126
481,203,243,502,122,123
963,232,366,83,86,87,88,89
259,583,236,31,60,61,127
418,932,132,133,134,844,80,511
897,520,182,279,280,183,700
256,389,464,465,241,467,242
167,457,303,209,275,539
451,387,263,266,274,403,282
387,266,274,438,441,282
869,453,425,426,499,378,219
37,422,773,375,185,186,219,253
64,258,357,294,173,336,245
481,243,502,122,123
322,326,327,40,876,319
320,322,325,326,327,319
322,325,326,327,876,319
320,322,325,326,327,876,319
3,38,230,14,1014,413,94
199,200,748,620,373,374,284
200,1001,620,156,1074,373,374,284
835,912,145,210,49,913,30,27,286
578,168,12,16,863,887,94,223
390,143,466,242,116,469,467,285
776,845,281,314,860,861
453,423,424,425,377,252
868,869,425,426,378,254,767
226,290,361,234,82,726,956
67,261,262,268,44,142,126
585,459,80,247,445,446
585,80,247,445,446
608,1029,1030,977,18,987,125
320,321,322,326,327,877,319
321,322,325,326,327,319
879,753,723,949,761,350,351
425,499,214,215,185,186,253
423,455,456,184,185,253,254
289,450,291,519,333,437,1081
225,228,102,488,233,495
772,773,774,375,217,218
772,773,774,375,217,218
3,229,38,230,14,274,94
292,711,368,151,602,603,604,478
934,968,268,365,238,973,176,408
705,706,707,708,337,380,703
446,585,459,80,247,414,415
352,748,749,751,373,374,284
328,173,49,1042,566,312,443,60
583,328,173,49,312,443,60
868,869,453,425,426,214,215,378
453,426,214,378,251,316,317
320,321,322,326,327,319
1089,452,268,180,181,408,987
322,325,326,327,521,876,877,319
515,516,140,301,335,626,635,639
414,585,459,80,247,446,415
832,33,32,564,598,599,925,350
414,631,459,80,247,445,446,415
261,262,142,117,378,317,126
868,869,871,872,425,873,426,378
300,301,140,757,635,638,639
753,723,982,313,764,350,351
196,420,135,829,206,208,53,985,221
519,265,28,113,121,27,220,670
265,113,435,121,220,670
258,357,583,173,336,948,566
43,718,851,469,822,182,216,183,534
198,491,492,1044,1047
390,143,111,466,242,276,116,467
192,258,613,200,364,373,374,1053
108,340,344,345,347,348,349
108,178,340,344,345,347,348,349
108,109,178,340,344,345,346,347
108,109,178,340,344,347,348,349
108,109,178,340,344,345,347
453,423,424,425,917,377,252
868,869,453,425,426,378,254
418,1058,964,963,363,88,89,255
162,535,938,459,727,399,247,537,445
867,739,741,750,848,594,595
1038,910,911,305,401,339,1048,61
897,805,743,520,744,691,182,183,694,279
711,880,629,758,471,153,154,379,381,574
140,301,756,635,638,639
301,302,141,635,638,639
897,182,279,280,183,700
96,359,7,114,306,987,94,735
33,612,556,557,558,561,498,531,532,533
496,113,401,435,121,220
227,315,178,724,277,347,606,607
385,323,650,594,595,949,118,887,761
706,708,37,429,496,49,441,380,703
4,13,341,26,91,93
340,344,345,346,347,348,349
800,801,170,394,108,109,812,348,349
1088,387,708,37,995,1001,266,490,431
963,964,232,366,86,87,88,89
641,139,177,147,756,757,179,632,57
865,389,1034,751,1074,149,862,191
480,1,8,489,171,172,110,24
453,423,424,917,376,377
453,423,424,425,917,377
964,453,422,423,424,917,377
453,423,424,917,377
772,773,774,327,375,218
868,869,453,873,426,425,378
868,869,453,422,425,426,378,254
556,557,498,531,532,533,55,600
453,423,917,377,1084,318
129,427,972,398,370
385,386,389,118,189,190
385,386,389,118,119,189,190
340,344,345,346,347,349
226,167,361,234,362,570,956
832,548,912,753,401,598,599,570,925,350
1066,1067,1037,474,1052,990
388,486,487,503,504
867,739,741,740,750,848,754
416,417,1025,903,904,1064,796,797
416,417,1025,903,904,1064,54,796,797
416,417,903,904,1064,722,888
257,39,40,569,240,306,405,729
96,712,682,400,402,95
673,902,711,684,722,886,854,888,476
866,709,969,396,941,496,628,27,30
828,711,47,48,854,476,124,478,479
608,3,1052,14,404,1013,1014,156,125
910,911,528,305,401,339,1048,61
642,267,887,886,567,153,154,155
832,564,598,599,925,350
995,1003,1004,1005,431,1009,1010
420,135,845,206,984,985,314,860
515,301,302,635,638,639
34,35,516,177,50,756,757,632,633,57
385,386,389,237,242,118,119,189,190
385,386,389,118,119,189,190
385,389,118,119,189,190
140,147,756,757,179,632,57,638,639
140,301,177,147,756,757,179,635,639
1036,398,914,949,758,760,761,570
514,392,393,301,146,635,639
897,182,279,280,183,700
672,929,103,329,332,435,1081,220
865,322,36,327,40,1038,406,344,444,605
1088,353,166,1038,334,919,981,407,701
736,960,992,968,365,654,408,410
736,994,418,1058,419,1017,1018
448,356,1036,396,909,882,436,693,885,983
480,11,172,813,110,17,81,439
994,419,418,874,661,662,1017,1018
356,806,106,107,203,436,501,469
576,579,403,438,23,441,282,94
934,551,968,365,408,409
200,1001,1003,1035,434,1074,404,1046,855
932,459,247,444,445,446,415
193,106,203,107,205,433,145,436
160,257,293,79,306,569,63,159
106,203,107,205,433,145,286
384,482,242,467,116,276,468,190
776,845,281,314,860,861
776,845,281,314,860,861
986,1091,1001,458,527,432,853,826
163,165,166,296,169,204,334,625
160,46,307,308,52,158,159
609,355,260,358,497,246
673,742,711,477,478,959
384,256,389,620,241,465,466,242,467
934,551,968,365,238,408,409
294,328,173,948,312,443
480,485,489,11,973,110,974,273,17
225,228,102,488,233
256,465,466,467,242,241
256,465,242,467,466,468,118,190
256,389,464,465,242,467,241
609,582,966,967,905,846,1017,475,732
833,289,449,519,332,333,1054
929,648,584,174,175,606,607
67,452,268,180,181,408
613,331,78,593,311,665,381
108,109,1079,344,345,346,347
1028,331,78,338,311,830,927
7,712,359,367,400,114,735,95
832,549,531,532,533,598,923,925
1024,929,33,803,804,648,265,1038,1042
33,454,266,397,15,496,49,274,286
384,482,464,465,241,467,466
417,1057,1033,1034,1074,567,571,796
1027,483,516,299,311,250,381
576,674,579,403,438,23,441,282
453,454,455,456,424,377
454,455,456,424,377,219
453,454,455,456,424,425,377
453,454,455,456,424,425,377
739,613,7,364,848,568,1053
514,392,137,393,146,639
261,262,552,268,142,314,126
97,98,965,810,366,304,88,89
906,434,950,759,440,473,154,381
867,739,741,740,750,848,755
576,802,579,244,22,188,383
869,453,425,426,499,378,219,252
288,450,5,518,333,220,1054
420,135,206,111,116,985,829
160,42,90,411,412,157,158,159
515,301,757,635,638,639
384,482,620,464,465,242,467,276
96,678,682,367,400
38,230,104,231,1066,202,1014,413
996,552,113,339,628,1015,121,670
996,552,977,113,628,1015,121,670
388,486,487,430,503,504
171,13,110,273,439,24,25
683,717,462,591,560,759,1051
96,928,678,682,526,244,95
484,645,487,1066,1003,1009,504,474
388,645,486,487,1066,1003,369,1009,504
928,1089,1090,452,551,180,181
1034,1035,951,1074,950,855
352,193,740,741,749,750,755,148
384,482,389,241,242,467,116,276,466
164,165,169,204,622,334,303,1082
36,165,166,167,295,334,303,1082
36,165,134,166,295,334,275
324,457,204,303,624,209,625,275,944
167,457,303,209,275,539
167,457,395,303,275
352,193,205,751,148,149,598,351
384,256,482,749,241,466,242,467,468
389,741,750,751,149,862,191
384,482,464,465,241,467,242,190
447,42,729,90,411,92,412,287
460,301,302,141,635,638,639
513,753,723,924,925,350,351
864,226,360,361,234,502,956
1088,706,708,68,69,51,312,31
160,688,307,308,90,158,159
99,963,101,939,271,272,84,88,89
99,963,101,271,83,84,88,89
99,963,101,84,87,88,89
2,4,13,341,26,91,93
739,740,741,749,750,755
739,740,741,749,750,755
416,740,741,749,750,755
576,577,674,579,580,581,554,528
576,929,674,579,580,581,554
322,227,228,233,493,178,277,347
576,929,674,577,580,579,581,554
576,929,674,579,580,581,554
573,937,844,846,630,732,605,926
574,937,910,846,793,732,573,926
907,908,909,1071,1078,1022
160,614,92,411,412,157,447
907,908,1071,1078,1048,1022
867,739,848,16,754,1013,472
576,929,978,979,505,506,508
576,992,648,654,528,980,507,511
576,992,648,654,528,980,598,507,511
929,648,528,978,979,505,506,508
449,450,289,833,519,437,1054
992,929,510,980,509,606,511
929,511,980,1016,509,510,607
929,528,980,1015,509,510,511
929,528,401,978,979,505,506,508
384,482,464,241,465,242,276
512,649,553,1041,1043,575
322,326,327,876,319
1,8,489,11,171,110,17,115
416,673,711,684,722,886,888
576,929,577,579,580,578,581,926
154,368,471,602,603,604,478
929,674,577,578,388,648,528,503
742,368,471,602,603,604,478
154,368,471,602,603,604,478
929,674,578,580,577,388,648,528
576,577,674,579,580,581,528
673,389,742,711,684,886,189,699,989
673,1061,389,711,742,684,189,699,989
673,742,711,717,886,568,478,959
1089,545,676,5,677,103,1066,402,503
167,776,233,303,277,1045,278,347
574,844,653,846,630,631,793,732,926
844,846,880,732,605,926,607
449,450,291,289,519,437
574,844,846,880,792,732,926
844,846,880,792,793,732,926
574,844,846,880,791,793,732,926
844,846,630,793,732,605,926,607
574,846,792,793,732,926
609,355,966,935,936,937,661,662,535
934,551,968,365,238,408,409
960,544,994,542,653,654,926,543
544,960,994,619,653,654,991,542,543
494,847,178,344,345,347,223
993,994,961,1000,937,653,654,541
748,306,403,373,374,438,441,284,735
736,418,874,661,662,1017,1018
193,930,296,204,685,209,405,343
1025,33,867,239,529,530,598,599
577,802,929,578,427,529,530,370
446,574,846,627,629,631,732,926
843,683,556,557,878,558,561,563
1057,239,207,881,913,949,572
683,556,557,878,558,561
843,683,556,557,878,558,561,563
843,556,557,878,559,558,562
683,556,557,878,558,561
512,675,553,589,1041,1043,575
843,683,556,557,878,558,561,563
843,556,557,878,559,558,562
683,556,557,878,558,561
193,930,296,685,209,275,343
610,611,834,680,683,556,557,687
611,612,836,683,556,557,667
192,550,879,591,593,664,665,925
548,550,590,591,592,600,923
192,550,298,593,664,665,925
546,548,550,753,665,924,925
546,547,548,549,550,599,925
546,547,548,549,550,925
546,547,548,549,550,925
548,549,591,592,600,923,925
324,167,296,204,404,405,828
1004,1005,1008,434,1074,404,1010,374,828
936,937,938,619,535,536,538
936,937,938,535,536,538
936,937,938,535,536,537,538
935,936,937,938,727,535,537
940,941,590,591,592,600,923
512,553,589,687,1043,667,575
546,547,548,549,550,924,925
256,389,466,242,468,276,149,467,568
865,738,741,806,750,1074,855
866,709,879,753,949,762,763
866,762,709,879,753,723,982,570,763
866,709,879,595,982,762,763
866,709,879,753,595,723,982,762,763
866,709,879,753,595,723,982,762,763
641,515,516,140,626,632,639
515,516,140,301,626,635,639
140,301,757,635,638,639
548,201,401,305,339,1048
642,867,200,204,620,622,373
193,1027,483,299,140,236,311,381
644,933,588,910,911,1018,606
548,955,550,941,590,592,600,601,923
737,650,716,652,753,723,725,924
865,738,741,806,1034,1069,750,1074
1036,716,717,913,914,758,759
650,759,716,717,594,595,887
716,717,914,594,595,758,759
716,717,914,594,595,758,759
192,513,548,879,593,664,665,763,925
192,879,753,594,595,723,593,596
322,326,327,875,876,319
192,879,753,594,595,593,725,597
868,869,872,873,425,212
832,737,596,597,598,599,925,350
832,737,759,596,598,599,925,350
481,106,243,502,122,123
160,614,42,92,411,412,157
737,759,596,597,598,599,23
737,546,759,596,597,598,599,23
484,489,171,110,273,115,19,1013,342
843,556,557,683,558,878,561
512,675,553,589,1043,575
1036,692,949,760,761,863
1036,753,723,949,982,313,764,351
1036,912,753,723,949,313,351
832,1036,753,723,949,982,62,313,764,350
832,1036,753,723,62,925,350,351
675,647,686,657,728,697,666,667
675,680,649,657,916,728,697,667,731
675,647,680,686,657,915,728,697,666
646,680,714,690,658,915,728,667
675,680,649,657,690,658,916,728,731
897,700,743,520,447,182,183,279,287
646,680,714,657,658,915,697,667
196,710,201,879,208,53,380,62
966,582,586,844,588,880,497,791,792,573
580,134,615,616,585,80,247
992,961,994,960,1000,653,654,926,606
992,993,994,960,1000,653,654,606
1060,1061,837,1063,809,942,886,730,989
680,686,693,694,695,697,667
834,675,610,680,663,657,695,697,667
675,647,680,1083,719,663,697,667
680,746,651,878,558,690,660,668
744,746,651,690,660,920,668
680,746,651,556,660,920,668
608,451,263,264,29,30,735
131,617,618,45,205,433
545,229,230,231,997,413
545,229,230,231,997,413
545,229,230,231,997,413
650,716,914,692,949,887,761,734
675,805,680,744,561,690,691,660
675,805,744,1034,690,691,884,660
134,615,585,80,247,445,446
515,516,140,626,632,635,639
584,619,1012,606,607
609,584,619,1012,606,607
833,289,449,291,333,1054
929,388,648,528,598,599,607
545,676,677,229,230,235,814,815,413
906,434,471,440,154,379,604,30
899,836,612,841,667,894,895
899,836,1065,557,560,563,1020,894,895
870,776,1084,984,281,314,860,1085,222
320,321,325,326,521,522,524,144,319
326,521,523,524,525,144,319
322,326,327,521,523,524,525,144,319
1057,1036,239,207,881,913,572
675,680,686,693,694,695,696
675,680,746,651,560,563,660,920,698,668
902,711,721,722,54,887,888,989
675,680,686,693,694,695,696
616,585,330,80,247,445,446
79,240,659,182,183,729,279,63
140,301,756,635,638,639
140,301,756,635,638,639
388,486,487,430,503,504
675,647,680,719,657,697,1083,667
675,680,719,657,690,697,667,668
1036,717,914,949,760,761,863
675,836,657,693,663,697,667
832,737,548,549,652,564,925,350
677,527,815,817,824,825,826
582,586,587,844,588,846,880,791,574
416,292,1069,368,914,468,565,568,154
1036,914,949,760,761,863
864,323,292,472,471,568,473,602
864,323,292,472,471,568,473,602
292,742,472,471,568,473,602
868,869,872,873,378,318
742,684,717,1069,565,759,568
864,568,1036,692,759,760,761,797
742,1069,565,471,568,473,26,478
1024,324,167,457,1038,303,275,343,92
321,326,521,523,524,525,144,319
675,657,693,663,697,667,731
650,717,914,692,886,699,734
704,705,706,707,708,37,429,702,703
900,840,1021,882,1076,885,1077,891,893
331,364,1070,78,368,311,379,380,381
705,706,707,708,37,429,380,702,703
704,705,706,707,708,429,701,702,703
226,360,234,272,726,956
140,301,635,638,639
140,301,756,635,638,639
902,684,722,54,888,730,989
1033,1034,1035,951,1074,404,855
865,1033,1034,1035,1074,404,855
1091,1029,998,1032,1001,458,330,1033,432
675,646,714,658,915,728,697,667
675,647,686,728,915,920,697,666,667
898,901,838,842,884
898,901,838,842,884
898,901,838,842,884
683,556,557,558,878,561
388,486,487,503,504
643,741,837,1063,809,886,54,154,989
641,515,140,301,626,635,638,639
672,265,621,113,121,220,669,670,671
672,265,621,121,220,669,671
672,621,435,121,220,669,670,671
672,265,621,435,121,220,669,670
672,621,435,121,220,669,670,671
97,99,939,271,272,86,88,89,255
140,301,756,635,638,639
640,641,300,301,635,636,637,638,639
675,649,657,915,916,728,697,667,731
99,100,101,232,366,84
416,352,741,748,749,750,751,755,148,887
582,586,587,588,846,926
676,677,814,815,817,820
676,677,814,816,817,820
934,968,973,974,909,401,121,570,1022
782,783,784,785,786
839,1021,693,885,983,600,890,892,893
834,610,680,941,660,885,600,891,1021
772,773,774,375,218,765,766
839,1021,882,1076,885,890,892,893
930,296,685,720,625,946,947,343
930,296,685,720,625,946,947,343
834,840,553,1021,882,885,891,893
930,296,685,720,625,946,343
900,839,1021,1076,885,890,892,893
899,900,649,893,1077,1021
899,900,649,1021,885,1077,893
574,937,938,846,880,792,732,926
1060,1061,837,942,886,54,730,989
574,586,846,880,792,793,732,926
674,131,70,617,618,45,1081
782,783,784,785,786
782,783,784,785,786
782,783,784,785,786
782,783,784,785,786
772,773,774,375,218,765,766
673,902,684,721,722,54,888,730,863
675,805,744,657,690,691,920,697,667
770,772,773,774,375,218,767
770,772,773,774,375,218,767
768,769,772,773,774,375,218
769,770,772,773,774,375,218
555,331,78,179,372,57,382
865,194,741,1034,1074,981
772,773,774,422,425,375,217
772,773,774,422,375,218
772,773,774,375,344,345,218
576,1056,579,580,605,520,528,627,733
865,741,489,1034,981,862
896,899,836,841,1065,891,894,895
1060,809,759,849,914,886,758,568,989
834,840,1021,882,885,983,891,893
649,746,651,683,660,920,668
782,783,784,785,786,787,788,789
782,783,784,785,786,787,788,789
716,656,914,692,758,759,699,734
322,327,785,786,787,788,789
650,716,914,692,949,758,760,761
800,801,108,109,780,347,348,349,798,799
800,801,108,109,780,347,348,349,798,799
800,801,108,109,780,344,345,347,798,799
800,801,108,109,780,347,349,798,799
800,801,108,109,780,347,348,349,798,799
899,675,900,836,649,1065,894,895
800,801,108,109,780,345,347,798,799
896,899,836,1065,894,895
832,737,652,564,599,925,350
610,834,680,553,687,591,592,660,923
292,749,751,149,150,471,151,154
257,743,569,79,306,659,729,63
160,287,447,42,52,90,92,159
322,326,327,521,876,877,144,319
775,776,425,777,778,779,918,984,378
775,776,777,778,779,918,984,378,860
773,775,776,425,777,779,984,378
650,717,887,863,567,761,699,831
870,775,776,779,984,281,314,1085
775,776,777,778,779,984,378,860
900,612,1076,1077,885,983,1021
900,839,1021,1077,885,889,890,892,893
835,1060,1036,684,753,914,723,913,758
166,622,943,624,625,944,1082
900,839,1021,1076,885,889,890,892,893
900,839,1021,1076,885,1077,889,890,892,893
771,772,773,774,375,344,217
930,36,166,679,295,296,685,334,343
899,675,900,649,1065,1041,894,895
683,556,557,747,878,752,558,561
683,556,557,747,751,752,149,150
935,936,937,584,938,627,727,537
929,388,648,528,598,599,607
301,626,756,635,638,639
163,324,167,296,204,404,405,828
896,899,351,841,1065,313,894,895
898,901,838,842,560,884
898,901,838,842,884
832,652,564,598,599,925,350
843,556,557,683,559,560,562
514,392,393,137,301,146,639
611,612,675,841,683,556,557,697
160,287,447,42,307,90,92,159
832,879,912,564,596,597,351
490,718,1074,851,469,501,534
832,590,591,687,531,533,922,923
608,68,69,70,484,267,718,51
331,78,958,311,830,927
641,515,301,626,635,638,639
198,491,492,1044,1047
167,457,395,303,209,275,539
675,805,744,1070,657,690,691,697
160,614,42,92,411,412,447
166,169,622,334,624,625,947,1082
166,169,204,622,334,624,625,946,1082
650,568,1036,863,887,54,761,796,831
416,417,903,904,1064,797
995,613,807,808,431,1011
995,613,807,808,431,1016
650,656,914,692,758,699,734
1072,1073,918,344,281,314,1085,222
301,626,883,756,757,638,639
98,99,963,6,232,86,87,88,89
992,67,105,655,661,662,249
480,489,11,172,813,110,81,439
352,748,749,751,373,374,284
290,226,361,234,170,394,1041,726
290,226,776,361,234,170,394,726
934,551,968,810,653,973,304,409,540
672,265,621,113,435,121,671
483,1027,78,830,311,958,927
3,390,143,241,403,116,94
936,937,619,653,627,1018,605,607
517,460,301,461,335,1075,635,638,639
936,937,619,653,846,627,1018,605
864,292,1069,565,471,568,473,602
673,902,711,684,722,54,888
130,459,653,654,790,247,442,445,446
677,814,815,817,818,819,820,821
814,817,818,820,821,823,825
64,66,259,236,152,60,127
64,66,259,236,152,60,127
64,66,583,173,152,60,127
162,132,421,134,585,399,790,470
67,419,105,654,655,497,661,662
64,66,259,236,60,127
832,547,549,753,598,599,925,350
647,680,686,693,694,920,667,668
680,686,696,690,691,660,694,695,920
162,130,421,134,399,470,1049,442
162,130,421,399,790,470,1049
130,421,653,399,470,790,1049,442
64,583,173,127,336,88,60,152,511
867,739,741,715,718,848,851,469,534
107,203,718,373,374,23,284,221
416,417,673,903,904,1064
416,673,417,903,904,1064,684
1028,331,1070,403,311,380,381,830,927
68,708,37,715,429,630,1051,380,926,703
704,708,68,37,429,271,818,380,414,703
705,706,708,37,715,429,380,703
705,706,708,37,715,429,380,703
929,803,804,328,528,401,566,1055
929,803,804,328,528,401,566,1055
705,708,37,70,267,429,702,703
704,706,387,708,37,68,70,981,702,703
715,718,850,403,851,373,374,469,958
802,195,15,22,30,122,123,286,383
741,490,750,755,501,469,855,534
609,582,966,967,905,937,475,926
516,392,202,110,81,19,342
5,486,487,430,503
1001,364,1004,855,849,434,950,951,154
746,651,690,691,660,920,698,668
833,289,519,332,333,1054
546,548,550,591,592,593,924
580,103,648,616,585,49,598,23
1091,998,458,718,850,851,827
480,171,172,813,110,81
490,1035,855,1074,950,951
1034,1003,1035,855,1009,1074,951,1015
833,289,450,519,333,1054
814,817,819,820,821,823
814,527,817,820,821,823,824
676,816,817,818,820,821,823
736,418,874,661,662,1018
814,817,819,820,821,823
817,818,819,820,821,823,826
817,818,820,821,823
677,815,816,817,825,826
815,816,819,822,825,826
675,646,999,714,658,915,916,697,667
815,816,821,825,826
675,680,649,970,660,916,728,697,731
815,816,823,825,826
676,815,816,820,825,826
815,816,825,826,827
651,971,728,915,660,916,920,697,667,668
388,486,487,430,369,503
673,1060,1061,837,942,886,730,989
673,1060,837,1061,942,886,989
936,584,619,1012,606,607
1026,843,556,557,683,558,878
416,417,1025,903,904,1064,54,571,797
1029,1030,1032,977,857,858,987,990,1087
859,1029,1032,977,857,858,987,1087
673,1025,684,462,722,854,888,1051,476
388,486,487,430,503,504
388,486,487,430,503,504
609,935,936,937,938,727,535,537
936,937,938,727,535,536,537,926
1001,1002,1003,458,1034,432,1009,855,1016
935,936,937,938,535,536,537
1030,1031,1032,977,857,858,859,990,1087
817,818,820,821,823,824,794,795
827,815,816,825,794,795,826
608,1030,987,1080,859,125,990
1060,1061,837,942,886,730,989
609,935,936,937,938,727,535
673,1060,1061,837,886,989
993,931,260,967,1000,937,112,246
675,646,680,714,915,728,697,667,988
416,739,740,1062,903,713,848,887,154,863
900,839,1021,1076,1077,885,890,892,893
1091,421,998,330,718,399,850,851
900,1021,1076,885,1077,893
258,933,619,910,911,336,606
933,619,910,911,605,606,607
1091,998,432,850,851,853,822,921
418,582,967,586,587,588,926
257,41,43,46,688,689,182,183,120
929,932,648,269,1038,528,1081
929,528,978,979,505,506,508
929,528,978,979,505,506,508
934,968,973,974,85,408,540
867,622,718,848,851,501,534,469
1060,1061,837,711,1063,809,942,730,989
292,773,742,297,906,434,602,471,154
548,955,550,590,591,600,923
204,622,943,944,625,946,945,1082
166,204,622,943,944,625,946,1082
166,204,622,944,625,946,1082
899,675,841,1065,657,698,1020,894,895
622,943,944,625,946,624,1082
574,846,880,629,793,732,926
960,992,542,1000,606,653,654,926,543
960,936,584,653,654,541,542,991
960,961,992,936,937,653,654,541
644,932,933,936,910,911,627,606
609,355,966,967,936,937,475
609,993,966,967,937,905,535,475
169,622,943,944,625,946,624,1082
547,548,955,549,590,593,600,922,923
934,551,973,974,408,409
129,427,972,398,370
1004,1005,1006,1007,1010,1015
1001,1002,1003,1004,1005,1009,1010,1015,1016
1001,1002,1003,1004,1005,1009,1010,1015,1016
1004,1005,1006,1007,1010
1004,1005,1006,1007,1008,1010
1004,1005,1006,1007,1010
1004,1005,1006,1007,1008,1010
1004,1005,1006,1008,1010,1015
1004,1005,1006,1007,1008,1010
1004,1005,1006,1007,1010
1001,1003,1004,1005,1009,1010,1015
1001,1003,1004,1005,1009,1010,1015
995,1004,1005,1006,431,1010,1015
673,742,711,684,722,886,888,959
1036,882,885,761,983,760,889,1051,1021
934,551,968,974,85,409,540
934,551,973,974,408,409
891,923,840,940,941,600,955
1029,1030,1031,1032,977,987,990,1087
1029,1030,1031,1032,977,987,990,1087
1029,1030,1031,1032,977,987,1087
1029,1030,1031,1032,977,1087
1029,1030,1031,1032,977,987,1087
1029,1030,1031,1032,977,1087
1029,1030,1031,1032,977,987,990,1087
612,681,298,683,563,1076,1077,600,953,1019
929,674,388,648,528,401,503
583,328,648,173,1042,948,566,312
292,1069,751,148,149,150,151,154
736,418,874,662,1017,1018,732
418,419,874,661,662,1017,1018
1036,914,949,758,760,761,1051,863
1028,331,78,1070,338,372,311,927
923,940,600,953,954,955
923,900,940,590,600,954,955,893,575
960,992,994,961,936,937,1000,653,654,991
960,993,994,936,1000,653,654,541
992,993,994,936,1000,653,654
992,993,960,994,1000,653
745,428,500,856,187
745,428,500,856,187
745,428,500,856,187
745,428,500,856,187
1091,166,998,330,815,399,309,248
1057,1036,913,881,723,949,758,761
745,428,500,856,187
331,78,958,311,830,927
2,4,13,26,91,93
1028,331,78,1070,338,311,830,927
99,963,101,100,968,366,84,88
99,964,101,100,968,939,84
99,100,101,965,939,87
99,100,101,232,939,89,1050,255
934,551,365,974,973,408,409
160,71,688,307,59,158,159
1004,1068,1005,1007,1006,1010
1056,1057,835,650,1036,881,913,758,572
359,7,748,114,499,404,216,735
198,491,492,1044,1047
96,678,682,367,400
807,808,1002,595,725,1015,1016,957
96,678,682,367,400
96,678,682,367,400,402
1029,1030,1032,969,975,976,977,1080,990
1029,1030,1032,969,975,976,977,1080,990
1029,1030,1031,969,975,976,1080,990
96,678,712,682,526,400,402
162,421,459,399,470,1049
1057,239,207,881,913,949,572
1067,1037,474,987,1052,990
1067,1037,474,858,987,1052,990
1067,1037,474,987,1052,858
610,834,923,941,590,600,601,955
512,1057,553,1036,1039,1040,1043,572,575
1000,606,619,1012,605,926,607
675,680,649,690,915,916,728,697,731
992,993,994,960,961,1000,653,654
907,844,908,1071,880,791,792,28,1022
907,844,908,1071,880,791,28,1022
512,553,589,1041,1043,916,728,575
940,941,590,591,600,601,923
940,590,591,600,953,954,955,889
355,260,67,105,655,497,249
932,933,644,936,937,911,606
955,1019,681,298,590,591,14,600,922,923
512,1057,1036,1039,1040,758,572
993,994,935,1000,653,654,793,991,543
645,1004,1068,1008,1010,404,1013,374
641,515,140,301,626,1075,632,635,638,639
584,937,619,627,1012,605,606,607
993,418,1058,1000,874,661,1017,1018
67,260,105,655,497,661,249
2,4,13,26,91,93
496,113,435,121,220,669
613,490,364,951,950,855,1053
1091,166,998,399,851,853,309,248
453,423,424,426,917,377
1091,132,421,998,718,850,851,415
583,328,366,566,312,60,509,510,511
929,134,585,395,173,1042,948,566,312,250
517,140,301,635,638,639
928,96,802,244,22,122,95
576,928,802,579,580,15,188,383
736,1059,874,236,661,662,250
289,329,332,333,401,1081,27
1029,1032,969,975,976,977,1080,987,990
512,553,589,1043,575
485,489,813,110,115,439
480,485,489,813,110,115,439
480,489,172,813,110,439
480,485,489,11,110,17,115,439
480,489,813,110,273,115,371,439
802,484,489,172,813,110,175,115,383
772,774,845,1072,1073,212,375,314,222
0,1,4,8,9,10,26
0,1,9,10,172,93
0,1,8,9,10,341,26
0,1,8,9,10,26
869,871,360,873,362,425,212,919,378
833,289,450,519,333,1054
449,450,519,333,437,1054
631,844,880,497,791,792,793,732,573,574
1091,997,998,432,850,851,853,921
480,481,489,813,110,463,115,439
907,908,1071,1078,118,1022
929,803,804,328,528,566,1055
650,717,849,914,692,758,699,734
673,1060,1036,684,879,949,758,761
98,99,963,934,939,88,89,1050
425,499,214,215,186,318
288,449,450,289,833,518,437,1023
68,69,70,422,39,743,429,852,380
1088,68,69,70,229,267,429,852,413
675,646,680,714,658,915,916,728,697
96,526,367,400,402,95
962,802,1067,1037,474,1052
160,297,75,307,59,158,159
294,583,173,404,312,60,735
928,96,244,22,122,95
289,833,965,329,332,333,87,220
709,298,879,753,594,595,723,725
865,741,1033,1034,951,1074,855
258,357,294,173,336,245,537,60
37,458,267,715,718,850,851,855,703
1029,1030,1031,1032,977,987,990,1087
160,71,46,307,308,52,59,159
229,38,230,104,14,1014,413
1091,997,229,230,399,432,1010,1015,413
447,42,182,183,90,700,157,287
736,993,418,1000,874,661,662,1017,1018
576,929,580,648,528,978,980,506,508,1086
1091,998,1068,1004,1005,1006,432,1007,1010,444
494,847,344,345,348,349,223
3,12,14,274,374,441,156,94
996,299,140,301,204,335,724,637,639
416,417,738,806,903,904,1064,796,797
1089,1090,452,1001,1068,180,181,508
1089,1090,452,1001,49,180,181,508
288,450,5,518,519,1011,503,1016
802,580,1038,15,22,188,383
65,103,912,49,594,595,597,763
33,553,556,623,529,433,530,600
615,330,593,594,595,309,444,415
166,943,944,625,946,947,945,1082
160,257,293,743,79,569,729,63,159
96,391,682,526,400,95
897,898,901,743,842,884,182,183,279
928,802,555,338,402,852,22,56,382
122,711,391,368,243,886,22,150,154
480,11,171,110,17,273,439,24
