196,710,208,53,150,444
567,267,43,47,150,151,153,154,124
33,902,396,205,496,721,722,888,669,862
194,195,197,201,62
267,283,434,150,567,440,153,154,379
389,1062,713,797,715,796,189,862,191
225,743,488,852,213,278,215,1045
161,488,233,46,688,308,213,1045,310
37,70,267,715,429,368,380,381
140,177,179,756,147,757
139,140,177,147,179,57
140,177,179,756,147,757,57
194,643,195,197,201,58,925,62
194,643,197,201,58,62
299,300,301,429,44,177,147,852,56,57
515,299,300,301,44,177,147,56,57,638
423,494,847,178,211,1079,223
776,845,316,215,281,860,861,222
227,6,268,493,494,847,176,211,278
39,40,47,48,79,306,569,124
39,40,47,48,79,306,569,124
196,710,1062,504,713,208,211,117,376,797
194,195,197,201,982,764,62
198,491,492,1044,981,1047
287,42,120,90,411,92,447
34,678,682,139,238,175,1075,21
194,195,197,201,912,881,597
47,48,688,434,120,59,124
41,74,46,47,48,120,59,124
41,43,47,48,124
41,43,47,48,434,124
194,195,643,197,201,881,62
640,34,35,140,177,50,57,637
198,491,492,1044,1047
36,166,296,41,168,43,204,334,159
353,194,195,197,199,201,373,280,447
228,6,233,875,493,494,495,211
800,801,170,394,108,812,178,799
192,66,259,548,593,664,665,61,127
420,135,845,206,984,985,219,222
33,806,809,368,381,54,380,797
800,801,170,811,812,799
800,801,170,811,812,799
800,801,178,344,345,346,347,799
194,323,195,197,199,201,239,755
870,776,845,918,314,860,1085
354,872,873,1072,1073,212,317,222
257,231,79,240,689,659,63
257,230,231,79,240,659,63
225,228,102,488,233,495
131,231,41,48,498,310,55,120,94
353,354,453,917,316,317
66,236,910,911,336,245,248,61,127
968,909,304,117,1022,540,126
64,583,336,245,152,443,60,127
225,228,102,488,233,495
356,106,107,203,433,436,502
356,551,106,107,203,433,243,436,502
65,103,556,559,561,595,596,597
164,229,230,236,12,16,18,1013,127
160,71,688,59,158,159
321,36,262,521,76,77,144
72,74,46,52,59,158
580,581,972,398,496,401,564,982,23,862
71,72,74,46,52,59,158,159
71,72,74,46,52,59,158,159
354,423,424,917,316,317,318
224,225,834,707,102,488,623,495,891
776,845,1072,1073,212,860,1085,222
1059,88,236,1013,565,152,250,443,127
224,1090,73,113,49,851,438,952,828
394,811,780,178,344,346,348,349,798
321,36,262,521,76,77,877,144
870,845,918,314,860,1085,222
870,776,845,918,314,1085,222
227,36,6,493,494,847,211,281,314,1085
931,260,358,363,112,1055,511
394,811,780,178,344,346,348,349,798
414,459,846,80,446,415
385,389,747,237,749,751,149
297,74,75,46,48,52,120,59
257,964,613,306,659,468,151,729,63,191
1088,68,69,429,434,467,51,31
199,200,1033,1034,620,373,118,951,374,95
193,107,751,148,149,150,151,155
107,203,267,205,433,567,154,155,62
239,912,753,210,723,564,982,764,925
160,71,72,74,46,688,52,158
832,577,674,103,239,912,49,980,597,596
545,36,987,235,142,18,20,216,794,795
98,99,964,101,271,272,84,88,1050
97,98,939,271,272,85,86,87,1050,255
98,968,939,271,272,83,85,255
97,99,101,939,271,272,86,88,255
98,101,968,939,271,272,83,88,255
99,965,939,271,272,84,85,87,88
963,100,964,272,84,87,88,89
165,38,229,230,749,373,1014,284,413
193,323,1061,107,749,751,624,148,149
545,36,231,235,18,947,20,987,860
2,4,13,341,26,93
163,420,390,135,206,116,985,829
482,772,324,167,395,209,539,828,159
36,324,520,168,169,395,204,215,59,159
265,496,113,435,121,220,669
931,742,711,79,623,476,477,478
2,26,4,487,332,13,1080,474,91,1087
354,453,424,917,316,317,318
96,481,107,433,243,502,122,123
99,964,101,100,272,84,88
99,101,272,84,85,88,89
609,355,260,358,966,105,655,246,249
68,69,484,718,434,51,467
225,228,488,233,493,255
43,47,434,310,311,120,124,381
72,74,46,307,52,59,159
484,171,13,342,24,25,830
321,322,326,327,521,875,524,77,144
1088,131,230,231,617,618,45,334,126
160,71,688,120,1051,158,159
268,301,365,238,176,179,635,639
128,427,972,370,115,371,342,24,25
96,514,392,137,393,299,300,146
267,331,429,555,1070,48,78,338,372,927
33,454,266,15,82,949,567,28,30
129,548,549,427,972,398,370,468,862,191
196,208,530,468,854,150,29,30,863
672,220,567,27,28,30
672,704,220,761,27,28,30
353,868,869,871,872,919,280
356,106,107,203,243,436,502
584,905,174,175,371,535,537,606
751,148,468,950,150,151,149
645,1034,202,1067,1068,19,1013,987,1052
0,1,2,8,9,10
324,710,487,486,203,145,433,436,216,30
32,226,423,424,873,360,234,877,726,956
678,935,682,365,238,408,410
832,107,155,145,123,28,30,286
353,868,869,871,872,213,278,919,215
1088,353,868,453,199,295,871,919
64,328,173,336,948,245,566,152
173,175,336,948,566,536
64,258,357,294,236,173,245,152,60
704,6,872,690,213,278,215,1045,186
34,35,140,147,179,757,724,634,637
641,515,516,391,140,301,626,635,639
515,299,300,140,461,626,724,632,637
355,260,358,971,655,246,249
224,776,268,270,176,178,406,215,281,314
196,710,1062,778,208,53,797
389,111,118,699,189,190
268,301,365,176,724,635,639
80,790,247,536,733,446,445
257,46,240,659,52,729,59,63
33,136,266,811,396,15,690,691,30
677,389,111,849,817,116,118,190,862
194,195,740,197,713,239,207,881,982
194,197,201,239,207,753,881,313,351
1057,107,239,881,210,982,313,763,764
0,2,4,13,26,93
867,741,266,237,464,241,242,755,467
389,390,111,116,118,119,829,190
248,545,235,910,911,535,536,538
160,71,73,688,158,159
32,846,496,978,1042,980,23,505,221
420,390,135,206,338,116,985,829
160,72,74,46,52,59,158,159
66,259,258,173,336,948,245,566,152,60
162,166,295,399,21,470,309,248
160,71,46,59,158,159
736,32,131,936,617,618,907,45,1071,1022
609,355,260,358,105,655,246,249
36,166,168,169,204,334,470,861
520,41,43,279,182,183,280,700
743,279,182,183,280,700,447
160,71,688,59,158,159
167,457,395,303,209,275,539
164,165,38,166,168,395,14,438,441
165,38,263,295,169,395,944,438,441,539
418,132,133,134,330,309,535,536
736,132,133,134,330,80,535,536,538
163,390,135,296,457,204,334,303,116
281,423,108,845,340,345,314,347,860,861
167,457,395,303,209,275,539
353,869,424,917,316,317,318
480,356,68,106,107,526,371,436
330,268,109,716,340,277,309,315
868,869,872,873,212,215
37,70,267,429,852,567,154
515,516,139,140,461,177,626,147,57,639
137,138,299,300,140,301,141,146,635
451,263,264,393,650,27,411,412,30
451,165,38,263,264,274,438,441,282
480,171,172,813,110,81
267,467,116,342,567,25,154,283
968,909,304,117,1022,126
96,481,383,712,526,243,502,122,123,95
963,272,83,86,87,88,89
66,259,236,31,60,61,127
960,418,132,133,134,587,619,535,511
520,41,43,279,182,183,280,700
256,464,241,466,465,242,467
167,457,395,303,275,539
387,266,490,274,313,282,94
387,266,274,441,282,94,351
771,453,873,426,425,499,219
37,773,199,295,304,117,185,219,253
64,258,259,357,294,173,245,152,60
481,68,11,17,115,243,502,25,122,123
322,326,327,40,875,876,319
320,322,326,327,876,319
322,325,326,327,876,319
322,326,327,876,319
3,38,230,14,536,413,158,159
165,199,200,748,749,620,373,374,284
484,200,1001,266,620,373,374,282,94
835,1039,1040,913,758,30,27,286
578,168,236,12,16,127,94,735
390,490,143,466,242,467,469,285
776,873,845,178,340,344,281,314,860,861
453,423,424,425,376,377,252
769,422,872,425,426,215,378,254
226,771,361,426,873,82,499,956,958
36,261,134,262,44,142,213,126
36,585,80,247,445,446
585,80,247,445,446
608,834,1030,987,18,923,125,990
321,322,326,327,877,319
321,322,325,326,327,877,319
753,210,723,761,982,313,350,351
6,871,872,873,499,214,215,185,253
1090,455,456,243,405,502,184,185,253
449,289,291,519,333,437,1081,220
225,228,102,488,233,495
772,773,774,375,217,218
772,773,774,375,217,218
3,165,38,230,14,438,413
47,368,48,602,603,124,381,478,604
934,935,968,365,973,408,540
705,707,708,37,429,337,380,797,703
162,446,295,459,399,80,470,414,415
352,165,38,748,749,751,284
259,236,49,1042,312,443,60,127
328,236,49,312,443,60,61
869,453,872,873,426,425,214,215
453,423,872,873,426,214,378
320,321,322,326,327,877,319
1090,452,180,181,408,987
322,325,326,327,521,876,877,319
515,516,140,461,335,177,626,57,639
162,446,295,459,399,80,470,414,415
832,32,650,753,564,982,313,925,350,543
414,459,880,630,631,732,446,415
261,262,906,142,117,1083,126
868,869,871,872,873,426,378
140,301,147,57,635,638,639
513,210,761,982,313,764,350
420,903,904,135,206,469,565,985,829
672,519,28,121,27,220,669
265,113,435,121,220,670
66,259,258,173,336,948,566,60,61,127
230,231,718,688,851,469,534,216,159
198,491,492,1044,1047
390,143,242,467,468,116
192,258,323,613,364,1069,403,1053
170,178,344,345,346,347,348,349
170,178,1079,344,345,348,349
170,109,178,344,345,346,347
170,109,178,1079,344,348,349
170,109,178,344,345,346,347
453,423,424,425,917,377,316
868,453,872,425,426,378,254
1058,1091,963,6,363,278,215,88,219,511
162,938,727,399,535,537,538
867,739,837,903,904,848,594,595,886,989
972,398,910,911,305,339,1048,61
805,551,520,744,14,694,536,1083,700
47,368,48,434,880,629,153,124,381,574
392,140,301,635,638,639
641,299,300,301,302,141,632,633,638,639
447,46,52,182,279,280,183,59,700,287
3,165,38,7,359,306,18,114,438,735
33,834,323,690,691,498,531,886,532,533
496,113,435,121,220,511
109,175,178,340,213,724,277,315,606
33,385,323,740,902,594,595,118,190
641,299,300,429,496,49,497,852,380
2,4,13,341,26,93
178,344,345,346,347,348,349
800,801,423,170,394,108,812,178,215
387,392,1001,266,490,300,140,431,639
963,964,86,87,88,89
139,140,177,147,179,57
865,389,1034,751,1074,468,862,191
1,8,171,172,115,342,24,25
453,423,424,917,376,316,317
453,423,424,425,917,316,317
964,453,422,423,424,917,317
453,423,424,425,917,316,317
772,773,774,776,215,344,217,218,375
868,453,872,873,426,425,378
453,422,872,425,426,215,378,254
896,33,323,1065,498,531,532,533,886,55
453,423,424,812,917,215,376,1084
129,484,427,972,398,370,94
385,386,111,118,119,189,190
385,386,118,119,189
178,344,345,346,347,349
226,167,361,234,395,82,211,956
832,548,912,401,210,664,665,350,351
202,1067,1037,474,1052,990
388,486,487,503,504,474,987
867,739,740,903,904,848,754,62,989,990
417,323,902,903,711,1064,721,54,796,797
416,323,902,903,711,1064,721,54,796,797
903,1064,904,690,722,692,886,888,123,796
257,165,39,40,14,306,373,438,569
96,712,1001,682,526,400,95
544,673,902,711,684,722,854,888,476,543
266,396,941,496,857,858,27,30,1087
160,71,711,479,75,854,476,478,159
608,1066,298,1052,593,1013,664,156,125
323,902,910,911,305,339,1048,61
642,267,1069,111,434,468,150,567,153,154
832,599,650,239,564,982,598,764,350
995,1067,1003,1004,1005,431,1009,1010,1052
420,135,776,845,206,984,985,860,222
641,515,392,140,301,633,635,638,639
641,34,35,140,177,50,147,57,634,639
385,386,389,118,119,189,190
385,386,389,118,119,189,190
385,389,118,119,189,190
140,147,756,757,179,57,635,639
140,177,147,179,756,635,639
1036,398,239,753,210,982,758,761,570,351
514,392,393,301,146,635,639
43,279,182,183,280,700
672,329,332,175,220,1081,28,1023
322,36,1028,40,41,142,406,344,345,126
1088,353,229,230,231,523,919,407,701
960,736,992,935,968,939,410,538
736,418,1058,419,874,587,1017
608,448,356,1033,396,909,436,439,25,830
480,9,172,813,110,81
736,609,418,419,874,661,662,1018
481,356,69,68,106,107,433,436
165,38,403,373,438,23,441,282
934,551,968,408,409,540
740,1001,1035,1069,855,468,404,854,1046,476
932,459,880,629,247,444,732,573,446,445
106,107,205,433,243,436,502
257,293,74,46,79,306,52,569,59
106,107,203,205,433,243,502
482,555,434,242,468,276,886,467
423,776,845,215,281,314,860,861
423,776,845,215,281,314,860,861
130,517,1001,458,432,117,278,853,986
165,166,263,204,334,625,438,441,94
160,71,72,74,46,52,308,59,158,159
609,355,260,358,655,246,249
742,711,971,150,988,477,478,959
331,620,465,242,467,466,191
934,551,968,408,409
66,259,328,173,948,312,443,60
485,489,11,110,81,273,115,17,342
225,228,102,488,233
1033,1034,465,466,242,467,241
608,465,242,467,466,468,886,118
739,740,741,464,465,242,755,467,241
609,966,967,905,586,587,588,475
289,449,833,519,332,333,220
609,584,905,174,175,535,475,606,607
1090,67,452,487,180,181,408
11,331,78,593,434,115,338,469,381
178,340,344,345,346,347
96,331,1070,434,338,311,830,927
96,7,359,367,400,114,735,95
832,737,323,549,531,532,533,730,350
1024,33,265,972,14,1038,1042,507,733
33,454,266,397,15,496,594,595,30
384,482,464,465,241,466,467
323,902,1033,1034,555,1074,403,725,571,796
1027,483,299,434,311,250,381
165,306,403,373,438,23,441,282
453,454,455,456,424,219
454,455,456,424,219
454,455,456,424,425,377
454,455,456,424,425,377
613,806,7,364,848,501,151,1053,62
514,392,137,393,146
704,261,262,231,552,142,126,702
97,98,963,965,366,304,87,88,1050
1034,906,434,338,311,440,124,381
867,739,197,740,903,904,848,755,989,62
673,802,484,391,972,722,374,22,188,383
453,327,456,425,426,499,219,252,319
288,450,995,518,333,1016,1054
420,135,206,751,143,116,985,829
74,42,46,52,411,90,59,412,157,447
641,392,140,301,626,635,638,639
482,387,650,464,849,242,467,465
96,678,682,367,400
229,230,231,104,332,172,115,1014,26
484,552,1033,1034,496,113,628,670
484,552,1033,1034,496,113,628,670
388,486,487,430,79,977,884,503
171,13,273,371,342,24,25
934,647,968,683,717,462,560,657,658,1051
96,678,682,526,400,244,440,95
484,645,487,202,1067,1003,977,1009,1052
388,645,486,1067,1003,1037,977,1009,1052
928,1090,452,551,180,181
865,1035,855,1074,468,950,951
352,740,711,749,721,722,755,148,888,989
384,237,751,241,242,467,468,149,466,862
164,165,38,204,749,334,303,306
36,165,166,295,334,303,947,213,1082,860
36,165,166,295,275,278,470
324,71,75,204,624,625,944,216,159
167,457,395,303,209,275,539
167,457,395,303,275
352,193,107,205,751,145,148,150,155
1,8,9,10,749,466,242,467,468,26
741,750,751,468,149,862,191
482,867,642,464,465,241,242
287,42,90,92,158,447
299,300,461,301,460,141,635,638,639
513,753,210,924,925,350,351
290,226,361,243,789,502,217,956
1088,68,69,328,236,51,245,60,31
160,71,307,308,59,158,159
963,964,101,271,272,88,89
963,101,968,271,272,85,88,89
963,101,968,271,272,85,87,88,89
2,26,4,13,341,1080,857,474,1087
740,741,749,750,434,755,886,150,151,124
740,741,749,750,403,755,150,886,989,95
740,741,749,750,434,755,150,151,729,124
577,579,580,581,937,554,911,627,1018,605
929,579,580,581,937,554,627,1017,1018,605
322,227,228,710,233,779,493,176,178
577,579,580,581,937,554,627,1017,1018,605
576,579,580,581,554,506,508
844,846,880,630,791,732,573,926
574,910,846,880,629,791,732,573,926
936,907,908,909,1071,1022
614,74,46,52,411,59,412,157,447
936,907,908,1071,1048,1022
739,549,236,848,754,1013,54,150
581,978,979,505,506,508
992,577,579,654,980,505,506,507,511
992,577,654,980,505,506,507,511
978,979,505,506,508
288,449,450,833,518,519,437
992,980,1015,1016,509,510,511
449,980,1016,509,510,511
449,980,1015,1016,509,510,511
581,978,979,505,506,508
384,482,330,464,465,209,467,276
512,936,553,687,1040,1039,1041,1043,575
322,326,327,876,319
0,1,8,9,11,171,17
673,711,650,684,721,722,692,886,887,568
576,577,578,579,580,581,935,554,980
368,151,602,603,124,478,604
577,578,929,388,503,935,937,980,535,538
368,151,602,603,124,478,604
47,368,151,602,603,604,478
929,578,577,388,935,648,937,980,535,538
577,674,579,580,581,937,554,605
389,742,711,849,886,118,568,699
389,742,711,849,118,886,699
742,647,711,717,690,692,568,796,959
676,677,1066,849,402,1013,474
161,227,167,488,233,303,1045,278
574,844,846,880,629,630,791,732,926
844,846,880,629,791,792,732,926,607
288,449,450,291,518,519,437
631,844,846,880,629,791,792,732,574
844,846,880,629,791,792,793,732
844,846,880,629,791,792,732,574
844,846,880,629,630,791,732,926,607
574,846,880,629,792,793,732,926
609,419,355,966,905,661,662,535
934,551,968,408,409
960,993,961,994,1000,653,654,605,542
544,993,994,961,1000,653,654,542,991
170,494,847,178,344,345,346,223
961,994,933,653,654,911,627,541
867,624,946,403,306,373,438,441,735
736,1058,418,874,661,662
193,482,930,296,685,625,465,946,343
33,323,484,867,903,239,529,722,530,374
544,577,578,579,936,112,848,529,530,1055
446,846,880,629,631,732,573,574
960,556,557,878,558,112,563,660,668,541
1057,835,1039,1040,913,207,881,572
556,557,878,558,112,561,660,21,668,541
557,878,558,112,561,563,660,920,442,668
843,557,558,559,112,562,660,920,442,668
683,556,878,558,112,561,660,920,668,541
512,936,553,686,687,1040,1041,1043,575
557,878,558,112,561,563,660,920,668,541
843,557,558,559,112,562,660,920,668,541
683,556,878,558,112,561,660,920,442,668
193,482,930,296,685,625,465,946,343
610,834,935,680,683,174,687,112,980,541
611,612,836,935,683,174,112,657,667,541
192,550,298,239,593,210,664,665
546,548,550,650,591,592,600,761,863
192,513,550,593,664,665
513,737,546,548,550,725,665,924
546,547,548,549,550,650,401,597
513,546,547,548,549,550,924,925,350
546,547,548,549,550,650,863
548,549,591,592,690,691,600,601,955
163,296,204,685,334,720,404,405,828
1004,1005,1006,1007,1010,404,828
937,938,535,536,537,538
937,938,627,535,536,537,538
935,937,938,535,536,537,538
937,938,727,535,536,537,538
1065,600,940,941,47,591,849,592,886,760
512,553,589,686,687,1043,694,696,575
546,547,548,550,401,597,924
389,466,242,468,467,568,189,190,191
865,738,806,364,1069,1074,855,600
866,709,879,210,982,762,763
866,709,210,982,762,763
866,709,210,982,762,763
866,709,753,210,982,762,763
866,709,753,210,982,762,763
641,515,516,140,301,626,633,635,639
515,516,140,626,632,633,634,635,639
140,301,177,147,635,638,639
548,972,305,401,339,1048
608,642,200,204,620,241,242,148,373
193,1027,483,236,434,311,381
609,419,644,933,874,588,910,911,662
546,548,550,650,590,592,601,761,863
737,835,650,716,239,597,725,982,313
865,738,806,1034,364,1069,1074,468
1036,717,1039,1040,913,914,692,759
796,716,717,594,595,692,854,759,476
716,717,594,595,692,854,759,758,796
716,717,594,595,692,854,759,758,796
192,548,550,298,593,664,665
192,709,879,593,594,595,596,762
322,326,327,875,876,319
192,709,593,210,594,595,597,763
868,869,872,873,212,215,186
832,737,548,650,596,597,598,599,350,543
832,737,759,596,597,598,599,543
481,243,886,502,122,123
614,72,74,42,46,52,411,59,412,157
544,737,546,548,759,596,597,599,543
737,546,759,653,596,597,598,599
484,171,273,115,19,1013,342,24,25
896,924,683,556,878,558,561,660,920,668
512,936,553,589,686,687,1040,1043,575
1036,760,692,949,759,568,761,796,863
513,652,723,725,982,313,764,350,351
832,513,753,723,725,313,763,350,351
832,513,912,753,982,62,313,764,925,350
832,513,753,723,982,62,58,925,350
647,680,937,657,693,695,728,666,667
680,937,649,657,916,693,695,728,731
675,647,680,657,915,695,728,697,666
675,646,680,714,657,658,915,695,728,697
675,680,649,657,916,695,728,697,731
700,743,520,297,447,828,287
646,680,937,714,657,658,915,693,695
196,710,907,908,909,1071,208,53,380,1022
582,967,966,586,588,497
580,134,615,616,585,80,250
992,993,961,960,1000,653,654,627,605
992,993,961,960,994,1000,653,654,627,605
1061,837,711,1063,809,721,692,568,989,863
160,71,680,937,686,693,694,695,158,159
160,834,610,71,680,937,657,663,158,159
160,675,71,937,719,731,663,1083,158,159
668,746,747,651,878,558,752,660,920,1020
668,744,746,747,752,660,920,1020
668,746,747,651,556,752,660,920,1020
194,451,263,264,15,761,29,30
131,617,618,205,45,433,155
229,230,231,997,216,794,795,413
229,230,231,997,216,794,795,413
997,230,231,229,216,794,795,413
650,692,949,887,760,761
805,744,657,561,690,691,693,953,954,955
896,805,680,744,1034,658,690,691,695,697
132,967,615,80,247,445,446
641,515,516,140,626,632,633,635,639
609,67,584,619,655,1012,246,606,607
609,67,966,584,619,655,1012,606,607
449,289,833,291,519,333,220
992,929,388,648,528,980,607
545,36,229,230,295,872,235,215,219,413
41,906,434,468,150,440,379,124,30
899,612,836,907,1071,894,536,667,158,159
1065,557,752,560,563,660,920,922,1020
870,1084,281,314,860,1085,222
320,321,326,327,521,522,877,144
320,521,875,523,524,877,525,144
521,875,523,876,524,525,144,316
1057,835,1039,207,881,913,572
680,937,686,657,693,694,695,696
746,747,752,560,563,660,920,698,1020
323,902,721,722,887,888
744,680,686,657,693,694,695,696
36,517,134,616,585,330,80,214,446
287,41,447,43,79,240,659,729,63,159
392,140,301,635,638,639
392,140,301,635,638,639
388,486,487,1031,430,977,503
675,647,680,719,657,695,697
675,680,719,657,695,697,668
1036,717,760,692,886,887,568,761,734,863
675,836,680,663,657,693,695,697,667
832,737,549,650,652,564,925,350
321,130,677,523,875,524,815,527,817,824
609,582,586,587,588,846
292,796,1069,468,565,854,568,476,190
742,1036,692,949,760,761,863
292,472,1069,721,468,854,471,568,473,476
292,796,472,715,721,854,471,568,473,476
292,902,472,721,468,854,471,568,473,476
354,868,869,872,873,212,215,318
759,717,1069,434,468,565,151,568,124
864,1036,760,692,568,796,797,734
555,1069,565,854,150,568,26,478
1024,324,517,1038,343,120,92
321,521,875,876,523,525,144
675,680,663,657,693,695,667,731
650,717,692,568,699,796,734
704,705,707,37,70,267,429,852,702
840,937,907,1039,1040,882,885,891,1021,1022
331,78,1070,368,434,381,311,380,797
705,707,708,37,70,267,429,852,702
704,705,707,37,70,267,429,852,702
226,360,234,272,316,219,956,317,319
392,140,301,635,638,639
392,140,301,635,638,639
323,902,684,721,722,888,730
865,1033,1034,855,434,1074,468,950,951
865,1033,1034,1069,855,434,1074,468,950,951
130,165,1029,1032,1001,458,1033,14,306,569
646,680,714,657,658,915,693,695,728,697
647,680,728,657,915,693,695,920,697,666
896,960,898,901,838,935,937,842,1040,884
896,960,898,901,838,935,937,842,1040,884
896,898,901,838,937,905,842,591,884,697
960,935,683,556,462,878,112,558,561,541
388,1030,1031,840,486,487,503,504
643,197,837,1063,809,722,54,888,989
641,515,140,626,632,633,634,638
672,621,113,121,220,669,670,671
672,332,621,121,220,669,670,671
672,621,121,220,669,670,671
672,621,121,220,669,670,671
672,621,121,220,669,670,671
97,939,272,83,86,88,1050,255
641,300,140,301,633,635,638,639
640,641,300,140,633,636,637,638,639
936,937,649,915,916,727,728,731,158,159
99,964,100,101,232,366,89
352,711,904,748,749,751,721,1074,148
582,586,587,588,846,991
320,130,676,677,875,815,817,820,828
130,676,677,42,240,816,817,820,90
907,908,973,909,1071,401,1022
876,782,783,784,785,786
839,72,74,46,52,983,890,59,892,1021
896,834,610,840,937,591,112,1040,891,1021
772,773,774,375,217,218,765,766
839,937,657,690,691,658,1076,890,892,1021
930,296,685,622,624,465,241,625,720,343
930,296,685,622,624,625,946,241,720,343
834,891,840,74,882,52,59,1021,158,159
930,483,296,685,624,465,241,625,720,343
896,839,937,590,591,592,1076,890,892,1021
896,899,900,935,937,590,1021,1077,1051,893
896,899,900,937,893,590,591,592,1077,1021
938,846,880,629,791,792,732,574
1061,837,809,721,886,887,54,761,989,863
574,846,880,629,791,792,793,926
614,70,617,618,45,1038,1081
782,783,784,785,786,215,376,186
782,783,784,785,786
872,782,783,784,785,786,214,215,186,956
517,782,783,784,785,786,214,215,314,956
772,773,774,375,217,218,765,766
902,684,721,722,886,888,730
805,744,657,691,693,920,953,954,955
768,769,772,773,774,215,375
770,772,773,774,767,215,375
769,770,772,773,774,776,375
769,772,773,774,776,872,873,215,767
797,555,331,78,434,50,372,951,311
865,738,194,936,1034,1074,981,729
772,773,774,422,425,215,375
772,773,422,774,776,215,218,375
772,773,774,375,344,345,218
1056,577,605,936,520,627,980,535,733
865,489,1034,751,468,981,862,191
896,899,836,841,1065,891,894
809,849,914,692,886,759,568,734
896,834,891,680,840,591,882,695,667,1021
746,651,940,683,660,920,698,668
320,321,325,876,785,786,787,788,789,215
320,321,322,326,876,782,784,787,788,789
323,656,692,759,568,699,796,797,734
320,321,322,327,876,787,788,789,319
650,716,692,949,854,761,476,796,797
800,801,170,780,812,178,799
800,801,812,780,178,799
800,801,170,780,812,178,799
800,801,170,812,780,798,799
800,801,170,812,780,798,799
899,900,836,937,1065,907,1071,894,536,1022
800,801,170,812,780,798,799
899,836,937,1065,907,1071,894,536,1022,895
832,737,650,652,564,725,730,350,863
896,610,834,590,1039,1040,591,592,687
40,41,749,47,48,751,149,150,151
257,613,1069,79,306,403,468,659,151,63
287,72,74,42,52,569,90,59,92,447
322,326,327,521,875,876,877,144
775,776,777,778,779,845,215,376,222
775,776,777,778,779,845,215,222
773,775,776,777,779,215,376,222
864,742,717,949,54,887,760,761,699
870,775,776,779,240,376,281,1085
775,776,777,778,779,845,376,222
612,907,1039,1040,1071,1076,1077,885,1021,1022
839,937,1071,1040,1039,889,890,1051,1021,1022
1057,835,1060,650,1040,881,913,758,572
166,622,943,624,625,946,465,944
839,937,907,1071,1040,1076,890,892,1021,1022
896,839,937,907,1071,889,890,1051,1021,1022
771,772,773,774,375,344,217,218
930,324,517,679,296,685,240,343
899,900,935,936,937,1065,1041,535,538,894
738,546,747,878,558,752,561,600,601,923
738,747,751,752,149,150,600,601,923
935,936,937,938,727,535,537,538
992,929,388,648,528,980,607
641,515,392,300,140,301,635,638,639
163,296,75,404,405,828,159
896,841,1065,907,908,1071,313,1022,351
896,898,901,838,935,937,842,1039,1040,884
896,898,901,838,937,842,1039,1040,884,925
832,652,239,912,564,598,764,350
843,1020,683,559,560,562,660,920,668,541
514,392,393,137,300,146
675,611,841,683,940,657,697,693,953,955
72,447,74,42,52,90,59,92,287
832,548,239,912,723,564,596,597
718,143,851,501,469,150,534,989
896,832,935,936,937,591,687,531,533,922
608,484,69,718,434,51,467,380
331,78,434,338,958,951,311,830
641,515,392,140,626,633,638,639
198,491,492,1044,1047
167,457,303,209,275,539
805,744,940,941,1070,657,691,953,954,955
614,71,447,42,52,411,59,412,287
608,642,166,169,622,334,624,625
608,166,169,204,622,334,624,625,946
864,1036,692,54,568,796,734,831
416,903,1064,809,904,368,337,22,797
995,807,808,431,1011,1016
995,807,808,1002,431,1016
835,1036,734,656,849,914,692,699,286
870,776,845,1072,1073,918,344,860,1085,222
515,392,140,301,147,883,951,311,638,639
963,964,965,6,86,87,88,1050
992,67,105,655,246,249
480,172,813,110,81
352,489,748,749,751,1074,342,284
290,361,170,394,752,1041,726
354,290,226,873,170,875,394,726,254
934,968,810,909,973,304,272,540
672,265,496,113,435,121,220
1027,78,830,945,434,311,381,958,927
3,165,38,390,749,143,241,116,438
619,653,911,627,1017,1018,605,607
641,517,299,300,140,301,635,638,639
619,653,846,911,627,1017,1018,605
292,1069,48,721,468,565,854,568,473
673,902,684,721,722,886,888
960,130,936,653,654,790,536,537,442,541
321,130,421,677,815,240,817,820,821,470
320,321,130,875,817,820,821,470,823,825
64,66,259,236,60,127
64,66,259,236,152,60,127
64,258,66,336,245,152,60,127
162,421,399,470,535,536,537,538,790
67,260,105,654,655,661,246,662
64,66,259,236,60,61,127
832,513,547,549,753,210,925,350,351
160,680,937,686,657,693,694,920,158,159
680,937,686,696,657,694,695,920,158,159
162,130,166,295,470,248,1049,442
162,130,421,295,399,470,248,1049
130,132,36,653,442,790,535,536,1049,538
64,236,127,245,152,88,60,511
867,740,715,750,718,241,755,851,469,534
203,718,401,596,597,374,23,216,221
416,417,323,902,903,904,1064,721,692,797
416,417,323,902,903,1064,904,721,692,888
520,555,331,1070,381,951,380,311
1051,715,429,496,434,379,854,476,380
704,37,429,271,721,818,380,476,414
705,706,707,37,70,715,429,380
705,706,707,37,70,715,429,380,476
803,804,328,1002,511,566,1015,1016,1055
803,804,328,1002,511,566,1015,1016,1055
704,705,37,70,267,429,852,702
704,706,387,40,429,337,434,852,981,702
364,718,690,691,850,851,469,216,1053
802,741,383,716,750,15,22,30,863
490,555,855,434,403,469,501,951,534
609,966,967,905,587,588,535,475
202,749,110,81,19,342,441,284
388,5,486,487,430,503
997,1001,1035,1004,404,950,951,856,411,412
668,746,747,651,752,660,920,698,1020
289,833,519,329,332,333
896,513,546,548,550,652,593,665,924,350
577,674,580,103,616,585,49,980,505,733
1091,998,718,849,850,851,411,412,383
480,172,813,110,81
1034,555,1035,855,434,467,1074,118,951
865,613,1034,1035,855,1074,951
289,450,519,329,332,333,1054
130,421,523,524,814,817,820,821,470,823
130,875,876,524,527,817,820,821,470,824
130,676,421,524,240,816,817,820,821,470
736,1058,418,874,661,662
130,231,523,524,817,819,820,821,470,823
523,524,817,820,821,470,823,824,826
130,36,523,524,817,818,820,821,470,823
130,677,524,815,816,817,470,825
130,421,523,524,815,816,819,470,822,825
675,646,999,680,937,714,657,915,916,697
130,875,523,524,815,816,821,470,825,826
675,680,937,649,970,657,916,728,697,731
130,677,523,815,816,470,823,824,825,826
130,676,421,524,815,240,816,820,470,825
130,523,524,815,816,470,825,826,827
937,907,971,1071,728,657,915,916,920,1022
388,486,487,430,369,503,474
1060,1061,837,368,721,722,886,989,863
1060,837,1061,942,368,721,722,886,989,863
609,935,584,619,1012,541,606,607
1026,924,683,557,878,558,660,920,698,668
1025,902,903,711,904,1064,721,54,571,797
1030,999,937,657,693,857,858,987,990
859,675,937,657,977,693,695,857,858,987
673,1025,323,902,684,722,692,854,888,476
388,5,486,487,201,430,503
643,388,5,486,487,430,503
936,937,938,727,535,536,537,538
994,937,938,627,727,536,537,538
324,997,1001,458,1034,432,855,383
994,936,937,938,535,536,538
859,1030,1031,977,858,987,990,1087
303,817,275,820,821,214,794,795
815,240,816,275,214,825,794,795
608,1030,987,205,118,155,125,990
1060,1061,837,711,650,886,887,989,863
994,935,937,938,727,535
1060,837,1061,650,886,887,761,989,863
931,260,936,937,399,112,849,158
646,937,714,907,1071,657,915,728,988,1022
323,740,739,902,1062,713,750,848,755
839,680,937,657,1076,697,890,892,1021,1022
130,998,295,875,876,718,399,850,851,470
900,680,937,657,1021,885,1077,697,893,1022
258,933,910,911,336,627,1017,1018,605
933,937,910,911,627,605,607
130,1091,297,432,850,52,853,921
609,418,582,967,586,587,588
424,43,46,79,240,689,310,120,59,447
932,269,1038,528,849,980,599,1081,733
992,937,978,979,506,535,505,538,508,543
992,937,978,979,506,535,505,538,508,543
101,934,968,973,974,85,540
931,323,936,718,241,851,501,469,534
1061,837,1063,809,368,989,381,191
292,773,40,297,906,48,434,468,150
546,548,550,650,590,591,923,924,863
642,169,204,622,943,624,625,944,945
642,166,169,204,622,943,624,625,944
642,166,169,204,622,624,625,944,1082
647,841,1065,657,690,691,658,698,1020
608,169,622,943,624,625,944,946
846,880,926,629,631,732,573,574
960,961,994,992,1000,653,654,605,991
960,961,994,653,654,541,991
960,961,994,992,653,654,541,991
932,933,937,910,911,627
609,419,355,966,582,967,588,475
609,966,967,905,588,535,475
608,642,169,943,624,625,944
547,548,549,550,447,46,52,922,59,287
101,934,551,973,974,408,409
129,427,972,398,401,370,94
1002,1003,1067,1004,1005,1006,1009,1010,1015,1052
1001,1003,1067,1004,1005,1009,977,1010,1016,1052
1001,1002,1003,1067,1004,1005,977,1009,1010,1052
1004,1005,1006,1007,1008,1010
1004,1005,1006,1007,1008,1010
1004,1005,1006,1007,1008,1010
1004,1005,1006,1007,1008,1010
1004,1005,1006,1007,1008,1010
1004,1005,1006,1007,1008,1010
1004,1005,1006,1007,1008,1010
937,1001,1003,1004,941,1009,1010,955
1001,1003,939,941,1004,1009,1010,543
995,1003,1067,1004,1006,431,1009,1010,1052
416,417,711,684,722,693,888,797,959
1036,887,759,760,761,1051,1021,863
101,934,551,968,974,85,540
934,551,973,974,408,409
160,891,71,840,940,727,600,955,158,159
994,1029,1030,1031,937,940,977,955,605,990
1029,1030,1031,1032,305,987,990
1029,1030,1031,1032,657,977,954,987
1029,1030,1031,1032,941,977,987
1029,1030,1031,1032,941,977,987
1029,1030,1031,1032,941,977,954,987
1029,1030,1031,1032,977,987,990
936,937,681,298,591,112,1076,1077,600,1019
992,929,388,648,528,980,503
66,259,583,648,173,948,566,60,61,127
834,751,468,148,950,151,149,150
736,418,1058,967,874,1017,1018
418,419,644,874,661,662,1017,1018
323,902,1036,760,721,692,568,761,1051,863
1028,267,331,429,1070,78,338,434,852,372
936,937,940,112,600,953,954,955,158,159
900,935,551,937,575,954,955,893,158,159
992,961,994,933,937,653,654,627,991
961,994,993,1000,937,653,654,911,627
992,993,961,994,1000,653,627,605
992,993,961,994,960,1000,627,605
745,940,428,187,690,691,500,856,954,955
745,428,187,690,691,500,856,953,954,955
485,745,428,187,690,691,500,856,955,382
745,428,187,690,691,500,856,954,955,382
166,330,814,399,819,309,822,248,827
1057,1036,1039,1040,881,913,758
745,428,187,690,691,500,856,954,955,382
331,78,434,147,958,951,57,311,830
1,2,4,9,10,13,91,93
331,78,1070,338,951,311,830,927
99,100,101,968,973,85,540
99,100,101,964,968,271,272,85
99,100,101,965,968,271,272,85,87
99,100,101,968,939,272,85,1050
101,934,551,973,974,408,409
160,71,688,158,159
1068,1005,1004,1007,1008,1006,1010
1056,1057,835,650,881,913,723,758,572
3,165,38,359,7,114,499,438,735
198,491,492,1044,1047
96,678,712,682,367,400
807,808,1002,1015,1016
96,678,682,367,400
96,678,391,682,526,367,400,402
937,969,941,975,976,657,693,1080,605,990
937,969,941,975,976,657,693,1080,605,990
969,975,976,1080,987,990
96,678,712,682,526,402,95
162,421,399,309,470,248,1049
1057,1039,1040,881,207,913,572
1003,1067,1037,474,1052,990
1003,1067,1037,474,1052,990
1003,1067,1037,474,1052,858
610,834,936,937,941,112,535,600,601,538
512,1057,835,553,1039,1040,913,1043,575
933,1000,937,619,911,627,1012,605,606,607
680,937,649,657,915,916,695,728,697,731
992,993,961,960,1000,653,654,605,542
907,908,1071,727,28,1022
936,907,908,1071,28,1022
512,936,553,1039,1040,1041,916,728,158,575
936,940,941,590,591,592,112,600,601
160,937,940,112,889,953,954,955,158,159
67,260,105,655,246,249
932,933,644,937,911,627,605
1019,681,298,940,14,657,953,954,955,922
512,1057,1039,1040,881,758,570
993,961,994,1000,653,654,991,542,543
645,236,1004,1068,735,1010,1013,61,127
641,515,392,300,140,626,632,638,639
961,933,584,937,619,911,627,1012,607
736,418,1058,644,874,536,1017,1018
67,260,105,655,497,246,249
2,4,10,13,341,26,93
449,450,669,496,113,1016,121,220,509
613,364,1069,855,951,189,1053
130,1091,166,295,875,399,309,470,248
453,423,424,426,917,377
1091,260,358,998,718,497,850,851,246,249
583,328,366,566,312,509,510,511
583,328,395,236,173,948,566,312,250
641,517,392,300,140,301,635,638,639
96,928,802,526,244,22,382,95
960,928,802,383,936,910,15,188,991
1088,736,1059,230,231,874,304,661,250
289,519,329,332,333,401,1081
999,969,941,975,976,1080,954,990
512,553,589,1043,600,575
485,489,813,115,342,439
485,489,171,813,115,342,439
480,489,172,813,110,81
128,485,489,11,273,17,115,342
489,171,813,273,115,371,342
387,484,489,107,172,813,401,115,925
228,772,488,233,1072,1073,212,860,222
0,1,4,8,9,26,91
0,9,10,172,13,93
0,1,8,9,10,341,26,93
0,1,8,9,26,93
71,871,617,362,425,45,307,212,919
289,449,450,519,333,220,1054
288,449,450,518,519,333,437
419,260,105,497,246,631,793,732,574
898,1091,901,504,850,851,853,376,921
448,485,489,813,110,463,115,342,439
907,908,1071,1078,118,1022
803,804,328,972,305,566,1055
656,849,692,568,699,796,734
673,323,1060,684,1036,239,692,1078,982,758
99,963,101,934,968,939,272,88
964,872,425,499,214,215,88,186
288,449,833,450,388,518,435,509,1023
37,422,39,743,267,429,852,380
1088,37,70,229,69,267,429,380,413
646,937,714,907,915,916,1022,727,728,158
96,391,300,526,400,402,95
962,709,1067,1037,1080,474,1052
160,71,297,75,59,158,159
66,259,294,583,236,173,60,735
928,96,1001,526,244,22,382,95
833,289,643,965,332,369,87,58,28
197,298,753,594,595,723,982,763,764
1033,1034,855,751,1074,118,951
64,258,357,294,236,245,152,537,60
715,718,855,850,851,853,951,1053
1030,1031,305,977,953,954,987,990
72,74,46,307,52,308,59
229,38,230,749,19,1014,284,413,94
997,229,230,1001,399,432,176,117,413
743,447,42,90,59,157,287
736,418,1058,874,661,662
581,554,978,980,505,506,508,1086
1091,870,876,1004,1005,1006,1007,1010,986,477
354,494,847,178,344,345,223
3,71,12,14,306,374,94,156,158,159
640,996,1034,140,204,50,147,724,57,636
738,796,806,1064,364,434,22,151,124,797
1089,1090,676,452,202,1068,1037,1013,508
1089,1090,452,1001,202,1067,1037,49,508
288,450,995,518,519,1011,1016
994,802,937,911,15,627,22,188,605,383
65,103,201,1039,1040,594,595,596,599
33,323,902,623,433,722,529,888,700
867,330,298,593,595,309,664,665
608,642,169,943,624,625,944,440,1082
257,293,743,72,74,46,79,52,569
96,391,682,526,367,95
897,898,901,424,520,842,240,884,376,159
928,802,555,690,403,691,402,22,382
391,364,368,434,243,22,150,122,797
171,11,17,273,115,24,25
