66,35,5,229,231,133,234,170,218
73,236,46,56,219,61,31
226,134,6,9,43,238,17,187,220
38,236,46,61,56,315,221,318,319
32,5,231,40,234,52,30,189,222
34,324,4,39,200,43,24,318,223
224,66,5,230,234,45,30,222
225,234,238,15,17,21,314
226,35,9,43,238,50,187
66,227,5,8,233,234,118,281,222
66,195,228,5,230,234,54,155
322,34,37,229,230,238,17,22,218
224,33,322,230,234,45,315,221,62
5,230,231,43,237,16,81,311
128,321,64,3,228,132,232,12,59
3,233,234,43,239,55,24
224,66,5,198,230,234,45,30,222
5,231,234,235,174,49,50,54,222
230,236,46,61,56,315,221,319
5,231,200,73,237,81,53,54
231,136,9,234,43,238,17,222
34,231,43,239,55,311,24
129,66,195,196,7,235,240,117
69,263,241,244,89,283,252,254
98,68,69,5,268,242,243
98,69,264,106,269,242,243
32,71,269,79,244,216,283,253,254
256,257,32,98,261,262,5,245,127
198,73,80,81,51,276,246,88,251
259,261,263,7,15,276,247,283,93
97,69,106,251,114,243,248,283,92
89,262,200,81,248,249,122,251
261,135,264,75,107,85,278,250,251
264,73,270,283,81,243,249,250,251
264,265,273,252,119,89,284,253
99,265,41,244,119,283,253,254
263,47,274,51,88,281,283,253,254
259,100,101,325,276,87,284,190,255
256,261,69,269,143,271,81,243,120
256,257,32,258,89,262,248,249,30
256,257,258,89,180,248,249,122
256,259,260,262,108,109,278,248,249
256,257,258,260,281,47,275,248,89
257,258,69,261,81,243,278,249,93
89,257,262,267,203,112,248,249,122
99,259,263,266,269,47,48,25,283
96,69,264,81,242,243,250,251,252
103,72,265,107,213,119,283,253
160,97,217,70,74,266,207,121,92
257,258,97,262,267,51,184,89,287
259,99,263,74,268,272,242
32,163,269,47,276,244,121,283,254
260,262,264,270,81,117,248,249,282
256,200,268,142,271,81,177,251,255
259,99,263,74,268,272,122,31
328,269,77,176,273,275,308,281,283
96,99,259,263,103,113,274,90,253
36,73,172,273,275,281,189,94
259,7,107,77,276,116,86,247,121
261,243,85,278,277,87,251,92
261,263,81,243,84,85,278,185,94
110,142,81,210,243,84,279,251,157
98,261,69,243,244,119,280,216
39,269,242,275,118,281,283,254,159
65,262,108,269,109,243,282,283,94
69,269,77,241,244,213,283,254,191
255,69,81,242,252,251,284,191
128,130,131,132,133,140,285
130,131,139,140,125,286
130,291,131,134,122,123,127,287
288,128,130,131,133,136,139,123
289,291,137,138,122,124,125,126,127
290,291,131,130,133,136,137,139,125
288,66,291,131,137,138,124,126
292,172,303,175,308,148,158
293,172,141,175,179,308,158
293,294,296,174,175,306,179,150,184
295,297,172,175,145,309,310,158
294,296,330,177,307,308,179,153,158
293,295,297,301,178,179,309,310,158
298,142,175,144,178,180,149,155,158
299,172,174,175,307,308,158
300,141,177,306,179,153
164,170,171,301,175,146,307,308,179
160,164,41,299,301,302,47,146,158
292,174,303,175,308,148,311,184,158
164,169,298,304,180,181,156
186,300,142,175,305,178,308,154,158
300,141,177,306,150,153
296,330,174,175,307,308,309
296,328,330,175,307,308,309
296,330,175,307,308,309,158
295,297,172,175,145,148,309,310,158
292,231,169,303,178,146,311,251,158
200,204,210,213,312,186,318,319
259,195,268,205,209,210,211,213,313
193,201,214,314,187,60,319
32,322,199,200,201,315,318,319
165,326,328,186,210,214,314,316,317
324,206,14,213,217,315,317,318,319
322,195,208,211,213,312,318,319
322,200,205,210,213,312,314,319
320,205,210,215,313,314,187,316,318
321,193,203,171,209,210,114,212
322,199,200,201,202,211,213,318,319
323,197,200,202,205,210,313,317
324,198,200,205,210,213,312,318
194,325,327,109,205,210,277,215,120
192,323,326,200,202,214,187,316
322,325,199,327,202,210,313,314,189
192,328,330,211,307,308,214,309,316
194,231,329,202,313,26,188,189
98,73,74,41,81,243,116,54,246,251
73,74,237,81,277,119,280,251
69,261,73,48,81,243,277,251
0,5,231,39,10,237,120,59,222
3,227,198,232,12,17,59
0,226,35,3,60,145,213,220
5,6,230,233,234,43,238,145,222
289,66,35,199,201,43,207,217,157
34,4,43,47,246,55,88,24
32,231,40,10,237,52,54,30,222
199,231,7,234,42,237,46,56,61,222
32,66,5,234,43,187,317,222
66,5,102,234,43,46,216,59,63
66,5,230,231,40,234,30,23,222
32,5,230,231,200,237,51,54,222
66,5,230,234,54,222,190
128,66,162,5,230,234,54,222
66,67,5,38,7,234,149,56,317
328,233,234,59,9,43,238,308,27
66,3,233,43,12,48,55,24,223
34,43,239,47,55,24,223
35,37,229,230,232,213,22,218,318
66,5,230,231,234,43,18,222,127
224,5,230,9,234,43,238,222
35,36,5,229,231,232,54,30,218,222
36,5,230,199,234,54,217,189,222
4,43,47,239,55,24,223
289,66,3,232,12,48,17,211,313,60
66,227,5,8,234,42,22,23,59
66,227,230,135,233,52,279,218,253
231,73,10,233,237,239,81,311,59
1,66,38,39,59,149,55,218,27
5,9,234,43,204,238,59,222
5,231,234,43,244,30,216,59,222
128,225,66,234,43,238,16,17,222
128,64,66,3,5,230,234,110,59,222
225,34,131,230,232,234,238,17,318
66,228,5,230,231,234,237,54,222
66,323,195,196,5,230,235,206,54
224,66,5,230,231,234,45,218
64,227,5,231,234,43,59,222
32,5,231,234,43,49,54,215,222
4,43,47,48,24,25,223
1,66,5,234,238,143,20,22,185,222
32,66,5,37,231,234,13,79,54
5,198,7,234,48,53,56,313,60,31
5,234,43,238,21,222
38,231,10,237,46,16,61,56,221
231,135,234,43,237,239,246,59,222
66,2,3,5,227,231,213,59,222
34,4,10,43,239,81,55,311,24
66,323,195,5,230,234,206,207,54
33,66,67,5,234,54,314,92,222
223,5,231,39,329,43,11,26,127
323,5,230,231,200,54,23,30
128,64,66,33,5,234,23,62,222
224,5,230,231,234,237,45,30,222
128,39,233,234,43,240,145,85,59,222
64,224,5,230,234,45,54,222
226,35,231,74,43,237,239,16,311
128,132,5,8,233,234,43,238,16,285
32,228,5,199,234,51,54,222
66,26,5,234,11,14,58,27,29,222
261,249,110,274,83,85,281,283,92
192,289,324,41,269,275,243,283,94
257,258,261,262,229,81,248,249,251,93
69,200,76,271,177,242,243,87,251
69,261,41,108,76,243,51,246,88
217,70,199,201,266,268,207,121
160,261,69,106,266,110,49,243,120,285
289,100,101,265,273,243,284,253,255
69,261,106,269,47,243,276,281,186,316
69,104,73,264,48,81,243,87,251
69,264,11,269,110,243,313,251
69,73,74,81,243,115,276,251
289,138,111,275,85,278,118,122,94,127
99,135,251,271,243,117,250,283,254
259,73,74,107,268,81,218,251
98,261,69,241,243,85,89,252,157
98,41,269,77,244,116,85,283,254
98,69,106,110,243,214,119,280,89,252
69,266,106,76,12,79,242,243,121,94
68,261,262,75,112,243,116,117,278,87
256,89,262,267,248,249,122,251
65,259,99,69,269,274,182,253,254
261,73,10,172,81,243,275,180,251
101,72,265,41,269,77,47,122,283,253
98,69,70,42,298,141,110,243,117
68,262,41,47,243,116,245,86,248,249
99,71,8,269,244,21,87,283,253,254
256,260,47,275,248,281,283
32,35,269,244,52,22,30,283,253,254
256,289,258,260,262,281,178,245,89
256,257,32,262,71,243,245,248,89
256,7,269,14,48,53,283,253,254,31
256,32,259,323,71,200,271,244,283,253
192,99,326,166,8,244,283,188,253
99,166,8,269,244,21,247,283,188,253
256,259,72,73,76,244,94,89,188,254
0,39,73,269,244,120,94,283,253,254
289,138,269,46,244,122,283,253,254,127
192,73,91,269,244,94,283,188,253,254
256,73,237,81,244,251,188,254
256,257,89,262,42,43,248,249,122
259,101,263,74,107,268,272,87,31
256,96,32,67,269,241,18,281,283,30
66,6,265,244,57,283,92,253,254
256,257,262,73,14,248,89,317,94
256,261,263,111,117,85,278,92
258,101,198,265,277,119,283,253
257,258,259,262,313,108,109,248,249,90
73,74,81,82,243,54,251
40,269,208,49,276,244,277,283,189,254
71,269,243,244,21,119,280,283,253,254
192,32,71,269,77,274,244,280,283,254
66,73,46,81,275,243,85,251
99,166,70,8,269,244,276,247,283,253
261,73,91,80,81,51,246,88,251
256,89,258,262,330,309,248,249,122
259,99,263,74,268,272,176,279,31
65,97,263,76,269,92,114,244,283,316
97,266,267,207,51,246,88,217,91
261,69,106,110,79,81,243,85
261,69,111,277,85,278,87,92
261,103,267,111,79,243,51,244,246,249
32,71,77,269,13,274,114,244,283
1,73,237,81,275,281,251,93,94
257,262,200,267,209,51,212,246,249,316
89,257,262,84,245,248,249,122
98,69,263,266,269,81,242,243,251
71,296,269,177,244,153,283,284,253,254
71,73,269,271,81,51,244,246,88,251
192,69,71,75,274,243,244,117,188,189
36,69,264,74,112,81,242,243,86,122
259,99,263,297,74,268,272,178,88
256,164,69,269,208,244,250,283,253,318
261,69,106,251,241,243,120,283,157
69,261,73,207,81,243,246,251
259,69,263,264,269,244,281,283,254
256,259,4,72,265,104,248,89,122,254
256,267,269,80,51,245,88,283,60,254
99,73,81,244,251,253,254,255
261,234,243,244,117,278,21,188,189,94
217,70,71,266,207,79,121,95
98,69,265,77,243,244,116,117,89,254
259,99,102,263,74,268,272
262,73,251,81,18,243,87,89,283
257,261,69,70,242,243,85,87,122,254
91,269,80,51,276,246,88,89,283
98,261,73,77,81,243,116,85,251
261,106,204,242,243,114,278,124,157,254
32,259,77,269,305,244,186,283,254
100,262,265,77,206,112,115,119,155,254
98,261,69,73,283,243,117,249,251,94
97,196,263,241,273,275,274,118,92,94
69,73,269,47,81,243,275,120,251
98,73,237,46,81,243,251
88,265,80,274,51,248,281,283,253
261,69,75,81,243,85,250,92,94
32,99,71,8,269,87,281,283,253,254
261,69,264,107,269,81,242,243,251
256,257,260,262,264,270,248,249,250,251
261,104,75,301,278,279,250,284,255
97,261,267,110,81,243,85,87,284,255
69,107,269,110,81,243,83,26,251
265,241,252,119,89,284,253,255
256,89,262,245,248,249,122
96,67,261,200,269,18,243,84,281,283
256,257,258,262,72,73,248,89,122,253
89,261,262,75,76,243,150,248,249,122
32,257,258,262,52,248,89,93,30
259,135,297,155,81,115,276,86,283,254
261,73,107,237,81,243,251
96,67,261,200,269,18,212,246,88,283
89,257,258,259,262,295,115,248,249,122
259,261,262,269,111,117,278,89,92
99,259,70,8,269,244,283,253,254
256,257,259,262,41,248,89,122,91
259,73,81,209,275,251,94
66,259,69,261,107,269,81,243,249
256,257,96,89,262,264,109,248,249,252
98,69,264,329,169,81,49,243,188,189
256,260,261,105,269,47,243,275,248,249
259,11,271,244,84,281,283,253,254
1,261,69,41,110,273,243,244,281,94
91,80,51,246,88,281,283,252
99,259,263,74,268,80,51,88,125
98,261,69,39,243,281,283,188,189,223
73,81,243,116,277,313,251,94
65,263,12,269,243,276,283,156
195,261,166,178,243,146,117,85,278,87
256,257,89,262,107,87,248,249,122
99,166,8,269,244,21,283,253,254
256,69,264,269,270,46,274,243,85,251
98,69,106,11,79,81,243
288,261,111,117,85,278,92
99,166,8,265,269,244,21,283,253,254
258,99,263,11,268,242,283,253,254
68,261,69,75,269,143,243,116,117,278
100,69,133,170,106,79,243,276,280,218
32,71,77,269,244,122,283,254
68,261,166,107,111,114,117,278,91
259,261,263,115,85,87,281,92
99,8,269,305,274,243,244,154,283,253
69,267,268,48,80,51,179,246,88
259,261,73,107,81,243,251
69,73,81,243,251,284,255
256,261,69,75,143,243,278,250,92
261,243,117,85,278,87,91,92
261,73,108,109,81,114,243,117,282,251
96,67,261,69,75,269,18,243,278,121
200,73,74,78,271,81,249,251
318,261,69,269,47,243,254,281,94
256,262,269,47,275,276,119,283,254
98,261,69,264,106,269,243,119
261,231,111,117,85,278,91,92
96,67,110,251,111,18,275,243,87,283
198,270,238,15,17,275,243,21,281,94
98,263,106,107,269,81,243,278,313,94
32,71,269,301,79,243,244,283,95
98,68,69,261,166,106,107,269,45,243
163,261,75,269,243,85,250,92
96,290,67,73,18,275,56,281,251,94
160,69,261,75,243,213,278,120,283,191
98,69,5,243,86,312,283,188,254
217,70,266,207,81,243,119,280,121
59,108,109,270,81,243,117,249,282,251
98,66,73,46,81,243,251
73,106,203,268,81,275,246,251
259,68,103,72,107,81,119,280,94
73,268,81,242,275,243,119,280,251
99,8,106,269,244,21,283,253,254,319
71,106,79,112,144,244,117,283,188
66,259,99,102,263,265,268,119
261,69,264,11,269,110,243,251
98,69,9,75,269,47,243,247,90,254
98,69,81,242,243,84,281,251,124,126
261,263,266,75,85,278,250,92
102,73,106,84,216,91,253
259,91,155,274,243,115,182,248,283,254
259,7,77,276,117,247,282,283
259,263,71,74,268,79,272,95,31
32,71,269,77,114,281,283,253,62
99,8,269,244,126,283,124,253,254
257,258,261,111,114,117,85,278,313,93
100,73,10,75,106,242,188,117,278,28
98,69,141,113,243,116,117,283,94
71,142,79,242,243,244,117,278,212,95
166,8,269,178,244,20,21,283,253,254
263,79,241,51,244,246,88,283
256,73,75,270,251,81,117,282,283
69,261,73,81,243,244,251,220
72,265,107,146,21,119,91,253
99,166,8,269,244,21,283,253,254
258,261,108,109,111,115,243,85,278,180
96,67,265,112,144,18,180,117,280,283
98,261,69,330,80,243,276,19,309,60
256,99,8,269,244,21,86,283,253,254
69,106,74,203,272,81,242,243,120,251
32,257,269,241,274,244,89,283,252,254
153,69,269,81,243,84,182,249,251,284
289,261,69,268,81,178,243,242,278,255
66,263,123,241,274,243,283,254
259,100,137,107,75,269,119,280,281,94
68,200,251,271,81,242,243,116,86,283
261,269,243,117,278,213,283,92,191
261,80,274,243,51,85,246,248,88
164,231,169,304,177,181,310,156
160,142,175,144,146,18,158
321,162,193,167,171,175,305,149,154
296,299,142,175,179,308,153,158
296,175,177,306,147,149,153,154
300,141,177,306,150,153
292,172,303,175,307,179,148,311,158
169,170,142,175,271,307,308,158
165,168,330,42,175,178,307,308,150,151
292,302,303,143,175,144,311,155,158
293,299,172,175,308,148,310,158
160,261,299,269,302,142,175,118,119,87
161,164,168,47,143,175,307,118,157,158
294,297,178,307,147,308,184,155
295,296,172,175,307,308,158
296,170,300,172,142,175,157,158
160,293,294,296,144,146,307,179
161,297,330,178,146,309,149,54,155,158
160,161,165,168,144,178,307,146
300,141,177,306,150,152,153,154,155
330,142,175,178,307,309,158
299,172,175,308,148,310,158
299,172,174,175,179,308,148,158
165,167,168,138,237,303,308,150,311
161,34,165,168,171,178,307,308,151
160,167,144,178,146,307,183,154
167,299,172,141,303,175,148,158
161,169,297,173,302,143,178,180,155,158
299,172,174,178,307,308,146,147,184,155
292,165,168,303,16,308,150,311,151,152
2,4,296,298,302,307,308,155,158
299,172,174,175,306,308,148,158
330,142,175,174,178,307,308,158
292,294,10,174,303,177,147,307,311,184
129,169,330,144,178,307,308,146,180
160,302,144,146,179,149,155,158
161,166,171,172,301,175,178,179,185,158
193,165,171,142,114,115,307,151,158
110,144,178,146,180,308,155
166,295,297,170,175,145,179,309,310,158
99,302,48,146,307,308,150,182,155,159
296,330,142,175,178,307,179,148,149,158
330,170,175,146,307,308,178,155,158
295,299,172,141,175,306,148,158
291,131,135,138,140,16,124,126
128,290,130,131,133,136,139,125
128,129,130,291,132,131,124,126
291,134,135,138,140,124,126,127
128,288,130,131,133,135,138,140
289,131,8,137,138,139,21,122,127
128,130,131,132,136,139,123,286
128,289,290,291,130,131,133,136,137,139
130,131,133,136,139,285,123,125,286
128,130,291,131,135,138,139,124,126
288,130,131,133,136,139,123,125,286
288,130,131,134,135,138,140,151
130,291,131,135,137,124,126
128,130,291,131,133,135,137,138
130,290,131,133,136,139,125,286
128,288,130,131,132,133,136,140
128,129,130,131,133,135,137,138,124,126
128,289,130,291,137,138,139,127
289,290,291,129,131,130,133,137,127
128,289,130,131,132,137,138,127
128,129,288,130,132,131,138,126
128,130,131,133,135,136,139,286
128,289,130,131,133,136,139,125,286
128,130,131,132,133,140,285
129,130,131,138,122,123,285,126,287
128,290,130,131,133,136,139,125,286
288,130,131,133,136,139,123,286
128,129,130,131,132,133,135,138,140
130,291,131,135,138,124,126,127
289,290,291,131,133,130,134,137,287
200,209,210,212,313,314,187,316,191
231,200,329,202,205,209,210,213,215,313
194,324,197,205,209,210,214,215,314,187
205,209,210,215,313,314,187,191
256,323,287,328,145,213,315,319
205,210,211,213,215,313,314,189,190,191
200,72,210,213,312,314,318,319
322,323,327,200,73,202,205,210,312
323,326,200,202,208,214,187,319
323,326,199,201,202,207,217,315,316
322,195,328,202,211,213,217,315,319
324,72,202,78,210,152,314,187,316,317
199,202,205,210,214,216,313,187,190
326,199,328,201,207,217,314,316,317
326,328,205,210,82,215,313,314,316,317
258,134,267,205,51,213,245,88,318,319
323,67,198,200,210,18,312,314,318
192,197,261,269,109,81,214,316,87,188
195,324,326,205,209,210,314,187,316
194,205,209,210,215,313,314,187
324,202,204,208,214,314,187,188,189
192,195,204,205,176,209,210,148,186
2,38,205,209,210,212,189,314,317
192,194,195,326,328,81,211,316,318
205,209,210,214,215,313,314,316,191
192,326,199,205,209,210,211,216,186
96,323,67,198,80,18,246,314,318
321,195,204,205,209,210,212
321,205,209,210,212,215,312,186
323,200,202,205,209,145,210,314,319
200,138,202,205,81,210,213,215,312
192,290,326,103,328,107,209,211,214
194,324,326,328,205,209,210,215,314,316
321,194,323,326,204,205,209,210,314,61
194,328,203,205,209,210,313,314,187,156
329,202,10,28,210,214,186,188,319
323,77,205,209,210,212,215,187,316,317
194,231,200,329,202,42,188,189
322,324,198,205,210,213,312,318,319
200,186,205,209,210,215,312,314
326,205,210,214,215,25,187,188,317,191
193,201,210,314,60,189
323,67,198,200,209,210,18,314,317,159
192,323,197,205,209,210,211,215
195,197,205,176,209,210,148,215,186,187
324,200,328,210,211,314,187,316
203,205,209,210,212,52,215,314,316,317
98,322,9,209,210,313,314,187,191
326,200,329,202,205,210,214,313,251
289,323,324,3,325,200,12,60,316,318
323,200,329,202,205,209,210,215,312,319
200,329,138,202,205,209,210,213,215
322,205,209,210,213,215,312,318,319
197,325,205,210,215,313,314,187,191
194,323,326,328,205,206,209,210,215,316
205,209,210,214,215,313,314,187,189,191
327,200,205,209,210,214,215,314,189,191
325,327,205,209,210,215,314
323,329,202,205,145,210,188,319
323,324,326,202,187,47,213,315,318
323,199,200,201,205,209,210,215,189
198,234,205,238,209,210,215,314,187,191
192,194,323,326,208,210,214,187
96,194,323,67,326,328,200,187,18,315
192,128,321,326,123,204,214,314,187
324,200,205,270,15,210,213,86,215,313
192,323,195,205,209,210,211,313,186,189
324,200,300,205,210,213,215,312,318,319
327,199,205,210,215,216,313,314,187
321,204,205,209,210,212,215,314
200,328,205,210,189,312,313,314,317
323,326,200,329,202,205,210,214
194,323,195,200,138,237,81,211,318,319
192,326,205,210,211,53,214,316
321,203,205,209,210,212,215,187
205,209,210,215,314,187,316,190
96,194,323,324,67,200,209,210,18,319
194,287,325,200,145,213,315,319
217,199,201,207,189,313,317
192,323,200,9,202,208,209,214,187
