195,196,197,710,201,206,208,53,55,952,155,444
292,742,41,267,43,1069,914,150,567,151,153,154,478
832,33,193,323,669,396,496,721,722,1074,862,888,28,989,350
194,195,197,201,912,753,723,982,764,62
864,292,742,267,155,283,602,567,153,154,603,604,222
416,417,1025,1062,903,904,1064,713,207,730,571,796,797,191
261,262,422,743,142,238,852,1045,213,278,314,860,343
161,599,776,46,47,688,307,308,52,598,1079,310,281,314,347
705,706,33,708,37,70,267,715,429,380,381,702,703
641,139,140,177,179,756,757,147,632,633,638,57
641,516,139,140,301,177,147,756,757,179,57,639
640,641,139,140,177,179,147,757,756,57,636,637
194,195,197,199,201,207,912,58,62
194,195,197,199,201,207,210,58,62
35,517,44,460,177,50,179,147,56,57
35,517,299,44,177,50,179,147,56,57
227,108,109,494,847,493,178,211,1079,347,223
354,776,845,1085,316,281,314,317,860,861,222
227,228,102,488,233,424,493,494,847,211,917,223
257,293,39,40,47,48,79,306,659,569,59,63
257,293,39,40,47,48,79,240,306,569,63
196,902,903,1062,201,713,239,208,207,53,888,796,797,191
194,195,740,197,739,199,201,750,848,755,62
163,198,489,491,492,622,946,1044,981,1047,95
287,614,42,79,307,411,412,90,59,92,447
96,65,99,678,551,682,268,365,238,175,176,21,95
194,195,197,201,912,401,753,723,564,597,62
39,40,41,43,46,47,48,688,307,308,120,59,124
39,40,41,43,46,47,48,688,308,120,59,124
39,40,41,43,47,48,688,659,310,120,124
39,40,41,43,47,48,659,308,310,120,124
194,643,195,197,1060,199,201,809,207,62
640,641,34,515,35,139,177,50,724,632,633,636,637,57
198,678,682,491,492,269,267,1044,501,534,1047
36,324,166,295,167,168,169,204,334,624,625,405
194,195,643,197,199,201,207,58,62
225,227,228,102,488,233,40,493,494,495,847,211
800,801,170,394,108,109,812,811,340,1079,345,347,799
192,513,866,835,546,547,548,550,593,664,665,925
420,870,135,776,829,845,206,984,985,860,1085,222
673,33,902,711,809,107,684,205,145,722,381,54,888,380,989
800,801,811,108,109,812,780,340,1079,347,1084,798,799
800,801,811,108,109,812,780,340,1079,347,1084,349,798,799
108,109,178,340,1079,344,345,346,347,348,349
194,195,739,197,740,199,201,848,982,313,764,351
868,870,871,776,845,918,984,314,860,1085,222
354,868,869,872,873,425,426,1072,1073,499,212,378,222
159,257,743,40,42,79,240,569,659,729,90,59,63
159,257,743,40,79,240,569,307,659,729,90,59,63
224,225,161,228,102,488,233,495,222
71,41,43,46,48,124,498,307,52,55,182,183,310,59,120
353,354,868,453,917,214,377,378,316,317,318
248,258,328,235,173,910,911,336,305,312,443,60,61
6,232,908,909,304,117,21,889,1022,89,126
64,259,357,583,328,173,948,312,443,60,152,127
224,225,161,228,102,488,233,495,222
356,106,107,203,205,145,433,436,502,122,123
356,551,106,107,203,145,433,436,502,122,123
65,103,401,594,595,596,597,598,599
229,230,231,104,169,168,12,16,18,20,1013,413
160,71,46,688,307,308,52,59,158,159
320,321,322,325,326,327,521,76,77,877,144,319
160,71,72,74,46,307,308,52,59,158,159
576,577,579,580,581,554,398,496,598,23,890,862
160,71,72,74,46,307,52,59,158,159
160,71,72,74,46,307,308,52,59,158,159
353,354,868,453,424,845,917,377,316,317,318
224,225,102,998,488,361,495,21,726,56,222
870,776,845,378,1072,1073,212,984,281,314,1085,222
929,1059,6,583,296,236,1042,980,312,250,88,127,445,446,415
224,1090,1050,356,998,135,103,366,113,114,49,984,952,794,795
108,109,178,340,344,345,346,347,348,349
320,321,322,325,326,327,521,76,77,877,144,319
868,869,870,871,845,918,984,314,860,1085,222
868,870,871,776,845,918,984,281,314,860,1085,222
322,227,228,233,522,876,493,494,847,211,344,319
609,931,260,357,358,935,937,363,112,246
108,109,178,344,345,346,347,348,349
414,631,616,585,574,459,80,247,445,446,415
385,389,747,749,750,751,752,862,149,150,189,190
297,75,46,688,48,124,307,310,120,90,59,92
257,961,964,743,40,569,240,79,306,659,729,90,63
1088,481,68,37,69,70,356,555,51,436,380,702,31
642,199,200,1001,490,1002,620,434,1074,373,374,1046,284
352,193,740,741,107,749,750,751,752,755,148,149,150,151
193,107,203,123,205,267,433,145,243,567,154,155
832,194,195,197,201,912,753,210,723,564,595,982,764,351
160,71,74,46,688,307,308,52,59,158,159
832,577,929,581,103,912,49,401,753,313,507,351
545,1030,1031,987,235,815,977,18,20,825,826,827,990
97,99,963,101,965,939,271,272,84,88
97,98,99,101,939,271,272,85,86,88,1050,255
98,99,101,939,271,272,83,85,88,1050,255
97,98,99,963,101,939,84,85,86,88,1050,255
97,98,99,963,101,939,83,84,85,88,1050,255
97,99,963,101,965,939,84,85,87,88,1050
963,100,232,939,366,84,85,86,87,88,89
3,165,38,229,104,230,231,748,14,1014,413,94
193,867,740,739,749,750,751,848,752,755,148,149,150,151
545,1029,1030,1031,235,977,18,20,987,444,990
2,4,10,13,341,24,26,91,93
163,420,135,556,206,530,563,116,307,984,985,829
324,167,457,395,303,209,275,539
324,167,168,169,395,204,303,209,275,405
672,265,496,113,435,121,220,669,670,671
673,292,742,711,684,368,565,854,476,477,478,959
2,4,10,13,341,24,26,91,93
353,354,868,453,424,845,917,377,316,317,318
481,356,391,106,203,243,436,502,122,123
97,98,99,964,101,100,963,939,83,84,85,88
97,98,99,964,101,963,939,84,85,88,89
609,355,260,358,966,936,937,586,588,655,497,246
387,68,69,37,484,555,78,718,17,51,852,380,381
225,228,102,488,233,493,494,495,847,211
39,40,41,43,47,48,688,310,120,124,479
160,71,72,74,46,307,52,59,158,159
480,2,484,4,489,171,11,13,110,273,439,24,25
320,321,322,325,326,327,521,76,877,524,77,144,319
577,578,131,70,617,618,45,334,496,732,157,415
160,71,47,688,240,48,659,307,308,120,59,158,159
268,365,238,301,176,595,757,598,635,126,639
128,129,163,135,427,972,398,111,529,530,371,370,342
514,392,393,137,140,301,236,141,335,146,639
382,1028,555,331,78,1070,338,372,311,830,927
33,454,136,745,266,492,15,496,82,760,28,29,30
128,129,548,549,427,972,398,370,371,564,155
573,196,7,266,15,208,530,30,856,27,29,382,286
672,265,621,286,435,220,121,27,28,669,30,671
672,704,37,265,621,49,220,30,27,28,669,670,671
353,354,868,869,871,872,873,425,918,919,378
356,106,107,203,205,123,145,433,436,155
574,584,606,619,846,174,175,371,1012,629,630,792,926,607
292,747,749,751,368,752,148,149,150,151,602,603,604,478
515,516,645,712,202,140,1068,1004,626,147,756,1010,19,1013,639
0,1,8,9,10,19,115,26,93
356,106,203,123,205,107,145,433,243,436,155
32,226,1063,360,873,234,361,142,14,1042,726,956
96,678,682,268,365,238,140,176,757,21,410,95,639
832,351,205,15,145,433,723,28,29,30,286
353,354,868,869,871,872,873,212,919,185,253
353,354,868,453,869,871,917,919,377,316,317,318
258,357,294,328,173,336,948,566,312,443
258,294,328,173,175,336,948,566,312,443
64,258,357,294,173,336,948,245,443,60
704,228,102,776,233,495,271,690,818,1045,278,277,213,375
640,641,34,35,461,147,179,756,757,724,632,636,637,638
641,515,516,140,626,632,633,634,635,638,639
640,515,516,299,140,335,626,724,632,636,637,638,639
609,355,260,419,358,966,938,971,655,246,537
224,281,327,776,40,314,845,270,178,406,377,538,347,222,223
195,196,740,1062,201,713,239,208,207,53,597,796,797
417,389,677,111,862,817,149,119,730,699,189,190,191
640,140,268,238,335,176,301,756,757,724,636,637,639
414,616,585,459,80,790,247,445,446,415
257,39,569,240,79,306,659,729,63
33,136,266,811,396,781,812,15,798,49,82,30,28,286
676,389,677,111,464,815,306,1074,404,817,118,820,190
1057,194,195,197,713,201,239,207,881,572,62
1057,194,195,197,201,207,239,881,572
1057,764,709,107,879,239,881,912,313,572,350,351
2,4,10,13,341,24,26,91,93
384,482,389,237,464,465,466,467,276,241,242,285
163,356,389,390,135,107,237,174,111,116,119,829,190
545,132,932,134,585,235,910,399,911,80,247,248,444,61
160,71,73,46,688,307,308,52,59,158,159
32,576,616,585,909,1038,496,1042,564,23,598,599,221,733
163,420,135,42,206,111,529,530,116,984,985,700,829
160,71,72,74,46,52,59,158,159
258,357,294,583,328,173,336,948,566,443,61
162,421,166,295,235,399,309,470,248,1049,444
160,71,74,46,688,307,308,52,59,158,159
576,32,578,131,617,618,44,45,1038,688,496,56
609,355,260,358,966,105,586,537,497,246,249
1091,36,132,998,166,295,134,163,168,169,204,334,624,625
897,743,520,447,182,279,280,183,700,287
897,743,71,520,279,182,183,280,729,700,447
160,71,46,688,307,308,52,59,158,159
324,167,457,395,204,303,209,275,539
163,164,165,166,168,169,395,622,944,625,946
165,295,168,169,167,395,622,943,944,625,946,1082,539
1091,132,133,134,330,399,80,309,790,247,444,415
132,133,134,616,585,330,399,80,790,247,444,446,415
163,324,165,296,169,457,204,334,303,209,275,405
776,40,845,1085,281,314,860,861,222
324,167,295,457,395,303,209,275,539
353,868,869,872,873,917,316,317,318
96,481,356,106,107,203,238,526,402,436
902,330,716,109,347,178,722,277,309,1079,888,345,315,349
868,869,871,872,873,425,212,378,1085,318
704,707,68,708,70,37,267,715,429,283,852,567,154,155,703
515,516,139,140,301,626,724,632,633,635,639
515,516,138,140,301,460,141,626,635,639
451,263,264,266,16,18,20,30,282,27,29,286,735
451,387,165,38,263,264,266,274,438,282,284
480,484,489,11,172,171,110,813,81,17,115
642,68,267,155,1069,434,19,342,567,571,154,283,381
6,908,909,1071,304,117,21,1022,89,1050,126
481,391,106,203,205,15,145,243,502,22,122,123
98,963,964,100,232,366,83,86,87,88,89,1050,255
64,66,259,583,236,31,442,152,250,443,60,61,127
418,132,133,134,446,966,619,511,607,80,247,414,415
897,287,743,520,279,182,183,280,700,447
256,482,389,237,464,465,466,467,242,241
324,167,457,395,204,303,209,275,539
451,387,263,266,490,236,15,274,722,403,888,282
387,266,490,748,274,403,438,441,282,989
354,868,869,453,425,426,873,499,984,378,219,767
257,37,422,773,619,659,819,822,183,185,186,219,253,375
64,258,357,294,173,336,948,245,443,60
481,356,391,106,203,15,243,502,22,122,123
320,322,325,326,327,40,875,876,344,319
320,321,322,325,326,327,40,876,877,319
320,322,325,326,327,40,876,877,319
320,321,322,325,326,327,521,876,877,319
3,229,38,230,231,14,274,1014,438,441,413,94
642,199,200,1001,748,749,620,434,403,373,374,284
199,200,1001,620,14,156,1074,274,373,374,438,282,284
832,1057,835,205,15,145,433,913,210,914,30,27,286
864,578,292,168,394,12,16,849,340,150,346,94,223
256,390,749,237,143,465,466,242,116,276,467,285
870,776,40,845,1085,281,314,860,861,222
453,423,424,425,788,917,214,789,376,377,252
768,769,770,868,869,872,425,426,873,378,254,767
224,226,290,997,360,361,234,145,82,726,956,958
32,67,261,262,6,44,365,142,213,117,126
615,585,459,80,247,445,446,415
615,585,459,80,247,445,446,415
608,1030,1031,987,969,977,18,859,125,990
320,321,322,325,326,327,876,877,524,319
320,321,322,325,326,327,521,876,144,319
313,879,912,753,210,723,863,761,764,350,351
354,423,425,378,919,499,214,215,185,186,253
423,455,456,779,780,781,214,184,185,378,253,254,799
672,833,289,291,450,449,519,333,435,437,1081,1054
224,225,228,102,488,233,495,240,211
771,772,773,774,425,1072,375,217,218,767
768,771,772,773,774,781,1072,375,217,218
705,3,229,38,230,14,274,1014,438,441,413,94
292,742,711,368,150,151,602,603,604,477,478
934,551,968,268,365,238,973,176,974,408,409,540,126
705,706,707,708,37,70,68,337,379,380,703
446,585,459,399,80,309,247,445,414,415
352,740,200,1033,748,749,751,1074,148,373,374,149,284
576,577,580,581,294,583,328,173,49,1042,566,312,443,60
576,577,580,581,583,328,173,49,1042,566,312,443,60
354,868,869,453,423,425,426,214,215,378,251
354,868,453,423,425,426,873,214,215,378,251,317
320,321,322,325,326,327,521,877,144,319
1089,452,976,180,181,408,409,1080,987,990,1087
320,322,325,326,327,521,875,76,877,876,319
641,515,516,140,301,335,626,632,633,635,639
446,585,459,399,80,247,445,414,415
832,33,32,652,564,598,599,925,350
414,615,574,631,459,846,80,880,247,445,446,415
261,262,6,314,268,142,176,117,281,378,316,317,126
354,868,869,871,872,873,425,426,919,378
641,139,140,301,300,1075,757,635,638,639
879,753,723,761,982,313,762,764,350,351
33,196,420,135,829,206,208,53,984,985,379,380,221,478
672,486,519,487,265,621,28,942,435,121,27,220,670
672,807,265,431,113,435,628,121,220,669,670,671
258,357,294,583,328,173,336,948,245,566,443
998,41,43,715,718,659,851,469,182,279,216,183,534,794,700
198,678,682,491,492,625,946,1044,1047,1082,95
390,237,111,143,464,242,467,116,276,465,466,468
192,258,613,1003,364,173,1011,948,373,374,1015,60,1053
108,109,340,1079,344,345,346,347,348,349
108,109,178,340,1079,344,345,347,348,349
108,109,178,340,1079,344,345,346,347,348,349
108,109,178,340,1079,344,345,347,348,349
108,109,178,340,1079,344,345,346,347,348,349
453,423,424,425,787,917,214,376,377,252
768,769,770,868,869,453,872,425,426,873,378,254
98,963,964,418,1058,874,363,511,88,89,1050,127,255
162,535,421,615,937,938,459,727,399,247,536,537,538,414,415
867,739,740,741,652,750,848,594,755,595,725,924,863
248,933,1038,398,910,305,401,339,911,598,599,1048,61
897,805,743,520,744,690,691,182,183,280,694,700,733
742,574,588,880,926,629,758,886,153,154,379,732,381,478,831
515,140,301,300,302,626,634,635,638,639
641,299,140,301,302,300,460,141,635,638,639
897,743,71,472,520,659,182,279,280,183,700
38,359,1030,7,114,306,18,309,757,216,857,987,94,735
33,612,556,557,558,911,561,562,563,532,498,531,533,600,182
672,265,496,113,401,435,121,570,220,669,671
227,606,109,175,315,178,724,277,1079,345,347,638,607
385,323,650,716,912,753,594,595,723,949,118,887,600,761,863
708,68,70,267,429,496,49,497,852,438,23,441,380,703
2,4,171,13,341,24,26,91,93
108,178,340,1079,344,345,346,347,348,349
800,801,170,394,108,109,812,340,347,348,349,798,799
387,68,995,37,70,1001,266,267,490,431,274,852,282
98,963,100,964,232,366,83,86,87,88,89,255
640,641,34,139,177,147,756,757,179,633,636,57
865,389,1033,1034,1069,750,751,1074,149,981,189,862,191
480,1,8,489,10,171,11,172,110,273,115,439,24
453,423,424,425,917,376,377,252,317,318
353,453,774,423,424,425,917,376,377,252,317
964,453,422,423,424,782,917,214,376,377,252
353,453,423,424,425,782,784,917,376,377,252
772,773,774,327,40,345,1072,375,344,217,218,767
768,770,868,869,453,872,425,426,873,378,254,767
868,869,453,422,964,425,426,873,214,378,254
33,39,40,683,556,557,560,561,498,563,531,532,533,55,600
353,354,453,423,424,812,1084,917,377,316,318
128,129,549,427,972,398,529,370,371,564,94
385,386,389,111,242,119,189,118,887,155,989,190
385,386,389,111,149,118,119,189,190
108,178,340,1079,344,345,346,347,348,349
225,226,444,167,360,361,234,362,233,334,570,956
832,546,547,548,549,652,912,401,753,564,598,599,925,350
1029,104,1032,1066,1067,1037,976,474,1052,858,990,1087
388,5,486,487,645,430,369,503,504
739,740,741,867,750,848,754,755,887
416,417,1025,673,903,904,1064,684,54,796,797
416,1025,417,673,903,904,1064,684,942,54,796,797
416,673,417,1025,902,903,904,1064,684,722,886,887,888,831
257,39,40,79,240,306,729,405,569,63
96,678,712,682,1068,367,400,402,1010,95
673,1025,742,711,902,684,721,722,886,854,888,476,831
866,1031,969,396,941,496,113,273,628,30,121,762,27,28,990
1024,828,742,711,47,48,124,854,959,90,476,477,478,479
608,3,104,1067,1037,14,1052,404,1013,1014,441,474,156,125
248,548,1038,910,528,305,401,339,596,911,598,1048,61
673,642,267,684,1069,887,283,886,567,153,154,155,831
832,549,652,912,564,598,599,925,350
995,1001,1003,1004,1005,1006,431,1007,1010,1011,1015
420,870,135,776,829,845,206,984,985,860,1085,222
641,515,140,301,302,626,1075,634,635,638,639
641,34,35,516,139,177,50,179,756,757,632,633,636,638,57
385,386,389,237,111,242,118,119,189,190
385,386,389,237,111,118,119,189,190
256,385,386,389,237,689,118,119,189,190
641,139,140,301,177,147,756,757,179,57,635,638,639
139,140,301,177,147,756,757,179,57,635,638,639
832,1057,642,1036,398,914,570,949,863,887,760,761,758,831
514,392,137,393,140,301,146,635,639
897,743,520,447,729,182,279,280,183,700,63
672,929,103,329,332,435,437,1081,220,1054
322,36,166,422,327,41,40,43,334,1038,852,406,344,345,444,1085
1088,353,166,556,334,1038,558,878,946,919,981,407,247,701,446
992,736,1058,960,934,968,365,654,980,727,408,410
736,994,418,1058,644,419,874,880,662,1017,1018
448,608,356,1036,396,909,433,882,436,885,125,983,889,890,892,893
480,11,172,813,110,171,17,81,115,273
736,994,419,1058,418,874,661,662,1017,1018
481,356,806,106,203,107,433,436,469,501,123,92
576,577,579,580,581,554,306,403,438,23,441,282
100,934,551,6,968,365,974,973,408,409,540
865,1001,1034,1003,759,1035,855,1009,434,1074,1011,404,1046,950
414,932,616,459,80,247,444,445,446,415
193,356,106,203,107,205,145,433,436,155,286
160,257,293,71,39,46,79,306,569,90,59,63,159
356,106,203,155,205,107,433,145,436,123,286
384,256,482,389,465,242,467,276,468,466,116,190
354,776,845,316,281,314,860,861,222
354,776,845,316,281,314,860,861,222
986,1091,997,998,677,1001,458,814,527,432,817,851,853,826
163,165,166,168,169,296,204,334,624,625,944,1082
160,71,72,46,688,307,308,52,59,158,159
609,355,260,419,358,966,971,655,497,246,537
673,742,711,684,368,565,854,476,604,477,478,959
256,482,389,620,237,464,241,465,467,466,242
99,934,551,968,365,238,973,974,408,409,540,255
357,294,583,328,173,948,566,312,443,60
480,485,489,11,171,973,110,974,273,17,115,371
224,225,161,228,102,488,233,495,211
256,237,464,465,466,467,242,276,241
256,482,237,464,465,466,467,242,468,118
384,256,389,237,464,465,466,467,242,241,285
609,418,966,967,905,586,727,846,535,1017,475,574,607
833,289,449,450,291,519,332,333,1054
960,577,929,584,619,846,174,175,1012,606,607
1089,1090,67,452,551,268,180,181,408,409,857
741,613,37,331,78,593,469,311,664,665,987,381,927
108,109,178,340,1079,344,345,346,347,348,349
382,1028,331,78,1070,338,372,311,830,927
929,613,678,7,712,359,682,367,400,402,114,735,95
896,832,323,549,687,531,532,533,598,887,923,925,350
576,577,929,1024,33,581,648,265,1038,528,401,1042,220
33,382,454,264,266,397,15,496,49,274,82,282,286
385,482,237,464,465,241,467,466,242,285
416,1025,1057,567,1062,1033,1034,239,849,1074,759,571,796,797
193,1027,483,517,741,552,299,236,403,311,250,381,639
576,577,579,580,581,3,554,274,403,438,23,441,282
453,454,455,456,424,784,785,917,377,378,252,253
453,454,455,456,424,783,784,917,377,378,219
453,454,455,456,424,425,782,783,917,377,378
453,454,455,456,424,425,782,783,917,377,252
193,867,739,613,740,7,364,848,755,61,568,1053,62
514,392,393,137,301,302,141,146,635,639
261,262,552,268,142,378,628,213,117,281,314,155,126
97,98,963,965,6,810,366,304,87,88,89,1050
1001,906,1034,1033,759,368,434,1074,950,1046,440,154,381
867,739,740,741,750,848,755,725,924,863
577,802,579,580,581,391,554,400,243,244,22,188,383
769,868,869,453,774,186,425,426,499,214,215,378,252,767
288,833,450,5,518,487,486,519,333,1015,503,220,1054
224,163,420,356,135,206,111,529,116,984,985,829
160,287,71,447,42,79,92,411,90,59,412,157,158,159
641,515,516,301,626,632,633,635,638,639
256,482,620,464,465,242,467,241,276,468,466,285
96,678,712,682,526,367,400,402,95
229,38,487,104,489,202,486,230,231,997,1013,1014,413
672,996,807,552,808,1003,496,1009,113,628,1015,121,669,670
672,996,552,1002,1003,496,1009,977,113,628,1015,121,669,670
388,5,486,487,430,369,503,504
480,2,4,489,171,11,13,110,273,439,24,25,91
683,716,717,462,591,560,687,686,759,920,1051,1020
96,928,678,682,526,400,402,244,95
929,484,645,486,487,388,1066,1003,430,369,1009,503,504
929,388,645,486,487,484,1066,1003,430,369,1009,503,504
928,1089,1090,452,551,1066,268,180,181,408,409,987
1033,1034,1035,1003,203,855,1009,1074,1011,1015,951,950,1046
416,193,352,740,741,389,748,749,750,755,148,150,155
384,482,389,464,465,242,467,116,276,241,466
164,165,168,169,457,204,622,334,303,625,946,209,275,1082
36,324,166,167,295,165,204,334,303,275,947,1082
36,324,998,166,295,165,334,399,275,1082,539
324,166,167,457,395,204,334,303,943,209,624,275,625,944
167,457,395,204,303,209,275,539
167,296,457,169,395,303,209,275,539
352,193,106,107,203,205,748,749,751,145,148,149,150,155
384,256,482,620,749,241,465,466,276,468,242,467,284
389,741,749,750,751,148,149,150,190,189,862,191
384,482,620,237,464,465,241,467,242,118
743,447,42,92,729,182,569,90,411,412,157,287
140,301,302,460,141,1075,632,635,638,639
513,550,879,753,593,723,665,924,925,350,351
481,226,290,360,361,234,243,726,502,122,956
1088,64,706,68,69,328,51,245,312,927,60,31
160,71,46,688,307,308,52,90,59,158,159
97,98,99,963,101,939,271,272,84,86,87,88,89
97,98,99,963,101,271,272,83,84,86,87,88,89
97,98,99,963,101,964,84,86,87,88,89
2,4,10,13,341,24,26,91,93
416,193,739,740,741,749,750,751,848,755
193,739,740,741,1069,750,749,848,751,755,148
416,193,739,740,741,749,750,751,848,755
576,577,674,579,580,581,578,554,528
576,577,674,579,580,581,578,929,554
322,227,228,40,233,493,494,178,347,277,315,1085
576,577,578,579,580,581,674,929,554,1009
576,577,578,579,580,581,674,554,23
574,844,846,880,630,791,792,573,926
574,844,846,910,880,791,792,793,573,926
907,908,909,1071,880,305,1078,792,793,1022
160,614,59,42,447,92,90,411,412,157,287
98,907,908,909,1071,880,339,629,792,1048,732,1022
867,739,236,750,848,16,754,1013,150,471,151
576,929,577,580,581,554,978,979,980,505,506,508
576,577,992,960,581,510,846,654,528,980,507,509,574,511
576,577,578,992,960,581,846,654,528,980,507,509,510,511
576,577,929,580,581,846,528,978,979,980,505,506,508,733
449,450,289,833,291,518,519,333,437,1054
992,929,960,581,511,844,619,978,980,630,507,509,510,607
992,929,807,554,511,844,1011,980,630,1016,509,510,607
992,929,581,807,808,844,607,528,980,1015,509,510,511
929,577,580,581,528,978,979,980,505,506,508
384,256,482,237,464,465,241,467,276,242,285
512,553,649,589,1041,657,1043,916,728,575
320,322,325,326,327,521,876,877,144,319
480,1,8,489,10,11,171,9,110,17,115
673,742,711,902,1064,684,716,721,722,886,863,888,831
576,577,578,579,580,581,674,554,630
292,742,154,711,368,150,602,603,604,478,959
576,577,929,579,580,581,578,388,648,554,430,528,503
292,742,154,711,368,602,603,604,477,478,959
292,742,154,368,854,473,602,603,604,477,478,959
576,577,578,929,580,581,579,388,648,554,430,503
576,577,674,579,580,581,578,554
673,1060,1061,742,711,389,684,242,189,886,118,699,989
673,1060,1061,742,711,389,684,242,119,189,886,118,699,989
673,742,711,684,717,692,886,759,568,959,478,831
288,545,1090,676,5,518,103,677,1066,1067,430,402,1013,503,1052
225,167,776,233,170,457,493,303,213,1045,278,347
631,574,844,846,880,630,791,792,793,926,607
631,574,844,846,880,630,791,792,793,926,607
449,450,291,289,833,518,519,333,437,1054
631,844,846,880,926,629,630,791,792,732,574
414,574,938,844,846,880,791,792,793,573,926
631,574,844,846,880,630,791,792,793,926
631,574,844,846,911,880,630,791,792,793,926,607
414,631,574,938,844,846,880,629,791,792,793,926
609,355,966,935,936,937,358,967,661,662,535,536,1017,246
99,934,551,968,365,238,974,973,408,409,540
960,992,994,1000,653,654,926,630,991,542,543
992,544,994,960,993,961,1000,619,653,654,542,991
109,494,847,178,1079,344,345,346,347,223
992,993,994,961,1000,937,653,654,792,1017,732,541,991
387,490,748,750,274,403,306,373,374,438,441,282,284,735
736,1058,418,419,874,880,661,662,1017,1018,574
193,930,259,324,167,296,169,679,204,685,720,209,405,343
33,867,1061,903,904,520,239,529,530,29,598,599,700,989
577,802,929,578,579,452,648,427,398,529,530,370,598,599
446,631,459,844,846,880,926,629,791,792,732,574
556,557,878,559,558,561,562,563
1057,713,650,1036,239,207,881,912,913,949,761,572
683,556,557,558,878,559,561,562,563
556,557,878,559,558,561,562,563
843,556,557,878,559,558,561,562,563
683,556,557,558,878,559,561,562,563
512,675,553,589,687,719,1041,1043,697,575
556,557,878,559,558,561,562,563
843,556,557,878,559,558,561,562,563
683,556,557,558,878,559,561,562,563
193,930,259,324,167,296,169,679,204,685,720,209,405,343
610,834,612,611,680,683,556,557,559,687,561,562
611,612,836,683,556,557,559,561,562,563,667
192,866,546,548,709,550,590,879,593,664,665,763,925
548,550,940,590,591,592,593,665,600,601,954,923
192,513,546,548,709,550,298,879,593,664,665,762,925
513,546,548,550,593,753,664,665,924,925
832,546,547,548,549,550,596,599,600,601,924,925
832,546,547,548,549,550,652,564,924,925
832,546,547,548,549,550,564,599,600,925
548,955,549,550,940,590,591,592,600,922,923,925
324,166,167,296,204,685,303,720,209,275,404,405,828
1001,1004,1005,1006,1007,434,1074,404,1010,374,950,1046,828
935,936,937,938,727,535,536,537,538
935,936,937,938,727,535,536,537,538
935,936,937,938,727,535,536,537,538
609,935,936,937,727,938,535,536,537,538
955,940,941,590,591,592,693,600,601,954,923
512,612,553,589,687,1043,663,697,667,575
832,513,546,547,548,549,550,664,665,924,925
256,384,389,237,464,465,242,467,468,276,466,241,568
865,738,741,806,198,1033,1034,1069,750,1074,1046,855
866,709,879,753,210,594,595,723,982,762,763
866,709,37,879,753,594,595,723,982,762,763
866,709,879,753,594,595,210,723,982,762,763,764
704,866,709,879,753,594,595,210,723,982,762,763
866,709,879,753,594,595,210,723,982,762,763
641,515,516,140,626,632,633,634,635,638,639
641,515,516,140,626,632,634,635,638,639
139,140,301,300,335,302,460,1075,635,638,639
194,546,548,201,606,305,401,339,596,598,1048,926
642,867,199,200,204,620,622,750,238,946,947,373,374
193,1027,483,517,552,140,236,78,465,403,311,153,381,639
994,932,644,933,586,588,910,911,627,1018,606
548,955,550,940,590,591,592,593,665,600,601,954,923
737,835,650,652,716,879,596,725,982,761,764
865,738,741,806,1063,1033,1034,1069,750,1074,1046
1057,650,716,717,1036,887,913,914,692,758,759,831
567,599,650,716,717,887,594,595,596,597,758,759,831
650,759,716,717,914,594,595,596,758,887,597,761,831
650,759,716,717,914,594,595,596,758,887,597,761,831
192,513,866,546,548,709,550,593,664,665,762,924,925
192,866,709,879,753,594,595,593,596,597,664,665,762,763
320,322,326,327,521,875,876,76,144,319
192,866,709,879,753,594,595,593,596,597,664,665,762,763
318,868,869,871,872,873,425,212,378,1085,222
832,737,599,759,564,597,596,598,925,350
832,737,759,564,596,598,599,23,597,925,350
481,106,203,107,145,433,243,436,502,122,123
160,614,71,42,92,307,411,90,59,412,157,447
737,546,548,599,759,401,596,597,598,23,564
832,737,546,759,401,596,597,598,599,23,564
484,489,171,110,273,115,19,371,342,1013,24,25,283
683,556,557,878,558,559,561,562
512,612,553,589,687,1041,1043,663,667,575
759,1036,692,949,863,887,760,761,1021,831
1036,879,912,753,723,725,982,313,764,351
313,1036,879,912,753,210,723,949,982,761,764,351
832,313,1036,912,753,723,982,62,761,764,350
832,313,1036,652,912,753,723,982,761,58,764,62,351
675,647,680,695,657,658,663,728,697,666,667,731
647,680,649,657,658,916,728,697,667,731
675,647,680,695,719,657,658,915,916,663,728,697,666,667,731
646,680,714,657,690,658,691,915,916,728,667,988,731
899,680,649,657,690,658,691,916,1041,915,728,731
897,743,520,447,79,182,183,729,700,63,287
675,646,647,680,714,657,658,915,697,667,988
832,608,195,196,197,710,70,201,206,208,53,380,62
609,582,966,586,844,588,846,880,497,661,662,791,574
576,577,580,134,615,616,585,330,80,247,445,415
992,993,994,961,960,1000,938,653,654,630,926,991
992,993,994,960,961,966,1000,653,654,1017,926,991
673,1060,1061,837,1063,809,942,886,730,989
647,680,695,686,657,983,693,694,663,600,667
834,675,610,647,680,663,657,658,695,728,697,667,731
675,891,647,680,695,714,1083,719,658,663,697,667,731
647,746,651,683,878,558,657,690,691,660,561,920,667,668
1026,999,744,746,651,971,657,690,691,660,658,920,668
647,680,746,651,556,683,690,691,660,920,698,668
451,164,263,264,15,61,27,127,29,30,735
577,131,617,618,106,205,45,145,433,155,286
545,229,230,231,997,38,816,1014,216,413
545,229,230,231,997,38,816,1014,827,413
545,229,230,231,997,38,816,1014,825,413
1064,650,716,887,914,692,949,758,886,760,761,831
675,805,680,744,657,690,691,658,561,885,920,697,731
805,744,1034,971,657,690,691,884,658,728,731
134,615,616,585,80,790,247,445,446,415
641,515,516,140,301,626,632,635,639
992,609,994,584,938,619,926,1012,606,607
609,994,355,584,936,937,619,938,1012,606,607
833,289,449,291,450,519,333,220,1054
929,577,388,581,486,648,1003,528,401,1009,980,598,607
545,676,677,229,230,231,997,235,814,815,816,20,826,827,413
27,906,458,368,434,379,30,950,471,440,602,603,604,478
896,899,836,612,841,1065,663,667,1020,894,895
899,836,841,1065,683,557,560,1043,563,920,698,1020,894,895
870,776,811,845,1084,917,984,281,314,860,1085,222
320,321,325,326,327,521,522,524,877,144,319
320,321,325,326,327,521,523,524,525,877,144,319
320,321,322,326,327,521,523,524,525,77,144,319
1057,713,650,1036,239,207,881,912,913,949,761,572
675,647,680,663,686,696,693,694,695,728,697,731
675,647,746,651,557,560,690,563,660,663,920,698,668
673,902,711,721,722,949,54,887,888,761,989,831
675,647,680,663,686,696,657,693,694,695,728,667
615,616,585,330,80,247,444,445,446,415
257,743,79,240,306,659,182,279,729,700,183,63
641,515,140,301,300,626,1075,634,635,638,639
641,515,140,301,300,626,1075,634,635,638,639
388,5,486,487,645,430,369,503,504
675,647,680,695,719,657,658,663,728,697,667
675,680,1083,651,719,657,690,658,691,663,697,667,668
1036,717,914,692,949,831,759,760,761,1021,863
675,836,647,680,657,658,693,663,728,697,667
832,737,548,549,652,564,598,599,925,350
676,677,815,527,816,817,820,821,823,824,825,826
609,582,966,586,587,588,844,846,880,791,573,574
673,292,742,1033,1034,684,1069,368,914,1074,468,565,568,154
759,1036,914,692,949,831,887,760,761,1021,863
292,568,1069,468,565,471,472,473,602,604
292,568,1069,468,565,471,472,473,602
292,568,1069,468,565,471,472,473,604
318,868,869,871,872,873,425,212,378,1085,222
864,292,742,1069,717,565,759,568,153,796,478
864,568,759,1036,717,914,692,54,887,760,761,797,831
292,742,568,1069,468,565,150,471,341,26,477,478
1024,324,167,395,1038,92,209,275,405,343,120,90,828
320,321,325,326,521,523,524,77,525,877,144,319
675,836,647,680,695,714,686,657,693,663,697,667,731
650,759,716,717,849,914,692,758,887,886,699,734,831
704,705,706,707,708,37,70,429,80,380,702,703
839,840,882,1076,885,1077,983,890,891,892,1021
70,331,364,1070,78,368,434,150,311,154,380,381,62
704,705,706,707,708,37,70,429,380,702,703
704,705,706,707,708,70,429,380,573,702,703
226,36,230,360,361,234,873,362,272,726,956,29
641,515,140,301,335,626,1075,634,635,638,639
641,515,140,301,300,626,1075,634,635,638,639
673,1060,902,684,721,722,54,886,888,730,831
865,1033,1034,1035,855,951,1074,404,1046,950,735
865,1033,1034,1035,855,951,1074,404,1046,950,735
1091,1029,998,134,1030,1032,458,330,1001,1033,969,432,851,309
646,680,714,719,728,690,658,691,915,916,663,920,667
675,647,695,686,719,728,657,915,916,693,663,920,666,667
897,898,901,838,842,589,690,691,884
897,898,901,838,842,589,690,691,884,703
897,898,901,838,842,589,690,691,884,703
683,556,557,878,558,559,561,560,563
388,5,486,487,430,369,503,504
194,643,740,741,1060,711,837,809,1061,1063,886,54,730,989
641,515,140,301,335,626,1075,632,634,635,638,639
672,265,621,113,435,121,220,669,670,671
672,265,621,113,435,121,27,220,669,670,671
672,265,621,113,435,121,220,669,670,671
672,265,621,113,435,121,220,669,670,671
672,265,621,113,435,121,220,669,670,671
97,99,939,271,272,83,84,85,86,87,88,89,1050,255
641,515,140,301,626,1075,632,634,635,638,639
640,641,140,301,300,1075,635,636,637,638,639
900,680,649,657,658,1041,916,915,728,697,731,667
99,100,101,551,232,366,84,85,89
416,673,352,740,741,747,748,749,750,751,755,148,887,989
582,937,586,587,588,938,846,926,732,574
676,677,814,815,816,817,820,821,823,824
676,677,814,815,816,817,818,820,821,823,824
934,551,908,909,974,973,1071,401,1022,408,121,570,126
782,783,784,785,786,787,788,789
834,839,1021,882,1076,885,1077,983,600,889,890,891,892,893
834,610,839,840,680,882,1077,983,891,892,1021
772,773,774,845,1072,375,344,217,218,765,766
839,988,559,1021,882,562,1076,1077,890,891,892,893
193,930,642,296,685,720,625,946,947,945,343
193,930,642,296,685,622,173,720,625,946,947,343
834,839,840,882,885,983,890,891,892,1021
193,930,642,296,685,720,625,946,947,945,343
900,839,714,1021,882,915,1076,1077,889,890,892,893
899,900,839,649,657,882,1021,1077,983,728,890,892,893
899,900,839,649,1021,882,1076,1077,728,890,731,892,893
938,844,846,880,926,629,791,792,793,732,574
673,1060,1061,837,1063,809,942,886,54,730,989
844,846,880,926,629,791,792,793,732,574
576,577,578,131,581,70,616,617,618,585,45,1081
782,783,784,785,786,787,788,789
782,783,784,785,786,787,788,789
782,783,784,785,786,787,788,789
782,783,784,785,786,787,788,789
772,773,774,422,345,845,1072,375,344,217,218,765,766
673,902,711,684,721,722,54,886,888,730,831
675,805,744,657,690,691,658,920,697,698,667,668
768,769,770,771,772,773,774,845,1072,375,217,218,767
768,769,770,771,772,773,774,845,1072,375,217,218,767
768,769,770,772,773,774,845,1072,375,344,217,218,767
768,769,770,771,772,773,774,845,1072,375,217,218,767
382,35,555,331,78,50,179,372,57,830,927
865,194,195,740,741,197,1033,1034,750,1074,755,981
772,773,774,422,425,845,781,1072,375,217,218
772,773,774,422,845,781,1072,375,217,218
772,773,774,422,40,345,845,1072,375,344,217,218
576,577,578,579,580,581,1056,605,520,554,699,627,507,1083,733
865,356,741,806,489,1034,1033,813,1074,116,981,862
896,675,836,899,840,841,1065,697,891,894,895
1060,1061,837,809,568,759,717,849,914,692,886,887,758,730,989
834,839,840,882,983,890,891,892,1021
649,746,651,683,560,660,920,698,666,731,668
782,783,784,785,786,787,788,789
782,783,784,785,786,787,788,789
650,716,717,656,849,914,692,758,759,699,734,831
322,327,782,783,784,785,786,787,788,789
650,716,914,692,949,758,887,760,761,831
800,801,811,108,109,780,812,781,340,347,349,798,799
800,801,811,108,109,780,812,781,340,347,348,349,798,799
800,801,170,811,780,109,812,340,344,345,347,798,799
800,801,811,108,109,780,812,781,340,347,349,798,799
800,801,811,108,109,780,812,781,340,347,348,798,799
899,836,900,649,1065,841,657,916,731,1020,894,895
800,801,170,780,109,812,781,340,344,345,347,798,799
896,899,836,841,1065,667,1020,894,895
832,737,323,549,652,564,599,925,350
610,834,680,553,589,687,591,592,912,1043,723,753,923,575
471,292,747,749,751,752,148,149,150,151,472,603,604,478
257,293,743,569,240,79,306,659,729,411,412,63
160,287,71,743,447,42,411,412,90,59,92,159
322,325,326,327,521,876,877,144,319
773,870,775,776,425,777,778,779,845,984,378,1085,222
421,870,775,776,425,777,778,779,845,984,281,378,860,1085,222
773,870,775,776,425,777,778,779,845,984,378,1085,222
864,742,650,759,717,914,761,886,887,863,54,699,831
772,870,775,776,777,779,314,845,984,281,378,1085,222
870,775,776,425,777,778,779,845,984,281,378,860,222
612,839,882,1076,1077,885,983,889,890,1021
900,839,1021,882,885,1077,983,889,890,1051,892,893
1057,673,835,1060,837,650,1036,684,913,723,725,758,761,572
166,169,204,622,943,624,625,946,947,944,334,1082
900,839,1021,882,1076,1077,889,890,1051,892,893
900,839,557,1021,882,1076,1077,983,889,890,1051,892,893
769,771,772,773,774,345,845,1072,375,344,217,218,767
930,36,166,295,679,998,296,685,334,399,720,343,444
899,836,900,649,1065,657,1041,916,728,731,894,895
747,683,556,558,557,752,561,878,563,751,150
747,683,556,558,559,752,561,751,563,878,149,150,151
535,935,936,937,584,938,627,727,536,537,538
929,580,581,388,486,648,1003,528,401,1009,598,599,607
641,515,140,301,300,626,1075,634,635,638,639
163,324,167,296,204,303,569,209,275,404,405,215,185,828
896,899,836,675,351,313,841,1065,753,723,597,697,894,895
897,898,901,838,842,560,690,691,884,703
897,898,901,838,842,560,690,1043,884,691
832,547,652,912,564,598,599,925,350
843,683,557,558,559,560,561,562,878,920
514,392,393,137,301,302,141,146,635,639
896,610,611,612,675,841,683,556,557,559,560,561,563,697
160,287,614,71,447,42,307,411,412,90,59,92,158,159
832,879,912,753,210,723,564,596,597,599,598,351
741,998,490,715,237,750,718,1074,755,851,501,469,534,216
896,832,323,549,590,591,687,592,531,533,922,923
704,608,387,68,69,70,484,267,718,51,852,249,380,381
382,1028,331,78,1070,830,372,311,958,927
641,515,516,140,301,626,1075,632,633,634,635,638,639
37,198,491,492,622,946,538,1044,1047,1082,860
167,457,395,204,303,209,275,539
805,744,714,1070,657,690,691,658,663,920,667
160,614,743,447,42,92,411,90,59,412,287
166,169,204,622,943,624,625,946,947,944,334,1082
166,169,204,622,943,624,625,946,947,944,334,1082
864,650,568,1036,717,914,949,831,887,760,54,761,796,863
416,417,1025,673,903,904,1064,722,888,797
995,613,807,808,431,272,1011,1015,1016,957
995,613,807,808,1002,431,1011,725,1015,1016,957
835,650,716,656,849,914,692,758,887,699,734,831
870,776,845,1072,1073,918,344,281,314,349,1085,222
641,515,516,140,301,302,626,883,757,632,635,638,639
97,98,99,963,6,232,366,304,83,86,87,88,89,255
992,67,419,358,105,874,654,655,497,661,246,662,249
480,484,489,11,171,172,110,813,17,81,439
352,193,165,200,748,749,751,752,373,374,149,150,284
512,290,226,776,361,234,233,170,394,687,1041,726,378,575
290,226,776,361,234,170,394,845,1041,726,378,860,575
97,934,551,968,810,939,653,973,974,304,408,409,540
672,265,621,496,113,1081,435,121,220,669,670,671
1027,483,78,1070,830,951,311,381,958,927
256,3,390,748,237,14,143,241,274,403,116,276,94
994,933,936,937,619,653,846,654,627,1012,629,1017,605,607
517,140,301,302,141,1075,724,635,638,639
994,933,936,937,619,653,846,911,627,536,605,574,607
292,568,1069,174,468,565,150,472,473,602,603,604
673,902,711,684,721,722,54,886,888,730,831
162,130,541,421,459,653,654,470,790,1049,442,247,445,446
677,814,815,817,818,819,820,821,823,824
814,817,818,819,820,821,823,824,825
64,66,259,583,236,152,88,60,127
64,66,259,236,152,88,60,61,127
64,66,357,294,583,173,653,654,152,443,60,127
162,132,421,134,653,399,80,470,790,88,1049,511
67,419,105,874,654,655,661,662,246,1018
64,66,259,583,236,152,88,60,127
832,547,549,652,564,598,599,665,925,350
647,680,695,686,657,983,691,693,694,663,920,667,988
680,663,686,696,657,690,691,658,693,694,695,920,731
162,130,421,134,399,309,470,1049,442
162,130,421,134,399,309,470,248,1049,442
162,130,421,134,653,654,399,470,790,1049,442
64,357,294,583,173,653,654,336,127,88,443,60,152,511
739,740,867,741,998,715,718,848,850,755,851,469,534,1046,216
613,200,107,203,718,23,373,374,1046,469,1016,284,221,216
416,417,1025,673,903,904,711,1064,684,722
416,417,673,1025,903,904,711,1064,684,722,886
1028,520,331,1070,78,403,958,311,380,381,830,927
704,68,37,70,708,715,844,429,496,721,926,630,1051,380,702,703
704,707,68,37,70,414,715,429,271,818,792,987,380,702,703
704,705,706,707,708,37,70,715,267,429,702,703
704,705,706,707,708,37,70,715,267,429,702,703
929,577,803,804,581,328,173,528,401,948,566,312,570,1055
929,577,803,804,328,173,528,401,948,566,312,570,1055
704,705,707,708,37,70,267,715,429,380,702,703
704,706,707,708,68,70,387,574,429,981,380,702,703
998,715,718,850,851,403,373,374,179,469,534,216,958,639
928,193,802,7,391,383,15,367,243,22,29,30,286
739,740,741,387,490,750,951,755,403,501,469,855,534
609,966,582,967,905,938,937,535,536,793,475,1017
480,1057,387,516,392,202,110,81,19,342,282
388,5,486,487,430,369,503,504
1001,1035,364,1004,1005,855,849,434,1074,404,951,950,1046,1010,154
668,746,651,683,560,690,691,660,658,920,698,988
833,289,450,291,449,519,332,333,1054
546,548,550,1036,590,591,592,593,210,664,665,924
929,577,580,599,103,616,585,49,401,564,598,23,509,510
1091,132,997,998,458,718,432,850,851,853,469,216
480,484,489,171,172,11,110,813,81,273,24
865,1033,1034,1035,951,1074,434,950,855,1046,735
1033,1034,1035,1003,855,1009,1074,1011,950,951,735
833,289,450,449,291,519,332,333,1054
814,817,818,819,820,821,823,824
814,527,817,818,819,820,821,823,824
676,814,816,817,818,819,820,821,823,824
736,1058,418,874,661,662,792,1017,1018
814,817,818,819,820,821,823,824
814,817,818,819,820,821,823,824,826
814,817,818,819,820,821,823,824
677,814,815,816,817,820,822,825,826,827
677,814,815,816,817,819,822,825,826,827
675,646,647,999,714,658,915,916,663,728,697,667,731
677,814,815,816,817,820,821,822,825,826,827
675,647,680,649,970,657,658,1041,916,915,728,697,731
677,814,815,816,817,820,822,823,825,826,827
676,677,814,815,816,817,820,822,825,826,827
677,814,815,816,817,820,822,823,825,826,827
647,649,651,971,719,728,657,658,915,916,920,697,667,668,731
388,5,486,487,430,369,503,504
673,1060,1061,837,684,886,758,730,989
673,1060,1061,837,684,942,886,758,989
584,574,936,619,938,846,654,1012,606,607
1026,843,683,557,558,559,878,561,562
416,1025,417,673,903,904,1064,684,54,571,796,797
1029,987,1030,1032,1031,977,1080,857,858,859,990,1087
1029,987,1030,1032,1031,977,1080,857,858,859,990,1087
416,673,1025,711,684,462,722,886,854,888,730,476,831
929,388,5,486,487,430,369,503,504
929,388,5,486,487,430,369,503,504
609,935,936,937,938,727,535,536,537,538
994,355,935,936,937,938,727,535,536,537,538,926
997,1001,1002,1003,1004,458,1034,1033,1008,1009,432,855,1015,1016
935,936,937,938,727,535,536,537,538
1029,987,1030,1032,1031,976,977,857,858,859,990,1087
545,36,817,819,820,309,821,823,824,794,795
795,36,815,816,822,825,794,827,826
608,1030,1031,969,976,977,18,987,125,990
673,1060,837,1061,684,942,886,758,730,989
535,935,936,937,938,910,727,536,537,538
673,1060,1061,837,684,886,730,989
609,993,931,260,966,967,936,937,358,938,399,112,246
646,647,714,657,658,915,916,728,697,667,988,731
416,739,740,741,1062,713,750,239,848,755,831,758,949,863
839,882,1076,885,1077,983,889,890,892,1021
162,1091,132,421,998,134,718,399,850,851,309,470,248
900,839,1041,882,1021,1076,885,1077,890,892,893
258,932,933,644,935,619,543,910,911,336,607
644,933,932,619,910,911,605,606,607
1091,998,814,432,850,851,820,853,822,823,921,986
418,644,582,967,586,587,588,846,926,1017,732,574
257,41,43,46,47,688,689,914,659,307,182,55,310,59,120
576,929,580,581,932,648,329,269,1038,528,1081,733
929,581,528,1009,978,979,980,505,506,508
929,581,528,978,979,980,23,505,506,508
99,934,551,968,973,974,85,408,409,540
867,740,715,622,750,718,850,755,851,501,534,1046,469,216
1060,1061,837,711,1063,809,942,886,54,730,989
864,705,292,773,742,297,906,717,48,434,150,440,473,602,478
548,955,550,940,590,591,592,593,600,601,954,923
166,169,204,622,943,944,625,946,945,624,1082
166,169,204,622,943,944,625,946,624,945,334,1082
166,169,204,622,943,944,625,946,624,947,334,1082
896,899,836,675,841,1065,657,698,697,954,1020,894,895
166,169,622,943,944,625,946,624,945,334,1082
631,844,846,880,926,629,630,791,792,793,732,574
960,992,961,542,1000,543,653,654,630,541,926,991
960,993,961,992,1000,936,536,653,654,629,792,541,991
960,961,993,992,935,1000,937,936,653,654,541,991
993,932,933,644,936,653,910,911,627,629,606
609,993,355,966,967,936,937,1000,905,588,662,475
736,993,609,966,967,1000,937,905,654,880,535,536,475
166,169,622,943,944,625,946,947,624,334,945,1082
954,546,547,548,955,549,550,940,590,591,593,600,922,923
99,934,551,968,973,974,85,408,409,540
128,129,548,549,427,972,398,370,371,564,94
1001,1002,1003,1004,1005,1006,1007,1008,1009,1010,1011,1015,1016
1001,1002,1003,1004,1005,1006,1007,1009,1010,1011,1015,1016
1001,1002,1003,1004,1005,1006,1007,1008,1009,1010,1015,1016
1004,1005,1006,1007,1008,1068,1010,1011,431,1015
1004,1005,1006,1007,1008,1068,1010,1011,1015
995,1004,1005,1006,1007,1008,1068,1010,1011,1015
1004,1005,1006,1007,1008,1068,1010,1011,1015
1004,1005,1006,1007,1008,1068,1010,1011,1015
1004,1005,1006,1007,1008,1068,1010,1011,1015
1004,1005,1006,1007,1008,1068,1010,1011,1015
1001,1003,1004,1005,1006,1007,1009,1010,1011,1015
1001,1003,1004,1005,1006,1007,1009,1010,1015
995,1004,1005,1006,431,1007,1008,1010,1011
673,742,711,902,684,721,722,831,886,888,478,959
838,1036,462,882,1076,885,1077,760,761,890,1051,1021,889,863
99,101,934,551,968,973,974,304,84,85,409,540
993,934,551,1000,968,973,974,408,409,540
891,955,840,940,941,590,600,601,954,923
859,1029,1030,1031,1032,969,977,987,990,1087
1029,1030,1031,1032,969,977,857,987,990,1087
1029,1030,1031,1032,969,976,977,987,990,1087
1029,1030,1031,1032,969,976,977,987,990,1087
1029,1030,1031,1032,969,976,977,987,990,1087
1029,1030,1031,1032,969,976,977,1080,987,990,1087
1029,1030,1031,1032,969,976,977,987,990,1087
612,681,298,683,841,589,591,560,592,1043,1076,1077,600,1019
929,577,579,388,581,648,554,430,528,401,503,570
294,583,328,648,173,336,528,1042,948,566,312,443
292,154,747,749,751,752,148,149,150,151,602,603,604,478
736,609,1058,418,419,874,661,662,1017,1018,732
736,609,1058,418,419,874,661,662,1017,1018,574
568,1036,914,949,863,758,760,761,1051,1021,831
1028,331,78,1070,338,958,372,311,56,830,927
923,953,940,557,590,941,600,601,954,955
923,900,940,590,591,600,953,954,955,893,575
960,993,994,992,961,936,1000,937,653,846,654,991
992,993,994,961,960,1000,936,653,846,654,629,1017,991
992,993,994,961,960,1000,936,653,654,846
992,993,960,994,961,966,1000,653,654
808,745,428,12,339,500,693,856,94,187,990
745,600,428,12,339,500,693,856,94,187,990
808,745,600,428,12,339,500,693,856,187,94
898,901,745,266,428,12,339,500,856,187,94
162,1091,997,998,166,421,330,399,309,470,248,444
1057,835,1036,1039,1040,913,881,723,949,758,761,572
745,428,12,690,339,500,693,856,94,187,990
1028,331,78,1070,958,372,311,830,927
2,4,10,13,341,24,26,91,93
1028,331,78,1070,338,372,311,830,927
99,963,964,101,100,551,968,939,973,974,84,85,88,89
99,964,101,963,965,100,551,968,939,973,974,84,85
97,99,964,965,101,100,968,939,973,87,255
97,98,99,100,965,101,939,86,87,88,89,1050,255
99,934,551,968,973,974,408,409,540
160,71,46,688,307,308,52,59,158,159
964,1068,1005,1006,1007,1008,1004,1010,1011
1056,1057,835,650,1036,716,1040,913,725,758,761,572
359,7,114,306,404,757,309,499,216,18,735,987,857,95
198,491,492,269,946,538,1044,565,1047,1082,574
96,678,712,682,526,367,400,402,95
737,835,807,808,520,1002,652,594,595,1011,725,1015,1016,957
96,678,712,682,526,367,400,402,95
96,678,682,526,367,400,402,95
1029,1030,1031,1032,969,987,975,976,977,1080,859,990
1029,1030,1031,1032,969,975,976,977,1080,987,990
1029,1030,1032,969,975,976,977,1080,987,990
96,678,682,526,367,400,402,95
162,130,421,585,459,399,309,470,248,1049,442
1057,1025,239,207,881,753,723,913,949,758,761,572
1067,1037,474,977,858,987,1052,990,1087
1067,1037,975,474,977,857,858,1052,990,1087
859,1067,1037,474,977,1080,858,987,1052,990,1087
610,834,923,680,940,941,590,600,601,954,955
512,1057,835,553,1036,589,687,1040,1039,913,1043,572,575
960,992,584,606,1000,619,844,911,1012,605,926,607
899,680,649,657,690,658,691,916,1041,915,728,731
992,993,994,960,961,1000,653,654,630,541,926,991
577,907,908,844,909,1071,880,496,791,28,573,1022
577,907,908,844,909,1071,880,496,1022,791,28,574
512,899,553,649,589,687,1041,1043,916,728,575
548,955,940,941,590,591,600,601,954,923
940,941,590,591,601,600,953,954,955,889
67,260,419,358,105,654,655,497,246,249,1018
932,933,644,936,937,910,911,627,61,606
3,923,955,681,298,590,591,14,600,954,1019,667,94,922
512,1057,835,553,1036,1039,1040,913,687,1043,758,761,575
544,960,994,993,961,935,653,910,654,991,573,542,543
645,202,1004,1005,1068,1007,1008,1006,1010,404,1013,950,374,735
641,515,516,140,301,626,1075,632,633,634,635,638,639
993,584,937,1000,619,910,846,627,1012,629,606,607
736,994,1058,418,967,874,661,662,1017,1018,574
992,67,260,105,874,655,271,497,661,662,249
2,4,10,13,341,24,26,91,93
672,265,496,113,435,121,220,669,670,671
739,613,490,364,750,951,1074,434,726,855,1053,735
162,1091,132,997,998,166,421,295,399,432,851,853,309,248
353,453,423,424,425,426,917,376,377,378,252
1091,132,421,998,718,850,851,853,469,247,921,444,445
583,328,366,336,1042,566,507,312,506,443,60,509,510,511
929,1059,134,583,328,585,395,173,1042,948,566,312,250,445,446,415
517,140,301,302,300,626,724,634,635,638,639
928,96,802,678,391,682,526,367,243,244,22,95
928,577,802,578,580,581,554,15,243,22,122,188,383
736,1059,874,236,1042,661,662,250,60,511
672,289,329,332,333,621,401,572,1081,570,27,220,1054
1029,1030,1032,969,975,976,977,1080,987,990,1087
512,647,553,589,557,687,1041,1043,575
484,485,489,171,11,813,110,17,115,342,439
480,485,489,11,171,813,110,17,115,439
480,489,11,172,813,110,171,17,81,439
480,485,489,11,171,110,273,17,115,371,342
480,485,489,11,171,813,110,273,115,371,342,439
577,802,484,581,489,11,172,813,110,174,175,273,17,115,383
772,774,102,488,233,845,1072,1073,212,884,375,344,222
0,1,4,8,9,10,19,341,26,93
0,1,8,9,10,172,13,26,93
0,1,2,4,8,9,10,13,341,26,93
0,1,4,8,9,10,13,19,341,26,93
871,360,425,362,234,873,618,426,499,436,212,919,184,378
288,833,289,450,291,519,333,220,1054
288,449,450,289,833,291,519,333,437,1054
631,844,880,497,629,791,793,732,573,574
1091,997,998,458,718,432,850,851,853,855,921,735
480,481,485,489,11,813,110,463,17,115,342,439
609,385,905,907,908,1071,1078,118,792,220,1022
576,929,33,803,804,581,648,328,173,528,948,566,1055
650,717,656,849,914,692,758,887,568,699,734,831
673,1060,1036,684,914,722,888,949,758,887,863,761,831
97,98,99,964,101,963,100,934,939,85,86,87,88,89
354,869,423,872,425,424,919,499,214,215,185,186
288,449,450,289,833,518,519,333,437,1054,1023
68,37,70,708,422,39,743,40,429,947,852,920,380,702,703
1088,704,68,37,70,229,69,267,429,51,380,413,702
675,646,680,714,719,690,658,915,916,728,697,731,988
96,678,682,526,367,400,402,95
928,962,802,452,1066,1067,1037,1014,474,1052
160,71,297,75,46,688,307,308,90,59,158,159
294,583,173,336,1011,404,948,566,1015,312,1016,443,60,735
928,96,391,526,367,243,244,22,502,122,382,95
289,833,449,965,103,329,332,333,87,220,1054,671
866,709,298,879,753,594,595,723,762,763
865,740,741,1033,1034,750,855,849,1074,951,759,862,735
258,357,294,173,336,948,245,727,537,60
68,70,998,458,267,715,718,432,850,851,852,469,855,216,703
1029,1030,1031,1032,969,977,1080,987,990,1087
160,71,74,46,307,308,52,310,59,158,159
3,229,38,230,104,231,997,14,1014,413
545,162,1091,132,997,166,998,229,230,458,231,399,432,248,413
743,447,42,182,183,729,90,700,157,412,287
736,1058,418,419,874,844,661,662,1017,1018
576,577,579,580,581,554,508,978,979,980,629,23,505,506,732,1086
1091,997,998,458,1004,1005,1006,1007,432,1008,1010,986,444
227,108,109,494,847,1079,344,345,347,348,223
705,3,390,1033,12,14,274,438,374,441,282,156,94
640,33,996,137,299,140,460,301,335,204,1075,724,636,637,639
416,673,738,806,903,1064,904,684,241,242,886,759,796,797
1089,1090,452,712,1001,1066,202,908,1068,1004,1010,180,181,508
1089,1090,452,1001,1066,202,908,1068,49,1010,180,181,474,508
288,833,450,5,518,487,486,519,1011,503,1016,220,1054
576,577,802,580,581,554,15,367,243,22,122,188,383
65,103,49,594,595,596,597,598,599
33,610,553,106,556,557,558,623,529,433,530,600,155
866,709,134,330,879,593,594,595,309,664,665,444,415
166,169,334,943,944,625,946,945,947,624,1082
160,159,257,163,293,743,79,569,90,59,92,63
96,678,391,682,526,367,400,95
897,898,901,838,743,520,447,842,884,182,183,700,287
928,382,802,1028,391,555,15,402,243,244,22,56,830
292,742,711,391,122,15,368,243,22,886,150,502,154,123,478
480,484,489,11,171,172,110,17,273,115,439,24
