196,710,396,1036,206,208,28,862,864,496,53,952,55,760,379,444
267,397,150,471,472,473,602,154,603,604,797,155,151,153,283,41,43,364,1069,567,568
832,902,1036,396,721,28,669,862,863,864,33,616,496,497,949,54,760,889,379,62
194,195,197,201,912,210,723,350,753,949,58,764,62
267,147,471,472,473,153,154,155,283,349,222,738,292,364,1069,567,379
1025,196,389,903,904,713,207,208,796,797,416,417,1062,806,1064,571,191
642,847,852,1045,213,278,343,347,860,225,227,422,743,362,170,751,175,1013,700
340,277,1045,344,345,347,349,159,161,297,108,109,46,47,688,307,308,52,310,55,315
705,707,70,715,267,331,337,403,37,429,496,51,760,58,380,381,702
641,139,140,335,147,724,57,34,743,177,179,756,757,633,636
641,139,140,335,147,57,611,301,175,177,179,756,757,759,633,635
641,515,516,139,140,335,147,724,57,34,743,177,179,756,757,633
194,195,197,710,199,201,207,912,210,723,28,753,58,62
194,195,197,199,201,1036,912,210,723,30,350,58,753,570,62
517,147,35,299,44,300,175,177,50,179,56,57,382
517,460,147,35,299,44,300,175,177,50,179,56,57
847,211,347,223,227,228,233,170,812,493,494,109,178,1079
777,845,1085,918,984,985,281,860,861,222,354,314,316,317
454,847,211,1045,917,223,227,228,229,230,231,424,233,493,494,318
257,79,659,471,473,92,293,39,40,47,48,240,306,307,308,569,124,63
257,79,659,471,92,158,293,39,40,47,48,240,306,307,308,569,124,63
196,903,904,713,778,206,207,208,796,797,416,417,1062,1064,55,571,191
194,195,197,902,199,201,1036,848,723,862,33,739,753,570,764,62
132,198,1038,1041,1044,981,534,1047,95,96,867,678,489,682,491,492,436
79,90,411,92,412,287,614,42,46,307,308,63,447
65,963,6,21,88,95,96,99,100,678,682,363,365,238,175,176,883,1079
194,195,197,201,912,401,210,848,723,1048,739,753,564,949,570,764,62
71,72,158,159,43,46,47,48,688,307,52,308,120,59,124
71,72,158,159,39,41,43,46,47,48,688,307,52,308,120,59,124
72,74,158,41,43,46,47,48,688,307,52,308,310,120,59,124
72,74,158,41,43,46,47,48,688,307,52,308,310,120,59,124
194,643,195,837,197,199,201,713,207,730,925,989,1060,1061,809,942,886,58,62
640,641,139,461,724,57,34,35,177,50,633,636,637
389,198,904,267,337,1044,1047,153,473,96,738,1061,678,682,491,492,436
457,395,204,334,80,209,275,539,163,164,36,166,295,168,169,303,624,625,1082
642,643,194,195,197,199,713,201,207,912,221,1057,620,881,120,58,572,62
322,847,211,918,344,223,227,228,102,488,233,40,493,494,495
394,780,340,344,345,347,348,349,798,799,800,801,170,811,108,109,812
192,590,591,592,593,664,665,922,546,547,548,549,550,941,953,954,955
135,776,777,845,206,918,984,985,860,861,222,420,426,1073,1084,829,254
902,70,205,721,722,145,862,863,33,865,1061,1063,809,107,888,54,760,379,380,381
780,781,340,344,345,346,347,348,349,798,799,800,801,170,811,108,812,109,1079,1084
780,781,340,344,345,347,348,349,798,799,800,801,170,811,108,812,109,1084
394,340,344,345,346,347,348,349,223,108,109,178,1079
194,195,197,709,199,201,848,912,210,982,866,739,740,750,879,753,755,762,763,764
776,845,918,984,985,281,860,861,222,868,869,870,871,1073,314,1084,1085,318
212,918,919,984,985,222,354,868,869,872,425,426,366,1072,1073,499
257,73,79,659,533,729,90,92,293,40,42,687,240,120,569,63
257,73,79,659,533,729,90,92,293,40,42,240,307,120,569,63
918,860,861,224,225,161,227,228,102,488,233,495,1073,765,766
71,72,73,158,159,160,41,43,46,48,688,498,307,52,308,310,55,120,59,124
453,845,917,919,281,860,861,353,354,424,425,377,314,316,317,318
258,328,910,911,336,339,932,933,235,173,305,948,566,248,60,61
131,134,6,907,908,909,268,1022,803,1071,304,117,247,889,126,446
64,961,66,259,583,653,336,152,236,173,948,245,566,60,127
918,860,861,224,225,161,227,228,102,488,233,495,1073,765,766
203,352,96,481,356,106,107,433,243,436,502,122,123
386,198,712,203,145,402,96,356,551,106,107,433,243,436,502,123
65,648,716,652,528,912,594,595,596,597,598,599,103,564
264,393,16,18,20,413,290,164,229,230,231,104,38,168,754,1013,1014
71,72,73,74,158,159,160,46,688,307,52,308,59
320,321,322,325,326,327,521,76,77,144,875,876,877,319
71,72,74,158,159,160,46,307,52,308,120,59
129,579,580,581,398,401,23,28,350,862,548,549,554,496,497,949,54,247,890
71,72,74,158,159,160,46,307,52,308,120,59
71,72,74,158,159,160,46,307,52,308,120,59
453,845,917,281,860,861,353,354,423,424,377,314,316,317,318
1090,771,454,270,1045,217,860,861,222,224,225,102,998,488,366,751,495,49,499,56
776,777,845,212,918,984,985,281,860,861,222,870,1072,1073,314,1084,1085
960,259,963,6,1042,84,790,88,736,98,99,1059,296,250,236,506,127,1086,511
1090,131,148,1045,1047,153,1050,735,224,420,103,362,491,811,366,751,175,113,49,1013,952
394,340,344,345,346,347,348,349,108,109,178,1079
320,321,322,325,326,327,521,76,77,144,875,876,877
845,918,984,985,281,860,861,222,353,868,869,870,871,1073,314,1085,318
845,918,984,985,281,860,861,222,353,868,869,870,871,1073,314,1085,318
521,524,847,144,211,1045,213,344,345,349,227,228,233,875,493,494,751,1073
260,966,967,905,399,609,931,804,358,936,937,938,363,112,627,246
394,340,344,345,346,347,348,349,108,109,178,1079
574,585,459,846,80,414,415,615,616,631,247,444,445,446
385,193,389,148,149,534,468,150,352,747,749,750,751,752,119,189,191
71,72,74,75,158,159,297,46,47,688,48,307,52,310,120,59,124
257,961,964,79,659,729,411,412,422,39,40,47,240,306,569,124,63
1088,68,69,718,468,471,472,31,481,356,484,555,429,1069,51,372,436,371
642,199,200,1034,1046,855,284,1001,1002,1003,620,1009,434,1011,1074,373,374,1016
193,203,148,149,150,151,352,356,42,491,748,747,749,751,752,436
193,385,389,267,203,205,145,153,730,155,283,221,154,106,107,751,241,433,567,189
1036,912,210,723,595,594,982,863,351,33,313,753,564,949,887,761,570,763,764
71,72,73,74,158,159,160,46,688,307,52,59
832,577,912,401,210,723,350,863,351,103,616,313,49,753,564,949,761,570
1030,1031,80,977,18,20,859,987,220,990,608,545,235,1087
963,271,272,83,84,85,87,88,89,1050,99,100,101,934,939
963,271,272,83,84,85,86,87,88,1050,97,99,101,939,255
963,271,272,83,84,85,86,87,88,1050,98,99,101,939,255
963,968,272,83,84,85,86,87,88,89,1050,97,98,99,101,934,939,255
963,968,271,272,83,84,87,88,89,1050,97,98,99,100,101,934,939,255
963,965,83,84,85,86,87,88,89,1050,97,99,101,939
963,83,84,85,86,87,88,89,99,100,101,232,939,366
3,263,202,14,342,413,94,545,165,38,229,104,230,231,997,748,1014
193,389,148,149,150,151,153,352,740,741,491,747,748,750,751,749,752,755
1030,1031,977,18,20,857,859,987,220,990,608,545,164,235,443
0,1,2,4,8,9,10,13,341,24,25,26,91,93
256,135,970,206,143,984,985,163,420,111,751,241,307,116,52,700,829,894,895
324,457,395,204,209,275,405,539,167,169,303,1082
324,457,395,204,209,275,405,167,168,169,303,1082
265,401,220,669,670,671,672,621,496,113,435,628,121,570
711,854,602,603,476,604,477,478,742,684,368,565,959
0,1,2,4,8,9,10,13,341,24,25,26,91,93,54
453,845,917,919,281,860,861,353,354,423,424,314,316,317,318
391,526,22,95,96,481,356,106,107,367,433,243,436,502,122,123
963,964,83,84,85,86,87,88,89,99,100,101,934,939
963,968,973,974,84,85,86,87,88,89,540,97,98,99,100,101,934
260,644,966,967,586,588,655,537,609,355,931,358,936,937,938,246
387,68,69,718,17,468,852,608,481,35,356,484,555,620,177,754,51,371
847,211,223,225,227,228,102,488,233,40,493,494
471,472,473,154,797,39,40,41,43,364,46,47,688,48,307,308,310,120,124
71,72,74,75,158,159,160,46,307,52,308,59
2,4,11,13,17,81,273,342,24,25,283,91,93,480,484,171,172,813
320,321,322,325,327,521,524,77,76,144,875,876,877,319
131,70,459,205,334,401,1048,220,28,862,415,864,33,617,618,45,496,497,247
257,71,72,73,158,159,160,46,48,688,307,308,52,120,59
648,584,268,140,528,595,606,607,929,759,365,238,175,176,301,883,1079,635,126,639
128,129,138,972,141,398,146,342,485,489,427,111,370,371,115,1013
514,515,516,392,137,393,138,140,141,460,335,146,855,296,555,236,626,639
382,1028,331,78,338,147,927,35,555,300,1070,372,311,56,830
454,7,136,266,396,397,82,274,856,28,30,33,745,428,492,496,500,760,187,62
128,129,323,389,972,398,529,533,155,546,548,106,427,370,371
196,200,396,205,1036,15,208,210,530,27,28,29,30,286,496,49,564,53,887
265,27,28,669,670,29,672,30,671,220,286,621,496,435,121
704,265,27,28,669,670,29,672,30,671,220,286,37,621,49,435,121
212,918,919,353,868,869,870,871,872,873,1085,318
193,386,389,203,205,145,148,352,356,106,107,433,243,436,502,123
960,961,645,584,648,528,349,606,607,619,174,175,371,1012,883
468,148,150,151,149,154,284,352,740,741,747,748,749,750,751,752,754,124,191
640,515,645,712,202,19,34,35,1068,1004,1005,1006,1007,50,1010,1013,632,636,637,639
0,1,2,4,8,9,10,13,463,26,91,93,115
203,205,145,401,148,1048,220,30,863,33,356,106,107,433,436,247,760,62
14,1042,726,919,32,226,290,868,869,230,1063,360,679,234,426,1081,954,956,318
648,584,202,268,528,408,410,606,607,96,929,95,678,682,365,238,176,883,57
832,205,912,145,210,28,29,30,351,286,350,107,433,753,949
142,212,918,919,215,353,868,869,870,871,872,873,499,1085,318
453,917,918,919,353,868,869,871,872,424,376,317,316,1085,318
192,258,583,584,328,336,1042,606,357,294,173,948,1012,566,60
64,258,328,584,336,1042,152,357,294,619,173,175,948,245,566,443,60
64,258,966,967,328,336,152,475,357,294,173,948,245,566,60
704,771,262,271,213,278,918,1045,281,860,861,561,690,818,316,375,314,700,317
640,641,515,516,140,461,335,724,34,35,177,50,179,626,633,636,637
641,515,516,140,335,35,299,177,626,632,633,634,635,638,639
640,641,515,516,140,141,461,335,724,299,626,632,633,636,637,639
260,966,967,971,655,537,609,355,931,358,936,937,938,246
327,845,270,917,918,406,344,281,345,538,860,861,224,40,1013,314,316,317
196,710,903,904,713,206,207,208,796,797,416,417,1062,1064,53,571,191
514,389,146,532,21,676,613,677,751,111,815,817,820,118,119,699,189,190,191
640,641,515,648,140,268,461,724,301,176,756,757,632,633,636,637,639
585,459,80,20,790,414,415,615,616,496,247,445,446
257,134,79,659,345,729,293,39,40,42,240,689,48,307,308,306,569,63
136,266,396,781,780,82,467,856,27,29,30,798,33,745,811,428,812,496,56,187
514,451,389,527,532,468,676,677,40,111,815,817,306,432,820,821,118,189,190,191
1025,194,195,643,197,713,201,207,912,210,796,416,1057,417,239,881,571,572,62
194,195,197,713,201,207,912,796,925,416,1057,417,1064,239,881,571,572
713,1039,1040,912,594,595,596,597,725,350,351,1057,1062,107,239,881,313,572
0,1,2,4,8,10,13,341,24,25,26,91,93
256,384,464,465,466,467,468,285,482,236,237,241,242
517,390,135,389,143,189,420,356,106,107,942,111,174,116,118,119,829,190
644,132,584,910,911,80,339,790,545,932,933,235,305,248,61
71,72,73,74,158,159,160,46,688,307,52,308,59
577,580,585,909,401,210,723,1042,982,23,221,351,32,33,616,496,753,949,764,62
135,520,206,984,985,287,420,42,556,557,46,111,561,562,563,308,700,829,447
71,72,74,158,159,160,46,307,52,308,59
64,192,258,66,583,328,336,339,357,294,173,305,948,566,248,60,61
644,459,910,911,399,339,470,415,162,932,933,998,421,166,295,235,305,309,248,444,61
71,72,74,158,159,160,46,688,307,52,59
131,459,205,334,401,220,415,32,33,617,618,44,45,496,497,247,56,445,446
260,966,967,537,475,609,355,931,358,935,105,937,246,249
457,204,334,209,275,539,163,36,164,166,295,168,169,303,624,625,944,945,1082
897,891,72,520,74,279,280,158,287,611,52,182,183,59,700,447
72,520,74,659,279,280,729,158,287,743,52,182,183,700,447
71,72,74,158,159,160,46,688,307,52,308,59
324,457,395,204,334,209,275,539,167,295,303,624,625,943,1082
395,164,165,166,295,168,169,622,943,624,944,625,947,946,1082
395,209,539,164,165,295,167,169,943,624,944,946,625,947,1082
1091,132,133,134,584,330,1038,399,790,803,804,932,933,937,309,247,445,446
132,133,134,584,585,330,1038,399,80,790,803,616,937,42,235,309,247,445,446
324,457,395,204,334,209,275,163,164,166,943,944,945,303,947,1082
322,776,845,1085,918,984,985,281,344,860,861,354,870,40,314,316,317
324,457,395,204,334,209,275,539,167,295,303,944,1082
453,917,918,919,985,860,353,868,869,871,872,873,316,317,318
515,203,526,143,402,534,96,481,356,1063,106,107,620,490,433,754,243,436
902,330,716,722,340,277,344,345,347,348,349,108,109,175,178,309,949,887,888,315
212,918,919,985,860,868,869,870,871,872,873,425,1085,318
1028,68,69,70,330,267,715,80,338,153,154,155,283,37,429,51,567,830
640,641,515,516,139,140,335,724,301,626,632,633,634,635,636,637,639
641,515,516,517,138,460,140,141,335,21,301,626,633,635,637,639
451,263,264,393,15,16,18,20,986,27,29,30,735,290,164,1061,177,50
128,451,387,263,264,7,274,19,342,986,282,284,30,165,38,115,1014
11,81,17,273,24,25,480,484,485,489,171,172,813,110,115
642,515,516,11,267,79,19,342,153,154,283,155,797,356,1061,813,942,626,54,567
6,586,907,588,909,908,268,1022,1071,304,176,117,247,126,446
391,526,15,402,22,95,96,481,226,367,243,502,122,123
963,964,965,6,271,272,83,84,85,86,87,88,89,98,99,100,366
64,961,66,259,960,583,152,88,735,31,1059,236,173,442,250,60,61,127
960,961,962,132,133,966,967,644,134,265,588,607,992,418,933,937,938,619,435,511
897,72,520,1041,659,279,280,287,743,687,52,182,183,700,447
256,384,389,464,465,466,467,285,482,237,241,242
324,457,395,204,209,275,539,165,166,167,295,169,303,943,1082
387,451,1091,263,266,203,274,403,153,282,27,221,29,30,490,236
387,451,263,266,1036,397,274,403,153,282,29,30,286,490,370,438,441
768,769,770,453,212,917,918,984,985,219,868,869,872,425,426,499,378,767
836,773,453,841,777,894,219,37,422,423,424,425,619,819,822,185,1020,253,254
258,966,967,328,905,399,336,605,609,357,294,936,173,948,245,566,312,60
391,526,15,402,22,96,481,226,802,367,243,502,122,123
320,321,322,325,326,327,521,144,344,345,40,233,875,876,877,319
320,321,322,325,326,327,521,144,344,345,40,875,876,877,319
320,321,322,325,326,327,521,144,344,40,875,876,877,319
320,321,322,325,326,327,521,144,40,876,877,319
3,14,403,282,413,94,545,229,38,230,104,231,997,749,177,306,1014
642,514,199,200,274,282,284,1001,620,748,434,373,374,951,950,57
642,323,199,200,274,282,284,156,94,1001,748,620,687,373,374,950
832,835,1036,205,912,913,210,914,145,27,29,350,351,30,286,1057,881,949,313
578,453,264,393,394,12,16,849,340,917,94,223,353,290,168,169,426,109,623
256,384,390,143,465,466,467,276,468,285,482,237,749,241,242,116
322,776,845,1085,918,344,985,281,860,861,354,870,40,316,314,1084,317
770,453,774,787,788,917,789,353,423,424,425,426,376,377,378,252,317
768,769,770,776,766,918,984,985,868,869,872,425,426,378,765,254,767
963,142,82,958,917,726,87,224,290,226,997,361,234,812,109,108,499,883,956,702
963,67,261,262,134,394,142,153,90,32,290,359,491,44,114,883,117,442,126
585,330,459,80,414,415,615,616,247,444,445,446
585,330,459,80,414,415,615,616,247,444,445,446
1030,1031,909,975,976,977,18,404,857,987,220,990,608,125
320,321,322,325,326,327,521,523,524,875,876,877,319
320,321,322,325,326,327,521,144,875,876,877,319
1036,716,912,913,210,723,286,350,351,863,313,879,753,949,761
453,214,215,919,423,424,425,426,377,378,499,185,186,253,254
836,455,456,777,778,841,779,780,781,799,800,801,184,185,253,894,895
833,449,450,519,329,333,1054,289,291,435,437,1081
211,918,984,985,860,861,224,225,228,102,488,233,40,495,240
770,771,772,773,774,453,841,781,217,218,422,424,425,375,377,767
768,769,771,772,773,774,836,841,781,214,217,218,375,377,767
768,705,770,3,14,413,94,229,38,231,230,681,42,1014,447
711,854,471,472,602,603,476,604,478,742,684,368,1013,381,959
960,961,6,968,202,268,973,974,85,408,540,934,365,238,176
705,706,707,708,902,70,701,337,722,220,862,33,429,760,888,379,380,957,703
585,459,399,80,414,415,615,616,309,247,248,444,445,446
200,403,19,148,342,855,149,150,284,352,740,489,748,749,751,752,755,373,374
576,577,578,579,580,581,328,1042,674,554,49,247,312,443,60,1021
576,577,579,580,581,328,1042,674,554,173,49,247,312,443,60,1021
453,212,214,215,984,985,868,423,186,425,426,499,377,378,251,254
453,776,212,214,215,984,985,868,423,424,425,426,499,377,378,251,254
320,321,322,325,326,327,521,144,875,876,877,319
452,977,216,408,409,987,1087,990,678,551,1065,682,367,180,181,117,951,1080,895
320,321,322,325,326,327,521,875,876,877,319
641,515,516,140,461,335,626,50,632,633,634,635,638,639
585,459,399,80,414,415,615,616,309,247,248,444,445,446
832,1036,652,210,723,598,599,925,350,351,863,33,32,879,753,564,949,761,764
574,585,459,846,80,414,415,926,615,631,880,630,247,573,446,445
261,262,134,519,6,906,268,142,917,726,471,290,424,176,304,114,117,310,126
453,212,918,919,353,868,869,871,872,873,426,425,378,1085
640,641,139,140,147,724,300,301,302,1075,633,634,635,636,637,638,639
716,912,913,210,723,982,350,351,863,313,753,949,761,764
196,389,710,135,206,848,208,468,150,472,984,985,797,420,754,53,55,380,829,191
1031,519,265,723,1048,858,27,220,28,669,672,866,486,487,942,879,435,121,763,126
265,220,669,670,671,672,995,807,808,621,431,496,113,435,628,121
64,192,258,66,583,328,336,357,294,173,948,566,60,61
836,841,715,718,851,469,534,216,90,859,794,795,287,998,501,1020,894,447
198,904,712,1038,1041,1044,534,1047,95,96,678,42,491,492,682,238,436
256,384,390,143,464,465,466,467,276,468,285,482,237,241,242,116
192,258,200,328,336,1046,1053,613,1003,364,173,1009,434,1011,948,374,950,566,60
322,340,344,345,346,347,348,349,108,109,812,178,1079
394,340,344,345,346,347,348,349,108,109,178,1079
322,394,340,344,345,346,347,348,349,108,109,178,1079
394,340,344,345,346,347,348,349,108,109,178,1079
394,340,344,345,346,347,348,349,108,109,178,1079
453,774,787,788,917,789,353,423,424,425,426,499,376,377,378,252
768,769,770,453,766,212,918,984,985,868,869,872,425,426,378,765,254,767
960,130,963,511,980,87,88,992,162,1058,418,249,874,363,366,112,1017,1018,127
967,399,535,727,536,537,538,162,935,936,937,938,309
386,323,389,200,652,848,594,595,723,725,1046,924,925,867,739,613,753,754,374
129,644,972,398,911,910,339,1048,730,932,1061,933,548,235,305,248,61
647,520,714,658,660,668,733,287,1056,805,999,744,690,691,694,697,699,700,447
573,902,586,396,588,337,153,732,926,863,864,760,880,949,629,630,888,761,379,381,574
641,515,140,301,626,758,759,632,633,634,635,638,639
640,641,515,517,460,141,299,301,302,626,757,632,633,634,635,638,639
71,72,520,659,279,280,472,729,287,687,52,182,183,700,447
642,132,1030,7,1031,393,1041,977,18,857,987,990,735,359,42,114,757,1079,698
843,531,532,533,86,87,33,681,553,556,558,687,878,498,182,1019,700,575
265,401,220,669,670,671,672,621,496,113,435,121,570
517,340,277,724,344,345,346,347,349,606,607,161,108,109,175,178,883,1079,315,638
832,385,386,323,389,203,912,529,594,595,723,867,553,687,239,753,118,119,763,189,575
705,706,707,708,68,70,585,337,23,28,862,37,429,496,49,497,438,441,380,703
0,2,4,8,9,10,13,341,24,25,26,91,93
322,394,340,344,345,346,347,348,349,108,109,178,1079
394,780,340,344,345,346,347,348,349,798,799,800,801,170,811,108,109,812
387,1028,266,718,274,403,855,282,995,1001,490,555,431,951,434,374,950
963,964,965,83,84,85,86,87,88,89,98,99,100,101,232,366
640,641,516,139,140,147,57,34,35,175,177,179,756,757,633,634,635
385,389,902,1033,1034,1036,981,23,855,862,864,865,1069,751,1074,949,760,189,191
1,8,9,10,11,273,17,24,25,480,484,489,171,172,813,110,115
453,774,917,353,423,424,425,426,316,376,377,378,252,317,318
453,774,782,785,786,917,353,423,424,425,426,376,377,378,252,317
964,453,783,784,785,786,917,353,422,423,424,425,426,375,376,377,252
453,782,783,784,785,786,917,353,423,424,425,426,376,377,378,252
896,322,772,773,774,453,776,327,344,217,218,345,40,375,377,378,251
768,769,770,453,766,212,918,984,985,868,869,872,425,426,378,765,254,767
770,964,453,212,918,214,984,985,868,422,872,425,426,377,378,254,767
329,332,398,529,531,532,533,600,33,39,40,681,553,556,687,498,55,1019
453,1084,917,919,984,985,860,353,354,423,424,811,812,377,316,317,318
128,129,710,203,972,398,529,533,94,548,549,935,427,370,371
385,386,389,1061,111,751,241,242,118,119,1078,189,190
256,385,386,389,149,237,111,751,241,118,119,189,190
322,394,340,344,345,346,347,348,349,108,109,178,1079
514,393,457,334,275,917,726,225,290,226,613,231,167,361,234,426,233,303,956
832,1036,652,912,401,337,596,597,23,350,546,547,548,549,949,445,446
1029,1030,645,712,1032,1037,976,474,1052,990,1001,1067,814,431,817,818,820,821
388,5,645,592,340,288,486,487,1066,430,369,503,504,1023
386,389,197,903,904,201,848,416,867,739,741,1061,740,750,754,755,62
1025,903,904,796,797,416,417,1064,684,239,881,886,54,571,699
1025,903,904,796,797,416,417,1062,1064,684,942,239,886,54,571
1025,902,903,904,722,796,797,416,417,1064,887,949,886,758,888,761,571
257,79,659,729,90,411,412,293,39,40,42,236,240,306,118,569,63
712,526,400,402,474,95,928,96,678,1001,682,1068,1004,1005,367,1010,1013
1025,902,711,721,722,854,602,603,476,604,416,673,417,1060,742,684,368,886,888
969,1036,396,976,273,210,27,28,29,30,286,672,669,941,496,113,121,570,955
711,854,602,603,476,477,478,479,604,742,684,368,828,959
519,1037,474,156,1052,608,611,1066,1067,1068,113,1010,1013,693,374,699,125,1022
129,648,398,910,528,911,339,147,1048,416,33,548,1061,933,235,305,248,61
642,267,279,153,794,795,155,154,283,796,867,759,1069,567
832,1036,652,912,401,210,596,597,598,599,925,350,351,863,33,564,949,887,761,570
995,807,1001,1002,1003,1004,1005,1006,431,1007,1009,1008,1011,1010,1068,1015,1016
135,776,829,845,206,918,984,281,985,860,861,222,420,1073,314,1085
640,641,515,516,461,301,626,757,632,633,634,635,638,639
641,516,139,140,461,335,724,57,34,35,177,50,179,756,757,633,634,636,637
385,386,323,389,149,730,989,1061,111,118,119,1078,189,190
385,386,323,389,149,730,1060,1061,942,111,118,119,1078,189,190
256,385,386,389,149,730,1061,111,241,689,118,119,1078,189,190
641,139,140,147,57,301,176,177,179,756,757,759,633,635,639
641,516,139,140,147,57,34,301,177,179,756,757,759,633,635,639
832,642,969,1036,398,976,912,862,863,33,1057,760,949,758,887,1080,761,570,62
514,392,137,393,140,146,555,301,1075,635,638,639
71,72,520,79,279,280,287,743,42,52,182,183,700,63,447
449,833,519,329,332,28,220,1054,672,929,291,103,175,435,437,1081
322,836,132,134,772,327,852,853,214,406,344,345,986,422,870,40,233,432,186,1020,1085,446
512,1088,771,836,701,527,214,407,919,729,861,353,1065,556,558,878,561,824,445,446
960,961,968,974,980,408,88,1050,410,605,992,736,98,1058,934,1017,1018,508
960,961,967,654,661,662,992,736,418,419,1058,874,1017,1018
448,1036,396,909,983,608,864,356,433,497,436,1077,949,885,760,889,890,125,892,893
10,11,81,17,273,25,480,484,485,171,172,813,110,115
960,961,654,661,662,992,736,418,419,1058,874,1017,1018
515,203,140,909,143,534,92,285,481,356,1063,106,107,811,433,436,123
576,577,578,579,580,581,834,403,23,282,674,554,306,438,441
968,973,974,271,408,409,540,99,100,101,934,551
386,200,1033,1034,715,1035,404,1046,855,796,865,1001,555,1003,1069,1009,434,1074,951,568
585,459,1021,414,415,932,631,616,630,247,444,573,446,445
193,203,205,145,148,30,33,356,106,107,433,243,436,123
257,79,90,92,159,160,293,39,40,42,46,306,52,569,63
203,205,145,220,864,33,356,106,107,433,243,436,885,502,760,889,123
384,256,390,464,465,466,467,468,276,285,482,237,241,242,116
776,779,845,1085,918,984,985,281,860,861,354,314,316,317
776,845,1085,918,984,985,281,860,861,222,354,314,316,317
200,458,404,853,986,676,677,998,1001,1003,814,815,432,1009,817,820,309
395,204,334,209,163,164,165,166,36,168,169,943,624,625,944,945,1082
71,72,74,158,159,160,46,688,307,52,308,59
260,966,967,971,655,537,609,355,931,358,935,937,938,246
711,854,602,603,476,604,477,478,742,684,368,959
256,384,464,465,466,467,468,285,482,620,237,241,242
968,973,974,271,408,409,540,99,100,101,934,551,365
258,583,328,336,735,357,294,173,948,566,247,312,443,60,445,446
11,273,17,81,480,484,485,489,171,172,813,110,115,371
275,918,88,860,861,224,225,161,228,102,488,233,495,1073,375
256,384,464,465,466,467,468,285,482,237,241,242
256,384,464,465,466,467,468,276,404,285,482,237,242,116,118
384,256,464,465,466,467,468,285,482,237,241,242
260,644,966,967,905,399,535,727,536,475,609,418,933,105,938,249
833,449,450,519,329,332,333,220,1054,289,291,437
960,584,648,528,724,606,607,619,174,175,176,371,1012,883,633
131,452,67,6,268,272,408,409,857,987,858,859,98,934,551,180,181,117,126
902,331,1036,78,337,721,593,913,469,534,664,665,987,862,552,760,496,372,949,888,381
394,340,344,345,346,347,348,349,108,109,178,1079
382,1028,267,331,78,338,154,927,35,1070,50,372,311,57,830
7,712,526,400,402,95,96,735,613,678,359,682,107,106,367,114,53
832,323,531,532,533,1043,600,922,923,350,547,549,553,681,687,498,575
1024,132,648,265,203,1038,528,401,1042,598,599,220,33,929,804,174,627,628,566,1081
451,454,136,264,266,397,15,913,274,282,27,29,30,286,33,745,428,492,496
384,256,464,465,466,467,468,285,482,237,241,242
903,904,1033,1034,713,849,855,796,797,416,417,1062,1064,239,1074,886,759,571,191
640,641,1027,724,153,483,299,300,236,50,381,311,632,250,636,637,639
577,834,579,580,581,578,3,274,403,23,282,674,554,306,438,441,891
453,454,455,456,782,783,784,785,786,917,423,424,499,376,377,378,252,253
453,454,455,456,776,782,783,784,785,786,917,985,219,424,376,377,378
453,454,455,456,776,782,783,784,785,786,917,353,423,424,425,499,376,377,378
453,454,455,456,776,782,783,784,785,786,424,425,426,499,375,376,377,378,254
385,193,389,7,848,796,221,1053,739,613,490,364,1069,685,751,568,61,62
514,392,393,137,138,140,141,460,146,35,301,302,177,57,635,638,639
131,261,262,906,142,213,1045,1047,917,153,155,552,424,106,491,628,117,253,126
960,961,963,6,83,86,87,88,89,1050,992,97,98,101,934,939,366,304
387,200,1033,1034,906,1046,153,440,1001,490,555,759,1069,434,1074,371,373,950,374,568,381
386,389,903,848,725,924,925,416,867,739,1060,1061,741,740,750,881,754,755
391,15,400,402,22,95,96,481,802,243,244,122,123,188,383
768,769,770,453,774,766,212,917,984,985,868,425,426,499,377,378,252,254,767
449,450,642,833,5,518,134,198,519,333,1054,288,291,491,437,1015,1023
390,135,904,206,143,469,534,984,985,224,356,420,1061,111,116,829
79,90,411,92,412,157,159,287,614,42,46,307,52,447
640,641,515,516,461,301,626,757,632,633,634,635,637,638,639
384,464,465,466,467,468,276,285,482,237,241,242,116
391,712,526,400,402,22,95,96,928,678,682,367
263,202,14,273,342,26,283,413,288,545,229,38,230,104,231,997,1013,1014
1033,1034,1036,337,1048,858,220,669,670,671,672,865,552,621,496,113,628,1077,121,379
641,1032,1033,1034,1036,1048,858,220,669,670,671,672,552,621,496,113,628,1077,121,698
388,5,518,645,288,929,486,487,430,369,1014,503,504,1023
2,4,11,13,81,17,273,341,24,25,91,93,484,171,172,813
843,716,717,462,147,920,1051,349,611,683,556,557,878,175,560,758,759
391,712,526,400,402,22,95,96,928,678,682,367,244
1090,388,645,519,712,329,202,1037,288,929,930,484,487,1066,1003,430,1009,1013,503,504,1081
1090,388,645,518,519,712,329,975,288,929,930,484,486,1066,1003,685,430,1009,503,1023
452,400,1042,216,408,409,987,928,802,676,677,678,551,682,180,181,759,383
200,1033,1034,1035,203,849,1046,855,865,1001,364,1069,951,434,1074,950,759,568
389,903,904,148,149,150,352,416,417,740,741,1061,748,749,750,751,755
384,256,389,390,464,465,466,467,468,276,482,237,241,242,116
457,395,204,334,209,275,163,164,165,166,168,169,303,945,947,1082
457,204,334,209,275,36,164,166,295,165,167,168,303,944,943,625,947,1082
457,204,334,209,275,539,164,36,166,295,165,303,945,947,1082
324,457,395,204,334,209,275,166,295,167,622,303,943,624,625,944,1082
324,457,395,204,334,209,275,539,36,166,167,303
324,457,395,204,209,275,539,164,167,169,233,303
193,203,148,149,150,352,356,740,741,106,747,748,749,107,751,752,755,436
384,256,390,464,465,466,467,276,468,284,285,482,749,237,241,242,116
193,389,148,149,150,862,352,740,741,1061,747,749,750,751,752,755,191
384,256,464,465,467,468,276,285,482,237,241,242
836,1041,90,411,412,92,157,159,287,614,743,42,46,1020,447
641,138,460,461,141,140,21,301,302,177,1075,756,757,632,633,635,638,639
513,716,590,591,592,593,912,723,665,922,923,924,925,350,351,550,941,753,313
707,1042,917,726,985,481,226,290,122,361,234,426,689,499,243,502,378,123,956
1088,64,258,68,69,328,336,1042,31,735,743,429,173,51,245,950,60
71,72,74,158,159,160,46,688,307,308,52,59
963,271,272,83,84,86,87,88,89,97,98,99,100,101,939
963,271,272,83,84,86,87,88,89,97,98,99,100,101,934
963,271,272,83,84,85,86,87,88,89,97,98,99,100,101
0,1,2,4,8,10,13,341,24,25,26,91,93,54
193,903,711,848,148,150,471,472,352,739,740,741,748,749,750,751,755
903,711,904,848,148,150,796,797,352,416,739,740,741,749,750,751,755
193,903,711,848,148,150,471,797,352,739,740,741,748,749,750,751,755
576,577,578,579,580,581,648,528,858,926,33,674,929,554,880,887,1080,570
576,577,578,579,580,581,648,528,23,858,926,929,674,554,880,887,1080
322,327,847,211,277,223,227,228,40,233,812,493,494,315,1085
576,577,578,579,580,581,528,793,858,926,929,674,554,1003,880,1009,887
576,577,578,579,580,581,586,588,23,674,554,506,508,574
844,846,791,792,793,732,926,880,629,630,573,574
844,846,910,791,792,793,732,926,880,629,630,573,574
586,907,588,1036,908,909,792,858,28,926,1071,880,496,305,1077,1078,887,121,1022
71,90,411,412,92,157,287,160,159,611,614,42,46,52,182,447
581,586,907,908,588,1036,909,210,339,1022,1048,858,28,97,98,1071,880,304,1077,1080,574
12,206,16,848,150,151,154,863,416,739,356,292,684,236,754,436,1013
960,961,580,581,978,979,980,23,736,992,554,506,505,1018,508,509,511
960,961,509,653,654,978,980,992,505,1018,507,1017,510,511
960,961,653,654,978,980,542,992,505,506,507,508,509,510,511
960,961,580,581,978,979,980,23,733,992,554,506,505,1018,508,1017
449,450,833,518,519,332,333,1054,288,289,291,437
960,961,978,979,980,542,992,736,1000,506,1017,1018,507,509,510,511
960,961,978,979,980,992,994,995,807,1000,808,1011,1016,1017,1018,507,509,510,511
960,961,654,980,991,992,994,995,807,808,431,1015,1017,1018,507,508,509,510,511
960,961,580,581,654,978,979,980,23,992,554,505,506,1017,1018,508,509,511
384,256,390,464,465,466,467,276,209,285,482,237,241,242
512,323,899,649,589,1039,1040,1041,1043,916,728,731,553,687,886,575
320,321,322,325,326,327,521,144,40,875,876,877,319
0,1,8,9,10,11,17,273,484,489,171,172,110,115
902,711,721,722,854,602,603,476,673,1060,1061,742,1064,684,949,886,887,888,761
576,577,578,579,580,581,582,586,588,23,992,674,616,554
711,854,153,602,603,476,604,477,478,742,684,368,959
576,577,578,579,388,581,580,648,586,401,929,674,430,880,503,570,574
711,854,153,602,603,476,604,477,478,742,684,368,959
711,854,153,154,602,476,603,604,477,478,742,684,368,959
576,577,578,579,580,581,388,648,586,858,929,674,430,880,503,570
576,577,578,579,580,581,586,588,401,210,596,23,863,674,554,887,570
389,711,854,602,603,604,476,478,673,742,684,368,242,118,119,699,189,190,959
389,711,468,854,602,603,604,476,478,673,742,684,368,242,118,119,699,189,190,959
711,717,854,602,603,476,604,734,478,673,742,684,368,692,759,568,959
1089,388,645,1037,402,1052,545,676,677,1066,1067,1068,817,1013,1023
457,275,213,1045,278,344,345,277,347,539,225,228,167,233,812,108,303,178,315
844,846,791,792,793,732,926,607,880,629,630,631,574
844,846,911,791,792,793,732,926,607,619,880,630,631,573,574
833,449,450,518,519,333,1054,288,289,291,437,1081,1023
446,586,844,846,791,792,793,732,926,619,880,629,630,631,573,574
586,844,846,791,792,793,926,414,938,880,630,631,573,574
586,844,846,791,792,793,732,926,619,880,630,631,573,574
586,844,846,911,791,792,793,732,926,607,880,630,631,573,574
704,586,844,588,846,791,792,793,220,926,414,938,880,630,631,573,574
260,966,967,905,661,662,535,727,537,609,931,355,933,358,935,937,938,874,246
968,973,974,271,408,409,540,99,100,101,934,551,365
960,961,653,654,541,542,991,992,544,736,543,994,993,1000,1018
960,961,653,654,541,542,991,544,992,543,993,994,1000,619,1018
847,344,345,346,347,223,227,228,40,233,812,493,494,178
960,961,653,654,541,542,991,992,993,994,1000,1017,1018
387,274,403,282,284,156,94,735,490,748,49,306,373,374,438,441
960,961,661,662,991,736,992,609,1059,418,419,1058,874,1017,1018
193,259,393,395,720,405,343,735,930,165,679,296,169,236,685,754
129,385,323,196,389,520,208,529,530,274,531,729,29,33,867,549,427,239,370,700
577,578,323,579,389,648,529,530,928,929,802,803,804,549,427,370,1014,55,700
446,459,844,846,791,793,732,926,415,674,880,629,630,631,573,574
843,611,612,683,556,557,878,559,558,561,562,563,560
835,713,1039,1040,207,594,595,596,597,598,912,913,723,1057,239,881,753,572
843,610,611,612,683,556,557,558,878,559,561,562,563
843,611,612,683,556,557,878,559,558,561,562,563,560
843,611,612,683,556,557,878,559,558,561,562,563,890
843,611,612,683,556,557,558,878,559,561,562,563
512,589,1039,1040,1041,719,1043,915,728,611,553,683,687,882,697,575
843,611,612,683,556,557,878,559,558,561,562,563,560
843,611,612,683,556,557,878,559,558,561,562,563,890
843,611,612,683,556,557,558,878,559,561,562,563
193,259,393,202,720,405,343,735,930,165,679,296,169,236,685,754
834,843,610,611,612,680,683,556,557,878,559,558,561,562,941,687
836,843,663,667,610,611,612,683,556,557,878,558,559,561,562,563
192,513,590,591,592,593,664,665,922,923,925,546,548,550,941,955
590,591,592,593,600,601,922,923,664,925,665,546,548,549,550,941,954,955
192,513,590,591,592,593,664,665,922,923,924,925,546,548,550,941
513,590,591,592,593,664,665,922,923,924,925,546,547,548,549,550,941,955
590,591,592,600,665,922,923,601,925,924,546,547,548,549,550,940,941,953,954,955
832,590,591,592,600,665,922,923,924,925,350,737,546,547,548,549,550,940,941,953,955
832,590,591,592,600,601,922,923,924,925,350,546,547,548,549,550,940,941,953,955
513,590,591,592,593,600,601,922,923,925,546,547,548,549,550,941,955
1024,324,395,204,334,79,720,404,405,92,930,166,296,492,685,947,828
200,404,405,1046,1001,1068,1004,1006,1005,1007,1008,1010,374,828
967,727,535,536,537,538,609,935,936,937,938,619
966,967,535,727,536,537,538,609,935,936,937,938
966,967,584,535,727,536,537,538,609,935,936,937,938
966,967,535,727,536,537,538,609,933,935,936,937,938
590,591,592,600,601,922,923,548,940,941,953,954,955
512,836,714,589,1041,1043,663,667,612,553,683,687,560,575
513,590,591,592,593,664,665,922,923,924,925,546,547,548,549,550,940,941,953,954,955
256,384,389,464,465,466,467,468,276,285,620,237,1069,241,242,116,568
386,198,1033,1034,471,472,473,154,855,865,738,356,806,1063,490,1069,1074,951,568
709,210,723,982,664,665,863,866,879,753,762,763,764
709,210,723,982,664,665,863,866,37,879,753,762,763,764
709,593,210,723,982,664,665,351,866,879,753,762,763,764
704,709,210,723,982,664,665,863,866,879,753,762,763,764
709,593,210,723,982,664,665,351,866,879,753,762,763,764
640,641,515,516,140,335,626,632,633,634,635,636,637,638,639
640,641,515,516,140,335,626,632,633,634,635,637,638,639
640,641,139,140,460,141,57,301,302,626,632,633,635,636,637,638,639
129,902,201,1036,844,401,722,339,1048,926,863,606,33,546,548,305,949,630,760,379
642,514,199,200,204,973,405,417,934,169,620,238,944,373,374,1082,571
640,641,193,1027,515,403,724,153,483,300,236,381,632,636,637,639
644,966,967,584,586,588,910,911,339,609,994,932,933,938,305,627
590,591,592,593,600,601,922,923,665,925,664,546,548,549,550,941,955
835,647,650,652,716,912,914,658,915,725,916,596,597,924,737,805,761
386,389,1033,1034,471,855,154,865,738,356,740,806,1063,490,620,1069,1074,755,568
835,716,717,1036,913,594,595,596,597,598,599,914,797,286,1057,692,758,759,886
832,716,717,594,595,596,597,598,599,758,759,886,761
716,717,594,595,596,597,598,599,758,759,886,761
716,717,594,595,596,597,598,599,758,759,886,761
192,513,590,591,592,593,664,665,922,923,924,925,546,548,550,941,955
192,709,648,716,593,594,595,596,597,598,599,725,664,665,879,759,762,763
320,321,322,325,326,327,521,144,875,876,877,319
192,709,648,716,593,594,595,596,597,598,599,725,664,665,103,879,762,763
446,212,918,984,985,868,869,871,872,873,425,247,1085,318,445
832,648,716,594,595,596,597,598,599,925,350,929,737,546,239,564,759
832,648,716,594,595,596,597,598,599,350,737,546,548,239,564,758,759
387,391,203,526,22,95,481,106,107,433,243,436,502,122,123
90,411,92,412,158,287,160,159,157,611,614,42,46,52,447
832,648,584,716,528,401,594,595,596,597,598,599,737,546,548,759
832,648,584,716,528,912,594,595,596,597,598,599,401,737,546,548,759
128,202,11,273,19,342,24,25,283,484,485,489,813,115,371,1013
843,612,683,556,557,558,878,559,561,562,563,560
512,836,589,1039,1040,1041,1043,663,667,612,553,683,687,560,885,575
1036,717,716,1021,1051,863,864,759,760,1076,949,885,887,1077,761,692,893
832,1036,912,210,723,982,351,863,879,753,949,761,887,313,763,764
832,1036,912,210,723,982,863,351,674,313,687,879,753,949,1077,887,761,764,831
832,1036,912,210,723,982,351,863,313,879,753,949,887,761,763,764,62
832,643,1036,912,401,210,723,982,286,863,351,58,313,687,753,949,1077,887,761,570,764,62
647,651,719,657,658,915,660,663,728,666,667,668,731,675,680,686,697
900,647,649,651,657,658,1041,660,916,663,728,667,668,731,680,697,698
647,649,651,719,657,658,915,916,663,728,666,731,667,675,680,695,697,698
646,647,649,714,651,719,657,658,915,916,663,920,728,731,667,680,690,691,698
899,647,649,651,719,657,658,1041,916,660,915,920,728,666,667,668,731,697,698
1026,898,520,79,659,279,729,159,287,743,42,687,182,183,700,63,447
646,647,649,714,651,657,658,915,660,663,728,667,668,988,731,680,697
707,196,710,70,1036,206,976,208,210,863,864,33,608,53,949,1013,760,380,381,62
582,966,905,586,587,588,844,661,662,791,793,926,609,418,874,880,497,627,249
576,577,578,580,581,585,330,459,80,414,415,615,616,554,247,445,446
960,961,653,654,541,542,991,992,544,994,993,1000,1017,1018
960,961,653,654,541,542,991,992,544,994,993,1000,1017,1018
837,711,717,855,730,989,416,1060,1061,1063,809,684,942,886,568
647,651,657,658,663,920,728,983,667,731,675,680,686,693,694,695,696,698
834,647,651,719,657,658,915,663,728,667,731,610,675,680,686,693,695,697,698
647,840,1083,714,651,719,657,658,663,728,667,731,675,680,693,695,697,698,891
647,649,651,658,915,660,920,667,668,746,683,878,558,560,561,697,698
1026,647,651,658,915,660,663,920,666,667,668,999,744,746,560,697,698
647,651,658,660,663,920,667,668,675,680,746,683,556,558,878,560,697,698
66,451,259,263,264,393,7,15,274,986,27,282,29,30,735,164
131,1036,205,145,401,30,286,864,33,617,618,106,45,433,436,949
14,794,413,545,229,230,231,104,38,997,814,432,817,819,309,1014
14,794,413,545,229,230,231,104,997,38,814,432,817,819,309,1014,824
14,794,29,413,545,229,230,231,104,997,38,814,432,817,819,309,1014,824
647,711,650,651,716,914,725,663,667,863,675,1064,692,949,886,887,760,761,698,831
647,843,657,658,915,660,916,920,667,805,744,561,690,691,885,697,698
647,520,1034,651,657,658,915,660,920,728,667,668,731,805,744,690,691,697,1083
585,330,459,80,790,414,415,615,616,247,444,445,446
640,641,515,516,140,335,626,632,633,634,635,638,639
960,584,648,606,607,992,609,994,355,933,937,938,619,1012,1018
960,644,584,606,607,992,609,994,355,933,937,938,619,1012,1018
833,450,449,519,329,332,333,401,220,1054,289,291,437
65,388,645,648,584,716,528,596,597,598,599,607,929,486,103,1003,619,302,1009
18,20,413,545,676,677,229,230,231,997,38,235,814,817,818,819,820,821,1014,823,824
906,458,206,471,472,473,154,27,797,29,30,286,1064,364,1069,434,565,950,440,379
896,899,836,647,841,714,589,658,663,667,612,1065,885,1020,894,895
896,899,836,647,841,777,1041,915,1043,920,1065,683,557,560,563,698,1020,894,895
776,917,918,984,281,985,860,861,222,870,811,812,1073,314,1084,1085
320,321,322,325,326,521,522,76,144,875,876,877,319
320,321,325,326,327,521,523,524,76,525,144,875,876,877,319
320,321,322,325,326,327,521,523,524,76,525,77,144,227,875,876,877,319
835,713,1039,207,912,594,595,596,597,598,599,913,723,1057,239,881,753,572
647,649,719,657,658,915,663,728,731,675,680,686,693,694,695,696,697
647,651,658,915,660,916,663,920,668,746,683,557,560,563,697,698,1020
902,711,1036,721,722,863,33,1060,1064,887,888,1077,54,949,760,889,761,831
647,649,651,719,657,658,915,663,728,731,675,680,686,693,694,695,696,697
1091,585,330,459,80,790,414,415,615,616,247,444,445,446
257,76,79,659,729,287,40,42,495,240,306,182,569,700,63,447
640,641,515,140,301,626,757,632,633,634,635,636,637,638,639
640,641,515,140,301,626,757,632,633,634,635,636,637,638,639
388,5,518,519,645,975,929,486,487,430,369,503,504,1023
647,651,719,657,658,915,660,663,728,667,668,731,675,680,697,1083
647,651,719,657,658,915,663,920,728,667,668,675,680,697,698,1083
1036,717,1021,1051,889,863,864,568,759,1076,949,1077,692,760,761,892,893
836,647,714,651,719,657,658,915,660,663,920,728,667,668,731,675,697
832,650,652,1038,912,914,725,598,599,925,350,286,737,803,547,549,687,564
527,676,677,814,815,816,817,818,819,820,821,823,824,826
582,966,586,587,588,844,846,791,793,732,926,609,880,573,574
1033,1034,1035,468,1046,471,472,473,855,865,292,555,364,1069,434,1074,565,950,568
1036,717,716,1021,1051,863,864,759,1076,949,1077,887,760,761,692,893,831
206,468,471,472,473,154,797,864,292,364,1069,565,757,568,124
206,468,471,472,473,154,797,864,292,364,1069,565,568,124,253
206,468,471,472,473,154,797,157,292,364,1069,565,757,568,124
212,918,919,860,868,869,870,871,872,873,425,378,1085,318
717,468,471,472,473,154,153,796,797,734,292,1069,565,759,568
1036,717,797,889,863,864,734,568,1076,885,692,54,760,761,890,892,893,831
468,341,471,472,473,602,603,26,477,478,292,492,1069,565,54,568,62
1024,324,204,1038,79,343,411,412,92,160,39,40,42,124,308,310,120,828
320,321,325,326,327,521,523,524,525,77,144,875,876,877,319
836,647,714,651,657,658,663,728,667,731,675,680,686,693,694,697,698
647,650,716,717,656,849,914,734,760,692,758,759,886,761,699,831
704,705,706,707,708,70,80,37,429,444,380,701,702,703
900,839,840,1021,1051,863,882,1076,1077,885,889,890,891,892,893
1027,902,70,331,78,337,150,221,863,33,37,1070,760,949,311,888,379,380,381,62
704,705,706,707,708,70,80,337,37,429,380,701,702,703
704,705,706,707,708,573,70,80,337,37,429,1006,380,701,702,703
272,917,726,29,226,290,230,360,425,234,426,233,499,1013,310,1081,956,62
640,641,515,140,301,626,757,632,633,634,635,636,637,638,639
640,641,515,140,301,626,757,632,633,634,635,636,637,638,639
1025,902,903,1036,721,722,730,863,33,673,1060,684,1076,564,1077,887,760,888,886
1033,1034,1035,1036,337,855,858,862,735,865,552,490,1074,951,760,379,381
902,1033,1034,1035,1036,981,855,862,735,864,865,552,490,1074,951,760,379,381
1091,1029,1030,1031,1032,585,458,330,1033,969,976,998,1001,1003,432,1009,370,309,247,446
646,647,714,651,719,657,658,915,916,663,920,728,667,731,988,697,698
647,649,714,651,719,657,658,915,916,663,920,728,666,667,731,675,680,697,698
897,898,901,838,842,922,805,744,553,940,687,752,690,691,884,886
897,898,901,838,842,589,922,805,744,553,687,690,691,884,886,703
897,898,901,838,842,589,923,805,744,553,687,690,691,884,886,703
843,920,611,612,683,556,557,878,558,560,561,562,559
388,5,645,929,486,487,1066,430,369,1009,503,504,1023
194,643,837,197,730,989,739,1060,1061,1063,809,942,886,759,54
640,641,515,140,301,626,632,633,634,635,636,637,638,639
265,220,669,670,671,672,621,496,113,435,628,121
265,401,1048,220,669,670,671,672,621,496,113,435,121
265,401,1048,220,669,670,671,672,621,496,113,49,435,121
265,401,1048,220,669,670,671,672,621,496,113,435,121,570
265,401,1048,220,669,670,671,672,621,496,113,435,121,570
963,965,974,83,85,86,87,88,89,1050,97,99,939,255
640,641,515,140,301,626,632,633,634,635,636,637,638,639
640,641,515,140,301,633,626,759,57,635,636,637,638,639
899,900,647,649,714,651,719,657,658,915,660,916,1041,728,666,667,668,731,697
960,961,963,6,84,85,87,88,89,409,99,100,101,551,232,939,366
193,903,904,711,148,150,284,352,416,740,741,747,748,749,750,751,755,759
582,966,905,586,587,588,844,846,793,926,609,938,880,627,629,574
676,677,814,815,816,817,818,819,820,821,823,824,825
676,677,814,815,816,817,818,819,820,821,823,824,825
907,396,909,908,588,973,974,401,1022,926,934,1071,570,117,121,126,446
322,772,781,782,783,784,785,786,787,788,789,344,799,800,801,375
834,900,839,1021,983,600,882,1076,885,1077,889,890,891,892,893
834,900,839,840,1021,983,610,680,1076,1077,885,889,890,891,892,893
770,772,773,774,453,781,917,344,217,218,424,375,377,252,765,766,767
900,839,843,1021,983,988,863,559,562,1076,1077,885,889,890,892,893
193,642,198,720,405,343,930,679,296,169,685,173,625,945,948
193,642,720,405,1047,343,930,679,296,492,685,173,945,625,948,566
834,900,839,840,1021,611,882,1076,1077,885,889,890,891,892,893
193,642,720,405,343,930,867,679,296,492,685,173,945,625,948
900,839,714,893,658,915,1051,863,1076,1077,885,889,890,892,1021
899,900,839,649,893,657,728,731,863,1076,1077,885,889,890,892,1021
899,900,839,649,893,657,1041,728,731,863,1076,1077,885,889,890,892,1021
586,588,844,846,791,792,793,732,926,994,938,880,629,574
837,711,730,989,416,1060,1061,1063,1064,809,568,684,942,886,758,54
586,844,588,846,791,792,793,732,926,880,629,631,573,574
578,131,132,70,585,459,1038,674,803,931,615,616,617,618,45,628,247,1081
836,841,781,782,783,784,785,786,787,788,789,799,800,801
322,772,781,782,783,784,785,786,787,788,789,344,799,800,801
836,781,782,783,784,785,786,787,788,789,799,800,801,375
836,781,782,783,784,785,786,787,788,789,799,800,801,375
772,773,774,453,781,917,344,217,218,345,861,422,40,375,377,252,765,766
1025,902,903,1036,721,722,730,863,33,673,1060,684,879,564,888,54,887,760,886
647,714,651,657,658,915,916,660,920,667,668,805,744,560,690,691,698
768,769,770,771,772,773,774,453,917,217,218,861,422,425,375,377,314,767
768,769,770,771,772,773,774,453,781,917,217,218,861,422,375,377,252,767
768,769,770,771,772,773,774,453,917,344,217,218,345,861,422,375,377,252,767
768,769,770,771,772,773,774,453,776,781,217,218,422,424,375,377,767
391,331,78,848,147,927,35,555,1069,1070,177,50,372,311,568,57,382
194,195,197,1033,1034,459,1036,848,337,981,855,865,739,552,1074,247,445,446
768,769,772,773,774,453,776,781,217,218,422,425,375,377,378,767
768,769,770,772,773,774,453,781,917,217,218,861,422,375,377,252,767
772,773,774,453,781,344,217,218,345,347,861,422,424,40,375,377,252
647,520,652,1038,656,660,725,23,668,733,605,1056,699,627,507,697,1083,957
902,1033,1034,1036,337,981,855,862,864,865,806,489,813,751,1074,54,760,379,381
896,899,836,647,840,841,719,1065,687,697,891,1020,894,895
837,717,849,914,730,796,989,797,1060,1061,1063,809,568,684,942,242,692,886,759,758
834,900,839,840,719,1021,882,1076,885,1077,889,890,891,892,893
647,649,651,658,660,920,728,666,667,668,746,683,558,878,560,693,697,698
781,782,783,784,785,786,787,788,789,799,800,801
781,782,783,784,785,786,787,788,789,799,800,801
650,716,717,656,849,914,725,663,667,734,692,886,759,760,761,699
322,327,781,782,783,784,785,786,787,788,789,344,799,801
650,716,656,914,725,667,734,863,1064,887,760,692,949,886,759,758,761,699
780,781,340,347,349,798,799,800,801,170,811,108,109,812,1079
776,394,780,781,340,347,798,799,800,801,170,811,108,109,812,1079
780,781,340,344,345,347,798,799,800,801,170,811,108,109,812
776,780,781,340,344,347,349,798,799,800,801,811,108,109,812,1079
776,780,781,785,344,347,798,799,800,801,811,108,109,812,1079,375
896,899,836,900,647,841,649,1041,658,915,657,1065,1020,894,895
780,781,340,344,345,346,347,798,799,800,801,108,812,109
896,899,836,647,456,841,714,777,778,658,915,1065,1020,894,895
832,650,652,914,658,596,725,597,598,599,925,350,737,547,549,687,564,697
834,589,590,1039,1040,1041,594,595,1043,597,591,592,912,723,351,610,680,553,687,753,575
148,149,150,471,151,472,154,797,352,740,741,747,748,749,750,751,752,755,126,191
257,79,659,729,411,412,293,39,40,43,240,306,569,124,63
71,1041,90,411,92,412,287,159,743,42,46,307,52,308,447
321,322,325,326,327,521,77,144,875,876,877,319
773,775,776,777,778,779,845,918,984,985,281,860,222,421,425,426,378,254
773,775,776,777,778,779,918,984,985,281,860,222,421,424,426,378,254
773,775,776,777,778,779,845,918,215,984,985,281,860,222,426,378,254
1036,717,863,864,1064,759,760,949,1077,887,1080,761,54,699,893,831
772,775,776,777,779,845,918,984,985,281,860,861,222,870,40,314,378,251,1085,254
773,775,776,777,778,779,845,918,984,985,281,860,222,424,378,1084,254
900,839,1021,983,1051,863,612,1076,1077,885,889,890,892,893
900,839,1021,1051,863,33,882,1076,885,1077,889,890,891,892,893
1025,835,837,650,652,716,1040,913,914,596,725,597,737,673,1060,684,758,761,570
395,204,334,209,166,295,167,169,622,943,624,625,944,946,947,945,1082
900,839,893,1051,988,863,559,562,1076,1077,885,889,890,892,1021
900,839,893,1043,1051,863,557,882,1076,885,1077,889,890,892,1021
768,769,770,771,772,773,774,453,776,344,217,218,345,424,1072,375,377,765,767
1091,132,134,585,330,720,343,930,36,998,679,296,295,166,685,309,248
896,899,836,900,841,649,1041,915,916,728,731,1065,1020,894,895
843,149,150,668,747,556,683,558,878,752,561,560,557,562,751
1026,843,148,149,150,151,747,683,556,558,878,752,560,561,557,749,751
967,727,535,536,537,538,609,355,935,936,937,938
65,388,645,648,584,716,528,596,597,598,599,607,929,486,103,487,1003,619,1009
640,641,515,724,301,626,757,632,633,634,635,637,638,639
1024,257,79,404,405,534,215,90,411,218,163,296,42,492,685,569,252,376,185,828
896,899,836,647,841,912,723,596,597,351,611,313,1065,687,879,753,697,1020,894,895
897,898,901,838,842,589,867,805,744,553,687,690,691,884,886,703
897,898,901,838,842,587,589,922,867,805,744,687,690,691,884,886
832,1036,652,912,401,210,596,597,598,599,925,350,863,546,564,949,761,570
843,920,611,612,683,556,557,878,559,558,561,562,563,560
641,514,517,392,137,393,460,141,146,796,301,302,57,635,638,639
896,841,843,590,610,611,612,675,683,556,557,878,560,561,882,563,697
90,411,412,92,287,159,614,42,46,307,52,59,447
832,1036,912,401,210,723,596,597,598,599,351,674,548,564,949,761,570
256,389,715,718,850,851,469,534,216,285,998,490,492,237,501
832,896,323,1041,531,532,533,922,923,350,549,553,681,683,687,498,886,1019
387,68,69,718,337,338,852,471,472,473,154,283,608,738,484,1069,51,371,249,381
382,1028,331,78,338,958,927,35,555,1070,943,372,311,830
640,641,515,516,461,301,626,632,633,634,635,636,637,638,639
257,132,198,71,1038,1044,534,1047,538,860,930,867,37,491,492,565,574
324,457,395,204,334,209,275,539,36,166,167,303
643,647,714,657,658,915,916,660,920,667,805,744,1070,690,691,697,698
90,411,92,412,157,159,160,287,614,42,46,52,447
395,204,334,166,168,169,622,943,624,625,944,947,945,946,1082
395,204,334,209,166,168,169,622,943,624,625,944,946,945,947,1082
1036,717,796,889,863,864,734,568,949,1077,887,760,761,54,893,831
1025,902,903,904,721,722,471,473,796,797,416,417,1064,888,571
272,849,657,660,725,920,858,670,995,230,807,808,1002,431,1011,1015,1016,698,957
835,657,849,915,916,725,920,858,670,737,995,807,808,1002,431,627,1011,1015,1016,698
835,647,714,650,652,1036,656,849,914,658,913,725,663,667,734,692,697,699,831
776,845,212,918,984,281,985,345,860,861,222,344,349,870,1072,1073,314,1085
640,641,515,301,626,883,756,757,632,633,634,635,638,639
963,6,83,84,85,86,87,88,89,98,99,100,101,934,939,366,304
961,67,971,653,654,655,661,662,992,419,358,105,874,497,246,249,1018
11,81,17,273,25,283,480,484,171,172,813,110,115,439
200,202,403,148,149,150,855,151,156,284,352,38,747,748,749,751,752,373,374
512,394,589,142,1041,1043,726,290,226,361,234,811,812,553,170,687,176,824,956,575
512,394,142,1041,726,224,290,226,361,170,811,108,109,553,687,176,314,575
961,968,973,974,653,271,408,409,540,100,934,551,810,304,511
265,220,669,670,671,672,621,496,113,435,628,121,1081
641,387,1028,1027,331,78,849,338,958,483,300,1070,951,372,311,381,830
256,3,390,14,143,274,403,276,534,282,94,748,749,237,174,177,306,241,116
647,653,654,846,657,658,915,916,731,605,607,992,932,805,933,744,619,627,1012,698
640,641,517,140,141,460,724,299,301,302,757,632,633,635,636,637,638,639
967,520,653,846,910,657,915,916,728,920,731,605,607,993,994,933,744,619,627,698
206,468,471,472,473,154,602,604,158,292,40,364,1069,174,565,568
1025,902,903,1036,721,722,730,220,863,33,673,1060,684,1076,564,886,887,760,761,888
960,961,130,653,654,790,470,88,1049,541,992,162,442
676,677,814,815,816,817,818,819,820,821,823,824,825,826
677,814,815,816,817,818,819,820,821,823,824,825,826
64,66,259,963,583,511,87,152,88,735,236,173,60,61,127
64,66,259,963,583,511,152,88,735,236,173,60,61,127
64,66,259,258,583,511,653,654,336,152,88,236,173,60,127
960,961,130,653,654,399,470,790,88,1049,992,162,421,1017,1018,511
960,67,653,654,655,661,662,992,419,105,874,249,1018
64,66,259,963,583,511,336,87,152,88,236,173,60,61,127
832,513,652,590,591,592,598,599,600,665,922,923,924,925,350,547,549,941,564
646,647,651,971,657,658,663,920,728,983,988,680,686,693,694,695,696,698
646,647,649,714,657,658,663,728,920,731,675,680,686,693,694,695,696,697
960,961,130,964,399,470,790,1049,992,162,421,166,295,309,248,442
961,130,399,980,470,790,1049,992,162,421,166,295,309,248,442
960,961,130,653,654,980,790,470,88,1049,541,991,992,162,1017,442,511
64,960,961,259,66,963,583,511,653,654,152,88,541,992,236,60,127
200,715,718,850,851,469,534,1046,216,221,998,1001,434,501
200,203,718,851,469,23,216,221,1002,1003,107,431,1009,434,1011,373,374,1015,1016
1025,903,904,722,796,797,416,417,673,1060,1061,1064,684,886,888
1025,903,904,722,796,797,416,417,673,1061,1064,684,886,888,571
68,520,331,78,849,338,914,657,403,927,1056,300,1070,372,311,380,381,830
704,705,706,707,708,131,70,715,1051,28,926,862,37,429,496,497,630,379,701,702,703
704,705,706,707,708,70,715,271,792,793,987,1051,414,37,938,429,818,701,702,703
704,705,706,707,708,70,715,267,337,37,429,702,703
704,705,706,707,708,70,715,267,37,429,380,702,703
132,583,648,328,1038,528,336,1055,929,33,867,803,804,933,937,173,948,566,312
132,583,648,328,1038,336,537,1055,929,33,867,803,804,933,937,173,948,566,312
704,705,706,707,708,70,715,37,429,49,701,702,703
704,705,706,707,708,387,70,702,337,981,864,33,37,429,880,629,760,380,574,703
640,387,715,718,850,851,853,469,534,216,855,735,998,501,636,639
391,205,15,22,27,29,30,95,96,481,802,367,243,122,123,383
387,266,203,848,403,469,534,855,735,739,741,1001,490,1069,750,501,951
260,966,967,905,535,536,538,475,609,1058,933,936,938,874,1017
515,387,202,10,11,463,81,274,19,342,282,283,480,484,813,110,626
388,5,518,202,288,486,487,430,369,1013,1014,503,504,1023
200,1035,849,1046,471,472,855,1001,364,1069,1004,1005,1006,1007,434,1008,1010,950,951
647,714,651,657,658,915,660,920,728,667,668,731,746,683,560,697,698
833,449,450,519,329,332,333,220,1054,289,291,437,121
513,590,591,592,593,664,665,922,923,924,925,546,547,548,550,941,954,955
576,577,578,580,709,581,585,401,723,674,103,616,879,49,753,564,570,762,763,510,511
641,1091,391,715,718,657,850,851,853,469,534,920,216,998,295,698
11,81,273,17,24,25,480,489,171,172,813,110,115
200,1033,1034,1035,849,1046,855,735,865,1001,490,434,1011,1074,950,951,374
200,1033,1034,1035,718,849,850,853,1046,855,735,1001,1069,434,1074,950,951
833,450,449,519,329,332,333,220,1054,289,291,437,121
676,677,814,815,816,817,818,819,820,821,823,824,825,826
527,677,814,815,817,818,819,820,821,823,824,825,826
676,677,814,815,816,817,818,819,820,821,823,824,825,826
960,961,653,661,662,991,736,992,418,1059,1058,419,874,1017,1018
677,814,815,816,817,818,819,820,821,822,823,824,825,826
677,814,815,816,817,818,819,820,821,823,824,825,826
676,677,814,815,816,817,818,819,820,821,823,824,825,826
676,677,814,815,816,817,818,819,820,821,822,823,825,826,827
676,677,814,815,816,817,818,819,820,821,822,823,825,826
646,647,649,714,651,719,658,915,916,660,663,920,728,666,731,999,697,698
676,677,814,815,816,817,818,819,820,821,822,823,825,826,827
899,647,649,714,651,970,719,657,658,915,916,660,1041,920,728,666,731,668,697,698
676,677,814,815,816,817,818,819,820,821,822,823,825,826
676,677,814,815,816,817,818,819,820,821,822,823,825,826,827
676,677,814,815,816,817,818,819,820,821,822,823,825,826,827
646,647,649,651,971,719,657,658,915,660,916,920,728,666,667,668,731,697,698
448,388,5,645,519,474,929,486,487,430,369,503,504,1023
1025,837,716,730,989,416,673,1060,1061,684,942,886,759,758,54
1025,323,837,1036,716,730,989,673,1060,1061,684,942,886,758
644,584,648,586,653,654,535,537,606,607,929,933,938,619,627,1012,574
1026,843,660,611,612,683,556,557,558,878,559,561,562,563
1025,903,904,796,797,416,417,1060,1061,1062,1064,239,886,54,571
1029,1030,1031,1032,969,977,857,858,987,859,990,1080,1087
1029,1030,1031,1032,969,976,977,857,858,987,859,990,1080,1087
1025,902,711,903,722,854,602,603,476,604,730,416,673,417,742,684,368,886,888
388,5,645,710,929,486,487,1066,430,369,1009,503,504,1023
388,5,645,929,486,487,1066,1003,430,369,1009,503,504,1023
966,967,535,727,536,538,537,609,355,933,935,936,937,938
966,967,535,727,536,537,609,994,355,935,936,937,938
1033,458,1034,1035,855,997,1001,1068,1004,1005,431,1006,1008,1007,1010,432,1009,1074,951
967,727,535,536,537,538,475,609,933,935,936,937,938
1029,1030,1031,1032,969,975,976,977,857,858,987,859,990,1080,1087
1037,1042,794,795,814,817,818,819,820,821,309,823,824
1042,794,795,1052,1067,814,815,816,817,818,819,821,309,823,822,825,826,827
1030,1031,969,975,976,977,18,1021,987,990,608,104,1080,125
1025,837,716,730,989,673,1060,1061,809,684,942,886,759,758
967,910,654,727,535,536,537,538,609,935,936,937,938
323,837,716,1036,730,989,673,1060,1061,1064,809,684,942,886,759,758
260,966,967,905,399,535,536,538,475,609,931,358,936,937,938,112,246
646,647,649,714,971,651,719,658,915,916,663,728,666,731,988,693,697,698
1025,903,904,713,207,848,796,797,416,417,739,740,741,1062,1064,750,881,755,571
900,839,893,1051,988,863,1076,885,1077,889,890,892,1021
1091,718,334,399,850,851,853,216,162,36,421,998,166,295,309,248
900,839,1036,1041,1021,1051,863,1076,885,1077,889,890,892,893
258,644,967,584,910,911,336,537,543,932,933,935,937,619,627,1012,61
644,584,586,910,911,605,606,607,932,933,1000,619,627,1012,248
1091,850,851,853,855,921,986,998,814,432,817,818,820,309,822,823,826
644,582,967,584,966,586,587,588,846,793,926,418,933,880,627,1017,574
71,72,73,74,75,158,159,160,41,43,46,47,688,689,307,52,310,120,59,124
961,644,648,329,203,269,1038,528,733,606,929,932,933,616,235,619,176,1081,507
960,961,653,978,979,980,23,991,992,929,994,874,1003,1009,506,505,1018,508,1017,511
960,961,653,978,979,980,23,88,991,992,929,994,874,505,506,1017,1018,508,511
968,973,974,85,408,409,540,99,101,934,551,304
715,718,850,851,469,534,855,216,221,930,998,491,492,501
643,837,711,730,989,1060,1061,1063,809,684,942,886,54,380
768,705,769,773,906,150,471,472,473,154,604,797,292,440,40,297,1069,48,434,568
590,591,592,593,600,601,922,923,665,925,664,546,548,550,941,955
395,204,334,166,168,169,622,943,944,625,624,945,946,947,1082
395,204,334,209,166,168,169,622,943,624,625,944,946,945,947,1082
395,204,334,209,166,168,169,622,943,944,625,624,945,946,947,1082
896,954,899,836,647,841,657,915,1065,941,560,697,698,953,1020,894,895
395,204,334,209,166,169,622,943,944,625,624,946,945,1082
446,586,459,844,588,846,791,793,732,926,880,629,630,631,573,574
960,961,653,654,541,542,543,992,544,994,991,993,1000
960,961,653,654,541,542,543,992,544,994,991,993,1000
960,961,964,653,654,541,542,991,544,992,994,543,993,1000
644,584,586,653,910,911,654,339,993,932,933,1000,235,305,627,248,61
260,644,966,967,905,586,588,661,662,727,475,609,355,933,358,937,938
966,967,905,654,535,727,536,538,475,736,609,418,931,936,937,938
395,204,334,209,166,168,169,622,943,624,625,944,946,947,945,1082
590,591,592,593,600,601,922,923,665,546,547,548,549,550,941,953,954,955
960,961,968,973,974,271,408,409,540,100,934,551,304
128,129,323,203,972,398,14,533,94,548,935,427,370,371,886
1001,1002,1003,1068,1005,1006,1007,1004,1009,1010,1011,1008,431,1015,1016
1001,1002,1003,1068,1005,1006,1007,1004,1009,1010,1011,1008,431,1015,1016
1001,1002,1003,1068,1005,1004,1007,1006,1009,1010,1011,1008,431,1015,1016
995,1001,1002,1003,1004,1068,1005,1007,1006,1009,1010,1011,1008,431,1015,1016
37,1002,1003,1068,1005,1004,1007,1006,1009,1010,1011,619,1008,431,1015,1016
995,1001,1002,1003,1068,1004,1006,1007,1005,1008,1010,1011,1009,431,1015
995,1001,1002,1003,1068,1005,1006,1007,1004,1008,1010,1011,1009,431,1015
272,1002,1003,1068,1004,1006,1007,1008,1009,1010,1011,1005,431,1016
272,1002,1003,1068,1004,1005,1007,1008,1006,1010,1011,431,1015,1016
995,1001,1002,1003,1068,1004,1006,1007,1005,1009,1010,1011,1008,431,1015
1001,1002,1003,1004,1005,1006,1007,1008,1009,1010,1011,431,1068,1015,1016
458,1001,1002,1003,1004,1005,1006,1007,431,1009,1010,1011,1008,1068,1015,1016
995,807,1001,1002,1003,1004,1005,1006,431,1007,1009,1008,1011,1010,1068,1015,1016
902,711,721,722,854,602,603,604,476,478,673,1060,742,684,949,887,888,959
1036,462,1021,1051,863,560,1076,1077,885,949,760,889,761,893,890
968,973,974,272,408,409,540,99,100,101,934,551,304
6,968,973,974,271,408,409,540,99,100,934,551,304
891,840,1083,590,591,592,600,601,922,923,548,940,941,953,954,955
1029,1030,1031,1032,969,975,976,977,857,859,987,990,286,1080,1087
1029,1030,1031,1032,969,975,976,977,857,859,987,990,1080,1087
1029,1030,1031,1032,969,975,976,977,859,987,990,1080,1087
1029,1030,1031,1032,969,975,976,977,857,859,987,990,1080,1087
1029,1030,1031,1032,969,975,976,977,859,987,990,1080,1087
1029,1030,1031,1032,969,975,976,977,859,987,990,1080,1087
1029,1030,1031,1032,969,975,976,977,857,859,987,990,1080,1087
323,838,841,590,591,592,657,1043,663,681,298,553,687,498,1076,1077,886,1019,575
577,578,579,388,648,584,528,596,597,599,607,929,503,933,619,430,1012,759
192,258,583,328,648,336,528,357,294,173,560,883,948,566,443,60
206,468,148,150,151,534,149,154,352,164,747,748,749,750,751,752,754,124,191
960,961,966,967,661,662,542,992,736,1058,418,419,874,1017,1018
960,961,966,654,661,662,991,992,736,994,419,418,1058,874,1017,1018
1036,1021,1051,797,863,864,33,568,435,1076,949,885,1077,760,761,893
387,1028,331,78,718,338,927,35,299,44,300,1070,50,372,311,56,830
590,591,592,1043,600,601,922,923,548,940,941,557,953,954,955
900,590,591,592,1041,600,601,922,923,940,941,1077,953,954,955,893,575
960,961,653,654,541,991,992,993,994,933,1000,1017,1018
960,961,653,654,541,991,992,993,994,1000,938,1017,1018
960,961,653,654,541,991,992,993,994,1000,938,1017,1018
960,961,653,654,541,542,991,992,993,994,607,1000,1017
7,266,1036,12,339,856,792,730,29,94,485,745,428,187,500,886,571
7,266,1036,396,12,82,339,856,792,29,94,485,745,428,500,886,187
640,7,266,1036,396,12,339,856,29,94,745,428,500,886,187,636,637
640,7,266,396,1036,12,339,856,730,29,94,745,428,500,187,636,637
1091,134,585,330,459,399,851,853,470,90,162,421,998,166,295,432,309,248,444,446
832,709,1036,1039,1040,913,210,723,912,351,1057,879,753,881,949,758,761,313,570,763,572
7,266,1036,396,12,339,856,792,29,94,485,745,428,500,886,187
382,1028,267,331,78,338,147,958,927,1070,372,311,830
1,2,4,8,9,10,13,341,24,26,91,474,93,1080
382,1028,68,267,331,78,338,147,927,1070,372,311,57,381,830
963,968,973,974,271,83,84,85,88,89,409,99,100,101,934,551
964,968,973,974,271,83,84,85,88,409,97,99,100,101,934,551,939
965,968,973,974,83,84,85,86,87,409,99,100,101,934,551,939
964,965,968,271,83,84,85,86,87,88,1050,99,100,101,939
968,973,974,408,409,540,99,100,101,934,551,939,304
71,72,74,158,159,160,46,688,307,52,308,59
964,200,1001,1068,1005,1006,1007,1008,1004,1010,1011,1009,431
835,837,650,652,1036,716,1040,913,914,725,1056,737,1057,673,684,881,758,761,570,572
642,1030,7,393,906,1041,977,18,857,794,987,990,735,359,42,687,114,499
131,132,198,269,1038,910,1044,534,1047,473,538,867,682,491,492,565,574
391,712,526,400,402,22,95,96,928,678,682,367
835,647,520,658,725,22,663,920,858,667,737,807,808,1002,1011,1015,1016,697,698,1083
391,712,526,400,402,22,95,96,928,678,682,367,243
391,526,15,400,402,22,95,96,928,678,682,367,243
1029,1030,1031,1032,969,975,976,977,987,859,990,1080,1087
1029,1030,1031,1032,969,975,976,977,987,859,990,1080,1087
1029,1030,1031,1032,969,975,976,977,987,859,990,1080,1087
391,712,526,400,402,22,95,96,678,682,367,243
960,961,130,399,470,790,1049,991,992,162,421,166,309,248,442
1025,713,1036,716,1039,1040,207,913,912,596,725,286,1057,239,687,881,758,572
1037,975,977,857,474,987,1052,858,990,1067,814,817,818,819,820,821,1080,1087
1030,1037,975,977,474,987,1052,858,990,1067,814,815,817,818,819,821,825,1087
1037,975,977,857,474,987,1052,859,858,990,1067,814,815,817,818,819,821,1080
834,590,591,592,600,601,922,923,610,548,680,940,941,953,954,955
512,323,835,1036,589,1039,1040,913,1041,1043,867,553,687,239,575
960,584,648,911,528,605,606,607,992,929,933,1000,619,627,1012
899,647,649,714,651,970,719,657,658,1041,660,916,915,728,666,667,668,731,697,698
960,961,653,654,541,542,543,992,544,991,994,993,1000,1018
577,1029,1030,1031,1032,907,1036,908,909,858,28,863,672,1071,496,1074,1077,887,1080,121,1022
577,1029,1030,1031,907,1036,908,909,1022,858,28,863,121,1071,496,629,1077,62,889,574
512,899,900,649,589,1039,1040,1041,1043,916,728,553,687,560,886,575
590,591,592,600,601,922,923,548,940,941,953,954,955
590,591,592,600,601,922,923,889,548,940,941,953,954,955
67,260,653,654,655,661,662,992,419,355,105,874,497,246,249,1018
644,584,910,911,339,606,991,932,933,937,235,305,627,1012,248,61
323,3,899,838,14,1043,922,667,94,287,681,553,42,298,687,886,697,1019,894,575
512,323,589,1039,1040,913,1043,1057,867,553,239,881,886,758,572,575
960,961,653,654,910,541,542,543,992,544,993,994,991,1000,1017,1018
645,200,393,202,342,156,995,1001,1068,1004,1005,431,1006,1007,1008,115,1010,1013,374
641,515,516,34,301,177,626,757,759,632,633,634,635,638,639
584,648,586,653,846,528,538,606,607,544,929,993,933,1000,619,627,1012
960,961,644,967,661,662,991,992,736,994,1058,418,419,874,1017,1018
130,67,260,654,655,271,661,662,992,419,355,105,874,497,246,249
1,2,4,8,9,10,13,341,24,25,26,91,93
449,265,401,23,220,669,670,671,672,489,621,496,113,435,121,570
193,200,1046,855,726,279,1053,735,613,490,364,1069,951,434,950,759,568,374
641,1091,459,399,851,853,470,162,421,998,295,166,309,951,248,444,445
453,782,785,917,423,424,425,426,375,376,377,378,251,252
640,641,1091,330,718,850,851,853,469,534,920,216,921,998,295,698,636,637
64,961,583,511,1042,978,152,88,992,236,173,366,566,506,507,60,509,510,127
583,648,584,328,395,716,528,1042,597,599,929,312,1059,236,173,175,1012,757,948,759,566,250
640,641,515,517,140,724,301,626,632,633,634,635,636,637,638,639
391,526,15,402,22,95,928,96,802,481,678,682,367,243,244,122
391,15,402,22,95,928,96,802,678,682,367,243,502,122,188,383
960,961,395,653,654,661,662,736,418,1059,1058,874,250,236,1017,1018,60
960,329,653,654,333,401,542,544,672,289,550,1081,570,437,572,505,506,508,509,510,511
1029,1030,1031,1032,969,975,976,977,859,987,990,1080,1087
512,899,589,1039,1040,1041,1043,728,553,170,557,687,560,563,575
8,11,463,273,17,283,484,485,489,171,172,813,110,115,439
11,273,81,17,25,480,484,485,489,171,172,813,110,115,439
10,11,81,273,17,25,480,484,489,171,172,813,110,439
11,463,273,17,342,484,485,489,171,172,813,115,371,1013
11,463,273,17,342,480,484,485,489,171,172,813,110,115,371,439
11,463,273,81,17,484,485,489,171,172,813,174,175,115,439
772,774,211,212,917,344,345,222,287,1055,225,102,488,233,495,1072,240,1073,884,375,124
0,1,2,4,8,9,10,11,341,26,91,93,172
0,1,2,8,9,10,11,13,463,273,91,93,485,172,115
0,1,2,4,8,9,10,11,463,273,341,26,91,93,115
0,1,2,4,8,9,10,11,13,341,26,91,93,489
212,918,919,984,281,985,860,868,869,871,872,425,362,426,618,617,499,314
833,449,450,519,329,332,333,669,1054,288,289,291,437
449,450,833,518,519,332,333,1054,288,289,291,437
578,579,260,582,586,588,844,846,662,791,793,732,926,674,880,497,631,573,574
641,962,1091,458,718,850,915,916,853,851,855,920,921,90,735,998,309,951,698
11,463,273,17,342,484,485,489,171,172,813,110,115,439
385,386,323,132,134,907,908,1022,220,803,804,937,1071,118,119,1078,189,190
583,648,328,1038,528,336,1055,929,33,803,804,173,687,50,948,566,759,312,57
647,520,650,717,656,849,914,658,725,797,734,1070,692,758,568,697,699
709,1036,716,722,863,33,673,1060,684,879,1076,888,758,887,760,761,762,763,886,831
963,968,83,84,85,86,87,88,89,99,100,101,934,939
453,214,215,919,354,423,424,425,426,186,499,185,378,253,254
449,450,833,388,518,519,332,333,857,859,1054,288,289,291,437,1023
387,68,1028,69,267,852,471,920,473,88,222,422,39,743,40,44,429,947,56,382
1088,704,68,69,267,413,229,37,44,429,1070,51,823,56,826,702
646,647,649,714,651,719,658,915,660,916,728,666,667,668,731,988,697,698
391,712,526,400,402,22,95,96,678,682,367,243,244
1089,962,1090,452,203,1037,474,1052,928,802,38,1066,1067,818,1014,375
71,72,74,75,90,158,159,160,297,46,688,48,307,52,59
258,583,328,393,336,735,357,294,359,236,173,114,948,950,566,60
391,526,15,402,22,95,928,96,481,678,682,367,243,244,122
833,449,965,519,648,329,332,333,87,1050,1054,671,289,929,103,1081
323,709,1039,594,595,723,533,725,351,866,867,681,298,239,881,753,1019,764,763
641,1033,1034,1035,1036,718,849,914,981,855,862,863,735,490,760,951,1074,949,886,759,1077
64,258,336,727,535,537,357,294,935,936,937,938,173,948,245,566,60
1028,267,715,718,850,851,469,1046,534,216,855,221,735,998,951,434,311
1029,1030,1031,1032,969,975,976,977,857,859,987,990,1080,1087
71,72,74,158,159,160,46,307,52,308,310,59
1,2,3,8,202,10,14,26,91,413,545,229,38,230,104,231,997,1014
200,399,849,404,853,413,162,997,38,231,229,230,1001,421,1068,432,309,248
520,1041,279,90,411,668,412,157,287,614,743,42,687,183,700,894,447
960,961,661,662,736,992,418,1059,419,1058,874,1017,1018
960,961,580,581,978,979,980,23,542,991,992,874,554,506,505,1018,508,1017,1086
458,404,853,986,998,1068,1004,1006,1005,432,1007,1010,1008,814,309,446
847,211,344,345,347,348,349,223,227,228,233,812,493,494,1079
768,705,770,3,1033,12,14,531,282,156,94,681,42,748,687,498,374,767
640,641,140,204,461,335,724,34,996,299,50,626,633,635,636,637,639
903,904,717,468,471,472,154,796,797,416,417,738,806,1062,1064,241,242,118,759
1089,1090,452,712,458,1037,216,474,1052,1001,1067,1068,1004,1005,431,49,1010,180,1013,508
1089,1090,452,712,458,1037,216,474,1052,1001,1067,1068,1004,431,49,1010,1013,508
449,450,642,833,5,518,134,519,1054,288,291,491,1011,437,1016,1023
391,15,402,22,95,96,481,802,678,682,367,243,502,122,188,383
65,648,716,652,912,594,595,596,597,598,599,103,564,758
323,716,529,530,147,533,33,610,1061,553,106,556,557,558,623,878,433,498,758,759,700
642,709,330,652,1039,1040,593,594,595,725,664,665,1057,866,867,687,309,762,763
395,204,334,209,166,168,169,622,943,624,625,944,946,947,945,1082
257,79,659,411,412,92,160,163,612,293,39,40,743,42,307,569,63
391,712,526,400,402,851,22,95,96,678,682,367,243,244
897,898,901,838,520,842,279,287,687,884,182,700,447
391,15,402,22,95,928,481,802,367,243,244,179,56,122,123,382
391,15,402,22,150,95,96,481,367,243,244,502,122,123,382
11,17,273,81,24,25,480,484,485,171,172,813,110,115
