225,739,1251,1062,628,1273,538,1244,285
832,1282,741,1285,362,723,185,667,1277
740,569,443,572,573
742,1127,974,497,1173,727,408,571
744,968,844,1046,87,152,862
1189,747,589,941,432,437,447
1218,746,1194,849,1202,822,663,1212
102,749,60,623,467,534,22,539,956
389,910,752,594,595,1269,602,990,922
675,996,332,753,625,723,340,852,671
652,559,754,755,756,851,1143
961,1225,811,587,718,48,760
737,266,588,432,1266,53,311,447
747,589,941,430,432,86,796,734,447
454,714,31,1232,703,794,252,606,639
321,675,69,41,363,607
608,771,777,812,115,218
609,97,648,1102,1048,441,351
357,613,40,1194,362,718,1212,663,540,893
930,1258,976,720,1170,410,411
614,6,779,972,975,178,628,885
1248,229,934,969,497,757,1109,639
804,103,82,758,1278
161,706,841,201,1110,1111,664,410,411
40,718,760,497,626,723,440,540,893
121,1145,579,550,980,799,1013,761,223
931,779,1267,628,278,828,767
772,292,777,1104,1075,115,1114,956
608,1056,771,777,204,917,218,956
448,609,770,519,616,308,668
768,354,741,422,234,241,663,125,350
32,1031,785,914,852,860,1149,830
931,614,779,885,313,828,767
608,1056,611,771,777,204,917,218,956
1122,1124,773,561,850,442,1279
389,495,595,791,1208,1209,922,826,990
509,1282,1285,172,625,952,893,1279
1250,419,1259,1260,1261,433,787,893
1217,394,206,1233,786,26,794
356,1222,231,24,1211,1117,798
1217,40,718,271,399,794,667,796
1222,231,1211,795,1117,798
1217,206,271,304,399,786,794,831
801,613,806,360,72,785,951
802,425,777,305,247,728
121,1282,1003,893,761,694,727,1277,285,799
800,706,67,230,841,778,972,239
644,809,139,396,473,915,1209,826,475
1218,810,362,1006,1234,661,1148,349
355,613,806,1194,822,663,1083,1212
1088,808,714,845,13,269,760,729
1249,775,683,236,816,1168,954,349
589,974,1233,821,317,382,447
545,509,811,589,46,723,983,1212,893
418,194,549,814,310,55,1210,1023
993,609,1169,1238,827,444,637,575
577,1281,931,229,1210,828,767
613,806,746,426,822,1083,1212
745,1257,362,300,460,178,371,723,725,509
355,613,426,1290,303,663,604,669
609,585,970,586,618,725,983,730,671
259,1033,366,303,1210,988,670
1282,708,1096,1064,1066,173,727,667,63
352,265,682,718,1039,14,662,246,665
420,682,906,593,1009,597,894
965,743,680,204,60,534,55,310,956
129,322,685,144,626,1205,1113,988,543
259,69,107,684,654,686
674,1219,1220,652,621,406,118,1119
672,1030,297,267,76,811,271
609,678,814,627,1238,759,441,1119
675,69,840,107,684,654,686
131,356,1127,427,268,175,690,601,29
227,1124,1127,426,760,691,309,984,700
1064,618,335,497,946,692,22,727,1112
675,259,107,684,686,718,654,22,510
864,640,960,715,687,751,657,725
2,709,645,458,815,688,977,211
1113,801,153,689,626,693,280,281,187
1209,143,723,725,792,697,1051
1190,711,428,237,1011,120,699,254
644,884,887,890,701
706,1284,966,1286,841,1228,239,702
832,1282,1285,187,301,718,723,667,988,1277
288,0,709,359,301,625,694,1279
704,1092,1039,213,696,954
453,1127,1063,712,807,236,464,409,318
710,326,1227,44,463,336,627,435,179
129,708,679,1096,1192,950,1113,667
705,1121,967,392,624,666,604
704,372,373,86,1080,1084,1055
810,1259,619,430,1207,893,703
1220,559,722,754,851,117,755,406,1119
229,1034,720,976,978,375,1179
322,612,613,588,719,822,663,918,1212
1250,1032,1260,1261,439,1272,893,318
69,840,40,684,718,654,607
1282,1156,1287,716,1232,988,1277
715,621,687,657,725,185,730
928,1,4,367,1200,1041,1016,93
454,1128,777,714,845,1232,252,606
802,425,305,247,728,665
322,808,8,426,1067,918,280,729,319
649,875,726,983,920,443,731
677,623,1075,436,310,727,1114
324,327,814,144,242,724,693,346
864,960,618,715,687,657,725
838,346,1007,722,754,629,438,1016,1210
970,300,723,435,983,920,697,509,638
737,646,746,1201,1202,1266,659,661,663
738,1027,5,585,586,657,634,1021
996,1128,1140,1236,1207,1177,31,734,703
1248,454,587,781,60,623,789,956,735
673,1284,359,682,1040,725,629,733
864,1284,1286,874,715,657,725,730
1282,1283,132,456,142,732,1279
736,643,709,894,122,158
98,643,709,234,46,49,209,946,1020
685,845,626,693,918,281,445
171,1195,143,370,723,628,1274,478
677,812,1037,623,115,727,1275
1121,705,967,392,624,666,604
1027,9,715,1100,721,629,634,636,415
1184,418,771,1190,744,1132,625,636,1149
1186,744,968,844,625,853,310,1046
257,1125,421,23,632
866,903,617,10,841,809,1073,1213
548,1286,618,874,1106,467,1206,505,477,1183
674,485,585,586,621,883,725,698,730,634
0,261,869,622,943,1169,694,827,127
1252,810,619,1261,893,703
481,677,620,1232,281,187,543
1155,1159,362,1167,659,1148
448,770,647,648,906,1102,944,656
1190,137,218,655,120,122,1020
323,69,840,107,684,654,686
424,105,970,270,852,662,665
1218,515,810,1234,20,661,22,535,1148
193,100,549,781,660,916
676,645,935,211,631,408
736,643,707,709,894,122,158
641,1127,427,685,175,1232,280,379
292,606,1131,1137,823,794,731,957,638
352,384,358,650,1163,1069,25
833,614,647,648,1102,273,593,1009
9,1100,721,723,629,725,697,730
772,649,875,1011,726,983,920
1124,232,968,299,1046,1111,410,411,956,1215
935,874,907,1043,1206,854
962,869,1158,329,1226,1195,12,799
13,495,1232,723,187,667,540,543
640,864,1284,1286,751,1040,657,695
968,744,844,1046,862
738,903,629,1016,1210,733,95,1023
738,1027,585,586,730,634,415
968,1130,720,1046,87,1110,1111,410
706,484,133,968,1110,1111,664,410,411,956
931,614,972,975,1042,859,863
577,229,1034,720,976,978,375,314,1179
1121,1154,522,1290,723,187,604,510
640,292,839,553,554,1228,854,695,1183
964,580,872,946,1108,1017,924
0,928,5,1158,1226,620,1200,1041,93
933,1256,439,1272,893,318
1250,1260,1261,430,433,1272,1177,893
608,611,771,777,812,917
871,1262,1264,819,856,959
737,1157,1287,334,1233,1266,1201,317
292,100,1255,137,1011,789,952,1114,765
224,37,871,1262,1264,856,959
1248,1253,6,1223,1139,436,1115
832,1249,448,355,1194,816,663,216,445
290,262,468,533,58,1276,1182
804,103,82,758,185,1278
260,807,1098,688,371,799,694,605,1279
1280,1089,1061,1070,1111,476,1213,351
35,293,652,369,851,342,58,1182
1219,652,908,621,559,851,406,1274,1119
737,1282,1287,297,1232,1205,1277,382
962,869,1158,839,973,942,93
545,934,1288,77,751,1209,1274,1021,1150
930,872,1258,878,976,1170,1268,410,411
1282,618,589,941,1233,694,1277,317
616,783,1233,1266,1202,663,1242,1212
1282,1285,172,1199,723,852,694,1277
389,594,595,658,602,922,990
968,744,844,1046,87,862
1251,675,451,614,975,1199,178,1267
737,769,803,1194,784,790,1271,797
673,770,485,647,715,656,16,1014,634
290,1219,1220,361,621,118,1182,1119
1218,102,264,1006,1234,306,498,535,539,1148
640,545,98,960,893,718,631,408,989
1217,206,271,399,786,382
1056,1130,815,688,410,917,1111,122,411,956
674,99,1219,361,110,826,1214,990
929,1253,6,1223,1139,436,1115
1253,614,1223,6,1139,436,1115
1282,1222,1287,234,1232,468,1277
674,1220,838,621,343
899,934,903,1160,1000,1224,398,1199,599
418,194,812,204,1198,60,310,55,956
772,329,1196,531,957,254
1218,355,1194,362,784,849,663,1242
1157,806,746,43,1202,822,663,1212
795,231,109,789,310,55,314,1211,1277
1281,934,18,55,1210,828,1150
229,1034,976,720,978,1179,124
1282,1287,297,234,497,1205,1277
1218,612,1157,1189,1194,1202,1266,663,1212
1218,1194,1006,1167,849,1234,661,1148,349
1157,1189,589,432,1202,659,437,663,1212
834,1189,941,432,272,1202,86,796,447
935,874,907,1106,1043,854
197,1190,137,655,120,122,1020
320,101,1288,1265,1178,348
290,35,1219,361,118,1182
257,421,1125,1065,23,632,1086
965,1126,782,948,347,60
1219,1220,652,621,559,118,406,1119
1121,967,624,402,1077,184,666
642,1129,841,11,945,408,121,1245,446
35,36,293,361,396,1135,80,594,915
704,227,1127,423,426,427,236,814,445
744,872,968,844,1046,411,862,639
1282,1285,1287,1128,1232,1277
1250,1252,1254,1032,619,1260,1261
1218,849,1234,306,1148,349
1282,1285,1287,1232,187,988,1277
740,1226,942,1200,1014,1273,93,1049
960,1251,1189,614,745,1196,172,1230,725
899,931,934,1224,44,463,124
161,706,841,815,977,664,217,410,411
961,454,391,1225,587,48,440
225,451,836,40,1227,946,723,314,893
974,334,1232,1233,1266,630,317
970,46,435,723,662,983,1210,1213
960,966,326,488,745,460,723,725,509
960,548,874,618,1106,407,505,1183
679,717,1072,213,950,954,1053
1257,970,1102,944,656,723,725,730
322,1127,200,693,918,760,281,187
994,838,908,1007,594,659,990
385,1284,1286,1040,657,695,1119
899,931,903,912,627,892,95
899,934,710,1224,264,463,1199,124
1257,682,906,780,723,792,730,763,894
1163,1164,1166,25,955,889
231,874,302,207,340,886,854,988,190
771,772,777,404,407,888,793
0,640,1221,974,882,1204,1206,630,989
581,584,852,567,1241,574
864,673,960,420,1284,1286,722,695,1209
1218,1006,849,1234,306,661,1148,349
576,260,560,850,825,283,1085,223
1088,808,685,845,718,760,280,1211
229,847,976,82,758,185,410,411,1278
321,69,840,40,684,718,607
800,706,932,773,841,778,239,702
836,964,710,1224,1227,627,860,767
1220,838,945,1143,1245,343
744,968,844,1046,87,152,1111,862
266,810,304,53,661,831
834,612,1006,540,215,1212,349
646,391,390,72,1076,950
739,771,1062,777,1075,115,21,60,285
795,356,1222,231,24,1211,1117,798
1056,769,1285,550,60,814,1199,1114,956
389,361,368,595,1045,922,826,990
896,40,861,1039,213,696,954,221
32,1060,426,525,912,503,892,510,1151
359,143,687,657,725,697,1051
672,1030,447,267,76,399,831
1029,71,265,299,1005,528,309
161,706,968,1197,815,977,664,410,411
832,0,1194,747,941,336,1242,1212,958
225,98,12,1265,1270,1273,1021,638
418,999,1034,14,720,246,375
864,609,1027,715,687,497,725,634,415
325,1001,276,89,284,1023
1024,1286,1040,721,1010,1018
618,460,621,49,818,1012,284,988
583,615,1004,985,1108,568,1017,891,860
1218,1006,849,1234,659,661,1148,349
748,237,1037,1008,177,469,88
993,715,751,725,1238,667,637,575
994,1092,267,908,1007,594,438
229,614,1258,1179,976,720,375,411
996,1259,430,1207,1177,734,703
673,833,293,647,1002,593,1009,1119
649,875,726,983,920,443
153,301,20,532,150,984,1113
486,169,207,1232,886,984,1113,988
609,706,841,1131,1137,664,1176,895
992,801,1160,492,398,464,341,599,538
706,1123,420,1197,239,339,597,315
196,901,1103,111,723,895,151,509,639
1185,642,516,292,73,695,698
1187,292,935,874,907,726,731,668
1059,1192,843,782,1047,829
673,833,1002,945,1009,593,1143,1245
1285,677,1230,115,500,1075
418,835,709,677,874,883,1270,854,1273
677,748,623,727,1114,1275
964,872,946,1108,1017,924,1149
1219,293,652,621,851,1209,58
960,1124,168,265,1263,309,854,700
707,709,325,206,304,625,694,983,1279
160,258,709,30,151,217,122,509,158
385,1284,1286,1002,267,751,1040,687,695
43,974,783,1233,1266,1234,849,659,663,1148
385,98,676,293,969,106,408,1209
1059,843,782,1047,829
1250,1254,1032,1259,430,1207,1177,703
161,706,2,493,815,688,977,664,253
1001,1130,720,1110,87,1111,410,411,92
835,874,467,883,1043,854,505,477
299,76,397,334,271,989,821,317
609,1284,1286,906,1131,1137,695,1176,731
292,1131,1263,1137,1041,1203,731,668
1185,642,516,839,73,106,121,698
131,504,238,1136,112,600,1146,1116
1124,1029,71,265,299,528,309
229,1034,976,720,978,1179,124
928,973,1200,346,93,254,927
705,967,1064,392,489,683,1077,1112,666
194,771,805,777,43,1005,220,663,1212
385,1284,1286,494,1040,695,1119
0,928,483,869,1041,1049,927
449,773,777,1037,404,888,793,1114
194,418,999,1034,720,276,55,246,375
896,963,904,818,1208,249,635
879,1235,21,249,346,956,861
928,0,1226,1200,1041,1049,93,927
865,938,1107,1044,313,863
676,1221,869,1041,1204,254,1019,1118
896,65,904,55,249,346,635
578,999,1001,1130,720,1110,1111,410,411
121,98,642,516,293,106,408,1209
418,1034,1179,720,976,978,375,410,411
1187,1221,293,869,1228,1204,1183
928,0,973,1200,1041,1016,93,927
418,194,1124,265,299,310,55,1023
419,1254,718,119,90,893,318
669,269,1231,464,1141,822,1277
933,1254,1256,1032,439,1272,318
968,872,815,977,1046,410,411
1250,1259,1261,430,1207,1272,1177,893,703
512,706,295,841,1110,1111,664,410,411
962,869,1158,973,942,1273,927
512,706,295,841,1110,1111,664,410,411
936,881,817,1048,1050
161,706,841,815,977,664,217,410,411
546,111,1103,403,154,219
936,881,817,1048,1050
34,229,614,1258,45,639,1171,860,351
1216,384,98,676,645,407,408,1209
292,1131,1263,1137,1041,1203,731,668
706,841,239,1110,1111,664,410,411,702
700,418,1124,265,299,1075,309,956
668,292,957,1265,698,348,1021,735
962,869,1158,839,973,942
1187,907,1137,211,407,731,668
936,881,817,1048,1050
928,1226,1200,1041,1016,93,927
1095,679,1078,950,376,954
546,219,1103,818,1174,154,123
289,931,873,969,15,498,1267,828
1185,642,516,292,839,73,1048,698
1153,931,932,6,972,1042,628
928,1200,1041,1049,93,927
548,874,1106,883,1204,407,505,1183
161,1130,815,688,977,410,1111,122,411
962,869,1158,839,973,942,465,1270
896,546,219,1103,154,123
963,879,1235,21,249,956,861
195,744,968,844,1046,1111,152,862
706,484,968,137,1110,1111,664,410,411,956
548,1124,168,309,854,407,630
420,906,1197,47,339,597,315
294,169,777,429,749,886,409,346,827
1056,161,706,815,688,977,664,410,411
513,484,965,709,743,745,723,948,122
1250,1252,1254,1032,433,787,1272,1177,893
896,963,818,1011,1208,249,861
1157,775,1006,849,1234,306,661,1148,349
1056,1124,1130,815,688,410,1111,122,411,956
89,418,777,346,115,375,601,1146,1116
292,553,554,1228,912,1011,695,892,1151
548,874,907,1106,883,854
835,935,874,1043,1206,854,477
1056,611,777,204,917,956
161,706,841,815,977,664,217,410,411
962,869,1158,973,942,465,1041,1273
1059,1192,843,1047,829,766
928,367,1200,1041,1016,1049,93,927
3,265,1107,309,313,859,926,863
1056,161,1124,815,688,410,1111,122,411,956
1185,642,516,293,73,267,408,698
293,652,369,851,342,58
99,110,910,752,851,922,1214,990
1025,194,100,109,789,565,310,55,952
930,1258,976,1170,410,411
460,108,1197,718,49,1012,1268,628,1274,988
259,69,107,684,654,686
704,520,427,632,1039,114,280,25,954
833,878,593,113,1009,49,1073,1213
131,238,112,1136,600,601,1146,1116
866,772,846,111,403,54,154,670
320,101,1288,1231,1265,1178,348
33,100,1114,115,789,218,60,765
99,1220,389,1260,110,911,922,1214
936,881,817,1048,1050
385,676,293,106,267,408,1209
704,450,328,105,777,427,696,604
418,104,651,81,1110,1111,220,413
804,103,82,758,1278
1059,1192,843,782,1047,829,766
129,280,1028,650,632,1164,1074,1078,376
131,238,112,1136,600,601,1146,1116
642,233,427,204,141,822,311,126,767
448,289,770,548,622,308,127
135,457,268,78,83,287
968,1197,47,339,411,149,1110,1111,410,315
486,136,141,464,918,538,606
1283,132,773,166,456,142,732
293,134,106,74,267,494,212,408,121
419,433,119,90,893,703
197,1190,711,428,49,120,30
262,460,621,117,58,475,1276
290,1219,1220,361,652,118,1182
1248,68,1224,178,1267,340,1179,124
354,422,234,241,125,350
579,550,552,761,566,1013,121,223
160,258,709,199,30,217,122,411,158
225,577,739,100,1223,1232,21,952,88
1249,66,227,194,612,1094,23,508,29
451,675,69,40,107,684,718,893
640,960,67,966,618,234,651,723,1045,374
390,646,72,423,391,1202,1076
480,70,231,1288,1267,340,825,571,190
162,2,709,511,493,977,410,411,509,479
833,1284,870,1286,906,364,1040,657
548,485,134,74,267,494,273,1180
325,1005,495,1039,497,727,56,667
192,225,1248,451,1109,55,1210,988
1249,705,709,775,1194,825,59,1148,540
227,518,679,1096,233,72,950,57,954
2,200,457,78,532,248,59,988,61
965,1126,782,948,347,60
64,39,872,777,977,210,27
613,72,777,1068,464,538,667,221,63
1218,646,1194,43,849,1202,663
1186,195,898,549,777,875,852,85,346
266,432,272,86,311,447
739,109,1230,177,310,952,88
418,1001,814,720,115,310,1111,346,220,375
288,676,1284,713,1097,1071,1137,631,1207
1250,419,1254,1259,119,90
480,356,231,777,340,886,91,1052,190
544,899,903,531,1210,507,446,95
96,612,1127,236,173,115,378,190
545,97,326,970,16,1169,435,723,725,1173
1193,395,76,397,26,796,381
547,102,1288,264,77,1265,348,539,508
457,268,78,83,698,287
153,79,150,984,1113
481,293,517,1135,80,594,1045,535,826
418,1191,104,1001,81,860,830,1023
804,103,82,758,185,1278
135,457,268,78,529,83,543
1121,355,1161,1162,683,781,1168
992,675,357,198,718,208,178,885,670
352,650,1163,1164,1166,889
898,195,771,744,777,875,299,85
1155,1159,811,1167,659,317
194,418,324,549,276,310,55,314
1161,1162,683,489,460,1168,723
192,194,418,324,310,55,314
545,193,98,326,70,46,723,340,983
191,135,457,268,78,83,287
480,771,454,777,302,340,378,190
642,809,1037,1232,178,531,915,788,189
1155,70,1161,1162,1168,625,178,723
449,548,433,209,19,21,312,188
1145,913,979,761,566,121,991,283,223
1113,322,620,724,693,918,281,187
1163,1164,1166,25,889
1127,207,693,245,1141,886,409,186
994,1155,1159,1167,659,317
1121,967,392,624,1077,666
804,103,82,185,1278
449,843,373,949,1047,183
1113,169,140,175,180,532,245,153
1164,1165,1166,372,373,889,667
992,546,291,323,198,492,181,1174
1153,98,707,1191,329,946,370,541
801,487,200,491,366,242,216
834,612,1157,1006,540,215,1212,349
679,72,338,213,954,1053
1186,359,778,625,371,501,730,285,638
964,229,351,182,214,985,924,639
1153,964,1191,111,1108,54,1175,924,639
407,676,645,907,211,631
742,844,1264,1169,1173,1046,571,959
545,326,460,210,723,178,440,509,671
609,1219,1169,915,1173,759,827,444
707,359,46,751,209,723,725,312,1020
573,367,208,1200,569,698,443,572,93
1253,518,520,205,301,175,814,278,760
1152,169,207,982,1239,984,1113,988,1240
933,1256,439,1272,318
165,203,140,496,144,83,693,319
225,739,1062,1076,1244,285
545,1217,357,362,589,718,206,304,399,893
355,1194,43,1202,663,1242
872,968,815,977,1046,410,411,639
578,1001,1130,276,1110,375,1111
608,1056,611,803,812,204,218,764,765
197,1190,655,120,122,1020
487,200,491,1232,529,242,216
509,162,37,709,815,977,411,410,155,253
153,301,144,20,693,984,1113
160,736,258,643,122,647,946,30,634,158
1187,907,1134,243,182,282,156
292,1093,305,147,1204,189,247,1148,540
545,1282,1123,996,5,146,988,638
153,79,150,984,1113
521,1194,522,427,489,777,683,148,378
609,519,648,460,1102,143,273,695,697,1051
1283,132,456,142,732
359,553,554,555,234,46,145,252
65,322,452,518,140,144,116,1113,62
288,676,645,874,883,854,631,408
1219,389,139,595,1238,1209,475,1119
166,138,44,494,470,539,127
1113,486,136,141,497,153,538
129,153,203,140,460,144,1113,1052
129,906,176,49,468,533,440,988,541
677,812,748,237,177,534
35,293,361,652,559,369,179,406
676,1131,1040,1137,855,1176,731
931,873,972,463,178,1267,124
153,1127,689,984,1113,221
193,66,777,426,427,174,690,691,252
1089,169,492,301,429,175,1231,20,1141
771,452,167,777,140,1232,20,1113
1089,771,227,1061,169,777,175,20,918
865,418,229,171,847,976,1267,1115,1149,639
100,777,172,204,60,109,789,952,956
961,48,497,340,468,500,538,475,159
161,1124,232,968,299,1046,1111,410,411,1215
835,874,467,883,1206,854,630,477
160,258,709,199,410,30,122,411,158
165,518,294,301,429,180,532,918,795
544,166,138,526,212,470,507,923
832,613,1094,429,785,52,23,29,1087
257,1125,679,1065,632,345,954,1086
260,807,1098,371,825,283,1085,223
1090,1091,1096,717,1074,950,633,1053
1187,835,874,907,1043,630,1206,854
1090,1091,1028,679,717,633,954,1053
1251,614,938,1107,313,859,863
1089,1061,169,1097,497,950,153,543
1088,832,808,616,1066,115,280,729
771,388,777,393,1067,1039,115,789,1080
1028,679,1095,1096,1053,1078,376,954,221
679,1095,717,1078,950,376
129,1028,717,1074,376,345
1039,723,372,373,1080,667,1084
1095,1096,679,1078,950,376,954,1083
129,805,613,393,1194,235,1068,1212,540
1082,679,1099,717,338,345,954
954,1097,365,1071,1081,378,383
1248,359,745,970,1102,944,656,725,983,697
865,418,229,614,938,1044,639
546,1103,1174,154,219
1082,679,1099,717,338,345,954
1255,1036,1100,629,120,1114,1020,415
577,865,938,1107,313,859,863
1251,902,136,937,108,141,940,1104,1107
968,815,688,977,1110,1111,217,410,411,511
416,574,1105,1108,54,860,1149,830
1092,679,1095,1065,1039,696,954,1086
1125,1093,1094,775,683,696,1052,1087
1281,583,885,727,568,1210,828,797
260,1098,371,825,283,1085,223
679,1065,950,345,954,1086
1097,365,1071,1081,378,383
1093,1094,261,712,377,236,409,1087
1120,651,1172,1243,412,413
1221,137,525,1134,468,533,472,1118
553,554,555,1037,237,274
1184,551,1132,1172,789,375,414
514,554,1131,1137,855,1176,731
963,1134,182,1208,249,827,1118
960,1282,1251,460,46,1138,723,725,185,1179
1059,102,1192,782,1047,539,1051,829
355,805,1194,43,362,784,663
355,805,1194,43,663,1242
1058,1064,113,49,402,1112,377,510
548,874,1106,467,1043,854,477,1183
1248,1253,6,1223,1139,436,1115
1248,929,1153,6,1139,436,1115,639
32,923,964,1033,1147,813,1241,891
813,846,592,1105,54,1147,1149
418,934,972,15,498,124,1150
1248,1153,1253,1191,329,370,723,541
1124,1029,71,265,299,528
1121,1154,1290,624,604,669
1155,1159,811,1167,659,447
1122,558,401,563,564,980,566,605
1248,929,1253,6,1223,1139,436,1115
1128,1165,307,1236,373,53,1140,734
320,1156,101,1231,1141,1083
744,968,1130,720,1110,87,152,1111,410
644,884,1142,887,890,701
968,1130,410,720,1046,87,152,1110,1111
1248,964,1253,6,436,1115,639
525,912,1011,1019,892,1151
69,41,684,654,592,607
196,325,842,852,1109,598,1174,1210
609,1220,908,1133,1007,369,438
579,550,552,1003,1237,565,566,1013
291,964,1000,1160,398,599
325,999,1001,1034,720,276,375
0,1217,359,1193,234,46,1200,723,187
899,931,1224,138,44,463,1267
865,3,938,1107,1044,313
567,1031,1033,1035,876,855
676,1221,869,1041,1204,254,1019,1118
1184,1120,610,551,1001,1132,414
896,65,904,55,249,346,635
193,773,972,781,916,1237,347,797
1031,1033,1035,876,846,592,54,985,1147
897,846,596,54,1175,1241
43,849,1202,723,659,53,663,26,447
567,1031,1033,1035,876,855
359,751,1199,16,1267,52,725,852,730
576,762,560,565,570,1022
225,451,326,40,362,51,723,725,1215
292,649,875,726,983,920,731
1024,353,721,1010,787,183,1018
546,219,1103,1174,154,123
928,1,4,1226,367,1200,1041,1016,93
50,569,443,572,573
1024,418,1133,721,1010,695,1018
34,1160,968,1108,1015,1017,410,411
833,870,905,593,1009,113,49
961,48,497,625,468,789,500,475
580,583,615,568,985
1057,355,1161,13,947,663,986,247,1247
1056,611,803,764,204,917,956
1121,1058,967,1064,392,1112,666
968,872,815,977,1046,410,411
193,329,10,46,367,1011,1213,346,443,93
610,359,11,878,751,1268,634,953,1274
931,68,1224,463,178,1267,628,124
1090,1028,679,633,345,954,1053,1054
704,372,373,1080,1084,1055
1250,1252,619,1260,1261,787,893
460,19,627,117,375,1208,635,188
930,1258,976,1170,410,411
70,169,688,20,245,24,153,988,543
1124,100,488,60,500,21,311,956,1215
679,717,1072,213,950,954,1053
257,1125,421,23,632
872,968,815,977,1046,410,411,639
452,327,383,427,365,153,954,1052,1081
1120,610,1172,953,1243,412,413
261,647,648,1064,16,885,727,1112,127
196,580,583,615,398,1109,599,639
449,1059,843,782,1047,829,766
130,931,163,92,178,18,1267,536,284
226,1186,195,771,549,601,858,28
545,383,365,1039,1073,185,378,667,1081
679,1095,717,1072,213,954,1053
64,1222,39,108,1011,27,797
454,714,1232,882,1140,1236,252,734,31
968,815,688,977,1110,1111,664,410,411,511
66,227,319,108,278,23,24,29,767
385,838,617,1073,117,759,1213
356,472,1289,143,24,58,1117
776,1068,365,1071,1081,383
609,867,196,1033,939,332,403,852,441
358,1163,1164,1069,1166,25,955,889
545,359,1193,394,395,46,786,725,792,26
838,1002,909,1070,911,1171,1051,351
1163,1164,1166,25,889
1280,351,460,1070,143,178,723,1051,1023
291,613,38,808,41,492,495,624,1212
1121,1058,1064,402,1112,666
1124,232,968,299,1046,1111,410,411,956,1215
257,679,1065,696,632,345,954,1086
69,840,40,363,684,718,592,607
1088,1091,1066,717,633,950,345,954
64,835,39,630,282,27,639
388,393,777,1067,365,373,374,1080,1055
33,100,292,168,1228,346,623,627,1114
706,841,462,239,1111,664,249,410,411
32,1031,1033,219,431,598,567,985,1147
993,36,809,396,911,915,637
1089,153,1061,1232,760,1113,186
35,293,369,179,406,342,1182
1251,614,1107,313,859,863
1113,1089,452,1063,236,1141,153,186
449,1059,843,949,1047,766
1191,1258,914,1108,860,1149,830
704,450,775,105,393,427,620,632,540
389,909,911,594,595,990
545,451,675,69,40,107,684,718,654
1113,452,327,140,144,153,445,543
36,809,396,909,915,52,956
1121,1282,1188,453,1287,49,1277
608,769,803,611,204,60,917,790,956
454,234,714,1199,178,1267,340,1021
608,193,781,60,916,956,797
129,294,455,113,147,55,1238,215,57
416,923,1229,219,1101,591,921,891
1283,132,166,456,142,694,732
1026,418,335,1139,820,919
609,908,814,406,759,441,1210,1119
737,964,709,647,784,946,1045,924,989
2,773,968,460,1232,49,723,1268,442
416,923,1229,219,591,921,891,985
740,50,569,443,572,573
1184,999,551,1001,1130,1132,720,276
423,1169,1238,475,1048,346,827,444
291,675,451,40,943,946,823,925
929,1253,6,1223,370,1139,436,1115
452,685,175,626,693,187,445
5,1002,171,715,366,657,531,723,446
941,272,432,53,311,796,447
931,899,934,18,627,1210,828,1150
448,1249,770,519,647,273,628,1274,478
1059,1192,843,782,1047,829,766
1153,931,932,229,779,972,1042,628
419,1193,525,434,178,119,53,439,90
644,884,887,890,701
40,619,430,433,946,893,703
614,972,975,178,562,885,859,863
644,884,887,890,701
929,1153,6,436,1115,639
644,884,887,890,701
710,326,1289,336,627,435,179,541
545,1133,46,1007,723,438,187,541
612,1157,746,1266,437,663,1212,349
416,544,546,923,219,921,154,891
808,1032,1225,777,1067,440,729,287
933,1256,439,1272,318
912,1011,1019,892,1151
802,425,305,247,728
418,645,880,1043,214,895,249,346,639
1125,421,424,1065,338,632,1086
897,996,813,846,596,54
679,72,427,1039,338,950,221,543
898,195,1124,299,1073,1111,700,1213
389,426,235,718,497,501,503,922,703
900,549,902,872,1104,601,858,639
1259,619,430,433,703,119,1177,1207
902,937,108,940,1104,601
928,1226,1041,1011,1016,93,927
544,197,837,711,428,655,627,507,699
833,870,905,364,593,1009
1157,974,432,1233,1202,723,659,447
545,1257,682,170,460,906,364,848,723
389,594,595,658,922,990
32,321,354,492,431,115,852,598
965,1126,1062,782,60,948,347,764
610,204,1111,953,1243,413
545,417,1251,359,460,1229,591,921,923
384,1216,709,359,907,784,694,407,408
871,1262,1264,819,856,959
1217,1122,712,236,301,429,245,409,316
768,354,741,422,241,125,350
1220,293,652,851,118,406,1119
1217,228,390,423,391,72,298,191
931,229,614,969,972,757,313,859,828,863
417,1229,1101,591,921
257,1125,421,424,23,632
1121,967,392,624,1077,666
1193,394,395,76,26
291,939,943,981,823,925
1217,718,399,271,1270,248,667
419,1254,718,787,119,90,703
257,1125,393,650,1067,777,365,950,1086
1184,871,971,1132,1262,1264,1111,959,1023
394,395,76,53,26,380
772,292,777,847,404,888,793,1114
674,35,621,179,406,727,1081,1119
1121,1058,967,392,402,1077,727,184
986,1038,560,947,565,566,762,1022,1247
111,403,54,598,760,154,1181,670
902,937,940,1104,601,282
387,1095,137,1194,365,1006,950,349
291,939,943,823,925
386,418,454,1127,1194,427,812,954,379
902,937,940,1104,1136,639
385,525,1071,1073,113,727,1213
291,867,939,943,823,925
384,352,650,1163,1069,407,955
1121,1058,967,392,1077,184,666
449,843,1047,373,949,663,183,1212
390,391,72,1069,1076,1078,1079
390,391,72,646,336,1076
965,1126,60,948,917,347,956
388,1067,365,51,1080,1081,827
739,100,172,1005,109,952,88,956,285
679,1194,240,115,693,950,1080,954,379
610,551,49,953,1243,413
1097,365,1071,1081,378,383
1028,679,1095,717,950,1078,376
712,1065,683,378,377,1082,1086
1121,1058,193,774,109,402,1213,951,797
1095,393,365,51,213,950,374,1081,383
365,1071,1081,378,383
292,1062,807,371,1244,957
1193,394,395,76,26,381,382
747,941,589,432,796,317,958,447
1193,395,76,26,380,381,382
358,1163,1164,1069,1166,950,25,955
394,26,380,381,382
608,769,611,803,743,680,204,948,917,790
359,472,780,725,792,763,894
800,706,354,841,778,239,249
769,594,788,1269,1076,826,764,1182
355,805,1194,43,784,663
1056,769,803,917,764,765
193,225,1218,8,495,626,1234,822,29
608,1056,769,803,764,812,115,60,765
704,1095,1068,365,51,213,1081,383
1121,774,967,392,624,666
450,775,679,105,72,427,954,540
804,103,82,758,1278
869,359,1191,329,525,468,541
1056,608,769,803,764,765
899,814,754,916,952,346,124,542
260,807,1098,371,761,121,223
704,547,708,549,233,685,532,501,918
355,805,1194,43,362,784,663,1242
519,263,487,777,814,468,533
98,359,780,725,792,763,894
677,748,237,177,469,534
608,769,803,764,812,204,60,790,956,765
1082,1099,717,338,213,535,345,474
677,965,969,781,495,1011,916,764,797
801,486,136,1067,141,464,497,538,63
1024,1062,487,137,530,115,21
32,196,1033,1103,850,403,54,598,825
457,268,78,529,83,287
98,1160,460,398,599,1209,538,510
1089,771,1061,169,180,532,20,245
131,504,112,1136,600,1146,1116
326,40,74,494,273,178,531,117,541
1121,967,392,522,624,666,510
833,870,905,170,364,593,1009
389,908,594,595,1269,602,990,922
231,521,393,777,378,148,918,346,59,508
389,909,559,594,595,922,990
961,195,324,524,48,85,1110,1111
897,846,111,596,54,985
704,355,612,520,1194,523,918,663,255
1184,610,204,953,1243,413
515,453,136,1232,760,538,252
576,762,1038,560,400,565,570,1022
514,706,841,239,112,852,567,664,601
359,780,1197,792,763,989,894
1090,1186,520,213,442,1053,1054
129,518,460,178,723,532,1113,475,988
608,1056,803,771,764,204,218,956
131,238,112,1136,600,601,1146,1116
96,235,683,365,492,691,378,508,190
416,544,546,923,219,507,921,891
389,594,595,602,990,922
576,1025,762,750,560,565,405,570,603
675,392,522,139,12,1209,891,510
1121,1154,613,1290,624,604,669
968,815,688,977,1110,1111,664,217,410,411
833,870,905,364,593,1009
1218,296,1232,1234,437,502,1148,540
613,426,275,147,501,503,540,29
545,1251,963,868,1257,682,300,460
292,237,1230,274,115,1075,500
867,291,871,140,1262,1264,531,22,539,959
707,709,42,493,720,84,122,509
613,8,426,429,1232,501,503,540
866,567,877,846,596,852,1175,1241
460,49,498,113,1012,1268,723,988,509
923,1004,1105,914,1022,891,860,830
162,2,707,709,1257,815,977,410,511
900,229,902,549,777,108,814,858
771,393,203,140,685,496,1113,319
968,844,601,116,87,152,857,862
486,136,235,141,464,497,538
936,881,817,1048,1050
289,74,298,267,494,273,113,127
897,580,583,877,1108,596,568,985
1197,495,339,1046,791,1208,858,315,862
1031,1033,1035,876,276,855
545,900,968,490,1180,1043,1235,858,476
805,199,880,339,408,122,315
1186,649,875,720,983,920,566,1046,726
867,291,840,41,492,718,852,1241,607
935,874,1106,467,883,1206,854,477
608,965,488,113,789,21,218,60
704,1161,489,683,457,1168,378
871,971,1262,1264,856,959
481,129,1028,1074,535,474
486,136,141,685,464,497,538
389,361,911,368,595,788,826,990,922
480,929,233,460,207,886,91,190
448,770,255,261,622,1169,827,478,127
291,939,943,823,925
904,968,282,1116,1046,600,410,476,639
1248,418,739,610,549,1191,1132,824,1023
674,139,460,533,472,58,475
481,609,1082,717,338,535,474,221
1026,614,934,335,820,919
487,906,848,465,212,533,1208
1258,1036,525,1041,534,473,1180,1149
32,923,964,1033,1147,813,1241,891
263,139,1238,472,1017,475,444,637
323,69,1160,41,363,398,819,607
100,1221,1134,495,471,952,1019,1118
567,1031,1033,1035,876,855
166,777,138,44,526,273,212,470
871,1289,971,1262,1264,856,959
1056,771,965,777,204,237,60,948,469,956
897,877,846,111,596,54
609,614,263,273,468,533
486,141,269,464,497,538,606
484,968,137,60,1110,1111,664,410,411,956
487,906,848,465,212,533,1208
899,710,102,264,463,178,539
835,874,907,1043,630,854,1206
546,291,675,840,842,654,592,154,219
1283,132,732,456,461,142,988
1004,914,1108,985,860,1149,830
549,326,969,1130,459,812,495,500,21,534
1120,651,1172,1243,412,413
287,135,457,268,78,83,191
113,946,49,723,628,1209,1274,284,510
260,560,850,825,570,283,1085,1022
161,706,968,1197,815,664,410,411
1251,739,1062,745,725,727,730,1244,285
549,999,1258,814,720,276,824,346,220
288,640,642,676,645,631,407,698
579,550,552,561,1013,566,121,991
287,135,457,268,78,83,191
290,1219,361,117,118,1182
1184,771,549,551,681,115,276
289,1026,873,972,919,313,859,863
1152,552,557,401,982,1239,605,991
962,292,1037,237,1270,695,698,794,957
960,291,675,359,618,925,943,989,823,1021
928,1,4,367,1200,1041,1016,93,927
512,256,130,706,295,42,977,410,411,509
801,294,1127,236,242,532,537,61,222
737,1282,1059,1287,297,1205,1277
834,357,296,1194,235,502,663,1212,540
1124,1029,71,968,299,1005,115,1075,1046
225,356,1222,486,136,87,24,152
261,166,138,44,494,16,127
262,814,559,110,945,117,1143,1276,1245
609,454,263,777,468,533,441
899,931,264,1224,44,463,178
266,810,304,53,86,663,757
672,932,1030,1193,713,267,1273
1127,969,393,427,301,270,495,532,249
1217,589,271,399,786,796,317,447
292,869,1158,839,329,1195,12,367
974,272,432,1233,821,796,447
609,97,289,614,648,814,273,827
801,198,1223,294,523,492,275,278,503
448,1249,429,340,277,988,351
931,902,6,108,847,767,436,278,827,639
1088,129,452,685,845,760,280,729,445
1113,153,626,693,918,984,281,187
902,937,1258,940,1011,282
324,139,1068,1005,651,988,244,1210,1212
581,584,567,1241,574
1092,397,1084,272,432,243,885,796,1055
581,582,567,1160,398,852,599,1241
129,487,200,491,1232,242,216
577,578,194,999,872,375,151,220
354,422,234,241,125,350
865,67,137,745,841,1108,375,122
580,583,615,568,985
344,271,304,399,248,250,794,831
544,417,545,891,1101,1229,591,507
707,325,709,999,1034,14,720,246,375
581,1031,1033,1035,876,363,592,1241,574
802,934,425,777,305,247,728,665
580,583,615,568,1241,985
675,460,301,625,723,245,409,988,540
581,584,852,567,1241,574
869,1158,839,1196,973,957,254
740,50,569,443,572,573
233,427,270,945,245,251,316,1245
740,569,443,572,573
1156,326,359,234,12,46,723,538,252
740,569,443,572,573
1217,619,331,334,119,248,250,794
964,567,582,943,852,981,823,1241,571
993,727,694,1238,888,637,575
259,107,684,686,366,303,654
160,258,707,709,199,30,217,122,158
577,578,999,1130,720,1110,375,1111
257,421,1125,1065,23,632,1086
1249,1093,775,810,523,1168,52,540,255
581,584,567,1241,574
679,72,427,1072,338,213,950,221,1053
260,560,850,825,570,283,1085,223
1152,590,563,564,982,1239,1144,1240
608,1056,771,204,917,218,764
675,1193,759,562,723,501,503,187,701
931,614,972,975,1267,859,863
968,664,1197,47,1110,87,152,1111,410,411
1184,194,968,844,862,276,375,220,414
579,550,561,913,979,1013,1145,991
641,129,227,460,1039,178,723,1212,540
580,583,615,567,568,985
228,1156,486,1223,175,1231,370,1141,760,670
581,584,852,567,1241,574
576,1038,560,570,565,566,762,1022
225,486,136,1227,141,718,178,314
224,226,195,133,17,152,858,28
1152,552,590,565,982,1239,1240
34,964,615,1108,1015,1175,1017,985
481,517,233,460,525,49,178,723,988
401,947,371,566,986,1247
768,234,241,1270,1273,125,350
292,553,554,555,1037,274
229,938,847,124,498,978,1044,1171,828
553,554,555,274,93,957
804,70,231,302,340,85,886,1211
292,553,554,555,1037,274
744,968,844,1046,87,152,1111,862
706,67,841,239,597,664,249,702
576,550,1038,400,560,570,1237,762
522,140,173,240,113,626,818,221,543
559,911,945,1143,1245,990
121,579,550,552,561,565,566,1013,761,991
294,1127,236,430,175,816,497,280,445
748,237,1230,1008,177,1075,115,60
1152,552,557,1038,400,565,982,1239
806,360,492,718,303,495,785
640,804,709,359,234,46,784,178,723
1218,362,784,849,1234,1148
361,908,911,368,369,52,118,826,1214
1121,356,1222,1289,24,798
354,234,778,241,1021,667,125
352,358,1163,1164,1166,955
357,455,264,266,463,1266,467,372,373,53
929,1253,6,1223,370,436
35,1220,361,652,369,594,438,342
704,372,373,950,1084,1055
704,372,373,1084,1055
291,259,582,366,303,942,93,670
675,69,363,684,107,654,607
1199,368,16,658,1267,723,1269,1045,602
962,998,1158,839,973,942,367,93,957
992,198,38,492,1231,341,1141
1219,1220,293,1135,594,118,342,1182
1220,838,559,1143,1245,343
1121,705,1058,967,392,624,666
646,72,336,625,1202,723,1076,540,1279
1061,1127,169,527,1231,337,1141,1113
1099,717,338,213,950,345,1082
70,332,812,497,723,340,277,988
768,354,422,241,125,350
229,838,1070,627,214,887,1210,351
352,384,1163,173,495,1039,727
353,1250,1260,1261,433,787,119,1177,893
40,141,814,718,720,1043,55,346,893
965,1126,1075,948,534,347,60
320,101,77,1231,1265,1141,348
1218,1006,1234,659,661,1148,349
322,452,327,685,724,693,374,281,606
709,326,359,300,336,625,435,179,694
1250,837,330,1260,1261,787,90,893
610,325,999,1001,14,246,953,1023
194,611,324,520,748,1008,1232,723
323,69,107,684,654
704,322,203,685,144,1113,543
321,675,451,40,718,1149,607
320,101,1288,1265,1141,1178,348
1026,335,723,628,820,919
334,974,1233,1266,26,317
1064,1289,333,657,113,497,727,539,667
0,867,939,332,943,946,852,1149
40,331,946,119,1272,893,703
353,837,297,330,428,787,734
548,869,329,367,498,180,443,541
704,328,105,427,338,86,696
1218,775,849,306,1234,661,1148,349
353,1128,297,1106,307,789,1277,734
1217,206,399,304,271,786,831
677,425,305,497,469,727,667
161,706,968,841,1197,815,664,410,411
1186,195,423,231,302,188,19,508,190
259,69,840,492,366,303,1177,607
1127,169,650,300,685,429,588,20,984,409
933,1256,439,1272,318
129,153,165,301,532,150,984,1113
737,334,1233,1266,1201,786,317
832,641,227,685,626,760,729,379,319
225,739,614,1227,310,55,314,859
420,906,1197,47,339,597,315
545,1217,362,460,589,1232,723,694,311,540
449,418,841,209,19,309,312,188
448,770,519,647,308,827,189
1037,143,469,310,55,440,88
