32,35,229,133,232,73,41,43,170,243,30,218,222,127
229,134,262,202,236,46,16,245,87,56,26,219,28,61,31
320,226,293,41,9,43,238,273,50,29,24,313,187,220,317
289,38,267,236,205,46,18,61,56,217,57,221,287
32,5,230,231,37,233,40,43,44,237,45,52,54,30,222
34,3,4,39,73,266,43,173,275,213,55,312,24,189,223
224,129,0,5,230,234,43,45,46,149,21,30,222,62,159
0,225,1,32,229,134,264,41,238,15,17,21,252,319
226,35,36,292,293,9,299,267,43,238,303,179,310,24,187
66,227,5,230,134,39,233,8,43,237,54,118,281,59
66,323,196,195,228,135,5,230,206,115,51,309,54,23,155
1,35,5,229,134,232,41,43,238,17,20,22,218,126,127
224,33,5,230,167,295,134,234,45,78,54,30
5,230,231,329,233,10,43,237,238,16,54,59,222
64,97,33,3,228,229,232,44,109,12,22,120,121,59,93
289,34,3,4,101,229,230,73,233,43,175,55,24,222
224,293,5,167,6,41,234,43,230,45,20,30,222
32,5,230,229,134,43,235,237,174,49,50,20,54,222
255,131,230,236,302,46,145,61,56,217,219,221,287
160,5,230,231,233,237,81,49,53,54,218,59,222
224,289,229,136,41,234,9,43,238,17,50,317,222,319
34,3,292,4,39,43,239,16,210,213,55,216,24,311
128,129,324,196,7,105,43,111,240,83,117,154,127,190,223
160,69,198,263,41,234,11,269,283,241,89,123,252,253
98,68,69,5,264,75,172,268,242,243,277,121,123,188,127
5,262,69,264,106,43,13,269,16,243,54,283,252,254,127
32,99,166,71,8,11,77,79,208,178,244,216,27,253
32,225,258,257,260,229,262,98,5,71,136,77,245,219,127
324,229,134,198,73,202,267,13,80,81,51,246,88,127
257,291,5,261,7,234,15,276,213,54,247,249,93,158,319
97,69,264,41,234,203,269,114,243,248,92,253,127
89,257,194,262,264,200,78,213,245,215,248,249,122,319
97,194,260,135,264,263,75,107,109,270,179,277,249,250,251
194,36,260,263,264,73,12,270,283,81,213,214,250,251
97,225,264,41,234,273,241,284,119,89,252,253
160,99,69,264,41,234,299,265,78,20,182,119,283,253
289,295,40,41,39,269,47,80,51,20,88,281,253,254,127
289,36,325,69,73,109,270,81,243,87,284,222,190,255
256,97,229,69,264,106,203,269,78,143,271,83,243,215,26
89,257,258,32,35,264,52,213,93,249,253,30,319
32,257,258,89,295,264,180,213,52,215,249,122,316,30,319
89,97,259,260,295,264,41,108,109,213,278,249,122,316,253,319
89,256,34,258,260,70,281,299,269,47,275,249,122,316
257,258,261,69,295,264,234,299,269,213,278,215,249,93,319
89,97,262,264,11,203,112,245,215,248,249,122,253,319
66,259,263,264,266,268,47,48,241,211,278,25,125
96,97,260,263,264,41,234,203,270,215,250,251,252,253,319
5,167,103,265,234,106,78,79,20,213,119,283,253,126
160,97,217,263,199,73,266,203,20,213,249,92,253,62
289,34,97,41,73,267,80,51,246,184,249,88,316,253,287
66,259,99,263,74,268,47,48,272,242,211,125,31
32,121,163,326,71,11,77,269,47,307,244,276,214,281,283
89,257,258,260,262,263,264,75,282,270,117,249,250,251
256,323,227,197,4,135,200,69,142,271,177,87
66,259,99,102,263,74,268,272,84,122,31
97,69,264,41,234,328,106,77,176,273,308,87,316,253
96,192,102,263,103,268,108,302,47,113,274,211,313,90,125
36,73,172,269,47,81,275,213,246,88,281,251,316,189
121,100,101,295,7,234,299,276,213,116,86,152,249,87,319
194,261,69,109,15,81,116,277,86,213,85,121,215,87,92
1,185,261,69,281,263,266,75,270,84,278,249,250,27,94
97,198,6,104,41,234,142,210,84,118,279,157,281,90,253
5,69,264,234,269,78,16,243,244,119,54,151,280,26,216
289,69,39,269,275,254,85,245,118,281,124,94,159
65,26,324,5,259,262,200,73,202,43,108,13,109,271,282
32,69,198,71,77,251,208,241,244,213,283,253,191
64,191,255,69,70,264,106,43,11,269,243,284,119,282,252,127
128,130,131,132,133,136,139,140,123,285,127
32,128,130,131,133,326,136,330,140,307,214,123,125,286
128,130,131,36,133,134,201,267,140,123,127,287
288,289,128,130,131,133,136,139,12,140,270,305,218,123,222
289,66,259,130,131,263,41,74,138,268,122,125,126,127
128,289,130,131,290,133,136,41,139,140,123,285,127
288,226,291,292,130,131,133,303,310,215,124,125,126
289,292,295,40,299,172,174,303,175,148,213,310,249,158
292,293,294,295,167,299,172,174,303,175,209,179,148,213,158
165,294,7,198,41,296,299,172,174,145,179,307,150,184,158
34,295,41,73,299,172,174,207,175,148,310,184,316,253,158
192,195,293,294,135,296,328,177,82,179,308,307,182,153,158
293,294,167,295,297,299,155,301,145,178,179,213,214,315,316,158
226,229,298,330,13,303,175,144,179,20,180,310,152,155,158
295,299,172,173,174,92,303,145,175,148,310,249,316,253,158
134,300,141,78,175,177,306,82,179,150,153,126
1,164,71,104,105,297,170,44,301,173,146,179,312,92
2,164,313,158,301,302,144,304,274,146,217,155,317,94,255
288,292,295,158,172,270,207,303,305,174,175,148,312,251,184
64,65,192,164,197,134,135,169,304,17,146,181,155,156
289,198,186,41,73,172,142,175,174,305,50,180,154,29,158
160,292,134,41,300,141,16,177,306,147,20,150,152,153,127
326,295,41,330,75,174,307,308,309,148,184,158,316,253,126
192,296,169,328,330,206,174,82,307,308,309,55,184,158
195,196,135,297,330,206,142,175,307,308,309,182,155,158
226,291,292,299,172,174,303,175,179,148,310,184,124,158
292,167,169,239,303,175,178,146,23,180,215,216,158,311,126
204,205,207,209,210,213,215,312,186,315,316,189,318,319
66,99,259,195,263,268,205,48,210,211,213,215,313,124,125
193,134,201,234,205,210,179,213,215,314,60,319
32,322,199,200,201,12,187,207,209,213,214,312,315,189
191,69,165,264,41,328,299,205,210,213,215,186,316,253,319
322,299,205,206,207,14,209,210,213,312,217,316,317,318,319
322,195,295,205,207,208,209,81,210,211,213,215,318,319
322,205,209,210,213,215,249,314,187,316,318,319
320,191,264,41,205,207,208,209,210,213,215,316,318,319
321,162,34,193,261,198,171,12,203,209,114,212,28
225,322,217,229,199,200,201,202,327,211,213,215,89,318,319
323,227,197,260,231,200,205,271,177,209,210,215,187
324,5,134,198,10,43,205,209,210,20,213,215,187,127,319
321,194,68,261,325,327,104,205,111,305,209,275,210,215,187,61
32,323,326,71,200,330,235,202,208,210,307,214,187,286
191,322,325,327,199,167,202,205,209,210,213,215,318,319
195,328,297,330,206,307,308,309,182,155,316
194,134,231,329,73,202,205,239,210,311,216,26,188,189
194,3,98,197,200,41,77,271,177,116,85,54,246,222,255
97,280,73,203,237,16,81,119,213,277,215,246,249,251,319
97,69,262,73,75,270,16,48,81,213,277,246,87,249,251,318
0,5,230,231,134,39,10,43,237,19,183,120,59
64,33,227,3,232,41,8,172,12,80,50,85,90,59,159
161,226,259,3,35,263,12,302,145,242,274,313,60,317,94,223
34,227,195,230,6,41,73,299,233,9,43,238,207,145,85,90
66,35,5,230,231,199,201,233,43,237,217,157,222
34,3,4,7,73,43,47,209,213,214,55,312,24,315,189
32,5,134,40,10,43,44,237,45,13,16,52,54,26,222,30
5,38,231,7,10,43,42,237,46,48,16,56,26,59,61,222
32,289,224,5,230,234,43,237,54,187,222
65,102,135,43,77,238,112,144,146,180,84,182,216,59,63
32,66,3,5,230,40,43,30,54,23,59,222,127
32,66,5,230,231,200,234,43,44,237,271,51,54,222
224,66,36,5,230,231,233,234,51,20,54,190,222
162,5,230,231,233,234,43,237,238,51,54,59,222
66,67,4,326,38,7,42,46,79,307,149,56,61
192,296,328,9,234,76,43,238,16,273,82,308,55,24
34,3,4,5,197,231,218,233,43,12,237,205,55,24,26,59
34,3,4,295,73,233,43,12,239,213,55,24,316,126
1,34,35,5,134,229,232,43,30,54,22,218,59,222,127
289,3,5,230,231,233,43,237,238,18,54,59,188,222
224,226,230,9,234,139,43,45,78,238,118,215,314,222,158,127
32,35,5,230,231,229,232,43,237,52,30,54,22,218,59,222
66,36,5,230,231,233,234,43,237,113,51,54,217,222
34,3,4,319,223,7,41,299,43,13,47,20,55,24,253,127
289,66,225,3,263,268,12,238,47,48,17,25,60,125,223
64,227,3,165,134,8,41,42,234,12,238,22,90,59,30
66,227,5,134,167,231,41,234,43,39,233,54,279,218,127
5,231,329,10,73,233,237,74,239,207,81,311,216,59
160,192,0,4,38,39,239,17,55,149,23,90,27
224,98,198,41,9,234,43,204,238,80,50,82,90,59,159
2,5,230,231,43,237,113,244,54,216,26,59
225,227,5,230,134,8,233,43,238,16,17,54,26
64,33,3,230,231,232,233,43,237,110,218,59,222
225,5,134,230,232,234,43,238,16,17,309,54
224,66,228,5,134,230,73,41,43,234,237,54,59,127
66,259,323,196,5,263,135,230,235,268,51,54,23,155,125
224,227,5,134,229,230,234,43,45,20,54,218,30,127
64,2,227,3,5,134,230,231,43,16,20,54,59,127
32,66,5,230,295,134,43,49,51,20,54,215,222
96,66,4,263,43,268,47,48,55,24,25,125
1,3,5,230,295,201,43,237,238,143,20,22,185,125,222
192,289,32,5,37,230,296,169,328,79,82,51,308,54,55,60
2,67,7,172,31,274,50,125,53,56,313,60,317,94,159
224,225,289,229,5,41,73,234,43,238,21,54,90,222,159
289,134,295,38,267,236,237,46,61,56,57,219,221,222
2,5,230,231,295,201,198,43,135,237,16,246,59,222
64,3,227,5,134,231,39,233,43,108,13,20,213,54,59,124
34,3,4,233,43,12,239,209,315,213,214,55,312,24,251,189
195,196,323,5,135,230,206,51,23,309,182,54,155
192,32,33,162,67,5,134,230,41,43,13,146,52,20,54,92
5,230,231,199,201,198,43,39,237,11,118,26,222,223
32,66,5,230,231,200,237,271,177,51,30,54,23,222
64,33,3,5,134,230,234,43,78,54,23,59,62,127
224,5,230,231,329,233,10,234,237,45,16,54,30,62
0,2,5,230,231,295,233,39,43,237,145,59,222
64,224,5,230,233,234,43,108,45,54,26,59,30
226,35,5,134,295,230,73,202,231,74,43,78,303,16,210,126
289,227,5,40,8,233,43,237,238,16,22,218,59,191
32,66,228,69,5,230,73,41,172,15,51,54,121,316,317,319
0,289,1,3,26,230,41,43,12,11,14,18,25,58,29,222
97,261,69,264,41,75,109,81,179,83,213,85,249,92,253,319
256,97,192,289,324,69,70,264,41,269,273,276,253,94
89,121,257,258,261,229,264,41,234,276,93,278,249,122,253,319
2,323,36,69,217,200,76,271,177,242,81,87,121,250,94
160,70,264,41,106,11,267,13,108,76,80,51,246,88,127
97,2,217,70,199,264,201,268,207,16,243,277,54,120,121
160,5,69,266,43,237,269,16,49,119,151,152,26,120,285
289,3,69,198,167,41,234,12,241,273,119,284,253,255
69,281,39,264,41,106,269,47,79,276,249,186,316,253
97,194,260,104,264,270,48,179,213,277,215,87,249,250,251,319
226,292,37,69,264,106,11,269,16,179,243,277,310,120,283,254
64,229,102,69,73,202,11,43,109,16,81,306,115,84,276,251
97,289,3,135,40,138,75,235,208,178,118,122,187,92,61,127
194,34,36,99,135,200,73,75,235,271,243,116,250,253
69,262,73,75,203,107,270,16,81,213,246,87,249,218,251,253
160,69,70,264,41,106,11,43,269,241,243,84,89,282,252,157
98,99,166,8,41,44,13,77,17,178,20,116,85,21,27,253
160,280,3,70,198,106,11,241,277,214,119,152,89,186,252
97,68,249,69,264,73,106,76,12,79,242,276,116,121,253
121,68,262,71,75,15,112,242,116,213,86,87,249,250,92,319
89,121,68,70,264,116,213,86,215,248,249,122,251,253,319
160,99,69,165,264,234,11,269,78,208,243,182,26,284,253
194,258,292,325,5,264,10,172,239,16,113,275,180,251,189
32,195,101,297,41,77,206,269,47,147,309,182,23,122,155
97,69,70,264,41,42,298,172,106,141,269,50,87,253
97,68,229,71,264,41,106,269,47,20,116,86,215,249,253,127
32,99,295,72,73,71,8,9,269,244,213,21,87,249,316,319
256,34,227,260,71,269,47,80,18,19,307,275,245,281,159
32,89,35,166,271,17,178,20,244,52,22,88,249,27,253,30
89,257,258,32,289,281,71,264,178,213,245,249,122,253,319
32,326,71,42,11,77,269,208,243,244,245,214,89,122
32,326,71,7,330,77,14,47,208,48,307,53,214,57,31
32,323,326,71,200,330,235,12,77,269,271,307,214,187
99,166,8,105,17,178,21,87,23,188,253,62
192,99,164,229,166,8,202,17,116,21,57,27,188,253
192,89,229,134,249,73,76,13,78,20,248,57,122,188,94
0,99,166,39,8,73,46,17,178,19,21,120,94,188,62
0,289,99,166,8,138,46,17,178,21,122,188,62,127
192,99,229,166,134,8,73,17,20,57,91,188,253,94
229,73,329,202,237,239,81,20,246,87,251,188,254
89,33,97,262,264,41,42,43,213,248,249,122,127,253,319
66,259,99,101,263,41,74,107,268,272,87,125,31
96,32,67,35,198,71,12,251,241,114,18,52,214,88,315,30
289,66,261,6,40,41,75,267,12,92,85,119,57,316,253
89,289,264,41,234,73,14,213,248,249,122,317,253,94,319
256,194,261,262,69,263,266,109,83,277,85,278,120,87,92,223
97,258,69,198,264,41,234,265,13,20,277,119,249,253
257,258,259,260,249,262,229,313,90,108,109,248,89,122,318
97,69,262,73,202,10,239,16,81,82,54,246,216,87,251
99,166,40,8,44,208,17,178,49,244,277,27,188,189
32,280,99,326,71,8,9,77,208,307,244,243,214,21,119
32,192,99,166,326,71,8,77,178,307,244,21,274,280
0,129,66,73,46,304,81,85,246,87,90,251,62,159
34,258,99,229,262,166,70,73,8,178,20,21,87,249,253
66,26,5,134,262,43,267,16,80,81,51,246,88,218,91,222
89,97,319,262,264,41,330,203,213,309,245,248,249,122,127
66,259,99,263,41,74,268,176,272,279,313,125,31
97,326,71,330,76,269,77,47,92,114,307,244,51,214,316
64,97,217,5,70,11,43,267,51,54,119,184,121,91,127
160,64,68,69,41,106,43,11,110,79,116,85,86,282,127
258,69,70,261,237,270,109,269,81,243,85,87,89,251,92,222
5,70,264,41,11,43,111,79,80,51,244,54,246,88,249,127
224,129,32,71,9,269,46,77,80,13,85,21,90,283,92,159
0,289,1,3,27,73,267,12,237,270,81,281,251,93,94
264,41,234,267,200,78,80,209,51,212,88,249,316,253,319
89,257,229,262,264,41,84,213,245,215,248,249,122,253,319
97,69,263,264,41,234,11,266,106,269,243,54,251,253,319
32,225,258,229,262,71,296,135,202,11,177,245,153,90,284,255
5,229,71,73,10,11,202,43,269,301,16,271,80,51,246,88
192,97,71,264,41,234,329,106,301,274,188,189,249,316,253,319
97,121,36,264,74,106,79,112,276,116,86,215,249,122,253,319
66,99,259,263,297,74,268,48,272,178,211,88,125
164,69,36,135,264,250,208,213,150,215,181,249,314,253,318,319
225,1,229,134,122,69,281,17,241,120,57,90,283,157,94,159
260,197,262,231,69,329,73,239,207,113,81,275,246,87,216,251
32,289,69,165,295,40,41,264,281,269,241,243,249,253,254
248,257,322,258,4,249,262,104,213,312,89,122,319
32,326,71,267,269,77,208,80,178,307,244,51,245,88,89,60
257,99,68,262,329,73,16,81,212,213,116,86,89,253,126,255
97,228,68,329,266,234,109,111,61,244,21,116,87,189,188,93
217,70,71,41,106,43,11,173,79,53,119,121,282,95,127
160,64,98,229,41,106,43,11,13,77,241,116,117,85,89,252
66,259,99,102,263,232,74,268,272,25,125,31
89,194,262,264,41,270,18,213,87,215,249,250,251,253,319
121,257,319,70,122,264,106,267,79,116,87,215,249,314,254,127
261,198,88,91,267,270,207,80,209,242,51,92,246,312,251,316
97,98,134,167,73,203,77,78,81,116,213,85,215,94,311,318
198,264,41,75,204,268,270,241,242,114,118,279,157,249,124,253
32,259,165,326,71,41,42,77,269,208,305,50,307,186,283,30
195,262,297,206,176,112,115,309,182,155
97,69,264,41,234,73,269,283,249,251,316,253,94,319
289,97,3,196,263,267,75,241,274,114,118,313,92,253,94
292,281,39,73,10,269,303,16,113,239,47,81,275,216,89,120
224,129,69,38,73,237,46,80,81,21,85,246,87,251,159
289,198,264,41,267,80,50,51,246,119,248,249,88,316,253
89,98,69,261,295,75,109,270,92,81,243,213,85,249,251,316
32,99,71,168,8,42,11,77,269,208,87,187,253
121,97,69,327,264,234,267,106,107,269,242,243,20,120,249,283
89,258,260,198,262,264,263,234,250,78,270,249,122,251,253
162,260,197,104,170,235,301,270,18,284,279,218,251,92,255
64,97,255,261,267,13,306,83,84,85,284,87,282,92,127
256,97,69,264,234,106,107,269,78,83,20,243,26,126
288,69,198,218,41,12,270,305,241,284,119,89,186,252,253
160,257,89,260,229,70,262,264,11,13,16,245,54,248,249,122
96,256,67,69,70,264,41,106,200,269,271,18,243,276,84,249
89,34,198,70,264,41,72,73,276,248,249,122,253,319
89,97,70,7,198,262,106,75,76,122,276,150,248,249,282
32,257,35,249,264,52,213,30,119,88,89,316,93,318,319
195,135,297,206,115,309,182,86,122,155
3,69,295,73,107,237,270,303,81,246,87,216,251
96,67,264,41,200,75,267,270,209,18,51,212,88,249,316,253
258,259,260,249,262,230,295,115,213,215,248,89,122,287
259,197,261,231,262,201,69,237,270,85,87,89,251,92,222,255
192,289,99,259,70,166,8,41,82,178,21,55,248,90,253
320,257,89,259,248,295,41,269,50,276,312,249,122,91,287
97,33,259,319,69,264,73,203,81,209,277,213,246,87,251,127
97,66,259,69,70,264,41,106,203,107,269,243,249,253,319
96,89,259,262,264,109,241,252,213,215,249,122,316,253,319
259,6,264,329,234,11,169,106,49,189,311,57,282,188,253,191
89,260,69,281,41,105,269,47,273,275,276,249,122,316,253
256,289,97,69,281,40,41,11,269,271,241,84,249,253,254
0,121,1,69,281,264,41,172,273,276,249,122,27,253,94
289,3,69,264,41,91,267,12,80,81,241,51,246,88,59,253
66,259,99,263,268,48,80,272,211,51,246,88,125
69,281,39,264,41,329,106,269,188,276,189,249,316,253,223
194,68,313,73,10,81,116,213,277,215,216,249,86,311,319
32,65,198,71,263,12,77,269,271,208,114,307,214,156
65,195,227,166,41,49,146,178,85,87,90,92,311,318
89,121,262,264,75,107,243,277,245,87,248,249,122,253,319
99,164,68,6,295,166,8,234,116,213,21,215,249,253,319
160,97,256,69,264,41,234,106,77,269,46,208,243,90,283,253
160,68,69,70,264,41,106,11,13,79,243,116,86,57,282
89,257,288,197,261,69,270,81,85,278,87,217,92,222,255
99,164,326,166,8,265,330,17,178,307,244,21,253
97,258,99,5,134,229,69,329,41,11,268,242,54,182,253,127
68,69,71,264,267,269,143,92,116,213,86,215,249,316,253,319
160,68,133,70,69,41,106,43,170,13,79,116,119,218,253
32,326,71,42,106,77,269,79,208,307,214,122,283
97,321,68,261,166,107,109,174,111,114,117,87,249,91,92,93
261,198,69,269,270,92,81,115,116,117,85,87,249,316
97,99,229,134,166,40,8,17,305,178,20,21,154,253,127
5,70,327,264,234,11,267,205,141,48,80,51,179,246,120,88
97,259,69,262,73,75,107,270,16,81,213,246,87,249,251
69,262,231,73,237,239,16,303,81,246,311,87,251,284,255
256,97,194,69,261,75,109,143,277,213,85,120,249,87,92
2,261,69,75,109,270,81,274,242,275,85,87,313,91,92,94
257,259,262,329,202,108,109,270,239,16,113,81,114,117,89,282
96,67,249,69,264,267,269,50,243,18,121,250,251,253
249,231,200,329,10,73,237,78,239,303,81,246,311,216,87,251
318,289,281,39,234,267,106,269,270,207,47,275,249,316,254
289,33,229,262,281,122,41,77,269,47,50,275,119,89,90,253
160,229,69,264,106,11,108,269,78,16,243,84,119,283,253,254
261,69,231,73,75,44,92,81,85,87,249,90,91,316,253
96,67,36,249,68,265,172,111,18,82,20,116,87,121,126,319
225,229,134,5,198,233,43,238,15,17,21,54,127
257,258,289,69,262,263,313,73,106,267,107,270,79,116,278,89
32,326,71,106,77,301,269,208,79,114,307,244,283,95
68,325,70,166,264,41,107,269,45,174,114,276,249,316,253
97,163,261,69,264,41,203,269,92,81,85,87,249,252,253,319
96,290,67,69,264,73,81,18,213,87,56,249,316,253,319
288,160,3,266,237,270,251,241,49,213,120,283,222,191
98,68,5,71,264,41,188,243,116,213,86,312,249,316,253,319
97,217,249,319,69,264,73,70,199,173,53,119,280,121,127
160,259,70,264,41,106,11,43,8,108,109,270,117,119,282,59
0,224,66,69,73,46,17,81,21,246,87,90,251,62,159
64,229,134,73,10,11,203,268,16,81,275,84,246,87,26,251
97,290,195,68,198,70,103,41,106,73,107,174,81,243,94,127
280,73,202,203,268,239,209,81,242,275,213,119,311,216,189
34,99,164,166,8,106,209,213,21,312,249,316,189,253,319
65,71,106,79,112,144,146,188,180,182,23,92,95
66,259,99,102,263,74,268,48,211,119,253,125
5,69,167,40,168,234,264,106,11,269,208,243,54,283,254,191
90,39,9,234,171,12,330,269,47,82,55,280,281,26,247,253
292,69,281,264,299,269,179,20,213,243,84,249,124,126,319
97,261,69,263,264,266,75,203,270,81,243,85,87,249,92,253
290,102,329,10,106,46,239,81,84,212,311,216,91
195,135,297,91,206,115,309,182,248,122,155
194,295,7,247,75,270,209,242,276,213,117,277,249,282,251,319
66,259,99,263,71,74,268,79,272,211,125,95,31
160,32,198,71,41,42,11,77,269,208,114,90,187,92,62
160,99,166,8,208,17,178,244,21,23,27,124,253,126
97,121,257,258,261,313,75,109,213,277,85,278,249,250,92,93
97,121,228,69,264,10,75,106,109,79,188,116,277,215,249,28
98,70,41,106,43,11,13,141,77,113,116,85,152,122,94,127
289,98,69,5,71,41,73,269,142,79,212,249,316,95,127
164,36,166,8,17,178,275,244,21,20,119,27
227,263,41,172,142,79,80,241,18,51,244,88,90,123,29,159
324,229,68,7,201,202,75,270,81,116,117,86,215,121,282,219
292,229,69,72,73,16,81,244,310,54,246,87,154,251,220,158
160,69,264,41,299,146,21,119,217,90,91,316,253,319
99,197,262,295,166,218,8,12,237,113,178,21,182,87,26,253
97,258,259,228,261,108,109,111,243,180,87,120,250,92,93
96,65,161,321,67,112,144,146,18,180,52,190
97,33,69,264,41,330,269,80,19,309,54,249,60,253,319
64,227,99,164,166,8,218,202,43,17,116,21,86,26,28,253
256,69,262,165,264,74,203,269,16,113,272,54,215,120,26,127
32,257,26,198,71,40,11,12,269,241,89,218,283,252
160,229,70,69,264,41,106,11,43,269,306,243,84,182,153,282
97,289,69,264,268,13,269,178,242,243,277,54,215,249,319
66,69,198,263,264,41,269,241,274,313,90,123,253
0,1,69,281,264,41,72,137,75,269,276,249,316,253,94
97,194,68,249,71,200,106,203,271,177,179,116,86,215,121,319
261,198,298,173,270,283,145,243,213,278,85,312,251,92,191
97,289,258,69,70,262,41,267,269,80,51,246,248,249,88,253
164,295,167,169,234,301,78,302,304,146,20,213,181,215,156,126
160,26,197,198,295,167,41,175,144,145,18,180,218,155,158
193,198,167,295,41,171,235,203,270,175,114,149,154,222
289,229,295,296,267,12,172,270,174,175,177,179,153,90,158,222
153,99,263,167,296,268,47,175,177,274,211,147,179,313,125,158
69,134,72,41,170,267,172,141,300,177,306,150,153,253,158
292,295,167,299,172,174,303,16,175,179,148,216,91,158
197,295,200,201,170,330,172,142,271,175,177,148,158,222,255
32,165,71,168,42,11,12,77,208,307,214,150,151,22,182,159
160,65,227,229,73,41,299,13,302,175,16,144,155,156,157,158
34,227,197,293,200,235,172,174,271,175,177,18,148,310,158,222
289,3,261,295,167,201,73,267,269,273,118,119,87,88,316,158
160,289,34,261,168,73,266,296,173,142,175,118,158,316,157,94
195,196,294,135,297,206,175,176,178,115,147,309,184,155
160,225,198,134,295,41,43,172,142,175,307,308,148,90,158,127
64,160,198,41,170,300,142,175,304,145,146,178,90,155,157,158
160,4,293,294,296,297,42,108,45,79,175,145,144,179,90,156
161,195,4,297,169,142,175,309,182,23,149,54,155,92,158
160,289,161,165,40,41,168,73,208,17,144,244,182,151,253
289,227,167,154,41,299,175,177,306,150,152,153,90,155,316,253
160,97,324,198,70,41,330,299,43,172,142,175,174,309,249,158
288,3,292,295,158,201,172,237,270,174,175,148,310,184,251,222
295,201,299,75,235,270,172,174,209,175,179,148,310,184,250,158
225,289,165,134,167,168,73,234,41,174,303,150,151,152,316
257,34,258,161,229,262,165,168,73,43,111,112,151,89,253
160,227,167,41,172,175,144,29,149,182,183,313,154,316,317,159
36,295,299,172,141,174,303,175,148,213,310,215,184,158,319
195,196,135,297,206,302,175,144,178,115,309,88,155,158
98,69,294,158,172,269,174,50,146,147,307,184,155,317,94,159
34,195,69,165,168,267,269,175,275,85,150,151,152,182,186,316
160,289,2,324,198,70,38,73,41,296,298,144,307,155,253,158
172,302,174,175,179,148,184,278,310,221,217,158,317,30,255
225,289,295,297,234,330,170,238,142,174,175,82,178,57,90,158
292,294,174,303,239,16,175,179,147,307,308,311,216,184,126
65,129,135,169,302,144,17,146,180,182,23,155,92,158
160,134,41,108,300,141,175,144,179,20,57,90,155,253,158
193,161,228,166,203,171,75,175,144,209,180,213,185,250,155,158
97,193,162,228,165,167,295,203,171,209,114,151,90,158
65,110,112,144,146,115,180,275,85,116,87,155
320,261,166,167,170,172,269,207,175,179,310,312,158,316,317,94
99,165,263,268,47,274,211,152,150,182,151,313,155,125,159
32,326,167,330,77,174,175,208,307,179,148,214,149,90,158
257,258,260,262,297,330,235,170,270,175,178,146,147,90,155,158
36,295,267,299,172,174,303,175,179,148,310,184,158
128,130,131,229,134,133,10,202,140,16,113,124,126,127
192,160,130,131,128,133,134,136,41,139,140,146,123,127
128,130,291,292,131,134,133,136,303,310,184,124,126
289,130,291,131,5,134,290,40,10,12,237,140,26,124,126
288,128,130,131,133,134,136,139,140,16,123,285,127
289,130,131,166,8,137,138,17,178,21,23,57,27,127
128,130,131,132,133,136,139,140,123,285,287
128,33,130,67,131,133,38,136,9,42,139,140,45,149,90,123
192,128,130,131,133,102,136,139,306,57,123,285,127
128,226,291,292,130,131,133,303,310,215,124,126,286
32,288,128,131,4,130,133,136,330,139,140,307,123,286
288,128,130,131,229,133,136,73,202,140,239,16,20,55,151,126
128,226,291,292,130,131,133,136,303,310,215,124,126
128,289,130,131,133,135,72,41,136,299,139,273,249,123,316,253
128,130,131,132,290,133,136,139,140,123,285,127
288,289,128,130,131,133,136,235,140,12,270,139,305,123
128,129,130,131,133,326,136,330,139,12,77,19,307,214,123
128,289,130,131,40,41,234,137,138,78,208,249,122,253,127
128,289,290,129,131,101,130,133,136,41,78,146,249,90,123
128,289,130,131,37,262,229,137,138,16,113,20,122,126,127
288,128,130,131,291,133,12,237,270,303,22,251,124,126
128,130,131,132,133,136,139,140,123,285,127
192,65,128,130,131,133,296,136,139,76,140,123,17,182,23,27
128,130,131,132,133,136,139,140,123,285,286
128,129,130,131,5,133,139,20,215,123,127,285,158,319
192,128,130,131,133,135,296,136,139,140,17,82,182,23,122,123
288,128,130,131,132,133,136,139,140,123,285,127
128,129,130,131,133,136,73,202,140,213,311,215,123,126
128,130,291,131,229,133,136,303,210,310,184,124,126
128,289,290,131,287,130,134,133,136,41,73,267,127
319,40,200,27,205,209,210,212,215,249,187,127,318,63
194,197,231,200,201,329,235,202,237,205,239,209,210,213,215,187
160,194,229,199,43,11,13,205,187,16,209,210,213,215,91,127
194,295,199,201,205,270,187,209,210,213,215,312,283,191
322,323,287,167,205,209,145,210,213,315,316,189,318,319
191,167,203,299,205,208,209,210,213,215,187,316,189,318,319
322,194,199,72,205,209,210,213,215,314,318,319
322,292,167,327,202,299,205,239,209,210,213,311,216,215,187
192,326,330,235,12,202,205,187,208,209,210,213,214,315,319
295,199,73,327,201,202,187,207,208,209,213,214,217,315,316,319
322,195,217,293,327,202,207,241,210,211,213,313,316,317,222
324,229,134,72,73,202,205,78,16,210,20,213,215,152,127
258,292,134,199,40,202,267,205,209,210,215,216,249,187,191
192,5,134,199,167,169,201,78,207,82,54,280,217,314,189,319
229,262,167,295,328,234,205,241,209,210,82,215,90,123,94,191
322,134,205,207,209,210,51,213,245,215,312,88,316,318,319
96,289,34,67,36,217,198,318,73,205,210,18,215,94,317,222
192,65,261,135,296,169,106,269,109,205,81,82,210,150,55,87
289,34,195,194,40,105,205,209,210,85,213,215,187,92
194,324,295,199,10,205,187,303,209,210,213,215,315,318
192,167,41,234,202,204,205,208,210,213,214,249,187,316,253,319
194,227,4,135,205,176,17,209,210,148,85,215,187,159
2,194,261,38,104,301,173,205,209,210,275,215,88,187,189
34,3,194,69,195,7,73,205,81,210,243,211,182,316,318,319
160,191,194,198,41,11,43,203,205,16,208,209,210,215,187,319
289,66,99,259,263,199,41,268,205,48,210,211,215,216,125
96,67,198,205,302,18,274,51,210,246,88,217,316,317,94
225,321,194,229,329,204,205,46,209,18,210,215,90,187,188,62
186,201,235,205,270,187,209,210,213,311,312,89,215,251
34,319,73,202,205,207,209,145,275,210,213,215,251,189,287
194,134,73,202,41,205,16,81,210,209,213,215,187,127,319
65,290,2,198,326,103,41,107,269,305,146,210,214,59,29
194,3,4,197,227,199,200,202,235,205,209,210,213,215,218,187
321,194,3,201,235,12,204,205,239,209,210,213,215,251,61
321,194,324,228,70,7,328,41,106,172,205,209,210,215,156,127
194,134,202,10,205,16,210,188,213,215,186,28,319
97,101,199,44,77,205,111,209,210,213,215,249,250,187,61,63
194,199,40,73,202,10,329,42,303,16,113,239,177,210,188,189
322,324,198,205,207,209,210,213,215,312,249,187,316,318,319
194,201,205,270,207,251,209,210,187,214,215,312,186,315
191,134,41,267,299,172,205,208,209,210,215,25,90,187,316,319
193,325,199,295,201,205,209,210,213,215,314,60
96,67,281,313,198,205,302,274,210,18,85,215,217,94,159
66,259,99,194,263,232,74,268,205,209,210,211,213,215,187,125
194,227,4,135,205,187,176,209,210,148,183,215,155,159
159,66,227,4,324,328,200,205,271,209,18,210,215,217,316,255
194,104,201,75,235,301,205,187,209,210,52,215,251,317,255
191,98,322,40,9,11,205,210,215,249,187,127,318,319
326,199,201,202,205,187,303,209,210,213,214,311,215,251,189
289,322,3,325,327,73,12,60,213,249,316,189,223
194,197,231,200,201,202,329,235,205,209,210,213,215,218,187
194,202,205,239,16,209,210,213,311,216,215,187
322,194,134,328,205,209,210,213,215,187,316,318,319
325,198,70,11,205,187,208,241,209,210,215,249,283,318,191
160,194,198,41,203,205,206,209,210,213,215,187,316,253,319
194,197,200,201,329,235,205,239,271,208,209,210,214,215,187,191
191,322,194,295,167,205,208,209,210,213,215,187,316,318,319
194,325,199,327,201,205,187,207,209,210,213,215,251,189,318
287,134,73,202,10,75,205,16,145,210,20,213,215,319
312,323,39,202,269,207,47,208,210,275,213,88,187,316,317,94
194,323,197,231,200,201,199,205,271,177,209,210,215,187,255
192,191,194,229,5,134,167,234,205,208,209,210,54,215,187,319
192,194,5,167,234,11,202,205,208,210,214,215,182,187,319
96,289,34,194,67,73,202,269,208,18,210,187,316,317,94
128,321,34,202,235,12,123,270,204,208,209,315,210,187,214,251
194,36,295,199,205,270,207,15,209,210,213,215,313,318,319
66,99,259,195,263,268,172,205,210,211,189,215,313,125
34,194,197,295,199,201,235,300,205,187,209,210,213,215,251
194,167,295,199,203,205,209,210,213,215,216,126,187,318,319
321,194,167,75,12,204,205,209,210,213,215,89,126,318,319
3,134,328,200,10,12,237,205,187,209,210,215,216,218,59,189
322,326,199,73,201,202,205,209,210,213,214,311,215,187
289,194,195,295,199,73,202,237,205,207,81,210,211,213,311,318
5,134,229,326,205,113,209,210,20,53,118,54,214,215,126,191
97,194,199,75,205,209,210,213,215,187,318,319
194,134,167,199,205,78,239,209,210,213,215,26,187,126
96,2,194,67,73,266,205,209,18,210,215,217,222,94,255
193,3,287,325,319,327,201,145,210,61,213,315,60,189,223
121,34,322,36,217,199,201,205,207,210,213,117,249,316,189,319
34,323,4,262,200,9,202,235,205,271,208,210,187
