1,3,5,133,135,137,11,13,146,20,22,30,32,34,35,37,170,43,44,304,52,58,64,196,324,325,199,201,202,213,214,87,88,89,218,95,229,232,234,237
262,135,7,272,16,146,280,158,31,32,160,163,165,38,168,42,46,48,50,51,180,309,53,56,57,60,61,192,67,325,73,202,329,206,208,210,214,87,219,221,229,102,236,245
3,9,10,15,16,274,146,22,152,24,155,28,29,158,32,34,163,165,293,166,42,43,47,50,51,179,182,313,58,187,316,317,63,65,69,202,203,205,210,213,87,220,94,227
3,7,143,16,18,22,158,31,32,289,163,38,168,42,46,48,51,53,312,56,57,60,317,189,319,64,321,322,61,324,325,327,205,209,213,215,87,217,219,221,236
3,5,135,137,10,12,13,20,22,30,32,289,33,35,36,37,40,43,44,45,304,51,52,53,54,189,64,325,199,329,201,214,87,88,89,218,222,231,233,234,237,251
3,4,266,12,16,275,20,24,158,32,34,39,43,47,51,55,312,58,189,319,194,322,324,325,198,199,207,209,210,213,214,87,216,217,89,223,104,233,236,239,118,249
0,1,5,6,7,9,265,13,15,30,158,32,161,37,168,43,44,45,304,50,51,180,54,57,187,62,66,194,68,198,71,85,87,90,222,224,230,105,234,106,238
0,1,3,5,134,264,11,13,15,16,17,146,18,21,26,155,27,158,159,32,33,163,36,37,168,42,44,51,192,65,64,202,208,87,94,225,227,229,238,252,253
261,9,266,267,10,16,20,22,152,24,154,28,158,32,35,163,293,166,295,167,297,299,171,43,303,50,179,51,312,58,187,316,63,327,72,75,205,209,210,213,87,226
0,5,134,135,8,11,12,16,146,20,22,281,26,157,158,32,289,163,39,42,43,51,54,58,59,188,189,192,64,66,196,198,199,329,202,208,214,87,218,227,231,233,234,118
259,5,7,135,137,11,13,270,19,278,23,155,158,32,37,44,45,51,54,64,66,195,194,197,206,81,214,87,218,93,222,228,101,230,231,104,234,237,109,240,115,120,122,251
1,5,13,16,17,146,20,22,23,28,30,32,34,35,163,37,42,43,44,49,180,58,316,189,319,64,192,63,324,199,208,213,215,88,89,218,222,229,232,234,238
256,258,5,7,13,279,282,155,158,30,32,33,34,163,37,168,43,44,45,49,51,54,62,64,321,194,66,324,71,74,82,210,87,90,222,224,230,234,116,121
3,5,135,7,137,10,11,12,16,275,22,28,158,32,163,42,43,44,51,54,311,58,63,67,197,325,200,329,202,205,81,210,214,215,87,218,223,231,233,237,251,127
1,3,261,8,266,12,13,15,16,20,278,22,23,30,32,33,34,35,163,37,44,49,58,59,61,64,321,194,68,72,203,209,85,88,218,227,229,232,111,112,249,250
0,3,4,12,13,16,20,22,24,28,30,32,34,163,39,42,43,175,304,49,47,55,58,62,63,64,194,207,82,213,214,222,224,100,101,233,234,239
5,6,135,7,9,266,13,270,20,30,158,32,37,43,44,45,50,51,54,187,62,64,194,66,68,71,329,73,214,87,222,224,101,230,234,237,238,114,115,244,250,251
5,134,135,137,11,13,146,20,157,158,32,289,163,36,37,43,44,45,174,49,50,51,54,59,192,64,324,202,74,205,208,210,214,87,218,230,235,118,119,127
3,5,6,7,137,12,16,145,287,32,289,31,163,38,168,46,48,51,53,56,188,189,60,319,61,322,324,325,199,329,213,87,217,219,221,222,97,230,236,237,127
5,135,137,10,12,13,270,16,275,20,156,158,160,32,163,37,43,44,45,49,51,53,54,311,64,66,325,329,202,205,81,210,214,87,218,222,230,231,234,235,237,251
5,7,136,265,266,9,10,15,16,17,22,282,158,32,163,42,43,49,50,51,54,58,187,317,64,194,68,198,71,74,203,77,87,90,222,224,229,234,106,238,117,121
0,3,4,135,10,12,16,275,22,24,27,156,28,34,163,39,42,43,47,51,311,55,58,189,63,194,196,325,199,329,202,73,213,214,87,216,217,233,237,239
129,132,5,135,7,137,10,266,275,20,278,154,158,31,289,162,43,304,51,53,54,56,57,60,189,61,196,325,329,202,83,214,87,218,222,231,105,237,111,240,112,117,127
258,260,263,264,265,282,283,284,158,32,163,51,58,64,68,69,198,71,74,75,76,77,205,81,210,86,87,88,89,98,106,109,241,244,116,119,248,249,252,253,254
5,264,266,268,18,275,283,158,32,163,44,51,58,68,69,325,71,74,75,205,207,81,210,86,87,88,89,215,94,98,104,109,241,242,243,116,120,249,250,251,253,254,127
256,257,258,264,266,269,270,277,158,32,163,44,51,58,68,69,70,71,74,75,205,79,81,210,86,87,88,89,215,120,98,106,107,109,243,244,116,248,249,250,251,253,254
258,264,11,270,22,282,283,284,158,32,163,166,51,187,68,69,70,71,74,75,77,205,79,81,210,86,87,88,216,89,120,98,99,101,105,109,244,116,119,248,249,250,251,253,254
257,258,260,5,262,266,11,269,270,22,158,32,163,51,187,68,69,325,71,74,202,205,77,81,210,214,86,87,89,88,98,101,109,241,244,245,116,120,249,251,254,127
257,10,11,270,16,275,278,280,158,32,163,51,58,68,198,71,73,74,202,205,80,81,210,214,86,87,89,218,88,98,101,104,106,109,115,244,116,246,119,120,250,251
256,257,258,261,7,264,265,268,15,282,284,158,163,51,194,68,69,70,71,74,76,77,81,86,87,88,92,93,249,105,106,109,242,243,244,116,247,248,121,250,253,254
256,264,265,269,282,284,158,32,163,43,44,51,68,69,70,198,71,74,76,77,205,81,210,84,86,87,88,89,215,92,97,98,105,106,109,114,244,116,247,248,253,254
258,264,265,266,277,282,283,158,32,163,44,51,58,64,68,69,71,72,200,74,75,77,205,81,210,213,86,87,88,89,215,120,98,249,122,109,241,243,244,116,248,121,250,253,254
135,264,266,270,277,282,283,158,32,163,51,68,69,71,74,75,77,205,81,210,86,87,88,89,92,248,97,98,104,107,109,241,244,117,116,120,249,250,251,253,254
257,259,264,10,11,270,16,277,278,280,283,158,32,163,51,68,325,71,73,74,75,205,81,210,214,86,87,89,218,88,98,101,104,109,115,244,116,120,250,251
256,258,262,264,265,269,273,282,284,158,32,163,51,68,69,70,198,71,74,76,77,205,81,210,84,86,87,88,89,97,106,107,109,241,244,116,119,248,252,253,254
256,258,262,264,265,266,282,283,158,32,163,51,58,64,68,69,71,74,75,77,205,81,210,86,87,88,89,121,98,99,106,107,109,241,244,116,119,248,249,250,253,254
258,7,264,265,266,269,277,281,282,283,158,32,51,64,194,68,69,70,71,72,74,75,79,80,81,210,86,87,88,89,120,121,106,107,109,241,244,116,248,249,250,253,254
256,257,259,269,270,277,278,284,158,32,163,44,50,51,58,194,68,325,70,71,74,205,81,210,214,86,87,89,88,215,93,98,101,106,109,114,115,244,116,250,251,255
256,258,262,264,269,270,271,280,282,158,32,163,44,51,58,68,69,70,71,74,77,205,81,210,84,86,87,88,89,215,120,97,98,106,107,109,244,116,119,248,249,250,252,253,254
256,257,258,259,261,266,13,270,278,22,158,30,32,35,37,44,45,51,52,64,70,199,72,201,74,75,81,87,88,89,93,104,109,114,243,244,248,249,250,251,254
257,258,261,264,265,266,13,22,282,283,30,32,35,37,44,45,180,52,68,69,71,72,199,74,75,76,77,201,86,87,88,89,93,249,122,106,241,243,244,117,116,248,121,250,254
257,258,259,260,261,270,277,278,283,158,32,163,51,58,68,69,70,71,74,75,77,205,81,210,213,86,87,88,89,98,122,108,109,114,243,244,116,249,250,251,254
260,8,266,13,269,146,275,24,281,158,32,163,51,58,64,324,69,68,71,203,205,80,209,81,210,213,86,87,88,89,98,249,103,106,109,241,116,246,248,121,250
257,258,261,264,265,266,282,283,158,32,163,51,58,64,68,69,71,72,74,75,77,205,81,210,86,215,87,88,89,93,98,249,106,109,241,243,244,116,248,121,250,253,254
256,258,262,264,266,270,277,282,283,158,32,163,44,51,58,68,69,71,74,75,77,205,81,210,213,86,87,88,89,215,98,249,122,109,112,243,244,117,116,248,121,250,251,254
256,257,258,259,260,262,263,264,266,268,269,270,272,25,158,31,32,163,47,48,51,54,68,74,77,81,210,84,86,87,88,89,99,109,114,244,116,120,250,251,252,255
256,258,264,265,266,282,283,284,158,32,163,51,68,69,71,74,75,77,205,81,210,86,87,88,89,120,96,98,249,106,109,241,244,116,248,121,250,251,252,253,254
258,7,264,265,266,279,282,283,284,158,32,163,51,194,68,69,70,71,72,74,76,77,79,81,213,86,87,88,249,103,106,109,241,244,117,116,119,248,121,253,254
256,2,263,264,265,266,270,282,283,158,160,32,51,53,62,64,69,70,199,201,74,75,207,81,210,87,88,217,89,120,92,121,97,106,107,109,241,244,117,248,249,250,253,254
257,258,259,261,266,267,270,278,283,158,287,32,163,51,184,58,68,69,71,72,73,75,205,80,81,210,213,86,87,88,89,94,97,104,109,241,115,244,116,246,249,250,251,253
259,260,263,264,11,268,270,272,277,283,158,31,32,163,51,58,68,69,71,74,75,77,205,81,210,86,87,88,89,215,98,99,109,241,242,244,116,120,249,250,251,252,253,254
256,258,262,264,11,269,270,22,280,282,158,32,163,42,47,51,187,68,69,70,71,74,77,208,81,210,214,86,87,88,89,101,106,109,241,244,116,119,120,121,251,252,253,254
256,257,258,259,260,264,11,269,270,278,282,158,32,163,51,68,70,71,74,75,77,205,81,210,213,214,86,87,89,88,109,243,244,116,117,119,120,250,251,254
259,4,135,11,12,142,271,146,280,26,156,158,32,163,44,304,51,58,59,192,323,196,68,71,200,77,205,79,81,210,214,86,87,88,218,89,215,98,233,106,237,109,116,251
258,259,7,264,265,268,272,279,282,284,158,31,32,168,43,51,194,68,71,74,76,77,81,210,84,86,87,88,89,97,99,105,106,109,241,244,116,248,121,122,252,253,254
8,265,264,14,273,146,24,282,158,32,163,176,51,58,321,68,69,198,71,330,203,76,77,79,80,81,210,86,87,88,89,98,103,106,109,241,116,246,248,249,253
3,142,15,18,274,19,146,157,158,32,34,168,47,304,51,313,187,317,320,192,66,195,327,71,203,206,78,208,82,83,214,87,90,220,94,96,102,103,106,235,108,113
3,10,12,14,16,275,24,281,158,163,36,172,51,311,186,58,189,194,68,325,199,71,73,202,203,205,80,81,210,214,86,88,217,87,215,223,103,237,109,239,116,246,251
7,264,265,266,269,270,276,282,283,158,32,289,168,51,194,68,69,198,71,74,75,81,86,87,88,89,100,249,101,106,109,241,243,244,117,116,247,248,121,250,254
261,266,270,277,282,158,32,163,44,51,58,68,325,69,70,71,74,75,205,81,210,86,87,88,89,215,92,97,121,98,101,106,107,109,244,117,116,120,249,250,251,254
1,261,263,266,270,277,278,282,158,32,163,51,185,68,70,71,74,75,205,81,210,84,86,87,88,89,92,94,121,98,104,109,114,243,244,117,115,116,120,249,250,251,254
256,7,264,265,269,142,272,279,282,284,157,158,32,168,41,51,194,68,71,74,77,79,81,210,84,86,87,88,89,90,97,105,106,109,114,116,117,118,247,248,121,254
256,258,264,11,269,270,280,282,283,158,32,163,51,58,68,69,71,74,77,205,81,210,86,87,88,89,216,248,98,101,106,107,109,241,244,116,119,120,251,253,254
264,265,266,13,142,15,269,18,19,275,146,279,281,283,157,158,159,32,39,168,51,69,198,330,204,81,85,87,88,106,107,109,241,116,245,118,248,249,124,253,254
259,3,262,7,11,12,270,271,146,280,26,282,156,155,158,163,43,304,51,65,194,196,325,68,70,200,71,74,77,81,214,86,87,88,218,106,108,237,109,116,121,250,251
264,265,266,11,282,283,284,158,32,42,51,187,191,64,68,69,71,74,75,77,208,81,210,213,87,88,89,120,249,106,109,241,244,116,119,248,121,250,251,253,254
260,264,11,269,282,283,284,158,32,163,43,51,58,191,68,69,70,71,74,77,205,81,210,84,86,87,88,89,215,92,98,105,106,109,241,244,116,119,248,252,253,254
128,129,130,131,132,133,134,135,136,137,138,139,140,285,286,287,288,289,290,291,221,122,123,125,126,127
128,129,130,131,132,133,134,135,136,137,138,139,140,285,286,288,289,290,172,195,221,122,123,125,126,127
128,129,130,131,132,5,134,133,135,136,138,139,140,141,154,285,286,287,288,289,290,291,167,300,188,319,221,122,123,125,126,127
128,129,130,131,3,133,5,132,136,137,134,139,140,12,135,138,285,286,287,288,289,290,291,305,188,201,221,122,123,125,126,127
128,130,3,259,131,132,135,133,137,134,136,268,138,139,140,272,288,289,290,34,304,49,66,74,82,213,214,215,86,217,222,100,232,234,116,121,122,123,125,126,127
128,129,130,131,132,133,3,134,136,135,138,139,140,285,286,287,288,289,290,221,103,107,122,123,125,126,127
128,129,130,131,132,133,134,135,136,138,139,140,141,148,152,154,285,286,287,288,290,291,293,294,295,167,296,299,300,171,303,176,307,308,310,184,226,122,123,124,125,126,127
7,13,142,144,147,148,279,152,155,158,292,166,167,168,41,295,170,299,172,174,175,303,306,179,307,180,310,184,314,318,64,193,321,324,325,199,330,205,210,214,215,95,116
141,144,148,149,152,153,154,155,158,291,292,293,294,295,296,167,166,299,300,171,172,303,175,174,307,179,308,310,180,184,226,124,126
144,145,273,146,150,24,155,157,158,160,161,32,165,293,294,167,297,42,171,296,301,174,175,51,179,181,180,183,307,308,58,184,65,330,80,87,220,227,102,103,246
142,144,148,149,152,154,155,158,160,292,293,294,295,296,167,297,171,299,166,168,303,170,172,306,307,174,175,310,182,184,179,180,326,330,209,213,226,110
8,14,143,144,145,274,24,281,154,153,155,157,158,160,32,161,35,293,294,295,296,297,167,171,172,301,175,177,51,179,180,307,183,308,58,80,87,88,221,103,246
7,265,143,15,145,144,155,157,158,160,161,293,294,167,296,297,172,301,173,175,178,179,180,181,51,312,316,317,189,319,321,324,327,330,207,209,213,215,87,88,90,106
11,144,146,148,154,155,157,158,160,32,161,163,166,167,298,171,42,172,173,174,175,179,180,51,181,313,314,58,189,191,192,195,326,327,198,330,207,208,209,87,106,110,241,253
142,143,144,145,148,152,154,155,158,292,293,294,295,296,297,167,299,171,300,174,303,170,172,306,307,173,175,310,182,184,179,308,180,316,330,226,126
141,144,145,148,149,150,152,153,154,155,158,160,293,166,167,296,295,297,171,300,172,174,175,177,306,179,180,182,314,316,317,319,213,87,99
1,2,266,143,15,145,144,146,22,155,157,158,160,161,35,164,293,294,168,297,169,170,296,301,173,302,175,179,180,181,312,324,71,209,213,86,85,87,104,106,236,242
2,3,7,12,143,144,18,19,146,148,22,155,157,158,160,161,163,164,167,172,301,302,175,304,173,179,180,53,181,51,312,189,190,194,67,213,87,217,221,222,223,96,235,236,242
10,12,142,275,147,148,22,155,158,32,292,37,166,295,167,170,172,44,174,303,175,179,307,310,311,312,183,186,184,68,327,73,330,207,88,226,98,237,242
6,135,11,13,270,144,146,19,18,147,151,155,156,157,158,159,160,164,169,301,302,175,304,173,50,179,180,53,181,51,64,194,197,208,85,214,87,90,222,105,240,114,117
3,5,141,142,143,144,274,18,146,154,155,157,158,160,32,161,168,302,174,175,305,179,180,51,312,313,186,188,317,327,330,205,207,210,87,221,98,242,127
141,144,147,148,149,150,152,153,154,155,158,160,292,293,166,294,167,295,296,171,300,172,175,177,306,179,180,182,184,316,324,72,82,213,215,226
143,144,18,148,149,152,154,155,158,32,292,293,294,295,167,296,166,299,172,171,170,303,174,175,179,307,308,310,309,184,180,316,317,319,327,330,209,213,215,226
144,148,150,152,153,154,155,158,160,292,293,294,295,296,166,297,171,299,167,169,303,300,170,306,307,308,179,174,175,184,309,310,180,328,330,226,172
6,265,142,15,144,273,147,148,151,155,157,158,160,161,294,167,297,170,172,174,175,50,307,180,309,308,179,184,310,317,320,64,321,198,71,72,330,215,216,106,234,248
141,142,144,145,148,149,152,154,155,158,160,291,292,293,166,295,296,167,170,299,171,172,174,303,300,175,307,179,180,310,51,184,327,87,226
10,266,12,144,16,146,275,23,155,156,157,158,32,160,161,167,169,172,175,178,179,180,51,181,311,325,329,202,73,75,81,209,210,213,214,86,87,104,235,237,242,251
7,266,13,20,158,34,51,312,186,187,316,189,319,64,191,322,194,324,325,198,199,327,197,200,201,202,204,205,207,208,209,210,212,213,214,215,87,216
259,3,268,272,146,274,158,31,51,312,313,186,187,317,319,191,66,195,196,194,198,327,197,199,201,202,205,207,208,209,210,211,213,214,215,87,217,232,124
264,152,158,32,51,314,187,316,317,189,191,192,193,322,319,324,60,198,326,327,199,194,203,197,205,201,202,208,209,210,207,213,214,215,87
3,10,12,13,147,22,30,32,34,37,44,52,312,186,315,187,189,192,194,196,199,200,329,327,201,202,205,207,208,209,210,213,214,215,88,89,234,237,239
266,158,32,165,51,312,313,186,187,316,189,317,191,319,322,194,324,325,326,327,199,198,197,203,328,201,202,207,76,209,205,208,210,213,214,215,87,217
8,14,24,158,51,183,58,186,316,317,187,319,191,321,322,194,324,197,199,201,202,203,205,206,207,80,209,210,208,213,87,88,217,215,216,221,103,246
7,13,151,158,36,168,51,180,181,187,318,319,320,321,322,194,324,325,191,195,197,199,201,203,202,205,206,207,208,209,82,210,81,213,214,215,211,87,255
266,158,32,34,51,312,186,314,316,189,187,319,64,191,322,194,324,325,326,199,327,198,197,200,201,202,205,207,208,209,210,212,213,214,215,87,217,216,249
264,265,266,158,32,51,186,187,316,317,189,319,320,64,322,321,324,318,198,327,191,194,197,203,199,201,206,202,205,207,208,209,210,213,212,215,214,87,216,106,248
3,15,28,34,163,166,168,171,187,191,64,321,194,193,68,324,325,198,197,199,201,203,204,205,209,210,212,213,214,85,216,217,215,95,107,111,112,114
13,30,32,34,37,44,312,186,187,316,189,317,318,64,321,322,194,324,325,320,199,327,319,191,197,200,201,202,205,209,210,211,213,214,215,216,217,88,89
3,4,135,12,271,26,156,158,304,51,57,186,315,187,191,192,66,323,196,197,194,199,200,201,202,205,206,79,207,208,209,211,210,212,213,87,215,216,218,227,231,233,239
266,158,34,51,180,186,187,316,189,319,64,321,194,322,324,325,198,199,191,197,201,203,202,205,207,208,209,210,212,213,214,215,87,216,94,248
3,266,12,275,158,32,51,311,312,186,187,61,189,191,322,194,325,197,199,327,201,202,200,205,207,208,209,210,212,213,87,215,217,216,221,223,235,236,111,242
3,4,135,137,12,271,146,26,156,158,32,304,53,187,191,192,194,323,196,325,326,197,200,329,202,199,201,205,207,208,209,210,211,213,214,215,87,217,218,233
158,32,51,312,186,187,316,188,189,191,192,319,322,194,324,325,326,199,327,197,202,201,205,207,208,209,210,213,214,215,87,217
4,146,23,155,161,34,297,42,169,49,307,180,309,308,55,57,187,316,62,191,192,194,195,196,197,199,328,201,330,202,76,77,206,79,205,208,209,210,213,215,92,94
135,10,11,12,275,151,26,158,51,311,187,188,189,191,64,194,196,325,197,199,73,329,202,201,205,207,208,81,209,210,213,214,87,216,215,101,104,234,237,251
259,3,137,11,12,270,271,280,26,156,158,32,163,41,304,51,54,58,323,196,197,325,68,200,71,77,205,81,210,85,214,86,87,88,218,89,98,231,237,109,116,246,120,251
257,258,270,16,277,278,280,158,32,163,51,58,68,325,70,71,73,74,75,205,81,210,86,87,88,89,215,97,98,101,104,109,114,244,116,119,120,250,251,254
259,260,266,270,16,277,278,280,283,158,32,163,44,48,51,58,68,325,71,73,74,75,205,81,210,86,87,88,89,215,97,98,101,104,109,244,116,119,120,249,250,251,254
0,3,5,134,135,8,10,14,16,275,19,22,24,25,28,158,33,163,39,43,51,54,183,58,59,64,202,80,81,87,88,218,230,103,231,237,246,120,127
0,1,3,264,9,8,12,15,16,17,18,146,19,274,22,26,155,28,158,160,32,33,163,39,168,42,49,51,58,59,317,63,320,65,64,195,198,206,87,90,227,229,232,106
3,10,12,16,145,275,20,22,28,158,32,161,34,35,163,51,311,312,58,60,319,63,322,325,205,207,209,210,213,214,87,217,89,221,223,226,232,235,236,242,122
2,5,6,135,9,13,15,16,145,146,158,287,161,42,43,304,49,50,51,180,54,55,58,187,317,66,195,198,72,207,214,87,90,222,224,230,233,234,106,238
2,3,5,266,12,16,18,275,20,157,158,32,289,35,43,173,51,53,54,312,58,319,64,66,70,199,201,207,82,210,213,214,87,217,223,231,104,237,121,127
3,4,7,266,12,143,16,24,158,32,34,163,42,43,47,51,55,312,186,58,188,316,189,319,322,324,325,199,327,207,80,209,210,213,215,216,87,88,223,233,236,239
5,135,137,10,266,11,13,275,20,22,30,32,33,35,36,37,40,43,44,45,51,52,54,64,196,325,199,329,202,201,81,214,87,88,89,218,222,231,234,237,251
3,5,135,7,10,12,16,275,20,158,31,32,160,34,163,38,168,42,46,304,48,50,51,53,54,311,56,57,60,61,64,194,67,325,329,202,73,81,214,87,218,231,237,251
258,5,262,264,9,11,267,269,270,13,282,158,32,163,37,43,44,45,50,51,54,187,64,68,69,198,71,74,77,210,214,87,222,224,234,238,114,244,121
2,5,6,135,9,15,144,16,158,161,43,46,49,50,51,180,55,58,187,59,63,64,321,195,68,198,71,74,76,77,211,84,85,87,216,90,91,222,102,234,238,112,114
5,7,264,265,11,13,269,23,282,155,158,30,32,163,36,37,40,43,44,45,50,51,180,54,64,320,66,194,324,69,198,70,74,215,87,222,224,230,106,234,121,252
3,5,135,7,137,12,13,271,20,156,158,32,163,37,43,44,45,304,51,54,58,64,66,196,325,200,329,205,210,214,87,215,218,222,230,231,233,234,235,237,251
3,5,7,137,13,20,22,155,284,158,32,289,163,37,43,44,45,304,51,53,54,189,190,64,194,66,325,213,214,215,87,217,222,224,230,105,234,237,240,127,255
257,1,5,137,266,13,270,16,20,278,22,28,158,32,33,162,163,37,168,42,43,44,51,54,58,63,64,194,329,75,81,214,87,218,94,222,101,104,234,237,115,244,250,251
1,4,5,7,16,274,146,149,22,27,158,31,32,161,163,38,168,42,44,46,48,51,53,54,55,56,57,60,61,62,63,192,66,195,67,326,328,206,79,211,87,224
1,5,9,16,146,22,23,24,28,158,161,163,168,297,42,43,49,50,51,180,309,308,55,54,57,58,187,63,192,195,196,198,328,74,76,77,79,87,90,234,106,238
3,4,5,135,137,12,16,20,22,151,24,28,32,34,163,168,42,43,47,51,54,55,58,63,64,321,194,325,71,329,205,81,214,87,216,218,94,222,101,233,234,239,251
3,4,10,266,12,16,275,20,278,22,24,156,28,158,34,163,168,42,43,47,51,311,55,58,63,64,194,325,329,73,202,81,213,214,87,216,93,94,104,233,239,250,251
1,3,5,135,137,266,11,13,16,146,20,22,27,28,30,32,34,35,163,37,43,44,304,52,58,63,64,324,196,202,74,213,214,88,89,218,222,229,232,234
3,5,135,7,137,10,9,12,16,18,275,22,155,28,158,32,289,163,43,51,54,58,59,63,194,196,325,329,202,214,87,218,222,223,98,230,231,233,237,116,251,127
0,5,7,265,9,10,142,16,275,276,279,152,153,158,30,294,166,40,43,45,51,180,182,54,58,187,194,71,72,76,204,78,208,210,82,87,222,224,102,230,234,238,247,248,121
1,3,5,135,137,11,12,13,16,275,22,155,30,32,35,37,43,172,44,45,51,52,58,59,196,197,325,324,199,201,202,214,87,88,89,218,229,231,232,233,237,119,127
2,5,137,266,10,13,270,20,278,158,32,36,37,44,173,45,304,51,53,54,189,194,66,70,199,201,75,207,81,82,214,87,217,218,222,101,230,231,104,234,237,115,121,250,251
3,4,12,16,22,24,158,32,34,163,39,42,43,47,51,180,55,58,316,319,64,192,191,324,196,198,69,202,203,205,208,209,210,213,214,215,87,217,94,223,233,239,249
1,3,5,135,11,268,12,272,16,146,17,22,26,155,28,158,32,289,161,163,168,42,43,47,48,304,51,58,60,63,192,66,195,202,87,223,225,238,252,127
3,5,135,8,9,11,12,15,16,146,22,26,28,30,158,32,33,163,165,168,42,43,49,51,55,57,58,59,63,64,192,203,208,87,90,227,229,230,233,234,238
0,5,134,135,7,9,10,11,16,146,279,157,158,32,289,36,39,42,43,51,54,58,59,192,64,66,194,329,202,205,208,81,214,87,218,225,227,229,230,231,233,238,252,127
2,5,135,137,10,12,270,16,275,22,156,158,33,163,43,51,54,311,58,59,64,325,329,73,202,74,207,81,214,87,218,101,231,233,234,237,239,251
0,1,4,5,16,17,146,149,22,23,27,28,158,163,38,39,168,42,43,44,51,54,55,57,58,63,192,66,196,326,328,76,77,206,79,208,87,100,239
5,264,9,11,16,146,22,282,28,158,33,163,42,43,50,51,180,54,58,59,187,317,320,64,195,198,70,74,204,77,208,82,87,92,224,231,105,106,234,110,238,244,248
2,3,5,135,137,10,11,16,22,28,158,32,163,43,304,51,54,58,59,63,64,196,325,199,329,202,205,210,214,87,216,217,218,98,231,234,237,244,251,127
1,3,5,134,135,137,11,12,15,16,17,22,280,26,28,158,160,32,163,168,42,43,51,54,58,59,63,197,325,202,210,214,87,218,225,230,231,233,237,238,127
1,3,5,137,266,11,12,16,20,22,28,158,160,289,33,163,168,42,43,51,54,58,59,189,63,64,324,325,214,87,218,222,230,231,233,234,237,110,238,127
1,3,5,135,137,266,11,142,16,17,146,20,22,28,158,32,289,34,163,168,42,43,51,309,54,58,319,64,63,324,196,82,213,214,87,222,225,230,232,234,238,127
3,5,135,137,10,12,13,16,275,158,32,289,33,163,37,168,43,44,45,51,54,59,64,66,196,325,329,202,73,81,87,218,222,224,228,230,231,233,234,237,127
259,261,5,135,137,266,11,268,13,20,23,155,158,31,32,34,37,43,44,45,304,49,51,54,64,66,195,196,74,206,82,213,214,87,91,222,99,232,234,235,115,122,251
5,135,7,265,266,9,10,16,20,22,30,158,32,34,163,42,43,170,45,51,180,54,58,64,192,194,324,198,199,72,74,76,82,213,214,215,87,218,224,230,234
2,5,135,266,11,10,16,146,22,26,28,158,32,33,163,42,43,51,54,58,59,63,64,192,324,196,198,74,202,205,208,210,214,87,218,231,234,249,253
5,135,7,137,266,12,13,20,158,32,289,163,37,43,44,45,49,51,54,58,188,189,319,64,66,196,325,199,329,202,205,207,210,213,214,215,87,222,230,234,237
3,259,4,135,263,137,266,7,268,10,12,272,16,20,24,25,158,32,34,42,43,47,48,51,55,58,64,66,194,196,325,329,202,74,214,87,217,94,232,233,239
1,3,5,266,12,143,16,15,18,275,20,22,26,28,158,32,160,163,168,42,43,51,53,54,312,185,58,189,63,325,327,199,207,213,87,222,231,234,237,238,242,127
5,266,13,146,20,158,32,34,163,37,42,43,44,45,49,51,54,58,316,60,319,192,64,66,324,74,203,77,205,79,208,82,210,213,214,215,87,230,234,122
128,129,2,3,134,7,135,274,146,151,29,158,159,31,32,163,38,302,47,48,46,50,51,53,56,313,314,57,58,317,60,61,66,67,203,205,206,210,211,87,220,221,235,125
5,265,9,11,13,15,17,18,19,146,21,155,158,32,37,40,43,44,45,304,51,54,313,187,195,69,198,74,87,90,222,224,225,229,233,106,234,238,241,253
3,7,10,12,16,18,275,19,20,158,31,160,163,38,168,46,304,48,50,51,53,311,56,57,60,189,61,67,325,329,202,81,214,86,87,217,219,221,235,236,237,242,251
2,5,135,137,10,16,275,20,22,156,28,158,32,163,42,43,51,54,311,58,63,64,196,325,198,329,202,205,81,210,214,87,218,222,231,233,234,237,246,250,251
0,2,3,5,11,16,17,146,26,27,157,158,32,165,39,42,43,51,54,57,313,59,58,191,192,65,64,198,76,77,208,213,87,227,229,102,231,233,238,124,253,126
3,4,10,12,16,275,22,151,24,158,32,34,163,43,47,51,311,312,55,186,58,189,194,325,199,329,202,205,209,81,210,213,214,87,216,223,233,237,239,251
5,135,137,266,13,20,23,155,156,158,32,34,37,43,44,45,49,51,54,187,62,64,194,195,196,325,199,202,205,206,82,210,213,214,87,215,222,122,234,237,250
258,260,5,134,135,11,13,146,280,26,283,158,32,33,162,163,37,166,43,44,45,174,51,54,59,192,64,67,196,68,202,74,205,208,210,214,87,218,92,107,119,120,253
3,5,137,267,12,11,16,275,22,26,28,158,32,289,34,163,39,43,51,54,58,319,322,324,198,199,202,205,210,213,214,87,217,94,223,98,230,231,236,237,118,127
3,5,135,137,10,12,13,271,20,23,156,158,30,32,163,37,43,44,45,304,51,54,58,64,66,323,196,325,200,205,210,214,87,215,218,222,223,230,231,233,234,237,251
0,3,5,13,272,16,22,279,23,157,158,32,33,160,163,37,168,41,42,43,44,45,49,51,54,55,185,59,317,62,320,321,64,68,324,203,82,213,87,216,90,230,232,121
5,135,7,137,10,13,16,275,20,156,158,30,32,163,37,44,45,51,54,311,62,64,194,66,325,329,73,202,81,214,87,218,222,224,101,230,231,233,234,237,251
2,5,135,137,10,266,12,16,275,20,22,28,157,158,32,289,163,39,43,175,304,51,54,58,59,63,325,199,329,214,87,218,222,231,104,233,234,237,118
5,135,7,266,13,20,151,26,155,30,158,32,34,163,37,43,44,45,304,51,180,54,62,64,194,66,196,325,329,73,85,214,87,94,224,101,230,233,234,108
5,134,10,12,16,274,275,147,22,154,155,28,29,158,32,35,163,166,167,295,43,172,174,303,305,51,179,54,311,56,58,188,63,202,74,207,81,210,87,220,221,98,226,231
257,258,1,5,135,137,266,11,10,15,16,20,22,280,26,28,158,160,289,32,163,168,42,43,51,54,58,59,63,64,192,202,74,75,210,214,87,218,94,101,231,104,234,238
5,7,265,266,11,13,18,19,20,155,30,158,32,163,37,44,45,51,54,58,189,64,194,68,69,325,74,75,210,214,215,86,87,222,121,228,105,234,106,116,117,249
0,1,5,264,265,266,11,9,13,14,15,16,146,22,25,282,26,27,28,29,32,163,41,42,43,51,58,63,64,321,65,198,71,74,203,214,87,90,222,234,106,121
256,261,264,265,269,277,279,282,158,32,163,44,51,68,70,71,74,77,205,81,210,83,84,86,87,88,89,215,92,97,98,249,105,109,114,244,117,116,247,248,121
256,258,264,265,266,11,269,282,158,32,163,51,58,64,192,68,69,70,71,324,74,205,81,210,214,86,87,88,89,215,94,97,98,106,107,109,114,243,244,116,248,249,253
257,258,261,7,264,265,266,282,283,158,32,168,51,64,194,68,69,71,72,74,75,76,77,81,213,86,87,88,89,93,249,229,106,109,244,117,116,248,121,250,253,254
137,10,12,270,271,275,156,158,32,163,44,51,53,311,58,68,325,71,200,75,76,205,81,210,86,214,87,88,218,89,215,98,231,104,106,107,237,109,240,242,116,250,251
264,265,266,18,146,283,158,32,163,168,41,172,51,313,64,68,69,327,71,74,75,76,205,207,80,81,210,86,87,88,89,98,249,106,108,109,241,116,248,121,253,254
2,264,266,268,277,282,283,158,32,173,51,53,189,68,69,325,70,199,201,74,75,207,81,210,86,87,88,89,217,120,94,249,104,107,109,243,244,116,119,248,121,250,251,253,254
260,264,266,269,282,283,284,158,32,160,163,43,51,58,68,69,71,74,75,77,205,81,210,84,86,87,88,89,215,92,248,98,106,109,241,244,116,119,120,249,252,253,254
3,265,266,12,142,273,284,158,32,289,163,168,51,53,313,189,68,325,198,69,71,201,330,73,205,207,81,210,86,87,88,89,98,106,237,109,241,116,119,254,127
256,258,7,264,265,266,269,270,282,283,158,32,165,39,168,51,186,316,194,68,69,70,71,74,79,81,86,87,88,89,121,105,106,109,241,244,117,116,248,249,250,253,254
257,259,264,270,16,277,278,158,32,163,48,51,194,68,325,70,71,73,74,205,81,210,86,87,88,89,93,97,98,101,104,109,112,114,244,117,116,120,250,251,254
264,266,11,277,282,283,158,32,163,44,51,58,64,68,69,325,70,71,74,75,77,205,79,81,210,86,87,88,89,215,120,97,121,98,106,109,244,116,119,248,249,250,251,254
258,260,11,269,270,16,280,282,283,284,158,32,163,43,44,51,68,71,73,74,202,77,205,81,210,84,86,87,88,89,215,97,98,109,241,115,244,116,119,120,252,253,254
256,135,265,138,13,142,270,282,158,32,289,163,178,51,187,68,71,74,75,205,81,210,86,87,88,89,120,92,97,122,105,107,109,241,243,244,116,118,119,248,249,250,254,127
257,259,262,135,7,11,270,277,278,155,156,158,163,51,194,68,325,70,71,200,74,75,79,81,214,86,87,89,88,97,99,101,104,106,237,109,114,115,243,116,120,121,250,251
257,258,260,11,270,16,277,280,158,32,163,44,51,58,68,325,71,73,74,75,77,205,81,210,86,87,88,89,215,97,98,101,104,106,107,109,244,116,119,120,250,251,254
256,257,258,264,269,270,282,283,284,157,158,32,163,43,51,58,68,69,70,71,74,77,205,81,210,84,86,87,88,89,215,92,248,98,106,109,241,244,116,119,120,252,253,254
256,258,262,7,264,23,282,27,155,158,163,166,41,178,51,194,68,70,71,74,75,76,77,81,85,86,87,88,120,97,98,99,121,105,106,109,112,244,116,248,249,250,253,254
7,264,265,11,269,277,280,282,283,284,158,32,43,51,194,68,69,70,71,74,77,79,81,84,214,87,88,89,86,248,121,106,109,241,244,116,119,120,249,252,253,254
258,7,264,265,266,277,282,283,158,32,163,51,194,68,69,70,71,72,74,75,76,79,81,210,86,87,88,89,249,106,109,242,244,117,116,248,121,250,253,254
262,7,264,266,270,277,278,279,282,155,158,32,163,51,194,68,70,71,74,75,79,81,86,87,88,89,92,121,105,106,109,112,114,116,117,244,248,249,250,251,254
256,258,262,7,264,265,266,277,282,155,158,32,163,51,194,68,69,70,71,72,74,75,77,205,81,210,213,86,87,88,89,97,249,106,109,243,244,117,116,248,121,250,251,254
256,264,11,269,282,283,284,158,32,163,168,43,44,51,68,69,70,198,71,74,76,77,205,81,210,84,86,87,88,89,215,92,98,99,106,109,241,244,116,119,248,253,254
257,258,264,10,11,270,16,275,277,278,280,158,32,172,51,180,54,189,68,325,73,74,81,210,214,86,87,89,218,88,97,101,231,109,244,116,119,120,250,251
258,260,262,135,264,265,269,282,155,284,158,32,41,47,51,180,309,187,195,71,72,74,76,77,206,208,81,84,87,88,90,92,101,105,106,109,114,115,244,119,248,122,253
258,264,265,11,141,282,283,284,158,32,163,42,51,58,68,69,198,70,71,74,76,77,205,79,208,81,210,86,87,88,89,98,249,106,109,110,241,244,116,248,121,253,254
258,7,264,144,277,282,283,155,158,31,41,51,194,68,69,70,71,74,75,77,79,81,84,86,87,88,89,120,97,121,100,106,109,241,243,244,116,117,119,248,249,250,254
258,262,7,264,9,266,11,13,146,22,283,155,158,32,163,166,51,187,64,194,68,69,325,70,71,74,75,77,81,214,86,87,88,121,99,105,106,109,244,117,116,248,249,250,253,254
3,260,8,13,14,269,275,22,279,24,281,158,32,162,34,163,41,47,49,51,58,187,321,324,68,71,203,80,81,210,213,86,87,88,89,95,99,103,109,116,246
256,257,258,260,11,269,270,13,142,271,278,22,283,158,30,32,35,37,44,45,51,52,187,64,70,71,199,201,74,75,77,81,87,88,89,99,101,105,244,119,120,250,251,254
256,257,258,264,266,270,277,22,281,158,32,163,178,51,187,64,68,325,69,71,72,74,75,202,205,77,81,210,213,214,86,87,89,88,98,104,109,243,244,116,248,249,250,251,254
256,258,264,269,277,22,282,284,158,32,163,51,187,68,70,71,74,202,77,205,208,81,210,213,86,87,88,89,97,98,249,105,109,114,243,244,117,116,247,248,121,250,254
258,7,265,266,9,269,270,14,276,277,282,155,158,31,32,48,53,56,57,60,194,68,69,70,71,72,74,81,86,87,89,249,106,243,244,117,116,248,121,250,251,254
259,260,137,11,270,271,280,156,158,32,168,43,44,304,51,54,187,68,325,71,200,74,202,77,205,208,81,210,214,86,87,88,218,89,215,98,101,109,244,116,119,120,250,251
13,17,146,19,21,23,27,284,158,32,161,163,164,166,44,304,178,51,57,58,188,63,68,71,77,205,79,81,210,86,87,88,89,215,92,224,98,99,229,105,106,109,244,116
256,258,7,264,269,13,17,21,23,279,282,27,155,158,32,163,166,42,51,180,55,57,188,194,68,70,71,76,77,79,81,210,84,86,87,88,89,99,105,106,109,244,116,247,248,121
257,258,260,264,265,266,282,158,32,163,43,51,309,58,188,64,68,71,72,73,74,76,205,81,210,213,86,87,88,89,94,98,101,109,241,244,116,119,248,249,122,253,254
0,13,17,146,21,23,27,158,32,161,163,164,166,39,42,178,51,309,55,57,188,63,192,68,71,73,76,205,206,81,210,86,87,88,89,94,99,229,233,105,109,116,120
0,4,138,17,146,21,149,23,27,158,159,32,163,164,38,166,168,44,45,46,178,51,55,57,188,62,63,192,68,71,205,79,81,210,86,87,88,89,224,99,229,109,116,122,127
256,258,264,17,146,23,280,26,27,158,32,166,168,42,43,44,51,59,192,64,68,73,76,205,208,81,210,86,87,88,89,215,91,94,98,99,229,107,109,244,116,248,249,253
10,270,16,278,156,158,32,163,44,51,53,311,58,188,68,325,71,73,329,75,202,205,81,210,214,86,87,88,89,215,98,101,234,107,237,109,244,116,120,249,250,251,254
258,264,265,269,279,282,284,158,32,163,42,43,44,51,68,69,198,71,74,76,77,205,81,210,84,213,86,87,88,89,215,92,121,98,106,109,241,244,116,248,249,122,252,253,254
259,263,264,7,11,268,272,282,283,284,158,31,32,168,43,51,194,68,70,71,74,76,77,81,210,84,86,87,88,89,97,99,101,106,107,109,241,244,116,119,120,121,252,254
266,11,12,13,270,18,275,278,22,283,158,30,32,35,37,44,45,51,52,64,67,325,69,199,200,201,74,75,81,214,87,88,89,96,101,104,109,241,115,244,117,250,251,254
258,261,6,264,265,266,283,158,32,163,51,57,189,64,66,68,69,198,326,72,73,75,76,205,81,210,85,86,87,88,89,92,99,106,107,109,241,244,116,119,248,249,250,253,254
258,260,264,265,266,14,282,283,284,158,32,163,43,51,58,64,68,69,71,72,73,74,75,77,205,81,210,213,86,87,88,89,215,120,94,98,106,109,241,244,116,248,249,122,253,254
256,258,261,262,263,264,266,270,20,277,278,283,158,32,163,44,51,58,68,69,71,74,75,205,81,210,86,87,88,89,215,92,97,98,104,106,109,243,244,117,116,120,249,250,251,254
256,257,258,264,265,266,269,270,277,282,158,32,163,51,58,64,68,69,70,198,72,71,74,75,205,81,210,86,87,88,89,98,106,107,109,243,244,116,119,248,249,250,253,254
258,259,262,264,265,266,277,282,283,158,32,163,51,313,58,64,68,69,325,71,74,75,77,205,81,210,213,86,87,88,89,90,121,98,122,106,108,109,241,244,116,248,249,250,253,254
257,10,270,16,277,278,280,158,32,163,44,51,54,58,68,325,71,73,74,205,81,82,210,214,86,87,89,218,88,215,97,98,101,104,109,115,244,116,119,120,250,251
264,265,266,277,23,282,283,158,32,163,166,40,49,51,58,188,189,64,68,325,71,74,75,76,208,81,210,86,87,88,89,121,99,105,106,107,109,241,244,116,248,249,250,253,254
262,7,264,265,266,9,146,23,280,282,27,283,158,32,166,51,187,64,194,68,69,70,71,74,77,81,86,87,88,121,99,105,106,109,243,244,117,116,119,248,249,250,253,254
258,260,7,9,11,270,146,274,23,280,282,283,27,284,158,32,166,168,43,51,187,192,194,68,71,74,75,77,81,86,87,88,89,99,101,105,106,109,241,244,116,119,120,250,253,254
0,16,17,21,23,27,158,159,32,33,35,163,166,44,46,49,178,51,55,57,58,62,63,68,71,73,205,81,210,85,86,87,88,89,90,215,224,98,229,232,233,109,239,116
256,258,266,11,277,280,282,158,32,163,166,44,51,58,64,68,70,71,74,77,205,81,210,214,119,86,87,88,89,92,215,97,98,99,101,105,106,109,244,117,116,247,248,250
258,266,270,16,277,278,280,158,32,163,51,58,64,68,325,71,73,74,75,205,80,81,210,86,87,88,89,215,91,94,97,98,101,104,107,109,244,116,246,120,249,250,251,254
256,0,259,6,262,269,279,158,32,163,44,49,50,51,309,185,58,317,320,321,194,68,71,330,203,204,205,81,82,210,213,86,87,216,88,89,215,98,109,114,116,121,122,255
259,263,264,265,7,268,269,272,277,279,282,158,31,32,168,176,51,194,68,69,71,74,77,81,210,86,87,88,89,121,99,232,106,109,241,244,117,116,248,249,252,254
257,258,260,264,266,269,270,283,158,32,47,51,187,316,69,71,72,74,75,76,77,205,80,81,208,210,87,88,89,120,92,96,97,107,109,241,114,244,248,249,250,251,253,254
258,2,260,264,265,11,267,280,282,283,284,158,43,173,51,53,184,68,69,70,199,201,74,76,77,207,80,81,84,86,87,88,217,91,97,106,109,241,244,116,119,248,121,253,254
7,264,11,269,270,282,283,284,158,32,168,51,194,68,69,70,71,74,77,79,81,210,84,85,86,87,88,89,247,92,248,97,105,106,109,110,114,244,116,119,120,121,254
261,264,266,270,277,278,283,158,32,163,44,51,58,68,69,325,71,74,75,205,81,210,84,86,215,87,88,89,92,121,98,101,104,106,109,243,244,117,116,120,249,250,251,254
258,264,265,266,11,18,146,282,283,158,32,163,43,51,58,64,68,69,71,74,75,79,80,81,210,214,86,87,88,89,106,109,111,241,244,116,246,119,248,249,252,253,254
258,7,264,9,11,13,146,18,282,283,158,32,168,304,51,187,194,68,69,70,71,74,75,81,210,85,86,87,88,89,92,121,105,106,109,241,244,116,249,250,252,253,254
1,10,266,12,270,16,275,283,158,32,163,44,51,53,311,189,68,325,71,73,329,75,205,207,81,210,86,214,87,88,89,215,93,94,98,237,109,241,242,116,250,251,254
258,264,266,267,20,283,158,32,163,168,51,316,64,68,69,325,71,72,200,74,75,205,80,209,81,210,212,213,86,87,88,89,120,94,104,109,241,244,116,248,249,250,251,253,254
256,258,262,264,265,266,282,283,284,158,32,163,44,51,58,68,69,71,72,74,75,77,205,81,210,84,213,86,87,88,89,215,98,249,122,106,109,243,244,116,248,121,250,253,254
256,258,262,263,264,265,266,269,282,283,284,158,32,163,51,58,68,69,198,71,74,76,77,205,81,210,86,87,88,89,215,121,98,106,109,241,244,116,248,249,250,251,252,253,254
257,258,260,262,7,135,9,16,17,153,282,284,158,32,296,42,177,51,309,187,68,71,73,329,77,79,208,81,86,87,88,90,219,225,97,229,101,233,106,109,238,241,116,245,120,254
10,11,266,12,269,271,16,275,22,280,283,158,32,163,51,311,58,187,64,68,325,69,71,73,202,329,80,81,214,86,87,88,218,89,237,109,241,116,246,119,120,251
258,7,264,265,274,282,283,284,155,158,32,163,51,188,189,192,194,68,69,198,71,70,74,76,77,79,81,86,87,88,97,249,106,109,241,244,117,116,248,121,250,253,254
258,262,7,264,265,266,282,283,155,158,32,163,36,51,194,68,69,70,71,72,74,75,77,79,81,86,87,88,121,122,106,109,112,241,244,117,116,248,249,250,252,253,254
259,263,264,11,268,270,272,146,283,158,31,32,163,43,48,178,51,58,66,195,68,71,74,75,77,205,79,81,210,211,214,86,87,88,89,215,98,99,109,244,116,250,251,252
256,262,135,264,11,269,283,158,32,164,36,166,169,51,181,190,318,324,69,325,68,74,208,81,210,214,215,86,87,88,89,248,99,109,241,243,244,116,120,249,250,252,253,254
1,258,264,265,266,11,20,281,283,157,158,32,163,51,64,68,69,325,74,75,81,210,214,86,87,88,89,120,94,101,122,106,109,241,244,116,248,249,250,252,253,254
257,258,260,270,16,277,280,156,158,32,163,44,51,58,68,325,71,73,74,75,205,207,81,210,86,87,88,89,218,215,97,98,101,106,237,109,241,244,116,119,120,250,251,254
258,264,265,266,270,281,282,283,158,32,163,168,44,51,64,68,69,70,198,71,74,75,205,81,210,86,87,88,89,215,120,98,101,106,107,109,241,244,116,119,248,249,250,254
256,258,4,262,7,264,266,270,283,158,32,168,51,194,68,69,71,72,74,75,81,210,213,86,87,88,89,249,122,104,106,109,241,243,244,116,248,121,250,251,253,254
258,264,266,267,18,22,283,158,32,163,166,168,51,187,60,64,68,69,71,72,74,75,80,81,210,213,214,86,87,89,88,94,121,99,106,109,241,244,116,248,249,250,253,254
256,257,258,259,262,263,7,10,269,270,16,277,278,158,32,51,54,194,68,70,71,73,81,210,86,87,88,89,93,97,99,101,106,109,114,115,116,120,121,250,251,255
256,7,269,270,277,282,155,158,163,51,188,189,194,68,70,71,74,79,81,84,86,87,88,120,92,97,105,106,234,109,112,114,244,117,116,247,248,121,254
2,264,265,269,282,284,158,168,43,173,51,53,189,68,70,71,198,199,74,201,76,77,79,207,81,84,86,87,88,217,247,92,95,105,106,109,241,244,116,119,248,121,254
258,260,264,11,270,282,283,284,158,32,163,43,51,68,69,70,74,75,77,205,81,210,85,86,87,88,89,92,120,98,106,109,241,244,116,117,119,248,252,253,254
259,263,264,11,268,272,282,283,158,31,32,163,43,44,51,58,68,69,70,71,74,76,77,205,81,210,84,86,87,88,89,215,97,98,99,109,241,244,116,248,249,252,253,254
262,264,270,16,18,277,278,158,32,163,51,68,70,71,73,74,75,77,205,81,210,86,87,88,89,97,98,101,109,112,114,244,117,116,120,249,250,251,254
257,7,264,265,266,282,283,155,158,32,163,51,64,194,324,69,68,70,72,71,74,75,79,81,86,215,87,88,89,249,122,106,109,241,244,116,248,121,250,252,253,254
261,266,267,275,277,278,283,158,32,163,168,51,58,68,69,71,72,75,205,80,81,210,86,87,88,89,215,91,92,94,98,249,104,106,109,242,115,244,117,116,246,121,250,254
257,258,260,262,270,16,280,158,32,163,51,309,58,68,71,73,74,329,77,205,81,210,84,85,86,87,88,89,215,94,97,98,101,107,109,241,116,119,120,251,253,254
257,259,268,269,270,20,277,278,282,283,157,158,32,163,51,68,69,74,75,204,81,210,86,87,88,89,120,106,107,109,241,242,243,244,116,114,118,248,249,250,251,124,254
258,259,260,264,265,266,11,269,270,13,22,282,283,158,32,163,42,51,186,187,68,69,71,74,77,205,208,81,210,86,87,88,89,249,106,107,109,241,244,116,248,121,253,254
258,262,7,264,265,135,269,15,282,155,158,32,168,51,180,195,68,69,71,74,76,77,206,79,81,84,86,87,88,90,92,105,106,109,112,114,115,244,116,247,248,122,253
264,265,13,282,283,284,158,32,44,51,64,68,69,198,73,74,75,76,77,205,208,81,210,86,87,88,89,215,94,98,106,107,109,241,244,116,119,248,249,251,253,254
256,135,8,263,13,142,270,274,24,282,158,32,163,51,58,187,196,68,198,71,74,205,208,80,210,81,86,87,88,89,92,97,103,105,106,107,109,241,243,116,246,118,248
257,10,269,270,16,275,278,280,158,32,163,51,58,68,197,325,71,73,75,205,81,210,214,86,87,89,218,88,215,98,101,231,104,109,244,116,119,120,250,251,254
0,129,16,17,146,19,21,27,29,158,159,32,35,164,163,44,46,304,178,51,52,57,58,62,63,68,71,73,205,81,210,86,87,88,89,215,224,98,227,229,232,106,109,116
264,265,266,282,283,158,32,163,43,51,58,320,64,68,69,198,71,72,74,75,205,80,81,210,86,87,88,89,98,249,106,107,109,241,244,116,119,248,121,252,253,254
257,261,266,270,277,283,158,32,163,44,51,58,68,69,325,71,74,75,205,81,210,84,86,214,87,88,89,215,92,98,101,104,107,109,241,243,244,116,120,249,250,251,254
0,269,22,279,282,27,284,283,158,32,163,166,51,180,187,68,70,71,74,202,76,77,205,208,81,210,84,86,87,88,89,92,98,99,105,106,109,244,117,116,247,248,121,254
256,258,260,264,266,270,282,283,158,32,163,44,51,58,68,69,71,74,75,205,81,210,86,87,88,89,215,120,121,98,104,106,107,109,241,242,243,244,116,248,249,250,252,253,254
256,257,258,260,264,270,282,283,158,32,163,51,58,68,69,71,74,75,77,205,81,210,213,86,87,88,89,248,98,104,109,241,243,244,116,120,249,250,251,254
256,257,266,270,277,278,284,158,32,163,301,51,58,68,70,71,74,75,205,81,210,86,87,88,89,215,92,98,101,104,107,109,114,243,244,116,117,250,251,254,255
256,257,258,264,267,269,270,13,279,282,284,158,32,163,51,54,58,68,70,71,74,77,205,81,210,84,86,87,88,89,215,247,92,97,98,105,109,114,244,116,119,248,254,255
256,258,264,269,142,13,279,282,26,284,158,32,163,41,51,54,58,68,69,71,74,77,205,81,210,83,84,86,119,87,88,89,215,95,98,106,107,109,241,116,247,248,121,253,254
256,257,258,260,264,269,270,282,283,284,158,32,163,51,58,68,69,198,71,74,75,205,81,210,214,86,87,89,88,98,106,107,109,241,244,116,119,248,250,251,252,253,254
256,257,258,264,269,270,282,284,158,32,163,44,51,58,68,69,70,71,74,75,77,205,81,210,213,86,87,88,89,215,98,122,105,106,109,114,243,244,116,245,247,248,250,251,254
7,264,265,266,11,271,18,282,283,158,163,172,51,313,194,67,68,69,70,71,200,74,75,81,84,86,87,88,96,98,249,106,109,241,242,244,117,116,121,252,253,254
257,258,259,260,264,270,16,22,282,283,284,158,32,163,51,58,68,69,71,72,73,74,75,77,205,81,210,213,86,87,88,89,98,106,109,241,243,244,116,248,249,250,253,254
257,258,270,150,282,284,158,32,163,43,51,58,68,70,71,74,75,76,77,205,81,210,84,213,86,87,88,89,215,92,97,98,101,122,105,109,114,243,244,116,248,250,251,254
257,258,259,260,267,11,269,270,13,278,22,158,30,32,35,37,44,45,51,52,64,69,70,199,200,201,74,75,81,214,87,88,89,93,104,109,115,244,243,119,250,251,254
257,258,259,262,135,7,10,270,16,277,278,155,156,158,51,194,195,68,70,71,74,77,206,81,86,87,88,89,97,101,122,234,106,109,112,114,115,244,116,120,121,250,251
10,266,270,16,275,278,158,32,163,44,51,311,58,68,325,71,329,73,75,74,205,81,210,214,86,87,88,218,89,215,98,101,104,106,107,237,109,244,116,120,250,251,254
264,265,266,267,18,275,283,158,32,163,168,51,67,68,69,71,72,200,74,75,205,80,209,81,210,212,86,87,88,89,94,96,121,104,106,109,241,242,244,117,116,249,250,254
256,257,258,259,262,264,270,277,282,158,32,163,44,51,58,68,69,70,71,74,75,77,205,81,210,213,86,87,88,89,215,98,122,106,109,114,243,244,115,116,248,249,250,251,254
261,262,266,11,270,277,278,280,283,158,32,163,44,51,58,68,325,69,71,75,205,81,210,214,86,87,88,89,215,92,98,101,104,106,109,244,117,116,119,120,249,250,251,254
264,13,142,21,23,282,283,27,284,158,32,163,166,168,43,44,51,58,68,198,70,71,74,76,77,205,208,81,210,86,87,88,89,215,98,99,105,106,109,241,244,116,248,121,254
258,259,264,265,266,282,283,158,32,163,41,44,51,58,64,68,69,198,71,72,74,75,205,81,210,213,86,215,87,88,89,91,98,249,122,106,109,243,244,116,248,121,250,252,254
0,259,3,269,272,16,279,158,32,163,44,49,50,51,185,58,317,321,194,68,71,73,203,205,81,209,210,86,87,216,88,89,215,98,232,106,235,109,111,114,116,117,121,255
258,264,265,269,277,282,158,32,163,44,51,58,66,68,69,70,71,72,74,77,205,81,210,86,87,88,89,215,97,98,249,106,107,109,241,114,243,244,117,116,247,248,121,254
256,258,264,266,282,283,158,32,163,51,58,68,69,71,72,74,75,77,205,81,210,213,86,87,88,89,215,96,98,249,122,104,109,241,243,244,116,248,121,250,251,252,253,254
258,7,264,265,11,270,282,283,284,155,158,32,163,169,51,188,189,194,68,69,70,71,74,79,81,86,87,88,89,120,249,106,109,241,244,117,116,119,248,121,252,253,254
258,260,7,264,265,266,276,277,282,283,155,158,32,163,51,194,68,69,70,71,72,74,75,79,81,213,86,87,88,89,249,105,106,109,244,117,116,248,121,250,251,254
258,264,265,11,270,271,281,282,283,284,158,32,163,51,68,69,71,74,75,77,205,81,210,84,86,87,88,89,120,98,249,106,109,241,244,117,116,119,248,121,250,253,254
1,258,7,264,265,266,273,282,283,158,32,41,51,64,194,68,69,71,72,74,75,77,79,81,210,86,87,88,89,94,121,122,106,109,241,244,117,116,248,249,250,253,254
264,265,142,273,280,282,283,158,32,170,43,51,59,68,69,326,71,330,74,75,205,208,80,81,210,84,86,87,88,89,91,248,97,98,106,107,109,241,116,246,119,120,249,252,253,254
259,3,263,11,268,270,272,19,277,282,158,31,32,163,43,48,51,58,66,68,71,74,77,205,80,81,210,214,86,87,88,89,97,99,106,109,241,244,116,246,120,251,252,125,254
258,262,7,264,265,266,281,282,283,158,32,163,39,51,188,189,64,194,68,69,70,71,72,74,75,76,79,81,86,87,88,223,249,106,109,241,244,117,116,248,121,253,254
7,266,10,270,16,277,278,158,32,168,51,313,194,68,325,71,73,74,81,210,86,214,87,88,89,97,121,101,106,107,109,114,244,117,116,120,249,250,251,254
258,262,263,264,265,7,9,12,269,271,279,282,283,284,156,158,32,42,51,187,65,68,69,71,74,75,77,79,81,86,87,88,121,106,109,241,244,117,116,248,249,250,253,254
264,265,266,13,146,277,282,283,158,32,163,166,178,51,58,195,68,69,71,72,74,75,77,205,81,210,86,215,87,88,89,92,98,249,109,243,244,117,116,248,121,250,253,254
257,259,270,277,278,158,32,163,44,51,58,194,68,69,325,70,72,71,74,75,205,81,210,213,86,87,88,89,215,98,122,106,107,109,243,244,117,116,120,249,250,251,254
258,261,7,265,270,282,283,158,32,163,166,51,194,68,70,71,74,76,77,205,81,210,86,87,88,89,121,99,105,106,107,109,112,244,116,117,248,249,250,253,254
258,264,266,280,282,283,284,158,32,163,44,46,51,58,64,68,69,71,74,75,77,205,79,81,210,86,87,88,89,215,120,98,101,106,107,109,241,244,116,119,248,249,250,253,254
7,264,265,11,282,283,284,158,32,168,43,51,194,68,69,198,70,71,74,75,76,77,79,81,210,86,87,88,89,92,249,105,106,109,241,243,244,116,248,121,253,254
261,266,270,20,277,278,283,158,32,288,163,44,51,58,68,325,69,71,74,75,205,81,210,86,214,87,88,89,215,92,98,104,107,109,243,244,117,116,249,250,251,254
8,265,11,13,17,146,22,23,282,283,27,158,32,163,164,166,44,304,178,51,187,68,71,75,77,81,210,85,214,86,87,88,89,92,99,101,105,106,107,109,244,116,250,253
256,258,262,264,265,11,268,269,279,280,282,158,32,163,43,51,54,68,69,71,74,77,205,81,210,86,87,88,89,97,98,99,101,106,109,241,242,116,119,248,252,253,254
261,7,264,265,266,269,143,277,282,283,155,158,163,51,194,68,69,70,71,72,74,75,79,81,86,87,88,89,92,249,106,109,241,244,117,116,248,121,250,253,254
7,264,265,266,282,283,284,158,32,163,168,170,51,194,68,69,70,198,72,71,74,75,76,77,79,81,210,86,87,88,89,249,106,109,241,244,116,248,121,250,253,254
258,7,264,265,266,9,282,283,284,158,32,42,51,187,64,194,68,69,71,74,75,77,79,208,81,210,86,87,88,89,249,122,106,109,241,244,117,116,248,121,250,253,254
256,261,269,270,277,279,282,158,32,166,51,68,69,70,71,74,80,81,84,86,87,88,89,91,92,97,98,105,106,107,109,111,112,114,243,116,244,247,248,254
261,266,270,277,278,158,32,168,51,64,68,325,69,71,74,75,80,81,84,86,214,87,88,89,92,97,98,101,104,106,107,109,114,115,244,117,116,249,250,251
256,258,260,264,269,282,283,284,27,154,158,32,163,166,44,51,54,58,68,71,74,75,77,205,208,81,210,84,86,87,88,89,215,120,98,99,106,109,241,244,116,119,248,252,253,254
256,258,260,264,265,142,270,280,282,284,158,32,163,168,43,48,51,179,58,59,68,69,70,71,74,205,80,81,210,86,87,88,89,120,98,101,106,107,109,241,244,116,119,248,253,254
257,259,260,270,16,277,278,280,283,158,32,163,44,51,58,68,325,71,73,74,75,205,81,210,214,86,87,89,88,215,98,101,104,107,109,244,116,119,120,250,251,254
257,10,270,16,275,278,280,284,158,32,163,44,51,311,58,68,325,71,73,329,75,205,81,210,214,86,87,88,218,89,215,98,101,231,104,107,237,109,244,116,120,250,251,255
256,261,262,264,266,270,282,283,284,158,32,163,44,51,58,68,69,71,74,75,77,205,81,210,86,87,88,89,215,92,121,98,104,109,241,244,116,119,120,249,250,251,253,254
2,3,261,12,270,18,275,19,22,278,158,32,163,44,304,51,53,58,189,68,325,71,75,205,207,81,210,86,214,87,88,89,215,91,92,98,106,235,109,240,242,116,117
257,259,10,270,16,277,278,280,282,156,158,32,163,51,68,197,71,73,205,81,210,86,87,88,89,218,93,97,101,231,108,109,114,115,244,116,117,119,120,250,251
258,7,264,265,266,269,18,278,282,283,158,32,168,51,194,67,68,69,71,74,75,81,86,87,88,96,121,106,109,241,244,117,116,248,249,250,251,254
257,137,10,270,16,275,278,280,158,32,163,51,311,58,68,325,197,71,200,329,73,205,78,81,210,214,86,87,89,218,88,215,98,101,231,104,237,109,115,116,120,249,250,251
7,264,265,266,269,282,283,158,32,168,51,64,194,68,69,198,71,70,74,75,79,81,210,86,215,87,88,89,249,106,107,109,241,244,116,248,121,250,253,254
258,262,7,264,265,277,282,155,284,158,32,163,51,194,68,70,71,74,77,79,81,213,86,87,88,89,97,101,249,105,106,109,114,244,117,116,119,248,121,250,253,254
256,258,262,264,265,269,270,282,284,158,32,163,44,51,58,68,69,70,71,74,77,205,79,81,210,84,86,87,88,89,215,98,105,106,107,109,241,244,116,119,248,249,253,254
258,266,13,270,282,158,32,163,44,51,58,64,68,325,71,74,75,205,81,210,85,214,86,87,88,89,215,92,91,98,101,231,105,106,107,109,244,116,248,249,250,254
7,264,266,18,275,20,278,283,155,158,163,172,51,194,67,68,69,325,70,71,74,75,79,81,82,86,87,88,96,249,104,106,109,111,241,242,115,244,117,116,121,250,251,254
256,257,258,260,262,264,11,269,270,15,17,21,282,158,32,163,51,58,64,68,69,70,198,71,74,75,77,205,81,210,86,87,88,89,98,106,109,241,244,116,119,248,252,253,254
259,7,264,263,269,270,282,283,158,32,51,313,194,68,69,70,71,74,75,77,79,81,210,86,87,88,89,121,106,107,109,241,114,243,244,117,116,248,249,250,253,254
258,7,264,265,266,9,282,283,158,32,163,42,51,187,64,194,68,69,70,71,72,74,75,76,77,79,208,81,86,87,88,95,249,106,109,241,244,116,248,121,250,253,254
256,264,266,269,270,282,283,158,32,163,166,45,174,51,64,68,69,70,71,74,75,205,81,210,214,86,87,88,89,98,104,106,107,109,114,243,244,116,248,249,250,251,253,254
256,258,261,264,269,270,277,282,284,158,32,163,44,51,58,64,68,69,70,71,74,75,77,205,81,210,86,87,88,89,215,120,92,97,98,106,109,241,244,116,119,248,249,250,252,254
264,266,267,18,275,283,158,32,163,44,51,56,58,319,67,68,69,325,71,72,74,75,205,81,210,213,214,215,86,87,88,89,94,98,104,106,109,241,243,244,116,249,250,254
266,270,142,283,158,160,32,163,170,51,186,58,189,191,68,325,198,71,330,75,205,207,81,210,213,86,87,88,89,92,106,107,109,241,242,116,119,120,250,251,254
5,7,264,265,266,144,282,283,155,158,51,188,194,68,69,325,70,72,71,74,75,79,81,86,87,88,121,98,106,109,241,243,244,117,116,248,249,250,253,254,127
258,2,264,265,266,270,280,282,283,284,158,168,173,51,53,189,68,69,70,199,71,201,74,75,207,81,86,87,217,120,249,106,109,241,244,116,119,248,121,250,252,253,254
258,259,264,265,269,270,282,283,284,158,32,163,43,51,59,68,69,70,71,74,76,77,205,81,210,84,86,87,88,89,92,106,107,108,109,241,244,116,117,119,248,253,254
0,9,16,17,21,279,27,158,159,32,35,164,163,166,39,44,46,49,178,51,55,57,58,62,63,65,68,71,73,205,81,210,85,86,87,88,89,90,215,98,102,232,106,109,116
258,7,11,268,270,16,277,280,282,158,32,163,43,51,58,64,68,70,71,73,74,77,205,80,81,210,84,86,87,88,89,97,98,101,105,106,109,114,244,116,119,120,251
258,264,265,266,282,283,158,32,290,166,168,43,174,51,64,195,68,69,198,73,74,205,208,81,210,211,86,87,88,89,94,98,103,106,107,109,241,244,116,119,248,249,253,254
257,10,266,268,270,16,275,20,277,278,280,156,158,32,51,187,194,68,325,329,73,75,202,205,81,210,214,86,87,89,215,88,101,104,237,109,242,115,244,116,119,120,250,251
256,258,262,7,264,11,269,270,155,158,32,163,166,51,58,64,194,68,69,70,71,74,77,79,81,214,86,87,89,88,121,99,101,105,106,109,244,116,248,249,250,251,253,254
7,264,265,144,282,283,284,158,32,43,51,180,188,194,68,69,70,71,198,74,76,77,79,81,84,86,87,88,92,95,105,106,109,112,244,117,116,248,121,253,254
256,257,258,259,262,263,264,268,269,270,272,282,158,31,32,163,51,54,58,66,68,71,74,77,205,81,210,84,86,87,88,89,98,99,109,114,244,116,119,250,251,252
264,265,266,11,282,283,284,158,32,163,44,51,58,68,69,71,74,75,76,77,205,79,208,81,210,86,215,87,88,89,98,249,106,107,109,241,244,116,248,121,250,253,254
7,9,12,269,270,271,147,280,282,158,32,168,43,51,315,194,68,198,71,330,76,77,79,81,86,87,88,89,90,222,99,105,234,106,237,109,241,116,117,247,121,251,254
264,266,281,283,158,32,163,51,186,58,64,324,69,198,325,72,68,74,203,71,77,205,208,81,210,84,214,215,86,87,88,89,98,126,249,106,109,243,244,116,248,121,250,254
261,263,266,270,277,278,282,283,158,32,163,44,51,58,68,69,70,71,74,75,77,205,81,210,86,87,88,89,215,92,97,98,109,114,244,117,116,120,249,250,251,254
257,258,260,7,10,270,16,278,280,156,158,32,46,51,54,194,68,71,329,73,81,84,86,87,88,89,218,216,91,97,101,102,231,106,237,109,116,119,120,251
256,258,264,265,269,282,155,284,158,32,168,43,51,182,195,69,70,71,72,74,76,77,205,206,81,210,84,87,88,89,91,92,97,98,99,105,106,109,114,115,244,247,248,122,253
7,264,265,266,268,13,270,277,282,283,158,163,51,194,68,69,198,71,70,74,75,77,81,86,215,87,88,249,106,109,241,242,243,244,117,116,247,248,121,250,254
258,259,260,262,263,264,7,268,270,272,277,155,158,31,163,51,194,68,70,71,74,75,77,79,81,86,87,88,89,95,121,99,106,109,241,244,116,120,249,250,251,252,254
256,264,269,282,284,158,32,168,43,51,187,62,68,70,198,71,74,202,77,205,208,81,210,84,86,87,88,89,92,97,98,105,106,109,114,244,117,116,119,248,254
258,270,277,278,282,158,32,163,166,168,44,51,68,70,71,74,77,205,81,210,84,86,215,87,88,89,92,97,98,99,126,101,105,106,109,112,114,244,117,116,248,250,254
257,258,261,264,266,270,277,278,158,32,163,51,313,58,68,69,71,72,74,75,205,81,210,86,87,88,89,92,93,98,101,249,104,107,109,243,244,117,116,248,121,250,254
256,257,258,262,7,10,270,277,278,28,158,32,168,51,188,194,68,69,70,71,74,75,79,81,210,86,87,88,89,94,97,121,106,109,114,244,116,120,249,250,251,254
7,264,265,266,141,282,283,155,158,163,51,194,324,69,70,198,72,68,74,71,76,77,81,85,86,215,87,88,94,98,249,106,109,241,113,243,244,117,116,248,121,253,254
5,264,265,266,270,142,277,278,158,32,163,51,58,64,68,69,325,71,74,75,205,79,81,210,212,86,87,88,89,94,95,98,101,104,107,109,243,115,244,116,249,250,251,254,127
264,8,266,142,146,275,20,21,23,282,283,27,157,158,164,36,166,168,178,51,68,69,71,74,75,76,77,81,86,87,88,119,99,105,106,109,244,117,116,118,248,249,250,253,254
3,266,267,12,11,142,18,275,146,19,20,281,155,283,157,158,32,168,172,51,313,68,69,327,330,207,79,80,81,210,214,86,87,88,89,104,106,109,241,242,244,116,118,253
3,7,10,12,13,270,16,19,282,158,163,51,53,189,194,68,325,70,71,329,202,74,73,75,81,214,86,215,87,88,101,106,235,237,109,116,117,121,251
266,10,16,18,275,277,283,158,32,163,44,51,311,58,189,64,68,325,69,71,73,202,75,205,81,210,214,86,87,88,89,215,98,249,104,106,109,242,244,116,121,250,251,254
264,265,266,15,273,146,282,283,158,32,163,44,51,320,68,69,198,71,72,74,76,205,81,210,86,215,87,88,89,91,98,249,106,107,109,241,116,119,248,121,253,254
257,258,260,270,280,283,158,32,163,166,44,51,58,68,325,71,74,75,77,205,81,210,84,214,86,87,89,88,215,98,99,101,106,107,109,241,244,116,119,120,250,251,254
258,259,266,270,277,278,158,32,163,51,180,58,68,70,71,74,75,205,81,210,86,87,88,89,92,97,98,104,108,109,111,112,114,115,244,117,243,116,120,249,250,251,254
7,264,265,266,11,270,144,18,19,277,278,283,155,158,163,51,180,194,67,68,69,70,71,74,75,81,86,87,88,96,121,106,109,112,115,244,117,116,249,250,251,254
258,264,269,270,282,283,284,158,32,163,51,309,58,60,68,69,70,71,74,75,330,77,205,80,81,210,86,87,88,89,120,97,98,106,109,241,114,243,244,117,116,248,249,250,254
258,7,264,17,146,23,282,283,27,284,155,158,32,163,166,43,51,194,68,70,71,74,76,77,205,81,210,84,86,87,88,89,92,99,105,106,109,241,244,116,119,248,121,253,254
11,270,272,280,282,283,26,158,32,163,168,43,51,58,64,68,325,69,71,74,75,205,81,210,214,86,87,88,89,97,98,101,106,107,109,241,244,116,119,120,250,251,253,254
257,258,260,11,270,142,22,280,282,283,284,158,32,163,42,43,51,187,68,69,71,74,77,205,208,81,210,84,86,87,88,89,101,106,107,109,241,244,116,119,120,252,253,254
258,260,264,11,269,153,282,283,284,158,32,163,43,51,182,58,68,69,70,71,74,77,205,81,210,84,86,87,88,89,215,92,120,98,106,109,241,244,116,119,248,253,254
258,262,264,265,266,268,277,282,283,158,32,163,178,51,58,68,69,70,71,72,74,75,77,205,81,210,86,87,88,89,215,120,97,98,249,106,109,242,244,116,248,121,250,253,254
258,263,264,265,266,274,282,283,158,32,163,51,58,64,66,68,69,198,71,74,75,76,77,205,81,210,86,87,88,89,98,249,106,107,109,241,244,116,248,121,252,253,254
1,260,137,266,11,269,270,275,280,281,283,158,32,163,170,51,64,68,325,69,71,75,205,81,210,214,86,87,88,218,89,94,101,104,106,107,109,241,116,119,120,250,251,254
259,262,7,270,271,277,155,156,158,32,163,51,58,194,68,325,70,71,200,74,75,77,79,81,210,86,214,87,88,89,97,121,234,106,109,112,114,243,115,116,249,250,251
260,11,270,146,280,283,284,158,32,163,168,170,43,51,191,68,325,197,326,71,75,77,205,81,210,213,86,87,88,89,92,98,106,107,109,241,243,244,116,119,120,251,253,254
258,264,265,266,282,283,158,32,163,44,51,64,68,69,70,71,74,75,205,80,81,210,84,86,87,88,89,215,98,249,106,107,109,241,244,117,116,248,121,250,253,254
6,7,265,9,13,143,144,146,279,154,155,156,157,158,32,160,161,164,36,168,169,173,301,302,175,304,179,180,53,181,51,189,321,324,208,209,82,213,86,215,87,90,106,116,121
2,135,11,15,144,146,18,148,26,283,154,155,157,158,160,161,32,163,166,167,172,173,175,304,179,180,51,181,316,189,191,192,324,196,198,69,327,330,202,203,208,214,87,106,253
264,266,15,144,146,148,149,154,155,158,159,160,32,166,167,171,172,175,179,180,182,185,316,317,64,193,324,69,198,203,209,82,212,213,85,215,87,95,106,114,121
141,148,149,152,153,154,158,292,293,294,295,296,167,166,299,171,172,170,303,301,174,306,307,179,175,310,182,184,177,213,215,226
1,129,9,143,144,145,274,146,147,148,149,153,154,155,157,158,160,161,293,166,167,296,297,170,171,172,174,47,175,177,179,180,187,316,66,195,326,327,206,207,209,211,213,215,217,226
5,11,141,144,273,146,18,272,150,152,153,155,158,160,161,296,297,42,170,300,175,177,306,179,180,51,182,307,316,317,191,324,69,198,202,203,330,206,87,98,253
142,143,144,145,275,148,149,154,155,158,160,292,293,166,295,167,297,170,299,171,173,172,303,174,175,179,180,51,310,311,312,184,186,316,189,319,327,330,207,213,87,226
3,137,10,12,142,271,144,147,148,22,155,156,157,158,160,161,167,170,172,174,175,304,177,179,180,53,51,311,310,184,315,189,323,196,200,330,214,87,218,223,231,237
265,266,15,143,16,18,146,144,148,22,151,150,152,155,158,159,32,160,163,165,168,297,42,51,180,182,187,189,64,320,69,198,71,330,208,209,215,87,90,121,106,249
3,7,10,13,15,144,16,18,19,20,146,275,155,156,157,158,32,160,161,163,167,172,173,302,175,304,50,179,180,53,181,311,51,64,194,325,202,81,85,214,87,217,222,235,240
3,4,12,142,271,143,144,146,148,149,26,154,155,158,160,292,293,166,167,298,171,170,172,174,175,304,303,177,179,180,310,312,184,315,188,319,192,323,196,200,214,87,227,237,242
3,8,14,144,275,148,24,154,155,157,158,160,161,32,163,166,167,172,173,175,304,305,51,179,180,181,183,311,58,189,193,321,327,201,80,210,87,88,217,221,103,236,246,118
12,142,143,144,16,18,19,22,281,154,155,157,158,160,161,163,167,39,168,296,172,175,178,179,180,53,51,307,312,189,190,324,327,330,207,213,215,87,221,96,226,106,236,242,118
141,143,144,18,146,147,148,149,152,154,155,158,159,32,160,293,294,295,167,297,296,299,171,172,166,303,175,176,178,179,180,312,184,316,317,319,327,213,87,88,226
5,134,266,267,141,142,144,148,152,154,155,157,158,160,292,166,295,167,296,170,171,172,300,299,174,175,179,307,308,182,310,180,184,316,317,319,324,330,215,226
3,5,142,144,274,146,148,154,155,29,157,159,288,160,158,161,165,39,167,168,170,300,172,302,173,175,305,178,179,180,181,56,313,317,193,201,330,87,90,220,221,227
15,144,273,146,148,149,154,155,157,158,160,161,165,293,294,167,297,42,296,166,172,301,173,175,174,179,180,181,313,317,191,320,198,326,330,76,206,208,87,90,229,106,110,253
1,4,6,9,13,142,144,146,147,148,149,155,158,159,160,161,168,169,170,44,172,174,175,304,178,179,180,53,54,310,187,63,195,198,327,206,209,215,92,105,106
265,142,15,144,16,150,151,152,22,282,155,28,158,159,160,161,163,165,168,42,175,51,180,179,182,317,320,321,64,324,68,198,71,72,73,76,209,215,87,90,105,106,248,121
134,141,144,146,147,148,149,150,152,153,154,155,158,159,32,160,293,166,167,296,171,299,172,174,175,177,306,179,180,314,316,317,319,322,327,213,87,221,226
6,7,265,13,142,15,144,16,18,148,155,157,158,160,163,168,170,172,173,174,175,50,179,180,53,309,181,310,51,189,317,320,325,198,330,86,215,87,106,240,116,117,121,254
3,10,12,142,144,275,147,148,22,154,155,158,292,166,167,295,170,299,172,174,303,175,177,179,307,180,310,311,312,308,184,201,330,207,221,223,226,237,242
128,141,142,143,144,145,148,149,152,154,155,158,32,160,292,293,166,295,167,296,170,299,171,172,174,303,175,179,180,51,310,184,316,327,213,87,226,242
10,266,12,13,15,16,273,275,19,150,151,152,22,30,158,32,159,34,35,165,37,167,168,297,44,174,303,304,175,179,52,309,311,189,64,199,329,73,202,330,216,88,89,237
3,265,266,13,15,144,273,18,150,151,152,155,30,158,32,159,160,161,34,165,163,168,43,175,50,51,180,309,181,179,320,64,72,73,330,87,90,106,111,112,117,121
141,144,274,148,149,281,154,153,155,29,158,159,160,161,293,166,167,296,299,300,171,174,172,175,305,306,307,179,180,310,51,182,313,314,183,87,220,221
5,135,141,142,144,275,148,149,154,155,158,160,292,166,295,167,170,299,172,174,303,175,305,179,180,310,312,313,184,316,188,319,327,207,87,221,98,226,242
2,3,7,12,143,144,18,19,20,148,22,155,157,158,160,161,163,167,297,172,301,173,302,304,175,178,179,180,53,181,51,312,190,194,213,214,87,88,217,221,222,235,236,242
2,144,18,146,148,274,19,147,281,154,155,29,157,159,160,158,161,35,294,167,42,172,302,174,175,305,179,180,51,307,308,184,313,181,317,67,69,87,221,98,227
134,141,16,144,275,148,150,151,152,154,155,158,159,34,165,166,167,295,296,297,171,300,299,168,303,172,175,179,51,180,182,311,186,73,202,329,81,213,87,226
2,3,7,12,13,143,144,146,19,18,155,157,158,160,161,38,167,40,296,298,173,175,304,179,180,53,181,51,312,307,189,61,324,327,330,207,209,87,217,93,94,106,235,240,242
5,12,141,142,144,18,275,148,149,154,155,158,160,292,166,167,170,172,302,174,175,305,303,179,180,51,310,311,312,313,184,188,319,67,327,207,87,221,223,96,98,242,127
6,265,266,9,13,142,15,144,146,18,19,148,155,157,158,32,160,297,170,172,173,174,175,304,178,179,180,53,181,310,51,189,64,327,330,86,215,87,88,222,106,234,121
12,144,275,20,147,148,149,153,154,155,156,158,32,160,294,167,166,171,172,174,175,179,307,180,308,311,51,184,189,319,64,325,327,199,329,202,209,213,214,87,217,237
129,7,15,144,17,146,274,18,155,157,158,160,32,161,165,167,297,42,171,169,172,173,302,304,49,175,179,180,181,51,311,57,192,65,206,82,87,90,229,112
7,264,265,144,146,18,148,154,155,157,158,160,32,161,163,166,167,297,171,172,173,175,179,180,181,51,314,58,317,320,194,324,327,330,203,209,82,213,215,87,106,121
265,266,15,144,18,146,20,148,154,155,157,158,32,160,161,163,166,167,172,173,175,304,179,180,51,181,185,58,64,71,75,209,82,210,85,213,215,214,87,90,104,106,117,121,250
266,15,18,19,275,148,150,151,158,159,32,162,165,168,171,172,173,301,175,50,51,311,61,189,321,194,193,330,203,209,212,85,86,87,95,111,240,114,115,116,117
0,1,6,7,9,265,15,144,146,147,155,157,158,159,160,161,163,167,168,169,172,173,175,49,50,179,180,181,51,62,321,194,68,71,209,82,85,87,90,224,110,112,121
143,144,145,148,149,153,154,155,157,158,160,161,293,166,295,296,297,167,299,171,170,172,301,174,175,179,180,51,310,312,316,317,319,322,324,327,209,213,87,221,226,236
4,144,146,274,147,148,150,151,152,155,158,159,165,167,168,42,43,172,175,304,50,179,180,51,182,317,62,320,198,74,204,206,82,211,213,214,215,87,90,99,102,110,248
264,266,144,148,149,152,153,154,155,158,160,32,161,293,166,167,171,172,174,175,179,180,51,307,187,316,317,319,64,324,69,326,327,330,203,209,213,87,226
142,143,144,18,19,147,146,22,148,155,158,159,160,297,170,172,173,174,175,178,179,180,53,51,310,312,313,184,189,327,330,75,207,87,88,98,106,237,241,242
5,141,142,144,18,148,149,154,155,158,160,292,293,166,295,167,170,299,172,300,171,303,174,305,175,179,180,310,184,313,319,327,87,221,226,98,242
128,129,130,3,131,5,134,135,132,137,10,11,12,13,133,136,138,139,146,140,20,16,286,288,289,290,291,43,304,189,64,196,325,329,202,213,214,237,122,123,124,126,127
128,129,130,131,132,133,134,135,136,138,139,140,144,285,286,287,288,289,290,180,192,208,122,123,125,126,127
128,129,130,131,132,133,134,135,136,138,139,140,143,152,154,285,286,287,288,290,291,293,295,167,296,299,171,303,307,179,310,184,195,326,213,226,122,123,124,126,127
128,129,130,131,132,133,134,135,136,137,138,139,140,152,286,287,288,289,290,291,294,295,167,166,299,171,303,175,306,307,308,182,310,184,326,202,226,122,123,124,126,127
128,129,130,131,132,133,134,135,136,137,5,139,140,138,285,286,287,288,289,290,291,202,122,123,125,126,127
128,130,131,132,133,134,135,8,137,138,139,140,13,136,17,146,21,23,27,289,290,161,164,42,43,44,178,180,55,57,191,192,65,324,196,202,203,208,92,122,123,127
128,129,130,131,132,133,5,134,136,135,138,139,140,285,286,287,288,289,290,201,221,122,123,125,126,127
128,129,130,131,132,133,134,135,136,138,139,140,13,146,285,286,32,289,290,288,161,168,42,314,317,318,64,192,322,324,75,76,208,82,215,122,123,125,127
128,129,130,131,132,133,134,4,136,135,138,139,140,23,27,285,286,288,290,44,57,63,192,206,208,122,123,125,126,127
128,129,130,131,132,133,134,135,136,139,140,279,152,154,285,286,32,288,290,291,292,167,168,41,171,299,314,317,318,193,324,199,203,210,215,95,122,123,124,126,127
128,129,130,131,4,133,132,135,134,136,138,139,140,146,23,27,285,286,288,161,290,291,164,44,178,55,57,62,192,206,208,122,123,125,126,127
128,129,130,3,131,132,133,135,134,137,10,136,12,140,138,139,151,286,288,289,290,291,165,304,50,53,311,188,189,196,329,202,214,217,222,237,239,122,123,126,127
128,129,130,131,132,133,134,135,136,139,140,152,153,154,285,286,288,289,290,291,292,167,295,171,299,303,184,318,319,322,206,208,213,215,226,118,122,123,124,126,127
128,129,130,131,132,133,134,135,136,138,139,140,285,286,287,288,289,290,158,32,39,313,314,317,189,319,322,327,201,330,207,221,122,123,125,126,127
128,129,130,131,132,133,134,135,136,137,138,139,140,285,286,287,288,289,290,291,221,122,123,125,126,127
128,129,130,131,132,133,134,135,136,137,3,139,140,138,285,286,288,289,290,291,221,235,122,123,125,126,127
128,129,2,130,131,132,133,134,135,136,138,139,140,143,22,285,286,32,288,290,168,301,173,49,51,53,312,62,66,207,209,82,213,215,87,222,232,235,236,242,122,123,125,126,127
128,129,130,131,132,133,134,135,136,137,266,138,139,140,20,285,286,288,289,290,168,53,312,189,319,64,322,324,327,207,209,82,213,214,215,222,234,236,122,123,125,126,127
128,129,2,3,130,131,132,133,134,135,266,136,138,13,139,140,146,18,20,285,286,32,289,288,290,168,304,49,48,53,317,64,324,209,82,213,215,222,232,107,236,122,123,125,126,127
128,129,130,131,132,5,133,135,134,137,266,136,138,139,140,146,20,285,286,32,289,288,290,304,312,319,64,324,325,202,75,207,213,214,215,217,113,122,123,125,126,127
128,129,130,131,132,133,134,135,136,138,139,140,152,154,285,286,288,290,291,292,293,294,295,167,299,171,303,175,307,179,310,184,186,319,199,213,226,122,123,124,125,126,127
128,129,130,131,132,133,134,135,136,137,138,139,140,285,286,287,288,289,290,173,199,217,221,122,123,125,127
128,129,130,131,132,133,134,135,136,139,140,17,146,23,27,286,160,161,290,288,42,43,44,49,178,180,55,57,191,192,63,324,196,197,76,208,122,123,127
128,129,130,131,132,133,134,135,136,137,138,139,140,285,286,287,288,289,290,291,221,235,122,123,125,126,127
128,129,130,3,131,5,132,135,133,137,134,136,138,139,140,285,286,288,289,290,304,53,312,189,319,322,324,212,213,214,215,87,217,221,222,235,236,122,123,125,126,127
128,129,130,131,132,133,134,135,136,138,139,140,17,23,27,285,286,287,288,290,42,44,57,192,208,122,123,125,126,127
128,129,130,131,132,133,134,3,136,135,138,139,140,154,285,286,287,288,289,290,291,221,122,123,124,125,126,127
128,129,130,131,132,133,134,135,136,137,10,138,12,139,140,20,22,156,285,286,32,289,290,288,304,51,53,311,325,329,214,87,222,231,234,235,123,237,240,122,251,125,126,127
128,129,130,131,132,133,134,135,136,138,139,140,148,152,154,285,286,288,290,291,292,293,294,295,296,166,167,299,171,303,175,306,307,308,310,184,199,226,122,123,124,126,127
128,129,130,3,131,132,134,133,135,136,138,139,140,146,152,154,285,286,287,288,289,290,291,167,171,314,316,188,319,322,324,326,202,208,217,221,122,123,125,126,127
9,27,158,32,161,51,186,187,188,316,189,191,192,64,319,194,324,325,198,199,326,327,197,200,76,201,202,205,208,209,207,210,212,213,214,215,87,249
3,137,10,12,16,19,275,158,170,302,51,311,186,187,191,192,194,323,67,197,199,200,329,202,201,205,206,207,208,209,210,212,213,214,87,215,216,218,231,233,235,237,239
146,42,312,313,314,186,316,189,317,191,192,319,187,194,324,195,326,198,327,197,199,203,200,201,202,207,208,209,205,206,80,213,210,215,212,214,216,110
266,158,51,53,312,186,187,316,189,319,64,191,322,194,324,325,198,327,199,192,197,200,201,202,205,207,206,209,208,210,212,213,214,215,87,217,216,249
3,260,145,158,287,34,297,51,312,186,187,316,317,189,319,315,191,322,194,324,323,197,199,327,328,201,203,202,205,207,208,209,210,213,214,215,216,217,87,236
158,32,51,312,186,314,316,189,187,319,192,64,191,194,324,325,326,199,327,198,202,203,197,201,205,207,208,209,210,212,213,214,215,87,216
266,158,34,51,186,314,187,319,64,321,194,322,324,325,191,199,197,72,201,203,202,74,205,207,208,209,82,210,212,213,214,215,216,217,87,104,249,250,251
3,10,12,275,158,34,51,311,186,187,189,319,191,321,194,322,196,325,197,199,327,329,202,73,201,200,206,205,207,208,209,210,212,213,214,87,216,215,237,239
10,275,151,158,32,34,51,186,187,189,319,64,321,194,191,324,325,326,199,192,329,202,73,197,201,205,207,208,209,81,210,212,213,214,215,87,251
3,11,12,32,34,167,187,189,319,64,191,322,194,196,325,324,198,192,329,202,73,197,326,199,327,201,205,207,208,209,213,214,215,216,217,210,94,237
3,158,34,51,312,313,186,187,316,317,189,319,320,191,322,195,324,325,198,327,194,197,199,203,201,202,205,207,208,209,210,211,213,214,215,87,217,245
135,11,151,152,158,34,43,51,180,186,187,191,64,194,196,325,70,324,197,329,202,73,74,199,72,201,208,81,205,78,207,209,214,210,216,213,87,215,94,97,101,251
265,9,13,152,158,32,51,180,314,187,316,189,186,191,192,320,319,194,324,325,198,199,197,201,202,203,76,205,207,208,209,210,212,213,214,215,87,216,248
3,12,146,167,51,314,187,316,189,319,192,64,322,191,324,325,326,199,327,194,202,197,70,201,205,207,208,209,210,213,214,215,87,217,241,121,253
264,146,158,32,51,309,313,314,186,316,189,187,191,192,319,194,195,197,326,327,199,328,202,330,76,201,205,207,208,209,210,82,213,214,215,87,94,229,106,241,253
3,134,24,281,154,158,297,305,51,183,312,58,186,187,319,191,322,194,324,197,327,199,201,202,205,207,80,209,208,210,212,213,215,88,87,221,103,236,245,246
3,5,266,12,18,275,22,158,172,51,53,312,313,186,187,189,318,319,191,322,67,194,325,197,327,198,199,201,202,205,207,208,209,210,213,214,87,215,217,223,96,242
256,0,269,150,279,158,32,165,42,50,51,180,55,185,314,186,187,191,321,194,197,198,199,200,201,202,203,204,205,207,208,209,210,84,212,213,214,216,87,90,91,215,102,118
1,143,161,297,173,312,186,187,316,189,319,63,191,322,192,324,194,326,327,328,195,197,199,200,201,206,207,208,209,202,205,210,213,212,215,214,216
158,51,312,314,186,188,316,189,191,192,319,322,187,324,325,326,199,196,198,202,203,197,200,201,207,208,209,194,205,206,213,214,210,212,87,215,216
152,158,32,34,51,186,187,316,317,189,319,64,321,322,194,324,325,198,199,191,329,73,192,197,326,201,202,204,209,205,207,208,213,214,215,216,217,210,87,236
3,4,146,148,155,158,161,304,176,51,57,186,187,316,319,192,191,194,195,196,324,326,327,328,197,199,200,201,202,206,205,207,209,208,211,210,213,212,87,215,217,216,227
129,2,3,12,24,158,38,302,51,183,312,186,187,189,191,194,197,199,327,201,200,202,205,207,80,209,208,210,212,213,87,88,217,215,216,221,223,103,236
3,5,137,11,12,275,19,155,36,170,172,304,51,182,312,187,189,318,191,194,195,197,325,199,201,202,205,207,208,81,210,211,209,213,214,87,215,218,223,231,233,107,237
146,158,32,43,51,180,186,187,316,189,317,191,192,320,194,324,197,198,326,199,200,201,203,76,202,206,205,208,209,207,210,212,213,214,215,87,216,92,106,248
3,4,135,268,272,27,158,31,289,34,48,49,51,55,57,186,187,191,192,321,66,194,197,199,201,202,203,205,206,79,207,208,210,211,209,213,214,87,215,216,217,99,232
12,18,275,24,154,302,305,51,183,312,313,187,191,194,67,197,198,327,199,201,202,205,207,80,208,209,210,213,215,88,217,87,221,223,96,98,103,242,246
15,16,146,158,34,163,168,51,180,187,189,63,64,321,194,192,324,325,198,326,191,329,202,203,197,199,206,201,204,209,205,207,208,85,214,210,216,217,213,87,215
266,158,32,51,312,186,187,316,189,319,64,321,194,191,324,325,198,199,327,197,200,203,201,202,205,207,208,209,210,212,213,214,215,87,217,89,216,250
3,145,158,34,168,51,186,187,316,189,318,319,191,321,322,194,324,325,197,199,200,201,202,203,205,206,207,208,209,210,212,213,214,215,87,217,216
3,13,15,146,279,158,42,51,314,186,188,189,316,317,187,321,193,322,324,191,198,199,194,73,202,203,201,197,200,205,208,206,210,207,81,209,212,213,87,215,216
2,146,290,166,180,53,59,316,317,187,191,192,64,321,322,324,319,198,326,194,68,202,203,76,197,199,201,208,205,209,210,213,214,215,103,107,110,248
3,133,12,146,29,290,165,314,186,188,189,187,191,192,194,195,196,325,326,197,200,201,202,199,205,206,207,208,209,210,212,213,214,215,216,217,221,227,233
3,266,16,32,34,163,168,63,51,187,189,61,319,64,321,194,322,324,325,198,199,191,329,73,197,201,202,204,205,207,209,208,210,213,214,215,216,217,85,87,89
7,264,265,13,146,282,156,158,42,43,51,186,187,316,317,189,191,320,64,321,194,324,197,198,199,328,201,202,203,205,207,208,209,210,213,215,87,216,106,110,248,121
10,146,151,28,158,34,51,186,187,316,188,191,64,192,322,321,324,325,319,199,194,197,202,203,201,205,207,208,209,210,212,213,214,215,87,217,216
257,258,260,9,13,206,151,158,180,309,186,187,191,64,194,325,198,197,72,329,74,73,199,200,201,202,77,205,207,208,209,210,214,215,212,89,213,87,216,101,107,244,248
135,10,270,16,275,151,158,40,42,304,177,51,311,187,188,189,191,64,194,196,325,197,199,73,329,202,201,205,207,208,81,209,210,213,214,87,216,215,237,240,251
3,266,275,20,158,32,51,312,186,187,316,189,319,191,322,194,324,325,197,327,198,199,200,201,202,205,207,208,209,210,212,213,214,215,87,217,216,104,236,242
13,158,34,168,51,312,186,187,316,189,318,319,320,321,322,194,324,325,198,199,191,197,200,203,201,202,205,206,207,209,210,208,212,213,214,215,87,216
146,25,158,32,51,312,313,314,186,316,188,189,319,192,191,322,187,324,194,326,327,199,197,202,203,201,205,207,208,209,210,212,213,214,87,215,217,216,253
143,158,186,51,312,314,187,60,316,317,188,189,193,322,319,324,325,191,199,327,201,194,203,197,202,205,207,208,209,210,212,213,215,87,217,216,221
129,3,13,18,19,146,281,154,158,159,34,292,41,302,51,313,314,187,318,191,194,67,197,198,327,199,201,202,205,207,208,209,210,213,215,87,221,95,96
3,4,135,268,12,272,146,27,158,31,51,57,186,187,191,192,66,195,196,194,326,197,199,200,202,203,201,205,206,79,208,207,209,211,210,212,214,213,87,217,215,216,232
3,4,146,274,148,27,155,158,159,297,42,176,51,55,57,314,186,187,191,192,194,195,196,197,326,327,328,199,200,201,202,205,206,207,208,209,210,211,212,213,87,215,216
3,4,135,11,12,271,146,26,158,304,51,55,57,186,187,316,191,192,66,323,196,194,324,197,200,328,202,199,201,205,206,79,207,208,209,211,210,213,214,87,215,94,233
143,158,168,51,52,312,186,187,316,189,317,191,319,322,194,324,197,198,327,328,326,199,200,201,202,206,207,208,209,205,210,212,213,215,87,217,216
9,13,158,32,51,180,186,187,316,318,319,320,192,322,321,324,191,198,199,327,194,197,201,76,202,206,205,208,209,210,207,213,214,215,87,98,248
3,10,12,275,158,51,311,312,186,187,316,189,319,191,194,196,325,197,199,326,329,202,200,201,205,207,208,209,210,212,213,214,215,87,217,216,223,231,237,251
0,3,12,158,289,34,53,312,186,187,316,189,60,319,191,322,194,324,325,198,327,199,197,201,202,205,207,208,209,210,213,214,215,216,217,85,87,236
3,135,137,10,12,16,19,275,158,170,304,51,311,186,187,191,192,194,196,197,325,199,200,329,202,201,205,206,207,208,209,210,212,213,214,87,215,216,218,231,233,235,237
275,151,158,34,51,311,186,187,316,189,319,191,321,194,192,196,325,197,199,200,329,202,73,203,201,205,206,207,209,208,210,212,213,214,215,216,217,87,251
0,256,3,150,279,158,51,55,314,186,316,317,187,191,192,321,65,194,197,198,199,328,200,201,203,204,202,206,205,207,209,210,208,212,213,87,216,215,91,220,102
146,283,158,32,51,312,313,186,314,316,189,187,319,191,194,324,325,198,326,197,199,330,202,203,205,201,207,208,209,210,212,213,214,215,87,216,106,241
3,266,13,34,186,187,318,191,64,321,194,322,324,325,68,192,195,197,199,203,75,200,201,202,205,209,206,207,208,213,214,85,215,217,210,212,216,87,94,244,250
3,135,12,271,147,19,158,32,170,51,311,186,315,188,189,187,191,194,323,196,325,197,199,200,201,202,329,205,207,208,209,210,212,213,214,87,215,216,233,237,239
158,32,34,51,312,186,187,316,317,189,319,64,191,322,194,324,325,326,199,327,198,197,203,200,201,202,207,205,209,208,210,212,213,214,215,87,217,216
13,142,158,292,41,51,186,314,187,189,318,319,191,322,194,324,325,198,199,327,197,201,202,200,205,207,208,209,210,212,213,214,215,87,216,95,116
146,158,51,186,187,316,189,319,192,64,322,191,324,325,198,199,326,329,202,203,197,201,75,76,208,194,210,205,207,213,214,215,209,217,212,87,216
8,14,275,24,32,35,39,47,48,51,183,312,58,187,316,319,191,321,322,192,324,194,323,199,327,197,201,203,202,205,207,80,209,208,210,213,214,215,88,217,87,103,246
3,4,135,12,271,24,158,51,186,315,188,187,191,192,194,323,196,197,199,200,201,202,205,206,207,208,209,210,211,212,213,214,87,215,217,216,223,103,231,237,239
134,8,14,146,24,158,32,51,314,58,188,186,187,191,192,194,324,197,326,199,200,201,202,203,205,206,207,80,208,210,209,212,213,214,87,88,215,216,229,103,246
7,265,142,151,32,51,180,182,186,187,316,317,189,319,320,321,64,322,324,325,198,199,191,329,192,203,197,326,71,201,202,194,210,205,207,208,214,215,209,213,87
3,265,12,13,18,146,19,283,32,51,312,313,187,189,317,190,319,191,192,194,324,67,198,327,197,199,71,201,202,205,207,208,209,210,213,214,215,87,96,106,110,241
128,2,3,12,275,19,22,32,34,163,42,304,53,312,187,189,319,191,192,322,194,321,325,197,199,327,201,202,204,205,207,208,209,210,213,214,215,87,217,223,235,123
137,270,15,275,151,158,34,51,313,186,187,189,319,64,191,194,322,196,325,197,199,329,202,201,205,207,208,209,210,212,213,214,215,216,217,218,87,107,237
3,259,4,135,268,12,272,146,19,158,31,172,48,304,313,187,189,191,66,195,196,194,197,327,200,199,201,202,205,79,207,208,209,211,210,213,214,215,87,217,125
3,135,12,19,158,51,311,312,186,315,187,189,319,191,192,194,196,325,197,327,200,201,202,199,205,206,207,208,209,210,212,213,214,87,215,216,223,227,233,235,237,239
266,158,32,51,186,187,316,189,319,64,192,321,194,324,325,326,199,191,197,202,203,200,201,205,206,207,209,210,208,212,213,214,215,87,217,216,107
266,16,20,158,32,34,163,168,51,187,189,319,64,321,194,322,324,325,198,63,191,197,199,203,201,202,204,205,207,209,82,208,210,213,214,215,216,217,85,87,89,94
3,137,138,10,12,271,280,158,170,51,186,315,59,189,187,191,194,197,199,200,329,73,328,201,202,205,207,208,209,210,212,213,214,87,216,215,91,234,107,237,239
275,158,51,53,311,312,186,187,316,188,189,319,191,194,322,324,325,197,199,327,329,202,326,200,201,205,207,208,209,210,212,213,214,215,87,217,216
3,10,12,143,275,22,158,51,53,311,312,186,187,188,189,318,319,191,194,195,197,327,199,329,330,201,202,205,207,208,81,210,211,209,213,87,215,221,223,236,237,239,242
3,146,158,32,161,42,51,53,313,186,187,188,316,189,191,192,319,194,195,196,324,326,198,327,197,202,203,199,201,206,205,208,207,209,210,213,214,215,87,110,118
266,20,158,32,34,51,312,186,187,189,319,64,191,194,192,324,325,197,199,200,201,202,203,205,206,207,208,209,210,212,213,214,215,87,217,216,249,250
256,3,279,158,165,51,180,55,314,186,187,191,192,321,65,194,324,197,198,199,328,200,201,203,204,76,206,202,205,209,210,207,84,208,212,213,216,87,215,91,102,112
3,5,12,18,19,275,282,158,172,302,304,51,312,313,186,187,189,319,191,194,67,197,327,199,201,202,205,207,208,209,210,213,214,87,215,217,221,223,96,98,242
3,12,145,158,287,289,51,312,186,187,316,189,315,319,191,322,194,324,325,197,199,327,329,202,201,205,207,208,209,210,213,214,87,216,217,215,223,237
3,12,275,158,32,167,312,313,186,187,316,189,319,191,322,194,324,325,197,199,327,329,202,70,201,205,207,208,209,210,213,214,215,87,217,223,237,117,121
4,135,9,12,271,146,156,158,32,38,304,177,57,315,188,187,191,192,194,323,196,197,199,200,201,202,205,206,79,207,208,209,211,210,213,214,215,87,217,233,237
