320,1,0,324,5,133,22,26,218,222,30,32,95,35,229,231,232,170,43,240,52,54,312,316,317,191
5,261,7,329,269,16,276,87,216,88,26,219,28,221,31,106,236,237,46,63,246,56,61,191
3,323,198,327,328,200,6,9,12,24,220,222,288,225,34,226,229,293,233,234,43,236,187,238,50,58,123
322,323,3,7,12,205,22,219,221,31,32,34,229,230,38,236,46,47,48,315,245,56,57,187,61,319
320,0,322,64,5,200,13,20,213,222,30,224,32,34,229,37,231,230,40,44,45,238,52,54,316,317
322,3,4,324,198,12,19,213,24,223,225,34,229,230,39,233,43,239,47,55,315,317,319
0,320,66,261,5,327,9,210,222,30,224,229,37,231,230,234,43,45,238,51,54,313,316,62
320,0,1,3,324,64,15,17,213,21,27,158,222,223,225,32,33,229,313,233,234,238,51,54,121
5,6,327,134,136,198,9,213,23,24,220,222,226,35,293,231,40,43,238,50,53,55,58,187
64,0,66,6,198,8,265,209,281,218,90,284,223,289,227,230,39,231,233,41,43,302,50,118,56
321,193,195,196,66,5,203,206,209,19,23,155,222,32,224,228,230,232,234,109,45,114,51,54,61
64,257,322,1,0,261,262,12,17,22,218,27,222,30,224,225,34,35,229,230,231,232,238,52,248,318
257,258,322,260,66,262,5,267,12,89,222,30,224,33,34,32,229,230,234,44,45,51,245,54,248,122,62
66,5,329,138,10,140,73,266,16,81,275,218,230,231,233,59,43,237,238,239,54,311,58,251
64,1,194,3,324,261,8,12,17,22,23,218,223,33,227,228,229,35,232,238,117,54,120,59,61
320,0,3,4,200,12,17,24,225,34,100,229,101,39,233,43,238,175,47,239,55,314,317
320,66,324,261,5,327,9,271,21,222,30,224,230,231,234,43,45,238,239,243,51,54,313,317,62
257,322,66,260,261,262,5,271,20,89,32,312,229,230,233,234,235,43,44,174,49,50,51,54,248,317
322,323,6,71,7,12,145,219,221,287,97,34,230,38,40,42,236,46,48,56,315,61,319
66,5,73,10,138,140,74,329,16,81,275,160,32,224,230,231,234,44,237,303,49,51,53,246,54,251
3,5,327,136,200,9,17,212,24,222,223,224,226,34,229,230,231,234,43,238,313,187
0,3,4,329,10,138,140,12,271,16,275,24,26,27,34,231,39,233,43,237,239,47,246,55,251
321,193,195,196,129,132,7,203,206,209,19,83,154,31,162,105,235,111,240,112,114,117,53
69,263,264,269,273,274,87,280,89,281,283,225,99,106,241,243,123,252,253,254
256,259,68,261,262,263,5,69,268,269,271,81,274,87,98,99,109,177,242,243,305,313,123,188,127
257,260,261,262,69,264,269,271,79,81,87,89,283,248,106,109,241,243,245,254,312,249,252,253,318
71,8,12,269,77,79,274,21,214,216,27,283,32,99,166,40,42,244,245,187,188,253
257,258,322,260,5,262,71,136,202,267,269,77,271,89,283,32,98,244,245,248,187,188,127
69,198,73,10,74,138,267,271,16,81,80,275,84,87,88,91,103,237,239,51,246,251
257,258,259,261,7,74,268,269,79,80,15,274,276,84,278,280,91,247,283,92,219,93,291,242,116,119
256,257,258,260,261,262,69,264,267,269,271,81,89,283,92,32,97,106,109,114,243,245,254,248,252,318
257,258,260,261,262,69,200,267,271,213,87,89,312,106,243,245,248,249,122,317,318
193,260,261,69,135,264,263,203,270,81,212,85,277,87,92,95,171,107,109,114,115,117,120,250,251
260,69,263,264,73,74,10,266,138,270,81,275,87,283,292,231,237,109,239,246,311,250,251
69,264,265,328,269,79,273,280,281,90,283,284,89,289,227,41,241,50,308,119,252,253,254
69,72,265,264,269,79,274,280,281,90,283,217,289,99,227,41,241,50,182,119,253,254
69,263,267,269,79,80,274,275,88,89,281,283,39,106,47,241,51,245,246,119,252,253,254
259,325,69,71,263,261,266,268,269,271,81,84,87,88,89,284,95,98,104,109,114,115,248,121,190,255
256,320,69,261,264,76,269,143,271,79,277,85,87,283,30,106,110,243,117,120,121,252,253,254
257,258,322,260,261,262,259,199,267,13,271,88,89,93,30,32,35,229,37,44,52,245,248,318
257,258,322,260,261,262,267,271,88,89,93,30,32,34,35,229,230,44,45,180,245,52,248,122,318
256,257,258,259,260,322,262,5,267,278,89,287,230,295,108,109,245,248,249,122,318
256,257,258,322,260,261,262,267,269,271,275,89,281,229,249,39,47,48,245,248,185,122,318
256,257,322,258,260,261,262,324,69,264,269,271,278,87,89,283,93,248,106,243,245,254,312,252,318
257,258,322,260,261,262,324,203,267,271,213,87,89,229,112,243,245,248,249,122,318
65,259,260,263,264,74,266,268,270,79,274,211,278,25,31,99,232,109,47,48,241,250,251,253
320,260,69,261,263,264,269,270,273,85,279,283,96,106,250,243,252,117,249,314,251,316,254
2,66,68,265,79,274,213,86,90,283,284,289,227,103,41,106,302,50,116,119,253,126
70,71,199,201,266,74,73,263,207,88,217,92,160,97,167,49,114,53,121,251,62
257,258,322,260,261,262,259,267,271,80,88,89,184,287,97,229,51,245,246,248,249,122,318
66,259,263,74,268,79,272,211,276,87,31,99,232,109,48,242,313,124,125
256,326,71,269,77,79,208,274,275,276,214,281,283,32,163,39,47,244,245,121,187
257,258,260,261,262,263,264,270,271,89,282,248,250,243,245,117,312,249,122,251,318
256,257,258,323,260,69,262,261,200,74,267,269,142,271,81,275,87,89,98,229,109,239,177,245,248
66,259,68,263,71,74,268,271,272,80,211,276,86,31,99,232,48,116,247,122
3,69,263,328,264,77,269,79,273,278,279,87,281,283,225,106,176,241,304,243,308,117,118,252,253,254
256,192,66,259,71,269,77,79,78,274,83,82,19,214,90,283,96,32,99,102,103,108,113,114,244,245
73,10,74,138,329,202,269,16,81,275,84,281,91,36,39,172,237,47,48,246,311,185,251,189
259,68,7,71,73,74,269,79,275,276,84,86,87,280,91,92,219,289,100,101,237,116,246,247,121
261,69,264,203,269,81,212,277,85,84,87,89,92,93,95,248,98,106,109,243,116,120,121
128,0,1,261,263,141,19,83,85,278,84,281,27,92,94,105,109,111,112,51,117,120,185
257,69,142,271,210,84,20,279,89,281,157,225,39,104,106,170,301,110,241,117,118,245,249,252
69,261,264,269,276,85,277,87,280,216,283,98,106,110,243,244,117,119,121,252,253,254,191
198,263,265,204,269,142,79,274,275,89,281,90,283,285,159,39,47,124,241,245,118,119,252,253,254
65,259,68,5,262,71,200,74,268,79,271,80,275,276,84,86,282,26,91,106,108,109,177,116,246
69,326,71,269,77,79,208,274,213,214,283,32,251,241,244,245,187,253,254,191
256,255,5,69,264,269,79,274,276,87,282,26,284,283,106,110,243,246,252,253,254,191
128,129,130,131,132,261,134,133,136,203,139,140,83,19,85,278,212,285,286,288,290,240,117,123,125
192,128,130,131,132,133,136,265,201,139,140,217,285,286,287,288,289,290,39,42,123,55,56,57,187,125
128,257,129,131,258,260,130,133,134,132,136,267,139,140,89,286,287,288,34,229,122,123,127
128,130,131,132,133,134,136,137,139,140,220,285,286,288,290,122,123,127
128,66,130,131,133,136,137,265,138,139,209,90,31,289,290,41,48,122,123,124,125,126,127
128,130,131,132,133,136,137,139,140,218,285,286,287,288,289,290,291,233,107,123,122,59,125
128,66,259,130,133,131,134,136,137,139,268,140,211,31,288,289,290,291,232,48,123,124,125,126
10,138,142,16,275,147,148,156,184,158,292,297,170,172,237,174,303,239,175,306,307,246,311,310,251
143,144,145,146,147,148,155,157,158,160,292,293,294,295,167,297,169,296,172,302,174,304,175,303,179,310,184
144,145,146,147,149,150,153,155,158,160,293,294,296,297,171,299,301,174,175,305,306,179,307,308,184
258,330,267,143,145,148,89,158,292,295,168,297,170,299,172,174,303,175,110,307,179,309,310,184,122
144,145,147,148,149,153,155,158,293,294,295,296,169,297,299,301,302,175,177,307,308,179
257,330,143,144,145,149,88,155,157,158,34,293,294,295,296,297,301,303,175,178,307,179,309,310,245,181
330,142,144,145,147,148,149,153,155,156,157,158,160,161,167,296,169,298,170,302,174,175,306,178,180,179
330,142,143,144,145,147,148,158,160,292,294,295,296,170,299,172,173,302,175,174,303,307,309,310,184
330,141,144,145,148,149,150,152,153,158,99,167,296,169,299,300,172,302,175,305,177,307,308,309,306,179
71,203,146,147,149,154,155,158,95,164,293,294,104,297,170,171,172,301,168,302,305,306,178,180,179
65,66,265,143,144,145,146,147,90,155,157,158,160,161,164,296,169,299,301,302,175,304,173,180,181
330,142,145,148,156,158,292,166,167,297,170,299,172,173,237,303,174,305,175,307,308,309,310,311,184
197,330,143,208,145,146,147,144,149,155,156,158,164,166,297,169,301,302,304,178,307,180,308,181
5,330,141,142,144,149,150,154,155,158,160,296,170,299,300,172,302,175,174,305,178,306,308,180,186,127
141,142,145,146,147,82,149,150,152,153,158,292,167,296,171,300,174,175,177,178,306,179
330,141,145,148,149,158,164,294,295,296,297,169,299,172,174,175,178,307,308,309,310,184
328,330,141,145,147,148,153,158,294,295,296,299,300,172,174,175,307,308,309,310,184
328,330,141,142,145,147,148,155,158,295,296,169,297,170,172,174,175,307,308,309,184
258,322,260,143,145,148,184,158,248,292,295,297,170,171,172,174,175,303,179,307,309,310,312,122,318
135,10,138,140,16,81,144,275,146,23,155,156,158,160,292,231,169,170,303,175,49,178,179,180,246,311,251
257,322,194,260,324,191,199,200,328,204,205,209,210,213,215,312,103,187,310,248,249,186,315,317,318,319
66,323,194,195,263,199,201,203,268,205,209,210,211,213,215,223,31,99,232,48,313,187,124,191
320,193,194,324,319,199,200,327,201,205,208,209,210,213,215,60,189,314,187,316,317,191
257,322,323,199,200,201,202,12,208,213,214,22,221,30,32,34,35,230,187,52,245,122,315,317,319
320,324,198,199,328,76,205,208,209,210,212,213,215,222,96,162,165,317,186,314,187,316,189,191
257,322,194,324,191,199,200,328,267,205,206,14,209,210,213,215,217,34,315,245,312,187,317,318,319
320,257,322,258,260,195,262,200,205,208,81,210,211,209,213,215,89,312,36,229,187,181,248,315,317,318
191,322,194,324,197,262,199,328,201,205,209,210,213,215,34,312,315,243,248,314,187,316,317,318,319
320,194,324,198,327,199,201,205,208,209,210,212,213,214,215,313,314,187,316,317,318,191
321,193,195,196,194,203,204,205,206,209,210,19,212,215,28,166,171,114,115,61,63
257,322,258,199,200,201,202,327,205,210,211,213,89,217,30,32,34,315,52,245,312,187,317,318,319
320,194,323,324,261,197,327,200,199,201,202,12,205,271,209,210,213,215,223,313,314,187,317,191
322,194,324,261,319,198,200,329,199,203,328,201,205,208,209,210,213,215,94,43,187,315,317,191
320,191,194,324,325,197,327,199,201,205,209,210,213,87,215,93,97,228,109,316,120,314,187,60,61,255
192,194,323,326,200,202,205,208,209,210,211,214,215,42,236,187,47,53,315,188,319
320,65,322,194,324,325,199,327,202,205,208,209,210,213,215,26,187,188,53,313,314,317,316,189,191
191,323,195,196,328,201,330,200,205,206,209,210,215,220,94,233,42,307,308,309,316,55,188,319
194,329,202,138,10,73,11,205,16,81,209,275,210,215,216,90,26,231,104,237,239,187,188,189
256,258,323,69,262,200,74,10,268,77,271,81,275,85,87,98,41,237,239,177,116,246,54,251
69,73,10,138,74,269,16,81,275,277,119,280,89,87,91,231,237,109,239,246,311,251
69,73,10,138,140,74,202,269,16,81,275,277,87,89,98,292,231,237,109,48,246,311,251
0,64,3,135,73,10,138,329,140,16,81,275,19,230,231,39,232,59,43,237,239,246,183,120,251
320,64,3,69,8,12,16,22,23,26,225,226,227,33,229,232,233,42,238,117,59,252,63
257,322,3,324,262,12,271,16,145,213,223,161,34,312,226,229,35,289,122,239,248,185,58,60,318
66,195,323,6,199,9,201,207,145,19,221,287,224,230,39,232,233,234,43,236,238,50,57,59
2,66,5,70,199,201,265,266,207,209,217,157,289,35,230,231,43,173,50,53,54,56
323,4,3,7,12,276,24,26,219,247,223,34,39,40,232,42,233,43,47,239,51,55
320,64,5,199,200,329,13,16,275,20,222,30,224,32,37,230,231,40,44,45,238,239,52,54,251,317
67,5,199,200,7,10,138,16,275,213,222,31,38,231,230,42,237,238,239,46,48,50,53,56,251,60,61
322,323,5,9,265,267,12,214,221,222,32,224,34,230,40,42,234,236,187,43,238,51,244,54,315
0,195,6,201,9,144,211,84,216,219,91,102,231,40,59,43,236,46,238,49,180,187,317,63
320,66,324,5,199,327,23,30,222,32,224,230,231,40,234,43,44,45,238,51,54,312,316,317,191
66,3,323,5,200,10,12,13,271,213,222,32,224,34,229,230,231,37,234,43,44,237,238,239,51,54
66,5,199,14,19,213,88,284,222,223,224,225,32,228,293,230,234,44,45,238,51,54,317,190,255
128,193,321,64,66,261,5,203,16,210,19,212,85,21,215,22,223,162,230,233,234,43,238,240,51,54
192,66,67,4,326,7,9,208,148,149,22,23,221,286,31,38,42,46,47,48,53,55,56,187,60,61
66,3,328,9,139,12,203,16,274,19,23,24,222,224,225,230,39,232,233,234,43,187,238,308,55,59
66,3,4,263,12,205,16,24,223,225,34,233,43,238,47,48,241,242,239,55,313,190
3,4,10,138,12,16,275,22,24,26,93,223,34,231,233,43,238,239,47,55,251
64,193,322,1,324,5,261,0,203,12,19,22,218,27,30,32,34,35,229,230,232,43,238,240,52,317
66,3,261,5,328,10,273,18,19,278,218,223,288,225,229,230,231,233,43,238,304,241,188,117,54,252,127
320,0,3,132,69,9,142,275,30,222,224,225,229,230,40,234,43,45,238,313,187,62
320,1,0,5,6,142,15,213,22,218,222,30,32,226,35,229,231,232,43,44,240,52,54,312,249,316,191
2,66,5,70,199,201,266,88,217,222,224,36,230,167,231,234,173,238,51,53,54,121,189
3,324,5,4,203,12,24,26,223,34,39,232,233,42,43,238,47,239,55,313,315,191
66,3,203,12,16,209,17,211,22,26,219,31,223,289,225,161,232,168,42,238,48,125,313,60,63,191
64,3,8,11,12,16,17,22,23,221,286,225,34,33,227,232,233,42,43,236,238,47,55,56,57,59
0,66,135,265,138,10,16,279,26,218,157,289,227,230,231,39,233,41,43,237,303,55,57,253,126
64,2,3,135,73,10,138,329,74,207,16,81,275,231,233,59,43,237,239,246,251
0,66,2,4,265,205,16,209,149,218,27,284,289,100,38,39,233,43,238,239,50,55,56
320,0,130,64,3,5,9,204,82,24,28,30,222,224,33,231,59,234,43,238,54,187,317
64,130,2,5,198,7,135,23,216,218,26,27,28,230,231,233,43,238,244,54,56,59,127,317,191
320,128,256,261,8,16,17,210,22,218,222,224,225,227,228,230,231,233,106,234,42,43,238,240,54,314,63
320,64,322,3,261,200,12,16,210,19,22,215,23,222,225,34,33,229,230,232,233,43,110,238,59
257,322,3,260,258,200,12,142,16,17,22,89,218,222,225,34,229,230,231,232,233,43,238,309,318,63
64,66,5,135,73,10,138,140,16,81,275,222,224,228,230,231,234,43,237,238,303,239,51,246,54,251
193,66,323,195,321,259,196,5,203,206,209,19,23,91,155,32,230,232,234,235,44,115,51,54
324,5,198,261,7,133,8,218,27,26,219,30,224,227,230,231,233,234,43,170,45,238,317,62,191
320,0,64,2,3,5,134,135,8,203,12,282,222,30,227,230,231,232,171,43,238,240,59,317,191
320,66,5,327,199,13,213,215,222,32,224,226,37,230,231,234,44,49,51,54,312,314,316,317
320,3,4,69,263,200,12,24,25,223,225,34,233,43,238,47,48,239,55,313,314,316
1,143,16,210,19,20,22,218,30,222,288,225,34,33,229,230,231,233,42,43,238,310,185,125,63
0,66,5,6,12,79,19,219,32,289,34,224,37,230,39,232,234,236,44,50,51,308,54,60,317
193,321,2,324,67,6,7,135,203,206,212,23,26,223,31,38,39,46,240,48,50,53,56,57,60,61,63
322,5,200,329,12,15,19,21,222,224,225,34,229,230,40,233,234,43,236,238,51,54,187,317
327,7,329,10,138,16,275,216,26,219,221,31,38,231,236,237,46,239,48,53,56,57,60,61
2,5,198,327,135,329,10,138,16,275,213,26,226,230,231,233,59,43,238,239,246,54,251
0,64,3,5,6,7,203,145,213,218,284,29,30,227,294,231,39,233,43,54,56,313,59,124,126,191
3,4,200,10,12,16,275,24,26,223,34,231,233,43,237,239,47,55,251
321,66,195,323,196,193,5,201,203,206,209,19,23,217,155,32,224,230,232,234,44,51,54,122,61
65,66,67,68,5,6,205,208,18,19,218,92,32,33,162,230,166,174,51,52,182,55,56,57,54
320,324,261,5,198,329,11,12,19,213,90,26,222,223,34,230,231,39,43,238,118,54,314,317
320,322,323,3,324,66,5,200,13,271,213,23,222,223,32,224,30,229,230,231,37,234,44,238,239,51,54
64,66,3,5,14,17,23,223,32,225,34,33,224,229,293,39,230,233,234,238,241,51,54,62,59,190
66,5,329,138,10,140,16,81,275,222,30,224,32,230,231,234,237,45,239,51,246,311,54,251,62
128,321,0,2,196,261,3,5,135,203,145,19,83,212,278,223,230,39,231,233,43,238,111,240,51,117,54,59
128,321,193,64,66,261,5,203,145,19,212,85,83,92,222,30,224,230,234,43,108,45,240,114,51,54,62,63
5,134,329,138,10,140,73,74,16,81,275,218,226,35,230,231,233,43,237,238,239,246,311,54,251
1,324,5,261,8,203,16,19,22,26,219,218,28,225,227,230,231,233,42,43,238,240,317,63
2,66,5,199,200,201,266,71,14,213,88,222,30,32,225,224,228,230,231,167,234,44,45,51,54,121,317
0,1,65,323,4,8,11,12,14,19,214,22,25,26,27,221,29,34,41,42,47,58,187,188
261,69,269,81,83,276,85,278,84,87,89,92,93,248,98,105,109,112,114,117,120,249
320,192,324,69,261,264,269,276,85,279,87,283,94,289,249,41,106,241,243,252,117,121,316,254
257,258,260,261,262,68,71,271,278,86,89,93,248,229,243,116,245,312,249,122,318
323,324,69,261,200,10,74,268,76,269,271,81,275,87,89,282,98,106,109,177,243,246,248,251
256,261,69,264,267,76,269,80,273,277,85,88,95,165,104,41,106,108,174,243,51,117,246,120,121,252
2,70,199,71,201,266,265,268,207,217,35,36,167,173,53,121,189
69,261,264,266,269,273,276,85,279,281,283,285,160,106,237,241,49,243,117,120,252,253,254
256,255,69,265,76,269,79,273,274,280,217,90,283,284,289,227,165,41,50,119,253,254,127
69,269,79,274,275,276,279,281,283,32,165,39,106,174,47,241,252,117,186,316,253,254
260,69,263,264,73,10,138,140,74,329,270,16,81,275,87,231,104,237,48,246,311,250,251
320,69,264,11,269,79,273,81,85,279,87,283,106,241,243,252,117,121,314,316,253,254
69,135,73,10,138,266,74,202,269,16,81,275,276,84,87,89,98,231,237,109,239,115,246,251
324,261,69,135,138,81,83,85,278,87,92,95,289,105,109,111,112,114,51,115,117,178,118,120,122,127
256,257,258,259,68,262,135,200,71,74,267,10,271,274,86,89,99,106,177,243,116,245,246,121,250,253
69,135,73,10,138,74,202,269,16,81,275,87,89,218,91,98,292,107,237,109,303,246,251
256,324,5,261,198,69,264,269,79,276,85,279,87,89,283,157,106,43,110,241,243,117,249,252,253,254,191
68,326,71,8,269,77,274,85,214,21,86,283,98,99,164,166,41,244,245,116,187,188,253,254
259,68,5,198,71,79,80,274,276,85,277,279,280,214,282,89,86,106,112,241,116,119,252,191
324,261,68,199,71,201,266,200,69,70,76,12,269,79,213,86,279,88,167,106,242,116,121,317,190,255
321,68,261,262,71,70,203,79,212,85,86,87,92,94,95,104,106,109,112,114,115,116,117,120,121,250
257,322,258,260,261,262,68,71,267,271,86,89,121,106,243,116,245,248,249,122,251,318
256,69,264,269,79,81,274,276,280,281,26,283,284,32,99,165,109,241,243,182,252,253,254
258,260,135,263,73,10,138,264,270,16,81,275,91,231,172,237,239,180,246,249,250,251,189
323,195,72,265,269,77,79,80,206,274,281,90,283,284,155,32,101,103,41,47,305,115,182,119,122,253,254
320,69,261,70,264,141,269,79,275,85,277,87,283,98,106,42,298,243,252,117,54,249,316,254
257,260,261,69,262,68,70,71,269,271,79,275,86,89,121,41,106,47,243,116,245,117,248,249,252
68,326,71,8,9,269,77,274,21,214,87,283,32,99,164,166,40,42,244,245,116,187,188,253
256,257,258,322,260,262,71,267,269,77,274,275,89,281,283,32,47,244,245,248,122,315
323,71,267,12,269,77,13,142,271,274,214,22,23,88,89,283,27,30,32,35,37,42,44,244,245,52,187,188
257,258,322,260,262,71,267,269,77,89,281,283,32,289,187,178,244,245,248,249,122,315
256,257,258,322,260,262,71,267,269,77,89,283,32,187,243,244,245,248,249,122,315
256,257,258,322,6,71,7,267,269,14,274,89,283,221,31,34,47,48,178,244,245,53,56,57,315,60
258,323,322,71,200,74,267,12,269,77,202,271,208,274,218,283,32,187,244,245,315
69,326,71,8,269,17,274,81,21,214,23,87,27,283,99,166,40,42,109,178,244,182,187,188,253
68,70,71,8,73,10,202,269,274,275,21,86,283,99,164,166,40,106,244,245,246,116,121,187,188,253
256,257,258,322,260,262,71,73,267,76,269,274,213,89,283,94,244,245,248,249,122,188
0,71,8,73,202,269,274,19,21,214,87,27,283,94,99,166,39,42,178,244,245,246,120,187,188,253
71,8,73,202,10,138,269,81,274,21,87,283,289,99,166,40,168,46,178,244,245,246,122,251,188,253,127
192,69,262,71,8,73,202,269,81,274,276,21,214,283,91,94,99,166,109,178,244,245,246,187,188,253,254
69,135,73,10,74,202,11,269,16,81,275,87,89,237,109,244,246,251,188,254
256,257,258,322,260,259,262,261,69,267,271,81,213,89,229,42,43,245,248,249,122
66,259,68,263,74,268,79,272,211,87,280,31,99,101,107,109,48,115,116,119,253
128,3,68,261,67,199,200,201,266,13,18,88,89,30,96,32,34,35,37,167,106,44,110,52,117,121
66,261,6,265,79,274,85,217,90,283,92,289,99,41,109,112,114,115,50,119,57,253,254
256,257,258,322,260,259,262,73,267,14,213,89,94,229,245,248,249,122,317,318
256,261,69,263,269,81,212,85,278,277,87,89,92,95,248,98,105,109,112,114,115,117,120
258,69,198,264,265,269,79,83,277,278,217,90,283,92,284,289,227,105,41,111,112,50,115,117,119,253
256,257,258,259,260,261,262,267,89,90,313,108,109,243,245,248,249,122,318
69,73,10,74,266,329,138,271,202,81,269,275,82,87,89,98,231,237,109,239,246,54,251
326,71,8,329,269,77,208,274,277,21,87,27,283,99,166,40,49,178,244,182,189,187,188,253
71,8,9,202,269,77,274,21,214,280,283,32,99,164,166,40,243,244,245,246,119,187,188,253
192,65,326,71,8,9,12,269,77,274,21,280,283,32,99,40,42,244,245,187,253
66,69,73,138,10,74,266,329,202,16,81,269,275,84,85,87,89,231,109,46,246,311,251
256,324,69,262,70,8,269,17,274,81,276,21,87,27,283,99,166,109,178,244,245,246,247,182,188,253
256,66,69,73,266,10,267,80,81,275,87,88,91,231,103,106,110,239,51,246,311,248,251
257,258,322,260,262,330,267,271,213,87,89,248,243,245,309,312,249,122,318
66,259,68,263,74,268,272,274,211,276,86,279,90,31,99,232,48,176,116,124
326,72,76,269,77,80,274,214,88,281,90,283,92,32,97,96,42,47,114,51,244,245,316,254
2,70,199,71,201,266,265,267,207,80,88,217,91,97,42,51,53,184,121,188
256,68,69,261,71,70,76,77,269,79,85,86,279,165,106,110,241,116,117,248,121,252,62
261,69,264,269,81,212,277,278,85,87,84,89,92,93,95,248,97,98,105,109,240,112,117,120
256,259,69,264,267,76,269,77,79,268,80,274,276,84,87,280,88,106,111,51,244,246,247,249,253
195,68,261,326,71,9,77,269,13,274,214,86,90,283,92,32,47,114,244,116,187
0,1,69,73,10,74,329,138,141,16,81,275,19,281,91,27,93,94,237,109,239,246,311,251
257,66,259,260,261,262,71,200,267,80,209,212,88,89,312,243,51,245,246,248,249,122,316,318
257,322,258,324,260,262,261,69,267,271,84,213,87,89,248,243,245,310,312,249,122,251,318
257,69,261,263,264,266,269,271,79,273,276,85,279,87,283,106,241,243,117,251,252,253,254
261,71,135,9,267,12,269,79,17,274,153,283,284,32,225,34,229,296,106,42,177,244,245,252,254,255
256,135,71,73,74,10,138,202,267,269,271,81,80,275,84,77,88,91,283,32,237,301,51,244,246,251
192,68,69,71,329,269,79,274,276,189,86,279,280,281,283,284,106,301,112,241,188,116,117,119,252,253,254
320,68,69,261,71,264,70,74,269,79,273,276,85,86,279,36,106,112,241,243,116,117,121,122,252
66,259,263,74,268,76,79,272,211,280,88,31,99,297,48,178,125
256,257,258,322,69,262,71,135,8,267,269,208,89,156,99,164,36,169,304,244,245,181,248,250,187,253,318
0,1,324,69,261,262,141,269,271,19,85,279,281,283,27,157,94,104,106,241,117,245,246,120,122,252
69,73,10,74,138,329,202,271,16,81,269,275,207,87,89,91,98,237,109,239,246,251
259,69,326,264,265,269,79,81,274,281,90,283,32,99,165,109,174,241,243,119,252,253,254,319
256,257,258,259,260,322,262,4,267,79,213,89,225,230,104,297,245,248,249,122,315
256,258,326,71,8,267,12,269,77,80,274,88,89,283,32,99,315,51,244,245,246,122,187,60
68,70,135,71,73,10,74,81,275,84,86,91,99,106,237,303,116,246,121,251,253,126,255
194,68,325,261,71,329,277,21,87,86,92,93,97,228,105,234,106,109,244,117,116,189,120,121,188,61
2,324,70,199,71,201,266,79,207,88,217,95,167,231,173,110,53,121,251,189
256,258,259,130,261,198,69,264,77,270,79,269,85,280,89,282,283,98,241,243,116,117,252,253,254,191
66,259,263,73,74,268,79,272,275,84,276,211,87,91,31,99,102,109,48,246,124,125
260,261,262,69,263,73,74,10,264,270,271,80,81,18,275,276,87,89,237,246,250,251
257,324,261,69,68,264,70,71,79,273,277,85,86,87,279,313,106,243,116,117,120,121,122,316,254
261,69,267,80,273,81,19,85,278,279,87,89,88,91,92,225,103,104,168,115,51,117,246,253
320,66,69,73,10,74,77,16,81,275,84,85,87,91,94,98,237,303,239,116,246,311,251,318
0,257,3,69,261,263,328,204,268,142,273,20,279,89,281,157,225,39,175,124,241,242,114,117,118,252,253,254
259,69,326,71,265,267,269,77,79,208,274,214,281,283,32,42,241,305,244,245,186,187,253,254
256,195,262,71,135,269,206,79,274,147,280,90,283,155,297,106,112,241,114,115,176,182,184,122,252,253,254
320,69,261,264,73,269,81,275,85,277,283,94,96,32,249,106,109,243,117,121,251,252,254
196,69,263,135,268,269,273,274,87,280,281,283,92,97,99,106,241,114,117,118,123,252,253,254
69,73,10,138,140,74,269,16,81,275,87,281,292,39,237,239,47,48,246,311,120,185,251
257,69,73,10,329,74,138,202,271,16,81,269,275,87,89,98,237,46,239,109,246,251
2,66,69,70,71,199,265,266,201,267,269,79,80,88,217,90,284,289,41,50,51,246,119,248,253
261,69,75,269,81,83,84,85,277,278,87,89,92,95,248,97,98,104,105,109,111,112,117,120
326,71,8,12,77,269,17,274,21,87,283,32,99,166,42,47,244,245,187,253
324,261,69,71,199,200,266,264,269,79,81,87,88,283,95,167,231,106,107,242,243,121,251,252,253,254,255
256,257,258,322,260,261,262,263,264,270,89,248,250,243,245,312,249,122,251,318
261,133,69,75,85,278,277,87,279,218,92,284,94,95,162,104,170,301,114,115,117,120,250,255
128,321,261,69,203,267,269,81,83,212,85,278,87,89,92,284,97,98,105,109,240,114,51,115,117,255
320,69,264,76,269,79,275,83,87,26,283,30,96,249,106,107,243,117,54,121,252,253,254
256,69,264,265,76,269,79,274,280,217,90,283,284,89,227,41,302,241,50,119,252,253,254
257,258,322,260,69,262,267,271,81,213,87,89,229,230,243,245,248,249,122
256,257,322,258,260,261,262,67,200,68,71,267,271,18,84,86,89,96,229,249,106,243,116,245,248,121
257,258,322,260,261,262,72,73,267,271,16,89,34,229,122,243,245,248,249,58,253,318
257,258,260,261,262,75,76,267,271,275,213,150,89,229,243,245,248,249,122,318
256,257,258,322,260,261,262,259,199,267,13,88,89,93,30,32,35,229,37,44,52,245,119,248,318
195,135,73,74,10,138,206,16,81,275,84,147,86,23,91,155,297,237,303,176,115,246,182,184,122,251
69,135,73,10,74,138,329,202,269,16,81,275,87,89,91,98,107,237,109,303,246,251
128,67,68,261,69,134,200,267,78,80,209,18,212,21,87,88,95,96,168,106,110,51,246,121,252
257,258,322,260,259,262,267,271,89,287,229,230,295,115,245,248,249,122,318
256,257,322,258,260,261,262,259,69,267,269,81,85,87,89,92,287,229,230,295,109,245,117,248
259,69,70,71,8,267,269,17,274,81,21,23,87,27,283,34,99,166,295,178,244,245,182,315,188,253,254,319
256,257,258,322,260,259,262,267,89,91,287,229,230,295,41,245,248,249,122,318
257,258,259,69,135,73,10,74,138,269,271,81,209,275,87,91,287,230,295,237,109,246,251
257,258,322,260,261,262,259,66,69,264,267,269,271,79,87,89,283,229,106,107,243,245,254,248,252,253,318
257,258,322,260,259,262,261,264,267,271,89,287,96,229,230,295,109,241,245,248,249,122,252,318
257,258,322,260,259,262,261,68,71,329,267,79,86,89,248,230,169,106,49,243,116,245,311,312,188,189,318
256,257,258,322,260,261,262,68,71,267,269,275,86,89,281,229,39,105,47,116,245,248,122,318
256,69,263,264,11,269,79,271,274,84,119,87,281,90,283,99,106,241,243,247,252,253,254
0,1,324,69,261,262,68,266,271,79,273,19,88,281,27,94,229,231,41,106,110,239,116,121,122,251
66,69,263,264,267,269,80,273,81,276,279,87,281,88,283,91,225,109,241,51,243,246,247,252,253,254
259,263,74,267,268,79,80,272,274,211,276,88,90,31,99,109,48,51,246,125
68,69,71,264,329,269,79,273,275,276,86,281,283,223,289,39,41,106,241,188,116,117,189,314,252,253,254
68,70,135,71,73,10,74,138,140,79,16,81,275,277,86,91,313,106,237,116,246,311,121,251
256,65,326,71,263,9,267,12,269,77,79,271,274,214,283,156,32,106,42,244,245,253,254
320,321,195,261,69,203,81,146,212,85,278,87,90,92,95,166,109,111,114,51,115,117,178,311,318
256,257,258,260,261,262,69,267,275,213,87,89,93,248,107,243,117,245,312,249,122,318
256,257,258,259,68,262,71,8,70,267,269,274,276,21,86,283,99,164,166,106,178,244,245,116,121,315,253
256,69,262,264,269,79,273,81,85,279,87,283,96,98,106,46,241,243,249,252,253,254
324,5,69,68,71,70,11,269,78,271,79,275,84,85,86,279,282,121,165,106,43,243,116,117,249,317
257,261,69,262,269,271,81,275,84,85,278,87,89,92,288,98,104,109,114,115,117,246,248,252
71,8,73,202,11,265,269,77,17,274,21,23,283,27,32,99,164,166,40,178,244,245,246,182,187,188,253
256,258,69,326,264,11,268,269,80,274,281,90,283,99,106,241,114,115,242,243,182,253,254
256,259,324,261,262,68,69,71,70,267,269,271,143,79,83,85,86,92,106,109,243,116,117,248,121
68,133,261,69,71,269,79,274,276,86,279,280,26,247,218,283,165,170,106,116,119,121,252,254
256,69,326,71,9,76,269,77,79,208,274,214,283,32,106,42,241,244,245,122,253,254
321,68,261,69,269,83,85,278,87,91,92,166,105,107,109,174,111,112,114,51,115,117,184,125
1,261,69,264,269,79,80,81,276,85,87,89,92,98,105,109,111,112,114,115,117,248,249,63
256,69,326,71,8,269,77,17,274,81,21,214,87,154,27,283,99,166,109,305,178,244,245,182,253,254
260,69,262,263,264,267,141,269,80,273,279,88,89,281,225,165,300,174,48,241,51,179,117,118,246,252,254
259,69,73,10,74,138,202,269,16,81,275,87,89,98,292,231,107,237,109,239,246,311,251
69,73,74,10,329,138,202,269,16,81,275,87,89,284,98,231,237,109,303,246,311,251,255
256,194,261,325,69,75,269,143,81,85,277,87,89,92,93,248,97,98,228,109,115,117,120,61
324,261,69,327,264,268,269,81,212,85,84,87,89,91,92,223,248,98,109,60,117,54,120,313,316
259,69,135,73,10,74,138,270,16,81,275,87,282,91,108,237,109,239,114,117,246,311,251
67,68,261,260,263,264,75,269,270,18,277,85,86,94,95,96,106,243,116,121,250,251
69,200,73,10,74,138,329,202,78,16,81,269,275,87,89,91,292,237,109,246,311,249,251
320,318,324,261,69,327,71,68,266,269,79,275,86,88,281,167,231,39,234,106,47,243,116,121,251,254
256,257,68,69,262,71,269,275,86,279,89,281,225,39,47,241,116,245,117,119,248,122,252,253,254
69,261,262,264,269,79,273,81,276,85,279,87,283,98,106,241,243,245,118,119,252,253,254
261,69,269,81,212,85,278,84,87,89,91,92,95,248,98,231,109,111,112,114,115,51,117,120
67,324,69,261,68,200,70,71,270,78,79,18,82,277,86,87,95,96,106,111,116,120,121,251
320,3,69,261,198,200,264,269,15,273,17,21,88,283,225,229,233,106,238,241,243,117,252
257,324,261,262,71,69,260,266,68,263,269,271,79,278,86,88,279,229,313,106,107,243,116,53,121
68,326,71,9,269,77,79,80,208,274,214,283,95,32,106,42,301,47,244,245,116,187,188
320,65,68,69,325,327,264,269,85,279,98,162,166,103,106,107,45,174,114,243,117,316,184,249,314,252,125
261,69,264,269,81,274,84,85,278,87,89,92,95,248,98,163,105,109,111,114,115,117,120
67,261,262,69,269,270,271,81,18,85,279,87,89,56,95,96,290,98,104,106,109,243,116,117,248,121,251
69,261,264,266,85,278,277,213,87,283,92,93,95,160,298,109,237,111,49,243,117,54,120,191
257,258,259,260,261,262,5,69,68,70,267,71,79,86,89,98,312,106,243,116,245,117,248,121,188,127
2,261,70,199,71,201,266,264,207,88,280,217,167,231,173,110,53,119,121,250,251,189
259,69,261,8,264,269,270,79,273,85,280,282,283,106,108,109,110,241,243,117,59,252,253,254
66,69,73,74,329,10,202,269,16,81,275,276,84,87,89,91,98,231,109,46,246,311,251
69,135,73,138,10,74,203,268,269,16,81,275,84,87,88,91,237,109,239,116,246,251
259,195,68,265,79,81,211,276,280,218,247,94,290,100,166,103,107,109,174,112,114,115,119,184,59,318
73,10,138,74,329,202,268,16,81,205,275,210,209,87,280,91,231,237,239,242,246,119,251
68,70,71,8,202,269,274,275,21,214,86,27,283,99,164,166,40,42,106,244,245,116,121,187,188,253,319
256,259,324,261,68,71,79,144,146,276,85,86,92,29,95,105,106,109,110,112,180,244,116,247,188
66,259,263,265,74,268,272,211,90,284,31,99,102,109,48,50,119,253
69,261,262,264,11,269,79,273,81,275,85,277,279,87,283,98,104,106,241,243,117,252,253,254
69,264,9,269,79,273,275,276,279,281,90,98,99,39,106,47,241,243,182,247,316,253,254
324,261,262,69,264,269,271,275,276,277,213,84,87,281,283,106,124,243,117,246,253,126,251,252,317,254
128,261,69,263,266,269,81,84,85,278,277,87,89,92,95,248,98,109,111,114,51,115,117,54,120
68,135,71,73,10,74,81,275,84,86,216,91,290,102,106,237,46,303,116,246,251
256,259,195,326,135,265,269,206,79,274,280,90,283,284,155,91,289,99,41,176,115,309,182,248,122,253,254
259,68,7,71,73,74,268,270,79,80,276,84,277,119,280,86,282,91,92,219,237,242,116,117,246,247
66,259,68,263,71,74,268,79,272,211,276,86,90,31,95,99,109,48,116,313
256,261,326,71,202,269,77,79,274,83,85,90,283,92,32,112,114,115,244,245,187,62
256,261,262,69,8,12,269,271,17,274,81,21,23,89,283,98,99,166,40,168,109,178,244,245,124,253,126
128,257,258,261,69,269,81,19,85,278,87,89,92,93,95,109,111,112,114,115,51,117,313,252
68,261,69,71,10,75,269,79,277,85,87,86,279,28,93,95,228,165,104,106,114,115,116,117,120,188
256,318,68,261,71,266,141,77,275,19,85,86,94,98,106,110,113,116,246,248,121,122,62
69,5,263,71,267,269,142,79,81,274,212,87,280,89,283,95,98,241,305,188,245,117,123,252,253,254,127
71,8,269,77,142,17,274,275,20,21,214,279,283,157,36,164,166,178,114,244,245,118,119,187,188,253
263,330,142,79,80,273,274,279,88,281,283,225,39,110,241,307,308,309,51,244,118,123,252,253,254
68,70,135,71,73,10,74,138,75,270,271,16,81,275,86,282,91,106,237,239,116,117,246,121,251
69,73,10,138,74,202,269,16,81,275,87,89,91,220,98,292,231,237,109,244,246,311,251
259,69,72,265,264,269,79,274,146,21,280,281,90,283,284,217,91,289,41,50,243,119,253,254
256,257,69,262,71,326,8,267,269,17,274,81,21,214,87,89,283,27,99,166,109,178,244,245,182,315,253
128,258,259,261,69,203,269,81,85,278,215,277,87,89,92,285,93,95,108,109,111,240,243,180,117,120
256,67,68,71,79,144,18,274,276,146,86,90,92,96,106,112,114,115,180,116,121,253,190
261,69,264,330,269,79,80,273,19,276,85,279,87,283,106,60,241,243,117,309,252,253,254
258,68,70,71,8,73,202,10,269,274,21,86,283,99,164,166,40,106,178,244,245,246,116,121,187,188,253
324,261,69,264,266,74,203,269,271,272,275,277,283,120,165,231,168,106,174,243,248,121,251,254
256,257,323,261,69,71,199,326,266,269,77,208,274,214,89,283,32,40,42,241,244,245,187,252
256,69,264,265,76,269,79,276,84,87,280,153,26,282,91,284,283,106,241,243,182,119,252,253,254
256,324,261,69,262,264,268,269,85,277,87,283,289,106,242,243,178,117,249,252,253,254
66,259,69,263,264,268,269,274,87,281,283,223,99,106,241,242,243,313,123,252,254
0,1,259,69,72,137,75,269,141,79,19,276,280,281,218,247,27,94,289,99,100,103,41,170,107,119,253
324,261,68,70,71,200,271,79,83,277,278,87,86,223,100,106,109,111,112,177,116,117,120,121,251
324,261,69,80,81,212,85,277,87,213,89,283,92,223,95,98,298,109,112,114,243,117,120,191
261,69,264,267,268,269,80,273,81,85,279,88,283,32,106,110,241,51,243,117,118,246,248,121,252,254
330,141,208,145,146,147,144,155,156,158,164,36,167,169,171,300,301,302,175,304,305,178,307,308,180,181
2,135,330,143,144,145,146,147,148,18,155,158,160,161,294,296,170,299,302,175,179,180,184
321,193,203,143,145,146,149,154,158,159,167,171,175,304,305,114,115,180,309,179,182,185
141,142,146,147,148,153,158,292,165,294,293,296,170,171,172,301,174,175,305,306,178,177,179,310,311
142,144,145,147,148,149,153,154,155,158,160,161,167,296,169,298,299,172,302,174,175,177,306,179
141,146,148,149,150,152,153,158,160,296,170,299,300,301,174,175,305,178,306,180,177,307,183,308
135,73,10,138,141,16,81,148,156,184,158,292,170,172,237,174,303,175,300,306,179,307,246,311,310,251
10,330,142,271,144,145,147,148,149,156,158,161,292,295,170,172,174,303,175,177,306,309,310,311,184
330,11,143,145,148,149,150,151,22,152,159,32,160,165,295,296,297,168,42,303,304,178,307,308,309,182
65,329,10,138,16,144,275,155,156,157,158,160,292,297,170,237,173,303,302,175,306,179,180,181,246,311,251
200,330,141,147,148,158,292,293,169,170,300,172,174,175,303,177,305,307,308,309,179,310,184
68,261,71,265,269,144,145,273,147,148,149,81,87,86,88,158,160,294,296,169,299,109,302,175,178,116,118,119
142,143,149,281,155,157,158,160,161,164,167,296,169,297,39,168,173,302,175,306,178,307,181,308,118,190
144,145,146,147,148,149,155,158,160,294,295,296,169,297,299,298,167,302,172,175,176,178,179,309,184
141,142,145,146,148,153,157,158,160,295,296,169,172,300,302,303,175,305,178,306,308,307,174,310,184
330,141,142,144,146,155,156,157,158,160,164,165,167,296,168,170,300,302,303,175,305,178,304,179,180,311
144,145,146,147,148,153,155,158,160,293,294,167,296,297,299,108,172,302,175,301,179
142,143,144,145,146,147,148,149,155,92,158,161,295,296,297,298,299,169,170,174,175,180,54,310
72,73,143,144,145,146,147,148,150,151,152,153,159,160,161,162,165,294,295,296,168,299,302,175,182,185
265,141,144,145,146,147,148,149,150,152,153,154,155,158,160,294,296,169,299,300,302,175,177,178,306,179
330,142,144,145,147,148,149,153,155,158,160,296,298,171,299,170,172,175,112,174,178,306,180,309,310,184
330,141,142,144,145,147,148,213,158,292,295,170,299,300,172,174,175,303,305,177,307,308,309,310,184
128,330,141,148,87,184,158,228,292,167,232,170,171,300,172,174,175,303,305,307,308,309,179,310,120,61
330,145,150,151,152,156,30,32,35,292,165,167,296,297,169,168,300,174,303,177,307,308,309,52,311,182
3,12,143,144,145,149,150,151,152,159,160,161,162,34,165,296,168,171,299,43,111,112,306,179,180,182
143,144,145,146,147,148,149,154,158,159,160,294,167,296,169,299,172,302,175,305,179,182,183
141,145,148,149,157,158,292,293,167,170,171,172,173,174,303,175,305,306,179,180,307,310,184
65,143,144,145,146,147,88,155,156,157,158,161,167,295,297,169,173,302,303,304,175,178,179,180,181
141,143,144,145,146,147,149,155,29,158,159,160,294,296,297,299,174,175,304,305,306,178,180,307,308,184
266,141,19,149,150,151,152,156,159,292,164,165,167,168,171,303,304,305,306,178,180,175,47,311,179,182,186,316
2,144,145,147,148,149,153,155,157,93,158,294,38,296,169,298,299,109,302,175,178,307,180,308,181,61
330,141,148,153,184,158,292,167,170,171,172,300,174,175,303,305,177,306,308,179,307,178,310
330,142,144,145,146,147,148,149,88,155,158,296,297,170,171,299,172,174,175,304,305,178,306,180,309,310
73,10,138,16,81,275,147,148,154,156,158,292,294,167,172,237,174,303,175,306,307,308,179,246,311,184,251
129,65,143,144,145,146,147,155,157,158,160,294,295,296,297,169,299,173,302,175,178,180,309,181,311
141,144,145,146,147,148,153,155,157,158,160,294,296,41,170,299,108,173,302,175,300,179,180,181
193,330,141,144,212,215,154,155,157,158,160,161,162,228,166,167,170,171,172,175,305,179,180,54,120,185
193,321,203,145,146,148,149,212,151,153,158,162,165,296,168,171,299,109,302,175,114,178,50,61
68,261,71,143,144,145,146,147,148,149,86,87,281,155,31,160,296,298,299,110,112,178,180,116
322,141,143,145,148,149,154,158,166,295,167,297,170,171,172,301,174,175,305,177,179,309,310,311,312
4,143,144,145,146,147,148,211,150,151,152,153,155,159,160,99,165,294,295,296,168,299,302,175,182,62
330,145,148,149,153,154,158,164,167,296,297,169,299,171,172,302,174,304,175,178,307,180,179
330,142,143,144,145,146,147,148,149,88,155,158,295,296,297,298,299,170,172,302,175,178,180,309,310
330,141,148,150,154,158,292,295,296,167,170,171,172,174,175,303,177,305,307,308,309,310,179,184
128,130,131,132,133,134,135,136,138,10,140,139,16,275,26,286,291,231,237,239,246,123,124,126
128,130,131,132,133,136,137,139,140,19,285,286,287,288,289,290,291,122,123,124,125,126
128,321,129,195,130,131,133,134,132,136,203,139,140,19,212,278,90,285,286,223,291,111,240,117,123,124,126
128,130,131,133,134,135,136,329,138,10,140,73,139,16,275,287,290,291,123,237,311,251,124,126
128,130,131,132,133,135,136,329,138,10,140,73,139,16,81,275,285,286,288,290,231,237,239,246,123,125,126
128,130,131,133,135,8,137,138,139,136,17,21,23,27,286,287,289,40,42,123,178,244,187,124,127
128,130,131,132,133,6,136,137,138,139,140,145,286,287,288,289,290,236,122,123,124,125,126,127
128,130,67,131,133,5,132,136,137,265,139,140,18,285,286,287,288,289,290,291,123,125,126
128,130,131,132,133,135,136,137,139,140,285,286,287,288,289,290,57,122,123,124,125,126,127
128,256,130,131,4,133,134,71,132,136,139,12,140,286,287,34,291,40,42,123,187,122,315,124,126
128,130,131,132,133,135,136,138,139,140,12,23,285,286,287,288,290,40,42,236,244,122,123,124,125
128,130,131,132,133,134,135,136,73,138,10,140,329,139,16,81,275,151,91,286,288,291,292,237,246,311,123
128,130,131,132,133,134,136,139,140,286,287,288,289,290,291,39,123,124,125,126
128,130,131,132,133,135,136,137,139,140,220,286,287,288,289,290,225,39,122,123,127
128,130,131,132,133,136,137,139,140,285,286,287,288,289,290,122,123,124,125,126
320,128,129,130,132,261,134,131,136,133,139,140,19,85,278,285,286,288,290,117,123,125
128,129,130,131,132,133,136,137,139,140,19,285,286,287,288,289,290,291,122,123,124,125,126
128,130,131,132,133,136,137,138,139,140,286,287,288,289,290,291,122,123,124,125,127
128,129,130,131,132,133,136,137,139,140,218,285,286,288,289,290,291,227,233,107,123,59,124,125
128,129,130,131,132,261,134,133,136,137,138,203,139,140,19,23,285,288,225,289,106,110,240,122,123,127
128,129,130,131,132,133,134,136,203,139,140,19,212,85,278,285,223,288,291,240,51,117,123,124,126
128,2,130,131,133,132,199,136,201,137,265,139,140,217,285,286,287,288,289,290,173,123,124,125
128,130,131,132,197,133,136,137,139,140,23,286,287,288,289,290,44,55,57,122,123,124,125
128,130,131,324,261,132,133,136,138,203,139,140,277,285,286,223,288,290,228,238,123,61,63
128,129,130,131,132,261,133,136,139,140,285,286,287,288,290,238,122,123,127
128,130,131,132,133,136,137,139,140,285,286,287,288,289,290,55,56,57,122,123,124,125
128,130,131,132,133,134,136,139,140,285,286,287,288,289,290,293,122,123,124,125,127
128,129,130,131,132,133,134,135,136,138,10,140,11,139,286,288,231,239,311,123,124,126
128,2,130,131,133,134,199,136,201,266,132,139,140,88,217,286,289,291,53,56,123,124,125,126
128,130,131,132,133,134,136,137,139,140,286,287,288,289,290,291,233,55,122,123,124,125
320,194,324,325,327,199,200,9,205,208,209,210,212,213,215,27,106,187,54,313,314,317,316,189,191
194,197,327,199,329,10,138,201,202,205,207,16,208,209,275,210,213,215,216,26,292,231,237,187,239,251,188,191
194,323,319,326,199,197,329,202,328,201,205,208,80,209,210,213,214,215,216,26,314,187,188,191
193,321,194,324,325,326,327,319,197,199,203,201,202,205,207,208,209,210,212,213,215,187,316,317,191
322,323,195,194,6,260,201,205,208,209,145,210,213,214,215,221,287,236,315,187,319
320,194,324,325,198,327,199,201,205,208,209,210,145,213,214,215,154,189,313,314,187,316,317,191
322,194,324,262,327,200,199,72,328,74,205,209,210,213,215,221,187,312,313,314,315,317,318,319
322,194,197,327,199,329,10,138,73,202,201,205,16,81,209,275,210,213,215,216,231,237,187,239,246,251,191
192,191,194,323,326,135,199,329,10,202,205,208,209,210,213,214,215,216,237,187,47,315,188,319
322,323,326,199,71,201,327,202,205,207,208,210,214,217,167,42,187,315,188,189,319
193,322,323,324,195,194,199,200,202,203,205,209,210,211,213,215,217,235,315,245,312,313,187,317,319
322,194,324,199,72,329,202,205,78,208,209,210,275,213,215,216,152,26,94,188,314,187,316,317,319
320,194,324,327,200,199,9,201,205,208,209,210,213,214,215,216,316,189,313,314,187,188,317,190,191
2,194,324,319,199,327,201,205,207,209,210,213,215,217,26,167,53,121,314,316,189,190,191
194,326,199,200,328,205,14,208,209,210,82,213,214,215,94,223,225,189,314,187,316,317,190,191
257,322,194,260,134,199,200,328,205,209,210,213,215,89,221,287,34,229,230,187,51,245,312,315,318,319
320,194,67,324,198,199,200,205,14,209,210,18,212,213,215,96,228,187,314,317,316,189,318,191
192,195,196,68,326,261,69,201,204,269,205,208,209,81,210,214,87,216,88,89,98,106,187,109,116,186,315,319
320,194,195,324,197,327,199,328,201,202,205,208,209,210,213,215,316,314,187,188,189,191
320,321,193,194,196,197,198,326,199,201,202,203,205,207,208,209,210,212,213,215,223,187,316,61,191
192,191,322,323,194,326,328,200,202,12,204,205,208,209,210,213,214,215,32,34,42,236,187,315,188,319
191,194,195,323,197,199,9,201,205,209,210,211,148,149,213,215,38,298,302,176,183,186,187,319
320,321,193,323,196,2,326,194,197,199,135,203,201,205,206,209,210,212,213,215,223,38,314,187,316,191
194,195,133,137,204,205,209,81,210,211,213,215,280,218,100,101,233,170,107,187,175,182,186,59,189,318
320,194,324,197,198,326,199,201,202,203,204,205,208,209,210,213,214,215,26,43,316,186,187,188,317,191
66,323,196,195,326,194,199,201,205,209,210,211,213,215,216,217,31,289,41,48,187,319
320,193,194,67,324,198,327,200,199,203,205,15,209,210,18,212,213,215,96,187,51,246,314,317,316,189
321,193,195,324,196,326,194,328,197,199,203,201,202,206,204,205,209,210,83,212,213,215,223,187,191
320,321,193,3,194,197,199,328,201,203,205,209,210,212,213,215,89,223,186,117,312,314,187,316,191
194,323,326,199,201,202,205,208,209,145,210,213,214,215,216,287,236,315,187,188,319
194,197,135,199,73,329,10,138,202,201,205,16,81,208,275,210,209,213,215,216,237,239,246,187,188,191
2,133,326,204,205,209,210,211,214,215,280,218,290,100,166,103,233,170,107,187,53,119,186,59
194,324,197,326,198,199,328,201,202,204,205,208,209,210,211,213,215,26,43,188,187,316,317,191
321,193,194,196,191,326,199,201,203,204,205,209,210,211,213,87,215,89,232,109,48,187,61,63
320,321,194,324,198,199,328,329,201,203,205,208,209,210,213,23,215,156,106,43,110,189,187,317,191
194,199,329,138,10,202,73,205,16,209,210,275,213,215,216,26,28,237,239,246,186,187,188,191
321,193,323,196,195,194,197,328,199,201,203,202,77,206,205,209,210,273,212,213,278,215,51,187,61,191
194,135,73,329,10,138,202,205,16,81,210,275,209,213,215,216,231,40,42,237,187,177,246,251,188,189
257,322,258,260,324,194,197,200,198,199,328,201,205,191,209,210,213,215,34,187,245,312,315,317,318,319
321,322,323,324,194,197,199,200,201,191,12,205,209,210,213,215,223,225,34,315,312,186,187,317,319
320,194,324,326,327,328,199,201,205,208,209,210,213,214,215,25,223,317,47,314,187,316,189,191
320,321,193,194,324,197,199,200,201,203,205,209,210,212,213,215,223,232,60,314,187,316,61,191
320,321,193,67,324,194,198,199,200,203,205,15,209,210,18,212,213,277,215,159,96,34,116,120,187
66,323,196,194,198,197,199,201,202,268,205,208,209,210,211,213,215,31,232,48,187,124,191
194,323,324,197,326,199,201,203,204,205,209,210,211,148,213,215,38,176,183,186,187,317,191
194,323,324,5,326,198,199,328,200,204,205,209,210,211,213,214,215,26,94,43,187,315,316,317,191
320,193,321,194,324,197,327,199,201,203,205,209,210,212,213,215,95,104,52,313,314,187,316,317,191
320,322,194,324,198,327,326,9,205,208,209,210,213,215,98,313,314,187,316,317,318,191
194,197,326,199,200,329,10,138,201,202,205,16,81,209,275,210,213,214,215,216,231,237,187,239,246,251,188,191
0,322,323,3,325,327,328,200,12,205,206,209,210,212,213,85,215,220,223,289,236,315,314,187,60,319
194,197,135,199,73,329,10,138,201,202,205,16,81,207,275,208,209,210,213,216,215,231,237,187,239,246,251,191
194,197,135,199,329,73,10,138,74,202,201,16,81,205,275,207,208,209,210,216,213,215,237,239,246,187,191
320,191,322,194,324,197,327,200,199,328,201,202,205,208,209,210,213,215,187,312,314,315,316,317,318,319
194,324,5,197,325,199,329,201,204,205,208,209,210,276,213,214,215,26,316,187,188,317,191
321,194,191,197,326,199,328,201,202,203,205,206,208,209,210,212,213,215,223,225,289,42,236,187,188,254,319
320,194,324,197,327,199,201,202,205,208,209,210,213,214,215,24,54,316,312,313,314,187,60,317,191
320,194,324,197,327,199,201,205,208,209,210,212,213,214,215,237,316,189,313,314,187,188,317,191
320,193,194,324,325,197,327,199,201,202,205,208,209,210,212,213,215,313,314,187,316,191
194,323,135,329,10,138,202,73,75,205,76,145,210,275,209,215,216,287,236,237,315,187,188,319
192,322,323,326,202,12,269,205,208,209,210,275,213,214,32,39,236,47,48,315,187,188,319
322,323,324,194,197,199,200,328,201,202,12,205,209,210,213,215,216,42,314,187,188,191
320,194,324,197,326,327,328,201,199,205,208,209,210,213,214,215,279,189,314,187,316,317,191
192,191,194,323,326,328,202,269,205,208,209,210,214,215,279,283,42,187,47,182,315,188,319
192,322,323,194,67,326,200,202,205,208,209,18,210,214,215,282,221,32,96,42,187,47,315,188,319
128,193,321,323,196,192,326,194,202,204,205,206,208,209,210,214,215,42,123,187,47,315,188,319
322,194,324,325,197,327,199,329,201,205,270,15,209,210,213,277,215,116,313,314,187,316,317,191
321,66,195,323,196,194,201,203,205,209,210,211,275,215,217,31,289,172,48,313,187,189,319
320,322,3,324,194,197,199,200,328,201,202,205,209,210,213,215,225,300,314,187,316,317,318,191
320,321,193,194,324,197,326,198,199,201,202,203,205,208,209,210,212,213,215,216,223,187,316,61,191
320,193,321,194,324,196,197,199,201,203,204,205,209,210,212,213,215,89,223,240,51,187,316,317,191
194,323,324,199,200,328,201,12,205,14,271,209,210,213,215,223,225,118,189,313,314,187,188,317,191
194,197,326,199,200,329,10,73,202,201,205,16,81,209,275,210,213,214,215,231,237,187,239,246,311,251,191
194,195,135,329,73,10,202,138,74,205,16,81,210,275,211,209,213,215,216,237,246,187,188,189,318
320,194,324,326,327,199,205,208,209,210,212,213,214,215,26,43,238,53,118,313,314,187,316,317,191
320,193,321,194,324,196,197,199,201,202,203,205,207,208,209,210,212,213,215,223,240,117,187,316,61,191
321,193,194,197,199,201,202,203,205,206,207,208,209,210,212,85,213,215,223,51,117,54,187,316,61,191
321,193,67,323,195,196,194,199,201,191,203,205,206,208,209,210,19,18,213,215,282,96,187,189,319
192,194,323,196,325,326,6,327,201,205,208,209,145,210,213,214,215,287,236,187,315,61,319
2,324,199,327,201,266,205,207,208,209,210,213,215,217,167,53,117,121,314,187,189,191
192,194,323,326,200,201,9,202,205,208,209,210,213,214,215,216,217,187,315,188,319
