0,1,5,261,133,138,13,15,22,27,30,32,34,35,37,170,43,44,52,54,312,316,317,190,320,324,69,199,213,218,219,222,95,224,225,229,230,231,232,234,238
2,5,261,7,138,266,269,271,275,276,26,28,31,34,46,56,61,63,191,324,325,68,69,71,329,73,79,81,86,87,88,219,221,224,231,106,236,237,109,116,246
3,4,6,8,9,12,14,16,17,22,23,24,34,293,166,42,43,50,179,55,58,187,317,63,320,198,327,328,200,213,220,222,223,224,225,226,227,229,232,233,234,238,123
3,5,6,7,8,11,12,17,21,22,23,31,32,34,163,38,42,46,47,48,50,53,55,56,57,315,60,61,319,322,323,67,205,214,219,221,225,229,230,236,237
0,3,5,12,13,14,20,23,30,32,33,35,36,37,40,44,45,51,52,54,316,189,62,320,64,322,66,199,200,210,213,222,223,224,225,228,229,230,231,234,238
3,4,5,12,14,16,17,19,22,24,281,34,39,43,47,55,312,58,315,317,63,322,324,198,200,210,213,223,225,229,230,233,239,118,122
0,2,3,5,6,9,12,13,14,17,30,32,37,43,44,45,50,51,54,313,187,316,62,320,66,210,213,219,222,224,225,228,229,230,231,234,237,238
0,1,3,5,12,13,14,15,17,19,21,23,281,27,30,32,33,34,37,44,51,54,320,64,69,213,222,223,224,225,94,227,228,229,231,233,234,238
3,4,5,6,8,9,12,14,16,17,22,23,24,34,35,293,166,40,41,43,47,50,179,53,55,58,187,317,320,198,327,220,222,223,224,226,231,232,234,237,238,239
0,2,3,5,6,8,265,13,14,19,20,281,157,289,37,39,41,43,175,50,52,54,55,64,66,198,218,222,223,225,227,228,230,231,233,238,118
1,5,135,19,147,23,155,32,33,297,44,45,176,51,54,55,61,63,321,66,193,195,203,206,209,210,212,215,222,224,228,230,232,234,236,237,122
0,257,1,5,261,262,12,271,16,17,19,22,23,27,30,32,33,34,35,43,44,52,318,64,322,213,89,218,222,224,225,229,230,231,232,233,234,238,239,248
257,258,259,260,5,262,267,12,13,271,23,30,287,32,33,34,37,295,43,44,45,51,52,54,317,62,322,323,66,71,200,89,222,224,225,228,229,230,105,234,237,245,248,252
4,5,10,11,138,14,16,275,22,35,36,42,43,54,58,59,63,66,199,200,202,81,213,88,218,222,224,228,229,230,231,233,234,237,238,239,246,251
0,1,3,4,261,8,138,12,14,16,17,22,23,27,30,32,33,34,35,44,52,54,59,61,63,320,64,218,223,224,225,227,228,229,232,233,234,238,239
0,3,4,12,14,16,17,19,22,24,34,39,42,43,47,175,55,317,320,324,200,207,213,218,222,223,225,100,229,101,231,232,233,234,238,239
3,261,5,6,9,12,13,14,271,21,30,32,43,44,45,50,51,54,313,187,317,62,320,66,324,69,222,224,225,228,229,230,231,234,237,238,239,243
257,260,5,262,261,12,13,271,20,157,32,37,39,43,44,174,49,50,51,54,312,313,317,318,322,66,324,213,89,222,224,225,229,230,233,234,235,237,239,245,248,249
5,6,7,267,12,145,23,27,31,32,287,34,37,38,295,46,48,49,50,53,56,315,60,61,319,66,322,323,195,67,199,71,213,219,221,97,230,236,237
5,10,138,11,266,13,271,275,20,26,160,32,292,37,43,44,45,303,49,51,53,54,322,66,73,329,74,81,213,219,222,224,228,230,231,234,237,239,246,251
3,4,5,6,136,9,10,12,14,17,24,43,47,50,54,55,313,187,63,66,198,218,222,223,224,225,226,229,230,231,232,233,234,238,239
0,1,3,4,5,10,138,12,14,271,15,17,16,275,22,24,26,27,28,34,39,42,43,47,55,63,329,223,225,229,231,233,237,238,239,246,251
128,1,129,132,5,7,19,278,154,285,31,33,162,50,51,53,56,57,60,61,321,193,195,196,67,203,206,209,83,212,215,230,105,235,111,240,112,117
257,259,260,261,262,263,264,267,269,271,273,279,280,281,283,32,69,79,81,87,89,98,99,106,109,241,243,117,118,248,123,252,253,254
130,259,5,262,263,261,264,268,269,141,271,272,273,283,300,305,313,188,68,69,74,77,81,84,85,87,89,97,98,99,109,127,241,242,243,118,248,123,252,255
257,260,261,262,264,269,271,273,275,279,281,283,32,69,79,81,84,87,89,98,106,109,241,243,116,117,245,118,248,249,252,253,254
256,257,258,259,262,8,267,269,271,274,21,22,283,27,32,166,178,187,192,326,71,74,202,76,77,79,208,87,216,89,99,114,244,245,246,253,254
256,257,258,259,260,5,262,136,267,269,271,22,283,32,305,187,188,192,69,326,71,74,202,76,77,208,87,89,98,114,243,244,245,247,248,249,123,252,254,127
257,258,259,261,262,10,267,269,271,272,16,275,276,51,68,69,198,71,73,74,80,81,84,86,87,88,89,91,103,109,239,116,246,248,251
257,258,259,261,7,267,268,269,15,276,278,280,283,291,68,70,71,72,73,74,76,77,79,80,84,86,91,92,247,219,93,99,105,106,109,111,112,242,116,117,119,121
257,258,260,261,262,264,267,269,271,279,283,32,318,69,75,79,81,84,87,89,92,97,98,104,106,109,110,241,114,243,116,245,246,118,248,249,252,253,254
256,257,258,259,260,261,262,267,269,271,279,317,322,324,69,71,200,81,84,85,213,87,89,98,106,109,243,245,246,117,248,249,122,252
260,261,135,264,263,269,270,277,278,54,69,75,81,212,85,84,87,89,92,93,94,95,248,97,98,104,105,107,109,112,114,115,243,117,120,250,251
257,258,260,261,262,263,264,266,10,269,270,271,16,275,283,69,71,73,74,202,81,84,87,89,91,97,98,231,237,109,239,243,246,248,121,250,251
259,263,264,265,267,268,269,273,280,281,283,284,289,41,304,50,308,69,328,76,77,79,80,89,217,99,227,106,241,243,117,119,252,253,254
259,263,264,265,267,269,273,280,281,283,284,289,41,50,182,66,69,72,76,77,79,80,81,87,89,217,99,227,106,241,243,119,252,253,254
259,262,263,264,267,269,273,275,279,280,281,283,39,47,48,51,68,69,70,71,76,79,80,86,88,89,121,99,106,241,244,117,118,119,116,246,252,253,254
257,259,261,263,264,266,267,268,269,271,272,284,190,69,325,71,73,74,75,81,84,85,87,88,89,92,120,97,98,107,109,114,243,117,118,246,248,249,255
256,261,264,266,269,271,143,273,275,277,279,283,32,320,69,79,81,85,87,89,98,249,106,234,109,110,241,243,116,117,118,248,121,252,253,254
256,257,258,259,260,261,262,267,13,271,275,20,278,22,30,32,34,35,37,44,45,52,318,64,322,69,71,199,200,201,88,89,93,229,243,245,246,248,249,251
256,257,258,259,260,261,262,267,13,271,278,22,30,32,34,35,37,44,45,180,52,57,318,322,71,199,73,74,201,88,89,93,229,230,243,245,246,248,249,122
256,257,258,259,260,261,262,267,269,271,275,278,287,295,318,322,69,71,81,213,87,89,230,108,109,243,245,246,117,248,249,122,252
256,257,258,259,260,261,262,131,267,269,271,275,281,39,47,48,310,185,318,322,69,71,213,87,88,89,229,241,243,245,248,249,122
256,257,258,260,261,262,264,267,269,271,278,279,283,32,69,71,79,81,87,89,93,98,106,109,241,243,245,246,248,249,251,252,253,254
256,257,258,259,260,261,262,267,269,271,273,324,69,71,203,81,84,85,213,87,89,98,122,109,112,243,116,245,246,118,248,249,117,251
259,260,263,264,266,267,268,270,271,272,278,280,281,25,31,47,48,65,66,74,76,77,79,211,99,100,101,123,109,241,242,119,250,251,252,125,254
260,261,263,264,269,270,271,273,279,281,283,32,69,75,79,81,85,86,87,89,94,96,98,106,109,241,243,116,117,118,249,250,251,252,253,254
259,265,266,267,269,276,279,280,281,283,284,41,302,50,66,68,69,70,71,72,74,76,77,79,80,213,86,90,247,227,103,106,111,116,119,121,252,253,254
256,2,263,265,266,267,268,269,275,276,160,35,36,173,49,53,189,62,69,70,71,199,73,74,201,207,79,81,88,217,92,97,237,114,246,121,251,255
256,257,258,131,260,261,262,264,267,271,273,275,279,287,51,184,69,80,213,87,88,89,97,122,103,106,243,245,117,118,248,249,246,252,254
259,261,263,267,268,269,271,272,280,31,48,66,69,71,74,76,77,79,81,211,87,89,98,99,100,101,232,109,124,242,115,114,248,252,125,255
256,257,258,259,262,267,269,274,275,276,281,283,32,163,39,42,47,48,187,69,326,71,330,76,77,79,208,214,89,112,243,244,245,117,121,252,253,254
256,257,258,260,261,262,263,264,267,270,271,275,279,282,69,81,213,87,89,122,106,109,243,116,245,117,246,248,249,250,251
256,257,258,259,260,261,262,264,267,268,269,142,271,275,177,323,69,200,73,74,75,81,84,87,89,120,97,98,109,243,245,246,118,248,249,251,252
259,263,267,268,271,272,276,280,31,168,48,66,68,70,71,74,76,77,79,80,211,86,99,100,101,106,109,111,116,117,246,247,118,121,122,125,254,255
261,262,263,264,269,271,273,278,279,281,283,176,304,308,69,328,76,77,79,81,85,87,88,89,106,109,241,243,116,117,118,246,252,253,254
256,0,259,263,267,268,269,142,274,19,20,281,283,284,157,32,39,175,192,66,71,74,77,78,79,208,82,83,90,94,96,225,99,102,103,108,113,244,245,253,254
256,257,258,260,262,10,267,266,269,271,16,275,281,36,39,172,47,48,185,189,69,71,328,73,74,202,329,205,81,209,210,84,87,89,91,231,243,245,246,251
256,259,7,267,269,276,280,289,168,68,69,70,71,73,74,76,77,79,80,84,86,119,87,91,92,219,99,100,101,105,106,109,111,112,116,117,246,247,121,251
261,264,269,271,277,278,283,54,69,73,75,81,84,85,87,88,89,92,93,95,248,97,98,105,106,107,109,111,112,114,243,116,117,115,120,249
0,1,261,263,264,141,269,271,273,19,277,278,281,27,51,185,69,75,81,84,85,87,89,92,93,94,248,98,105,109,111,112,241,114,115,117,118,120,249,252
0,257,262,264,269,142,271,273,20,279,281,283,157,162,39,170,301,175,178,68,69,79,210,84,86,89,225,98,104,106,110,241,243,116,117,118,245,248,249,252,253,254
261,262,264,269,270,271,273,277,279,280,283,32,69,75,79,81,85,87,216,89,119,98,106,109,241,243,116,117,118,246,244,249,252,253,254
0,259,133,263,265,267,269,142,273,275,20,279,280,281,283,285,157,159,39,47,175,178,69,198,71,76,77,204,79,80,89,247,223,225,99,124,241,245,118,119,252,253,254
259,5,262,263,267,268,271,272,275,276,282,177,65,68,70,71,200,73,74,76,77,79,80,81,84,86,87,89,91,100,105,106,108,109,111,116,117,246,121
256,259,262,264,267,269,274,281,283,32,42,187,191,69,326,71,330,202,76,77,79,80,208,213,214,89,112,241,114,243,244,245,117,251,252,253,254
261,262,5,264,269,271,279,282,283,284,32,191,69,79,81,85,87,89,98,106,109,110,241,243,116,117,246,118,248,249,252,253,254,255
128,129,130,131,132,133,134,135,136,138,139,140,19,285,286,288,289,290,291,54,212,240,122,123,124,125,126,127
128,129,130,131,132,133,134,135,136,137,138,139,265,140,285,286,287,288,289,290,291,122,123,124,125,126,127
128,129,130,131,132,133,134,135,136,137,138,139,140,285,286,287,288,289,290,291,122,123,124,125,126,127
128,129,130,131,132,133,134,135,136,137,138,139,140,285,286,287,288,289,290,291,122,123,124,125,126,127
128,129,130,131,132,133,135,136,137,138,139,140,276,285,286,287,31,289,290,291,288,41,48,66,116,122,123,124,125,126,127
128,129,130,131,132,133,134,135,136,137,138,139,140,285,286,287,288,289,290,291,59,218,103,233,107,122,123,124,125,126,127
128,129,130,131,132,133,134,135,136,137,138,139,140,285,286,287,288,289,290,291,48,66,122,123,124,125,126,127
135,10,142,144,145,147,148,149,154,156,158,292,295,296,297,298,299,167,170,302,303,172,177,306,307,308,174,175,183,311,309,310,179,184,73,330,237,251
141,143,144,145,146,147,148,149,153,154,156,157,158,292,293,294,167,295,169,296,171,300,173,302,303,304,177,305,307,308,172,174,175,179,310,184,166,330,299
141,144,145,146,147,148,149,150,153,154,155,157,158,160,161,293,294,167,296,297,298,171,299,172,174,302,170,305,306,307,308,301,175,183,179,180,184,330
256,257,258,267,142,143,145,148,149,154,156,158,292,295,296,297,169,299,170,168,302,303,175,172,174,307,308,309,310,179,184,167,330,89,110
144,145,146,147,148,149,153,154,155,156,157,158,160,161,293,294,295,296,169,298,299,171,170,302,174,167,297,301,307,308,175,177,179,184,180,330,82
141,143,144,145,149,155,156,157,158,160,161,164,292,293,295,296,297,169,298,294,170,302,303,301,305,178,307,177,309,310,175,179,180,181,330,88,173
142,144,145,146,147,148,149,153,154,155,156,157,158,160,161,167,296,169,298,171,170,172,302,174,303,173,306,307,180,308,175,183,179,181,330
142,143,144,145,147,148,149,153,154,156,158,160,292,294,295,296,169,170,299,298,167,302,303,172,173,306,307,308,174,175,309,184,310,179,330,126
141,144,147,148,149,150,152,153,154,155,157,158,166,167,169,298,171,300,172,302,175,174,177,305,307,308,309,180,306,184,179,310,330,99
141,144,146,147,149,154,155,157,158,164,293,294,167,168,297,298,171,172,301,173,170,296,305,306,179,177,307,180,311,183,308,181,71,95,104,302,175,304,124
143,144,145,146,147,149,153,155,156,157,158,160,161,164,167,296,169,298,299,171,173,302,175,303,177,304,170,172,301,179,180,184,181,65,330
10,142,145,147,148,156,158,30,292,166,167,295,297,170,299,172,173,174,303,175,177,305,307,308,309,310,311,184,183,179,73,330,231,237,251
141,143,144,145,146,147,149,155,156,157,29,158,159,164,36,166,167,169,298,171,301,302,175,304,177,178,307,180,308,305,181,197,330,208,173,110
5,141,142,144,146,147,149,150,154,155,157,158,160,161,167,296,169,170,299,300,172,302,174,175,305,177,307,308,306,178,309,310,179,180,186,330,98,127
141,147,148,149,150,152,153,154,155,157,158,164,292,167,169,298,171,300,172,174,175,304,177,306,307,305,308,180,310,179,184,330,82
141,142,145,147,148,149,153,157,158,164,292,294,295,296,169,298,167,300,170,302,175,299,177,305,307,308,309,180,178,184,310,179,328,330,172,174,303
141,142,145,146,147,148,153,154,157,158,292,294,295,296,169,170,299,300,298,302,175,167,177,305,307,308,309,174,303,184,310,179,328,330,172
141,142,144,145,146,147,148,153,155,158,160,292,294,295,296,169,170,299,300,297,302,175,172,177,305,307,308,309,174,180,184,310,179,328,330
258,141,142,143,145,147,148,149,153,154,156,158,292,295,167,297,298,171,299,169,170,303,175,177,305,307,172,309,310,311,179,308,184,330,174
135,10,11,140,138,144,146,275,23,155,156,157,158,160,161,292,167,297,169,170,172,303,175,177,306,305,49,178,179,311,180,181,73,329,330,81,216,231,237,246,251
186,187,312,313,314,315,316,189,318,319,320,188,322,323,324,317,190,199,200,328,327,191,197,201,202,204,205,194,210,207,208,213,214,209,212,215,216,103
268,48,313,186,187,316,188,190,319,192,193,66,195,324,323,322,199,200,191,194,203,197,201,202,205,207,209,210,211,212,213,208,215,216,124,126
186,60,312,313,314,187,316,189,188,317,320,190,322,191,324,325,319,327,199,201,200,194,193,197,202,205,208,207,210,209,212,213,214,215,216
22,30,32,35,52,312,315,187,188,317,318,192,319,322,323,324,195,326,199,328,200,71,194,201,202,205,208,209,210,213,214,215,89,230,245
162,165,187,312,313,314,186,316,317,318,189,320,190,322,191,324,325,194,327,199,200,197,203,328,201,202,76,208,205,210,207,212,213,214,215,209,96
14,186,312,313,314,315,316,187,190,319,320,188,322,317,324,318,191,327,200,199,328,194,197,201,202,205,208,206,210,207,209,213,214,215,217
257,260,36,164,169,181,312,314,315,187,316,318,317,320,190,322,323,324,319,191,199,200,328,194,195,197,201,202,205,208,81,210,211,209,213,215,89,248
186,312,314,315,316,187,190,319,320,188,322,317,324,325,318,199,200,327,328,329,191,197,201,202,205,194,210,207,208,213,214,209,212,215,216
187,312,313,314,186,316,317,190,189,320,318,322,191,324,325,194,327,199,200,329,197,326,201,202,205,208,207,210,209,212,213,214,215,216
19,28,166,171,185,187,316,61,317,190,192,321,193,195,196,323,324,199,319,201,191,203,68,204,206,205,209,210,194,212,213,215,90,95,114,115
30,32,35,37,44,52,312,314,315,316,187,188,191,320,192,322,323,324,317,318,199,200,328,329,319,201,202,327,205,208,194,210,209,211,213,214,215,89,217
186,312,313,314,187,188,316,190,191,320,317,322,323,324,318,319,199,200,329,192,203,195,197,201,202,328,194,210,205,212,213,214,206,207,208,209,215,216
186,312,313,314,315,316,187,190,191,320,188,322,317,324,325,318,199,200,329,319,194,197,198,328,201,208,202,210,205,207,213,214,209,212,215,216,94
277,187,54,314,186,316,189,61,191,320,321,194,322,324,325,196,327,192,197,199,201,202,200,205,206,207,208,210,209,212,213,214,215,216,93,228,109,255
53,186,187,315,188,191,192,319,322,323,324,194,326,199,200,201,202,203,328,197,205,207,208,209,210,211,212,213,214,215,216
187,312,313,314,186,316,189,188,317,320,190,322,191,324,325,65,327,199,200,201,329,197,202,205,207,208,194,210,209,212,213,214,215,216
155,187,307,308,309,314,315,188,316,317,190,192,319,322,323,196,195,324,199,328,201,200,203,191,330,205,206,208,209,194,210,213,214,215,216,94
11,275,26,313,186,187,188,316,317,191,190,319,322,323,324,325,189,199,200,329,202,327,197,328,201,205,208,194,207,209,210,213,214,215,216,90,231,104
256,257,258,259,261,262,263,264,267,268,269,271,272,275,41,177,54,323,69,71,200,73,74,75,77,81,84,85,87,89,97,98,109,241,243,116,246,248,251,252,255
257,258,260,261,262,264,10,266,269,271,16,275,277,280,69,71,73,74,202,75,81,84,87,89,91,97,98,231,237,109,239,243,245,246,119,248,251
257,261,262,264,10,266,269,271,16,275,276,277,48,69,73,74,202,75,81,84,87,89,91,248,97,98,231,237,109,243,116,246,120,249,251
0,3,5,8,10,138,12,11,271,16,17,275,19,33,39,42,43,54,183,59,64,200,73,329,81,219,227,229,230,231,232,233,237,238,239,246,120,251
0,1,3,5,8,11,12,14,15,16,17,21,22,23,26,28,33,34,39,42,55,59,63,320,64,69,224,225,226,227,229,232,233,234,238,239,117
257,3,4,5,262,9,10,12,14,271,16,17,145,22,28,161,34,35,289,42,185,58,60,63,213,223,224,225,226,229,230,231,234,238,239,122
2,5,6,135,9,12,14,145,19,24,287,39,41,43,50,187,59,190,320,66,195,199,72,207,213,222,224,225,227,228,230,231,232,233,234,236,238
2,4,5,265,266,14,157,289,35,36,37,41,42,43,173,52,53,54,55,189,66,70,199,201,207,213,217,218,222,228,230,231,233,238,121
3,4,5,7,12,14,16,17,276,24,26,34,37,39,40,41,42,43,47,51,55,58,200,80,213,214,88,219,223,231,232,233,237,239,247
3,5,10,138,12,13,271,16,275,20,23,30,32,33,35,36,37,40,44,45,51,52,54,62,320,64,66,200,213,222,224,225,228,229,230,231,234,237,238,239,251
5,7,10,138,16,275,31,37,38,42,46,48,50,53,54,56,57,60,61,320,67,199,200,329,213,219,221,222,224,228,229,230,231,233,234,236,237,238,239,121,251
5,9,265,267,12,13,21,23,27,32,34,37,40,43,44,47,49,50,51,54,315,187,188,319,322,323,66,326,198,327,208,213,214,222,224,230,234,236,237,238
0,3,4,5,9,12,144,17,24,33,40,41,43,46,49,180,55,313,187,59,317,63,64,66,195,211,84,216,219,91,222,224,226,102,231,232,233,234,236,237,238
5,13,23,30,32,37,40,43,44,45,51,52,54,312,313,316,317,190,191,320,62,322,64,324,69,66,199,210,213,222,224,225,228,230,231,105,234,237,238
3,5,12,13,14,271,20,32,34,36,37,43,44,45,177,51,54,320,64,66,322,199,200,213,222,224,225,228,229,230,231,232,234,237,238,239
5,12,13,14,17,284,30,32,35,37,43,44,45,51,52,54,190,320,64,66,199,210,213,88,222,223,224,225,228,229,230,231,105,234,237,238,121,255
128,1,0,261,5,16,17,19,21,22,28,32,33,162,42,43,51,54,63,320,64,66,210,212,85,215,218,222,223,224,225,228,229,230,231,233,234,238
1,2,4,5,7,9,12,19,149,22,23,27,28,31,33,38,42,46,47,48,49,50,52,53,54,55,56,57,187,60,61,192,66,323,67,208,219,221,230,236,238
1,5,9,12,14,16,17,274,19,22,23,24,28,34,42,43,308,55,187,63,66,199,328,203,213,218,222,224,225,227,229,230,231,232,233,234,238
3,4,12,14,16,22,24,26,34,39,41,42,43,47,54,55,313,190,63,66,205,218,221,222,223,225,229,230,231,232,233,234,238,239,242
1,3,4,5,138,10,12,14,15,16,17,275,22,24,26,28,34,39,42,43,47,55,63,213,93,223,225,229,231,233,237,238,239,251
0,1,5,261,12,271,16,17,19,22,27,30,32,33,34,35,37,43,44,52,54,317,64,324,213,89,218,222,223,224,225,229,230,231,232,233,234,237,238
5,9,10,12,14,17,273,19,18,23,34,43,304,308,54,55,58,59,188,66,328,213,218,220,222,223,224,225,98,227,229,230,231,233,234,238,252,127
0,3,5,6,9,12,14,142,271,17,275,24,30,34,40,43,45,50,54,55,313,187,60,62,320,69,219,222,223,224,225,226,229,230,231,233,234,238,239
0,1,3,5,13,14,15,142,17,22,25,27,30,32,34,35,37,42,43,44,52,54,190,320,199,201,330,213,88,218,219,222,225,227,228,229,230,231,232,234
0,2,5,266,23,32,36,37,44,173,45,51,52,53,54,189,66,70,199,201,207,213,88,217,222,224,225,228,229,230,231,234,121
0,3,4,5,10,11,12,16,17,22,24,26,34,39,41,42,43,47,55,313,58,315,191,320,63,324,213,223,225,229,233,234,238,239
0,1,2,3,5,11,268,12,15,272,16,17,22,26,28,31,289,161,39,168,41,42,48,55,313,185,316,61,60,63,191,66,324,327,203,209,211,212,223,225,238,125
3,4,5,8,11,12,14,16,17,21,22,23,26,27,32,33,34,39,42,43,47,55,59,63,64,66,218,222,223,225,227,229,230,231,232,233,238
0,3,5,135,265,138,10,12,13,14,16,17,19,279,157,289,39,41,42,170,43,301,54,55,66,201,216,218,225,227,229,230,231,233,234,237,238,253
0,2,3,5,135,8,10,11,12,138,271,16,275,33,34,292,43,303,311,59,64,73,329,74,207,81,227,229,230,231,232,233,237,238,239,246,251
0,1,2,4,5,265,13,16,19,149,22,23,27,28,33,38,39,41,42,43,49,50,52,55,56,58,63,64,66,218,100,230,231,233,238,239
0,3,5,8,9,12,14,17,24,28,33,43,50,54,187,59,320,64,204,82,218,222,224,225,227,229,230,231,232,233,234,238
0,130,2,5,135,12,16,17,145,23,27,28,39,41,42,43,52,54,55,58,59,188,64,66,198,216,218,224,225,98,230,231,233,234,238,244,123,127
1,3,261,5,8,12,14,15,16,17,22,26,27,28,39,42,43,54,55,190,63,320,324,210,212,213,218,222,223,224,225,227,228,229,230,231,232,233,234,238
1,3,5,261,8,12,14,16,17,19,22,23,28,33,34,42,43,59,63,64,210,213,218,222,223,224,225,227,229,230,231,232,233,234,238,110
1,3,4,5,12,142,15,16,17,22,26,28,34,42,43,309,312,317,318,63,322,200,330,213,218,222,223,224,225,229,230,231,232,233,234,238,239
5,10,138,11,140,266,271,16,275,23,32,33,37,43,44,303,51,54,64,66,71,73,329,81,213,218,222,224,228,229,230,231,233,234,237,238,239,246,251,254
1,5,135,12,13,19,23,155,32,33,37,43,44,176,49,51,54,55,321,66,195,323,193,203,206,209,212,91,222,223,224,228,230,232,234,235,236,237,122
2,5,261,133,8,9,10,12,14,271,17,26,30,170,43,42,45,54,55,58,317,62,191,66,324,69,198,218,222,224,225,227,229,230,231,233,234,238
0,2,3,5,135,8,138,12,17,145,23,282,26,33,42,43,54,313,58,59,316,191,320,64,324,69,198,213,218,222,224,225,227,229,230,231,232,233,234,238,121
5,13,20,30,32,36,37,43,44,45,49,51,54,312,313,316,189,317,190,320,191,64,66,324,327,199,210,213,215,222,223,224,225,228,230,231,234,237,238
3,4,263,9,10,12,269,14,16,17,18,276,24,25,26,34,42,43,47,48,55,313,314,58,320,69,200,213,223,225,229,231,233,234,238,239
1,5,12,14,143,16,17,15,19,20,22,26,28,33,34,35,39,42,43,54,55,185,63,66,210,213,218,222,223,224,225,228,229,230,231,232,233,234,238,125
0,1,3,5,12,13,23,32,289,34,37,43,44,51,308,54,55,60,190,66,199,328,79,210,213,222,223,224,225,228,230,231,233,234,237,122
2,5,6,7,135,145,19,31,32,33,37,38,39,41,42,46,48,50,51,53,56,185,57,59,60,61,63,191,321,66,67,203,210,212,215,219,221,222,228,232,236,240
5,9,12,13,14,15,17,21,23,32,34,37,40,43,44,51,54,187,322,66,200,329,213,219,222,224,225,229,230,231,233,234,236,237,238,239
5,6,7,10,12,140,16,275,26,31,160,163,38,168,46,48,50,53,56,57,60,61,63,67,327,329,216,219,221,225,226,231,236,237,238,239,240,251
0,2,5,135,10,138,12,14,16,145,22,37,40,43,54,58,59,66,198,327,199,213,218,222,224,225,228,229,230,231,233,234,237,238,239,246,121,251
0,2,3,5,135,8,138,12,145,23,28,29,33,39,43,54,313,59,316,191,320,64,324,198,213,218,219,222,224,225,227,230,231,232,233,238,124,126
3,4,9,10,12,14,271,16,17,22,24,25,26,28,34,41,42,43,47,55,58,63,200,202,81,213,223,225,229,231,232,233,237,238,239
1,5,135,13,19,23,155,32,33,37,43,44,176,51,54,61,190,321,66,195,193,323,196,199,201,203,206,209,210,212,215,217,222,224,228,230,232,234,237,122
0,1,2,5,6,13,19,32,33,162,37,166,44,174,49,51,52,54,55,56,59,319,64,66,67,68,208,217,218,92,222,224,230,234,107,237
0,4,5,11,12,14,16,17,19,281,26,32,34,39,43,54,55,58,59,188,317,190,322,324,198,329,213,90,218,222,223,225,98,228,230,231,233,237,238,239,118,127
3,5,12,13,14,271,20,23,30,32,36,37,43,44,45,51,54,320,64,322,66,200,213,222,223,224,225,228,229,230,231,232,234,237,238,239
3,5,12,13,14,17,23,32,33,34,37,44,51,54,59,190,62,64,66,222,223,224,225,227,228,229,230,231,232,233,234,237,238,241
5,10,138,12,13,271,275,30,32,37,43,44,45,51,52,54,62,64,66,199,200,329,73,81,213,222,224,225,228,229,230,231,105,234,237,238,239,246,251
0,1,2,3,5,261,135,12,142,17,145,19,20,278,157,39,43,175,51,54,55,58,59,196,203,210,212,213,85,215,218,223,224,225,227,229,230,231,233,238,117,118
1,261,5,13,145,19,30,32,37,43,44,45,51,52,54,317,62,63,320,64,66,324,198,212,85,213,215,222,223,224,225,228,229,230,105,234,108,237,240,117
5,134,10,138,140,11,14,16,275,26,35,292,166,43,303,179,54,311,58,59,66,329,73,74,81,213,218,222,226,230,231,233,234,237,238,239,246,251,126
1,2,5,261,8,11,12,15,16,17,19,22,26,27,28,39,42,43,54,55,313,317,63,320,191,324,198,212,218,219,224,225,227,229,230,231,233,238
2,5,266,12,13,14,20,23,30,32,37,167,40,42,44,45,51,52,54,189,190,317,62,64,66,199,210,213,88,222,223,224,225,228,230,231,105,234,237,121
0,1,4,5,8,11,12,14,16,17,19,22,23,25,26,27,29,32,34,41,42,43,47,55,58,187,188,63,65,66,323,200,208,214,218,223,231,232,233,238
261,264,269,271,273,277,278,283,69,73,75,81,83,84,85,87,89,91,92,93,94,248,97,98,105,107,109,241,114,243,117,118,120,249,252,254
260,262,264,269,271,273,275,279,283,32,289,41,192,324,69,79,81,85,87,89,94,98,106,109,241,243,117,118,246,248,249,252,253,254
256,257,258,260,261,262,267,271,275,278,318,68,69,70,71,79,86,89,93,225,121,229,122,106,234,111,243,116,245,117,246,248,249,118
257,259,261,262,264,268,269,271,272,275,177,323,69,200,73,74,75,76,79,81,84,87,89,120,97,98,100,107,109,243,116,246,248,249,251,255
261,264,267,269,271,273,277,279,283,165,168,41,174,51,69,75,76,79,80,85,87,88,249,103,106,108,241,243,116,117,118,246,120,121,252,253,254
2,261,264,265,266,268,269,279,281,35,36,167,173,53,189,69,70,199,71,201,207,81,213,87,88,217,89,98,109,248,121,251,253,254
261,262,264,266,269,271,273,279,281,283,285,160,32,49,69,76,79,80,81,85,87,89,98,106,237,109,241,243,117,118,246,120,252,253,254
259,131,264,265,267,269,273,280,281,283,284,289,165,168,41,174,50,69,71,76,77,79,80,89,217,227,106,127,241,243,117,119,122,252,253,254,255
257,261,262,264,269,271,273,275,279,281,283,32,165,39,174,47,186,316,68,69,79,85,86,89,106,241,243,116,117,118,249,252,253,254
257,258,260,261,262,263,264,10,269,270,271,16,275,48,311,69,71,73,74,329,202,81,84,87,89,91,98,231,104,237,109,243,246,248,249,250,251
261,264,265,266,11,269,270,271,273,277,279,281,283,32,316,69,79,81,85,87,89,98,249,106,109,241,243,117,118,248,121,252,253,254
259,261,262,264,266,10,138,269,271,272,275,276,282,69,71,73,74,202,75,81,84,87,88,89,91,92,248,97,98,231,107,237,109,115,246,120,121,251
257,261,262,135,264,138,269,271,273,277,278,289,178,69,75,81,84,85,87,89,120,92,95,97,98,105,109,111,112,114,243,117,118,248,249,122,252,127
256,257,258,259,262,135,267,268,271,280,283,40,177,68,70,71,200,73,74,76,77,79,81,86,87,89,99,100,101,105,106,111,243,116,245,246,117,121,250,253,254
257,259,261,262,264,10,267,269,271,16,275,276,280,69,71,73,74,202,75,77,81,84,87,89,218,91,248,97,98,107,237,109,246,247,120,249,251,253,254
256,259,261,262,264,269,271,273,275,279,281,282,283,157,32,69,76,79,81,85,87,89,98,105,106,109,241,243,117,246,248,249,252,253,254
259,262,8,267,269,274,21,281,283,164,166,40,41,68,69,70,71,76,77,79,80,85,86,87,89,98,99,100,106,111,112,241,244,245,116,247,117,121,253,254
259,267,269,277,279,280,282,283,68,69,70,71,76,79,80,85,214,86,87,89,119,98,100,106,111,241,243,116,117,246,118,121,252,253,254
256,257,258,261,262,264,266,267,268,12,269,271,275,279,283,68,69,70,71,199,74,76,79,86,87,88,89,100,106,111,242,243,116,117,246,121,251,252,254,255
261,262,277,278,279,280,51,68,70,71,75,76,79,80,212,85,86,87,92,93,95,97,100,104,105,106,109,110,111,112,114,115,116,117,120,121
256,257,258,259,260,261,262,264,267,271,297,318,68,69,70,71,79,213,86,89,121,100,122,106,111,243,116,245,246,117,248,249,118,251,254
256,259,263,264,267,268,269,142,276,280,281,282,283,284,32,165,168,174,182,69,76,79,80,81,84,85,119,87,89,98,99,106,109,241,243,247,252,253,254
257,258,260,261,262,263,264,10,138,269,270,271,16,275,282,172,180,189,69,71,73,74,202,81,87,89,98,231,106,109,243,246,248,249,250,251
256,259,135,265,267,269,274,147,280,281,283,284,155,32,39,41,47,176,305,182,323,195,71,72,74,76,77,206,79,80,89,101,115,119,122,252,253,254
261,262,264,269,270,271,141,273,275,277,279,281,283,42,298,69,70,79,81,85,87,88,94,98,106,109,241,243,116,117,118,249,252,253,254
257,260,261,262,7,264,269,271,275,279,281,41,297,47,68,69,70,71,76,79,85,86,89,121,100,122,105,106,111,241,243,116,117,246,245,248,249,118,252,254
256,257,258,259,262,8,9,266,267,269,271,274,21,283,32,164,166,187,68,70,71,73,74,77,79,86,87,89,99,106,244,245,246,116,121,253,254
256,257,258,259,260,261,262,267,269,271,275,281,283,32,39,47,48,185,187,315,71,74,77,89,243,244,245,248,249,122,252,254
256,257,258,259,262,266,267,269,13,271,142,20,22,23,281,283,27,30,32,35,37,40,44,45,52,187,64,71,199,200,74,201,76,77,88,89,244,245,251,253,254
256,257,258,259,260,261,262,267,269,271,276,281,283,32,289,178,187,322,71,202,76,77,79,208,213,89,114,243,244,245,248,249,122
256,257,258,259,260,261,262,267,269,271,283,32,315,187,326,71,202,76,77,79,208,213,89,114,243,244,245,248,249,122,254
256,257,258,259,260,261,262,6,7,9,267,269,14,271,283,31,289,47,48,178,50,53,56,57,187,60,67,68,71,73,74,76,77,86,89,221,240,243,244,245,246,116,248
256,257,258,259,260,262,267,268,269,271,283,32,177,187,192,323,69,326,71,200,73,74,202,77,79,208,81,214,89,218,99,109,114,244,245,248,251,252
256,257,261,8,264,266,267,269,271,17,276,21,23,281,283,27,164,166,178,182,188,69,71,74,76,77,79,80,81,84,87,89,98,99,109,244,245,246,248,251,253,254
256,257,258,262,8,267,269,271,275,21,283,164,166,40,182,188,68,69,70,71,73,74,76,77,79,86,87,89,121,99,100,105,106,111,243,244,245,246,116,248,117,251,253,254
256,257,258,259,260,261,262,267,269,271,276,283,188,69,71,73,74,76,77,79,81,213,87,89,94,98,99,109,243,244,245,247,248,249,122,253
0,257,262,8,267,269,271,17,275,19,21,283,27,164,166,39,178,182,188,69,71,73,74,76,77,80,81,84,87,89,91,94,99,109,244,245,246,120,251,253,254
257,262,8,266,267,138,269,271,17,275,276,21,283,27,289,164,166,168,46,178,182,188,69,71,73,74,77,80,81,87,89,91,99,109,244,245,246,247,122,251,253,254,127
257,262,8,267,269,142,271,276,21,280,281,283,166,168,178,188,192,69,71,73,74,76,77,80,81,84,87,89,91,94,97,98,99,109,244,245,246,247,248,253,254
257,258,261,262,264,267,269,271,16,275,276,283,188,69,71,73,74,202,75,77,81,84,87,89,91,248,97,98,237,109,244,245,246,247,120,251,254
256,257,258,259,260,261,262,267,269,271,283,42,43,324,69,71,73,74,81,84,213,87,89,97,98,109,243,245,246,117,248,249,122,251,252
259,263,267,268,272,276,280,284,31,48,66,68,70,71,74,76,77,79,80,211,86,87,247,99,100,101,106,107,109,111,112,115,116,117,119,121,253,254
257,258,261,262,266,13,271,18,20,22,30,32,35,36,37,167,44,45,52,64,67,68,69,71,199,200,201,88,89,96,106,110,243,116,117,118,246,248,121,251,252,255
128,259,261,6,263,265,267,269,281,284,289,41,302,50,182,57,66,69,71,74,76,77,79,80,81,85,87,217,90,92,99,105,109,112,114,115,117,119,253,254
256,257,258,259,260,261,262,267,269,14,271,317,322,69,71,73,81,85,213,87,88,89,94,98,109,243,245,117,248,249,122,252
256,261,263,264,269,271,277,278,51,69,73,75,81,84,85,87,89,92,93,95,248,97,98,104,105,107,109,111,112,114,115,243,117,120,249,252
258,259,264,265,267,269,277,278,280,281,283,284,289,41,50,66,69,198,76,77,79,80,81,85,87,217,227,105,106,109,111,112,243,117,119,252,253,254
256,257,258,259,260,261,262,264,267,269,271,275,312,313,318,322,69,71,81,213,87,89,90,98,106,108,109,243,116,245,118,248,249,122
257,258,261,262,264,266,10,269,271,16,275,54,69,71,73,74,202,75,81,82,84,87,88,89,120,97,98,231,237,109,239,246,248,249,251,255
256,259,8,266,267,269,17,274,276,277,21,23,283,27,164,166,40,49,178,182,188,189,69,71,72,329,76,77,79,80,208,81,84,87,88,99,244,245,246,247,253,254
257,258,262,8,9,266,267,269,271,275,21,280,283,32,164,166,187,188,68,70,71,73,74,77,81,86,119,89,99,106,243,244,245,246,116,121,251,253,254
256,257,259,8,9,267,269,274,21,280,281,283,32,164,166,187,192,68,71,74,76,77,79,80,85,86,89,99,106,112,114,244,245,246,116,121,253,254
257,261,262,264,10,266,138,269,271,272,16,275,282,46,66,69,71,73,74,202,75,79,81,84,85,87,89,91,248,121,97,98,231,109,243,246,120,249,251
256,257,259,261,262,8,264,267,269,271,17,276,21,23,280,283,27,164,166,178,182,69,70,71,73,74,76,77,79,80,81,84,87,89,98,99,109,243,244,245,246,247,248,253,254
257,258,260,261,262,266,10,267,269,271,16,275,51,66,69,73,74,202,80,81,84,87,88,89,91,98,231,103,106,109,110,239,246,248,121,251
256,257,258,259,260,261,262,267,269,271,275,309,312,318,322,324,69,71,330,81,84,213,87,89,98,109,243,245,118,117,248,249,122
259,263,267,268,272,276,279,280,281,31,168,176,48,66,68,70,71,74,76,79,80,211,86,247,98,99,101,106,109,111,242,116,117,119,121,253,254
256,267,269,274,275,276,281,283,32,39,47,51,187,316,326,71,72,76,77,79,80,208,85,214,119,88,92,96,97,114,244,245,246,247,252,253,254
2,5,261,265,266,267,271,21,282,35,36,173,51,53,184,189,70,71,199,201,207,80,79,85,87,88,217,91,97,110,241,117,246,121,253,254,255
261,262,264,267,269,271,279,283,165,168,174,68,69,70,71,76,77,79,85,86,89,100,106,110,111,241,243,116,117,118,246,248,121,252,254
261,264,269,270,277,278,283,51,69,73,75,81,84,85,87,88,89,91,92,93,95,248,97,98,105,107,109,111,112,114,243,115,117,118,116,120,249
259,262,264,267,268,269,273,276,279,280,281,283,51,69,76,77,79,80,85,87,88,89,103,106,111,241,243,244,117,246,247,249,252,253,254
261,9,269,13,281,283,32,187,68,70,71,202,76,77,79,80,208,85,86,92,97,105,106,109,111,112,114,115,244,117,245,116,121,252,254
0,257,258,1,262,10,267,268,141,269,271,275,276,19,281,27,69,71,73,74,202,81,84,87,89,91,93,94,97,98,237,109,243,245,246,247,248,249,251
256,257,258,259,260,261,262,267,271,273,168,51,316,66,69,71,200,80,209,212,85,213,87,88,89,225,122,243,245,246,118,248,249,117,254
256,257,258,131,260,261,262,264,267,269,270,271,273,279,318,322,324,69,81,84,213,87,89,98,109,241,243,245,118,248,249,122,251
257,260,261,262,263,264,266,269,271,273,279,283,32,69,79,81,85,87,89,98,106,109,241,243,117,118,246,248,249,251,252,253,254
257,261,262,135,9,267,269,271,279,281,153,283,284,32,296,42,177,68,69,326,71,76,77,79,208,86,214,89,106,241,243,244,117,245,118,116,252,253,254,255
256,257,259,262,267,269,271,275,276,22,283,32,301,51,187,71,73,74,202,76,77,80,81,84,87,88,89,91,114,244,245,246,247,251
264,269,273,274,279,280,281,283,284,301,188,189,192,68,69,70,71,329,76,79,80,85,86,87,98,100,105,106,111,112,241,243,116,117,119,121,252,253,254
261,262,264,269,271,273,279,283,36,68,69,70,71,74,76,79,85,86,87,95,121,98,100,105,106,111,112,241,243,116,117,118,246,249,122,252,253,254
259,263,267,268,269,272,276,280,284,31,297,48,178,66,69,74,76,77,79,80,81,211,85,87,88,89,247,98,99,100,101,232,109,114,115,119,124,125
256,257,258,259,260,262,135,8,267,269,271,17,21,283,27,156,164,36,166,169,304,178,181,182,187,318,69,71,74,77,208,81,87,89,99,109,243,244,245,118,246,248,250,253,254
0,1,261,262,264,269,141,271,273,19,279,281,283,27,157,69,79,81,85,87,89,120,94,104,106,241,243,116,117,246,118,248,122,251,252,253,254,255
257,258,261,262,264,266,10,269,271,16,275,69,71,73,74,202,75,207,81,84,87,89,91,120,97,98,231,237,109,239,243,245,246,248,249,251
259,262,263,264,267,269,142,280,281,283,32,165,168,174,69,74,76,77,79,80,81,84,119,87,89,98,99,106,109,112,241,243,247,248,252,253,254
256,257,258,259,260,131,262,4,267,269,271,276,280,283,34,297,310,312,322,324,71,77,79,213,89,225,100,230,104,112,116,245,248,249,122,253
256,257,258,259,262,8,267,269,271,274,21,281,283,32,166,51,187,60,71,76,77,79,80,88,89,99,243,244,245,246,248,249,122,253,254
259,266,267,10,269,271,275,276,283,40,68,70,71,73,74,76,77,79,81,84,86,87,89,91,99,100,105,106,111,116,117,246,247,121,251,253,254,255
261,277,21,54,188,61,189,194,68,325,69,70,71,329,76,79,85,86,87,92,93,94,97,228,100,104,105,106,234,109,110,111,116,117,246,244,120,121
257,2,261,262,266,271,282,35,36,168,173,53,189,68,69,70,71,199,201,79,207,86,88,89,217,95,231,106,110,111,243,116,117,246,121,251,255
256,257,258,259,262,264,267,269,270,271,280,281,282,283,32,69,76,77,79,81,85,87,89,98,106,109,241,243,116,117,248,249,252,253,254
256,259,261,263,267,268,269,271,272,276,280,31,48,66,69,71,73,74,76,77,79,80,81,211,84,87,89,91,247,98,99,102,232,109,246,119,248,124,125
257,258,260,261,262,263,264,269,270,271,272,16,18,275,279,69,73,74,202,79,80,81,84,87,89,91,98,109,111,243,117,246,248,250,251
257,261,262,264,269,270,271,277,279,280,283,68,69,70,71,76,79,85,86,87,95,121,98,100,105,106,111,241,242,243,116,117,118,249,122,252,254,255
257,261,262,264,267,269,142,271,273,277,278,279,168,51,69,80,81,84,85,87,88,89,91,92,97,98,103,104,109,243,116,117,246,118,248,252,253,254
257,258,259,261,262,10,266,267,269,271,16,275,276,280,318,320,66,69,71,73,74,202,77,81,84,85,87,89,91,94,98,237,109,116,246,248,251,254
0,257,259,260,3,262,263,264,137,268,269,142,271,273,20,279,281,157,39,175,178,69,75,204,88,89,227,235,124,241,242,243,114,117,118,246,248,252,253,254
256,259,263,264,267,269,273,274,280,281,283,32,42,305,186,187,69,326,71,330,202,76,77,79,80,208,214,89,106,241,114,243,244,245,252,253,254
256,259,262,135,267,269,147,23,280,281,283,155,294,297,176,309,182,184,195,196,69,323,71,68,76,77,206,79,80,85,89,99,106,112,241,114,115,116,117,122,252,253,254
261,262,264,269,270,271,273,275,279,283,32,69,73,79,81,84,85,87,89,94,98,106,109,241,243,116,117,118,246,248,249,251,252,253,254
259,262,263,264,135,268,269,271,272,273,274,279,280,281,283,196,69,79,85,87,89,92,97,98,99,106,241,114,243,117,118,123,252,253,254
257,258,260,261,262,264,10,267,269,271,16,275,276,281,39,47,48,311,185,69,71,73,74,202,81,84,87,89,91,120,98,231,237,109,243,245,246,248,251
257,258,260,261,262,264,10,266,269,271,16,275,46,69,73,74,329,202,75,81,84,87,89,91,120,97,98,231,237,109,243,245,246,248,249,251
259,264,265,266,267,269,280,281,283,284,289,41,50,51,66,69,70,71,74,77,79,80,88,217,99,227,106,112,243,246,119,248,121,252,253,254,255
261,262,264,269,271,277,278,283,69,73,75,81,84,85,87,89,91,92,93,95,248,97,98,104,105,107,109,111,112,114,243,117,120,249,254,255
256,259,8,267,269,17,21,22,280,281,283,32,166,178,182,187,192,69,326,71,202,76,77,79,80,208,85,87,99,105,112,114,243,244,245,117,253,254
261,262,264,266,268,269,271,273,275,279,283,32,69,71,79,81,87,88,89,98,249,106,107,109,241,242,243,117,118,248,121,251,252,253,254,255
256,257,258,259,260,261,262,263,264,267,269,270,271,275,312,318,69,71,81,213,87,89,98,122,109,243,245,246,118,248,249,250,251
261,262,133,264,269,271,273,277,278,279,284,162,170,301,69,75,81,84,85,87,89,218,92,94,95,248,97,98,104,109,111,114,243,115,117,118,116,246,250,255
261,264,267,269,277,278,282,284,51,69,73,75,76,80,81,212,85,84,87,89,92,120,95,97,98,105,107,109,110,111,112,241,114,115,243,117,246,118,248,249,254,255
261,264,269,270,271,273,275,279,282,26,283,32,69,76,79,81,83,85,87,89,121,98,106,107,109,241,243,116,117,246,118,248,249,252,253,254
256,259,264,265,267,269,276,280,281,283,284,289,41,50,66,69,72,76,77,79,80,81,87,217,89,99,100,227,106,109,241,243,119,252,253,254
256,257,258,259,260,261,262,131,267,269,271,322,324,69,71,81,84,213,87,89,98,109,241,243,245,117,246,248,249,122,252,254,255
256,257,258,260,261,262,267,269,271,18,67,68,69,70,71,200,75,76,79,84,85,86,87,89,95,96,121,100,105,106,111,243,116,245,117,246,248,249,252
256,257,258,259,260,261,262,267,271,16,22,26,34,43,312,58,318,322,69,71,72,73,213,87,89,229,243,245,246,117,248,249,122,252,253
256,257,258,260,261,262,267,269,271,273,275,150,324,69,71,75,76,81,85,213,87,89,98,122,106,109,243,245,246,117,248,249,118,251,252
256,257,258,259,260,261,262,267,269,13,271,275,20,22,30,32,34,35,37,167,44,45,52,318,64,322,69,71,199,200,201,88,89,93,241,243,245,117,119,248,249,252
259,262,135,10,267,271,275,276,147,23,280,155,294,297,303,176,309,182,184,195,196,68,323,71,73,74,76,77,206,81,84,86,91,247,237,115,244,116,246,119,122,251
257,259,261,262,264,10,11,266,267,269,271,16,275,276,303,69,71,73,74,202,75,81,84,87,89,91,248,97,98,231,107,237,109,244,246,120,249,251
257,261,267,269,142,271,273,18,21,279,168,51,67,68,69,200,75,80,209,81,212,85,87,88,89,94,96,121,98,103,106,109,110,116,117,118,246,248,249,252,254,255
256,257,258,259,260,261,262,267,269,271,287,295,318,322,69,71,81,213,87,89,98,229,230,109,241,243,115,245,246,248,249,122,251,252
257,258,259,260,261,262,264,267,269,271,277,278,283,287,295,69,75,79,81,84,85,87,89,92,120,97,98,230,109,112,243,117,245,248,249,252
256,257,258,259,262,8,267,269,271,17,21,23,281,283,27,287,164,166,295,178,182,69,70,71,77,79,80,81,85,87,89,98,99,230,109,243,244,245,248,253,254
256,257,258,259,260,261,262,267,269,271,275,283,287,295,41,312,318,322,69,71,81,213,87,89,91,230,109,243,245,117,248,249,122
256,257,258,259,260,261,262,264,10,267,266,269,271,16,275,276,287,295,69,71,73,74,202,81,209,84,87,89,91,97,98,230,231,237,109,245,246,248,251
256,257,258,259,260,261,262,264,267,269,271,273,283,287,32,295,66,69,71,79,81,87,89,98,230,106,107,109,241,243,245,117,248,249,252,253,254
256,257,258,259,260,261,262,264,267,269,271,287,295,312,318,322,69,71,81,213,87,89,96,229,230,109,241,243,245,248,249,122,252
256,257,258,259,260,261,262,267,269,271,275,279,283,169,49,311,188,189,68,69,70,71,329,79,86,87,89,121,100,230,106,111,241,243,116,245,246,118,248,249,117
256,257,258,259,260,261,262,267,269,271,275,279,281,39,47,48,185,318,322,68,69,70,71,79,86,88,89,121,105,106,111,241,243,116,245,117,248,249,122,252,254
256,259,262,263,264,267,268,269,11,271,273,279,280,281,283,32,69,76,77,79,80,81,84,87,89,247,98,99,106,109,241,243,119,252,253,254
0,1,261,262,264,266,141,269,271,273,19,279,281,27,41,68,69,70,71,79,85,86,88,89,94,106,110,241,243,116,117,246,118,248,121,122,251,252,254
262,263,264,267,269,271,273,276,281,283,51,66,69,76,77,79,80,81,84,85,87,88,89,91,98,106,109,241,243,117,246,247,252,253,254
259,263,267,268,269,272,276,280,284,31,48,51,66,69,74,76,77,79,80,81,211,87,88,247,92,99,101,103,232,109,112,115,246,119,124,125,254
261,262,264,269,271,273,275,279,281,283,289,39,41,188,189,68,69,70,71,329,79,85,86,87,89,223,98,100,106,111,241,243,116,117,118,246,121,252,253,254
257,258,260,262,10,266,267,11,271,275,277,168,311,313,68,69,70,71,73,74,76,79,81,84,86,87,89,91,100,105,106,237,111,116,245,246,117,248,121,251
256,257,259,262,263,9,267,12,269,271,274,276,279,281,283,156,32,42,65,68,69,326,71,76,77,79,208,86,214,89,106,112,241,244,245,116,247,252,253,254
261,262,264,269,271,272,146,277,278,166,178,51,311,318,320,195,69,74,75,80,81,212,85,84,87,89,92,95,248,97,98,104,105,109,111,114,115,117,118,120
256,257,258,260,261,262,267,269,271,275,318,322,324,69,71,81,84,213,87,89,98,106,107,109,243,116,117,246,245,248,249,122,251
256,257,258,259,262,8,267,269,271,276,21,280,283,164,166,40,178,182,68,70,71,73,74,76,77,79,86,87,89,121,99,100,105,106,111,244,245,116,247,248,117,253,254
256,260,261,262,264,269,271,272,273,279,281,283,32,46,69,79,81,85,86,87,89,98,106,109,241,243,116,118,248,249,252,253,254
261,262,264,11,269,271,275,279,282,283,165,168,174,324,69,68,70,71,79,80,85,86,89,121,100,106,111,241,243,116,117,246,118,249,252,253,254
257,259,260,261,262,264,269,271,273,275,278,288,69,73,74,75,81,84,85,87,88,89,92,120,97,98,107,109,243,115,117,246,118,248,249,251,252
256,257,258,262,8,265,267,269,271,17,274,275,21,23,283,27,32,164,166,40,178,182,187,71,73,74,202,77,208,81,89,91,99,244,245,246,251,253,254
256,258,259,263,264,267,11,269,268,273,279,280,281,283,32,182,69,76,77,79,80,81,87,89,98,99,106,109,241,242,243,244,117,252,253,254
261,262,267,269,271,143,277,278,280,324,69,68,70,71,76,79,85,86,87,89,92,93,95,248,97,121,100,105,106,109,110,111,112,114,243,116,117,120,249
259,261,262,133,264,267,269,271,276,279,280,281,283,165,168,170,174,68,69,70,71,76,79,80,85,86,89,218,100,106,111,241,243,116,117,246,247,121,252,253,254
256,9,266,267,269,271,274,279,281,283,32,42,187,68,69,326,71,330,76,77,79,80,208,214,86,88,89,106,110,241,244,245,118,116,122,252,253,254
261,264,269,271,277,278,162,166,174,51,184,65,68,69,75,81,85,87,89,91,92,93,95,248,97,98,103,105,107,109,111,112,114,115,117,118,120,252,125,255
259,261,263,264,268,269,278,280,283,68,69,74,75,76,77,79,80,81,84,85,87,88,89,92,97,98,99,105,109,111,112,114,115,243,117,116,248,249
256,259,261,8,267,269,17,274,21,23,280,281,154,283,27,164,166,305,178,182,69,71,76,77,79,80,81,84,85,87,89,98,99,109,241,244,245,118,247,248,253,254
257,260,261,262,264,267,141,269,271,273,279,281,283,165,168,300,174,48,51,179,69,79,80,87,88,89,106,241,243,117,118,246,248,249,252,253,254
257,258,259,261,262,264,266,10,268,269,271,16,275,276,69,71,73,74,202,75,81,84,87,89,91,248,97,98,231,107,237,109,243,246,120,249,251
257,258,260,261,262,264,266,10,269,271,16,275,284,69,71,73,74,202,75,81,84,87,88,89,91,120,97,98,231,237,109,243,245,246,248,249,251,255
256,261,264,269,143,277,278,51,54,69,73,75,81,84,85,87,88,89,92,93,94,95,248,97,98,105,107,109,111,112,114,115,243,117,120,249
261,264,268,269,277,278,283,51,54,194,69,73,75,81,212,85,84,87,88,89,91,92,93,95,248,97,98,105,107,109,114,243,115,117,120,249
257,259,261,262,264,10,266,269,270,271,16,275,282,69,73,74,202,81,84,87,89,91,98,231,108,237,109,239,114,243,117,246,248,249,251,252
257,260,261,262,263,264,269,270,271,273,18,277,168,67,68,69,70,71,75,79,85,86,87,89,94,95,96,121,100,106,111,243,116,117,118,249,250,251
257,258,261,262,264,10,266,269,271,16,275,276,311,69,200,73,74,329,202,75,78,81,84,87,89,91,120,97,98,231,237,109,243,245,246,248,249,251
257,258,261,262,264,266,269,271,275,279,281,283,165,39,174,47,48,185,318,320,68,69,70,71,79,86,88,89,106,241,243,116,246,121,251,253,254,255
257,258,260,261,262,267,269,271,273,275,279,281,39,47,48,185,68,69,70,71,79,85,86,119,89,121,106,111,241,243,116,117,245,118,248,249,122,252,254
261,262,264,269,270,271,273,279,281,283,32,69,79,81,85,87,119,89,98,106,109,241,243,117,118,245,248,249,251,252,253,254
261,262,264,269,271,277,278,51,69,73,75,81,84,85,87,88,89,91,92,93,120,95,97,98,231,104,105,107,109,111,112,114,115,243,117,118,248,249,252
257,261,262,264,270,271,272,18,275,277,278,279,280,67,68,69,70,71,76,79,82,85,86,87,89,94,95,96,121,100,101,105,106,110,111,243,116,117,118,246,249
3,260,261,262,264,268,269,271,15,273,17,21,283,69,198,79,81,87,88,89,225,229,233,234,106,109,238,241,243,117,118,252,253,254
257,260,261,262,263,264,266,269,271,275,278,279,283,313,324,69,68,71,70,79,86,88,89,121,100,106,107,111,243,116,117,246,249,251,252,254,255
262,9,267,269,274,279,281,283,32,42,301,187,68,69,326,71,70,76,77,79,80,208,85,86,214,89,95,106,112,243,244,245,117,116,121,252,253,254
262,264,269,270,271,273,275,279,283,162,290,166,45,174,184,59,65,321,68,69,325,327,79,85,89,98,103,106,107,241,114,243,117,118,249,252,125,254
261,262,264,269,271,273,277,278,279,283,163,69,73,75,81,84,85,87,88,89,92,93,95,248,97,98,104,107,109,111,242,243,117,118,120,249
257,261,262,264,269,270,271,18,279,290,56,67,69,73,75,80,81,84,85,86,87,89,120,96,97,98,104,107,109,243,116,117,118,246,248,249,251,252,255
261,264,266,269,270,277,278,283,160,298,49,191,68,69,71,75,81,85,213,87,88,86,92,93,95,248,97,105,109,237,111,112,114,243,116,117,118,120
256,257,258,259,260,5,262,7,267,269,271,280,283,312,188,194,68,69,70,71,76,77,79,86,89,95,121,98,100,105,106,110,111,241,243,116,245,117,248,249,252,253,254,127
2,260,261,263,264,265,266,270,271,280,35,36,167,173,53,189,68,69,70,71,199,201,207,213,85,88,89,217,231,110,243,116,117,246,119,121,250,251,255
259,261,264,8,266,269,270,271,272,273,281,282,283,32,59,69,79,81,85,87,88,89,106,108,109,110,241,243,117,246,249,252,253,254
257,261,262,264,10,266,269,271,272,16,275,276,46,66,69,73,74,329,202,75,79,81,84,87,89,91,248,97,98,231,237,109,243,246,120,249,251,253
261,262,10,138,266,268,269,271,272,16,275,276,282,68,69,71,73,74,202,203,79,80,81,84,86,87,88,89,91,106,109,111,243,116,246,248,249,251
256,259,267,19,276,280,284,290,162,166,168,174,184,59,318,65,321,195,68,69,72,74,76,77,79,80,81,211,89,91,247,94,99,100,101,103,105,107,109,112,114,125,119,253
257,258,262,10,266,11,268,269,271,16,275,280,187,69,71,328,73,74,329,202,205,81,210,209,87,215,89,91,98,231,237,109,239,242,243,246,119,248,251
256,257,258,259,262,8,267,269,271,21,281,283,164,166,40,182,319,68,70,71,73,74,76,77,79,86,87,89,99,100,105,106,111,243,244,245,246,116,117,121,253,254
256,259,261,267,269,271,144,146,276,279,283,29,180,188,68,69,70,71,74,76,79,85,86,87,89,92,95,100,105,106,109,110,111,112,243,244,117,116,121
259,263,265,267,268,272,276,280,284,31,289,41,48,50,66,69,74,76,77,79,80,211,87,217,99,100,101,102,232,109,115,125,119,124,253,254
261,262,264,11,269,271,273,279,281,283,32,69,79,81,85,87,89,98,106,109,241,243,116,117,118,246,248,249,252,253,254
257,262,264,9,267,269,270,273,275,279,280,281,283,165,39,47,48,182,68,69,70,71,75,79,80,86,89,90,98,99,106,241,243,116,117,247,121,253,254
261,262,264,269,270,271,275,277,279,281,283,32,317,69,79,81,84,85,87,89,98,249,106,109,241,243,116,117,246,252,121,126,251,124,253,254
261,263,264,266,269,271,277,278,69,73,75,81,84,85,87,88,89,92,93,94,95,248,97,98,104,105,106,107,109,111,112,114,115,116,117,243,120,249
256,259,266,267,10,271,275,276,290,46,68,70,71,73,74,76,77,79,81,84,86,87,216,89,91,100,102,106,237,111,116,117,246,247,121,251
256,259,135,265,267,268,269,147,23,280,281,283,155,289,294,41,297,176,309,182,184,195,196,69,323,71,74,77,206,79,80,89,91,99,100,101,112,241,115,248,122,252,253,254
256,259,7,267,268,269,270,276,277,280,282,68,70,71,73,74,76,77,79,80,84,86,119,87,91,92,219,99,100,105,106,109,111,242,116,117,246,247,121,251
259,263,265,267,268,272,280,284,31,48,66,68,70,71,74,79,80,211,86,95,98,99,100,101,106,109,111,242,115,116,117,125,119,121,124,253,254,255
256,259,261,267,269,283,32,168,187,62,192,69,326,71,74,202,76,77,79,80,208,81,85,214,89,92,105,109,112,114,115,244,245,117,247
256,257,258,262,8,267,269,142,271,17,21,283,166,168,178,182,69,71,75,76,77,80,81,84,85,87,89,97,98,99,109,244,245,246,118,248,126,124,253,254,255
257,258,261,262,264,269,271,273,278,51,313,69,75,80,81,84,85,87,89,92,93,95,248,97,98,105,109,111,112,241,114,115,243,117,118,120,249,252
261,262,264,10,269,271,277,279,283,28,165,168,174,188,68,69,70,71,75,79,80,85,86,87,89,95,97,104,106,109,111,243,116,117,121,252,253,254,255
256,257,261,262,267,141,271,275,19,68,69,70,71,73,74,76,77,79,85,86,87,89,94,95,121,98,100,105,106,110,111,113,243,116,117,246,248,249,122,251
257,130,261,262,5,267,269,142,271,141,273,279,281,283,300,305,188,69,71,79,81,212,85,84,87,89,95,98,109,241,243,117,118,246,248,123,252,253,254,127
256,257,259,262,8,267,269,142,17,274,275,20,21,23,279,281,283,27,157,36,164,166,175,178,68,71,76,77,79,80,119,225,99,105,112,244,245,246,117,116,118,253,254
0,257,262,263,264,267,269,142,271,273,20,279,281,283,157,165,39,175,178,51,69,79,80,88,89,225,101,110,241,243,244,117,118,246,123,252,253,254
257,258,260,262,10,267,270,271,275,282,68,69,70,71,73,74,75,76,79,81,84,86,87,89,91,95,100,231,105,106,237,111,243,116,245,246,117,248,121,251,252
257,261,262,264,10,266,269,271,16,275,276,69,71,73,74,202,75,81,84,87,89,91,220,120,97,98,249,231,237,109,243,244,246,248,121,251
259,263,264,265,267,268,269,146,21,280,281,283,284,32,289,41,50,69,71,72,74,76,77,79,80,81,217,89,91,99,100,227,106,109,243,119,252,253,254
256,257,258,259,261,262,8,264,267,269,271,17,274,276,21,23,281,283,27,164,166,178,182,69,71,76,77,79,81,84,87,89,97,98,99,109,244,245,248,253,254
258,259,261,264,269,271,273,277,278,51,180,69,73,75,81,84,85,87,89,92,93,94,95,248,97,98,105,106,108,109,111,112,114,243,117,118,120,249
256,259,267,269,144,18,146,280,283,180,190,67,68,70,71,74,75,76,77,79,80,85,86,87,89,95,96,100,105,106,111,112,114,115,116,117,121,253,255
261,262,264,269,270,271,273,19,277,279,283,32,309,60,69,330,79,80,81,85,87,89,98,106,109,241,243,117,118,249,252,253,254
256,257,258,259,262,8,267,269,271,276,21,283,164,166,40,178,182,68,70,71,73,74,76,77,79,81,86,87,89,121,99,100,105,106,111,244,245,246,247,116,117,251,253,254
261,262,264,269,270,271,272,273,277,279,283,32,165,168,174,69,74,203,79,81,85,87,89,120,121,98,106,109,241,243,116,117,248,249,251,252,253,254
256,257,258,259,261,262,264,266,267,269,271,274,283,32,42,187,69,70,71,326,74,330,76,77,202,79,208,214,88,89,241,114,243,244,245,246,252,253
259,261,264,265,268,269,271,276,279,280,153,282,283,284,32,182,69,76,79,80,81,84,85,119,87,89,91,98,99,106,109,241,243,246,247,248,252,253,254
257,261,262,264,268,269,270,271,273,279,281,283,32,289,178,69,79,81,85,86,87,89,98,106,109,241,242,243,116,117,118,249,252,253,254
259,261,262,263,264,268,269,271,272,273,274,279,280,281,283,32,66,69,79,81,87,89,98,99,106,109,241,242,243,117,118,123,252,253,254
0,1,259,264,265,137,267,269,141,19,276,280,281,283,284,27,289,41,69,72,75,76,79,80,87,218,247,94,99,100,101,106,107,109,112,241,243,119,252,253,254
257,261,262,268,271,277,278,279,280,177,323,68,69,70,71,200,74,76,79,85,86,87,89,95,100,101,105,106,109,110,111,112,243,116,117,246,245,248,121,251
261,262,269,271,277,278,283,168,298,191,69,73,75,81,84,85,213,87,88,89,92,93,95,248,97,98,104,105,109,112,243,116,117,118,120,255
261,262,264,267,268,269,271,272,273,279,283,32,51,69,80,81,84,85,87,88,89,98,249,106,109,110,241,243,117,118,246,248,121,252,253,254
141,144,145,146,147,155,156,157,158,160,161,164,36,167,169,298,171,300,172,170,301,304,177,305,307,180,308,310,179,309,181,318,330,208,173,302,175
2,135,142,143,144,145,146,147,148,18,149,153,154,155,156,157,158,160,161,294,295,296,169,170,299,298,167,302,175,172,173,174,179,180,181,184,330
141,143,145,146,147,148,149,153,154,158,159,167,296,169,298,171,172,173,174,301,304,305,177,179,180,307,308,175,182,310,185,193,321,330,203,209,212,95,114
141,142,144,145,146,147,148,149,153,154,156,158,292,293,294,167,296,166,170,171,172,301,174,303,175,305,306,307,177,308,179,311,310,184,330
142,144,145,147,148,149,150,153,154,155,156,158,160,294,167,296,169,298,171,299,170,302,174,172,177,306,175,179,180,310,183,184,187,330
141,272,144,146,147,149,150,152,153,154,155,157,158,160,296,169,298,171,300,172,174,170,301,305,177,307,308,306,180,183,175,179,330,74
10,141,142,16,145,275,148,149,154,156,158,292,167,296,295,170,299,172,300,174,303,175,177,306,307,308,309,310,311,179,184,73,330,81,171,231,237,246,251
142,271,144,145,147,148,149,155,156,157,158,160,161,292,295,296,169,298,299,171,173,302,303,175,177,306,307,172,174,180,309,310,179,184,330,170
11,141,143,144,145,146,147,148,149,150,151,22,152,158,159,32,160,162,163,164,165,296,169,298,297,168,42,302,175,304,305,178,307,308,180,309,177,184,182,330,208,214,47
10,16,145,144,147,275,149,148,155,156,157,158,160,161,292,164,167,295,297,169,171,170,172,173,303,304,177,306,305,302,309,310,311,175,179,180,181,65,330,231,237,251
141,142,147,148,149,154,158,292,293,167,295,169,298,171,300,172,302,303,175,177,305,307,308,309,304,311,184,179,310,330,170,299,227,174
261,265,141,269,144,145,273,147,149,153,154,156,28,158,31,160,294,296,169,298,299,171,173,302,303,300,305,307,308,184,68,71,80,81,86,87,88,89,98,106,109,116,118,119,121,253
0,141,142,143,144,145,146,147,149,281,154,155,156,157,158,160,161,164,167,296,169,298,171,39,173,302,168,304,177,305,307,180,181,175,178,308,179,198,330,170,300,118
143,144,145,146,147,148,149,153,154,155,156,29,158,160,161,294,295,296,169,298,299,167,297,302,175,171,172,174,307,180,308,176,178,184,179,309,182,88
137,141,142,146,147,148,153,154,155,156,157,158,292,295,296,169,170,299,300,172,302,303,167,305,177,307,308,309,174,175,178,179,310,184,330
141,142,144,145,146,147,148,154,155,156,157,158,160,161,164,167,296,169,298,171,300,299,302,303,168,177,305,307,178,308,179,175,304,180,181,330,170,172,173
142,143,144,145,146,147,148,149,153,154,155,156,157,158,160,161,293,294,295,296,169,170,299,298,167,302,175,297,171,172,301,180,174,177,179,310,184,108
4,142,143,144,145,146,147,148,149,154,155,156,158,159,161,295,296,297,298,299,169,171,302,170,172,174,175,180,309,310,54,184,311,330,92,105
142,143,144,145,146,147,148,16,150,151,152,153,155,156,158,159,160,161,162,163,165,294,295,296,169,170,299,298,173,302,175,168,174,180,308,182,184,185,72,73,330,225
141,142,144,145,146,147,148,149,150,152,153,154,155,156,29,158,160,294,167,296,169,298,299,170,300,302,171,172,305,174,175,177,306,179,183,184,310
142,144,145,147,148,149,153,154,155,156,157,158,160,292,295,296,169,298,171,299,170,168,175,172,173,178,306,180,307,179,183,184,309,310,181,330,232,174,112,303
141,142,145,147,148,149,154,156,158,292,293,167,295,298,299,172,300,302,303,175,177,305,307,308,309,310,311,179,184,330,170,171,174
128,141,142,147,148,277,149,153,154,158,292,167,296,169,295,171,300,170,299,172,174,305,177,179,307,308,175,303,184,185,310,61,321,330,87,228,109,120
141,13,142,145,147,150,151,152,153,22,156,30,159,32,35,292,165,37,167,168,169,170,297,300,173,44,303,304,177,305,307,308,309,180,311,184,179,52,182,330,174,175
3,12,141,144,145,146,147,273,149,150,151,152,154,155,158,159,160,161,34,162,165,296,169,298,171,299,173,172,302,168,305,170,179,180,181,307,183,184,182,185,330,43,111,112,175
143,144,145,146,147,148,149,153,154,155,156,157,158,159,160,294,166,296,169,298,299,170,173,302,175,167,171,172,174,305,177,179,183,184,180,182,310
135,141,142,146,147,148,149,154,157,158,292,167,295,169,298,171,172,300,173,174,304,305,177,307,308,180,310,181,175,179,184,330,170,299,303
143,144,145,146,147,155,156,157,158,160,161,164,167,295,169,297,171,296,173,302,303,304,177,175,298,172,181,178,179,180,65,330,170,88
2,135,141,143,144,145,146,147,149,155,29,158,159,160,161,294,295,296,298,299,171,170,174,175,304,305,306,307,180,177,310,183,308,179,184,330
134,10,266,141,146,147,19,149,148,150,151,152,154,156,159,162,292,165,167,168,169,171,172,303,304,177,306,307,305,180,178,311,308,179,182,186,316,330,237,47,175,251
2,144,146,147,148,149,153,154,155,156,157,158,160,161,294,38,296,169,170,171,299,298,302,175,303,173,307,180,179,308,181,184,61,330,93,94
141,142,147,148,149,150,153,154,158,292,167,296,169,298,299,172,300,174,171,175,305,177,307,308,309,306,180,184,179,310,330,295,170,303
142,143,144,146,147,148,149,154,155,157,158,292,167,296,297,298,171,170,172,174,302,304,305,306,307,308,180,177,183,309,179,178,310,184,181,330,88,175,303
10,11,144,275,147,149,148,153,154,155,156,158,292,294,167,296,297,298,166,171,172,174,303,175,177,306,307,308,309,179,311,310,184,73,329,74,330,81,231,237,251
129,143,144,145,146,147,153,155,157,158,160,161,164,294,295,296,169,170,298,299,173,302,175,304,305,178,307,308,180,174,49,179,181,311,65,330,112
141,143,144,145,146,147,148,153,155,156,157,158,160,161,164,294,295,296,169,170,299,298,173,302,175,167,41,300,172,308,179,180,183,184,181,330,297
141,142,144,146,147,148,149,154,155,157,158,160,161,164,166,167,296,169,298,171,172,301,170,173,304,305,177,179,307,180,308,310,175,185,181,330,174
144,145,146,147,148,149,150,151,153,154,155,156,158,159,162,165,294,296,169,298,171,299,170,302,175,168,172,50,179,180,183,184,185,61,193,321,203,209,212,95,114,115,249
261,269,143,144,145,146,147,148,149,153,154,155,156,281,158,31,160,296,169,298,299,171,302,304,178,180,183,184,68,70,71,79,86,87,88,106,110,112,116,117,121
141,143,144,145,148,149,153,154,155,158,292,293,166,295,296,297,167,171,172,170,301,303,174,177,305,307,306,309,310,311,308,179,180,184,330,175
4,141,143,144,145,146,147,148,149,150,151,152,153,154,155,29,159,160,165,294,295,296,169,170,299,171,167,302,175,304,177,172,179,180,182,183,62,168,211,99,110
141,143,144,145,146,148,149,153,154,155,158,32,164,292,166,167,296,169,298,171,299,297,302,172,304,305,178,307,180,308,306,174,175,177,179,310,184,330
142,143,144,145,146,147,148,149,154,155,156,157,29,158,160,159,292,295,296,169,298,299,171,297,302,170,304,172,301,307,180,309,174,175,184,178,310,330,88
141,142,144,147,148,149,150,154,158,292,295,296,169,298,167,172,300,174,171,170,305,177,307,308,309,310,180,184,179,330,299,175,303
128,129,130,131,132,5,134,135,136,137,138,10,140,139,133,16,285,286,287,288,289,290,291,231,239,122,123,124,125,126,127
128,129,130,131,132,133,134,135,136,137,138,139,140,285,286,287,288,289,290,291,122,123,124,125,126,127
128,129,130,131,132,133,134,135,136,137,138,139,140,19,285,286,287,288,289,290,291,195,122,123,124,125,126,127
128,129,130,131,132,133,134,135,136,137,138,139,140,285,286,287,288,289,290,291,122,123,124,125,126,127
128,129,130,131,132,5,134,135,136,133,138,10,140,139,16,275,285,286,288,289,290,291,329,81,231,123,237,239,246,122,251,124,125,126,127
128,129,130,131,132,133,134,135,8,137,138,139,136,140,17,21,23,27,286,287,288,289,290,164,44,178,187,188,192,122,123,124,127
128,129,130,131,132,133,134,135,136,137,138,139,265,140,285,286,287,288,289,290,291,236,122,123,124,125,126,127
128,129,130,131,132,133,5,135,134,137,265,139,138,136,140,150,285,286,287,288,289,290,291,33,67,75,122,123,124,125,126,127
128,129,130,131,132,133,134,135,136,137,138,139,140,17,285,286,287,288,289,290,291,122,123,124,125,126,127
128,129,130,131,132,133,134,135,136,137,138,139,140,285,286,287,288,289,290,291,71,95,122,123,124,125,126,127
128,129,130,131,132,133,134,135,136,137,138,139,140,17,285,286,287,288,289,290,291,40,122,123,124,125,126,127
128,130,131,132,5,134,135,133,136,138,10,140,11,139,16,275,151,26,285,286,288,290,291,292,165,303,50,311,329,73,81,231,123,237,246,251,124,125,126,127
128,129,130,131,132,133,134,135,136,137,138,139,140,285,286,287,288,289,290,291,213,122,123,124,125,126,127
128,129,130,131,132,133,134,135,136,137,138,139,140,285,286,287,288,289,290,291,39,223,122,123,124,125,126,127
128,129,130,131,132,133,134,135,136,137,138,139,140,285,286,287,288,289,290,291,122,123,124,125,126,127
128,129,130,131,132,133,134,135,136,137,138,139,140,19,285,286,288,289,290,291,212,225,122,123,124,125,126,127
128,129,130,131,132,133,134,135,136,137,138,139,140,285,286,287,288,289,290,291,122,123,124,125,126,127
128,129,130,131,132,133,134,135,136,137,138,139,140,285,286,287,288,289,290,291,122,123,124,125,126,127
128,129,130,131,132,133,134,135,136,137,138,139,140,285,286,287,288,289,290,291,48,233,122,123,124,125,126,127
128,129,130,131,132,261,134,5,133,135,138,139,136,137,140,19,285,286,288,289,290,318,222,225,228,229,231,234,106,110,122,123,125,126,127
128,129,130,131,132,133,134,135,136,137,138,139,140,19,285,286,287,288,289,290,291,78,212,122,123,124,125,126,127
128,129,130,131,132,133,134,135,136,137,138,139,140,285,286,287,288,289,290,291,173,201,217,122,123,124,125,126,127
128,129,130,131,132,133,134,135,136,137,138,139,140,8,17,27,285,286,287,288,289,290,291,44,178,197,122,123,124,125,126,127
128,129,130,131,132,5,134,135,136,1,138,133,140,139,277,285,286,288,289,290,291,54,61,63,228,122,123,124,125,126,127
128,129,130,131,132,133,134,135,136,137,138,139,140,285,286,287,288,289,290,291,212,122,123,124,125,126,127
128,129,130,131,132,133,134,135,136,137,138,139,140,17,285,286,287,288,289,290,291,122,123,124,125,126,127
128,129,130,131,132,133,134,135,136,137,138,139,140,285,286,287,288,289,290,291,122,123,124,125,127
128,129,130,131,132,133,134,135,136,137,138,10,140,139,11,271,285,286,287,288,289,290,291,164,231,239,122,123,124,125,126,127
128,129,130,131,132,133,134,135,136,137,138,139,140,285,286,287,288,289,290,291,217,122,123,124,125,126,127
128,129,130,131,132,133,134,135,136,137,138,139,140,285,286,287,288,289,290,291,233,122,123,124,125,126,127
9,27,187,312,313,314,186,316,317,188,189,320,190,322,194,324,325,326,327,199,200,191,197,201,202,205,207,208,209,210,212,213,214,215,216
275,312,313,314,187,316,317,188,189,320,191,322,186,324,192,194,327,199,329,202,200,195,197,201,328,208,205,210,206,207,213,214,209,216,212,215
187,314,186,188,316,317,191,192,320,322,190,324,319,326,199,327,329,202,201,195,197,328,200,208,194,205,211,206,213,214,207,216,80,209,210,212,215
283,186,313,314,187,188,316,317,319,320,192,322,193,324,325,326,327,195,191,194,203,197,199,200,201,202,209,210,211,212,213,205,206,207,208,215,216,328
259,260,267,145,287,312,315,187,188,319,192,191,322,323,324,195,196,199,328,201,200,203,197,202,205,208,209,210,211,194,213,214,215,216,236
136,145,187,312,313,314,186,316,317,188,189,320,190,322,194,324,325,198,327,199,329,191,197,200,201,202,205,208,207,210,209,212,213,214,215,216
186,312,313,314,315,316,187,188,319,317,318,322,194,324,325,323,327,200,329,199,191,197,72,328,74,208,201,210,202,205,213,214,207,209,215,221
10,275,312,313,186,187,188,316,317,191,192,322,194,324,197,199,200,329,202,73,327,201,328,205,206,81,207,208,209,213,210,212,216,215,231,246,251
314,187,315,188,186,191,192,319,322,323,324,196,326,199,200,329,202,201,328,197,205,206,208,194,207,211,209,213,214,210,216,212,215
32,167,314,187,315,188,189,319,192,191,322,323,324,194,326,199,200,201,202,329,197,327,205,207,208,209,210,213,214,215,216,217
312,313,186,315,188,187,316,317,192,193,322,323,324,195,196,199,328,200,318,203,319,191,197,201,202,209,210,194,205,213,214,207,208,211,215,217,245
137,152,187,312,314,186,188,317,316,191,320,192,322,323,324,189,190,199,200,329,327,202,319,197,72,201,208,194,205,78,207,213,214,209,216,210,212,215,94
9,187,312,313,314,186,316,189,188,317,320,190,322,194,324,325,191,327,200,199,201,329,197,326,202,205,208,206,210,207,209,213,214,212,215,216
2,167,173,53,313,314,187,316,189,188,319,320,317,322,190,324,191,194,199,327,201,202,197,205,207,208,209,210,213,214,215,216,217
186,187,312,313,314,315,188,189,316,317,320,190,322,195,324,191,326,199,200,328,194,203,197,201,202,205,207,209,210,208,212,213,214,82,215,216,94
257,3,134,287,51,312,314,315,316,187,190,188,320,317,322,323,324,318,319,199,200,328,327,191,197,201,202,205,207,194,210,208,209,213,214,215,89,221,245
18,190,187,313,314,186,316,317,188,319,320,189,322,323,324,325,198,199,200,327,329,191,318,197,201,202,205,194,210,67,212,213,78,215,207,208,209,216,96
261,269,31,186,187,315,188,191,192,319,322,195,324,323,326,196,199,201,68,203,204,69,71,205,208,209,79,211,81,213,214,210,216,84,86,87,88,89,215,97,98,106,109,116
190,187,312,313,314,186,316,317,188,319,320,192,322,195,324,325,189,327,191,194,197,199,328,201,202,200,208,205,210,211,212,213,214,206,207,209,215,216
206,190,187,313,314,186,316,188,189,191,320,321,322,192,324,196,193,199,319,194,195,203,197,328,201,202,200,209,210,205,212,213,214,215,207,208,216
12,32,186,42,312,314,187,188,315,316,317,192,319,322,323,324,191,321,199,328,200,202,201,197,326,204,205,208,194,210,207,209,213,214,215
148,187,176,183,312,186,315,316,188,317,319,192,191,322,195,324,323,197,194,199,201,328,202,204,200,205,206,207,209,210,211,208,213,214,212,216,215
2,135,207,38,187,314,186,316,188,189,190,320,192,322,195,324,325,196,199,200,201,191,203,197,328,202,205,206,209,210,211,212,213,214,215,194,208,216
187,182,189,186,314,188,315,316,319,192,317,322,191,324,197,196,199,328,201,318,203,204,202,205,207,208,209,194,211,81,213,214,195,210,215,107
5,187,312,313,314,186,316,188,317,190,320,192,322,191,324,325,198,199,327,194,197,203,204,326,200,201,202,205,210,206,212,213,207,208,209,214,215,216
289,41,186,315,316,188,187,319,192,191,194,323,195,196,326,324,197,201,66,203,204,205,199,200,208,209,202,211,207,213,214,210,216,217,212,215
78,18,282,51,312,313,314,187,316,317,318,188,320,189,322,323,324,325,190,327,200,199,191,203,67,197,198,328,201,194,210,202,212,213,205,215,207,208,209,96,246
186,313,314,187,316,188,190,191,192,321,322,195,324,193,194,199,197,329,328,203,201,202,206,200,208,204,210,205,212,213,214,215,207,209,216
187,312,313,314,186,316,317,318,189,320,321,322,195,324,196,190,199,200,328,191,203,192,197,201,202,205,194,210,206,212,213,207,215,208,209,216,89,117
145,287,186,315,187,188,319,192,191,322,323,324,196,326,199,200,201,202,329,328,197,72,205,208,209,194,211,207,213,214,195,216,210,212,215,236
10,275,312,313,186,187,188,316,317,191,319,192,322,323,324,194,197,199,200,329,202,73,201,328,205,206,207,81,208,210,209,213,212,215,216,237,239,246
2,290,166,53,186,187,316,188,59,319,192,191,321,323,196,197,324,195,328,201,194,203,204,205,326,199,202,209,210,211,213,214,68,216,215,218,100,101,103,107
187,313,186,314,188,316,317,319,192,320,322,190,324,197,198,326,327,199,191,194,195,328,201,202,208,209,205,211,206,213,214,207,210,212,215,216,200
186,187,316,188,61,319,192,321,193,194,196,325,195,324,326,201,191,203,197,199,328,202,208,209,204,211,212,205,207,87,216,210,213,215,89,109,200
156,186,188,189,313,314,187,316,317,190,319,320,192,322,323,324,318,198,199,200,329,191,203,197,328,201,202,208,321,210,194,212,213,205,207,209,215,216
10,275,28,305,313,186,187,188,316,317,319,192,190,322,323,324,191,198,199,200,329,202,194,197,201,205,206,208,207,209,210,212,213,214,215,216,231
205,9,273,288,187,314,186,188,316,189,190,192,321,193,195,196,323,324,191,328,200,201,203,197,199,206,202,77,209,210,194,212,213,214,215,207,208,216
10,275,40,42,177,312,186,187,188,317,189,191,319,322,323,324,194,197,199,200,73,329,202,328,201,205,207,208,81,209,210,212,213,215,216,231,237,246,251
275,186,312,314,315,316,187,318,191,320,188,322,323,324,317,190,199,200,328,327,319,197,198,201,202,208,194,210,205,207,213,214,209,212,215,216
206,312,313,186,315,188,187,318,316,317,190,322,323,324,195,319,199,200,328,191,203,192,197,201,202,321,194,210,205,212,213,214,215,207,208,209,216
25,187,47,313,314,186,316,189,188,317,320,190,322,323,324,191,326,327,200,199,328,194,197,201,202,205,208,207,210,209,212,213,214,215,216
187,60,313,314,186,316,189,190,191,320,321,322,193,324,325,195,199,200,196,328,203,192,197,201,202,205,209,210,194,212,213,206,215,207,208,216
18,281,159,34,187,312,313,314,186,316,189,317,190,320,321,322,193,324,325,194,199,200,327,191,203,67,197,198,201,202,205,210,78,212,213,207,215,208,209,96
48,186,187,188,316,190,319,192,193,191,323,196,195,324,194,200,201,197,203,199,328,202,207,208,209,205,211,206,213,214,210,216,217,212,215
148,176,183,186,187,316,188,317,319,192,191,322,323,324,197,326,195,199,201,194,203,204,205,200,202,206,209,210,211,207,213,214,208,212,215,216
190,313,186,315,316,187,188,191,192,320,322,323,324,317,326,198,200,199,329,203,319,197,328,201,202,194,205,211,207,213,214,208,209,210,212,215,216,94
301,187,52,312,313,314,186,316,189,317,190,320,193,194,322,324,325,321,327,199,191,197,203,200,201,202,205,206,209,210,207,212,213,208,215,216,104
9,186,313,314,187,316,317,188,319,320,189,322,190,324,325,326,327,199,201,200,191,318,197,202,205,208,194,210,207,209,213,214,215,216,98
275,312,314,187,188,316,189,319,191,186,322,323,324,192,194,199,200,329,202,327,197,326,201,328,205,206,207,208,209,213,214,210,216,212,215,231,237,251
0,3,205,12,289,187,60,312,314,315,188,189,318,316,192,317,322,323,324,195,190,327,328,200,319,191,325,197,206,199,201,194,210,202,212,213,214,208,209,85,215,223
10,138,275,312,313,186,187,316,188,317,190,320,191,322,323,324,192,194,199,200,329,327,202,195,197,201,328,205,206,207,208,209,213,210,212,216,214,215,231,237
10,275,312,186,187,188,317,191,192,319,322,323,324,194,195,199,200,329,73,202,74,197,201,328,205,81,206,207,208,213,214,209,216,210,212,215,237
186,312,314,315,188,187,316,319,192,320,322,317,324,318,326,327,200,329,199,191,197,328,201,202,208,194,210,205,206,213,214,207,209,212,215,216
283,36,187,312,313,314,186,316,188,318,191,320,192,322,317,324,190,198,327,199,329,319,194,325,197,200,201,208,202,210,205,207,213,214,209,212,215,216,326
205,187,313,314,186,316,188,190,319,320,321,192,322,324,196,198,193,328,199,191,203,195,197,200,201,202,209,210,194,212,213,214,206,207,208,215,216
5,187,54,312,313,314,186,316,189,317,190,320,191,322,194,324,325,198,327,199,329,192,197,326,200,201,202,205,206,210,207,212,213,208,209,214,215,216,225
187,312,313,314,186,188,189,318,316,320,317,322,190,324,325,191,327,199,194,197,326,328,201,202,207,208,200,210,205,212,213,214,215,209,216,237
187,313,314,186,316,188,189,190,320,193,194,322,324,325,196,327,192,191,197,203,199,201,202,200,208,209,210,205,212,213,206,215,207,216,328
145,150,287,186,315,187,188,191,192,319,322,323,324,194,326,199,328,329,202,201,200,197,75,76,208,209,205,211,207,213,214,210,216,215,236
269,275,39,47,48,185,314,315,316,187,188,317,192,319,322,323,324,191,326,199,328,200,201,194,202,205,208,209,210,213,214,215,216
186,312,313,314,315,187,317,188,189,192,190,322,323,324,319,191,199,200,328,329,201,327,197,202,205,206,194,207,208,209,213,214,195,216,210,212,215
279,187,313,314,186,316,317,188,319,320,192,322,189,324,190,191,327,199,201,200,194,197,326,328,202,208,209,210,205,207,213,214,212,216,215
279,32,182,189,314,187,188,315,316,191,192,319,322,323,324,195,326,199,328,201,202,196,197,205,208,209,194,210,213,214,215,216
18,282,187,315,188,317,319,192,189,322,323,324,195,326,199,200,201,202,203,191,197,205,78,208,209,210,211,194,213,214,67,216,215,96
128,204,205,22,42,187,316,315,188,319,192,193,321,323,196,324,326,195,325,201,191,203,197,199,206,202,208,209,210,194,212,213,214,215,123
270,15,190,187,312,313,314,186,316,317,318,319,320,188,322,194,324,325,189,327,200,329,199,191,197,201,202,205,206,207,210,208,209,213,212,215,216,126
275,172,48,189,313,186,315,188,316,187,319,192,193,321,195,323,196,197,191,194,201,66,203,204,199,202,207,205,209,208,211,210,213,214,215,216,217
186,300,187,312,313,314,315,316,189,318,191,320,317,322,190,324,319,194,199,200,327,328,329,197,201,202,205,207,208,210,209,212,213,214,215,216
187,54,313,314,186,316,317,61,190,320,321,194,193,324,325,198,327,199,191,192,203,195,197,200,201,202,209,210,205,212,213,206,215,207,208,214,216,328
187,54,313,314,186,316,317,190,191,320,321,193,194,324,325,196,198,195,197,199,203,328,201,206,202,200,209,210,204,212,213,205,215,207,208,216,89
156,186,312,313,314,187,188,189,316,317,320,190,322,323,324,191,194,199,200,329,202,328,197,201,205,206,207,208,210,211,209,213,214,212,215,216
10,275,186,312,314,187,188,189,316,317,318,191,322,323,324,192,194,199,200,329,202,327,197,326,201,328,205,206,207,208,209,213,214,210,216,212,215,231
10,275,312,187,188,189,318,319,192,191,322,323,324,194,195,199,200,329,202,73,328,201,197,205,208,207,81,210,211,213,214,209,216,215,237
187,53,313,314,186,188,317,316,189,320,190,322,194,324,325,191,327,200,329,199,197,326,201,202,207,208,205,210,209,212,213,214,215,216,118
206,187,313,314,186,316,317,61,190,320,321,194,193,324,325,196,327,322,191,192,203,195,197,199,200,201,209,210,202,212,213,205,215,207,208,214,216,223,328
187,54,313,314,186,316,317,189,190,320,321,194,322,324,325,196,327,191,192,195,203,197,199,206,200,201,209,210,202,212,213,205,215,207,208,214,216,328
205,18,207,282,186,315,188,187,189,319,192,321,193,323,195,196,322,324,200,201,326,203,191,197,206,199,208,209,194,211,67,213,214,78,216,217,210,215,96,328,202
267,145,287,187,315,188,319,192,193,321,323,196,325,195,324,322,201,199,203,191,197,327,207,208,209,210,194,205,213,214,215,217,236,328,202
167,187,313,314,186,316,317,188,189,320,190,322,319,324,191,194,199,327,201,200,197,202,205,207,208,209,210,212,213,214,215,216,217,117,121
9,314,187,315,188,186,319,192,191,322,323,195,324,326,199,200,201,202,328,197,205,207,208,209,194,211,210,213,214,215,216,217
