130,5,69,133,22,88,218,222,223,32,30,95,35,37,234,43,170,44,238,243,60
7,73,74,208,16,214,23,87,219,221,31,163,40,42,236,237,46,51,56,61
130,3,9,139,208,17,16,87,220,222,223,158,42,43,47,50,51,179,58,187
323,7,12,205,208,214,23,219,221,31,32,34,163,38,42,236,46,245,56,57,61
320,5,198,200,13,213,222,30,32,37,231,40,234,43,44,45,51,52,313,316,317
322,3,324,4,213,24,222,223,34,39,43,239,118,55,312,249,58,317,318
320,5,14,222,223,224,32,30,230,313,234,43,45,51,54,121,187,317
320,1,64,3,69,15,17,21,222,223,224,225,32,163,234,43,44,238,51
4,6,136,9,14,16,87,222,223,158,226,35,234,43,238,239,51,179,53,58,187
320,69,198,5,8,265,79,16,87,281,222,289,227,39,234,43,51,118,313,58,187,317
1,195,323,5,13,206,208,19,23,87,155,32,228,37,232,44,109,45,51,54,55
1,322,324,262,16,17,213,22,89,218,222,32,34,35,229,231,238,312,249,318
257,258,322,260,5,89,30,224,33,34,32,229,230,234,44,45,51,245,54,312,122
5,200,329,138,10,16,81,275,213,87,222,158,231,43,239,51,54,311,58,251
64,1,3,12,19,22,93,223,32,33,35,228,229,232,234,43,238,117,54,59
320,3,4,200,14,24,222,223,34,100,233,234,43,238,239,175,47,55,313
320,69,198,5,14,222,30,224,32,230,231,234,43,45,51,54,313,187,317
257,258,260,5,262,13,271,20,89,32,225,34,229,235,44,174,49,50,51,54,312
256,323,71,7,267,208,219,221,287,31,97,163,230,236,46,315,56,187,61,319
5,73,10,329,140,13,16,81,275,160,32,37,231,44,237,239,51,53,54,251
320,5,136,200,9,16,17,87,222,223,231,234,43,238,51,313,58,187,317
0,3,4,134,329,10,138,140,73,16,275,24,26,27,34,231,39,43,239,55,251
1,129,195,323,196,7,206,208,19,83,154,31,232,105,111,112,240,114,117
69,263,81,274,87,281,89,283,158,32,106,109,241,243,51,252,253,254
68,69,5,263,264,268,271,81,274,87,88,158,98,109,242,243,51,313,127,255
324,69,264,75,79,81,85,87,88,89,158,32,249,106,109,243,51,116,313,317
326,71,8,77,269,79,81,274,214,23,87,216,27,283,158,32,99,51,244,187
257,258,5,71,267,12,269,77,81,214,87,89,283,158,32,98,109,51,244,245,187
198,73,10,138,329,80,81,16,275,87,88,158,231,109,239,51,116,246,311,251
259,68,261,7,71,73,74,269,15,276,86,87,280,247,93,102,235,237,51,116,119
257,261,69,262,271,81,210,87,88,89,92,158,32,97,106,109,110,242,243,51,248
324,200,79,81,85,213,87,88,89,158,32,106,109,243,116,51,246,249,317,191
198,135,264,75,81,277,85,87,88,94,158,97,106,107,109,243,51,249,250,251
264,73,10,329,271,16,81,275,87,88,283,158,231,109,239,243,51,311,250,251
66,264,265,81,87,280,88,90,89,284,158,32,100,109,302,51,119,252,253,254
256,71,267,76,79,273,274,81,87,88,281,283,158,32,99,109,51,119,253,254
68,267,269,80,86,87,280,89,281,283,88,32,106,241,51,116,119,252,253,254
259,325,268,271,79,81,87,88,284,158,32,98,109,242,243,51,117,116,252,190,255
256,69,198,264,75,271,81,85,87,88,94,158,32,106,109,243,51,249,250,317
257,322,258,260,261,262,13,213,87,88,89,93,32,312,37,44,243,248,249,318
257,258,322,260,262,13,87,88,89,30,248,32,34,44,180,245,312,122,318
257,322,259,260,262,267,81,87,88,89,158,32,312,108,109,243,51,248,249,318
257,322,260,324,262,81,275,213,87,88,89,281,158,109,51,116,312,249,317,318
257,69,261,264,271,81,87,88,89,93,158,32,106,109,242,243,51,117,251
257,322,324,262,81,213,87,88,89,158,32,106,109,112,243,51,116,312,249,318
259,263,264,268,79,81,274,211,87,25,158,31,99,47,48,241,242,51
69,264,75,79,81,85,87,94,158,32,96,106,109,243,51,249,250,251,252,317
66,68,71,265,213,86,87,217,90,283,284,32,289,227,41,106,302,51,116,119,126
261,70,199,201,266,87,88,217,92,158,160,97,231,243,53,121,251,189
257,258,260,261,262,267,80,81,87,88,89,158,184,248,97,109,243,51,312,318
66,259,263,74,268,79,81,211,87,88,158,31,32,99,109,48,242,51
256,326,71,76,77,269,208,81,274,87,283,158,32,163,109,51,121,187
324,69,262,260,264,270,81,213,87,89,282,158,106,109,242,243,51,117,312,249,318
69,262,200,14,271,142,81,275,87,88,158,32,106,109,242,243,51,116,313,251
259,68,263,71,74,268,271,272,86,87,158,31,99,232,106,110,48,242,51,116
69,264,77,79,273,81,87,88,281,32,106,109,176,243,51,116,118,249,253,254
256,192,326,267,269,77,208,274,83,82,214,90,283,96,32,102,103,108,113,244,187
73,10,138,329,205,81,210,275,87,281,158,292,36,231,172,51,246,311,251,189
259,68,7,73,74,269,81,276,86,87,280,247,158,100,101,102,237,116,119,121
198,75,81,85,277,87,88,89,92,94,158,32,106,109,51,116,54,249,250,317
1,261,75,81,83,84,277,85,278,87,88,94,158,106,109,243,51,117,120,185,250
68,69,261,271,210,84,86,279,87,89,157,32,225,106,110,241,243,116,117,118,252
69,261,264,75,81,87,280,88,216,158,32,98,106,109,110,242,243,51,117,244,119,250
204,269,79,274,275,87,281,283,159,32,39,124,241,243,117,245,118,252,253,254
65,259,68,5,261,262,71,268,271,86,87,89,282,108,109,242,243,51,116,251,255
256,69,326,71,76,269,77,208,274,213,214,87,283,158,32,251,241,187,253,191
320,69,261,264,75,81,87,88,26,282,284,158,32,106,109,110,242,243,51,252,191
128,129,193,130,132,131,133,136,203,139,140,210,83,212,277,285,288,54,123
192,128,130,131,132,133,136,139,140,208,214,23,286,287,42,47,49,55,57,123,125
128,129,130,131,132,5,134,133,136,139,140,287,288,289,123,127
128,129,130,131,132,133,136,139,140,288,289,123,127
128,66,259,131,265,138,139,86,289,291,41,302,48,116,122,123,124,125,126,127
128,130,131,132,133,135,136,137,139,140,280,289,290,291,100,101,294,103,107,123,125
128,66,259,130,131,134,139,268,140,211,31,288,289,291,232,48,123,124,126
138,10,147,148,156,158,184,292,172,174,303,175,306,179,246,311,310
147,148,156,158,293,294,167,296,298,172,174,303,304,305,306,175,179,310
324,144,85,150,154,155,158,160,292,293,294,296,171,172,174,305,179,180,183,184,191
258,267,143,145,148,155,221,158,230,295,168,297,169,172,174,175,110,179,245,310,122
76,142,144,82,147,149,153,155,158,160,161,296,298,172,175,176,177,179,180,307
257,322,262,144,88,89,155,157,158,160,34,312,295,297,301,303,178,179,180,310,248
79,144,147,87,155,158,160,32,292,293,164,298,172,303,175,305,306,179,180,51,183
142,144,147,148,149,158,160,294,296,298,299,170,172,302,173,174,175,179,180,310,184
141,147,150,152,153,158,99,296,169,298,300,172,175,304,305,306,177,180,179
71,75,144,146,147,155,158,164,168,104,170,171,172,301,305,306,179,185,250
66,265,144,146,90,155,157,158,160,164,296,41,169,299,301,302,179,180
147,148,156,158,292,166,167,231,172,174,303,175,305,306,310,311,184,251
197,141,143,144,208,146,147,155,156,158,164,169,298,300,304,306,180,181
5,141,144,147,150,154,155,157,158,160,98,172,300,302,304,305,306,177,179,180,186
141,147,150,153,158,292,293,167,172,300,175,305,306,179,177,311
330,147,148,149,158,296,172,174,175,305,306,307,308,309,180,179,184
328,330,147,148,158,296,169,300,172,174,175,304,307,308,309,184
328,330,142,147,155,158,295,296,169,170,172,175,307,308,309,184
256,324,144,148,213,155,184,158,292,167,172,174,175,179,310,312,249,315,318,319
329,10,138,144,146,275,155,156,158,160,292,231,169,303,175,178,179,180,246,311,251
191,322,194,324,260,262,199,204,205,210,213,215,89,312,249,186,187,317,318,319
66,259,194,195,263,200,199,201,268,205,210,211,213,215,31,99,48,313,187,317,191
320,193,194,198,199,200,201,205,208,210,213,215,317,60,313,314,187,316,189,191
256,322,324,71,199,200,201,267,205,210,213,22,215,32,315,312,187,318,319
320,194,198,200,76,205,208,210,213,215,222,223,165,186,187,313,314,317,316,189,191
191,322,194,324,327,199,205,206,14,210,213,85,215,217,312,249,187,317,318,319
322,194,324,195,262,200,205,208,81,210,211,213,215,89,312,249,187,317,318,319
322,194,324,319,327,199,201,205,210,213,215,37,312,249,314,187,317,318,191
320,194,69,198,199,200,201,205,208,210,213,215,222,223,43,313,314,187,316,317,191
321,193,195,203,204,205,209,210,212,28,95,223,228,171,114,117,185
322,324,262,199,200,201,202,205,210,211,213,217,32,312,249,187,317,318,319
320,194,323,324,197,198,199,200,205,14,210,213,215,222,313,187,317,191
191,194,324,198,327,199,201,205,210,213,85,215,37,249,187,317,318,319
194,325,199,327,201,205,210,277,213,87,215,97,228,109,179,54,120,187,61,191
192,194,323,326,200,202,205,208,210,214,23,215,32,42,47,187,188
193,194,324,325,198,327,199,202,205,208,209,210,85,213,215,249,313,187,317,191
195,328,330,205,206,210,215,155,220,100,233,42,307,308,309,55,188
194,200,329,10,138,202,205,210,275,189,213,215,26,231,187,239,311,251,188,317
69,200,264,77,271,79,81,85,87,158,98,313,41,106,242,243,51,116,54,246,249,317
73,10,138,329,16,81,275,277,87,119,280,88,158,292,231,109,51,246,311,251
329,10,138,73,16,81,275,277,87,88,158,32,292,231,109,48,51,116,246,311,249,251
0,64,5,135,73,10,138,329,16,275,87,231,39,59,43,237,239,51,120,58,251
64,3,69,8,12,16,17,224,225,226,227,163,229,232,234,42,238,117,58,59,252
322,3,200,16,145,213,87,222,223,158,161,34,226,35,239,51,312,58,60,317,318
320,195,5,6,200,9,14,207,145,87,222,223,224,233,234,43,238,313,58,187,317
2,5,70,71,199,201,266,207,209,87,88,217,157,121,43,313,58,317,189
323,4,3,7,208,23,24,88,223,34,58,42,43,47,239,51,55,314,187
5,200,329,10,138,13,275,222,30,32,37,231,40,44,45,239,303,51,52,311,251
5,199,200,329,138,10,135,7,16,275,87,222,31,163,231,42,46,239,51,311,56,61
192,323,5,326,9,13,208,214,23,27,32,224,42,234,236,43,44,51,54,187
2,323,4,6,9,208,144,84,216,91,102,59,42,43,236,46,180,55,187,63
320,69,198,5,264,13,23,222,30,32,37,40,234,106,43,44,45,243,51,54,313,317
5,199,200,13,14,271,213,87,222,223,32,158,37,231,234,43,44,51,54,313,317
320,5,13,14,87,284,222,223,224,32,37,234,43,44,45,51,54,313,190,255
64,193,5,203,75,16,210,212,22,222,223,32,163,228,234,43,44,51,54,58
192,67,5,326,7,12,148,149,214,23,22,221,31,32,163,38,42,47,49,56,61
320,195,323,5,9,139,208,16,19,22,28,222,223,163,42,43,238,55,58,187,63
3,4,263,200,205,16,279,24,223,34,233,43,238,47,239,241,242,55,313,190
3,4,134,329,10,138,140,12,16,275,24,26,93,34,231,233,43,239,55,251
1,322,324,200,16,213,22,89,218,222,32,34,35,229,231,232,234,43,44,312,318
129,130,5,7,10,139,16,18,19,278,87,158,223,288,225,98,43,51,117,58,127
320,5,198,9,14,87,222,223,224,230,234,43,45,238,54,313,58,187,317
320,198,75,13,22,88,218,222,30,32,35,37,229,231,232,234,43,44,54,313,317
2,5,70,199,201,266,88,222,32,36,231,234,44,51,53,54,121,189
320,3,324,4,198,24,222,223,34,39,106,43,47,239,54,55,313,58,317,191
66,259,3,5,268,12,16,17,22,31,223,289,163,232,168,42,60,48,242,313,58,316
64,326,8,12,269,16,17,214,23,22,28,221,32,163,227,42,43,236,47,55,58
256,66,5,135,71,73,138,10,16,275,87,279,157,231,39,43,303,51,58,251,253
64,135,73,74,140,207,16,81,275,231,233,59,43,237,46,239,58,251
64,0,66,4,265,16,149,217,27,284,289,163,100,38,39,41,45,55,56,58
320,64,69,198,5,9,204,82,87,222,224,234,43,106,187,238,54,313,58,59,317
320,130,2,5,198,16,87,216,222,223,224,158,98,231,234,43,51,54,58,317
320,5,198,16,17,22,87,28,222,223,224,163,228,234,43,238,54,313,58,317,63
320,64,200,14,16,19,22,28,222,223,33,163,234,43,110,54,313,58,59,317,63
322,324,5,200,16,17,213,22,28,222,163,230,231,43,238,63,312,249,58,317,318,319
64,5,135,329,10,138,73,16,275,32,163,228,37,230,231,44,239,303,51,246,311,54
256,192,66,323,195,5,71,13,208,91,92,155,31,32,37,44,115,51,54,187
320,69,5,261,14,208,87,218,222,30,224,230,234,43,42,45,51,58
320,64,2,69,198,5,16,87,222,223,224,32,231,234,43,51,54,313,58,59,317
320,5,198,199,13,213,215,87,222,158,32,37,231,234,43,44,49,51,54,313,317
320,3,4,69,263,200,24,25,222,223,34,58,234,43,239,47,48,55,313,314,317
320,1,322,14,143,16,19,20,213,22,28,222,223,224,163,185,234,43,313,58,317,63
320,5,198,71,13,14,79,87,222,223,32,158,37,44,51,54,313,187,60,317,191
320,2,324,198,7,213,87,222,223,32,158,31,313,106,51,61,53,54,56,185,60,317
5,200,14,21,222,223,224,32,231,234,43,236,44,238,51,54,187,317
134,7,200,329,10,138,16,275,219,221,222,31,163,38,231,46,239,311,56,57,251,61
2,5,199,200,329,10,138,266,135,16,275,87,222,231,43,239,51,246,58,251
64,130,3,261,5,139,207,19,213,87,29,225,231,39,43,108,124,58,59,316,127
3,4,200,329,10,138,12,16,275,24,26,223,34,231,233,43,239,55,58,251
256,323,195,5,71,201,13,206,208,210,155,32,37,42,44,51,54,55,187
192,65,256,67,68,5,208,23,92,32,33,37,166,41,42,44,51,54,55,57,187
5,198,327,11,209,85,213,87,26,222,158,223,98,37,313,39,43,118,249,58,317,191
324,5,327,200,13,209,85,213,23,88,87,158,30,32,37,44,51,54,313,317,191
320,64,5,198,13,14,23,222,223,32,33,163,234,106,43,44,110,51,54,62,317,190
5,200,329,10,138,140,13,275,222,30,224,32,230,231,234,44,45,239,51,54,311,251
128,2,5,203,16,19,212,83,278,87,158,223,39,43,240,51,117,54,58,59
128,64,5,203,212,222,223,224,32,30,228,230,234,43,108,45,240,51,54
5,329,138,10,74,16,275,87,158,35,292,231,43,239,303,51,246,311,58,251
320,5,208,16,19,22,87,28,222,223,163,228,234,43,42,51,117,54,58,63
320,69,5,199,266,13,87,222,158,224,32,228,37,234,43,44,45,51,53,54,121,317
1,4,11,12,14,208,16,214,23,22,25,26,27,29,32,42,47,55,58,187
69,261,264,75,81,210,83,87,88,92,93,94,158,32,106,109,242,243,51,117,249,250
192,69,264,75,79,81,85,87,88,94,158,32,106,109,243,51,116,249,250,317
257,322,258,260,261,262,68,71,86,87,89,93,158,248,243,51,116,312,318
69,261,200,76,271,81,87,88,89,158,32,98,106,109,242,243,51,117,116,251,255
261,69,264,75,76,80,81,277,87,88,94,158,32,168,41,106,108,110,243,51,117,250
2,70,199,264,201,266,75,268,207,87,88,217,158,121,243,51,189,313,317
69,264,266,75,79,81,274,87,88,281,158,32,160,106,109,242,243,51,117,120,254
265,269,81,87,88,90,283,284,158,32,227,168,106,109,302,243,51,119,252,253,254
68,69,261,71,264,269,79,274,86,87,281,158,32,106,243,116,117,186,252,254
264,73,10,329,138,140,81,275,87,88,158,231,104,109,239,48,51,311,250,251
69,198,264,75,11,81,87,88,89,94,158,32,313,106,109,243,51,116,249,250,317
73,10,138,140,16,81,210,275,87,88,89,158,32,231,109,239,115,51,311,251
196,138,81,83,277,85,87,158,97,289,105,109,112,178,51,117,118,120,249,122,127
259,68,261,69,135,200,71,268,271,86,87,89,158,99,242,243,116,51,250,251,255
73,10,138,329,16,81,275,87,88,158,32,292,231,107,109,51,116,246,311,251
69,198,264,75,81,87,88,89,157,158,32,106,43,109,110,242,243,51,249,250,252
68,326,71,269,77,274,85,214,23,86,87,27,283,98,99,41,42,51,244,116,187,188
68,261,69,5,264,71,75,214,87,280,89,86,98,106,110,242,243,51,117,116,119
68,261,199,71,266,76,86,87,88,158,32,231,106,242,243,51,53,116,121,251,189,255
68,261,262,71,75,277,86,87,88,93,94,95,158,104,106,112,243,51,117,116,120,250
257,322,260,68,262,71,81,213,86,87,89,158,248,109,243,51,116,312,249,251,318
256,69,264,79,81,274,210,87,280,88,89,158,32,99,100,168,106,109,243,51,253,254
264,73,10,138,329,81,275,87,158,231,172,239,51,180,246,311,251,189
71,265,267,269,77,206,87,280,90,283,284,155,158,32,227,101,41,119,122,253,254
69,198,70,264,75,141,81,87,88,94,158,32,106,42,109,110,242,243,51,249,250
257,258,194,260,261,262,69,68,71,7,86,87,89,248,41,106,243,116,312,121,318
68,71,269,77,274,214,23,86,87,88,27,283,158,32,99,42,106,51,244,116,187
256,324,260,71,267,269,274,275,213,87,88,89,281,283,158,32,315,51,249,187,319
326,71,8,199,269,77,13,208,274,214,23,22,87,88,283,89,30,32,37,44,244,187
256,257,322,71,267,269,81,87,88,89,283,158,32,109,315,178,51,245,122,187
256,322,71,267,81,274,87,88,89,283,158,32,109,315,243,51,312,122,187,319
68,71,7,267,12,269,77,14,214,23,86,87,283,221,31,32,297,48,244,245,116,53
71,200,267,12,269,77,81,210,214,23,87,221,158,32,168,42,109,51,244,245,187,188
8,269,81,274,214,23,87,88,89,27,283,158,32,99,166,42,109,51,244,116,187,188
256,68,71,8,76,77,274,86,23,87,88,27,283,158,99,106,51,244,116,187,188
257,258,262,73,267,76,269,81,274,214,87,88,89,158,94,32,109,51,245,248,188
0,8,73,269,81,274,214,23,87,27,283,158,94,99,39,42,109,51,244,120,187,188
8,138,269,77,81,274,214,23,87,27,283,158,99,168,109,46,51,244,122,187,188,127
192,8,73,269,77,81,274,214,23,87,27,283,91,158,94,32,99,109,51,244,187,188
73,202,11,10,269,16,81,275,87,88,158,32,237,109,51,244,116,251,188,254
257,258,322,260,262,81,210,87,89,158,248,32,34,42,43,109,51,245,312,318
66,259,68,263,71,74,268,211,86,87,280,158,31,99,101,232,107,48,51,116,124
257,67,261,69,199,266,13,18,87,88,89,30,32,37,106,234,44,110,243,117,252
66,259,261,6,265,74,269,81,87,217,90,92,158,227,99,232,235,109,51,119,57,254
257,258,322,260,261,262,73,14,81,87,88,89,158,94,248,32,109,243,51,312,318
263,264,75,81,83,277,85,87,88,89,92,94,158,32,106,109,243,51,116,120,249,250
256,198,265,79,81,274,277,87,88,90,283,284,158,32,106,109,112,51,119,253,254
259,324,327,264,75,81,213,85,87,88,89,158,32,313,106,108,109,243,51,249,317,191
329,73,10,138,16,81,82,275,87,88,158,32,231,109,239,51,246,311,54,251
256,192,326,71,8,76,208,274,277,87,88,283,158,99,164,166,40,49,51,187,189
68,71,77,269,274,214,23,87,280,86,27,283,32,99,42,243,244,116,51,119,187,188
192,68,326,71,77,269,208,274,214,23,86,87,280,283,158,32,51,244,116,187
134,73,10,140,16,81,275,85,87,88,158,32,231,109,46,239,51,311,251
256,70,8,76,77,269,81,274,23,87,88,27,283,158,32,99,166,109,51,244,116,187
260,261,134,73,10,80,81,16,275,87,88,89,91,158,231,109,239,51,246,251
322,324,262,264,330,81,213,87,88,89,158,32,106,109,243,51,116,309,312,249,317,318
66,259,68,263,71,74,268,211,86,87,279,158,31,99,232,48,176,242,51,116,124
326,71,76,77,269,80,214,23,87,88,283,92,158,32,97,42,235,47,51,244,245
2,261,70,5,199,201,266,267,207,80,87,88,91,97,243,51,53,121,251
68,69,261,198,264,71,79,85,86,87,158,32,106,110,242,243,51,117,116,249
68,264,81,83,277,87,88,89,92,94,158,32,228,109,243,51,117,54,116,120,250
261,69,264,79,80,87,88,93,158,32,106,43,110,111,242,243,51,117,244,249
68,326,71,77,269,13,208,81,274,214,23,86,87,283,158,32,42,51,244,116,187
1,73,10,329,271,16,81,210,275,87,93,94,158,32,231,237,109,239,51,251
257,322,260,261,262,200,80,209,81,212,87,88,89,158,312,168,243,51,248,249,318
257,322,69,262,81,84,213,87,88,89,158,32,106,109,243,51,116,312,249,318
69,263,264,266,75,79,81,85,87,88,94,158,32,249,106,109,243,51,313,250,251
68,71,12,269,17,214,86,87,153,283,284,158,32,225,229,42,235,106,51,244,245,116
71,73,202,11,10,269,16,81,80,275,87,88,158,32,237,51,245,246,251
192,68,69,261,71,264,265,86,87,32,98,106,242,243,51,117,116,189,188,253,254
68,69,261,71,264,74,75,79,86,87,32,36,106,110,112,242,243,51,117,116,250
66,259,263,74,268,79,81,211,87,88,158,31,32,99,109,48,242,178,51,116
256,69,326,71,135,267,208,274,87,283,158,164,36,315,51,181,249,250,187,318,319
1,69,261,271,279,87,283,157,158,94,32,104,106,110,241,243,51,117,120,252,255
73,10,329,138,207,16,81,275,87,88,158,32,231,109,239,243,51,116,311,251
256,267,79,81,274,210,87,88,281,158,32,168,106,109,241,243,51,187,253,254
257,258,259,260,4,262,68,71,267,213,86,87,89,158,230,104,116,245,248,122
326,71,267,77,269,80,274,214,23,87,88,89,283,158,32,99,51,244,187,60
68,135,71,73,202,10,267,81,275,86,87,158,99,237,109,239,51,116,251,253,255
194,68,261,71,189,277,86,87,88,93,158,228,109,179,51,117,116,244,120,188,61
70,199,71,201,266,79,87,88,217,222,95,231,106,173,110,243,53,121,189
256,69,198,264,77,79,274,85,87,89,282,283,158,32,98,106,243,51,116,117,249,254
66,259,263,74,268,79,81,211,87,88,89,158,31,32,99,100,232,109,48,51,116
261,262,264,73,10,271,81,18,275,87,89,158,231,109,243,51,311,250,251
257,68,69,70,71,264,75,79,277,86,87,94,32,106,242,243,51,116,249,250,254
261,69,80,81,277,87,88,91,92,158,32,104,168,106,234,109,110,242,243,51,117,120
73,10,140,77,271,16,81,275,85,87,158,94,98,231,237,109,239,51,116,251
69,204,271,81,87,220,93,157,158,32,225,98,109,124,241,242,243,51,117,118,252,254
256,259,326,71,267,269,77,81,274,214,87,88,283,158,32,109,51,186,187,253,254
256,68,326,262,267,269,206,274,86,87,283,155,158,32,100,106,112,241,114,116,253,254
261,69,264,73,75,81,87,283,94,158,32,106,109,110,242,243,51,117,249,250,251
69,135,264,273,274,87,88,281,92,158,32,97,106,241,243,51,118,252,253,254
73,10,140,16,81,275,87,88,158,32,231,109,239,243,51,311,120,251
257,73,271,16,81,275,87,88,89,158,32,231,237,109,46,243,51,116,251
66,265,80,81,87,88,217,90,284,158,32,289,227,41,106,109,302,51,119,248,126
261,205,81,210,277,278,87,88,89,92,93,158,95,32,104,109,243,51,117,120,250
326,71,8,269,77,81,274,214,23,87,88,283,158,32,99,166,109,51,244,187
261,69,264,266,81,87,88,158,32,106,107,109,242,243,51,117,116,121,251
257,322,260,324,262,264,81,213,87,88,89,158,109,243,51,312,249,250,251,318
261,69,75,81,277,87,88,92,284,94,95,32,158,104,301,110,109,243,51,117,250
261,203,267,81,83,212,277,87,88,92,93,284,158,32,97,228,109,240,51,117,54,120
69,264,75,79,81,83,85,87,88,26,94,158,32,106,107,109,243,51,249,250,317
66,259,265,81,87,280,88,90,89,284,158,32,100,41,109,302,241,51,119,252,254
256,257,322,324,260,262,81,213,87,88,89,158,32,109,51,116,245,312,249,318
67,68,69,261,71,264,200,75,18,84,86,87,96,106,242,243,116,117,249
257,258,322,260,262,72,73,16,81,87,89,158,248,34,109,51,245,312,58,253,318
257,258,322,260,261,262,75,76,81,150,87,88,89,158,248,32,109,243,51,312,318
257,322,260,262,199,267,13,213,87,88,89,93,30,32,312,37,44,119,248,249,318
68,135,71,73,74,267,202,206,81,275,86,87,280,155,156,158,237,51,116,251,126
135,73,10,329,16,81,275,87,88,158,32,231,107,237,109,51,116,246,311,251
67,69,261,264,200,75,80,209,18,212,87,88,94,158,96,106,110,243,51,117,250
257,258,322,260,262,267,81,213,87,88,89,158,248,32,109,115,51,245,116,312,318
69,262,264,75,79,81,277,87,88,89,92,94,158,32,106,109,243,51,117,116,249,250
256,326,71,70,267,208,81,274,23,87,88,27,283,158,32,99,166,109,51,116,187
257,322,258,260,262,81,213,87,88,89,91,158,32,312,109,51,116,248,249,318
73,10,329,138,140,16,81,209,275,87,88,158,32,231,109,239,51,116,311,251
257,66,260,261,262,69,271,81,87,88,89,158,32,106,107,109,243,51,117,116,248,318
257,322,260,262,264,81,213,87,88,89,158,96,32,312,109,243,51,116,248,249,318
68,69,261,71,264,75,79,86,87,94,32,169,106,243,51,116,189,249,250,188,317
257,258,260,68,262,71,267,86,87,88,89,158,248,34,105,51,116,245,312,318
256,267,76,11,79,271,273,274,81,84,87,281,283,158,32,109,243,51,253,254
68,69,261,71,264,273,86,87,93,158,94,32,41,106,234,110,242,243,116,117,251
261,69,269,80,81,279,87,89,88,91,158,32,225,109,241,243,51,117,252,253,254
66,259,263,74,268,80,81,211,87,88,158,31,99,232,109,48,51,116,124,125
68,261,69,71,264,189,86,87,32,39,106,242,243,51,117,116,188,251,252,253,254
68,71,73,10,140,16,81,275,277,86,87,158,231,168,237,109,239,51,116,311,251
68,326,71,267,12,77,269,274,214,23,86,87,283,156,32,106,51,244,245,116,254
195,261,69,271,81,146,277,87,88,92,93,158,95,228,166,104,109,178,243,51,117,120
257,260,261,262,81,213,87,88,89,158,248,32,106,107,109,243,51,116,312,251,318
68,71,267,11,269,77,81,274,214,23,86,87,283,158,99,40,109,51,244,245,116,253
69,198,264,75,79,81,85,87,88,89,158,32,106,109,46,243,51,116,249,250,317
68,69,198,71,264,75,11,86,87,158,32,106,43,110,242,243,116,51,249,250
68,261,69,73,271,81,275,87,88,89,92,158,32,104,109,243,51,117,116,251,252
71,8,202,11,77,269,81,274,214,23,87,283,158,32,99,166,109,51,244,187,188
256,69,264,11,268,79,273,274,81,87,88,281,158,32,99,106,109,242,243,51,253,254
68,261,69,71,269,271,277,86,87,88,93,158,106,234,110,242,243,51,117,116
259,68,69,261,5,71,271,81,86,87,280,218,158,32,168,106,243,51,116,252,254
68,326,71,12,77,269,208,81,214,23,86,87,283,158,32,42,106,51,244,116,187,254
68,69,261,75,81,277,87,88,89,91,92,94,166,106,107,109,243,116,117,120,250
68,261,79,81,277,86,87,88,89,92,94,109,112,243,115,117,116,120,254
256,71,8,76,273,274,81,87,88,281,154,283,158,32,99,164,166,109,51,116,315,253
260,69,261,271,80,81,279,87,89,88,158,32,168,109,48,241,243,51,117,179,252,254
259,73,10,138,329,16,81,275,87,88,158,32,231,107,109,239,51,246,311,251
73,10,329,138,16,81,275,87,88,284,158,32,231,109,239,243,51,116,311,251
69,264,75,81,85,277,87,88,92,94,158,32,97,106,109,243,51,116,54,120,250
261,69,81,277,87,88,89,91,92,93,158,223,32,106,109,110,242,243,51,117,116,120
73,10,329,138,270,16,81,275,87,88,282,158,231,108,109,239,243,51,117,311,251
67,68,69,261,71,264,75,269,18,86,87,94,158,96,106,243,116,117,121,250
200,73,10,329,138,78,16,81,275,87,88,158,231,109,239,51,246,311,249,251
68,69,261,71,264,266,271,81,86,87,158,32,106,242,243,51,117,116,121,251,254
257,260,261,69,262,68,71,267,86,87,88,89,158,243,51,117,116,119,252,254
69,264,75,271,81,274,87,88,89,158,32,249,106,109,110,242,243,51,116,119,313
261,69,81,277,278,85,87,88,91,92,93,158,95,32,231,104,109,243,51,117,120
67,68,69,261,71,270,78,18,82,86,87,282,96,106,111,242,243,116,51,251
69,261,198,271,15,17,81,21,279,87,88,158,32,225,234,109,238,243,51,117,252
68,69,261,71,264,266,271,86,87,158,32,313,106,107,242,243,51,117,116,121,251
68,326,71,269,77,79,208,274,214,86,87,283,158,95,32,42,106,51,244,116,187
68,69,327,264,75,269,79,81,87,158,32,166,106,107,45,174,243,51,249,250,317,191
327,264,75,269,79,81,85,87,88,92,94,158,32,97,163,109,51,116,118,249,250,191
261,69,264,271,81,18,87,88,89,158,32,104,106,109,110,242,243,116,117,51,56
261,69,264,75,81,277,213,87,88,283,93,158,160,106,109,242,243,51,117,120,191
257,130,258,194,5,261,262,69,68,71,7,271,86,87,89,98,106,243,116,121
261,69,199,70,201,266,87,88,217,280,173,243,116,53,119,121,251,189
69,261,198,264,75,79,81,87,88,282,94,158,32,106,108,109,110,243,51,117,250,59
261,73,329,10,271,16,81,275,87,88,158,32,231,109,46,243,51,116,311,251
68,73,10,138,329,268,16,81,275,86,87,88,158,231,109,239,51,116,246,311,251
259,195,68,74,81,87,280,218,158,94,291,100,101,166,103,170,107,109,174,119
73,10,140,205,16,81,210,275,87,119,280,215,158,231,237,109,239,242,51,311,251
68,71,7,269,77,274,214,23,86,87,88,27,283,158,99,42,106,51,244,116,187,188
256,68,69,261,71,264,79,144,274,87,95,106,110,112,242,243,180,117,116,188
66,259,263,265,74,268,81,211,87,88,158,31,32,99,41,109,48,51,116,119
198,264,75,11,79,81,85,87,88,89,94,158,32,106,109,243,51,116,249,250,191
68,261,69,5,264,71,9,86,87,93,158,32,98,106,242,243,51,117,116,247,316
69,264,81,275,84,213,87,88,281,94,158,32,106,109,242,243,116,51,251,317,126
263,264,266,75,81,83,277,85,87,88,92,94,158,32,97,106,109,51,116,54,249,250
68,73,74,202,10,81,275,84,86,87,216,91,102,106,237,46,116,251
259,195,267,269,77,206,81,274,87,280,283,155,91,158,32,100,101,115,182,119,248,254
259,68,7,71,73,74,267,276,86,87,280,282,247,158,100,102,237,51,116,117,119
66,259,68,263,71,74,268,79,211,86,87,158,31,95,99,48,242,51,116,124,255
326,71,269,77,208,81,274,214,23,87,283,158,32,168,109,114,51,187,62
8,267,269,77,81,274,210,23,87,88,89,27,283,158,32,99,168,109,51,244,253,254
257,261,69,75,81,277,87,88,92,93,94,158,104,106,109,243,51,117,120,313,250
68,261,69,264,10,75,277,86,87,28,93,158,32,104,106,110,242,243,116,117,188
68,261,69,71,75,77,141,277,85,86,87,93,94,98,106,110,113,242,243,116
261,69,5,71,142,271,79,81,212,87,89,158,95,98,241,243,51,117,252,254,255
68,12,269,77,20,21,214,23,87,86,27,283,157,36,166,178,244,116,118,119
261,263,142,79,80,81,87,88,281,283,158,32,110,304,241,51,244,118,123,252,253,254
68,71,73,10,75,140,16,81,275,86,87,89,282,158,231,237,239,51,116,117,251
329,10,138,73,16,81,275,87,88,158,32,292,109,303,51,244,116,246,311,249,251
66,259,265,81,146,210,87,280,88,90,91,284,158,32,227,109,302,51,119,253,254
269,77,81,274,214,23,87,88,89,27,283,158,32,99,166,42,109,51,244,245,116,254
258,259,198,264,75,81,83,277,85,87,88,94,158,97,106,108,109,243,180,51,54,250
67,68,71,267,269,144,146,18,86,23,280,87,90,283,96,112,178,114,180,116
327,264,330,75,79,80,273,81,85,87,88,94,158,32,106,109,51,118,249,250,60,191
68,71,267,269,81,274,214,23,86,87,88,27,283,158,99,42,109,51,244,116,187,188
69,261,264,74,75,271,272,81,87,88,158,32,168,106,109,110,242,243,51,117,120,250
257,71,267,269,77,208,81,214,23,87,89,283,158,32,42,109,51,244,245,187,252
130,261,69,5,264,81,84,87,280,88,153,158,32,100,106,109,241,242,243,51,182
69,264,75,268,79,81,87,88,94,158,32,106,109,242,243,116,51,178,249,250
66,69,263,264,81,274,87,88,281,283,158,32,106,109,241,242,243,51,313,254
1,259,72,137,75,269,81,87,280,284,158,94,32,291,100,101,103,170,107,109,51,119
68,261,69,71,7,271,81,277,86,87,88,158,106,110,242,243,51,117,116,121,251
191,261,81,277,278,213,87,88,283,92,93,158,109,111,243,51,117,120,254,255
69,261,264,80,81,210,87,88,89,93,158,32,104,106,234,109,110,242,243,51,117,248
141,144,208,146,147,155,156,158,164,167,169,298,300,304,305,306,177,180,181
2,142,144,18,147,87,155,284,158,160,294,296,298,299,302,175,176,179,180,51
193,203,212,149,154,158,159,228,293,167,171,172,301,175,305,306,179,114,185
141,146,147,148,153,156,157,158,167,296,170,172,301,174,175,305,306,177,179,310
268,144,147,148,149,153,155,156,158,167,296,169,298,172,175,176,177,306,179
141,144,146,147,149,150,153,155,157,158,296,170,300,302,304,305,306,177,180
10,138,275,148,155,156,184,158,292,231,167,172,174,303,175,306,179,246,311,310,251
142,271,144,148,155,158,161,292,293,164,170,171,172,303,175,305,306,179,180,311
330,269,143,145,148,149,22,151,150,158,159,32,160,163,165,168,297,169,42,304,307,180
73,10,138,144,275,87,155,156,157,158,160,292,231,302,303,239,175,179,180,181,311,251
147,148,155,158,292,293,164,298,172,174,303,175,305,306,177,179,310,311,184
327,205,79,144,273,209,85,87,154,155,158,160,161,292,175,179,180,51,118,183,191
144,146,155,156,157,158,160,163,296,169,42,168,173,175,304,305,306,179,180,118,188,190
146,147,149,88,155,156,158,167,296,169,298,299,297,175,176,305,306,178,180,179,184
141,142,147,148,156,157,158,293,295,296,172,174,303,175,305,306,177,307,179,308
141,142,79,144,274,281,155,157,158,160,164,292,296,168,170,172,303,175,305,179,180,311
144,146,148,153,155,158,160,293,294,167,296,299,108,172,302,175,179
142,143,145,146,147,148,149,155,92,158,161,295,297,169,172,174,175,49,180,54
72,73,144,145,146,148,151,153,155,158,159,160,161,163,165,294,168,299,302,175
265,144,147,150,152,153,154,155,158,160,167,296,298,299,172,302,175,305,306,177,179
330,142,144,146,147,148,149,155,156,158,160,296,168,298,172,174,175,306,178,180,309
200,141,142,148,156,158,292,167,170,172,174,303,175,305,306,177,179,310,311,184
144,209,148,85,277,155,158,164,293,167,171,172,174,175,305,306,179,310,184,185
141,150,151,88,156,158,32,165,167,168,169,297,300,44,174,303,304,306,307,308,311
141,147,87,151,158,159,161,34,165,296,168,298,43,172,301,111,112,305,306,179,185
142,144,147,149,154,155,284,158,159,160,294,167,296,298,299,302,175,179,183
141,148,155,156,157,158,293,167,172,301,174,303,175,305,306,179,310,184
143,144,145,146,147,88,155,156,157,158,160,161,295,169,297,173,302,175,178,179,180
141,144,146,147,155,158,159,160,293,294,296,298,172,174,305,306,179,180,310,184
141,147,150,151,152,87,156,158,159,165,167,168,172,303,175,305,306,179,177,311,186
1,2,144,146,147,148,155,93,157,158,160,296,169,44,109,175,179,180,61
141,144,147,148,155,156,157,158,167,172,301,174,175,305,306,177,179,310,184
141,142,144,147,148,88,155,156,158,293,167,172,301,174,303,175,305,306,179,178,180
327,138,10,275,147,155,158,292,294,167,172,174,303,175,179,307,246,311,184,249,191
129,143,144,145,146,147,148,153,155,157,158,160,295,169,302,175,179,180
265,144,147,87,155,284,157,158,160,161,294,296,298,299,173,175,176,179,180,181
144,277,87,154,155,158,160,161,164,293,166,171,172,175,305,306,179,180,51,54,185
193,195,146,147,212,149,151,158,162,165,296,168,171,109,175,112,306,179,114,50,61
144,146,147,148,149,87,155,156,157,158,160,296,298,175,306,179,180
257,322,262,144,213,89,155,158,312,166,167,170,172,175,305,179,180,310,311,248,318
142,144,146,147,150,151,152,155,158,159,160,99,165,294,296,168,298,172,305,306,179,182
326,208,144,274,147,148,149,283,155,158,32,164,167,296,298,172,175,179,180,187
144,146,147,148,149,88,155,156,158,295,296,298,170,172,175,306,178,180
141,148,155,158,292,293,167,296,295,172,174,303,175,305,177,306,179,310,311,184
128,130,131,134,135,329,138,10,140,139,16,275,231,239,246,311,123,124,126
192,128,130,131,132,133,135,136,139,140,23,286,287,288,289,291,55,57,122,123,124
128,130,195,132,131,134,203,139,140,14,209,210,212,222,223,291,117,123,124,317,126,127
128,131,134,135,73,138,10,140,139,16,290,291,231,123,239,251,124,126,127
128,130,131,132,133,134,135,136,329,138,10,140,73,139,275,286,288,231,123,239,251
192,128,131,326,71,8,137,138,208,17,274,21,23,27,123,44,315,178,244,187,127
128,130,131,132,133,135,136,139,267,140,145,23,287,288,289,236,55,122,123,124,127
256,128,66,130,131,5,132,133,134,265,136,139,140,79,144,284,33,289,123,127,319
192,256,128,130,131,132,133,135,71,136,139,76,77,140,23,285,287,288,123,55,57,187
192,128,130,131,134,139,140,208,214,23,286,287,291,42,123,47,55,122,187,124,126,127
192,128,130,131,132,133,8,136,139,140,77,214,23,27,286,287,288,42,244,55,123
128,130,131,134,135,329,138,10,140,139,275,151,288,231,123,239,311,251,127
128,130,131,134,135,136,139,140,19,287,288,289,291,236,55,123,124,126,127
256,128,130,131,132,133,71,135,136,138,139,140,213,88,222,123,317,127
128,130,131,132,133,135,136,139,76,140,287,288,289,290,55,123,124
128,129,130,131,132,133,134,136,139,140,19,285,286,288,228,123
128,129,130,131,132,133,136,137,139,140,286,287,289,290,291,169,55,122,123,124,127
192,128,130,195,132,131,135,136,137,138,139,140,220,287,289,55,122,123,127
128,129,66,131,130,133,132,137,265,139,140,280,289,290,291,100,101,123,127
128,320,130,131,132,198,137,138,75,139,140,85,222,289,106,43,54,122,123,317,127
128,129,130,131,132,134,136,203,139,140,19,278,285,223,288,291,117,123,124,126
128,2,130,131,132,70,135,199,201,133,136,139,140,217,287,288,289,173,55,123,124
192,128,130,131,132,197,133,139,140,77,208,23,27,286,287,42,44,49,55,57,123,127
128,130,131,132,133,136,138,139,140,277,285,222,286,288,228,234,54,123,317
128,129,130,131,132,133,134,136,138,139,140,285,222,288,289,123,127
192,128,130,131,132,133,135,8,136,139,76,77,140,208,23,27,286,287,288,55,57,123
128,130,131,132,133,135,136,139,140,286,287,288,289,293,123,127
128,129,130,131,132,134,135,73,138,10,140,139,275,288,231,123,239,251,127
128,130,2,131,134,199,136,201,266,139,140,288,291,53,123,124,189,126,127
256,128,130,131,132,134,135,139,140,82,280,287,289,290,291,100,101,55,123,127
193,194,324,198,327,200,205,208,209,210,212,85,213,215,313,118,249,187,317,191
194,197,199,200,329,138,10,201,202,205,210,275,213,215,231,311,313,187,317,191
320,194,198,199,200,329,201,205,80,209,210,213,215,317,313,314,187,316,189,191
193,194,324,197,198,327,199,201,205,209,210,85,213,215,154,118,187,317,191
256,191,322,194,324,71,199,201,267,205,145,210,213,215,315,312,187,317,319
194,324,198,327,264,199,201,75,205,208,209,210,85,213,215,313,189,249,187,317,191
256,191,322,194,324,199,200,72,205,210,213,215,37,312,249,314,187,317,318,319
194,322,327,199,329,10,138,73,202,205,210,275,213,215,292,231,187,246,311,251,317,191
256,192,194,323,326,135,71,202,11,205,208,210,214,215,32,187,315,188
323,326,199,201,202,269,205,207,208,210,214,23,215,217,32,42,244,187,188
322,323,195,194,202,12,205,208,210,211,213,214,215,217,221,230,235,236,55,313,122,187
194,324,199,72,329,10,138,202,205,210,275,213,215,152,292,231,246,311,187,317
194,324,69,327,200,264,199,201,205,208,210,213,215,216,313,187,316,317,191
320,130,194,199,201,205,207,210,215,217,167,53,189,313,314,316,317,190
320,194,198,199,200,328,205,14,208,210,213,215,222,223,94,241,313,187,316,317,190,191
256,322,194,324,134,71,199,205,210,213,215,88,187,51,245,312,249,315,317,318,319
194,67,324,198,327,200,199,205,209,210,18,213,215,293,313,116,249,187,317,318
256,191,194,197,198,71,199,201,76,205,79,208,209,82,210,213,215,187,317,319
320,194,195,69,199,200,201,205,208,209,210,213,215,223,317,313,314,187,316,189,191
194,324,325,198,327,197,199,201,205,209,210,85,213,87,215,54,313,187,317,191
256,191,194,324,71,202,76,204,205,208,209,210,213,214,215,32,315,249,187,317,319
194,324,199,200,201,205,14,79,80,210,148,213,215,176,183,313,186,187,317,191
320,194,2,325,198,197,200,199,201,205,209,210,213,215,223,54,313,314,187,316,317,191
256,66,194,195,199,205,81,210,211,55,213,215,280,100,101,233,107,175,119,187
320,194,69,198,197,199,201,205,208,210,213,215,106,43,243,313,187,316,317,190,191
66,259,194,197,199,265,201,268,205,210,211,213,215,216,284,31,289,41,48,119,187,191
194,67,324,198,200,205,18,210,213,85,86,215,88,249,51,116,118,246,313,187,317,191
320,193,321,195,194,198,199,204,205,208,209,210,213,215,92,163,313,187,317,191
320,194,198,199,201,205,209,210,213,215,89,222,223,117,313,186,187,316,317,191
256,191,194,323,197,71,135,201,199,267,202,205,208,210,213,215,236,187,315,319
194,135,199,329,10,138,73,201,202,205,81,210,275,213,215,231,187,239,246,311,251,191
256,2,194,68,326,72,76,205,210,214,119,280,215,290,100,101,294,103,107,55
320,194,324,197,198,327,199,201,205,209,210,85,213,215,313,249,187,317,191
194,196,325,199,204,205,209,210,85,213,87,215,89,92,163,105,109,115,54,187,61
320,194,324,197,198,327,199,328,201,205,210,213,215,222,313,106,249,187,317,191
194,135,329,138,10,202,205,210,275,213,215,28,292,231,246,311,186,187,188,317
321,194,195,197,199,328,201,77,206,205,17,210,19,213,278,215,220,42,114,117,187,191
194,73,10,138,329,140,202,205,210,275,215,231,42,187,239,303,177,311,251,188,189
256,191,322,194,324,198,199,200,201,205,210,213,215,187,312,249,315,317,318,319
191,322,194,324,197,71,200,199,201,205,210,213,215,249,312,313,186,187,317,318,319
320,194,198,327,264,199,201,205,208,210,213,215,25,223,313,314,187,316,317,191
320,193,194,324,325,198,199,200,201,205,209,210,213,215,222,313,314,187,60,317
194,67,324,198,199,200,205,210,18,212,213,277,215,159,106,116,54,313,187,317
66,259,194,197,199,201,74,268,205,208,210,211,213,215,31,232,41,48,187,124,191
256,194,197,199,200,201,205,79,208,271,210,148,213,215,38,183,313,187,316,317,191
320,194,324,198,199,200,328,205,14,210,213,215,223,313,187,316,317
193,194,325,199,201,75,203,205,209,210,212,213,215,94,52,54,313,250,187,317,191
194,322,324,327,9,205,79,208,209,273,210,85,213,215,98,313,118,249,187,317,191
194,326,199,200,329,138,10,73,202,205,210,275,213,214,215,231,187,239,311,251,191
191,194,3,324,325,327,71,205,209,210,85,213,215,289,249,187,60,317,319
194,197,199,329,138,10,201,202,205,210,275,213,215,292,231,187,239,246,311,251,191
194,197,135,199,73,10,138,329,140,201,202,205,210,275,213,215,231,187,239,311,251,191
191,194,324,197,327,71,199,201,205,209,210,213,85,215,37,249,187,317,319
194,324,325,198,327,264,199,201,75,205,208,210,85,213,215,313,106,249,187,317,191
320,256,194,197,198,199,201,205,14,79,206,273,210,213,215,281,223,313,187,254,191
194,324,197,198,327,199,201,205,208,209,210,85,213,215,154,313,118,249,187,317,191
194,324,197,198,327,264,199,201,75,205,208,210,85,213,215,313,118,249,187,317,191
193,194,324,325,198,327,199,201,205,209,210,85,213,215,313,187,317,191
256,194,324,319,135,71,199,138,10,202,75,76,205,210,213,215,216,292,246,187,191
256,194,323,324,71,202,205,79,208,210,213,215,281,32,47,315,249,187,317,319
320,194,324,197,199,200,71,329,201,205,14,210,213,215,88,313,187,317,191
194,197,198,327,199,201,205,79,208,273,209,210,85,213,215,281,118,313,187,317,191
192,256,194,326,202,205,208,274,210,214,215,283,32,42,315,187,191
256,194,323,67,326,71,202,205,208,18,210,214,215,283,32,96,42,187,188
192,128,321,323,194,326,71,202,204,205,208,274,210,214,215,283,32,163,42,187
194,324,199,201,205,270,15,210,213,277,86,215,249,106,243,116,313,187,317,191
256,66,259,195,194,199,265,268,205,209,210,211,213,215,31,289,172,48,313,187,189
191,194,324,197,198,327,200,199,201,205,209,210,213,215,249,313,187,317,318,319
320,194,325,198,197,199,201,203,205,209,210,212,85,277,213,215,216,54,313,187,317,191
193,194,325,198,199,203,204,205,209,210,212,85,213,215,89,163,54,187,317,191
191,194,5,199,200,328,205,14,271,210,213,215,223,242,189,313,187,188,317,190,127
194,326,199,200,329,10,138,73,202,205,210,275,213,214,215,231,187,239,246,311,251,191
194,195,199,329,73,10,140,138,202,205,16,81,210,275,211,213,215,231,237,187,239,251
194,324,198,327,326,205,79,208,209,273,210,85,214,215,213,53,118,313,187,317,191
193,194,325,198,197,199,201,205,209,210,83,212,85,213,215,54,313,187,317,191
193,194,197,198,327,199,201,205,209,210,83,85,213,215,154,118,187,317,191
66,259,323,195,2,194,67,199,74,205,208,210,18,213,215,96,38,232,112,187,188,191
256,191,194,324,196,325,71,199,327,205,208,209,210,213,215,187,315,317,319
2,194,199,201,266,205,207,210,213,215,217,121,231,53,117,189,313,317,191
192,194,323,326,200,9,202,205,208,274,210,214,215,32,42,55,187,188
