196,710,206,208,53,444
153,567,267,43,471,568,473,154
33,1036,396,496,949,760,669,862,863
194,195,197,201,58,62,286
292,567,267,471,153,154,283
1062,903,904,1064,713,796,797,191
227,743,847,852,1045,213,278
161,170,46,847,688,308,213,310,315
37,70,715,429,23,380,381
139,140,177,179,147,756,633,57
139,140,301,177,147,179,633,634,635,57
140,177,179,147,757,633,57
350,194,195,197,201,58,62
350,194,197,201,58,62,286
69,44,177,147,759,56,57,382
1028,299,44,177,147,56,57,382
227,493,494,847,211,1079,223
845,316,281,314,860,861
227,233,493,494,847,211
39,40,47,48,79,306,569,154
39,40,47,48,79,306,569,124
196,1062,713,206,208,796,797,191
194,195,197,201,396,1036,62,286
198,491,492,1044,1047
287,42,92,90,411,412,447
65,1057,613,678,682,238,175,21
194,195,197,201,912,401,982,1048
39,47,48,688,120,59,124
39,41,47,48,120,59,124
41,43,47,48,59,124
41,43,47,48,59,124
643,195,197,809,201,207,730,989,62
34,35,139,177,50,633,634,57
198,491,492,1044,1047
36,166,295,168,204,334,209
1057,642,194,195,197,199,201,620,572
228,233,493,494,211,223
801,170,394,108,812,347,348,349
192,548,940,593,665,664,953,954,955
420,135,206,1073,918,984,985,860
33,902,809,721,54,760,379,380,381
800,801,811,812,108,345,347,348,799
800,801,170,811,812,108,347,348,799
108,178,344,345,346,347
194,195,197,199,201,982
870,776,1073,918,984,985,314,1085
354,868,869,1072,1073,212,919,984,222
257,73,42,79,240,659,729,63
257,73,42,79,240,659,729,63
225,102,488,233,495
71,73,41,46,48,310,55,120,59
353,354,453,860,317,316,861
258,173,910,911,336,566,248,61
909,304,117,1022,792,732,126
64,583,236,152,60,127
225,102,488,233,495
356,106,107,433,436,123
356,198,551,106,107,433,436
65,103,594,595,596,597
229,230,231,264,16,18,1013
160,71,46,688,52,59,158,159
321,322,521,875,876,77,76,144
71,72,74,46,52,59,158
832,580,581,972,398,496,401,23,862
71,72,74,46,52,59,158,159
71,72,74,46,52,59,158,159
354,860,917,316,317,318
224,225,102,488,847,495,919,860
870,776,1072,1073,212,984,1085,222
960,97,99,1059,236,653,88,250,127
224,1090,491,113,49,1044,1047,952,153
394,108,178,344,346,347,348,349
322,521,875,876,77,76,877,144
870,1073,918,984,314,1085,222
870,1073,918,984,314,1085,222
227,493,494,847,211,1045
609,931,260,358,936,937,363,112
394,108,109,178,344,346,348,349
414,459,80,247,446,415
256,193,738,389,747,749,751,149
71,72,297,75,46,48,120,59,158
257,964,40,306,659,124,63
1088,68,69,267,51,31
199,200,620,434,373,374,1016
352,193,356,751,436,148,149,150,151
193,267,205,119,567,154,155,190
652,1036,912,753,210,723,570,764,350,286
160,71,46,688,52,59
832,577,103,201,912,401,49,982
545,987,235,977,18,20,859
99,101,939,271,272,84,88
97,939,271,272,85,86,255
98,99,939,271,272,83,85,255
97,99,101,939,272,84,86,88,255
98,99,101,939,272,83,84,88,255
99,965,939,84,85,87,88
963,100,232,84,85,87,88,89
229,38,230,104,14,342,1014,413
352,193,741,491,749,751,755,148,149
545,1030,1031,235,18,20,987
2,4,13,26,93
256,738,420,135,206,751,985,829
324,167,457,395,209,539
324,168,169,395,204,209,947
496,113,435,628,121,220,669
742,711,602,603,476,477,478
2,4,13,26,91,93
354,860,917,317,316,861,318
481,391,243,502,122,123
99,100,101,84,85,88
99,101,934,84,85,88,89
609,355,260,358,966,246
738,68,69,806,484,718,51
225,228,488,233,493,211
43,47,310,471,120,473,124,797
71,72,74,46,307,52,59,159
484,171,13,17,24,25
321,322,325,521,876,524,77,144
864,131,617,618,45,334,415
160,71,46,688,120,59,124,158,159
929,268,365,238,528,176,1040,635
128,489,427,972,146,371,370
514,392,137,393,555,146,855
331,555,78,1070,338,372,311,830
33,454,745,266,428,82,187,28
129,427,972,398,370
196,208,530,27,28,29,30,286
672,220,27,28,30,286
704,220,27,28,29,30,286
353,868,869,871,872,918,919
356,106,203,107,433,436
584,174,175,371,1012,606,607
750,751,148,149,534,150,151
34,35,645,202,1068,19,1013,639
0,1,8,9,10
203,205,145,401,433,436,30,863
32,226,360,234,212,726,956
929,678,682,268,365,238,176,528,410
832,205,433,145,28,29,30,286
353,868,869,870,871,212,918,919
353,868,453,871,919,316,317
328,173,336,1042,948,566
173,175,336,1042,948,566
64,258,357,294,173,245,152
704,262,861,690,213,278,1045,316,317
641,34,35,140,177,179,724,633,637
641,515,516,140,626,57
515,516,299,140,335,626,724,637
355,260,358,971,655,246
224,861,270,406,281,314,860,317
196,1062,206,208,53,796,797,191
193,613,389,751,111,699,189,190
929,683,268,301,176,724,633,639
585,459,80,790,247,445,446
257,738,170,142,240,659,729,63
33,136,745,266,811,428,396,82
451,677,389,111,817,306,468,532,190
1057,194,195,197,713,207,239,881,572
1057,194,197,201,239,207,881,572
1057,107,239,1040,881,313,572
2,4,13,26,93
256,384,482,237,464,241,242,467
420,389,135,111,143,116,119,829,190
545,932,933,235,910,911,248
160,71,72,73,688,59,158,159
32,33,496,1042,949,982,23,221
420,1061,135,206,111,985,829
160,72,74,46,52,59,158,159
258,173,336,948,566,61,735
162,932,166,235,911,399,305,309,248
160,71,46,158,159
32,131,617,618,45,247,732
609,355,260,358,246,475
36,166,295,168,169,204,334,945
700,72,520,182,183,280,59,279
182,279,280,183,59,700
160,71,46,688,307,59,158,159
167,457,303,209,275,539
164,165,166,168,395,943,624,944,1082
295,169,395,943,624,944,1082,539
132,133,134,330,1038,309,446
132,133,134,330,1038,80,309
163,457,204,334,303,945,947,1082
845,281,314,860,861
167,457,303,275,539
353,869,871,872,873,917,317,318
356,106,107,526,436,534
330,716,109,277,309,344,345,315
868,869,872,873,212,918,318
1028,69,68,37,267,715,429,567,154
515,516,139,140,626,633,639
515,516,138,140,460,301,141,626,635
451,263,264,20,986,27,30
451,263,264,274,282
480,172,813,110,81,17
1061,567,267,942,54,342,154,283
909,880,304,629,117,1022,792,126
481,391,243,502,122,123
99,100,963,272,84,86,87,88,89
64,66,259,236,127,152,60,61,31
992,644,133,132,134,619,537,511
700,520,687,1041,182,183,280,279
256,237,464,241,465,242,467,285
167,457,303,275,539
387,266,490,397,274,282,286
387,266,397,274,370,441,282,286
453,425,426,499,212,917,985,219
771,37,422,773,424,185,219,253
258,357,966,967,294,173,245
481,391,243,502,122,123
322,325,327,40,875,876,877,319
320,322,325,326,327,876,877,319
321,322,325,327,876,877,319
322,325,326,327,876,319
3,38,230,14,1041,413,94
199,200,620,434,373,374,284
1057,642,200,1001,620,373,374
835,205,913,27,29,30,286
578,168,12,16,917,726,317,94
256,390,237,143,466,242,467,285
845,281,314,860,861
453,423,424,425,426,917,377,252
769,425,426,984,985,378,254
290,226,361,142,82,726,956,958
261,262,170,44,142,213,126
585,459,80,247,445,446,415
585,459,80,247,445,446,415
608,1030,1034,18,987,125
321,322,325,326,327,877,319
321,322,325,326,327,319
832,350,913,753,723,949,982,761,286,351
425,426,499,214,215,185,186,253
455,424,456,779,184,185,253
449,450,291,289,333,437,1081
225,102,488,233,495
772,773,774,375,217,218
771,772,773,774,375,217,218
3,229,38,231,230,14,413
742,368,602,603,604,478
960,6,934,968,365,973,85,408,540
705,707,708,902,760,337,888,379,703
446,459,80,247,444,414,415
352,489,748,749,751,19,373,284
579,580,328,49,1042,312,443,60
579,328,49,247,312,443,60
453,425,426,212,214,215,984,985
453,423,425,426,212,214,984,985,378
320,321,325,326,327,319
452,408,180,181,440,987,216
320,321,325,521,876,877,319
515,516,140,335,626
414,459,80,444,446,415
832,32,1036,564,949,570,925,350,286
414,459,631,445,446,415
261,262,170,142,117,918,126
868,869,871,872,873,426,212,919
140,301,633,635,638,639
913,949,982,761,313,764,350
420,135,206,468,471,472,985,829,191
1031,519,28,628,1048,121,27,220
265,621,113,435,121,670
258,173,336,948,566,61
998,718,850,851,469,534,216,217
198,491,492,1044,1047
256,390,237,143,242,467,116,468
192,258,613,1003,364,434,1053
108,344,345,347,348,349
108,178,344,345,347,348,349
108,109,178,344,345,347
109,178,344,345,347,348,349
108,109,178,344,345,347
453,423,425,426,917,377,252
868,453,425,426,985,378
960,1058,963,363,653,88,541,511
935,936,937,938,727,399,535,537
867,739,239,848,594,595,534
129,398,910,911,305,339,1048,61
805,647,520,744,690,691,658,694,700
864,902,880,629,760,153,379,381,574,863
140,301,57,635,638,639
301,302,141,634,635,638,639
1041,182,279,280,183,700
359,7,114,18,411,412,735
33,687,1041,498,531,532,533,1019
265,621,496,113,435,121,220
109,175,315,724,277,345,347,606
385,323,1040,881,370,594,595,118,567
708,70,429,496,49,497,380,701,703
4,13,341,26,93
108,344,345,347,348,349
800,801,170,394,108,812,347,348,349
387,1028,995,1001,490,266,431,434
99,100,101,963,84,86,87,88,89
139,140,1041,177,147,179,633,57
865,1034,751,1074,949,23,862
480,1,484,8,489,171,172,110,24
453,423,424,425,917,376,252
453,423,424,425,917,376,252
964,453,422,423,424,376,252
453,423,424,425,917,376,252
772,773,774,375,344,217,218
868,453,425,426,212,985,378
453,422,425,426,984,985,378,254
681,498,531,532,533,55
353,453,423,812,1084,917,985,316,317
129,427,972,398,370
385,386,118,119,189,190
385,386,118,119,189,190
344,345,346,347,348,349
226,290,613,167,361,234,726,956
832,1057,548,912,401,23,350,286
1067,1037,1011,474,1052,990
388,486,487,369,503,504
867,739,1061,740,848,754,730
416,417,903,904,1064,239,54,796,797
416,417,1064,239,886,54,796,797
417,903,1064,904,722,886,888,571,796
257,39,40,42,306,569,411,412,63
928,96,712,682,367,400,402,95
673,742,711,684,722,854,888,476
396,1036,941,496,27,29,30
711,479,854,603,476,478,959
608,1066,1067,1037,1052,1013,474,156,125
129,33,398,910,911,305,339,61
642,867,267,567,153,154,155
832,599,1036,401,564,598,887,570,350
995,1003,1004,1005,431,1009,1010
420,135,206,1073,984,985,860,222
515,301,633,635,638,639
34,35,140,301,335,177,50,633,634,57
385,386,389,118,119,189,190
385,386,389,118,119,189,190
385,389,118,119,189,190
140,301,147,756,179,759,633,635,57
140,301,177,147,756,179,759,633,635
1036,398,975,976,977,758,1080,761,570
514,392,137,393,301,146,635
687,1041,182,279,280,183,700
672,449,519,329,332,175,1081,220
322,998,40,432,853,214,406,344,345,1053
512,1088,353,771,701,919,214,407,253
992,97,98,960,736,968,1017,410
960,961,736,418,419,1058,653,1017,1018
448,865,356,396,909,436,1048,1021,831
480,171,172,813,110,17,81
960,736,418,419,874,1017,1018
356,1063,106,107,433,436,534
579,580,581,554,403,438,23,441,282
934,551,968,973,408,409
1001,715,1035,1069,434,404,1046,855,568
414,932,459,247,444,445,446,415
193,106,107,205,433,145,436
160,257,293,79,306,569,63,159
106,107,203,205,433,145,401,863
384,256,482,237,242,467,468,276
845,281,314,860,861
845,281,314,860,861
1001,458,1003,432,1009,404,853,986
164,165,166,204,334,624,625,1082
160,71,46,52,308,59,159
609,355,260,358,246
742,711,602,603,477,478,959
256,620,237,241,465,466,276,242,467
100,934,551,968,408,409
328,173,948,23,312,443,735
484,485,489,11,171,273,17
225,228,102,488,233,495
256,465,466,467,241,242
256,465,466,467,468,242
384,482,237,464,241,465,242,467
609,966,967,905,535,475
833,289,449,519,332,333,1054
584,174,175,1012,606,607
67,452,1001,180,181,408,126
865,331,78,337,593,469,23,1048,381
109,340,344,345,346,347
267,331,1070,338,311,830,927
96,7,712,359,367,402,114,735,95
832,549,553,1040,1041,531,532,533
1024,33,803,804,265,1038,1042,1055
33,454,136,266,397,496,274,286
482,464,465,466,467
392,1033,1034,239,1074,886,571,796
1027,483,299,311,250,635,381,639
579,580,581,403,438,23,441,282
453,454,455,424,456,252,253
453,454,455,424,425,456,219,252,253
453,454,455,456,424,425,499,252
453,454,455,456,424,425,499,219
738,613,7,364,1069,1053,62
514,392,137,393,146
131,261,262,552,142,1047,440,126
960,97,98,961,6,366,304,88
440,1034,906,434,373,374,1046,568,381
867,739,1061,740,848,755,730
802,391,383,22,188,95
453,425,426,499,212,984,985,252
288,449,450,518,491,333,1047,1054
420,135,206,534,153,985,829
42,1041,307,90,411,412,157
641,516,301,639,626,633,635,638,57
482,464,465,242,467,468,276
96,678,682,367,400,402
229,38,230,104,231,202,1014,26
865,552,1033,1034,496,113,628,670
552,496,977,113,628,629,858,670
388,486,487,430,503
2,171,13,17,273,24,25
1026,683,717,462,878,560,1051
96,678,682,526,402,244,95
484,645,487,1066,202,1003,1009,1081,474
388,645,486,202,1066,1003,369,1009,474
928,452,551,527,367,180,181
1035,1069,855,434,1074,1046,951,950
352,740,741,389,749,750,755,148
384,256,482,237,241,242,467,466
164,165,166,395,204,334,303,947,1082
36,165,166,295,334,303,209,1082
36,165,166,295,334,209,275
324,167,457,204,624,209,625,275,944
167,457,303,209,275,539
167,457,395,303,275,539
352,193,203,751,436,148,150
384,482,749,241,466,242,276,467,468
740,741,750,751,755,149,862
384,482,464,241,242,467,465
287,42,1041,90,92,447
641,139,460,301,141,639,177,633,635,57
513,550,592,955,924,925,350,351
226,290,361,234,243,726,502,985,956
1088,68,69,51,31,735
160,71,307,308,158,159
97,98,963,101,272,84,88,89
97,98,963,101,271,272,84,88,89
98,963,101,272,84,85,87,88,89
2,4,13,341,26,91
352,740,741,749,750,755
740,741,749,750,755,797
352,740,741,749,750,755
577,579,580,581,574,554,880,629,732,926
929,579,580,581,574,554,880,629,732,926
322,227,228,233,493,494,847,211
577,579,580,581,574,554,880,629,732,926
576,674,579,580,581,554
844,846,880,629,630,791,792,573,926
574,910,846,880,629,791,792,732,573,926
907,908,909,1071,880,629,732,573,1022
287,614,447,42,1041,411,412,157,159
907,908,1071,880,629,1022,1048,732,574
867,739,236,848,754,1013,534,153,154
960,961,653,978,979,505,506,508
960,961,992,653,654,980,507,511
960,961,992,653,654,980,507,511
960,874,653,978,979,505,506,508
449,450,289,833,519,333,437
960,961,992,980,509,510,511
960,992,961,653,980,1016,1018,509,510,511
960,961,992,653,980,1015,1018,509,510,511
960,992,994,961,653,978,979,505,506,508
384,482,237,464,241,465,467,276
512,553,1041,1043,575
322,325,326,327,521,876,877,319
1,8,9,10,11,171,17
673,742,711,684,721,722,886
576,577,578,579,580,581,732
742,368,602,603,604,478
577,674,578,929,388,880,629,503,732,574
742,368,602,603,604,478
742,368,602,603,604,478
929,578,577,388,648,880,629,732,573,574
577,674,579,580,581,880,629,732
673,389,742,711,684,118,699,959
673,389,742,711,684,854,118,699,476
673,742,711,684,717,568,602,603,959
388,676,677,1066,1067,1037,402,1013,1052
167,233,170,303,213,1045,278,315
574,844,846,880,630,631,732,926
844,846,880,630,732,926,607
449,450,289,291,519,333,437
574,844,846,880,630,631,732,573,926
844,846,880,792,793,732,573,926
574,844,846,880,791,792,732,926
844,846,880,630,793,573,926,607
574,846,880,630,792,793,573,926
609,355,966,967,937,661,662,535
100,934,551,968,408,409
960,992,961,994,653,654,542
960,961,544,992,994,653,654,991
227,493,494,847,344,345,223
960,961,994,992,653,654,541
387,490,274,403,306,438,441,282,735
960,992,736,418,874,653,661,662
193,930,296,685,720,343
33,867,972,239,529,530,274,370
577,578,995,579,529,530,370,286
446,846,880,629,631,732,573,574
843,683,556,878,558,560,557,563
1057,239,207,881,913,572,1055
683,556,557,878,558,560,561
1026,683,557,878,558,560,561,563
1026,683,843,557,878,558,560,559,562
1026,683,556,878,558,560,561
512,553,1041,1043,575
1026,683,557,878,558,560,561,563,758
1026,683,843,557,878,558,560,559,562,758
1026,683,556,878,558,560,561
193,930,296,685,720,343
610,834,612,680,683,878,687,560
611,612,836,683,878,558,560,667
192,550,940,590,591,592,593,664,665,955
548,550,590,591,592,600,922
192,550,941,590,591,592,593,664,665,955
513,546,548,550,590,592,665,924,925
546,547,548,549,550,940,953,954,955,925
546,547,548,549,550,940,941,953,955,925
546,547,548,549,550,940,922,955,925
548,549,590,591,592,600,922,923
296,492,685,204,404,405,828
200,1004,1005,1006,432,1010,404,374,828
609,937,938,535,536,537,538
609,937,938,535,536,537,538
609,937,938,535,536,537
937,938,727,535,536,537
940,941,591,592,600,953,922
512,553,589,1043,575
546,547,548,550,940,953,954,955,924,925
256,237,1069,466,242,276,468,467,568
865,738,806,1069,1074,855,568,154
866,709,879,762,763
866,709,879,982,762,763
866,709,879,982,762,763
866,709,879,982,762,763
866,709,879,982,762,763
641,515,516,140,626,633
515,516,140,335,626,635
641,140,301,633,635,638,639
548,201,401,305,339,887,760,1048
642,199,200,620,685,204,373,534
193,1027,483,236,634,635,381,639
609,932,644,933,588,910,911
548,550,590,591,592,600,601,922
737,835,650,652,716,725
865,738,806,490,1034,1074,568,154
716,1036,717,913,914,886,759,758
716,717,594,595,886,759,758
716,717,594,595,886,759,758
716,717,1041,594,595,758,759,886
192,548,940,590,591,592,593,664,665,955
192,593,594,595,596,597,599
322,325,327,875,876,319
192,593,594,595,596,597,599
868,869,872,873,212,918,318
832,929,737,1040,597,598,599,350,1055
832,929,737,759,597,598,599,1055
481,243,502,122,123
287,614,71,42,1041,411,412,157,159
929,737,759,1040,881,596,597,599
929,737,546,1040,528,596,597,759
484,489,273,115,19,1013,342,283
843,683,556,878,558,560,561
512,553,589,1043,575
1036,949,760,761,863
351,1036,723,949,982,887,313,764,286,831
832,351,1036,753,723,949,887,313,286,831
832,1036,912,881,401,62,313,570,764,286
832,1036,1040,881,753,723,62,58,286,1055
647,746,657,915,666,728,698,667
649,746,657,915,916,728,698,731
647,657,915,916,666,728,698
646,714,728,657,658,915,916,920,698
649,728,657,915,916,920,698,731
700,743,520,447,1041,182,183,279,287
646,746,714,657,658,915,698
196,710,201,1036,208,53,760,380,863
582,966,586,588,880,497,732
580,615,616,585,80,247,445,446
960,992,961,653,654,541
960,992,961,994,653,654,541
1061,837,1063,809,886,730,989
680,746,686,657,915,693,694,695,698
834,610,680,746,657,915,663,698
675,719,657,1041,915,663,698,1083,731
746,651,878,558,1041,657,920,668
744,746,657,1041,660,920,668
746,651,556,1041,657,920,698,668
451,263,264,266,30,29,286
131,617,618,45,205,433
545,676,677,229,997,230,231,309,216,413
545,676,677,229,997,230,231,309,216,413
545,676,677,997,229,231,230,432,309,413
650,652,1041,914,692,949,886,887,761
805,744,652,657,658,915,1041,561,690,691
805,744,1034,657,1041,691,915,690,920
615,459,80,247,445,446,415
515,516,140,626,633,635
584,619,1012,606,607
929,584,619,1012,606,607
833,449,450,289,291,333
929,804,388,648,607,528,1055
545,676,677,229,230,235,822,824,413
292,472,906,434,471,440,473,379,30
899,836,612,841,1041,667,1020,894
836,841,1065,557,560,1041,563,1020,575
870,1084,1073,918,984,314,860,1085,222
320,321,322,521,522,876,76,144
521,523,524,525,76,144,319
322,227,521,523,524,525,494,144
1057,239,207,881,913,572,1055
999,686,658,693,694,695,696
746,560,1041,657,563,920,698,575
902,721,722,1077,887,888
999,686,1041,658,693,694,695,696
615,616,585,330,80,445,446,415
42,495,240,79,659,729,63
641,140,301,635,638,639
641,140,301,57,635,638,639
388,486,487,430,503
675,647,719,657,915,916,697
675,719,657,1041,915,916,697,698,668
1036,717,1077,863,760,761,831
836,647,746,657,915,663,697,667
832,1057,737,652,881,914,564,725,350
676,677,527,815,817,824
582,586,587,588,846,880,629,574
292,1069,434,468,565,471,568
1036,949,863,887,760,761,831
292,472,206,471,568,473,154
292,568,471,472,473,154
292,568,471,472,473,154
868,869,872,873,918,318
759,1069,717,565,471,568,473
864,568,797,1036,692,760,761,890,893,863
1069,565,471,568,26,477,478
1024,42,1038,79,92,310,343,120,412
321,521,523,876,877,77,525,76,144
675,746,657,915,663,698,667,731
650,717,914,692,886,699,734
704,705,707,37,70,429,380,702
840,1036,882,1076,885,1077,891,1021
37,331,78,1070,337,379,380,381
705,707,708,37,70,429,701,702
704,705,707,708,37,70,429,702
226,290,360,234,272,726,956
140,301,633,635,638,639
641,140,301,635,638,639
902,1036,684,722,1076,1077,888,730
865,1033,1034,1036,337,1074,951,855
865,1033,1034,1036,337,1074,855
1029,998,1032,1001,458,330,1033,309,446
646,714,728,657,658,915,916,920,698
647,657,915,916,920,666,728,698
898,901,838,842,884,886
898,901,838,842,884,886
898,901,838,553,842,884
1026,683,556,878,558,560,561
388,486,487,430,503,504
643,837,1063,809,886,54,730,989
641,515,301,626,632,633,635,638,639
672,265,621,113,121,220,669,670
672,265,621,121,220,669,670
672,621,121,220,669,670,671
672,621,435,121,220,669,670
672,621,435,121,220,669,670
97,939,83,85,86,88,1050,255
140,301,633,635,638,639
640,641,301,633,635,636,637,638
999,649,746,657,1041,915,916,728,731
960,99,100,101,232,366,88
352,740,741,748,749,750,751,755,148
609,582,586,587,588,846,732
676,677,815,817,819,820
676,677,816,817,819,820
908,909,973,401,117,1022,792,126,286
782,783,784,785,786
839,1036,1021,1076,1077,983,890,892,893
834,610,840,1036,893,1077,890,891,1021
772,773,774,217,218,765,766
839,1036,1076,1077,890,892,1021
930,296,685,720,343
930,296,685,720,343
834,840,1036,882,1076,1077,889,891,1021
930,296,685,720,343
839,1036,1076,1077,890,892,1021
899,900,1036,893,977,1077,858,1021
899,900,1036,893,1077,1021
938,846,880,629,792,732,573,574
1061,837,809,942,886,54,730,989
846,880,926,629,792,732,574
578,70,617,618,45,1038,1081
782,783,784,785,786
782,783,784,785,786
782,783,784,785,786
782,783,784,785,786
772,773,774,217,218,765,766
902,684,722,1077,888,730,763
805,744,652,657,1041,915,691,920
768,769,772,773,774,217,218
770,772,773,774,217,218,767
769,770,772,773,774,217,218
769,772,773,774,375,217,767
739,555,364,331,78,50,372,311
865,194,1033,1034,1074,981,286
772,773,774,422,425,217,218
772,773,774,422,217,218
772,773,774,345,344,217,218
1056,605,520,652,914,627,725,733
864,865,1033,1034,489,981,862
896,899,836,841,1065,891,1020,894
1061,837,809,849,886,759,568,730,989
834,840,1021,882,1076,1077,889,891,893
647,746,651,683,660,920,668
783,785,786,787,788,789
782,783,784,786,787,788,789
650,652,656,914,692,886,759,699,734
800,801,322,327,787,788,789
650,652,716,914,692,949,886,761
800,801,170,780,812,799
800,801,170,780,812,799
800,801,170,780,812,799
800,801,780,798,799
800,801,780,798,799
899,836,900,841,1065,1041,1020,894
800,801,780,798,799
899,836,841,1065,1020,894,895
832,737,835,652,914,564,725,350
610,834,687,1040,1041,1039,591,592,575
740,749,751,149,150,151,154,191
257,39,40,79,306,659,63
287,447,42,307,90,92,159
322,325,327,521,876,877,144
775,776,425,777,778,779,984,985,222
775,776,777,778,779,984,985,222
773,775,776,777,779,918,984,985
864,1036,717,863,887,54,761,699,831
281,775,776,779,984,985,860,1085
775,776,777,778,779,984,985,1084
612,1036,1076,885,1077,1021
839,1036,1021,1077,889,890,1051,893
835,1060,650,652,1036,913,725,758,570
166,943,624,625,944,1082
839,1036,1076,1077,890,892,1021
839,1036,1021,1077,889,890,1051,893
771,772,773,774,344,217,218
930,998,679,296,685,343,248
899,836,900,841,1065,1041,1020,894
1026,683,747,878,558,752,1041,561,886,575
1026,553,683,747,751,752,1041,149,150,575
609,935,937,938,727,537
929,804,388,648,607,528,1055
515,301,633,635,638,639
163,296,404,405,534,411,828
896,836,841,1065,1041,313,1020,351
898,901,838,842,884
898,901,838,842,884
832,652,1036,401,564,598,570,350
1026,683,843,878,558,560,559,562
514,392,137,393,491,301,146
1026,675,612,611,841,683,878,560,697
447,42,90,92,287
832,548,1036,912,401,596,597,570
256,490,718,851,501,469,534
832,1039,1040,1041,687,531,532,533,922
608,68,69,484,267,718,51,471
331,78,830,338,372,311,958
641,515,516,626,633,638,639
198,491,492,1044,1047
167,457,303,209,275,539
805,744,1070,657,915,916,691,920
614,447,42,1041,411,412,287
166,169,622,943,624,625,944,334,1082
166,169,204,334,943,624,625,944,1082
864,568,1036,863,887,760,54,796,831
416,1025,903,1064,904,796,797
995,807,808,1002,431,1011,1015,1016
995,807,808,1002,431,1048,1016
650,970,652,656,914,692,725,699,734
344,870,1072,1073,918,984,1085,222
641,515,301,883,635,638,639
98,963,6,939,84,85,86,87,88
992,419,67,358,105,655,246,249
480,172,813,110,81,17
352,748,749,751,373,374,284
290,226,170,811,394,142,1041,726
290,226,170,394,142,726,985
934,968,810,653,973,974,304,540
672,265,621,113,435,121,670
1027,267,78,830,311,153,958
3,390,748,14,143,241,403,116,94
937,586,619,653,880,627,732,605,607
517,301,633,635,638,639
609,937,586,619,653,846,627,732,605
292,1069,565,471,568,473,154
673,902,1036,684,722,1076,1077,888
960,961,162,130,653,654,790,442,543
677,814,815,817,818,819,820,821,823
814,817,819,820,821,823,825
64,66,259,236,60,127
64,66,259,236,152,127
64,66,583,152,60,127
960,961,162,421,399,470,790
67,419,105,874,654,661,662
64,66,259,236,60,127
832,513,547,549,940,953,925,350
680,746,686,693,694,920,698,988
805,686,696,657,916,694,695,920,698
162,130,421,470,1049,442
162,130,421,470,1049
992,993,994,960,130,1000,653,790,1049,442
64,583,236,127,152,88,60,511
715,718,851,469,501,534,221
200,1002,203,718,23,373,374,1015,216,221
416,417,903,904,1064,886
416,417,1061,903,1064,904,886
68,69,520,331,1070,338,372,380,381
705,37,70,715,429,496,379,1051,701
704,705,37,70,429,271,818,414
705,706,707,708,70,715,429,703
705,706,707,37,70,715,429,703
803,804,328,937,1038,566,1055
803,132,804,328,1038,566,1055
704,705,708,37,70,429,702,703
704,706,387,708,37,70,429,337,981,702
998,718,850,851,469,216,635
96,802,383,15,243,22,123,30,95
739,387,490,501,469,855,534
609,966,967,905,937,535,475
2,202,110,81,146,19,342,283
5,486,487,430,503
1001,1003,1035,1004,855,434,950,951
746,651,657,1041,915,920,698,668
833,289,519,332,333,1054
546,548,550,590,591,592,593,665,953,954
674,580,103,616,585,1036,49,401,570
1091,998,718,850,851,853
480,172,813,110,81
1034,1035,855,849,434,1074,950,951
1034,1035,855,849,434,1074,950,951
833,289,450,519,333,1054
814,817,819,820,821,823
814,527,817,819,820,821,823,824
676,814,816,817,819,820,821,823,827
960,961,736,418,874,653,661,662,541
814,817,819,820,821,822,823
814,817,819,820,821,823,826
814,817,818,819,820,821,823
677,814,815,816,817,819,825,826
814,815,816,819,822,825,826,827
646,999,714,657,915,916,920,698
814,815,816,819,821,823,825,826
649,970,728,657,915,916,920,698,731
814,815,816,822,823,825,826,827
676,814,815,816,820,822,825,827
814,815,816,819,820,822,825,826,827
971,728,657,915,916,920,698
388,486,487,430,369,503
1060,1061,837,1036,1041,886,989,1055
323,1060,1061,837,1036,942,886,989
929,609,933,584,619,1012,535,537,606,607
1026,843,683,557,878,558,560
416,417,1025,903,1064,239,886,54,571,797
1030,1032,977,857,858,987,990,1087
859,1032,977,857,858,987,1087
673,1025,711,684,722,886,854,888,476
388,486,487,430,503
388,486,487,430,503
609,936,937,938,727,536,537
609,937,938,727,536,537
995,1001,458,1034,1004,855,1008,432,951
609,936,937,938,535,536,537
1030,1031,977,1080,857,858,859,990,1087
1037,814,817,820,309,821,794,795
814,815,816,309,824,825,794,795
608,1030,975,976,977,1080,987,125,990
1060,1061,837,1036,886,989
609,935,937,938,727,535
323,1060,1061,837,1036,886,989,1055
931,260,967,936,937,399,112
646,999,714,657,915,916,728,698,988
416,417,739,740,1062,903,713,848,796,797
839,1036,1076,885,1077,890,892,1021
998,718,399,850,851,853
900,1036,893,1076,1077,885,1021
258,644,932,933,910,911,336,535
932,644,933,910,911,605,607
1091,998,432,850,851,853,921,986
418,967,586,587,588,629,732,574
74,43,46,689,52,310,120,158,159
644,933,932,235,269,1038,1081,733
960,992,961,1000,653,978,979,505,506,508
960,992,994,961,653,978,979,505,506,508
934,968,973,974,85,540
491,718,851,469,501,534,221
1061,837,1063,809,730,989
292,773,297,906,434,471,472,473,154
548,550,590,591,592,601,923
204,943,944,625,624,945,1082
166,204,943,624,625,944,1082
166,204,943,944,625,624,1082
836,841,1065,1041,657,698,1020,253
943,624,944,946,625,1082
846,880,926,629,631,732,573,574
960,992,961,1000,653,654,541
960,992,994,961,653,654,541,991
960,961,544,992,653,654,541,991
644,932,933,910,911,305,627
609,355,966,967,937,537,475
609,966,967,937,905,535,475
169,943,624,944,946,625,1082
547,548,549,550,940,590,591,592,922
992,934,551,973,974,408,541
129,427,972,398,370
1002,1003,1004,1005,1006,1009,1010,1015,1016
1001,1002,1003,1004,1005,1009,1010,1015,1016
1001,1002,1003,1004,1005,1009,1010,1015,1016
1002,1068,1004,1005,1006,1007,1009,1010,1011,1016
1002,1003,1004,1005,1006,1007,1009,1010,1011,1016
1002,1003,1004,1005,1006,1007,1009,1010,1011,1016
1002,1003,1068,1004,1005,1006,1007,1009,1010,1011
1002,1068,1004,1005,1006,1008,1009,1010,1011,1016
1002,1068,1004,1005,1006,1008,1009,1010,1011,1016
1002,1003,1004,1005,1006,1007,1009,1010,1011,1016
1001,1002,1003,1004,1009,1010,1011,1016
1001,1002,1003,1004,1009,1010,1015,1016
995,1003,1004,1006,431,1009,1010,1011
742,711,684,722,854,888,476,959
1036,760,1076,1077,1080,761,1051,1021
934,551,968,973,974,272,540
934,6,551,973,974,408
891,840,940,941,600,953,954,955
1029,1030,1031,977,1080,857,858,990,1087
1030,1031,1032,975,977,1080,857,987,990,1087
1029,1030,1031,1032,975,977,1080,857,1087
1029,1030,1031,1032,975,977,1080,857,1087
1030,1031,1032,975,977,1080,857,987,1087
1029,1030,1031,1032,975,977,1080,857,1087
1030,1031,975,977,1080,857,987,990,1087
681,553,298,1041,1076,1077,1019,575
929,803,388,648,1038,528,503,1055
583,648,683,173,883,948,566
751,754,148,469,534,151,149,150
960,961,736,418,874,653,1017,1018
960,992,961,418,419,874,1017,1018
1036,949,760,761,1051,863
1028,331,78,1070,338,372,830
940,941,600,953,954,955
900,940,941,953,954,955,893,575
960,961,994,992,653,654,991
960,992,994,961,993,1000,653,654
960,992,994,961,993,1000,653
960,992,994,961,993,1000,653
745,428,500,856,187
745,428,500,856,187
745,428,500,856,187
745,428,500,856,187
998,166,330,399,432,851,853,309,248
1057,1036,913,401,881,949,758,570
745,428,500,856,187
331,78,338,372,958,311,830
2,4,13,91,93
1028,331,78,1070,338,311,830,927
99,100,101,968,973,84,85
99,100,101,964,968,84,85
99,100,101,934,965,939,84,87
99,100,965,101,939,83,86,1050
934,551,973,974,272,408,409
160,71,46,688,59,158,159
1068,1005,1006,1007,1008,1004,1010
1056,835,650,652,1040,913,914,758,570
642,359,7,1041,114,499,153,735
198,491,492,1044,1047
96,678,682,367,400,402
807,808,1002,657,915,916,1015,1016,698,858
96,678,682,367,400,402,95
678,682,526,367,400,402
969,975,976,977,1080,990,1087
969,975,976,977,1080,990
969,975,976,977,1080,990,1087
96,678,682,526,367,402
961,162,421,399,470,1049
1057,239,207,881,913,572,286
1067,1037,474,858,1052,990
1090,1067,1037,474,1052,990
1067,1037,474,858,1052
610,834,941,590,591,592,600,601,922
512,553,589,1039,1040,1043,575
929,1000,619,1012,606,607
649,746,657,1041,915,916,728,731
960,992,961,653,654,541
1029,907,908,1071,880,629,1080,28,573,1022
1029,907,908,1071,880,629,1080,28,573,1022
512,553,1041,1043,916,728,575
940,941,590,600,601,955
940,590,953,954,955,889
419,260,67,105,655,249
644,932,933,937,910,911
681,553,298,14,1041,922,1019,575
512,1057,589,575,1039,1040,758,1055
992,961,544,960,994,653,654,991,543
995,645,1002,1003,1004,1068,1010,1013,374,1015
641,515,301,626,1075,632,633,635,638,639
929,584,619,627,1012,607
992,960,418,1058,874,1017,1018
419,260,67,105,655,497,249
2,4,13,26,93
496,113,80,23,121,220,669
613,364,951,434,855,568,1053
1091,998,166,718,399,850,851,853,309,248
453,423,424,425,426,917,377,252
1091,998,718,850,851,853
64,583,236,366,152,60,509,510,511
929,584,648,395,173,528,1042,948,566,250
641,517,301,635,638,639
928,96,802,526,244,22,95
928,802,678,682,15,188,383
960,736,1059,874,250,653,661,1018
544,289,329,653,333,401,1081,508,509,510
969,975,976,977,1080,990,1087
512,553,589,1041,1043,575
485,489,11,813,115,342,439,283
485,489,11,813,17,273,115,439
480,489,172,813,110,17,439
485,489,11,273,17,115
489,11,813,273,17,371,115
484,489,172,813,174,463,273,17,115
772,102,488,1072,1073,211,212,861,222
0,1,4,8,9,10,26
0,1,8,9,10,11,172,93
0,1,8,9,10,341,26
0,1,8,9,10,26
354,871,425,362,212,918,919,984
833,289,449,450,519,333,1054
449,450,289,519,333,437
579,554,497,629,631,793,732,574
1091,998,718,657,850,851,853,921
484,489,11,171,813,463,115,439
803,323,908,1071,1040,1078,118,1022,190
803,804,328,1038,1041,566,1055
650,746,656,849,914,692,698,699,734
673,1060,1036,684,1076,1077,758,990,863
99,963,934,939,84,85,88,89
186,425,499,214,919,215
288,449,450,833,388,518,1023
387,1028,422,39,743,44,429,852,382
1088,68,69,229,267,429,413
646,714,728,657,915,916,920,698
96,391,526,400,402,95
962,452,1067,1037,474,1052
160,71,297,74,75,90,59,158,159
294,359,583,173,948,404,950,60,735
928,96,526,244,22,95
833,449,289,965,519,332,87
323,681,298,239,753,594,595,723,1019
865,708,1033,1034,1036,951,1074,886,855,1048
64,258,357,294,245,152,537
998,267,715,718,850,851,855
1030,1031,969,975,977,1080,987,990,1087
71,46,307,52,308,59
229,38,230,104,202,342,1014,413
997,229,230,399,432,404,309,1016,413
420,447,42,1041,90,157,287
992,960,736,418,874,661,662
960,961,992,653,978,980,1086,506,508,542
997,1004,1005,1006,1007,432,1010,404,853,986
227,494,847,211,344,345,223
642,3,420,12,14,1041,374,156,94
640,996,204,335,724,634,635,636,639
417,738,806,1064,796,797
1089,1090,995,452,1002,1068,180,1013,508
1089,1090,995,1001,1002,49,1011,474,508
288,449,450,518,519,491,1011,1016
96,802,367,15,22,188,383
65,103,594,595,596,597,598
33,323,1061,553,364,623,433,529,700
1057,330,1040,881,593,595,309,567,665
169,943,624,625,946,944,1082
257,293,743,42,79,569,411,412,63
96,391,682,526,402,95
897,898,901,838,842,884
96,928,802,391,402,22,123,382
481,391,243,22,150,122,123
11,172,171,17,273,24
