225,1251,739,1062,585,1273,538,1244,1021
1282,741,70,1285,626,723,185,667,1277
740,569,443,572,573
1216,742,1127,497,946,1173,727,408
744,968,844,1046,87,862
747,589,941,432,437,447
1218,746,43,1194,849,1202,822,663,1212
102,749,60,623,467,22,1114,539,956
389,910,752,594,595,1269,602,990,922
675,996,359,332,625,753,723,340,852,671
652,559,722,754,755,756,851
1225,811,587,718,48,882,760
737,810,266,588,589,432,53,311,447
747,589,941,430,272,86,796,734,447
454,714,1232,703,1205,794,31,606,639
321,675,69,41,363,718,607
608,771,777,812,115,917,218
609,97,648,1002,1102,1048,351
357,613,40,362,589,718,1212,663,540,893
930,872,1258,1179,1170,410,411
614,6,779,972,975,178,628,885
1248,229,934,969,497,757,1109,639
804,103,82,758,1278
706,841,201,1110,1111,664,217,410,411
40,301,718,760,626,723,440,540,893
121,1145,579,550,799,1013,566,761,223
931,614,779,1267,628,278,828,767
772,292,777,956,1198,1075,115,1114,1020
608,1056,771,777,60,917,218,956
448,609,770,616,1169,308,668
768,1155,741,422,1287,234,241,125,350
32,1031,785,914,852,860,1149,830
1026,614,779,975,313,828,767
608,1056,611,771,777,204,917,218
1122,773,299,561,850,442,1279
389,495,595,791,1208,1209,922,826,990
545,1282,451,1285,326,172,435,952,893,1279
1250,419,1259,1260,1261,433,787,893
1217,394,206,399,271,1233,786,794
356,1222,231,24,1211,1117,798
1217,40,589,718,399,271,794,796
1222,231,1211,795,1117,798
206,271,399,304,786,794,831
801,613,806,360,72,785,1212
802,425,777,305,247,728
121,1282,1285,1003,893,761,694,1277,285,799
800,67,230,841,778,972,239,1237
809,106,139,396,473,533,1209,826,475
1218,810,362,1006,1234,661,1148
355,613,806,1068,822,663,1083,1212
1088,808,845,13,269,760,729,252
1249,1218,427,236,683,816,1168,954
394,589,974,1233,821,317,382,447
545,326,811,300,589,435,723,983,1212,509
194,418,549,265,1001,814,55,1210,1023
609,993,1169,1238,827,444,637,575
577,1281,229,1210,828,767
613,806,746,426,822,1083,1212
545,451,1257,300,460,178,371,723,694,509
355,613,426,1290,303,1212,669,604
960,609,585,586,618,300,725,730,671
259,366,303,1210,891,988,670
1282,708,1096,1064,1066,173,727,1083,667
352,739,265,682,718,14,662,246,665
420,682,906,364,597,894
965,743,680,204,534,55,310,218,60
322,140,685,144,848,626,1205,1113,543
259,69,107,684,654,686
674,1219,1220,652,621,406,118,1119
672,1030,297,267,76,811,271
609,678,814,627,1238,759,441,1119
675,69,840,107,684,654,686
131,356,1127,268,175,401,690,601,605
227,1124,1127,426,685,691,309,760,700
707,1064,335,49,946,497,692,727,1112
675,259,107,684,686,718,654,22,510
864,640,960,715,687,751,657,725
2,645,815,688,977,211,511
1113,801,322,153,689,693,280,281,379
1209,359,715,143,723,697,1051
1190,711,428,237,1011,120,699,254
644,884,887,537,890,701,222
706,1284,966,1286,841,1228,239,702
1282,1251,1285,301,718,626,723,187,988,1277
288,0,709,359,745,301,625,694
704,1092,1039,213,696,954
453,1127,1063,712,807,236,464,409,318
545,710,326,336,435,179,893
129,708,679,1192,144,950,1113,667
705,1121,967,392,624,666,604
704,372,373,86,1080,1084,1055
619,1259,430,1207,1177,893,703
1220,945,722,754,851,755,406,1143,1119
577,229,1034,720,976,978,375,1179
322,612,613,588,719,822,663,918,1212
1250,1032,1260,1261,787,1272,893,318
69,840,40,684,718,654,607
1282,1287,297,716,525,1232,1277
864,715,621,687,657,725,185,730
928,1,4,367,1200,1041,1016,93
454,1128,777,714,845,1232,252,606
802,425,305,247,728,665
322,808,8,426,1067,918,280,729,319
649,875,726,983,920,731,93
677,623,1075,436,534,727,310
324,327,685,814,242,724,693,346
864,960,618,715,687,657,725,730
838,346,722,754,629,438,1016,1210,1119
326,970,300,723,435,920,697,509,638
737,646,746,1201,1266,659,661,663,1212
738,1027,5,585,586,634,1021
996,1128,1140,1236,1207,1177,31,734,703
1248,454,587,781,60,623,347,956,735
1284,359,682,621,1040,629,733
864,1284,1286,874,715,687,657,634,730
1282,1283,132,456,142,732,1279
736,643,709,122,218,1020,894
98,359,234,525,46,336,625,946,1020
427,685,845,626,918,281,187,445
171,1195,143,370,723,628,1274,478
677,812,1037,1230,623,727,1275
1121,967,392,624,666,604
1027,9,715,1100,721,629,634,636,415
1184,418,771,1190,744,1130,1132,636,1149
1186,968,844,625,853,310,1046,88
257,1125,421,23,632
866,903,617,10,841,809,1073,1213
548,1286,618,874,1106,467,505,477,1183
674,485,585,586,621,883,698,697,634,730
0,261,869,622,943,1169,694,827,127
1252,40,619,1261,893,703
481,677,620,1072,1232,281,187,543
1155,1159,362,1167,659,1148
448,770,647,648,906,1102,944,656
1190,137,655,120,218,1020
323,69,840,107,684,654,686
328,424,105,970,270,852,662,665
1218,515,810,1234,20,661,22,535,1148
193,549,781,916,660,249
1216,676,645,935,211,631,408
736,643,707,709,122,1020,894
641,1127,427,685,175,1232,280
1024,606,1131,1137,823,794,731,957,638
352,384,358,650,1163,25
833,614,647,648,1002,1102,593,1009
9,586,1100,721,723,697,634
359,649,875,726,983,920
1124,232,968,299,1046,1111,410,411,956,1215
935,874,907,1043,1206,854
962,869,1158,1226,1195,12,799
641,13,1232,723,187,667,540,543
640,864,1284,1286,751,1040,657,695
744,968,844,1046,862
738,903,629,1016,1210,733,95,1023
738,1027,585,586,730,634,415
968,1130,720,1046,87,1110,1111,410
706,484,968,17,1110,1111,664,410,411,956
931,614,972,975,1042,859,863
577,1034,1179,720,976,978,375,411
1121,1154,359,1290,723,1077,187,540,604
640,292,839,553,1228,1011,854,695,1183
964,872,946,1108,568,1017,924
0,928,5,1158,1226,620,1200,1041,93
933,1256,439,1272,893,318
1250,1260,1261,430,433,1272,1177,893
608,611,771,777,812,917
871,1262,1264,819,856,959
737,1157,1287,297,334,1233,1266,317
292,100,1255,1228,1011,789,952,1114,765
224,291,37,871,1262,1264,959
1248,1253,6,1223,1139,436,1115
448,1249,355,1194,816,663,216,729,445
290,262,139,468,533,58,1276
804,103,82,758,1278
260,359,807,1098,625,371,799,694,1279
1280,1089,1061,1070,1051,476,1213,351
35,293,652,369,851,342,58,1182
1219,1220,652,559,851,406,1274,1119
1282,1287,297,1232,1266,1205,1277,382
962,869,1158,839,973,942,93
545,934,1288,970,77,751,629,1209,1150
930,229,872,1258,878,976,1170,1268,410,411
1282,1287,941,1233,694,317,1277
616,783,1233,1266,306,1202,1242,1212
1282,1285,172,1199,625,723,852,1277
389,658,595,602,990,922
744,968,844,1046,862
545,1251,675,451,1199,464,178,1267,725
737,769,1194,797,784,790,1271,765
673,770,647,715,656,1014,634,1021
290,1219,1220,652,851,118,1182
1218,102,264,1006,1234,306,498,535,539,1148
98,676,1228,893,718,631,408,989,1183
1217,206,271,399,786,382
1056,1130,815,688,410,917,1111,122,411,956
674,99,1219,361,621,1045,826,1214
929,1253,6,1223,1139,436,1115
1253,614,1223,6,1139,436,1115
1282,1285,1222,1287,1232,468,1277
674,1220,838,621,343
899,934,903,1160,1000,1224,398,1199,599
608,418,194,204,1198,60,310,55,956
772,1196,531,1020,957,254
1218,355,1194,43,784,849,1242
1157,806,746,43,1202,822,663,1212
795,1287,231,109,310,55,314,1211,1277
1281,934,18,55,1210,828,1150
229,1034,976,720,978,1179,124
1282,1287,297,234,1205,1277
1218,355,612,1157,1189,43,1266,663,1212
1218,1194,1006,1167,849,1234,661,1148,349
1157,1189,43,589,432,1202,437,663,1212
834,1189,941,272,1202,53,86,663,796
935,874,907,1106,1043,854
197,1190,655,120,699,1020
320,101,1288,77,1265,1178,348
290,1219,361,118,1182
257,421,1125,1065,23,632,667,1086
965,1126,782,948,347,60
1219,1220,652,621,118,406,1119
1121,967,402,1077,184,666
994,642,1129,841,11,408,121,1018,446
35,36,293,361,396,1135,80,594,915
704,1127,423,426,427,814,175,245,445
872,744,968,844,1108,1046,862,639
545,1282,1285,1287,1128,1232,1277
1250,1252,1254,1032,619,1261,433
1218,849,1234,306,1148,349
1282,1285,1287,525,1232,187,1277
740,1226,942,1200,1014,1273,93,1049
1251,1189,614,745,1196,172,1230,115,285
899,931,934,1224,44,463,124
706,199,841,815,977,664,217,410,411
961,454,391,1225,587,48,440
225,836,40,1227,946,435,723,314,893
297,334,974,1232,1233,1266,630
970,300,179,723,435,662,1210,1213
960,326,966,488,300,460,723,725,509
960,548,874,618,1106,467,505,477,1183
679,1072,213,950,954,1053
359,621,1102,944,656,723,725,730
322,547,1127,200,268,918,760,281
994,838,908,1007,594,659,990
1284,1286,1040,657,695,1119
899,931,934,903,1011,627,95
899,710,934,1224,264,44,463,124
585,586,682,780,906,723,792,763,894
1163,1164,1069,1166,889,955,25
231,874,302,207,20,886,854,91,190
771,772,777,879,404,888,793
234,525,974,882,1204,1206,630,989
581,584,852,567,1241,574
864,960,420,292,1284,1286,751,695,1209
1218,1006,849,1234,306,661,1148,349
576,260,560,850,825,283,1085,223
1088,1272,685,845,718,760,280,1211
229,410,847,82,758,185,1146,411,1278
321,69,840,40,684,718,607
800,706,932,773,966,841,778,239
836,964,710,1224,1227,627,860,767
1220,838,945,1143,1245,343
968,744,875,844,1046,1111,862
266,810,304,53,661,831
834,612,1006,1212,215,540
646,391,390,72,1076,950
739,771,1062,777,1075,115,21,956,285
795,356,1222,231,24,1211,1117,798
1056,100,1285,550,60,814,1199,1114,956
389,361,368,595,1045,922,826,990
896,40,427,861,1039,213,696,954,221
32,1060,426,525,912,379,892,510,1151
715,143,687,657,725,697,1051
672,1030,267,399,786,447
1029,71,265,299,1005,528,309
706,968,201,1197,815,664,217,410,411
832,0,1194,941,432,336,1242,1212,958
225,12,1265,1021,1270,1273,989,638
418,999,1034,14,720,246,375
864,1027,647,715,621,687,497,634,415
325,1001,276,284,1023
1024,1286,1040,721,1010,1018
618,460,525,621,49,818,1012,541
583,615,1004,568,985,1017
1218,1006,849,1234,659,661,1148,349
748,237,1037,1008,177,469,88
640,993,715,1045,1238,667,637,575
994,1092,267,908,594,1143,1245
229,614,1258,720,976,375,1179,639
996,1259,430,1207,1177,734,703
673,833,293,647,1002,621,593,1009
649,875,726,983,920,443
153,167,301,150,984,1113
486,169,207,1232,886,984,1113,988
609,841,1131,239,1137,1176,895
992,801,1160,492,398,464,341,538
706,1123,420,1197,239,339,597,315
901,111,723,1108,895,54,151,509,639
1185,642,516,292,73,695,698
1187,292,935,874,907,50,731,668
1059,1192,843,782,1047,829
673,833,1002,945,1009,593,1143,1245
1285,677,1230,115,500,1075,1277
1184,418,707,835,874,1132,883,854,1111
677,748,623,534,727,1275
964,583,872,1108,568,1017,924
1219,293,652,621,851,1209,58
292,168,265,1263,1235,309,854,700
707,709,325,359,206,304,625,694,983
160,258,709,30,151,217,122,509,158
385,1284,1286,1002,267,333,751,687,695
43,974,783,1201,1266,1233,849,659,663
98,676,293,969,106,408,1209,477
1059,1192,843,782,1047,829
1250,1254,1032,1259,430,1207,1177,703
706,2,493,462,815,688,977,664
578,999,1001,1130,720,1110,1111,410,411
835,874,467,883,1043,854,505,477
299,76,397,271,821,317,989
609,1284,1286,906,1131,1137,695,1176,731
292,1131,1263,1137,1041,1203,731,668
1185,642,516,839,73,106,121,698
131,504,238,1136,112,600,1146,1116
1124,1029,71,265,1005,528,309
229,1034,976,720,978,1179,124
928,1226,973,1200,346,93,254,927
967,392,1064,489,683,1077,1112
194,771,805,777,43,1005,220,663,1212
1284,1286,494,1040,657,695,1119
0,928,483,869,1200,1041,1049,927
449,773,777,1037,404,888,793
194,418,999,1001,1034,720,55,375,414
963,818,1208,249,635,1180
879,1235,21,249,346,956,861
928,0,1226,1200,1041,1049,93,927
865,938,1107,1044,313,863
1221,869,879,1041,1204,254,407,1118
896,249,904,55,89,346,635
578,999,1001,1130,720,1110,1111,410,411
121,98,642,293,106,945,408,1209
418,1034,1179,720,976,978,375,410,411
1187,293,1221,869,1228,1204,1183
928,0,973,1200,1041,1016,1049,93,927
194,418,1124,265,814,310,55
419,1254,718,119,90,893,318
616,269,1231,464,1141,822,669,63
933,1254,1256,1032,439,1272,318
968,872,815,977,1046,410,411
1250,1259,1261,430,1207,1272,1177,893,703
706,841,239,1110,1111,664,410,411,702
962,869,1158,973,942,1200,1273
706,841,239,1110,1111,664,410,411,702
936,881,817,1048,1050
706,841,462,815,977,664,217,410,411
546,111,1103,403,154,219
936,881,817,1048,1050
34,229,1258,45,639,1171,860,351
1216,384,98,676,106,407,408,1209
1131,1263,1137,1041,1203,731,668
706,841,239,1110,1111,664,410,411,702
418,1124,265,956,299,1075,309,700
1185,957,1265,698,1178,668,1021,735
962,869,1158,839,973,942,367
1187,907,46,407,731,668
936,881,817,1048,1050
928,1226,1200,1041,1016,1049,93,927
1095,679,1078,950,376,954
546,219,818,1174,154,123
289,931,614,873,15,498,1267,828
1185,642,516,292,839,73,1048,698
1153,932,6,972,1042,628
928,942,1200,1041,1049,93,927
548,841,879,1106,883,1204,407,1183
1056,1130,815,688,410,1111,217,122,411,956
962,869,1158,839,973,942,1270,93
896,546,219,1103,154,123
963,879,1235,21,249,956,861
195,744,968,875,844,1046,1111,862
706,484,968,410,1110,1111,664,218,411,956
1124,168,467,309,854,630,505,477
420,906,1197,239,339,597,315
169,777,429,270,749,886,409,346,827
1056,706,1130,815,688,977,410,411,956
513,484,965,709,122,204,723,948,218,60
1250,1252,1254,1032,433,787,1272,1177,893
896,963,818,1011,1208,249,861
1157,775,1006,849,1234,306,661,1148,349
1056,1130,815,688,410,917,1111,122,411,956
418,904,777,115,1110,375,600,89,346
292,1228,912,1011,695,892,1151,1183
548,874,907,1106,883,854
835,935,874,467,1043,854,477
1056,611,777,204,917,956
706,841,462,815,977,664,217,410,411
962,869,1158,973,942,1041,465,1273
1059,1192,843,1047,829,766
1,367,1200,1041,1016,1049,93,927
3,265,1044,309,313,859,926,863
1056,1130,815,688,410,917,1111,122,411,956
642,516,293,73,106,267,408,698
293,652,369,851,342,58,1182
99,110,1135,910,752,851,1214,1182
1025,194,100,109,789,310,55,952,956
930,1258,1179,45,1170,410,411
460,525,108,1197,718,49,1012,628,1274,988
259,69,107,684,654,686
704,427,1163,632,1039,114,280,954,221
870,878,593,113,1009,49,1073,1213
131,238,112,1136,600,601,1146,1116
866,772,846,111,403,54,154,670
320,101,1288,1231,1265,1178,348
33,100,1114,115,789,218,60,765
99,1220,1260,110,911,595,1214,990
936,881,817,1048,1050
98,676,293,106,267,408,1209,477
704,450,328,105,777,427,338,604
1184,418,104,1001,651,1132,81,413
804,103,82,758,1278
1059,1192,843,782,1047,829
129,280,1028,650,632,1164,1074,1078,376
131,872,238,112,1136,600,601,1146,1116
642,233,427,204,141,311,88,221,126
448,289,770,548,622,308,127
135,457,268,78,83,287
199,968,1197,47,1110,1111,217,410,411
486,136,141,497,918,538,606
1283,132,773,456,138,142,732
293,134,74,106,267,494,212,408,121
419,119,90,893,703
197,1190,711,428,146,120,699
262,139,460,621,117,475,1276
290,1219,1220,361,652,118,1182
1248,68,1224,178,1267,340,1179,124
354,422,234,241,125,350
223,579,550,761,566,1013,121,799
160,258,709,199,30,217,122,411,158
577,578,739,225,100,1232,21,952,88
1249,66,355,227,194,612,1094,296,29
545,451,675,69,326,40,107,684,718
640,67,966,234,618,651,723,1045,374,1021
390,391,646,72,423,1202
480,70,231,1288,1267,571,825,91,190
2,707,1251,709,1257,977,410,411,509
1284,870,1286,906,364,1040,593,657
548,485,134,74,267,494,273,1180
707,325,265,1039,497,727,56,667
225,1251,451,178,1109,55,440,1210,988
1249,705,709,1194,362,825,59,1148,540
518,679,72,233,235,950,215,57,954
2,200,233,457,78,532,248,59,61
965,1126,782,948,347,60
64,39,872,777,977,210,27
613,72,777,1068,173,538,667,221,63
1218,646,72,1194,43,849,1202,663
1186,195,549,744,777,875,852,85,346
266,432,272,53,86,311,447
109,1230,177,469,310,952,88
418,1001,1130,814,720,115,1111,346,220,375
288,676,1284,713,1097,1071,1137,631,1207
419,933,1254,1259,119,90
480,356,231,777,340,886,91,1052,190
544,899,903,531,1210,507,446,95
96,612,1127,236,115,378,190
545,97,326,300,16,1169,179,723,725,1173
1193,395,76,397,26,796,381
547,102,264,77,539,508,61
268,78,529,83,698,287
153,79,150,984,1113
481,516,293,517,1135,80,535,826,1182
418,1191,872,104,1001,81,860,830
804,103,82,758,1278
457,268,78,529,83,543
1121,355,1161,1162,683,781,1168
992,357,198,492,718,208,178,885,670
352,650,1163,1164,1166,889
898,195,771,744,777,875,299,85
1155,1159,811,1167,659,317
194,418,324,549,744,109,310,55
326,1161,1162,683,460,301,1168,723
192,194,418,324,549,55,862
545,193,451,98,326,70,300,179,723,340
191,135,457,268,78,83,287
771,454,777,302,340,378,91,190
642,809,1037,1232,1169,531,915,788,189
1155,70,1161,1162,301,1168,625,178,723
449,548,209,19,21,312,188
1145,913,979,565,566,761,121,991,223
1113,322,620,144,918,281,187
1163,1164,1166,889,25
1127,207,693,245,1141,886,409,186
994,1155,1159,1167,659,1148
1121,967,392,624,1077,666
804,103,82,185,1278
449,843,372,373,949,183,1047
1113,167,169,140,180,532,245,153
640,618,1164,1165,1166,373,889,667
992,291,323,198,492,181,1174
1280,1153,98,707,1191,329,370,541
801,487,200,491,366,242,216
834,612,1157,1006,215,1212,540
679,72,338,213,954,1053
1186,1251,359,745,778,625,501,730,285
964,229,351,182,214,985,924,639
1153,964,1191,1108,54,1175,568,924,639
676,645,631,907,211,407
742,844,1264,1169,1173,1046,924,959
545,326,300,460,210,723,435,178,509
609,1219,622,1169,1173,759,827,444
864,707,359,46,209,723,725,312,1020
292,367,208,1200,569,698,443,572,573
1253,518,520,205,814,175,20,278,760
1152,169,409,207,982,1239,984,1113,1240
933,1256,439,1272,318
165,203,140,496,144,83,693,319
739,1062,1076,952,1244,285
1217,810,589,718,206,304,849,399,540,893
355,1194,43,1202,663,1242
872,968,815,977,1046,410,411,639
578,1001,1130,246,375,1110,1111
608,1056,611,803,777,812,204,764,765
197,1190,655,120,699,1020
487,200,491,1232,529,242,216
37,709,745,815,625,977,410,411,509
322,153,301,144,693,984,1113
736,160,643,647,946,634,122,30
1187,907,1134,156,182,282,668
1218,292,305,147,1204,247,215,540,189
545,1123,996,5,460,146,435,185,638
153,79,150,984,1113
613,521,1194,427,489,777,683,148,378
609,614,648,460,1102,143,273,695,697,1051
1282,1283,132,456,142,732
359,553,554,555,234,46,145,274,252
65,322,452,518,140,144,116,1113,62
288,676,645,874,883,854,631,408
1219,389,139,1238,1209,922,475,990,1119
166,138,44,470,539,127
1113,486,136,141,497,153,538
129,153,203,140,460,144,1113,1052
545,618,906,460,176,468,533,988,541
677,812,748,237,177,534
99,35,361,652,559,369,179,406
676,1131,1040,1137,855,1176,731
931,68,873,463,178,1267,124
153,1127,173,689,984,1113,221
193,66,777,174,366,690,691,213,252
169,492,429,175,207,337,1231,1141,409
771,452,167,777,140,144,1232,180
1089,771,227,1061,169,777,175,20,918
865,418,229,171,847,976,1267,600,1146,1116
100,777,172,109,60,789,952,956
961,172,524,48,497,468,500,475,159
232,968,299,1046,1111,217,410,411,956,1215
835,935,874,883,1206,854,630,505
160,258,709,199,410,30,122,411,158
165,294,301,429,532,918,409,795
544,166,138,526,212,470,507,923
355,613,1094,429,785,52,23,379,1087
257,1125,679,1065,632,345,954,1086
260,807,1098,371,121,283,1085,223
1090,1091,1096,633,1074,1078,950,345
1187,835,935,874,907,1043,1206,854
1090,1091,1028,679,1072,633,954,1053
865,1251,614,1107,313,859,863
1089,1061,169,1097,497,950,153,543
1088,832,808,616,1066,115,280,729
771,388,1193,777,1067,393,115,1080,956
1028,679,1095,1096,1078,376,954
679,1095,717,1078,950,376,345
129,1028,679,717,1074,345
723,372,373,1080,667,1084,540,1055
1095,1096,679,950,1078,376,954,1083
129,805,613,393,1194,235,1068,1212,540
1082,1099,717,338,345,954
954,1097,365,1071,1081,378,383
864,1248,359,715,1102,751,944,656,725,697
865,418,229,614,938,1044,639
546,1103,1174,154,219
1028,679,1099,717,338,345,1082
292,1114,1255,1100,629,122,1020,415
865,938,1107,1044,313,859,863
1251,902,136,937,940,141,1104,464,1107
199,968,688,977,1110,1111,217,410,411,511
574,1103,1105,1108,54,860,1149,830
1092,1028,679,1095,1065,1039,696,954,1086
1092,1093,1094,775,683,696,1052,1087
1281,828,583,885,727,568,1210,1244
260,1098,371,121,283,1085,223
679,1065,1072,950,954,1086
1097,365,1071,1081,378,383
1093,1094,261,377,236,175,409,1087
1120,651,1172,1243,412,413
137,525,147,468,533,472,1180,1118
553,554,1037,237,274
1184,551,1001,1132,789,375,414
514,1131,1137,855,1176,731
963,484,1134,182,1208,249,827
960,864,1282,618,460,1138,723,725,185,1179
1059,102,1192,782,1047,539,829
355,805,1194,43,362,784,663
355,805,1194,43,663,1242
1058,1064,298,113,49,402,1112,377
548,618,874,1106,467,1043,854,1183
1248,1253,6,1223,1139,436,1115
1248,929,1153,6,1223,1139,1115,639
32,923,964,1147,813,1108,1241,891
923,1147,846,592,1105,54,891,1149
418,934,972,15,498,124,1150
1248,1153,1253,1191,329,370,723,541
1124,1029,71,265,299,528
1121,1154,1290,624,666,604,669
1155,1159,811,1167,659,447
1122,558,401,563,564,980,566,605
1248,929,1253,6,1223,1139,436,1115
1128,1165,304,307,1236,53,1140,734
320,1156,1231,1141,663,1083
968,1130,720,1046,87,1110,1111,410
644,884,887,890,701,222
968,1130,720,1046,87,1110,1111,410
1248,964,6,1139,436,1115,639
525,912,1011,1019,892,1151
69,41,363,684,654,592,607
196,325,946,852,1109,1174,568,1210
609,1220,908,1133,1007,369,438
579,550,1003,750,565,1237,566,1013
964,1000,1160,398,1108,599
549,325,999,1001,1034,720,276,375
0,1217,359,1193,234,525,46,723,187
899,931,710,1224,44,463,1267
865,3,938,1107,1044,313
567,1031,1033,1035,876,855
1221,869,879,1041,1204,254,1118,1183
1184,610,551,1001,1132,1172,414
896,65,904,55,249,346,635
193,773,972,781,916,1237,347,797
1031,1033,876,846,592,54,855,985,1147
897,846,596,54,1175,1241
43,974,849,1202,723,659,53,663,447
567,1031,1033,1035,876,855
359,751,1199,16,723,1267,725,52,852,730
576,762,560,565,570,1022
960,225,451,326,40,300,435,51,723,1215
292,649,875,726,983,920,731
1024,353,721,1010,787,183,1018
546,219,1103,1174,154,123
928,1,4,1226,367,1200,1041,1016
50,569,443,572,573
1024,418,420,1133,1010,695,1018
34,968,1004,1108,1015,1017,410,411
833,870,593,1009,113,49
961,707,232,48,468,500,475,1215
580,583,615,568,985
1057,355,296,1068,947,247,986,1212,1247
1056,608,611,803,204,917,764
1121,1058,967,1064,392,1112,666
968,872,815,977,1046,410,411
193,329,10,46,367,208,1011,346,443,1213
610,359,11,878,751,723,1268,953,634
931,68,1224,463,178,1267,628,124
1090,1028,679,950,633,954,1054
1028,372,373,1080,1084,1055
1250,1252,933,619,1261,787,893
460,525,19,117,375,1208,249,188
930,164,1258,45,1170,410,411
70,169,175,688,20,245,984,24,543
100,488,879,500,21,311,956,285,1215
679,717,1072,950,345,954,1053
257,1125,421,23,632
872,968,815,977,1046,410,411,639
452,327,383,427,365,153,954,1052,1081
1120,610,1172,953,1243,412,413
261,647,648,1064,16,1169,885,727,1112
196,580,583,1160,615,398,1109,599,639
1059,1192,843,782,1047,829,766
130,931,163,92,178,18,628,536,284
226,195,771,549,1046,601,858,28
545,451,383,40,365,1073,185,378,667,1081
679,1095,717,1072,345,954,1053
64,1222,39,1011,1146,27,1116
454,423,714,882,1140,1236,734,31
199,968,688,977,1110,1111,217,410,411
66,227,108,278,23,24,29,319
385,838,617,1073,117,759,1213
356,472,1289,143,24,58,476
776,1097,1068,365,1081,383
609,867,291,196,939,332,852,441,154
352,358,1163,1164,1069,1166,25,955
640,545,359,1193,394,715,395,786,725,26
838,909,1070,143,911,1171,1051,351
1163,1164,1166,25,889
460,525,1070,143,178,723,697,1051,351
613,38,808,746,492,495,624,1212
1121,1058,1064,402,1112,666
1124,232,968,299,1046,1111,410,411,956,1215
257,679,1065,696,632,345,954,1086
69,840,40,363,684,718,592,607
1088,1091,1066,633,1078,950,345,954
64,835,39,630,600,1146,27
388,393,777,1067,365,373,950,374,1080
33,292,168,172,346,623,627,1114,1275
706,841,462,239,1111,664,249,410,411
32,567,1031,1033,431,598,54,985,1147
993,36,809,396,911,915,52
1089,322,153,1061,1232,760,1113
35,361,369,179,342,406,1182
1251,614,1107,313,859,863
1113,1089,452,1063,1141,153,186,1052
449,1059,843,949,1047,829
1191,1258,914,1108,860,1149,830
704,450,328,105,393,427,620,632,540
389,909,911,594,595,1269,602
545,451,675,326,40,107,684,654,723
1113,452,327,140,144,153,445,543
36,809,396,915,52,826,956
1282,1188,453,1287,297,1277
769,803,611,204,60,917,790,956,765
454,234,618,714,1199,178,1267,1021
608,193,797,781,916,60,285
129,294,455,135,521,113,55,1238,215
416,923,1229,219,1101,591,921,891
1283,132,166,456,138,694,732
1026,418,335,1139,820,919
609,759,814,945,1143,441,1210,1245,1119
737,964,709,647,493,946,1045,924,989
2,773,460,525,1232,49,723,442,91
416,891,1229,219,591,921,923,985
740,50,569,443,572,573
1184,999,551,1001,1130,1132,276,92
609,423,1169,1238,1048,346,827,444
451,1251,675,40,943,625,946,823,925
929,6,1223,370,1139,436,1115
452,140,685,175,626,693,187,445
1284,5,171,715,366,531,723,446,95
941,272,432,53,311,796,447
931,934,18,627,1210,828,1150
448,1249,770,647,1169,628,1274,1276,478
1059,1192,843,782,1047,829,766
1153,931,932,779,972,1042,1139,628
419,1193,525,434,178,119,53,439,90
644,884,887,537,890,701,222
1250,619,1260,430,433,893,703
614,972,975,178,562,885,859,863
644,884,887,537,890,701,222
929,1153,6,1139,436,1115
644,884,887,890,701,222
326,1289,525,336,627,435,179,541
545,678,1133,46,1007,723,435,438,187
612,1157,746,1266,437,663,1212,349
416,544,546,923,219,921,154,891
808,1032,1225,777,1067,77,440,729
933,1256,439,1272,318
1123,912,1011,1019,892,1151
802,425,305,247,728
418,645,880,1043,214,408,249,346,895
421,424,1065,338,632,1086
897,877,846,813,596,54
679,72,427,1039,338,950,221,543
898,195,1073,1111,152,476,700,1213
389,426,235,173,718,497,501,922,703
900,549,902,872,601,858,639
1259,619,430,433,1207,1177,703
902,937,108,940,1104,601
928,1226,1200,1041,1011,1016,93,927
544,197,837,711,428,655,627,507,699
833,870,905,364,593,1009
974,432,1233,1202,723,659,53,447
545,682,139,460,170,906,364,848,723
389,594,595,658,922,990
32,321,354,492,431,115,852,598
965,1126,1062,782,60,948,347,764
610,204,1111,953,1243,413
545,417,359,460,1229,591,336,723,921,923
960,384,1216,709,359,907,46,407,408,509
867,871,1262,1264,819,959
1217,1122,712,175,784,245,409,667,316
768,741,422,241,125,350
1219,1220,293,652,851,118,406
191,228,390,423,72,713,298,31
614,969,972,757,313,859,828,863
417,2,1229,1101,591,921
257,1125,421,424,23
1121,967,392,624,1077,666
1193,394,395,76,26
291,939,943,981,823,925
1217,718,399,271,786,248,796
419,1254,297,718,787,119,90
257,1125,393,650,1067,777,365,950,1086
707,871,1001,971,1262,1264,1111,959,1023
394,395,76,26,380,382
1056,771,777,847,404,916,888,793
674,35,621,179,406,727,1081,1119
1121,1058,967,392,402,727,184
986,750,1038,560,947,565,566,762,1247
111,403,1108,54,598,760,154,1181
902,937,940,1104,601,858
387,1095,137,1194,365,950
291,939,943,823,925
386,418,454,1095,1194,427,812,954,379
902,937,940,1104,1136,639
385,1071,1073,113,727,1244,1213
291,867,939,943,823,925
384,352,650,1163,1069,407,955
1121,1058,967,392,1064,1077,1112,184
449,613,843,1047,373,949,183,1212
390,391,72,1069,1076,1078,1079
390,391,646,72,1039,1076,667
965,1126,60,948,917,347,956
388,1067,365,51,1080,1081,827
100,172,1005,109,917,952,88,956,285
355,679,1194,115,693,950,1080,954,379
610,707,551,953,1243,413
1097,365,1071,1081,378,383
1028,679,1095,950,1078,376,345
1082,1065,683,378,377,954,1086
801,1058,193,1161,109,402,1213,951,797
1095,393,365,51,822,950,374,1081,383
1097,365,1071,1081,378,383
1062,807,371,1244,764,957
1193,394,395,76,26,381,382
941,589,432,796,317,958,447
1193,395,76,26,380,381,382
358,1163,1164,1069,1166,950,25,955
394,26,380,381,382
769,611,803,204,948,917,790,60,765
359,472,585,780,792,763,894
800,354,67,841,778,239,249
769,396,368,788,1076,826,764,1182
355,805,1194,43,784,663
1056,769,803,917,764,765
193,225,1218,613,8,689,1234,822,29
608,1056,769,803,764,812,60,115,956,765
704,1068,365,51,213,373,1081,383
1121,774,967,392,624,666
450,775,679,105,72,427,954,540
804,103,82,758,1278
869,1191,329,525,146,1012,468,541
1056,769,803,359,680,764,765
899,346,814,754,55,952,314,124,542
260,807,1098,371,121,283,223
704,547,708,549,233,685,532,501,918
355,805,1194,43,362,784,1242
263,487,1001,777,814,468,533
98,359,780,792,730,763,894
677,748,237,177,469,534
608,769,803,764,812,60,115,790,956,765
481,1099,717,338,213,535,345,474
1056,965,969,778,495,1011,916,764,797
801,486,136,1067,141,464,497,538,63
1024,1062,487,137,530,115,21,1114
32,1160,398,850,403,54,599,598,825
457,268,78,529,83,287
98,1160,1000,460,398,599,1209,510
1089,771,1061,169,180,532,20,245
131,504,1136,112,600,1146,1116
326,40,74,494,463,273,531,117,541
1121,967,392,522,624,666,510
833,870,905,170,364,593,1009
389,908,909,911,594,1269,602,990,922
231,521,1194,777,378,148,918,346,59,508
389,911,559,594,595,922,990
961,195,324,524,48,85,1110,1111
897,846,111,596,54,985
704,355,612,520,523,918,663,29,255
1184,610,204,953,1243,413
515,228,453,298,1232,760,252
576,1025,1038,400,565,762,1022
514,706,841,239,112,852,567,664,601
359,585,780,1197,792,763,894
1090,1186,520,442,954,1053,1054
129,518,233,1289,460,178,723,532,475
608,1056,803,771,204,917,218,764
131,872,238,112,1136,600,601,1146,1116
96,521,235,683,365,492,148,378,508
416,544,546,923,219,507,921,891
389,909,911,594,595,1269,602,990,922
576,750,400,560,570,565,405,762,603
675,392,522,298,12,139,1209,510
1121,1154,613,1290,624,604,669
199,968,815,688,1110,1111,664,217,410,411
833,870,905,364,593,1009
1218,1157,296,1232,1234,437,502,540
1156,613,426,275,147,501,503,540
545,963,868,1257,585,586,460,682
292,677,237,1230,274,1075,500
867,291,871,140,1262,1264,531,22,539,959
707,709,359,745,720,151,122,509
613,426,908,1232,501,503,540
866,877,846,596,852,54,567,1241
1289,460,49,498,113,1012,723,988,509
923,1004,830,1105,914,921,891,860,1022
2,1251,709,1257,815,977,410,509
900,229,902,549,777,814,1104,858
771,393,203,140,685,496,144,319
968,844,601,116,857,1146,1116,862
486,136,235,141,464,497,538
936,881,817,1048,1050
289,74,267,494,273,113,127
897,583,876,877,852,596,568,985
324,459,1197,495,339,791,1208,858,315
1031,1033,1035,876,276,855
545,900,490,1180,1043,1235,858,476
805,199,880,339,408,122,315
1186,968,649,875,844,983,1046,726,920
867,291,840,41,492,718,852,1174,1241,607
935,874,1106,883,467,854,477
608,965,488,113,948,789,21,218,60
704,1161,489,683,457,1168,378
871,971,1262,1264,959
481,129,1028,1074,535,474
486,136,141,685,464,497,538
389,361,911,368,595,788,826,922
480,929,233,460,207,886,91,190
448,770,255,622,1169,827,478,127
291,939,943,823,925
968,282,1116,1046,600,410,476,639
1248,418,739,610,549,1191,1132,824,1023
674,139,525,533,472,58,475
481,609,717,535,474,221
1026,614,934,335,820,919,863
487,906,848,465,212,533,1180
1258,1036,525,1041,473,1180,1149,415
32,923,964,1147,813,1108,1241,891
868,263,622,1238,472,1017,475,444,637
323,69,1160,41,363,398,1264,819,607
1123,100,1221,495,1011,471,952,1118
567,1031,1033,1035,876,855
166,777,138,44,526,212,470
871,971,1262,1264,856,959
1056,771,965,777,237,60,948,469,956
897,877,846,111,596,54
609,614,263,648,273,468,533
141,269,464,497,538,606,63
484,968,410,1110,1111,664,218,411,956,702
487,906,848,465,212,533,539
899,102,710,264,44,463,178,539
835,935,874,907,1043,630,1206,854,505
867,291,675,840,842,654,592,1174,154
1283,132,456,682,461,142,732
1004,914,1108,985,860,1149,830
549,326,969,1130,459,237,495,177,21,1114
1120,651,1172,1243,412,413
287,457,268,78,529,83,191
1251,586,113,946,723,628,1209,1274,284
260,560,850,825,570,283,1085,1022
706,968,841,1197,815,664,217,410,411
1251,739,1062,715,727,1244,285
194,549,999,1258,844,814,824,346,220
288,640,642,676,631,407,408,698
1152,579,550,561,1013,566,1239,991
287,135,457,268,78,83,191
290,1219,361,117,118,1182
1184,771,549,551,681,1132,115
289,1026,873,972,919,313,859,863
1152,552,557,401,980,982,605,991
962,292,1037,237,957,1270,698,794,93
640,291,675,359,618,715,925,943,823,989
928,1,4,367,1200,1041,1016,93,927
512,130,706,709,295,977,664,410,411,509
801,294,1127,236,242,532,537,61,222
1282,1287,297,525,1205,1277
834,355,357,296,1194,235,502,1212,540
1124,1029,71,968,299,115,1075,1046,700
225,577,356,1222,136,87,24,152
261,166,138,44,494,16,127
262,814,559,110,945,117,1143,1276,1245
454,263,648,777,1169,468,533
899,931,264,1224,44,463,178
266,810,304,53,86,663,757
672,932,1030,907,267,630,1273
233,969,427,393,301,270,495,532,249
1217,589,271,399,786,796,317,447
292,869,1158,839,1226,1195,12,1200
974,272,432,1233,821,796,447
609,97,289,614,648,814,273,827
257,801,198,294,523,492,175,275,503
448,1249,207,340,277,988,351
577,931,6,108,847,767,436,278,827,639
1088,129,452,685,845,760,280,729,445
1113,153,452,693,918,984,281,187
902,937,940,1134,1011,282
324,1210,139,651,1005,244,440,1242,988
581,584,567,1241,574
1092,941,1084,432,272,243,885,796,1055
581,582,599,1160,398,852,567,1241
129,487,200,491,1232,242,216
577,578,194,549,872,375,151,220
354,422,234,241,125,350
865,67,745,841,218,1108,375,122
580,583,615,568,985
344,399,271,304,248,250,794
544,545,891,359,460,1101,591,336,723,507
707,709,325,999,1034,14,720,246,375
581,1031,1033,1035,876,363,592,1241,574
802,934,425,777,305,247,728,665
580,583,615,568,985
225,675,460,301,946,723,245,409,540
581,584,567,1241,574
869,1158,839,1196,942,957,254
740,50,569,443,572,573
233,427,270,945,245,251,316,1245
740,569,443,572,573
359,234,12,46,723,538,252,1277
740,569,443,572,573
1217,619,331,119,248,250,794,1052
964,567,582,823,852,599,1241,571
993,657,1238,727,888,637,575
259,107,684,686,654,303
160,258,707,709,199,30,217,122,158
577,578,999,1130,720,1110,375,1111
257,421,1125,1065,23,632,1086
1093,775,810,523,560,1168,850,52,255
581,584,567,1241,574
679,72,427,1072,213,950,221,1053
260,560,850,825,570,283,1085,223
1152,590,563,564,982,1239,1240,1144
608,1056,771,204,917,218,764
675,359,1193,525,301,562,723,1045,187,1276
931,614,972,975,1267,859,863
199,968,1197,47,1110,87,1111,217,410,411
1184,194,968,844,862,276,375,220,414
579,550,913,979,1013,1145,991
641,227,988,460,301,178,723,1212,540
580,583,615,567,568,985
228,1156,1223,298,1231,760,436,1141,1272,670
581,584,852,567,1241,574
576,1038,400,560,570,565,566,762,1022
225,486,136,1227,141,718,178,314
224,226,195,133,17,152,858,28
1152,590,982,1239,1240
34,964,615,1108,1015,568,1017,985
481,517,233,460,525,49,178,723,988
995,947,371,566,986,1247
0,768,234,241,1273,125,350
292,553,554,555,1037,274
229,828,124,498,978,1044,1171,1146,1116
553,554,555,274,93,957
70,231,1211,302,784,340,886,91
553,554,555,1037,274,93
968,744,875,844,1046,1111,862
706,67,841,239,597,664,249
576,550,1038,400,560,570,1237,762
522,140,173,240,113,818,347,221,543
994,559,911,945,1143,1245
579,550,401,561,1013,566,761,991
294,1127,236,140,430,175,280,445,543
748,237,1230,1008,177,1075,115
1152,552,557,1038,400,982,1239,762
806,360,492,303,495,785,1212
707,804,359,234,525,46,178,723,1244
1218,362,784,849,1234,1148
673,361,911,368,369,52,826,1214
1121,356,1222,1289,24,1117,798
640,354,234,778,241,125,1273,667,1021
352,358,1163,1164,1166,25,955
357,455,264,266,463,467,372,373,53
929,1253,6,1223,370,436
35,1220,361,652,559,369,594,342
704,372,373,950,1084,1055
704,372,373,1084,1055
259,291,582,366,303,942,93,670
675,69,363,684,107,654,607
290,426,621,1199,368,16,1267,723,1045
962,772,998,839,973,942,367,563,957
992,198,1000,492,1231,341,1141
1219,1220,293,1135,594,118,342,1182
1220,838,559,1143,1245,343
1121,1058,967,392,624,666
646,72,362,336,625,1202,723,988,540
1061,1127,169,527,175,337,1231,1141
427,1099,717,338,213,950,345,1082,221
70,812,207,497,723,340,277,988
768,354,422,241,125,350
64,229,838,1070,627,214,1210,351
352,384,265,1163,1069,1039,727
353,1250,1260,1261,433,787,119,1207,893
40,141,814,847,718,1043,55,346,893
965,1126,1075,948,347,60
320,101,77,1231,1265,1141,348
1218,1006,1234,659,661,1148,349
322,452,327,685,724,693,374,281,606
545,326,300,336,435,179
1250,837,330,1260,1261,787,893
610,325,999,1001,14,246,953,1023
194,611,324,748,1008,177,1232,723
323,69,107,684,654
704,322,203,685,144,1113,543
321,451,675,40,718,607
320,101,1288,77,1265,1141,348
1026,675,335,723,820,919
1217,334,974,1233,1266,317
1064,1289,333,113,49,497,727,539,667
0,451,40,939,332,943,625,946,852
40,331,300,301,119,1272,893,703
353,837,297,330,428,655,787
548,869,329,367,208,498,180,541
704,424,328,105,427,338,86
1218,775,849,306,1234,661,1148,349
353,1128,297,1106,307,53,734
206,399,304,271,786,831
425,335,305,497,727,667,1021
706,968,841,1197,815,664,217,410,411
1186,195,423,231,302,188,19,508,190
291,259,69,840,492,366,303,1177
1127,233,169,650,300,685,429,588,20,409
933,1256,439,1272,318
153,165,301,180,532,150,984,1113
297,334,1233,1266,786,317
832,227,685,760,280,729,379,319
225,739,614,1227,660,55,314,859
420,906,1197,239,339,597,315
545,1217,362,460,589,1232,723,694,311,540
449,418,841,209,19,309,312,188
448,770,519,494,308,827,189
1037,143,469,310,55,440,88
