0,128,1,5,6,133,266,13,22,27,28,30,32,34,35,37,170,43,44,46,52,313,314,59,66,199,329,218,222,95,229,230,231,232,233,234,238,127
256,261,262,7,267,269,14,275,28,31,34,46,56,61,318,319,323,68,69,71,200,73,202,79,81,214,86,216,87,88,219,221,225,106,236,237,109,244,116
129,5,134,6,9,14,16,17,18,22,24,289,291,293,166,43,50,179,58,187,188,317,63,320,321,198,327,328,220,222,224,225,226,233,234,238,127
256,258,3,260,6,7,11,22,287,31,32,34,163,38,42,46,48,50,53,312,56,57,315,60,61,318,319,322,323,324,67,200,328,205,213,89,219,221,225,229,230,236,248,122
5,6,266,13,20,23,30,32,33,35,36,37,40,43,44,173,45,51,52,53,54,313,189,62,64,66,199,200,201,327,222,224,230,231,234,237,121
3,4,12,16,275,22,24,281,34,39,297,43,47,55,312,313,58,315,316,317,318,319,63,322,323,324,198,200,81,213,223,229,233,239,118,248,249,122
0,129,5,6,9,13,30,32,37,43,44,45,46,50,51,54,313,187,62,64,66,195,329,222,224,228,230,231,234,237,238
0,1,5,13,15,17,275,19,21,23,281,27,30,32,33,37,44,46,48,51,313,314,187,316,317,64,198,327,326,200,210,214,219,222,94,225,229,233,234,238,110
0,2,130,6,9,12,16,17,22,24,27,289,35,293,166,40,43,46,50,179,55,58,187,317,320,66,198,327,220,222,224,226,232,234,238,239,127
0,3,5,8,13,19,20,281,157,30,39,41,43,46,175,48,182,54,313,314,316,64,65,66,195,198,201,204,79,85,218,222,223,227,230,231,233,234,238,118
128,129,1,5,135,147,23,155,32,297,44,45,176,51,54,321,66,195,196,203,206,209,85,214,222,224,228,230,231,234,235,237,240,114,115,244,122
0,257,258,131,260,5,1,16,17,19,22,27,30,32,33,34,35,37,43,44,52,312,315,318,319,64,322,324,200,213,89,218,222,229,230,231,232,233,234,236,238,248,122
260,5,13,30,287,32,33,34,37,295,43,44,45,51,52,54,57,315,62,318,319,322,66,323,324,200,221,222,224,225,228,230,105,234,236,237,122
4,5,138,10,266,16,22,34,37,42,43,54,311,58,59,63,66,199,200,73,329,74,201,202,81,218,222,224,230,231,233,234,237,238,239,251
128,129,2,3,132,0,6,1,8,138,12,16,19,22,23,27,285,30,32,33,34,35,44,46,52,54,185,59,64,321,193,203,218,222,227,228,229,231,232,234,238,240
128,0,130,3,132,5,131,4,136,12,16,19,22,24,285,34,39,42,43,47,175,55,313,314,66,198,207,218,222,223,100,101,231,233,234,238,239
128,0,5,6,9,13,21,30,32,43,44,45,46,48,50,51,54,313,314,187,317,62,66,198,327,199,222,224,228,230,231,234,237,238
5,266,13,20,157,32,37,39,43,44,174,49,50,51,54,313,314,189,66,195,198,199,201,207,81,210,215,222,224,225,230,231,233,234,235,237
256,131,6,7,267,145,287,31,34,38,295,46,48,50,53,56,312,57,315,60,61,318,319,322,67,324,200,213,219,221,225,97,229,230,234,236,122
5,138,10,266,13,16,20,32,160,37,43,44,45,46,49,51,53,54,311,319,66,323,200,73,329,74,81,222,224,228,230,231,234,237,239,251
0,128,5,6,136,9,10,17,24,27,43,50,54,313,314,187,189,320,66,198,327,329,218,222,224,226,229,230,231,233,234,238,127
0,1,3,4,10,138,140,266,12,15,16,275,22,24,26,27,28,34,39,42,43,46,47,311,55,63,329,202,73,81,222,223,231,233,234,237,239,251
129,1,132,5,7,19,278,154,285,31,32,162,50,52,53,56,57,60,66,195,196,67,206,209,210,83,212,215,230,105,234,235,111,240,112,115,117
261,262,263,264,269,270,273,274,275,276,279,283,32,69,73,79,81,87,89,98,99,106,123,109,110,241,242,243,244,248,249,251,252,253,254
130,259,261,5,263,264,268,269,141,271,278,300,305,313,188,68,69,74,75,81,84,87,89,97,98,106,123,109,110,111,242,243,117,248,249,251,127,254,255
261,264,269,273,276,278,279,281,283,32,69,75,79,81,84,85,87,89,94,98,100,104,106,109,110,241,242,243,117,248,249,251,252,253,254,255
256,259,263,8,265,269,274,275,276,21,22,280,283,32,166,178,182,187,192,326,71,72,202,77,79,208,214,87,216,99,107,110,241,114,243,244,245,247,253,254
256,257,258,259,260,261,262,5,136,267,269,276,22,283,32,305,187,188,192,69,326,71,74,202,77,208,87,89,98,100,114,243,244,245,246,248,249,123,254,127
256,259,261,262,263,10,267,268,269,271,16,275,276,280,283,51,68,69,198,71,73,74,80,81,86,87,88,100,103,109,243,244,116,246,247,248,251,254
256,257,258,259,261,263,7,265,268,269,15,276,278,280,283,291,68,70,71,72,74,77,79,84,86,91,247,219,93,99,100,106,107,111,242,244,116,246,119,117,121,253,254
261,264,266,269,270,274,275,281,283,32,69,73,75,79,81,84,85,87,89,92,94,97,98,106,109,110,241,114,243,244,117,248,249,251,252,253,254,255
256,257,258,260,261,262,267,269,270,282,283,312,318,322,324,69,200,73,81,84,213,87,89,98,109,243,245,248,249,122,251
260,261,135,264,263,269,270,277,278,69,75,81,84,85,87,89,92,93,94,248,97,98,104,107,109,111,112,114,243,115,117,242,120,249,250,251
260,261,263,264,269,270,271,16,275,283,311,313,69,73,329,74,202,81,84,87,89,94,97,98,231,106,109,110,242,243,246,248,249,250,251,255
259,264,265,269,273,274,280,281,283,284,289,41,304,50,308,182,65,69,72,328,217,89,227,100,101,103,106,107,241,243,244,119,252,253,254,255
259,263,264,265,269,274,280,283,284,289,41,50,182,65,66,69,72,77,79,81,87,217,99,100,101,227,106,107,110,241,243,244,119,252,253,254,255
259,263,264,265,267,269,274,275,276,279,280,281,283,284,39,47,48,51,68,69,70,71,72,77,79,80,86,119,88,106,107,241,243,244,116,246,247,121,253,254
259,261,263,264,265,266,268,269,276,278,280,283,284,190,325,69,72,73,74,75,77,81,84,87,89,92,120,97,98,100,101,107,109,243,119,248,249,254,255
256,261,264,266,268,269,143,271,277,278,279,283,32,69,75,79,81,84,87,89,93,248,98,106,109,241,242,243,244,117,120,121,250,251,252,253,254,255
256,257,258,259,260,261,262,267,13,271,276,20,278,22,283,30,32,34,35,37,44,45,52,318,319,64,322,199,200,73,201,81,213,88,89,93,243,245,248,249,251,254
256,257,258,260,261,262,267,269,13,278,22,283,30,32,34,35,37,44,45,180,52,312,57,318,319,322,199,201,81,213,88,89,93,243,245,248,249,122,254
256,257,258,259,260,261,262,267,269,278,287,295,312,318,319,69,73,81,213,87,89,98,230,106,108,109,243,245,248,249,122,251,254
256,257,258,131,260,262,267,269,275,281,283,34,39,47,48,310,185,315,318,319,322,324,69,213,87,89,225,245,248,249,122,253
257,258,259,261,262,264,268,269,271,276,278,279,283,32,69,75,79,81,85,87,89,93,121,98,100,106,109,241,242,243,117,248,249,250,251,252,253,254,255
256,257,258,259,260,261,262,267,269,271,278,283,324,69,73,203,81,84,213,87,89,98,109,112,243,244,245,248,249,122,251,254
256,259,260,263,264,266,268,269,270,272,276,278,280,281,25,283,31,47,48,65,66,72,74,211,89,99,107,123,241,114,244,125,247,250,251,253,254
259,260,261,263,264,269,270,275,278,283,32,313,69,75,79,81,87,89,96,98,249,104,106,109,110,241,242,243,121,250,251,252,253,254,255
256,259,265,268,269,276,279,280,283,284,41,302,50,65,66,68,69,70,71,72,76,77,79,213,86,90,247,227,100,101,103,106,107,111,243,244,116,119,121,253,254,255
256,2,259,263,265,266,268,275,283,160,35,36,173,49,53,189,62,69,70,199,73,74,201,207,81,88,217,92,94,97,237,114,243,244,121,254,255
256,257,258,259,260,131,262,267,269,276,283,287,51,312,184,318,319,69,73,80,81,213,87,88,89,97,103,245,246,248,249,122,254
259,261,263,265,268,269,271,272,276,280,31,48,65,66,69,74,76,77,81,211,87,89,92,98,99,100,101,232,105,107,109,112,242,119,248,124,125,255
259,261,263,265,269,274,275,276,278,280,281,283,32,163,39,42,47,48,187,69,326,71,72,330,77,208,214,247,100,101,107,243,244,117,245,119,121,254,255
256,257,258,260,261,262,263,264,267,270,271,274,282,283,312,318,322,69,73,81,213,87,89,122,109,110,117,245,248,249,250,251
256,259,261,262,264,265,267,268,269,142,271,272,284,177,323,69,200,73,74,75,81,84,87,89,120,97,98,100,106,109,112,242,243,246,248,249,251,255
259,263,268,271,272,276,280,31,168,48,65,66,68,70,71,72,74,76,77,79,81,211,86,99,100,101,106,107,111,242,243,116,117,119,121,122,125,254,255
263,264,269,273,274,275,276,278,279,280,281,283,176,304,308,65,68,69,328,73,77,79,81,87,88,94,99,106,109,111,241,243,244,117,246,247,116,252,253,254
0,259,263,265,268,269,142,273,274,19,20,280,283,157,32,39,175,182,192,65,66,72,77,78,208,82,83,214,90,94,96,225,99,100,102,103,108,110,113,244,253,254
263,269,270,16,273,274,275,281,282,283,36,39,172,47,48,185,316,189,323,69,200,73,328,202,329,205,79,81,209,210,85,87,94,110,241,244,246,247,251,253
256,259,263,7,265,268,269,276,280,283,284,289,168,68,69,70,71,72,74,76,77,79,86,87,247,219,100,101,105,106,107,111,114,244,116,117,119,121,253,254
261,264,269,270,277,278,283,69,73,75,81,84,85,87,88,89,92,120,94,121,98,97,104,106,107,109,110,111,242,243,116,117,248,249,250,251
0,1,261,263,264,141,269,19,278,281,283,27,185,69,75,81,84,85,87,89,92,94,98,104,109,110,111,112,114,243,115,117,244,248,249,250,251,255
0,261,264,270,142,274,275,20,278,279,281,282,283,157,162,39,170,301,175,178,65,68,69,75,79,81,210,84,86,225,98,104,106,110,242,243,116,117,118,249,251,254
261,264,269,278,279,280,283,32,69,75,79,81,85,87,216,89,98,100,106,109,110,111,112,241,242,243,244,117,119,250,251,252,253,254,255
0,259,261,133,263,265,268,269,142,274,275,20,279,281,283,285,157,159,39,47,175,178,182,65,198,73,204,81,223,225,98,106,111,242,243,117,245,118,124,253,254,255
259,261,262,263,265,269,270,271,273,274,275,281,282,283,177,65,68,70,71,200,76,79,81,86,87,94,121,98,100,105,106,108,109,110,111,241,243,244,116,117,249,251,253,254
256,259,261,263,264,265,268,269,274,276,280,283,32,42,187,191,69,326,71,72,330,202,77,208,213,214,98,100,107,241,114,243,244,245,247,251,253,254,255
261,264,265,269,276,278,279,26,283,284,32,182,313,191,69,75,79,81,87,89,98,100,106,109,110,241,242,243,117,248,249,251,252,253,254,255
128,129,130,131,132,133,134,135,136,137,138,139,140,285,286,288,289,290,291,56,234,122,123,125,126,127
128,129,130,131,132,133,134,135,136,137,138,139,140,285,286,288,289,290,291,122,123,124,125,126,127
128,129,130,131,132,133,134,135,136,137,138,139,140,285,286,287,288,289,290,291,122,123,124,125,126,127
128,129,130,131,132,133,134,135,136,137,138,139,140,285,286,288,289,290,291,122,123,124,125,126,127
128,130,131,259,133,132,135,136,137,138,139,265,140,276,284,285,286,288,289,290,291,66,72,116,122,123,124,125,126,127
128,129,130,131,132,133,134,135,136,137,138,139,140,285,286,288,289,290,291,56,103,107,122,123,124,125,126,127
128,129,130,259,131,132,133,135,134,137,138,139,136,140,285,286,288,289,290,291,48,57,66,195,323,207,209,211,232,122,123,124,125,126,127
135,142,147,148,153,154,158,292,293,164,295,296,167,170,299,172,174,175,303,306,307,308,179,310,311,178,309,184,330
141,142,148,149,153,154,158,292,293,294,167,296,166,298,299,172,301,300,175,171,177,306,179,308,307,178,174,184,310,330,295,303
141,142,143,144,150,153,155,157,158,160,161,293,294,165,296,167,297,299,172,300,174,175,301,302,306,307,308,178,179,180,184,330,170
257,258,260,142,145,148,149,154,158,287,34,292,295,168,297,167,170,299,172,174,175,303,307,308,309,310,179,184,315,318,319,322,330,213,89,221,236,110,122
142,143,144,148,153,155,157,158,160,161,293,294,167,296,297,298,170,172,301,302,175,174,176,178,307,308,180,306,177,184,179,330,82
143,144,145,155,157,158,160,161,34,164,293,294,295,296,297,298,169,299,170,302,175,301,173,178,307,180,309,310,179,181,319,330,213,88,248,122
142,143,144,146,147,148,149,153,154,155,157,158,160,161,164,167,296,169,298,170,172,173,302,174,304,175,178,307,180,308,306,183,179,181,330,171
141,142,146,147,148,149,153,154,157,158,160,164,292,295,296,167,170,299,172,173,302,175,174,303,178,307,308,306,180,309,184,310,179,330,126
141,142,144,146,148,149,150,152,153,154,155,157,158,293,166,167,296,169,298,171,300,301,302,175,172,177,306,307,308,305,178,174,179,310,184,330,99
129,1,144,146,155,157,158,163,164,293,294,296,169,170,171,172,301,302,175,168,297,178,307,308,179,304,180,181,71,330,85,94,173,104,114,124
4,265,143,144,146,155,156,157,158,160,161,289,164,293,167,41,169,299,172,170,302,47,48,301,178,307,180,175,304,179,181,190,65,66,330,214,223,173,255
142,145,147,148,158,30,292,293,166,167,296,295,170,299,172,302,175,303,174,306,307,308,180,310,311,178,309,183,184,179,330,231
142,143,144,146,147,149,155,156,157,158,29,159,164,36,167,296,169,298,43,173,301,175,304,47,178,307,180,308,306,302,181,197,330,208,110
5,141,142,144,146,147,153,154,155,157,158,160,161,165,293,296,170,299,300,172,302,175,47,305,178,306,308,307,180,179,186,330,98,174,127
141,142,146,147,148,149,150,152,153,154,155,157,158,292,293,165,167,169,299,300,172,171,175,174,177,306,307,308,179,305,178,310,184,330,82
141,142,146,148,149,153,157,158,160,164,292,294,167,296,295,170,299,172,300,302,175,174,303,178,307,308,306,309,310,184,179,328,330
141,142,143,146,147,148,153,154,155,157,158,292,294,167,296,169,170,299,300,172,295,175,174,303,306,307,308,178,309,310,184,179,328,330
142,144,146,147,148,149,153,155,158,160,292,294,296,297,170,299,298,172,174,175,178,307,308,309,306,180,184,310,179,328,330
142,143,145,148,149,153,154,158,34,292,293,164,295,296,297,169,299,172,167,174,303,175,177,306,307,308,309,310,179,184,330,170,171
10,138,11,140,16,144,146,23,155,28,156,157,158,160,161,292,167,169,170,172,46,303,175,177,49,178,179,180,181,311,200,73,329,202,330,81,213,231,237,239,242,246,251
256,34,186,312,313,314,187,188,315,316,317,318,319,322,323,324,191,194,197,200,328,329,203,199,201,202,204,205,209,207,208,210,213,212,215,216,103,248
259,268,272,31,48,313,186,187,188,317,190,191,192,66,195,323,196,194,197,199,200,74,202,201,205,207,208,209,210,211,212,213,214,215,216,232,124,126
186,60,313,314,187,188,189,316,317,320,193,190,323,324,197,191,327,200,201,199,319,202,205,207,208,209,210,194,212,213,214,215,216
256,257,258,260,22,30,287,32,34,35,52,312,315,188,187,318,319,192,322,323,324,194,199,200,328,201,202,205,208,209,210,213,214,215,89,221,229,248,122
162,165,313,314,186,316,317,187,188,192,189,190,323,324,197,326,196,328,195,319,191,199,201,206,202,208,209,194,211,76,205,214,207,210,213,215,96
256,14,34,187,312,314,315,316,317,318,319,192,186,322,323,324,191,326,194,200,328,197,199,201,202,205,206,207,209,208,210,213,214,215,217,221,230,236,248
256,260,34,36,164,169,181,312,314,315,187,316,318,319,192,191,322,323,324,320,194,195,328,200,197,199,201,202,205,208,209,81,210,211,213,214,215,89,248,122
256,312,313,314,187,316,317,318,319,186,191,322,323,324,194,197,327,200,328,199,201,202,205,207,208,209,210,212,213,214,215,216,248,249
186,312,313,314,187,188,316,318,317,320,192,321,190,324,191,326,327,194,197,199,203,200,201,202,205,208,209,210,211,207,212,214,215,213,216
128,278,28,166,171,313,314,187,316,317,185,191,321,193,195,324,196,198,194,68,199,203,204,205,206,209,210,212,213,215,90,95,111,114,115,117
256,257,258,260,262,30,32,34,35,37,44,52,312,187,315,318,319,322,323,324,194,199,200,328,202,201,327,205,209,210,211,213,214,215,89,217,236,248
5,312,313,314,187,316,317,318,319,186,191,194,323,324,192,326,327,200,329,202,199,195,197,201,328,205,209,206,207,212,213,214,215,208,210,216
34,186,312,313,314,315,187,316,318,317,190,319,322,323,324,191,326,194,200,328,197,198,199,201,202,205,208,209,210,207,212,213,214,215,216,94
277,278,54,314,186,187,61,191,192,193,194,321,196,325,324,197,327,199,201,203,202,200,205,206,207,209,210,208,212,213,87,215,216,93,97,228,109,111,120,255
53,314,315,316,186,187,188,192,317,319,323,195,324,326,191,328,200,202,194,197,199,206,201,208,209,205,211,207,210,214,212,213,215,216,235,122
313,314,187,316,317,189,190,191,193,186,65,324,325,197,199,327,200,201,329,202,326,205,207,208,194,209,210,212,213,214,215,322,216
155,307,308,309,313,314,186,316,187,188,317,192,190,319,323,196,195,326,197,328,191,202,194,199,330,205,207,208,209,206,211,210,213,214,215,94
138,11,16,26,312,313,314,187,188,316,189,319,186,191,194,197,327,200,329,202,73,199,328,201,205,207,208,209,210,213,214,215,90,231,104,237,239,251
256,259,261,264,266,268,269,271,275,278,283,41,177,54,323,69,200,73,74,75,77,81,84,85,87,89,94,97,98,100,231,109,242,243,244,116,246,248,249,251
256,261,264,266,10,269,16,275,277,280,311,69,71,200,73,74,202,75,81,84,87,89,93,94,121,97,98,231,237,109,242,243,246,119,248,249,251
259,261,264,266,268,269,271,16,275,277,278,48,69,73,74,75,202,81,84,87,89,94,248,121,98,97,106,109,242,243,246,120,249,250,251,255
0,3,5,134,8,10,138,12,16,19,33,37,39,43,46,54,311,183,59,64,323,199,200,329,73,202,81,222,227,230,231,232,233,234,237,238,239,120,251
0,1,3,5,8,11,12,15,16,17,21,22,23,26,28,29,159,33,38,39,41,42,46,48,55,313,59,316,63,64,324,198,326,225,227,232,234,110,238
0,131,3,6,9,10,12,14,16,145,22,23,28,161,34,35,289,40,297,42,43,46,310,312,313,185,58,60,318,63,320,324,213,220,223,226,229,234,238,122
0,2,5,6,135,9,145,24,27,287,43,46,50,313,314,59,187,188,317,320,66,195,198,327,72,329,207,222,224,230,231,233,234,236,238
2,5,265,266,13,157,289,35,36,41,43,173,46,50,53,54,56,57,314,189,66,70,199,201,207,217,218,230,231,233,234,238,121
259,4,3,263,7,266,12,16,274,275,276,24,26,34,39,41,42,43,47,51,55,58,190,65,323,73,74,80,88,219,223,233,239,246,247
5,10,138,140,13,20,23,30,32,33,34,35,36,37,40,44,45,51,52,54,311,189,62,64,66,199,200,329,201,73,81,222,224,230,231,234,237,239
128,5,7,138,140,16,31,35,37,38,42,46,48,50,53,54,56,313,57,60,189,61,66,67,199,200,201,81,219,221,222,230,231,233,234,236,237,238,239,121
0,5,6,9,265,267,13,20,27,32,37,43,44,50,51,54,57,187,188,317,319,192,66,198,327,207,214,218,222,224,230,231,234,236,237,238,244
0,128,1,3,5,6,9,144,23,24,27,43,46,180,313,314,59,187,317,63,64,66,195,198,329,211,84,216,91,222,224,102,231,234,238
0,128,129,5,13,23,27,285,30,32,37,40,43,44,45,51,52,54,313,314,188,189,62,320,64,66,198,199,201,222,224,228,230,231,105,234,237,121
129,5,138,13,271,20,32,36,37,43,44,45,177,51,54,311,64,66,323,199,200,73,81,215,222,224,228,230,231,234,237,127
128,5,13,284,30,32,33,34,37,43,44,45,48,51,52,53,54,56,313,317,189,190,64,66,199,200,201,215,222,223,224,228,230,231,105,234,237,255
128,1,131,132,5,6,16,21,22,28,285,32,33,162,42,43,46,51,54,314,59,317,63,64,321,66,198,212,85,218,222,224,230,231,233,234,238,240
1,2,4,5,7,149,22,27,31,38,42,46,48,50,53,54,56,57,314,59,316,188,317,60,192,61,66,67,326,198,219,221,222,230,234,236,238,244
0,128,1,5,6,9,16,17,274,22,24,27,28,42,43,46,308,314,187,59,317,63,66,198,328,203,218,220,222,224,230,231,233,234,238
3,4,5,131,263,12,16,275,22,24,281,26,34,39,42,43,47,48,55,313,314,63,66,201,205,218,221,222,223,230,231,233,234,238,239,124
1,3,4,5,10,12,15,16,17,275,22,24,26,28,34,39,42,43,46,47,311,55,313,316,63,329,202,73,81,93,223,231,233,234,110,239,251
256,257,0,131,260,1,271,16,19,22,27,30,32,33,34,35,37,43,44,52,312,57,315,318,319,64,322,324,200,213,89,218,222,229,230,231,232,233,236,238,248,122
128,132,5,9,10,17,273,18,27,285,291,43,304,308,54,314,59,58,188,321,66,195,210,218,220,222,224,98,230,231,233,234,238,244,117,127
0,129,128,5,6,136,9,142,271,17,275,24,30,293,40,43,45,46,48,50,54,187,62,320,66,198,327,220,222,224,226,230,231,233,234,238
0,1,5,266,13,142,22,27,30,32,34,35,36,37,167,43,44,173,52,53,54,189,70,199,71,201,330,81,218,222,228,229,230,231,232,234,237,121
2,5,266,275,30,32,36,37,44,173,45,51,53,54,314,189,317,66,70,199,200,201,207,217,222,224,228,230,231,234,237,121
0,3,4,266,10,12,11,16,275,22,24,26,159,34,39,41,42,43,302,47,178,311,55,313,58,315,190,63,202,81,85,223,233,106,239,242,255
0,129,2,3,1,11,12,268,15,272,17,16,22,26,28,29,289,161,39,168,41,42,47,48,50,313,58,187,60,185,63,192,65,66,211,223,225,232,238,125
128,1,130,0,131,5,3,8,139,12,13,11,16,17,21,22,23,26,27,32,33,39,42,43,46,47,314,59,63,64,66,218,222,227,230,231,232,233,234,238
0,129,3,5,134,135,138,139,10,16,275,19,279,157,291,39,41,170,43,301,52,182,54,59,66,323,195,70,202,218,227,230,231,233,234,237,238,122,124,253,126
2,3,5,135,8,10,138,140,12,16,33,292,37,43,46,303,52,311,59,64,199,200,329,73,74,207,81,222,227,230,231,232,233,234,237,238,239,251
0,1,2,128,4,5,13,16,149,22,27,28,285,289,290,38,39,42,43,46,50,55,56,59,63,192,66,218,100,230,231,233,234,238,239,125
0,128,3,5,6,8,9,12,17,23,24,27,33,43,46,50,54,313,59,187,317,320,64,66,198,327,204,82,222,224,227,230,231,232,234,238
0,2,5,135,13,16,145,27,30,35,37,43,54,313,58,59,188,189,64,66,199,200,201,216,218,222,224,98,230,231,233,234,238,244,123,127
128,1,131,132,5,136,8,139,12,15,16,17,22,23,26,27,28,285,39,42,43,48,54,55,313,314,59,317,63,66,198,218,222,224,225,227,230,231,233,234,238
128,0,1,3,132,5,131,8,12,16,22,23,27,28,285,33,42,43,46,314,59,63,64,66,198,85,218,222,224,227,230,231,232,233,234,238,110
1,131,5,142,15,16,17,22,26,28,288,34,42,43,309,312,314,318,319,63,66,324,328,330,210,213,218,220,222,225,229,230,231,232,233,234,236,238
131,5,138,140,16,275,23,32,33,34,37,43,44,46,51,54,314,64,66,323,199,200,73,81,218,219,222,224,228,230,231,233,234,237,238,251,254
1,259,5,135,13,23,155,32,37,43,44,48,176,51,54,192,66,323,195,196,206,207,209,211,212,215,91,222,224,230,232,234,235,237,114,115,122
0,129,130,128,132,5,133,8,9,10,13,27,285,30,42,43,170,45,54,57,314,59,58,62,66,218,222,224,227,230,231,233,234,238,127
128,2,3,132,5,135,8,266,140,12,145,23,26,285,30,33,37,42,43,54,313,58,59,64,66,70,81,85,218,222,224,227,230,231,232,233,234,237,238,121
128,5,266,13,20,30,32,36,37,43,44,45,49,51,54,313,314,189,64,66,198,199,327,201,329,81,215,222,224,228,230,231,234,237,239,121,251
3,4,263,9,10,12,268,269,16,18,275,276,279,24,25,282,26,34,41,42,43,47,48,55,313,314,58,190,65,211,85,223,233,239,242
128,0,130,131,132,5,1,136,13,143,16,15,17,20,22,23,26,27,28,288,39,42,43,46,54,55,313,314,185,317,63,66,218,222,224,230,231,233,234,238,125
0,129,1,128,3,5,138,12,13,23,27,285,32,289,37,41,43,44,46,51,308,54,313,314,60,66,195,328,79,222,223,224,230,231,234,235,237,122
2,5,6,7,135,14,145,274,31,32,38,46,48,50,53,54,182,56,313,314,187,57,317,59,60,64,65,66,194,61,191,198,67,219,221,222,223,227,234,236,240
128,3,5,6,9,13,15,17,21,27,32,37,40,43,44,51,54,313,314,59,187,317,66,198,327,222,224,225,229,230,231,233,234,238
5,6,7,10,138,140,16,28,31,160,163,37,38,168,46,48,50,53,311,56,57,60,61,67,327,200,329,73,202,81,219,221,222,231,236,237,239,240,251
2,5,135,10,266,140,16,145,22,37,43,54,311,58,59,189,66,198,199,200,329,201,81,218,222,224,230,231,233,234,237,238,239,246,251
0,128,2,3,5,135,8,266,12,13,145,23,30,33,39,43,54,56,313,57,59,190,64,66,70,201,204,213,222,227,230,231,232,233,234,238,124,126
3,4,9,10,138,266,12,16,275,22,24,25,28,34,42,43,303,47,177,55,311,58,63,200,73,329,202,81,223,231,233,237,239,246,251
2,5,135,13,23,155,32,37,43,44,46,176,51,54,314,317,66,323,195,196,199,200,201,206,207,209,212,222,224,230,231,234,235,237,122
5,13,32,33,162,37,166,44,174,51,54,313,314,59,190,192,66,67,195,197,198,326,323,201,196,68,208,214,218,92,222,224,230,231,234,107,237
0,129,5,11,16,281,26,27,39,43,54,313,314,58,188,317,59,66,198,329,203,207,213,90,218,223,98,230,231,232,233,234,238,239,117,118,121,127
129,5,138,13,20,23,30,32,36,37,43,44,45,51,54,311,312,314,64,66,323,200,329,202,81,209,213,215,222,224,228,230,231,234,237
128,3,132,5,139,12,13,23,285,32,33,37,41,44,46,48,51,54,56,314,59,62,64,66,198,222,224,230,231,232,233,234,237,238,123
129,5,10,138,140,13,30,32,37,43,44,45,46,51,52,54,311,62,64,66,323,199,200,329,73,222,224,228,230,231,105,234,237
128,129,0,2,132,5,261,3,135,142,145,19,20,278,285,157,39,43,175,54,58,59,193,66,195,196,210,83,212,85,215,218,222,224,227,230,231,233,234,238,111,240,118
5,13,145,30,32,37,43,44,45,46,48,51,52,54,62,64,66,323,195,324,194,198,200,83,215,222,224,96,228,230,105,234,108,237
5,134,138,10,140,16,275,34,35,292,37,166,43,46,303,179,54,311,313,58,59,66,200,73,329,74,81,218,222,226,230,231,233,234,237,238,239,251,126
128,0,130,3,132,5,131,1,136,8,11,12,15,16,17,19,22,23,26,27,28,285,39,42,43,54,55,63,66,198,218,222,224,227,230,231,233,234,238
5,13,20,30,32,37,167,40,44,173,46,45,51,52,53,54,313,189,317,62,64,66,199,200,201,222,224,228,230,231,105,234,237,121,251
0,128,1,5,11,12,14,16,19,22,23,25,26,27,29,32,41,42,43,46,47,48,314,59,188,317,58,63,65,66,218,222,230,231,233,234,238,244
261,264,265,269,270,273,274,275,281,282,283,69,73,75,81,83,84,85,87,89,91,92,120,94,97,98,107,109,110,241,243,244,117,248,249,251,253,254
261,264,266,269,274,275,276,278,279,281,282,283,32,289,41,192,324,69,79,81,84,85,87,89,94,98,106,109,110,241,243,117,249,252,253,254,255
256,257,258,260,261,262,267,270,278,34,312,318,319,322,68,70,71,79,81,213,86,89,93,225,121,229,106,111,242,243,116,245,248,249,122,251
259,261,264,265,268,269,271,272,284,177,323,69,200,73,74,75,76,81,84,87,89,248,97,98,100,249,106,107,109,110,112,242,243,120,121,251,254,255
261,264,266,267,268,269,276,278,283,165,168,41,174,51,69,73,76,79,80,81,87,88,94,100,101,103,106,108,242,243,246,121,251,252,253,254,255
2,261,264,266,268,269,275,278,35,36,173,53,313,314,189,68,69,70,199,201,207,81,87,217,89,94,98,231,109,243,244,248,121,251,127
261,264,266,269,275,276,278,283,285,160,32,49,69,75,79,81,85,87,89,94,98,100,101,106,237,110,109,241,242,243,244,117,120,251,252,253,254
131,261,264,265,269,273,276,278,280,283,284,289,165,168,41,174,50,65,69,76,77,79,81,85,217,94,227,100,101,106,242,243,119,121,122,127,253,254,255
261,264,265,269,274,275,276,278,279,281,283,32,165,39,174,47,186,316,65,68,69,75,79,81,85,86,94,98,100,101,106,243,116,121,252,253,254,255
256,260,261,262,263,264,269,270,271,16,275,278,283,48,311,69,73,74,202,81,84,87,89,94,98,231,104,109,242,243,246,248,249,250,251,254
261,264,11,269,270,273,274,275,279,281,283,32,313,69,75,79,81,85,87,89,94,98,249,106,109,110,241,242,243,248,121,250,251,252,253,254,255
256,259,261,264,265,268,269,271,275,276,283,69,72,73,74,202,75,77,81,84,87,89,92,248,97,98,100,107,109,243,244,115,246,120,251,254,255
261,135,264,138,269,270,273,275,277,278,289,178,65,68,69,75,79,81,83,84,85,86,87,89,92,93,94,95,248,97,98,101,109,111,112,114,115,116,117,242,118,120,122,127
256,259,261,263,135,269,271,275,278,280,283,40,177,68,69,70,71,200,73,76,79,81,86,87,121,98,99,100,105,106,111,242,243,244,117,116,248,249,250,251,253,254
256,259,261,263,264,265,268,269,271,272,16,275,284,69,72,73,74,202,75,77,81,84,87,89,218,91,248,97,98,99,100,107,109,112,242,246,120,249,251,254,255
261,264,266,269,273,275,278,279,281,282,283,284,157,32,313,65,69,75,77,79,81,84,85,87,89,94,98,106,109,110,241,242,243,248,249,251,252,253,254,255
256,259,263,8,265,269,276,21,278,280,283,164,166,40,41,68,69,70,71,72,77,79,85,86,87,98,99,100,106,107,111,241,243,244,117,116,119,121,253,254,255
261,265,269,274,275,277,279,280,282,283,68,69,70,71,75,76,79,81,214,86,87,89,94,121,98,100,106,110,111,241,242,243,244,117,116,119,249,251,252,253,254,255
261,264,266,12,269,275,276,278,279,281,283,313,68,69,70,71,75,76,79,81,86,87,94,98,100,249,106,111,242,243,116,117,248,121,251,252,254,255
261,262,277,278,279,280,68,69,70,71,75,76,79,81,85,86,87,92,93,94,95,121,98,100,104,105,106,110,111,112,114,243,242,117,115,116,249,250,251
256,257,258,259,260,262,267,268,271,276,283,284,297,318,319,68,70,71,79,81,213,86,89,121,100,106,111,243,116,245,117,248,249,122,251,254
259,263,264,265,269,270,142,274,275,280,281,282,283,284,32,165,168,174,182,65,69,81,84,85,87,89,94,98,99,106,109,110,241,242,243,252,253,254,255
256,258,259,260,261,263,264,10,268,269,270,271,16,275,278,172,180,189,69,73,74,75,202,81,87,89,94,121,98,100,231,109,242,243,246,249,250,251,255
259,263,135,265,269,274,147,276,280,281,283,284,155,32,39,41,47,176,305,182,65,323,195,71,72,77,206,84,247,100,101,107,243,244,115,119,122,253,254
261,264,141,270,271,269,273,275,279,280,281,283,42,298,69,70,79,81,85,87,88,94,98,106,109,110,111,112,241,242,243,244,117,116,249,250,251,252,253,254,255
256,257,258,260,261,262,7,267,269,275,276,281,34,41,297,47,312,318,68,69,70,71,76,79,81,213,86,89,121,98,100,105,106,111,243,116,245,117,248,249,122,251
256,263,8,265,9,269,273,274,275,276,21,280,281,283,32,164,166,187,68,326,70,72,71,77,79,86,87,99,106,107,110,241,114,244,116,245,247,121,253,254
256,257,258,260,262,263,267,269,273,274,275,281,283,32,39,47,48,185,187,315,318,323,324,71,73,77,89,225,244,245,248,249,122,253
256,257,259,263,265,266,269,13,142,271,275,276,20,22,23,281,283,27,30,32,35,37,40,44,45,52,188,192,64,326,199,72,200,201,71,77,214,88,89,99,241,244,253,254
256,257,258,259,260,262,267,269,276,281,283,32,289,178,312,315,187,318,319,322,71,73,202,77,208,213,89,114,244,245,248,249,122,254
256,257,258,259,260,261,262,267,269,276,283,32,187,318,319,322,326,71,74,202,77,208,81,213,89,114,243,244,245,248,249,122,254
256,257,258,262,263,6,265,7,9,269,14,273,275,276,281,283,31,289,47,48,178,50,53,56,57,60,67,68,71,72,77,86,89,221,240,241,243,244,116,245,247,248,249,253,254
256,257,259,262,263,265,268,269,271,275,276,280,283,32,177,187,192,323,69,326,71,72,73,74,200,202,77,208,81,214,89,218,99,109,241,114,244,245,247,253,254
256,261,263,8,264,269,17,274,21,23,27,283,164,166,178,182,314,188,316,317,192,69,326,72,328,77,81,84,214,87,89,98,99,235,109,241,244,248,253,254
256,260,263,8,269,273,274,275,276,21,281,283,164,166,40,182,188,192,65,68,70,71,72,76,77,79,86,87,99,100,105,106,111,241,114,244,116,117,247,248,121,253,254
256,257,258,259,260,261,262,263,265,267,268,269,276,283,284,182,188,192,69,72,73,76,77,81,213,214,87,89,94,98,100,109,244,245,247,248,249,122,254,255
256,0,259,263,8,265,269,17,274,19,276,21,280,281,283,27,164,166,39,178,182,188,192,69,326,72,73,77,81,214,87,89,94,99,109,241,244,247,120,253,254
256,259,263,8,138,269,17,274,275,21,281,283,27,289,164,166,168,46,178,182,188,192,65,323,69,326,72,73,81,214,87,89,99,109,241,114,244,122,253,254,127
256,259,263,8,269,142,274,276,21,281,283,166,168,178,182,188,192,69,326,72,73,77,81,84,87,89,91,94,97,98,99,109,241,114,244,247,248,253,254
256,257,259,261,262,264,138,267,269,16,275,283,311,188,319,69,71,73,202,74,329,75,81,84,213,87,89,120,97,98,231,237,109,244,246,248,251,254
256,257,258,260,262,265,267,269,276,280,283,42,43,312,316,318,319,324,69,328,81,84,213,87,89,97,98,109,244,245,248,249,122,254
259,263,268,271,272,276,278,280,31,48,66,68,70,71,74,76,77,79,211,86,87,98,99,100,101,106,107,111,112,242,243,116,117,119,121,254,255
256,257,258,261,263,265,266,269,13,273,18,275,20,278,22,281,283,30,32,35,36,37,167,44,45,52,316,64,67,68,199,200,73,201,88,89,94,96,241,243,244,117,248,253,254
128,259,261,6,263,265,269,276,278,280,283,284,289,41,302,50,182,57,65,66,69,72,77,81,85,87,217,90,92,99,100,101,107,109,114,244,117,119,253,254,255
256,257,258,259,260,261,262,265,267,269,14,276,283,316,317,318,319,69,72,73,81,213,87,89,94,98,109,245,248,249,122,254,255
256,261,263,264,269,277,278,69,73,75,81,84,85,87,89,92,93,94,120,97,98,104,107,109,111,112,114,243,115,117,242,248,249,250,251,255
258,259,261,264,265,269,275,276,277,278,280,283,284,289,41,50,65,66,69,198,72,79,81,85,87,217,94,227,100,101,106,107,111,112,243,119,252,253,254,255
256,257,258,259,260,261,262,267,269,278,313,318,322,69,81,213,87,89,90,121,98,106,108,109,242,243,245,248,249,122,251
256,259,261,264,266,269,271,16,275,276,278,54,311,69,73,74,202,75,81,82,84,87,89,94,248,121,98,97,231,109,242,243,246,120,249,251,255
256,259,263,8,265,269,17,274,276,277,21,23,280,281,283,27,164,166,40,49,178,182,188,189,69,72,73,329,77,80,208,81,87,88,99,241,114,244,247,253,254,255
256,263,8,265,266,9,269,273,274,275,276,21,280,281,283,32,164,166,68,70,71,72,77,86,119,99,106,107,241,114,243,244,116,245,247,121,253,254
256,259,263,8,9,269,274,276,21,278,280,283,32,164,166,187,192,65,68,71,72,76,77,86,99,100,106,107,112,114,244,117,116,247,245,121,253,254,255
256,261,264,265,269,16,275,281,283,46,66,69,73,74,202,75,81,84,85,87,89,120,94,97,98,231,109,110,242,243,244,117,246,248,249,251,254
256,259,261,263,8,265,264,269,17,276,21,278,23,280,283,27,164,166,178,182,192,65,69,70,72,77,81,84,87,89,98,99,100,101,109,241,114,244,247,248,253,254
261,262,264,267,268,269,270,271,16,275,283,51,311,66,69,73,74,202,80,81,84,87,88,89,91,94,98,231,103,106,109,241,243,246,248,249,251
256,257,258,260,261,262,267,269,276,283,34,309,312,318,319,322,324,69,330,81,84,213,87,89,98,109,242,243,245,248,249,122,251
256,259,263,268,269,272,276,278,279,280,283,31,168,176,48,65,66,68,70,71,72,74,77,79,211,86,119,99,100,101,106,107,111,244,116,117,247,121,254
259,263,267,269,273,274,275,276,281,283,32,39,47,51,187,316,192,65,326,71,72,76,77,80,208,214,88,92,96,97,241,114,244,246,247,253,254
2,259,5,263,266,267,269,274,275,276,21,278,280,283,35,36,173,51,53,184,189,70,199,73,201,207,80,81,87,88,217,91,97,235,244,246,121,254
261,264,265,269,274,278,279,283,165,168,174,68,69,70,71,75,79,81,85,86,94,121,98,100,104,106,110,111,242,243,116,117,249,250,251,254
261,264,269,270,275,277,278,283,68,69,73,75,81,83,84,85,86,87,88,89,91,92,93,94,95,248,97,98,107,109,111,114,115,243,117,116,242,120,249
259,261,262,263,264,267,268,269,273,276,278,279,280,281,283,51,69,77,79,80,81,87,88,100,103,106,107,111,243,244,246,249,251,252,253,254
259,261,263,265,9,268,269,13,274,276,278,280,283,32,187,65,68,70,71,202,77,79,208,85,86,92,100,106,111,112,114,115,244,117,116,245,121,253,254
256,0,1,259,261,262,263,269,270,141,272,275,19,281,283,27,69,73,74,202,81,84,85,87,89,93,94,97,98,237,109,242,243,246,248,249,251
256,257,258,259,260,261,262,267,271,276,283,284,168,51,316,66,200,73,80,81,209,212,213,87,88,89,225,243,245,246,248,249,122,251,254
256,257,258,259,131,261,262,260,265,267,268,269,271,272,276,322,324,69,74,77,81,84,213,87,89,98,109,243,245,248,249,122,251
261,263,264,266,269,275,276,278,279,282,283,32,69,75,79,81,87,89,94,121,98,106,109,110,241,242,243,248,249,250,251,252,253,254,255
256,257,259,260,263,135,9,269,273,275,276,279,280,281,153,283,284,32,296,42,177,68,69,326,71,72,77,79,208,86,119,214,89,106,107,241,114,244,117,116,247,253,254,255
256,259,262,267,268,269,271,274,276,278,22,280,283,32,301,51,187,71,73,202,74,77,80,81,214,87,88,91,100,235,107,114,244,245,246,251,254
261,264,265,269,274,278,279,280,301,188,189,192,68,69,70,71,329,75,76,79,81,86,87,121,98,100,105,106,107,110,111,112,242,243,244,117,116,249,250,251,254,255
261,264,269,270,275,278,279,282,283,36,68,69,70,71,74,75,76,79,81,86,87,94,95,98,100,249,122,104,105,106,110,111,112,242,243,116,117,121,250,251,254
256,259,263,265,268,269,272,276,280,283,284,31,297,48,178,65,66,69,72,74,76,77,81,211,87,88,89,247,98,99,100,232,107,109,119,124,125,254,255
256,257,258,259,260,262,263,135,8,269,17,274,276,21,281,283,27,156,164,36,166,169,304,178,181,182,318,69,326,72,208,81,87,89,99,109,241,244,247,248,250,253,254
0,1,261,262,264,269,141,271,19,276,278,281,283,27,157,69,79,81,87,92,120,94,98,104,106,110,241,243,244,248,249,122,251,252,253,254,255
261,264,266,269,271,16,275,278,69,73,74,75,329,202,207,81,84,87,89,120,94,121,98,97,231,106,109,242,243,246,248,249,251,255
259,263,264,268,269,142,272,276,280,281,283,32,165,168,174,69,72,74,77,81,84,87,89,98,99,100,101,106,107,109,241,243,244,119,248,252,253,254,255
256,257,258,259,260,131,262,4,265,267,268,276,280,283,34,297,310,312,322,324,72,77,213,89,225,100,101,104,107,116,245,119,248,249,122,253,254
256,257,258,259,260,262,263,8,267,269,276,21,283,32,166,51,187,60,71,72,77,80,88,89,99,100,101,244,245,246,247,248,249,122,253,254
256,259,263,265,10,268,269,274,275,276,283,40,68,70,71,72,73,74,76,79,81,86,87,91,99,100,105,106,111,241,243,244,116,246,117,121,251,253,254,255
261,265,266,269,275,277,278,21,281,282,283,188,189,68,69,70,71,329,75,76,79,81,85,86,87,92,93,94,100,105,234,106,111,243,244,117,116,120,121,250
256,2,259,265,266,269,275,276,283,35,36,168,173,53,189,68,70,71,72,73,74,199,201,207,79,81,86,217,95,106,111,243,244,116,117,121,251,253,254,255
259,261,264,265,268,269,270,280,282,283,284,32,182,69,72,77,79,81,85,87,89,98,106,109,110,241,242,243,244,116,117,119,249,251,252,253,254,255
256,259,261,263,265,268,269,272,276,280,283,284,31,48,66,69,72,74,77,81,211,84,87,89,247,98,99,100,101,102,232,107,109,125,119,248,124,253,254
256,259,260,261,262,263,264,265,269,270,271,16,18,275,283,69,73,74,202,81,84,87,89,94,98,109,110,242,243,244,246,248,249,250,251,253,254
257,261,264,269,270,274,275,278,279,280,281,282,283,68,69,70,71,76,79,81,85,86,87,94,95,98,100,249,105,106,110,111,242,243,116,117,121,122,251,254,255
256,257,258,259,260,261,262,263,264,267,269,142,273,276,278,280,281,283,168,51,69,73,80,81,84,85,87,88,89,91,92,97,98,103,109,114,117,246,247,248,254
256,261,269,271,16,275,276,278,283,318,320,66,69,73,202,77,81,84,85,87,89,94,98,231,106,109,242,243,244,117,246,116,248,249,251,254
0,3,261,264,137,268,269,142,276,20,278,279,281,283,157,39,175,178,65,68,69,75,204,81,85,94,98,227,100,101,104,106,235,111,242,243,114,117,118,251,124,254,255
256,259,263,264,265,268,269,274,276,280,283,32,42,305,186,187,65,69,326,71,72,330,202,76,77,208,214,99,100,106,107,241,114,243,244,245,119,253,254
259,262,263,135,265,268,269,147,276,23,280,283,284,155,294,297,176,309,182,184,65,195,196,323,69,68,72,76,77,206,79,84,100,101,106,107,112,115,244,116,119,122,253,254,255
261,264,269,271,278,283,32,69,73,75,79,81,84,85,87,89,94,98,100,104,106,109,110,111,112,241,242,243,244,117,248,249,250,251,252,253,254,255
263,135,264,269,270,273,274,275,279,281,282,283,65,68,196,69,79,85,87,92,94,97,98,101,106,111,241,242,243,114,117,118,247,123,252,253,254
261,264,269,271,16,275,276,278,281,283,39,47,48,185,69,73,74,202,81,84,87,89,120,94,98,249,231,106,109,242,243,246,248,121,251,254,255
256,261,262,264,269,271,16,275,283,46,69,73,74,329,202,75,81,84,87,89,120,94,97,98,231,237,110,109,242,243,244,117,246,248,249,251
259,263,264,265,267,269,273,274,275,276,280,281,283,289,41,50,51,65,66,69,72,80,88,217,247,94,227,103,106,243,246,119,248,252,253,254
261,264,269,270,274,275,277,278,282,283,69,73,75,81,84,85,87,89,91,92,120,94,97,98,104,107,109,110,111,243,117,248,249,250,251,254,255
256,257,260,263,8,269,273,17,275,276,21,22,280,281,283,32,166,178,182,187,316,318,192,326,71,72,202,77,208,87,89,99,241,114,244,245,247,253,254
261,264,266,269,270,271,273,277,278,279,283,32,69,75,79,81,85,87,89,94,121,98,231,104,106,107,109,241,242,243,248,249,250,251,252,253,254,255
256,257,258,260,261,262,263,264,267,269,270,283,34,312,318,319,322,324,69,73,81,213,87,89,98,122,109,243,245,248,249,250,251
261,133,264,269,277,278,279,284,162,170,301,69,75,81,84,85,87,89,218,92,93,94,248,97,98,100,104,106,109,111,112,243,117,120,250,251,255
128,261,264,266,267,269,274,275,278,281,282,283,284,69,73,75,81,84,85,87,89,92,120,94,97,98,107,109,110,243,117,248,249,250,251,255
261,264,269,270,274,275,279,281,282,283,26,32,313,69,75,79,81,83,85,87,89,94,98,106,107,109,110,241,242,243,244,248,249,250,251,252,253,254
259,261,264,265,268,269,276,280,283,284,289,41,50,182,66,69,72,76,77,79,81,84,87,217,89,227,100,101,106,107,241,243,119,252,253,254,255
256,257,258,131,260,261,262,267,269,278,322,324,69,81,84,213,87,89,98,106,109,242,243,245,248,249,122,251,254,255
256,261,265,269,271,273,18,275,278,281,282,283,67,68,69,70,71,200,75,76,79,81,84,86,87,94,95,96,121,98,100,105,106,110,111,241,243,116,117,248,249,250,253,254
256,257,258,260,261,262,267,269,271,16,276,22,26,283,34,43,58,318,322,69,72,73,81,213,87,89,229,242,245,248,249,122,251,253,254
256,257,258,260,261,262,267,269,150,283,312,318,324,69,75,76,81,213,87,89,98,106,109,110,242,243,245,248,249,122,251,254
256,257,258,259,260,261,262,267,13,276,20,22,30,32,34,35,37,167,44,45,52,312,318,319,64,322,199,200,201,81,213,88,89,93,243,245,119,248,249,122,254
256,259,261,135,265,10,268,269,274,275,276,147,23,283,155,294,297,176,309,182,184,195,196,68,323,71,72,73,74,77,206,81,86,91,100,107,243,244,115,116,122,251,253,254
256,261,264,269,270,16,275,278,283,311,69,73,74,202,75,81,84,85,87,89,120,94,97,98,231,107,237,110,109,242,243,244,246,248,249,251
259,261,263,267,269,142,274,18,276,21,278,280,283,168,51,67,69,200,73,80,81,209,212,87,88,89,94,96,98,103,109,241,243,244,246,247,253,254
256,257,258,259,260,261,262,267,269,283,287,34,295,312,318,319,322,69,81,213,87,89,98,230,109,243,115,245,248,249,122,251,254
256,259,261,262,264,269,276,278,281,283,287,295,68,69,75,81,84,85,87,89,92,94,248,97,98,230,109,111,112,114,243,244,117,242,115,120,249,254,255
256,259,263,8,265,269,17,276,21,23,281,283,27,284,287,164,166,295,178,182,192,65,69,326,70,72,77,81,119,87,89,98,99,230,107,109,241,244,247,253,254
256,257,258,259,260,261,262,265,267,269,276,283,287,295,41,318,69,72,81,213,87,89,91,230,109,243,244,245,247,248,249,122,254
256,259,261,262,264,266,269,270,271,16,275,281,282,283,287,295,69,73,74,202,81,209,84,87,89,94,97,98,230,106,109,110,242,243,246,248,249,251
256,257,259,261,262,264,266,269,276,278,283,287,32,295,66,69,79,81,87,89,94,98,230,106,107,109,241,242,243,245,248,249,251,252,253,254,255
256,257,258,259,260,261,262,264,267,271,276,287,295,312,318,69,81,213,87,89,96,98,230,109,241,242,243,245,248,249,122,251,252,254
259,261,264,269,276,278,279,283,169,49,311,188,189,68,69,70,71,329,75,79,81,86,87,94,121,98,100,230,104,106,110,111,242,243,244,117,116,249,250,251,254,255
256,257,258,260,261,262,265,267,269,275,276,278,281,283,39,47,48,185,318,68,69,70,71,79,81,86,89,121,98,105,106,111,243,244,245,116,117,248,249,122,254
256,259,263,264,265,11,268,269,271,274,276,279,280,281,283,32,182,69,77,79,81,84,87,89,98,99,100,106,107,109,110,241,243,244,252,253,254
0,1,261,264,265,269,141,273,275,276,19,278,279,281,283,27,41,68,69,70,71,75,79,81,85,86,94,121,98,122,106,110,242,243,244,117,116,249,250,251
257,260,262,263,264,267,269,274,275,279,281,283,51,66,69,73,80,81,84,87,88,89,91,94,225,98,103,106,109,241,243,246,252,253,254
256,259,263,267,268,269,272,276,280,283,31,48,51,66,69,72,74,77,80,81,211,119,87,88,99,100,101,103,232,107,125,246,247,124,253,254
261,264,269,275,276,278,279,281,283,289,39,41,188,189,68,69,70,71,329,75,79,81,86,87,94,223,121,98,100,106,110,111,243,244,117,116,249,250,251,254,255
256,261,266,10,275,277,278,283,168,311,313,68,69,70,71,73,74,76,79,81,86,87,94,121,98,100,231,105,106,111,242,243,116,117,246,248,249,251
256,261,263,265,9,12,269,271,274,276,278,279,280,283,156,32,42,65,68,69,326,71,76,77,79,208,86,214,94,100,101,106,107,243,244,116,247,253,254
261,264,266,269,146,275,278,281,283,166,178,311,318,320,65,195,69,75,81,84,85,87,89,92,94,248,97,98,104,109,111,114,243,244,117,115,120,250,251,255
256,257,258,259,260,261,262,267,268,269,271,272,283,312,318,319,322,324,69,74,81,84,213,87,89,98,107,109,245,248,249,122,251
256,257,259,263,8,265,269,274,276,21,280,281,283,164,166,40,178,182,68,70,71,72,76,77,79,86,119,87,89,99,100,105,106,107,111,241,244,116,117,247,248,121,253,254
256,261,264,269,270,273,274,275,277,279,283,32,46,313,69,78,79,81,85,87,89,98,104,106,109,110,241,242,243,115,248,250,251,252,253,254,255
259,261,264,265,11,269,279,280,283,165,168,174,65,68,69,70,71,75,79,81,86,121,98,100,101,106,110,111,242,243,244,117,116,249,251,252,254,255
261,264,269,278,280,288,68,69,73,75,81,84,85,87,88,89,92,120,94,95,97,98,100,101,104,106,107,109,111,112,114,243,244,117,115,248,249,250,251
256,259,263,8,265,269,17,274,276,21,278,23,280,283,27,32,164,166,40,178,182,187,71,72,202,77,208,99,100,101,107,241,114,243,244,245,253,254
256,258,259,261,263,264,265,11,268,269,274,278,281,283,32,182,69,75,79,81,87,89,98,99,100,106,109,241,242,243,244,252,253,254,255
261,265,269,270,143,277,278,280,282,283,68,69,70,71,75,76,79,81,85,86,87,92,94,95,121,98,100,104,105,106,110,111,242,243,116,117,249,250,251
259,261,133,264,265,268,269,276,278,279,280,283,165,168,170,174,65,68,69,70,71,76,77,79,84,86,218,98,100,101,106,107,111,243,244,117,116,119,121,254
259,261,263,265,9,268,269,274,276,279,280,283,32,42,187,65,68,69,326,71,72,330,76,77,79,208,214,86,100,106,107,110,241,243,244,116,245,247,122,253,254
256,261,264,269,278,283,162,166,174,184,321,65,68,69,75,203,81,212,85,87,89,91,92,94,95,98,103,104,105,107,109,111,112,114,115,242,117,248,250,125
259,261,263,264,269,274,275,278,280,281,283,68,69,73,75,81,84,85,87,88,89,92,94,97,98,101,105,109,111,241,115,243,117,116,248,249,253,254,255
259,261,263,8,266,269,17,274,275,276,21,23,154,283,27,164,166,305,178,182,69,75,77,81,84,87,89,98,99,100,109,241,242,243,244,118,248,253,254,255
259,261,262,263,264,267,268,141,269,271,276,278,283,165,168,300,174,48,51,179,69,77,79,80,81,87,88,100,103,106,243,246,249,251,252,253,254
259,261,264,268,269,270,271,16,275,278,283,69,73,74,75,202,81,84,87,89,94,248,97,98,231,106,107,109,110,242,243,246,120,249,251,255
261,264,269,271,16,275,278,284,311,69,73,329,75,202,81,84,87,89,94,248,97,98,249,231,106,109,110,242,243,246,120,121,251,255
256,261,264,268,269,143,277,278,69,73,75,81,84,85,87,88,89,92,93,94,248,97,98,104,107,109,111,112,243,115,117,120,249,250,251,255
261,264,268,269,275,277,278,283,313,69,73,75,81,84,85,87,88,89,91,92,120,94,97,98,100,107,109,110,111,242,243,115,117,248,249,250,251,255
259,261,264,269,270,271,16,275,278,282,311,69,73,74,75,202,81,84,85,87,89,91,94,98,231,106,108,109,242,243,114,117,246,248,249,251
260,261,263,264,269,270,271,18,276,278,168,67,68,69,70,71,75,79,81,85,86,87,94,96,121,98,100,101,104,106,111,242,243,116,117,249,250,251,255
256,259,261,262,264,269,271,16,275,283,311,69,200,73,74,329,202,75,78,81,84,87,89,91,120,94,97,98,231,237,109,242,243,246,248,249,251
261,264,265,266,269,275,276,278,279,281,283,165,39,174,47,48,185,318,320,65,68,69,70,71,79,81,85,86,94,98,100,101,106,243,116,117,121,251,254,255
256,257,258,261,262,263,265,269,273,275,276,278,280,281,283,39,47,48,185,68,70,71,79,86,89,121,106,107,111,243,244,117,116,119,248,249,122,253,254
261,264,269,271,273,276,278,279,281,283,32,69,75,79,81,85,87,89,98,100,104,106,109,110,241,242,243,117,119,248,249,250,251,252,253,254,255
261,264,269,275,277,278,283,69,73,75,81,84,85,87,88,89,91,92,93,94,95,120,97,98,231,104,107,109,110,111,112,114,243,115,117,242,248,249,250
261,265,269,270,273,18,275,278,279,280,281,283,67,68,69,70,71,73,76,79,81,82,86,87,94,95,96,121,100,101,105,106,110,111,243,244,117,116,249,251,253,254
261,263,264,269,270,15,273,17,275,21,278,281,282,283,65,68,69,198,79,81,85,87,89,94,225,229,233,106,109,110,238,241,242,243,244,117,251,252,253,254
256,261,263,264,269,275,276,278,279,281,283,313,316,68,69,70,71,79,81,86,94,121,98,100,106,107,111,242,243,116,117,248,249,251,252,254,255
261,263,9,269,274,275,276,279,281,283,32,42,301,65,68,69,326,71,72,70,76,77,79,208,86,214,95,100,101,106,242,243,244,116,245,247,121,253,254,255
261,264,269,275,278,280,283,162,290,166,45,174,184,59,65,321,68,69,325,327,75,81,85,94,98,100,103,104,106,107,110,111,242,243,244,117,114,249,250,251,125,254,255
261,264,269,274,277,278,282,283,163,69,73,75,81,84,85,87,88,89,92,120,94,95,97,98,104,107,109,110,111,242,243,115,117,248,249,250,251
256,261,262,264,269,271,273,274,275,18,281,283,290,56,67,69,73,75,81,84,87,89,120,94,95,96,97,98,104,107,109,110,242,243,244,117,248,249,251,255
261,264,266,269,277,278,283,160,298,49,191,68,69,71,75,81,85,213,87,88,86,92,120,94,121,98,104,106,237,110,111,112,109,242,243,116,117,248,249,250,251
256,259,261,5,7,265,269,276,278,280,283,312,188,194,68,69,70,71,76,79,81,86,95,121,98,100,105,106,110,111,242,243,244,117,116,248,249,251,127,254,255
256,2,260,261,263,264,266,268,269,270,278,280,283,35,36,173,53,313,189,68,69,70,199,73,74,201,207,81,217,100,231,111,243,244,117,116,119,121,250,251,254,255
259,261,264,8,269,270,274,282,283,32,59,69,75,79,81,85,87,89,94,98,104,106,108,109,110,241,242,243,244,117,248,249,251,252,253,254,255
261,264,269,271,16,275,278,283,46,311,66,69,73,202,75,81,84,85,87,89,120,94,97,98,231,106,109,110,111,242,243,117,246,248,249,251
259,261,262,10,268,269,272,16,274,275,281,282,283,311,68,69,71,73,74,202,203,79,81,86,87,88,89,92,106,237,110,109,111,242,116,246,248,251,253
256,259,263,265,137,268,269,19,276,280,283,290,162,166,168,174,184,59,318,65,321,195,68,69,72,74,77,81,211,89,247,94,99,100,101,103,107,109,114,125,119,253,254
256,261,266,268,269,16,275,276,278,280,283,313,187,69,328,73,74,202,205,81,210,209,87,215,89,94,98,231,109,111,242,243,244,117,246,119,248,249,251
256,257,259,263,8,265,269,273,274,275,276,21,280,281,283,164,166,40,182,319,68,70,71,72,76,77,79,86,87,99,100,105,106,107,111,241,243,244,116,117,247,121,253,254
259,268,269,144,146,276,279,280,283,29,180,188,65,68,69,70,71,77,79,86,87,92,95,100,106,107,111,112,242,243,244,117,116,119,121,251,253,254
259,263,265,268,272,276,280,284,31,289,41,48,50,65,66,69,72,74,76,77,211,87,217,99,100,101,102,232,105,107,125,119,124,253,254,255
261,264,11,269,270,273,275,278,279,281,283,32,69,75,79,81,85,87,89,94,98,100,104,106,109,110,241,242,243,244,117,248,249,250,251,252,253,254,255
261,264,9,269,270,275,278,279,281,282,283,165,39,47,48,182,65,68,69,70,71,75,79,81,86,90,121,98,99,106,110,111,241,242,243,116,117,247,248,249,253,254
259,261,264,265,268,269,276,278,279,280,281,283,32,69,75,79,81,84,87,89,98,106,109,110,111,241,242,243,244,117,252,249,126,251,124,253,254,255
261,263,264,266,269,277,278,321,68,69,73,75,203,81,84,85,87,88,89,92,93,94,95,120,97,98,104,107,109,111,112,114,115,243,117,242,248,249,250
256,259,263,265,10,269,275,276,283,290,46,68,70,71,72,73,74,77,79,81,84,86,87,216,91,94,100,102,106,111,244,116,117,247,246,121,251,253,254
259,261,263,135,265,268,269,274,147,276,23,283,155,289,294,41,297,176,309,182,184,65,195,196,69,323,72,77,206,91,99,100,101,107,110,243,244,115,248,122,253,254,255
256,259,262,263,7,265,268,269,270,276,277,280,282,283,68,70,71,72,73,74,76,77,79,86,87,247,219,99,100,105,106,107,111,242,244,116,246,119,117,121,253,254
259,261,263,268,271,272,278,31,48,66,68,69,70,71,72,74,77,79,211,86,95,99,100,101,105,106,107,111,112,242,243,116,117,121,251,124,125,254,255
256,261,263,269,274,275,276,278,281,283,32,168,187,62,192,65,69,326,71,202,77,79,208,81,85,214,89,92,94,99,109,114,115,244,245,248,253,254
256,259,260,262,263,8,265,269,142,273,274,17,276,21,278,280,281,283,166,168,178,182,69,75,77,81,84,87,89,97,98,99,109,241,114,244,247,248,126,124,253,254
257,258,261,264,269,274,275,278,281,283,313,65,321,69,75,81,212,85,84,87,89,92,93,94,95,248,97,98,100,109,111,112,114,115,244,117,243,120,249
256,261,264,10,269,276,277,278,279,280,283,28,165,168,174,188,68,69,70,71,73,74,75,79,81,86,93,94,100,106,111,242,243,114,117,116,121,251,255
256,261,264,265,269,141,19,276,278,280,283,68,69,70,71,73,76,77,79,81,85,86,87,94,95,121,98,100,101,105,106,111,113,242,243,244,117,116,248,249,122,251,254
130,261,262,5,269,142,141,276,278,280,283,300,305,188,65,69,71,79,81,212,84,87,89,95,98,100,101,106,123,109,110,111,242,243,244,117,248,249,251,254,127
256,263,8,265,269,142,273,274,275,276,17,20,21,280,281,23,283,279,27,157,36,164,166,175,178,182,68,326,72,77,214,119,225,99,100,241,114,244,117,116,118,253,254
0,261,263,267,269,142,273,274,275,20,278,279,281,283,157,165,39,175,178,51,69,73,79,80,81,88,225,100,106,110,241,243,244,246,118,123,253,254
256,257,261,262,10,269,270,275,276,278,280,282,283,68,69,70,71,73,75,76,79,81,86,87,94,95,121,100,105,106,111,243,244,117,246,247,248,249,116,251,254
261,264,269,271,16,275,278,311,69,73,74,75,202,81,84,85,87,89,220,120,94,121,98,97,231,106,109,242,243,244,246,248,249,251,255
256,259,263,264,265,268,269,146,276,21,280,281,283,284,32,289,41,50,65,69,72,77,81,119,217,89,91,227,100,101,106,107,109,243,244,247,252,253,254,255
256,257,259,261,263,8,265,264,269,17,274,276,21,23,280,281,283,27,164,166,178,182,192,69,72,77,81,84,87,89,97,98,99,107,109,241,244,247,248,253,254
258,259,261,264,269,277,278,180,69,73,75,81,84,85,87,89,92,93,94,95,248,97,98,100,104,105,108,109,111,112,114,115,243,117,120,249,250
261,265,269,144,18,146,276,278,280,283,180,190,65,67,68,70,71,76,77,79,86,87,94,95,96,100,101,105,106,107,111,112,114,243,244,117,116,119,121,253,254
261,264,265,269,19,276,278,279,283,32,309,60,69,330,75,79,80,81,84,87,89,94,121,98,100,101,106,109,241,242,243,117,249,250,252,253,254,255
256,257,259,263,8,265,269,275,276,21,280,283,164,166,40,178,182,192,68,70,71,72,73,74,76,77,79,86,87,99,100,105,106,107,111,241,244,116,117,247,121,253,254
261,264,266,269,272,283,32,165,168,174,313,69,73,74,75,203,79,81,87,89,98,249,231,104,106,109,110,241,242,243,244,117,120,121,251,252,253,254,255
256,257,259,261,263,264,265,266,269,274,275,276,278,281,283,284,32,42,187,69,326,71,72,330,202,77,208,81,214,89,241,114,243,244,245,252,253,254,255
261,264,269,270,274,275,276,279,153,282,283,284,32,182,65,69,76,77,79,81,84,87,89,98,103,106,109,110,241,242,243,248,249,251,252,253,254
261,264,268,269,278,279,283,32,289,178,69,75,79,81,85,87,89,121,98,106,109,110,111,112,241,242,243,117,249,250,251,252,253,254,255
259,261,263,264,268,269,273,274,275,279,281,283,32,66,69,74,79,81,87,89,98,99,106,109,110,241,242,243,244,249,123,252,253,254
0,1,259,264,265,137,268,269,141,19,276,280,281,283,284,27,289,41,65,69,72,75,76,77,79,119,87,218,94,100,101,103,106,107,112,243,244,247,252,253,254,255
259,261,268,271,274,275,276,278,279,280,283,177,323,68,69,70,71,200,73,76,79,81,86,87,95,121,98,100,101,105,106,110,111,242,243,244,117,116,249,251,254
256,261,269,275,276,278,280,281,283,168,298,191,69,73,75,81,84,85,213,87,88,89,92,94,248,97,98,100,101,109,111,112,114,243,244,117,120,254,255
261,263,264,267,269,270,274,275,276,278,281,283,32,51,69,80,81,84,85,87,88,89,92,94,98,106,109,110,241,243,244,246,248,249,251,252,253,254
5,143,144,145,146,155,156,157,158,160,161,34,164,293,36,167,169,297,43,300,170,301,302,304,177,306,175,180,173,310,311,179,181,318,330,208,222,231,239
2,135,142,143,144,145,146,147,18,149,148,153,154,155,157,158,160,161,294,167,296,298,299,170,172,302,175,174,173,178,307,180,308,179,181,184,330
18,147,148,149,278,153,154,158,159,162,293,167,171,300,301,172,175,174,305,306,179,308,177,182,310,185,321,193,203,209,212,95,111,240,114,115,117
141,142,146,148,149,153,154,157,158,292,165,293,294,296,167,170,299,172,298,174,175,301,303,306,307,308,178,177,179,184,310,166,330
268,141,142,144,146,147,148,149,153,154,155,157,158,160,161,167,296,170,171,172,300,302,175,174,177,306,307,308,178,180,183,179,310,184,187,330
141,142,272,144,146,147,148,150,152,153,155,157,158,160,293,296,170,299,300,172,174,175,301,177,306,307,308,305,178,180,179,74,330
7,141,142,16,145,148,149,154,28,158,292,293,167,296,295,170,299,172,300,174,175,303,177,306,307,308,179,310,311,184,329,73,330,171,231,239,251
142,143,271,144,146,147,148,155,158,160,292,293,294,295,169,298,170,172,299,302,175,304,177,303,307,308,180,306,311,184,309,310,179,330,174
11,141,146,147,148,149,150,151,22,152,157,158,159,160,32,162,163,164,165,293,296,168,42,299,172,300,302,175,47,178,307,308,306,180,182,330,208,214
10,11,142,143,16,144,148,155,28,156,157,158,160,161,292,293,164,167,297,298,169,299,170,302,303,172,177,173,175,180,179,310,311,181,65,329,330,231,239,251
141,142,148,149,153,154,158,292,293,294,167,296,295,170,299,172,300,301,175,303,177,306,307,308,179,310,305,184,330,171,174,302
261,265,269,142,143,273,147,149,153,28,158,31,160,164,293,294,296,298,299,170,302,175,178,307,308,180,183,184,68,71,330,80,81,86,87,88,89,98,106,109,116,118,119,121,253
0,2,4,142,143,144,145,146,281,155,157,158,160,161,164,167,296,39,298,168,172,173,302,47,175,304,178,307,308,180,306,179,190,198,330,170,300,118
142,143,146,147,148,149,153,154,155,157,29,158,160,294,167,296,297,299,300,172,302,175,171,174,178,307,308,180,306,176,184,179,309,182,330,88
137,141,142,148,150,153,155,157,158,292,293,167,296,295,170,299,172,300,174,175,303,302,306,307,308,179,310,305,178,184,330
141,142,144,145,146,147,148,153,155,157,158,160,161,293,167,296,169,168,299,172,300,302,175,170,305,306,307,308,178,180,183,304,179,181,330,173
142,144,146,147,148,149,153,154,155,157,158,160,161,293,294,167,296,297,298,299,171,172,302,175,301,174,178,307,308,180,177,179,184,310,330
4,142,145,146,147,148,149,155,158,159,161,164,296,297,298,299,169,170,302,175,304,172,178,307,180,309,308,310,54,311,330,92,105,174
142,144,16,146,147,149,150,151,152,155,157,158,159,160,161,162,163,164,165,294,296,168,170,299,172,302,175,174,178,307,308,180,182,55,185,72,73,330,225
141,142,146,147,148,149,150,152,153,154,155,157,29,158,160,167,296,299,172,300,302,175,171,177,306,307,308,178,174,179,305,310,330
142,143,144,146,147,148,149,153,154,155,157,158,160,161,164,292,296,168,170,299,172,173,302,175,174,303,178,307,308,180,309,310,184,181,330,232
142,143,145,147,148,149,153,154,158,292,293,295,296,167,170,299,172,300,302,175,303,177,306,307,308,179,310,311,305,178,309,184,330,171,174
128,141,142,148,149,153,154,158,292,293,167,296,295,170,299,172,171,301,175,174,305,306,179,308,307,178,310,303,184,330,302
4,135,138,10,13,142,16,273,275,150,151,152,22,30,159,32,34,35,292,164,165,37,296,167,168,300,44,302,303,46,174,175,307,308,179,52,311,182,323,73,330,231,237,239
0,128,2,3,132,12,144,273,146,149,150,151,152,154,155,285,158,159,161,34,162,164,165,296,168,170,171,172,173,302,175,47,46,178,307,308,182,185,330,43,111,112
142,144,146,147,148,149,153,154,155,158,159,160,161,294,166,296,167,299,171,172,302,175,174,305,178,307,308,180,177,55,183,184,179,182,310,330
135,141,142,148,149,154,158,292,293,164,167,295,169,170,299,172,300,174,301,175,303,177,306,179,308,307,310,311,178,305,184,330
2,4,266,143,144,155,156,157,158,32,161,160,164,167,169,298,297,170,173,302,47,304,172,175,307,180,53,181,55,178,179,190,65,330,207,88,232
2,135,141,144,145,146,147,149,150,153,155,157,29,158,160,159,161,293,165,294,296,298,299,172,300,170,175,304,174,178,307,308,180,306,179,184,330
134,7,266,11,16,19,148,149,150,151,152,154,28,159,162,292,293,165,167,168,172,46,303,175,302,47,307,308,178,182,311,179,186,316,63,329,73,219,239
2,4,142,143,144,146,147,148,155,157,158,160,161,164,294,38,296,169,298,170,173,302,175,47,178,307,308,180,181,183,55,179,61,330,93,94
141,142,147,148,149,153,154,158,292,293,167,296,169,295,299,172,300,174,175,303,177,306,307,308,178,310,302,184,179,330,170,171
141,142,144,146,147,148,149,153,155,157,158,161,292,293,296,297,170,299,172,300,302,175,174,47,178,307,308,306,180,303,309,310,184,181,330,88
10,16,145,144,147,148,149,153,154,155,158,292,293,294,167,166,169,171,172,174,303,175,177,306,179,307,308,310,311,184,200,329,73,81,231,237,239,251
129,142,143,144,146,147,149,153,155,157,158,160,161,164,165,296,169,298,170,300,173,302,175,174,49,178,307,308,180,306,182,184,179,181,311,65,330,112
141,142,143,144,146,147,148,149,153,155,156,157,158,160,161,164,294,167,296,41,298,299,170,169,302,175,176,300,178,307,173,172,179,183,184,180,181,330,297
141,142,144,146,147,148,149,153,154,155,157,158,160,161,293,165,166,167,170,171,172,301,299,175,173,305,178,179,308,307,306,174,180,185,181,321,330,203
1,259,4,142,150,151,158,159,162,165,294,296,168,170,171,172,302,175,178,307,308,50,182,55,185,61,193,321,323,330,203,209,82,212,85,95,232,114,115,249
261,269,142,143,144,146,147,149,153,281,155,157,158,31,160,161,296,298,299,172,302,175,178,307,180,308,184,68,70,71,330,79,86,87,88,106,110,112,116,117,121
257,258,260,262,144,145,148,149,153,154,155,158,34,292,293,166,295,167,297,170,299,300,171,172,301,174,177,175,179,180,309,310,312,184,318,319,322,324,213,225,248,249,122
4,142,146,147,148,149,150,151,152,153,154,155,157,29,31,159,165,167,296,168,172,300,302,175,48,47,178,307,308,180,179,183,182,62,330,211,223,99,110
142,143,144,146,147,148,149,153,154,155,157,158,160,32,164,292,166,167,296,298,171,300,172,302,175,174,177,178,307,308,180,306,179,184,310,330
142,146,147,148,149,153,155,157,29,158,160,159,292,296,297,170,299,172,301,302,175,174,306,307,308,309,180,178,184,310,330,88
141,142,147,148,149,150,153,154,157,158,292,293,165,295,296,167,170,299,172,300,174,175,303,171,306,307,308,179,310,178,184,330
128,129,130,131,132,133,134,135,136,137,138,139,140,16,285,286,288,290,291,46,323,200,202,216,237,122,123,124,125,126,127
128,129,130,131,132,133,134,135,136,137,138,139,140,23,285,286,288,289,290,291,122,123,124,125,126,127
128,129,130,131,132,5,134,135,133,137,138,139,136,140,14,285,286,288,289,290,291,321,323,195,324,200,210,212,122,123,124,125,126,127
128,130,131,132,133,134,135,136,137,138,139,140,285,286,287,288,289,290,291,46,182,319,323,328,73,219,225,231,122,123,124,125,126,127
128,129,130,131,132,5,134,135,136,137,138,139,140,133,285,286,288,289,290,291,46,237,122,123,124,125,126,127
128,130,131,132,133,135,8,137,138,139,136,140,17,21,23,27,286,288,289,291,164,44,178,188,192,326,244,122,123,124,125,127
128,129,130,131,132,133,134,135,136,137,138,139,140,285,286,287,288,289,290,291,122,123,124,125,126,127
128,129,130,2,132,131,133,134,135,137,138,139,265,136,140,274,150,285,286,288,289,290,291,33,41,56,66,75,207,217,103,122,123,125,126,127
128,129,130,131,132,133,134,135,136,137,138,139,140,17,23,285,286,288,289,290,291,56,122,123,124,125,126,127
128,129,130,131,132,5,133,135,134,137,138,139,140,136,285,286,288,289,290,291,323,200,95,122,123,124,125,126,127
128,129,130,131,132,133,134,135,136,137,138,139,140,17,23,285,286,288,289,290,291,122,123,124,125,126,127
128,129,130,131,132,133,134,135,136,137,138,139,140,151,285,286,288,290,291,165,46,50,73,329,81,231,237,123,124,125,126,127
128,129,130,131,132,133,134,135,136,137,138,139,140,285,286,288,289,290,291,66,323,195,326,213,122,123,124,125,126,127
128,129,130,131,132,133,134,135,136,137,138,139,140,285,286,288,289,290,291,39,223,122,123,124,125,126,127
128,129,130,131,132,133,134,135,136,137,138,139,140,285,286,288,289,290,291,122,123,124,125,126,127
128,129,130,131,132,133,134,135,136,137,138,139,140,285,286,288,289,290,291,313,231,122,123,125,126,127
128,129,130,131,132,133,134,135,136,137,138,139,140,285,286,288,289,290,291,169,57,192,66,323,195,207,209,232,122,123,124,125,126,127
128,129,130,131,132,133,134,135,136,137,138,139,140,285,286,287,288,289,290,291,122,123,124,125,126,127
128,129,130,131,1,133,132,135,136,137,138,139,134,140,285,286,288,289,290,291,48,122,123,124,125,126,127
128,129,130,131,132,133,134,135,136,137,138,139,140,285,286,288,289,290,291,195,122,123,125,126,127
128,129,130,131,132,133,134,135,136,138,139,140,278,285,286,288,290,291,54,313,321,323,203,78,210,83,212,85,215,231,111,240,122,123,124,125,126,127
128,129,130,131,2,132,133,135,136,137,138,139,266,140,134,285,286,288,289,290,291,173,201,217,122,123,124,125,126,127
128,129,130,131,132,133,134,135,136,137,138,139,8,140,17,23,27,285,286,288,289,290,291,44,178,192,197,122,123,124,125,126,127
128,129,130,131,132,133,134,135,136,138,139,140,285,286,288,289,290,291,46,56,222,234,122,123,125,126,127
256,129,128,131,130,132,134,135,133,137,138,136,140,139,285,286,287,288,289,290,291,37,169,57,319,323,71,200,212,221,122,123,125,126,127
128,129,130,131,132,133,134,135,136,137,138,139,140,17,23,285,286,287,288,289,290,291,122,123,124,125,126,127
128,129,130,131,132,133,134,135,136,137,138,139,140,285,286,288,289,290,291,122,123,124,125,127
128,129,130,131,132,133,134,135,136,138,139,140,275,285,286,288,289,290,164,311,323,200,81,231,123,237,239,116,121,122,251,125,126,127
128,129,130,131,132,2,133,135,136,137,138,139,140,134,285,286,288,289,290,291,53,189,199,201,207,217,122,123,124,125,126,127
128,129,130,131,2,133,134,135,132,137,138,139,136,140,285,286,287,288,289,290,291,218,221,233,122,123,124,125,126,127
9,27,313,186,314,316,317,187,188,189,190,191,194,324,197,198,327,200,329,202,203,326,199,201,205,208,209,207,211,210,213,214,212,215,216
312,313,314,187,186,189,317,319,191,192,194,323,195,197,327,200,329,202,199,201,328,205,206,207,209,210,81,208,213,214,215,212,216,231,237,251
312,313,186,314,188,187,318,316,192,317,190,323,324,197,326,319,200,328,191,194,195,199,201,202,208,209,205,211,206,207,214,80,216,210,212,213,215
283,313,314,187,316,317,190,191,186,193,194,195,196,324,198,327,200,326,192,203,197,199,201,202,208,209,210,205,212,206,214,215,207,213,216,328
256,258,259,260,267,145,287,312,315,316,188,318,319,192,187,322,323,324,191,194,197,328,200,199,201,202,205,208,209,210,213,214,215,89,221,236,122,126
136,145,313,314,186,188,187,316,189,192,190,191,194,196,197,327,199,329,201,203,204,202,200,207,205,209,208,211,210,213,214,212,215,216
256,258,34,312,314,315,187,317,190,318,319,186,322,323,324,191,194,197,200,328,199,72,74,201,202,205,207,209,210,208,213,214,215,221,248,249
256,138,275,312,313,314,186,316,317,318,319,187,191,192,323,324,322,194,197,200,73,202,329,328,327,199,201,205,81,209,206,207,213,208,210,216,212,215,237,251
138,186,312,313,314,187,316,315,188,317,192,318,319,323,324,191,326,199,200,328,202,194,197,201,205,207,208,209,206,210,212,213,214,215,216
2,32,167,187,314,315,188,317,316,189,192,318,319,323,324,191,326,199,328,200,201,322,197,327,202,207,205,209,194,208,210,213,214,215,217,221,230
256,186,187,312,57,313,315,316,188,317,318,192,319,322,323,195,191,194,197,328,200,324,199,201,202,206,205,207,209,208,211,210,213,214,215,217,230,236,245,122
137,275,152,312,313,314,187,316,189,188,317,192,319,186,323,324,191,326,194,200,329,202,328,197,199,72,201,208,209,205,78,207,213,214,210,216,212,215,94
5,9,313,314,187,188,316,189,190,191,186,194,196,197,326,327,200,329,202,201,199,205,206,207,208,209,210,211,212,213,214,215,216
2,265,283,167,173,46,53,312,314,187,188,189,190,316,192,317,318,323,324,319,326,191,328,194,197,199,201,202,205,207,208,209,210,211,213,214,215,217,244,253
186,312,313,314,187,316,189,318,188,192,317,190,323,324,319,326,198,328,200,191,194,197,199,201,202,205,209,207,211,208,213,214,210,82,212,215,216,94,241
256,257,258,3,260,262,134,267,287,51,312,315,187,318,319,191,322,323,194,324,197,199,328,200,201,202,205,207,208,209,210,213,215,88,89,221,225,229,245,246,122
78,18,312,313,314,187,316,189,317,318,319,186,191,323,324,197,326,327,200,328,194,203,67,198,199,201,202,209,205,211,212,213,214,215,207,208,210,216,96
261,269,31,182,312,313,314,186,188,187,316,317,192,318,191,195,324,197,326,68,328,69,71,203,204,205,79,209,81,211,210,84,214,86,87,88,89,215,97,98,106,109,116
281,34,189,312,313,314,187,316,188,317,318,192,319,186,323,324,197,326,191,328,194,195,203,199,205,201,202,200,209,206,211,212,207,214,208,210,213,215,216
206,312,313,314,187,316,189,317,190,186,321,191,195,196,324,198,327,323,197,192,203,199,328,201,202,208,209,210,194,212,205,214,215,207,213,216,200
32,186,312,313,314,187,188,189,190,316,192,317,318,323,324,196,326,199,200,328,202,191,197,201,204,205,208,209,210,321,194,207,214,213,215
148,176,183,186,314,188,187,316,317,192,190,191,195,324,197,326,198,323,194,199,328,204,205,206,201,208,209,202,211,207,210,214,212,213,215,216,200
2,135,38,313,314,187,316,317,189,186,191,193,321,323,324,195,196,199,200,201,327,194,326,197,206,328,202,209,210,205,212,207,208,215,213,216
137,280,289,182,189,312,314,187,315,316,59,188,192,317,318,323,324,197,326,319,328,191,194,195,199,201,202,205,207,209,208,211,81,210,214,213,215,221,107
312,313,314,186,316,317,187,188,192,320,189,190,324,197,326,198,327,191,194,203,199,200,201,202,208,209,205,211,206,207,214,210,212,213,215,216
259,289,41,186,314,187,316,317,319,192,191,66,323,195,197,326,194,328,72,199,200,204,205,201,202,208,209,207,211,210,212,214,213,215,217,216
263,267,269,18,275,281,282,283,51,314,187,316,318,319,191,194,323,324,67,326,197,200,328,198,199,201,202,205,78,80,209,207,208,210,213,215,88,89,96,225,246,122,253
129,205,314,187,316,186,191,192,321,193,195,196,324,326,323,328,194,197,203,199,201,206,202,200,209,210,83,212,204,214,215,207,208,213,216,225,114
278,312,314,187,316,189,317,186,191,321,193,195,196,324,323,192,200,194,197,203,199,201,206,202,328,209,210,83,212,205,207,215,208,213,216,89,111,114
256,145,287,186,312,314,315,316,187,188,317,192,318,319,323,324,191,326,194,200,329,202,328,197,199,72,201,208,209,205,207,210,213,214,212,216,215,236
138,10,311,312,186,187,318,319,191,192,322,323,324,194,197,199,200,329,202,73,203,201,328,205,206,81,209,210,207,213,208,215,212,216,231,237,251
2,137,289,290,166,53,186,187,316,314,59,188,192,191,321,323,195,197,326,194,328,72,68,199,204,205,201,202,209,210,211,213,214,215,217,218,103,107
186,312,313,314,187,316,188,318,317,192,320,190,323,324,197,326,198,328,195,319,203,191,199,201,202,200,209,194,211,205,206,214,207,208,210,212,213,215,216
187,313,314,186,316,317,61,190,192,321,194,323,195,324,326,191,328,200,197,199,204,201,206,202,205,209,207,211,212,208,214,215,210,217,213,216,89
156,186,312,313,314,187,188,316,317,318,192,321,320,319,324,189,326,198,200,191,194,203,197,199,328,201,202,209,210,211,212,205,214,215,207,208,213,216
138,10,28,305,312,313,314,187,188,317,316,189,319,186,191,323,194,197,199,200,329,202,328,73,201,205,207,208,209,206,211,210,213,214,212,216,215
205,9,273,278,288,313,314,187,316,317,186,191,321,194,323,195,196,324,326,328,200,197,203,199,201,206,207,202,209,210,77,212,85,214,215,208,213,216
10,138,40,42,177,311,312,313,314,187,186,189,188,319,191,194,323,324,197,199,200,329,202,327,73,328,201,205,207,81,208,209,210,213,212,215,231,237,251
256,275,34,312,314,315,187,316,317,318,319,186,322,323,324,191,326,199,200,328,194,197,198,201,202,205,207,209,208,210,212,213,214,215,216,225,248
205,206,312,313,314,187,316,317,189,318,319,193,186,323,324,196,191,327,200,199,192,203,197,201,202,328,321,209,210,194,212,213,214,215,207,208,216
25,186,47,312,313,314,187,188,317,316,189,192,320,318,323,324,197,326,319,328,329,191,203,199,200,201,202,205,209,194,211,207,213,214,208,210,212,215,216
313,314,187,60,189,317,186,191,193,194,195,196,325,324,327,200,201,199,203,192,197,202,205,206,209,210,207,212,208,213,215,216,222,234
18,281,159,34,312,313,314,187,316,317,318,319,186,321,191,323,324,67,326,198,200,328,68,203,197,199,201,202,205,209,194,211,212,213,214,78,207,208,210,215,96
259,186,314,188,187,316,319,192,191,194,323,195,197,196,326,199,328,202,74,204,205,201,207,208,209,206,211,210,212,214,213,216,215,200
129,148,176,183,313,186,314,188,187,316,317,192,319,191,195,196,197,326,323,194,199,200,201,204,205,206,202,207,209,208,211,210,213,214,212,215,216
312,313,314,187,316,188,317,318,192,319,186,323,324,191,326,194,200,328,202,329,197,199,201,207,208,209,205,211,210,213,214,212,215,216,94
301,52,312,313,314,187,316,317,189,318,186,321,193,323,324,196,326,195,200,328,191,203,197,199,201,202,205,209,210,194,212,206,214,215,207,208,213,216,104
9,313,314,187,316,317,190,318,191,193,186,323,324,197,320,327,200,322,202,203,199,201,205,207,208,209,194,211,212,213,214,215,210,216,98
312,313,314,187,316,317,318,191,319,186,192,323,324,197,194,327,200,329,202,73,326,199,201,328,205,81,206,207,208,213,214,215,209,210,212,216,231,251
0,3,12,289,312,313,314,187,316,317,190,318,319,60,322,323,324,195,326,327,200,328,191,194,325,197,199,201,202,209,210,205,212,213,214,215,208,85,223
138,312,313,314,187,316,188,189,318,319,186,191,323,324,192,194,195,200,329,202,328,203,197,199,201,205,209,206,207,212,213,208,215,210,214,216,231,237
138,311,312,313,314,186,188,189,187,319,191,192,194,323,196,195,197,199,200,329,202,73,201,328,205,206,207,209,81,210,208,213,214,215,212,216,231,237,239
256,297,312,186,315,187,188,318,319,192,191,322,323,324,194,197,199,200,328,202,329,201,205,206,207,208,209,210,212,213,214,215,216,230,248,122
283,312,313,314,187,316,317,188,189,320,190,191,186,324,197,194,327,325,329,202,203,204,199,200,201,208,209,205,211,207,213,214,210,212,215,216,326
186,312,314,315,316,187,188,317,192,321,318,323,324,195,326,319,328,200,191,194,197,199,206,201,202,209,210,205,212,207,214,208,213,215,216,225
313,314,187,188,189,190,191,186,193,192,194,196,197,326,199,327,201,202,200,329,205,206,207,208,209,210,211,212,213,214,215,216
313,314,187,316,189,317,191,186,194,323,324,197,326,327,200,201,329,202,199,328,205,207,208,209,210,212,213,214,215,216,234,237
206,207,313,314,187,316,189,190,186,191,193,194,323,196,325,324,327,200,192,197,203,199,201,202,328,208,209,210,205,212,85,214,215,213,216
256,138,145,150,287,312,314,187,316,315,188,318,192,319,186,323,191,194,197,199,200,329,202,328,201,75,76,207,208,209,205,211,210,213,214,215,216,236
269,275,39,47,48,185,314,315,316,187,190,188,192,317,322,323,324,195,326,318,328,200,202,319,191,199,206,205,208,209,194,210,213,214,215,225
37,53,313,314,186,187,189,318,319,191,193,194,323,324,322,192,199,200,201,202,327,195,197,328,205,206,209,210,207,212,208,213,215,216,222,237
5,21,279,48,313,314,187,316,317,186,191,194,323,195,197,198,326,200,328,327,202,199,201,205,207,208,209,210,212,213,214,215,216,222,225,234,238
279,32,182,189,314,315,188,187,316,317,192,318,319,323,324,195,326,196,200,328,202,191,197,199,201,205,208,209,210,194,213,214,215,216
18,282,189,314,315,316,187,188,317,192,318,319,323,324,196,326,195,328,200,202,191,67,197,206,199,208,209,194,205,78,210,214,213,215,221,96,201,122
128,22,42,314,187,316,188,317,190,192,321,191,323,324,195,326,198,328,197,194,199,204,205,206,201,208,209,202,211,212,210,214,213,215,123
270,15,275,312,313,314,186,187,189,318,191,194,323,324,322,325,199,200,71,197,201,202,205,206,207,208,209,210,212,213,86,215,216,111,242,116,248,126
259,275,289,172,48,313,186,187,188,316,317,319,192,189,66,323,195,197,326,191,328,194,199,201,204,205,202,207,208,209,210,211,213,214,215,217
34,300,312,313,314,315,187,316,317,318,319,186,322,323,324,191,326,199,200,328,194,197,201,202,205,207,208,209,210,212,213,214,215,216,225
186,313,314,187,316,317,189,190,191,193,194,321,196,324,198,327,200,192,195,203,197,199,201,202,328,209,210,205,212,206,214,215,207,208,213,216,234
128,312,313,314,187,316,189,317,186,320,321,193,195,324,196,198,326,327,191,194,203,197,199,328,201,202,209,210,204,212,205,206,215,207,208,213,216,89,234,200
138,271,156,312,313,314,187,188,316,317,318,319,186,189,323,324,191,194,327,200,329,328,197,199,201,202,205,206,209,210,207,208,213,214,212,215,216,231,127
138,311,312,313,314,187,186,189,318,319,191,192,194,323,324,197,326,327,200,329,202,199,201,328,205,206,207,81,209,208,210,213,214,215,212,216,231,251
138,275,312,314,187,188,189,318,319,191,322,323,324,195,194,199,200,329,202,73,197,328,201,205,207,209,210,208,81,213,214,215,211,237
53,313,314,186,316,187,188,317,192,190,191,195,324,197,326,194,199,329,202,200,204,205,201,207,208,209,210,211,212,213,214,215,216,118
278,313,314,187,316,317,189,318,186,321,193,195,196,324,323,191,200,328,192,203,197,199,206,201,202,209,210,211,212,194,205,215,207,208,213,214,216
186,313,314,187,316,317,189,190,192,321,194,323,324,196,198,326,200,199,191,195,197,201,202,328,208,209,210,205,212,85,206,215,207,213,214,216
78,18,282,186,189,312,314,187,188,315,316,317,192,318,319,323,324,195,326,196,200,328,191,194,67,197,206,199,201,209,202,211,212,205,214,215,207,208,210,213,96
256,267,145,287,32,312,315,187,318,319,191,193,194,323,324,325,322,199,200,201,197,327,328,202,206,205,208,209,210,212,213,215,221,230,236
266,167,173,312,313,314,187,316,317,189,190,186,191,194,324,197,199,200,201,327,202,205,207,208,209,210,212,213,214,215,216,217,222,231,234,117,121
9,314,187,188,186,315,316,192,317,319,323,195,324,326,197,200,328,202,191,199,201,206,205,208,209,194,211,207,210,214,213,215,217,216
