196,710,201,206,208,401,55,1048,862,864,496,433,53,887,952,444
267,397,150,471,472,473,154,155,151,153,283,742,41,43,364,1069,567,568,379
832,902,70,1036,396,721,28,669,862,863,864,33,760,496,497,1074,949,54,887,888,444
194,195,197,201,912,210,723,982,351,753,313,58,764,62
267,150,471,473,153,154,155,602,283,349,222,292,567,440,379,702
196,903,904,713,207,208,468,149,796,797,862,417,1062,806,1064,751,571,191
642,262,268,852,1045,213,278,277,281,214,343,860,102,422,743,238,1073,502,314
340,1045,344,345,346,347,348,349,159,161,297,108,109,46,47,688,307,308,52,310,55
705,706,707,69,70,267,715,331,403,33,37,429,1070,372,58,380,381,702
139,140,461,147,724,57,34,743,177,179,756,757,633,634
139,140,461,335,147,34,301,175,177,179,756,757,759,57
139,140,461,335,147,724,34,35,743,177,179,756,757,57
194,195,197,199,201,207,912,210,723,753,58,764,62
194,195,197,199,201,912,401,210,723,982,58,753,570,62
382,460,147,35,299,44,429,302,300,175,177,50,179,372,56,57,830
382,147,852,35,299,44,429,300,175,177,50,883,372,179,56,57,830
847,211,345,349,223,227,228,233,170,493,494,109,178,1079
776,845,984,985,281,860,861,222,354,870,1073,314,317,316,1085
847,211,1045,917,222,223,735,227,228,424,233,493,494,318
257,79,659,729,92,293,39,40,41,43,47,48,240,306,569,63
257,79,659,151,729,92,293,39,40,41,43,47,48,240,306,569,63
196,713,206,207,208,796,797,1057,1062,1064,239,1073,53,55,571,191
194,195,197,199,201,848,401,210,723,739,58,753,570,764,62
198,906,659,1044,852,981,1047,95,96,932,678,489,938,491,492,682,1079
1026,842,90,411,92,412,287,614,743,42,46,307,308,63,447
65,268,594,84,85,21,408,88,95,96,99,678,682,365,238,175,176,1079
194,195,197,201,912,401,848,723,1048,350,739,753,564,764,62
72,74,159,39,40,41,43,46,47,48,688,307,308,52,120,59,124
72,74,159,39,40,41,43,46,47,48,688,307,308,52,120,59,124
72,729,39,40,41,43,46,47,48,688,307,308,310,120,59,124
72,467,39,40,41,43,46,47,48,688,307,308,310,120,59,124
194,195,643,197,199,201,713,207,730,989,1061,809,58,62
640,139,461,335,724,57,34,35,177,50,633,636,637
198,267,465,466,467,1044,1047,473,96,738,678,682,491,492,301,942,639
1091,204,334,399,80,851,470,1049,163,36,998,166,295,168,169,624,625,944,248
194,195,642,197,643,199,201,713,207,912,809,239,58,62
322,847,211,918,225,227,228,102,39,488,233,40,493,494,495
394,340,344,345,346,347,348,349,281,798,800,801,799,170,811,108,109,812
192,590,591,592,593,664,665,601,546,547,548,549,550,940,941,953,954,955
135,776,777,779,829,845,206,984,985,860,222,420,870,1073,378,1085
902,903,711,904,205,721,722,145,403,416,417,33,806,809,106,107,888,54,760,380,381
780,781,340,344,345,346,347,348,349,798,799,800,801,170,811,108,812,109,1079,1084
780,781,340,344,347,348,349,798,799,800,801,170,811,108,812,109,1084
340,344,345,346,347,348,349,223,108,109,812,178,1079
194,195,197,199,201,848,912,210,982,351,739,740,750,753,755,313,764,62
776,845,918,984,281,985,222,868,869,870,871,1073,314,1085,318
212,984,985,222,354,868,869,870,872,425,426,366,1072,1073,499
257,73,842,79,659,533,729,293,39,40,42,240,569,63
257,73,79,659,533,729,293,39,40,42,240,569,1019,63
539,860,861,224,225,161,227,228,102,488,233,495,1072,1073,375,1085
898,901,73,842,612,41,43,46,48,688,690,691,308,498,310,55,120,1019,124,575
453,845,917,215,919,860,861,353,354,424,425,377,316,317,318
258,264,910,911,336,339,735,31,932,933,235,305,248,61
6,907,908,909,268,982,1022,1050,33,232,1071,304,753,117,889,573,126
64,259,583,328,336,152,294,173,948,245,566,60,127
539,222,224,225,161,227,228,102,488,233,495,1072,1073,375,1085
203,205,145,356,106,107,433,243,436,502,122,123
712,203,145,96,356,551,106,107,433,243,436,502,122,123
65,716,652,912,594,595,596,597,598,599,103,564,572
264,16,18,20,413,222,290,164,229,230,231,997,38,234,168,1013
71,72,73,74,158,159,160,46,688,52,308,120,59
320,321,322,325,326,521,76,77,144,875,876,877
71,72,74,158,159,160,46,307,52,308,120,59
129,579,580,581,398,401,982,23,889,862,674,554,496,564,1076,1077,887,761,890,764
71,72,73,74,158,159,160,46,307,52,308,120,59
71,72,74,158,159,160,46,307,52,308,120,59
845,917,860,861,353,354,423,424,376,377,316,317,318
1090,776,845,661,281,860,861,222,224,225,102,998,488,495,49,56,314,1085
776,777,845,212,918,984,281,985,860,222,870,1072,1073,314,1085
514,259,6,583,1038,1042,595,980,85,599,343,1049,88,1059,296,236,250,127,511
1090,131,133,906,404,917,1050,735,224,1062,103,873,811,366,304,113,49,952,60,958
394,340,344,345,346,347,348,349,108,109,178,1079
320,321,322,325,326,327,521,76,77,144,875,876,877
845,918,984,281,985,222,353,868,869,870,871,872,1073,314,1085,318
845,918,984,281,985,222,353,868,869,870,871,872,1073,314,1085,318
521,847,211,344,345,349,227,228,233,875,876,493,494,1073
260,902,518,198,393,399,145,721,609,931,358,937,938,363,112,245,246,888,509
394,340,344,345,346,347,348,349,108,109,178,1079
574,585,459,846,80,414,415,926,615,616,631,247,444,445,446
384,256,389,276,149,468,148,150,862,352,747,237,750,751,1069,749,752,119,189
71,75,462,854,1051,158,159,293,39,297,46,47,48,688,307,310,120,59,124
257,961,964,79,659,729,293,422,39,40,41,240,306,569,63
1088,387,68,69,718,78,468,31,481,356,484,106,171,429,1070,51,372,436
642,199,200,1046,855,284,735,995,997,1001,620,432,434,1074,373,374
193,205,145,148,149,150,151,352,356,491,107,237,747,751,752,748,749
203,267,205,145,154,155,283,30,286,106,107,1069,433,436,567
197,912,401,210,723,595,594,982,350,351,33,753,570,313,58,763,764
71,72,73,74,158,159,160,46,688,307,52,59
832,577,912,401,210,723,598,599,350,351,103,49,753,564,313,764
1029,1030,1031,585,976,977,18,80,20,987,859,990,545,616,235
963,968,271,272,84,85,87,88,89,1050,99,101,934,939
963,271,272,84,85,86,87,88,1050,97,99,101,939,255
963,271,272,83,84,85,86,87,88,1050,98,99,101,939,255
963,968,974,83,84,86,87,88,89,1050,540,97,98,101,934,939,255
963,968,83,84,85,86,87,88,89,1050,540,97,98,101,934,939,255
963,965,968,84,85,86,87,88,89,1050,99,101,939
963,84,85,86,87,88,89,99,100,101,232,939,366
3,263,202,14,413,94,545,165,38,229,104,230,231,997,748,115,1014
193,148,149,150,151,352,482,740,741,552,747,748,749,750,751,752,755
1029,1030,1031,1032,976,977,18,20,857,987,990,545,164,235
0,2,4,9,10,13,341,24,25,26,91,93,369
1026,135,843,206,529,530,984,985,163,420,747,557,878,752,562,563,307,52,829
324,457,395,204,209,275,405,539,482,167,169,303,1082
1024,324,457,395,204,209,275,405,343,167,168,169,303
265,401,220,669,670,671,672,621,496,113,435,628,121,570
711,854,473,602,603,476,477,478,604,742,684,368,565,959
0,2,4,8,9,10,13,341,24,25,26,91,93
453,845,917,860,861,353,354,423,424,316,376,377,252,317,318
391,203,95,96,481,928,356,682,106,107,367,433,243,436,502,122,123
963,965,968,83,84,85,86,87,88,89,1050,99,100,101,934,939
963,968,973,974,84,85,86,87,88,89,540,97,98,99,100,101,934
260,644,966,586,588,655,537,609,355,358,936,937,627,246
1088,387,68,69,11,718,17,466,468,981,852,608,484,490,620,242,51,372,371
847,211,225,227,228,102,488,233,40,493,494,495,1072
471,472,473,154,120,39,41,43,46,47,688,48,307,308,310,568,379,124
71,72,74,158,159,160,46,307,52,308,59
2,4,11,13,17,81,273,342,24,25,91,93,480,484,171,813,110,439
320,321,322,325,326,327,521,524,77,76,144,875,876,877,319
131,70,459,1038,334,401,28,862,415,615,617,618,45,432,496,497,53,445
257,71,72,74,158,159,160,46,688,307,308,52,120,59,63
268,140,596,597,598,599,408,606,365,238,301,176,883,1079,759,635,126,639
128,129,972,398,342,484,1061,489,427,942,111,370,371,115,54,829
514,515,516,392,137,393,138,140,141,460,335,146,296,236,626,1075,639
706,382,1028,331,78,338,147,927,555,1070,372,311,56,701,830
454,7,136,266,396,397,82,856,28,477,30,33,745,428,492,496,500,760,187
128,129,972,398,529,530,401,155,547,548,549,106,427,370,371
196,200,15,208,529,722,530,730,27,28,29,30,286,417,496,53,502,887
265,329,332,27,28,669,670,671,672,29,220,30,286,621,496,435,121
704,265,329,332,27,28,669,670,671,672,220,30,286,37,621,49,435,121
212,918,919,984,353,868,869,870,871,872,873,378,1085
203,205,145,356,106,107,433,243,436,502,122,123
961,645,584,606,607,935,937,489,619,683,174,175,371,1012,883
148,468,150,471,472,151,473,149,284,864,352,292,742,747,748,749,751,752,440
645,712,202,461,19,724,34,1068,1004,1005,1006,1007,1010,1075,1013,633,634,635,639
0,1,2,4,8,9,10,11,13,26,91,93,115
203,205,145,148,30,33,356,106,107,433,243,436,502,122,62
954,14,1042,726,278,32,226,290,869,871,360,873,234,425,872,1063,679,378,956
202,268,528,147,596,598,599,408,410,95,96,929,678,682,365,238,176,883
832,205,912,145,210,723,28,29,286,30,351,753,433,564,313,764
212,214,215,919,353,868,869,870,871,872,425,873,499,378,1085,318
453,917,919,222,353,354,868,869,871,872,424,376,316,317,318
64,192,258,583,328,336,152,357,294,173,948,245,566,443,60
258,583,328,584,336,152,357,294,619,173,175,948,245,566,443
64,258,583,328,336,152,475,357,294,173,948,245,566,443,60
704,771,522,845,271,1045,213,278,281,860,861,102,1073,561,690,818,375,314
640,641,515,139,140,461,147,724,34,35,177,50,179,626,57,636,637
641,515,516,140,335,299,626,1075,632,633,634,635,638,639
640,641,515,516,140,141,461,335,724,299,626,636,637
260,644,582,966,586,971,588,655,537,609,355,996,358,936,938,246
322,327,845,270,917,406,344,281,538,860,861,224,40,1073,314,316,317,319
1025,196,710,903,904,713,206,207,208,276,149,796,797,417,1062,1064,53,191
389,468,532,21,149,276,343,862,676,677,751,111,815,817,820,119,699,189,190
640,641,515,140,268,461,147,724,301,176,633,634,635,636,637,638,639
585,459,80,790,414,415,615,616,496,247,445,446
257,79,659,729,293,39,40,42,240,689,306,569,63
136,266,396,781,780,15,82,467,856,27,28,925,30,798,799,33,745,811,428,812,56
514,451,389,527,468,404,343,986,676,677,751,432,111,306,815,817,820,118,821,190
194,195,197,713,201,207,912,210,796,1057,1062,809,239,881,571,572,62
1025,194,195,197,201,650,207,912,730,796,1057,239,881,753,949,761,572
203,716,912,723,596,597,286,350,351,1057,313,107,239,881,949,761,764,572
0,1,2,4,8,9,13,341,24,25,26,91,93
384,256,464,465,466,467,276,468,285,482,236,237,241,242
516,389,390,135,143,189,343,798,420,106,107,174,111,116,118,119,829,190
644,585,910,911,399,80,790,415,545,932,933,615,235,61,248,445,446
71,72,73,74,158,159,160,46,688,307,52,308,120,59
577,580,585,909,401,210,723,1042,982,23,221,350,32,33,616,496,753,564,764,62
135,843,206,984,985,420,42,557,878,559,558,561,562,563,46,307,308,700,829
71,72,74,158,159,160,46,307,52,308,59
64,192,258,583,328,336,339,357,294,173,305,948,245,566,60,61
459,399,470,1049,415,162,932,421,166,295,998,235,309,248,444
71,72,74,158,159,160,46,688,307,52,308,59
131,585,459,1038,401,32,615,617,618,44,45,496,53,247,56,445,446
260,966,586,588,846,655,537,609,355,358,935,105,937,246,249,574
204,334,399,851,163,36,998,166,295,168,169,943,624,945,625,944,248,1082
891,520,447,1043,279,280,729,287,611,743,553,182,183,59,700,575
71,72,520,74,659,279,280,729,287,743,690,182,183,59,700,447
71,72,74,158,159,160,46,688,307,52,308,59
324,457,395,204,334,209,275,539,167,295,303,624,944,943
395,164,165,166,167,168,169,943,624,944,946,947,625,1082
395,539,164,165,295,168,169,167,622,943,624,944,946,625,1082
1091,132,133,134,330,399,790,615,814,816,818,309,247,248,826,827,445,446
132,133,134,585,330,459,399,80,790,414,415,615,616,247,445,446
324,135,457,204,334,209,275,163,164,166,943,944,945,303,1082,829
322,776,845,344,985,281,860,861,222,870,40,1073,314,1085
324,457,395,204,334,209,275,539,36,166,167,295,303
453,1085,917,919,353,868,869,871,872,873,316,317,318
641,515,516,390,203,526,402,96,481,356,106,107,433,243,436,632,633
902,330,716,722,340,277,344,345,347,348,349,108,109,178,309,949,887,888,315
212,918,984,868,869,870,871,872,873,425,378,1085,318
704,708,1028,70,330,267,715,830,80,153,154,155,283,37,429,567,702,703
640,641,515,516,139,140,335,724,301,626,632,633,635,636,637,639
641,515,516,138,140,460,141,335,21,301,626,1075,635,639
451,263,264,393,15,16,18,20,342,27,30,735,164,496,1013,61
451,387,263,264,266,274,19,342,986,282,284,484,165,38,115,371,1014
11,81,17,24,480,484,485,489,171,172,813,110,115
642,198,391,267,79,466,467,914,981,19,342,153,154,283,155,567,552,1069,942,237,759
6,907,844,909,908,268,1022,791,793,926,1071,304,176,117,630,573,126
391,526,15,145,402,22,95,96,481,928,226,367,243,502,122,123
963,964,965,271,272,83,84,85,86,87,88,89,100,232,366
64,66,259,583,152,88,735,31,1059,296,236,442,948,250,60,61,127
960,132,133,134,966,967,586,588,542,991,992,993,994,415,418,607,1000,938,619,570,511
897,520,447,651,1043,659,279,280,287,743,690,182,183,700,575
256,384,464,465,466,467,285,482,237,241,242
324,457,395,204,209,275,539,165,166,167,295,169,303,943
1025,323,387,451,1091,266,274,403,282,796,30,94,286,33,867,490,236
323,387,451,263,266,274,403,282,94,30,33,490,747,687,886,438,441,831
768,769,770,453,454,212,984,219,868,869,872,425,873,426,499,378,767
773,453,841,777,215,217,219,37,422,424,619,819,822,375,184,185,186,1020,253
64,258,583,328,336,152,357,294,173,948,245,566,312,443,60
391,526,15,22,96,481,928,802,226,367,243,502,122,123
320,321,322,325,326,327,521,144,344,345,40,233,875,876,319
320,321,322,325,326,327,521,344,345,40,875,876,877,319
320,321,322,325,326,327,521,344,40,875,876,877,319
320,321,322,325,326,327,521,144,40,876,877,319
1026,3,390,14,282,26,413,94,545,229,38,231,230,997,747,683,1014
642,390,199,200,274,404,1046,282,284,1001,748,620,432,434,373,374
642,323,199,200,274,282,284,94,1001,748,620,239,434,373,374,759
832,835,1036,205,912,145,913,210,723,914,27,29,350,30,286,351,1057,881
192,578,264,394,12,16,849,340,726,218,94,223,353,290,168,169,234,747,109,1085
256,390,143,465,466,467,468,469,285,482,237,749,241,242,116,829
322,776,845,344,985,281,860,861,222,870,40,1073,314,1085
453,774,787,788,917,789,218,353,423,424,425,426,376,377,378,252,767
768,769,770,766,984,985,219,868,869,872,425,426,873,378,765,254,767
963,145,82,958,726,281,347,224,226,290,997,361,234,499,883,314,956,702
67,261,262,653,142,654,213,281,32,354,359,44,240,442,114,117,314,126
585,330,459,80,414,415,615,616,247,444,445,446
585,330,459,80,414,415,615,616,247,444,445,446
451,1030,1031,909,975,976,977,18,404,857,987,990,608,125
320,321,322,325,326,327,521,523,524,875,876,877,319
320,321,322,325,326,327,521,144,875,876,877,319
709,716,912,210,723,982,350,351,863,313,879,753,949,761,764
453,214,215,919,423,424,425,426,186,499,376,185,378,253,254
454,455,776,777,456,779,775,780,781,184,799,800,801,424,376,185,253
449,833,450,519,329,265,333,1054,672,289,291,435,437,1081
522,211,222,224,225,228,102,488,233,40,365,495,240,1073,1072
768,771,772,773,774,781,217,218,424,425,375,376,377,252,767
768,769,771,772,773,774,454,781,217,218,424,375,377,252,767
768,705,1026,3,769,390,14,282,922,413,94,229,38,231,230,1014
711,854,151,602,603,476,604,477,478,542,742,368,565,959
6,968,202,268,973,974,85,408,540,934,551,365,238,176
705,706,707,708,70,337,853,471,473,37,429,760,379,380,701,703
585,459,399,80,1049,414,415,615,309,247,248,444,445,446
200,404,148,1046,855,149,150,284,352,740,38,1003,748,749,751,752,755,373,374
576,577,578,580,581,583,328,336,1042,294,173,49,948,566,312,443,60,1021
192,576,577,580,581,583,328,336,1042,294,554,49,948,312,443,60,1021
453,214,215,984,868,869,423,872,425,426,378,499,186,251,254
453,212,214,215,984,219,868,423,872,425,426,499,377,378,251,254
320,321,322,325,326,327,521,144,876,877,319
452,1029,1030,1032,969,976,977,408,409,987,990,551,180,181,1080,1087
320,321,322,325,326,327,521,144,875,876,877,319
641,515,516,140,461,335,626,1075,632,633,634,635,638,639
585,459,399,80,414,415,615,309,247,248,444,445,446
832,652,210,723,982,598,599,925,350,351,32,33,753,564,887,761,764
574,585,459,846,80,791,414,415,926,615,631,880,630,247,445,446
261,262,6,268,142,917,471,353,354,290,869,358,176,304,114,117,126,316,318
453,919,984,353,868,869,870,871,872,873,425,426,378,1085
641,139,140,147,724,300,301,302,1075,633,634,635,637,638,639
716,912,210,723,982,350,351,863,313,879,753,949,761,764
196,903,135,715,206,403,468,1046,984,985,417,420,1064,809,1069,53,55,888,380,829
519,265,401,27,220,669,670,671,672,28,486,487,621,942,496,435,121,126
265,220,669,670,671,672,995,807,808,621,431,496,113,435,628,121
64,192,258,583,328,336,357,294,173,948,245,566,443,60,61
715,781,718,850,851,660,469,534,279,216,217,90,859,668,794,795,998,375,894,895
1025,198,712,1044,534,1047,730,95,96,678,682,491,492,620,942,751,238
384,390,135,143,464,465,466,467,276,468,285,482,111,242,116,829
192,258,328,336,404,1046,284,1053,613,490,364,173,432,434,948,950,374,566,60
322,340,344,345,346,347,348,349,40,108,109,812,178,1079
340,344,345,346,347,348,349,170,108,109,178,1079
322,340,344,345,346,347,348,349,108,109,812,178,1079
340,344,345,346,347,348,349,170,108,109,178,1079
340,344,345,346,347,348,349,170,108,109,178,1079
453,454,774,787,788,917,789,218,219,423,424,425,376,377,378,252
768,769,770,453,766,214,984,985,868,869,872,425,426,873,378,765,254,767
963,906,511,21,662,88,89,418,1058,932,100,232,874,363,366,249,127,255
459,399,535,727,1049,536,537,538,415,162,615,935,937,938,936,248
1025,200,652,848,594,595,723,725,1046,730,924,925,867,739,613,750,753,374,759
129,644,972,398,911,910,401,339,1048,33,548,933,235,305,370,564,248,61
647,520,651,658,660,668,733,1056,805,999,744,690,691,694,697,698,699,700
586,588,471,472,473,154,153,732,926,863,864,43,760,880,381,629,758,630,568,379,573,574
641,515,140,301,302,626,1075,632,633,634,635,638,639
641,515,460,141,335,299,301,302,626,1075,632,633,634,635,638,639
71,520,651,659,279,280,472,729,668,287,752,690,691,182,183,700,447
261,1030,7,1031,906,526,977,18,404,857,987,220,990,735,96,359,114,883,1079
1026,843,911,531,532,533,601,606,607,33,610,878,558,498,562,886,182
265,401,220,669,670,671,672,621,496,113,435,121,570
517,340,277,724,344,345,347,348,349,606,607,161,170,108,109,300,175,1079,315,638
832,385,323,912,210,595,594,723,922,923,866,867,612,239,753,693,118,759,761,763
705,706,708,68,70,69,585,1034,267,23,37,429,496,49,497,438,441,380,830,703
0,2,4,8,9,10,13,341,24,25,26,91,93
322,340,344,345,346,347,348,349,170,108,109,178,1079
394,780,340,344,345,346,347,348,349,798,799,800,801,170,811,108,109,812
387,1028,266,267,830,274,403,404,855,282,995,1001,490,429,431,434,372,951,702
963,964,965,83,84,85,86,87,88,89,99,100,101,232,939,366
640,641,139,140,461,335,147,34,35,177,179,756,757,57,636,637
389,1033,1034,276,149,981,23,862,864,865,806,237,1069,751,1074,758,887,760,191
1,8,9,10,11,17,273,24,25,480,484,489,171,172,813,110,115,439
453,454,774,917,218,353,423,424,425,316,376,377,378,252,317,318
453,454,774,456,782,783,784,917,353,423,424,425,376,377,378,252,317
964,453,454,455,456,782,784,785,786,917,353,422,423,424,376,377,252
453,454,455,456,782,783,784,785,786,917,353,423,424,425,376,377,252
322,772,773,774,775,776,327,344,217,218,345,424,40,375,376,251,252
768,769,770,453,766,214,984,985,868,869,872,425,426,873,378,765,254,767
769,770,964,453,214,984,985,868,869,422,872,425,426,873,378,254
329,332,398,531,532,533,600,601,33,610,39,40,681,878,498,886,55,1019
453,1084,917,919,984,985,222,353,423,424,811,812,316,376,377,252,317,318
128,129,972,398,14,533,94,547,548,549,804,935,427,370,371,564
385,386,389,468,989,111,241,242,118,119,1078,189,190
256,385,386,389,149,285,862,237,111,118,119,189,190
322,340,344,345,346,347,348,349,108,109,812,178,1079
457,334,275,917,726,281,225,226,290,167,424,361,234,233,495,303,314,956
832,652,912,401,210,723,596,597,350,351,546,547,548,549,753,564,764
1029,1030,1031,1032,969,1037,976,474,858,1052,990,1067,1004,431,1080
388,5,645,975,340,486,487,1066,748,430,369,1014,503,504
1025,194,197,902,903,201,848,1046,730,417,739,867,741,740,750,754,755,888
1025,903,904,796,797,416,417,1057,673,1064,684,886,887,54,571,699
1025,903,904,796,797,416,417,1064,684,942,886,887,760,54,571
1025,902,903,904,1036,914,722,796,416,417,1064,887,760,692,949,886,759,568,888,571,831
257,79,659,343,729,986,293,39,40,42,236,240,306,569,63
712,526,400,402,95,96,928,678,682,1068,1004,1005,367,1010,1013,830
1025,902,711,721,722,854,476,478,479,416,673,1060,742,684,760,888,886,568
195,396,273,210,723,982,27,28,669,30,351,286,941,496,753,113,1080,121,955
711,854,343,603,476,477,478,479,604,742,39,368,828,959
908,1037,527,591,592,23,474,156,1052,608,611,1066,1067,1068,113,1010,693,374,1013,125
129,644,972,398,910,528,721,911,339,1048,33,417,548,933,235,305,370,248,61
642,267,279,153,154,730,155,796,283,863,613,1064,759,1069,760,886,567,568
832,652,912,210,723,596,597,982,598,599,925,350,351,33,753,564,761,764
995,807,1001,1002,1003,1004,1005,1006,1007,431,1008,1010,1011,1068,1015,1016
775,776,777,135,829,845,206,984,281,985,860,222,420,1073,1085
641,515,516,140,335,301,626,632,633,634,635,638,639
640,139,140,461,724,57,34,35,177,50,179,1075,756,757,633,634
385,386,323,389,149,989,1061,237,111,242,118,119,1078,189,190
256,385,386,323,389,149,989,862,237,111,242,118,119,1078,189,190
256,385,386,389,149,989,862,417,237,111,689,118,119,1078,189,190
640,641,139,140,461,147,57,301,177,179,756,757,633,635,639
641,139,140,147,34,301,177,179,756,757,57,635,639
832,642,1036,398,976,401,912,33,1057,673,684,753,761,886,887,760,758,570,831
514,392,393,137,140,146,301,1075,635,638,639
520,447,330,651,79,279,280,729,668,287,743,690,691,182,183,700,63
449,329,265,332,333,27,220,670,672,289,929,291,621,175,435,437,1081
322,1028,772,327,334,1038,1085,852,406,344,345,219,166,39,40,422,233,870,944,248,701
1088,771,701,527,851,407,919,985,729,219,860,861,865,353,747,556,558,878,561,824,1085
960,968,974,980,408,1050,410,605,542,992,736,1058,99,934,1000,505,1018,1017
961,967,654,661,662,732,736,418,1058,419,874,880,627,629,1017,1018
448,1036,396,205,909,145,1021,862,351,608,33,864,356,433,436,885,761,125,760,889,381
11,17,81,24,480,484,485,489,171,172,813,110,115
644,654,661,662,991,736,992,1058,419,994,418,1000,874,1012,1017,1018
203,909,782,783,784,785,786,92,798,481,356,106,107,433,436,502,123
576,577,579,580,581,403,23,282,94,674,554,306,438,441
968,973,974,271,408,409,540,99,100,101,934,551,238
1034,715,1035,852,404,1046,855,865,613,809,1001,555,490,1069,434,1074,372,951,568
585,459,399,80,1021,414,415,932,615,616,247,444,445,446
203,205,145,155,356,106,107,433,243,436,502,122,123
257,71,79,729,92,159,293,39,40,46,306,52,569,63
203,205,145,356,106,107,433,243,436,502,122,123
384,256,390,464,465,466,467,468,276,285,862,864,482,237,242,116
776,779,845,984,985,281,860,861,354,870,1073,314,317,316,1085
776,845,984,985,281,860,861,222,354,870,1073,314,317,316,1085
458,404,853,986,676,677,998,1001,814,815,432,1009,817,820,822,823,826,827
204,334,209,164,165,38,166,296,169,36,168,748,943,624,945,625,944
71,72,74,158,159,160,46,688,307,308,52,59
67,260,644,966,971,588,655,537,609,355,358,935,937,938,246
711,854,471,473,602,603,476,477,478,604,742,684,368,565,959
384,256,464,465,466,467,468,482,620,237,241,242
968,973,974,271,85,408,409,540,99,100,934,551,365,238
192,64,583,328,336,357,294,173,948,245,566,312,443,60
11,273,17,81,480,484,485,489,171,813,110,115,371
963,395,845,275,88,860,224,225,161,228,102,488,233,495,1073,375
384,256,464,465,466,467,468,285,482,237,1069,241,242
464,465,466,467,468,276,1046,404,285,482,1069,242,116,118,759
384,256,464,465,466,467,468,285,482,237,241,242
644,966,967,905,586,846,535,727,536,475,605,607,609,418,938,619,1017,1018,574
833,449,450,519,329,332,333,220,1054,289,291,437
960,584,528,979,605,606,607,992,929,619,174,175,371,1012,634,508
1089,1090,67,452,965,201,268,408,409,857,987,858,859,934,551,180,181,126
902,331,78,849,593,913,469,534,664,665,987,862,483,490,298,372,53,54,311,381
340,344,345,346,347,348,349,170,108,109,178,1079
382,1028,708,267,331,78,338,927,483,1070,50,372,311,57,830
7,712,526,400,402,95,96,928,929,735,613,678,359,935,682,367,114,53
832,323,652,531,532,533,601,922,923,350,547,549,687,498,887,831
1024,328,585,265,1038,398,528,401,1042,339,220,33,929,305,628,566,506
451,454,136,264,266,203,397,15,913,82,274,282,29,30,286,33,492,496
384,256,464,465,466,467,468,285,482,237,241,242
642,1033,1034,713,849,1046,855,796,797,613,1062,1064,1069,951,434,1074,759,571,191
193,1027,78,335,465,403,724,153,930,483,299,236,301,1075,311,57,250,635,381,639
579,580,581,3,14,274,403,23,282,94,674,554,306,438,441
453,454,455,456,782,783,784,785,786,218,219,423,424,376,377,252,253
771,453,454,455,456,782,783,784,785,786,218,219,424,376,377,252
453,454,455,456,782,783,784,785,786,218,219,423,424,425,376,377,252
453,454,455,456,782,783,784,785,786,218,219,424,425,376,377,378,252
193,707,7,1046,665,796,1053,221,740,613,40,364,1069,434,53,568,61,62
514,392,393,137,138,140,141,335,146,301,302,1075,635,638,639
261,262,906,268,142,917,726,281,155,290,354,552,106,942,628,117,314,1085,126
963,6,968,83,85,86,87,88,89,1050,540,97,98,101,939,366,304
1033,906,267,1034,1046,473,153,1053,440,1001,171,759,1069,434,1074,373,950,951,568,381
1025,902,903,904,848,725,730,924,925,416,417,739,867,1061,740,741,881,754,755,888
391,15,400,22,928,96,802,481,932,367,243,628,244,122,188,383
768,769,770,453,774,215,984,219,868,869,872,425,426,873,499,378,252,765,767
449,450,833,5,518,519,329,333,220,1054,288,289,291,437,1015,1023
897,390,135,206,143,984,985,224,163,420,747,942,111,752,116,54,829
1026,71,842,279,90,411,92,412,157,287,614,42,557,46,560,563,52,59,447
641,515,516,140,335,301,626,632,633,634,635,638,639
384,464,465,466,467,468,276,285,482,620,241,242,116
382,391,712,526,400,402,95,928,96,678,682,367,830
3,388,263,202,26,413,545,229,38,486,104,487,230,231,997,369,1013,1014
976,467,981,1048,220,669,990,670,672,865,671,552,621,496,113,179,628,757,756,121
641,1033,1034,461,1048,220,669,670,671,672,865,552,621,496,113,628,757,121,636,637
388,5,645,220,929,486,487,430,369,1009,503,504,1023
2,4,11,13,17,273,341,342,24,25,283,91,93,480,484,485,171,110
1026,898,901,838,842,716,717,462,147,920,1051,349,734,683,560,758,759
712,526,400,402,95,96,928,678,682,367,244
388,645,712,332,333,289,929,484,487,1003,430,369,1009,503,504
388,645,712,332,333,975,289,929,484,486,487,1003,430,369,1009,503
1089,1090,452,911,594,408,409,987,928,98,802,551,240,180,181,692,759
1033,1034,1035,203,849,404,1046,855,1053,865,1001,1069,432,434,1074,950,951
1025,207,148,149,150,352,417,740,741,809,748,749,750,751,239,755,62
384,389,390,464,465,466,467,276,468,482,237,241,242
457,395,204,334,209,275,539,163,164,165,166,167,168,169,303,1082
457,204,334,209,275,36,165,166,167,295,998,168,303,943,625,947,1082
1091,204,334,399,209,275,1049,539,36,421,998,166,295,165,303,947,248,1082
324,457,204,334,209,275,166,167,622,303,943,625,624,944
324,457,395,204,334,209,275,405,539,166,167,303
324,457,395,204,209,275,539,164,167,168,169,233,303
193,205,145,148,149,150,155,30,286,352,107,748,749,747,751,752,243
256,384,464,465,466,467,276,468,284,285,482,237,749,241,242,116
1025,389,276,149,148,150,151,989,862,1061,741,747,684,749,750,751,752,191
384,256,464,465,466,467,468,276,285,482,237,241,242
778,651,660,90,411,92,668,412,287,157,614,743,42,46,560,1020,447
138,460,140,461,335,141,21,301,302,1075,757,633,635,638,639
513,590,591,912,593,210,723,665,924,925,350,351,550,313,940,753,953,954,955
707,726,281,222,481,226,290,870,360,361,234,243,502,183,122,123,956,1085
1088,64,68,69,328,267,735,31,429,173,51,948,245,312,60,830
71,72,73,74,158,159,160,46,688,307,308,52,59
963,964,272,83,84,85,86,87,88,89,97,98,100,101,939
963,271,83,84,85,86,87,88,89,97,98,100,101,939
963,83,84,85,86,87,88,89,97,98,100,101,366
0,1,2,4,9,10,13,341,24,25,26,91,474,93
848,148,150,471,472,473,863,739,740,741,1064,748,749,750,751,755,760
1025,848,148,150,730,796,352,739,740,741,1064,749,750,751,755,759,760
848,148,150,471,472,473,863,739,740,741,1064,748,749,750,751,755,760
576,577,578,579,580,581,648,528,401,1048,929,33,674,554,629,570
576,577,578,579,580,581,648,528,401,976,982,23,1048,929,554,753,570
322,327,847,211,1045,223,227,228,40,233,493,494,314,1085
576,577,578,579,580,581,1031,648,1032,528,401,1048,990,929,554,1003,1009,570
576,577,578,579,580,581,1036,979,23,674,554,629,506,508
960,844,846,791,792,793,605,926,880,629,630,1017,573,574
844,846,910,791,792,793,732,926,880,629,630,1017,573,574
907,396,908,909,723,1022,792,732,28,926,351,1071,880,753,496,305,629,1078,121,574
651,279,90,411,668,412,92,287,157,611,614,743,42,46,59,447
574,907,396,908,909,210,723,339,1048,732,97,98,1071,880,753,304,496,629,698,1022
1025,848,16,150,471,472,473,151,154,863,864,417,739,292,867,236,754,565,1013
580,581,1038,978,979,980,23,992,929,554,506,505,1018,508,1017,511
960,653,654,528,978,979,980,541,992,1000,239,505,506,507,508,509,510,511
960,510,653,654,528,978,979,980,541,992,1057,239,505,506,507,508,509,572,511
580,581,846,978,979,980,23,733,992,935,937,506,505,1018,508,1017
449,450,833,518,519,329,332,333,1054,671,288,289,291,437
960,509,844,978,979,980,992,736,615,1000,505,506,507,1017,510,511
960,844,979,980,542,992,929,995,807,808,1011,1016,1017,1018,507,509,510,511
960,509,980,542,991,992,995,807,808,431,1015,505,1018,507,508,1017,510,511
580,581,978,979,980,23,991,994,935,937,554,1017,505,506,508,509,511
384,390,464,465,466,467,276,209,285,482,241,242
512,899,649,970,589,1039,1040,1041,1043,916,728,731,668,553,1021,575
320,321,322,325,326,327,521,144,40,875,876,877,319
0,1,8,9,10,11,81,17,273,24,484,485,489,171,110,115
902,711,721,722,854,730,476,673,742,1064,684,942,888,949,886,887,568,761
576,577,578,579,580,581,978,23,733,606,992,674,554,631
711,854,153,154,602,476,603,604,477,478,742,684,368,959
576,577,578,579,580,581,388,648,528,401,1048,929,554,430,503
711,854,153,154,602,476,603,604,477,478,742,684,368,959
711,854,154,602,476,603,604,477,478,742,368,959
576,577,578,579,580,581,388,648,528,401,1048,929,554,430,503
576,577,578,579,580,581,1036,528,401,596,597,982,674,554,753,887
389,711,854,476,989,673,1061,742,684,942,242,118,119,568,699,189,190,959
389,711,854,119,476,989,673,1061,742,684,942,242,886,118,568,699,189,190
711,717,854,476,477,478,673,742,1064,568,684,368,692,886,759,760,959
388,645,1037,402,474,1052,545,58,676,677,1066,1067,1068,1013,504,570,1023
457,275,213,1045,278,344,281,345,346,347,539,222,225,228,167,233,303,1073,315
844,846,791,792,732,605,926,607,992,880,629,630,631,574
960,844,846,911,791,792,605,926,607,992,619,880,630,631,573,574
449,450,833,518,519,333,1054,672,289,288,291,621,437,1081,1023
446,844,846,791,792,793,732,926,619,880,629,630,631,573,574
844,846,791,792,793,732,926,414,938,880,629,630,631,573,574
844,846,791,792,793,732,926,619,880,629,630,631,573,574
960,844,846,911,791,792,793,926,607,992,619,880,629,630,631,573,574
844,846,791,792,793,732,926,414,938,619,880,629,630,631,573,574
260,966,967,661,662,727,537,605,609,355,358,935,937,938,874,246,1017,1018
968,973,974,271,85,408,409,540,99,100,101,934,551,365,238
960,961,653,654,541,542,543,992,544,993,994,991,1000,1017
960,961,653,654,541,542,991,544,992,994,993,543,1000,619
847,340,344,345,346,347,349,223,228,40,233,108,494,178
960,961,653,654,541,542,991,992,993,994,1000,1017
387,266,274,403,282,284,156,735,490,306,373,374,438,441
978,661,662,991,736,609,1058,1059,418,419,874,1012,1017,1018
193,259,204,720,209,405,343,735,930,165,679,296,169,168,236,685,754
1025,323,837,520,529,530,531,730,155,989,29,417,33,867,1060,1061,1064,106,239,700
577,898,323,578,579,452,648,842,529,530,474,928,929,33,427,1003,1009,370,690,1014
446,459,844,396,846,791,732,926,991,415,880,629,630,631,573,574
843,612,683,556,557,558,559,878,561,562,563,560
835,713,1036,207,1040,913,912,723,286,1057,313,239,881,753,949,761,572
843,610,612,683,556,557,878,558,559,561,562,563
843,612,683,556,557,558,559,878,561,562,563,560
843,612,683,556,557,558,559,878,561,562,563,890
843,612,683,556,557,878,558,559,561,562,563
512,647,589,719,1041,1043,915,728,553,687,560,882,697,575
843,612,683,556,557,558,559,878,561,562,563,560
843,612,683,556,557,558,559,878,561,562,563,890
843,612,683,556,557,878,558,559,561,562,563
193,259,204,720,209,405,343,735,930,165,679,296,169,168,236,685,754
834,843,922,610,611,612,680,683,556,557,878,687,559,560,562,561,941,558
836,843,663,667,610,611,612,683,556,557,558,878,560,559,561,885
192,590,591,592,593,664,665,546,548,550,940,941,953,954,955
590,591,592,593,600,601,922,923,664,665,546,548,549,550,940,941,953,954
192,513,590,591,592,593,664,665,924,925,546,548,550,940,941,954
513,590,591,592,593,664,665,923,924,546,547,548,549,550,941,954
590,591,596,600,601,665,923,924,925,546,547,548,549,550,940,953,954,955
832,590,665,924,925,350,737,546,547,548,549,550,940,954,955
832,590,591,592,598,600,601,923,925,350,546,547,548,549,550,940,954
590,591,592,593,600,601,922,923,925,546,547,548,549,550,941,954,955
324,457,204,720,209,275,404,405,930,166,296,685,303,947,569,828
404,405,1046,735,997,1001,1068,1005,1006,1004,432,1008,1007,1010,951,828
584,727,791,535,536,537,538,609,935,936,937,938,619
966,584,727,535,536,537,538,609,935,936,937,938,880
966,584,727,535,536,537,538,609,994,935,936,937,938,1017
966,535,727,536,537,538,609,994,935,1000,937,938,936,1017
590,591,592,600,601,922,548,940,941,953,954,955
512,836,647,589,1041,658,1043,663,667,612,553,687,885,575
513,590,591,592,593,664,665,924,925,546,547,548,549,550,940,953,954,955
256,384,464,465,466,467,468,276,237,1069,241,242,116,568
198,1033,1034,471,472,473,154,730,855,865,738,613,806,1063,1069,1074,951,568
709,723,982,664,665,351,866,879,753,761,762,763,764
709,723,982,664,665,351,866,37,879,753,761,762,763,764
709,723,595,982,664,665,351,866,879,753,761,762,763,764
704,709,723,982,664,665,351,863,866,879,753,761,762,763,764
709,723,595,982,664,665,351,866,879,753,761,762,763,764
641,515,516,140,335,626,632,633,634,635,638,639
641,515,516,140,335,626,632,633,634,635,638,639
641,515,139,140,460,141,335,57,301,302,632,633,635,638,639
129,201,844,398,401,339,982,1048,926,606,33,546,548,305,628,564,630
642,199,200,204,973,405,169,620,622,238,624,944,946,947,751,373,374,1082,571
193,1027,78,335,464,465,403,724,153,483,236,434,1075,372,381,311,636,637,639
644,966,586,588,910,911,993,994,932,933,938,627,1012,1017,1018
590,591,592,593,600,601,922,923,665,664,546,548,549,550,940,941,954,955
835,709,650,652,716,596,725,982,597,924,351,737,746,879,887,761,764
1033,1034,466,468,1046,855,154,796,865,738,740,613,806,1063,1069,1074,755,568
835,650,716,1036,717,913,914,595,597,598,599,797,286,1057,692,758,759
650,716,717,914,594,595,596,597,599,598,723,863,568,758,759,760,761,831
650,716,717,914,594,595,596,597,599,598,863,568,758,759,760,761,831
650,716,717,914,594,595,596,597,599,598,863,568,758,759,760,761,831
192,590,591,592,593,595,664,665,923,924,925,546,548,550,940,953,954
192,709,716,593,594,595,596,597,598,599,664,665,866,762,763
320,321,322,325,326,327,521,144,875,876,877,319
192,709,716,593,594,595,596,597,598,599,664,665,866,762,763
446,212,984,868,869,871,872,873,425,247,378,1085,318,445
832,716,594,595,596,597,598,599,925,350,737,546,564,758,759,761
832,716,594,595,596,597,598,599,350,737,546,548,564,758,759,761
391,203,22,95,928,481,96,106,107,367,433,243,436,502,122,123
71,279,90,411,412,92,157,287,611,614,743,553,42,46,59,447
832,716,401,594,595,596,597,598,599,737,546,548,239,759
832,716,912,401,594,595,596,597,598,599,737,546,548,759
128,202,11,273,19,342,24,25,283,484,485,489,171,115,371,1013
1026,843,683,556,557,878,558,559,561,562,563,560
512,836,647,589,1041,1043,663,667,612,553,885,575
650,1036,717,716,1051,863,864,759,692,949,887,760,761,1021,831
912,210,723,982,863,351,313,879,753,949,887,761,762,763,764,831
832,709,1036,912,210,723,982,351,313,879,753,949,887,761,764,831
832,650,1036,912,210,723,982,863,351,313,753,564,949,887,761,763,764,62
832,1036,912,210,723,982,286,863,351,313,753,564,949,887,761,58,764,62
647,651,719,657,658,915,660,663,728,666,667,668,731,675,680,686,697
899,900,647,649,714,651,657,658,660,916,728,667,668,731,690,697
647,649,651,719,657,658,915,916,663,728,666,731,667,675,680,690,691,693,694
646,647,649,714,719,657,658,915,660,916,728,731,988,667,680,690,691,693,694
899,646,647,649,714,651,719,657,658,1041,660,915,916,728,666,731,668,667,690,691,697
1026,898,520,447,842,651,79,659,279,729,287,743,747,683,878,560,182,183,889,700,63
646,647,714,651,657,658,915,660,728,667,668,988,731,690,691,697
194,196,197,710,70,201,396,206,208,210,608,760,1009,53,758,1013,568,380,381,62
582,966,586,587,588,844,846,661,662,791,732,926,609,418,874,497,629,249,1018
576,577,578,580,581,585,330,459,80,723,414,415,615,616,554,247,445,446
960,961,653,654,541,542,991,992,993,994,1000,1017
960,961,653,654,541,542,991,992,993,994,1000
837,711,717,730,989,673,1060,1061,1063,1064,809,684,942,886,568
647,651,657,658,983,663,728,675,680,686,693,694,695,696,698
834,647,651,719,657,658,915,660,663,728,731,610,675,680,693,695,697,698
891,647,840,714,651,719,657,658,663,728,731,675,680,693,695,697,698,1083
647,651,658,660,920,667,668,746,683,878,558,560,561,690,697,698
1026,647,651,658,660,920,666,668,999,744,746,560,690,691,697,698
647,651,658,660,663,920,668,746,683,556,558,878,560,693,698
451,259,263,264,15,274,282,27,28,29,30,164,61,127
131,205,145,401,155,30,286,33,617,618,107,106,45,433,243
14,794,795,413,545,229,230,231,997,38,234,432,309,1014,823,824
14,794,795,413,545,229,230,231,997,38,234,432,309,1014,823,824
14,794,795,413,545,229,230,231,997,38,234,432,309,1014,823,824
711,650,716,914,667,1064,887,692,949,886,758,760,761,699,831
647,651,843,657,658,660,920,667,668,805,744,561,690,691,885,697,698
1034,651,971,657,658,660,920,728,667,668,731,988,805,744,690,691,697
585,330,459,80,20,790,414,415,615,616,247,445,446
641,515,516,140,335,301,626,632,633,634,635,638,639
584,605,606,607,992,994,355,933,937,874,619,938,1012,1017,1018
584,588,606,607,992,994,355,933,937,874,619,938,1012,1017,1018
833,449,450,519,329,333,401,220,1054,671,289,291,437
388,645,648,528,401,339,596,597,598,599,1048,607,929,674,486,487,1003,619,1009
18,20,986,413,545,676,677,229,230,231,997,38,235,814,818,819,820,821,1014,823,824
906,458,471,472,473,154,27,29,30,286,864,742,440,1064,1069,434,950,760,379
512,899,836,647,841,589,658,663,667,612,1065,885,1020,894,895
896,899,836,647,841,777,651,920,1065,683,557,560,563,693,698,1020,894,895
776,845,917,984,985,281,860,222,870,811,812,1073,314,1084,1085
320,321,322,325,326,327,521,522,144,875,876,877,319
320,321,325,326,327,521,523,524,525,144,875,876,877
320,321,322,325,326,327,521,523,524,525,77,144,875,876,877
835,713,1036,207,1040,913,914,912,723,286,1057,239,881,753,761,572
647,719,657,658,915,663,728,731,675,680,686,693,694,695,696,697
647,651,658,660,663,920,668,675,746,683,557,560,563,695,698,1020
902,711,650,721,722,863,1060,1064,888,949,54,887,760,761,831
647,651,719,657,658,915,728,731,675,680,686,693,694,695,696,697,698
1091,585,330,459,80,20,790,415,615,616,247,444,445,446
257,76,79,659,279,729,102,39,40,495,240,306,183,569,700,63
641,515,140,335,301,302,626,1075,632,633,634,635,638,639
641,515,140,335,301,302,626,1075,632,633,634,635,638,639
388,5,645,975,929,486,487,430,369,503,504,1023
647,651,719,657,658,915,660,728,667,668,731,675,697,1083
647,651,719,657,658,660,663,667,668,675,744,690,691,882,697,698,1083
1036,717,914,1051,863,760,692,949,886,759,568,761,758,1021,831
836,647,714,651,719,657,658,915,660,663,728,667,668,731,693,697
832,650,652,723,596,725,598,597,599,925,350,351,737,549,753,564,761
527,676,677,815,816,817,818,819,820,821,823,824,826,827
582,966,584,586,587,588,846,732,926,609,932,938,880,629,573,574
1033,1034,1035,468,1046,472,796,1053,865,292,613,806,364,1069,434,1074,565,759,568
1036,717,716,849,914,1051,863,759,692,949,887,760,761,1021,831
468,471,472,473,154,864,292,568,1069,434,565,757,440,379,124
468,471,472,473,154,864,292,568,1069,565,440,379,124,253
193,468,471,472,473,154,157,292,364,1069,434,565,568,379,124
212,919,984,868,869,870,871,872,873,425,378,1085,318
717,468,471,472,473,154,153,796,734,292,742,1069,692,565,759,568
1036,396,717,797,734,863,864,568,887,760,692,886,759,758,761,54,831
468,341,151,471,472,473,26,477,478,292,492,1069,368,565,54,568
1024,324,1038,79,275,343,217,90,92,293,39,40,167,42,498,310,120,124
320,321,325,326,327,521,523,524,525,144,875,876,877
836,647,714,651,657,658,663,728,667,731,675,680,686,693,694,695,697,698
650,716,717,656,849,914,734,692,761,886,759,760,758,699,831
704,705,706,707,708,70,80,37,429,444,701,702,703
900,839,840,1021,882,1076,885,1077,889,890,891,892,893
1027,70,331,78,914,150,857,221,864,33,483,37,1070,758,760,379,380,381,62
704,705,706,707,708,70,267,80,37,429,701,702,703
704,705,706,707,708,573,70,80,543,37,429,1006,701,702,703
272,726,219,29,222,226,354,36,870,230,360,361,234,233,169,1008,956,1085
641,515,140,335,301,302,626,1075,632,633,634,635,638,639
641,515,140,335,301,302,626,1075,632,633,634,635,638,639
1025,902,903,1036,721,722,730,863,673,1060,684,888,54,887,760,761,886,831
1033,1034,1035,849,1046,855,862,735,865,552,490,759,432,1074,434,951
1033,1034,1035,981,1046,855,862,735,865,552,490,759,1069,1074,434,951
1029,1030,1031,1032,1033,458,969,976,470,1049,998,1001,1003,432,1009,370,309,248,442
646,647,714,719,657,658,915,660,916,920,728,731,988,744,690,691,697
647,649,714,651,719,657,658,915,916,663,920,728,666,667,731,675,744,695,697
897,898,901,838,842,589,1043,922,805,744,560,752,690,691,884,1076,886
897,898,901,838,842,589,1043,922,667,805,744,690,691,884,886,703
897,898,901,838,842,714,703,1043,805,744,687,690,691,884,1076,1077,575
1026,843,920,683,556,557,558,878,560,561,562,559
388,5,645,929,486,487,1066,430,369,1009,503,504,1023
194,195,643,197,837,848,1046,730,989,1061,1063,809,750,942,755,886,54,568,62
641,515,140,335,301,626,1075,632,633,634,635,638,639
265,220,669,670,671,672,621,496,113,435,628,121
265,401,220,669,670,671,672,621,496,113,435,121
449,265,401,220,669,670,671,672,621,496,113,435,121,570
265,401,220,669,670,671,672,621,496,113,435,121,570
265,401,220,669,670,671,672,621,496,113,435,121,570
963,965,271,83,84,85,86,87,88,89,1050,97,99,101,939,255
641,515,140,335,301,626,1075,632,633,634,635,638,639
640,641,515,516,140,335,301,626,632,633,634,635,636,637,638,639
899,900,647,649,714,719,657,658,1041,660,915,916,728,666,731,668,805,744,697
963,84,85,88,89,1050,409,99,100,101,551,232,939,366
1025,902,148,1046,471,150,473,284,352,740,741,809,747,748,749,750,751,755,888,62
644,966,582,584,586,587,588,846,926,609,938,880,1012,629,1017,1018,574
676,677,814,815,816,817,818,819,820,821,822,823,824,825,827
676,677,814,815,816,817,818,819,820,821,823,824,825,827
907,908,909,844,973,974,401,791,934,1071,304,570,117,121,126,573,1022
322,772,781,782,783,784,785,786,787,788,789,344,800,801
900,839,893,983,600,882,693,885,889,890,891,892,1021
834,900,839,840,1021,983,610,680,882,1077,885,889,890,891,892,893
769,771,772,773,774,781,344,217,218,424,375,377,252,765,766,767
900,839,843,893,983,988,559,562,1076,1077,885,889,890,892,1021
193,642,720,343,930,679,296,169,685,622,943,624,625,945,947,173,948
193,642,720,343,930,679,296,169,685,173,943,624,625,945,944,947,948,566
834,900,839,840,1021,553,882,1077,885,889,890,891,892,893
193,642,720,343,930,679,296,169,685,173,943,624,625,945,944,948
900,646,839,714,1021,658,915,983,1076,1077,885,889,890,892,893
899,900,839,649,1021,657,728,731,882,1076,1077,885,889,890,892,893,894
899,900,839,649,651,1021,657,1041,728,731,1076,1077,885,889,890,892,893
844,908,846,791,792,793,732,926,994,938,880,629,631,574
837,711,730,989,673,1061,1063,1064,809,568,684,942,886,54,760,831
844,846,791,792,793,732,926,937,938,880,629,631,574
131,134,70,585,205,1038,145,401,94,931,615,616,617,618,45,628,1081
781,782,783,784,785,786,787,788,789,799,800,801
322,772,781,782,783,784,785,786,787,788,789,344,799,800
780,781,782,783,784,785,786,787,788,789,799,800,801
780,781,782,783,784,785,786,787,788,789,799,800,801
771,772,773,774,344,217,218,345,347,422,424,40,375,376,377,252,765,766
1025,902,903,721,722,730,863,416,673,1060,1064,684,888,54,887,760,886,831
714,657,658,915,660,663,920,667,668,805,744,560,690,691,697,698
768,769,770,771,772,773,774,845,217,218,422,425,375,377,252,767
768,769,770,771,772,773,774,217,218,422,424,375,377,252,767
768,769,770,771,772,773,774,845,344,217,218,345,422,424,375,377,252,767
768,769,770,771,772,773,774,217,218,422,424,375,376,377,252,767
382,391,267,331,78,338,147,154,927,35,555,1070,50,372,311,568,830
194,195,197,1033,1034,201,848,401,467,981,855,862,865,739,1069,1074,628,62
768,770,771,772,773,774,781,217,218,422,424,425,375,376,377,252
768,769,770,771,772,773,774,781,217,218,422,424,375,376,252
771,772,773,774,781,344,217,218,345,347,422,424,40,375,376,377,252
520,1083,652,528,656,980,23,605,733,1056,627,631,505,250,507,508,699
902,1033,1034,466,467,276,981,730,862,864,865,806,489,1069,813,751,242,1074,439
896,899,836,647,840,841,719,675,1065,697,891,1020,894,895
837,717,849,914,796,734,742,1063,1064,809,568,242,692,886,759,760,758,831
834,900,839,840,893,719,983,882,1077,885,889,890,891,892,1021
647,649,651,658,660,920,728,668,746,683,558,878,560,697,698
782,783,784,785,786,787,788,789,799,800,801
781,782,783,784,785,786,787,788,789,799,800,801
650,716,717,656,849,914,734,863,692,758,759,760,761,886,699
322,327,782,783,784,785,786,787,788,789,344,799,800,801
650,716,656,914,863,1064,887,692,949,886,759,760,761,758,699
394,780,781,340,346,347,348,349,798,799,800,801,170,811,108,109,812
394,780,781,340,347,348,349,798,799,800,801,170,811,108,109,812,1079
780,781,340,344,345,346,347,798,799,800,801,170,811,108,109,812
780,781,340,344,346,347,348,349,798,799,800,801,811,108,109,812,1079
780,781,784,340,344,347,348,349,798,799,800,801,811,108,109,812,1079
899,836,900,647,841,649,1041,658,657,668,1065,697,1020,894,895
780,781,340,344,345,346,347,349,798,799,800,801,108,812
896,899,836,647,841,714,777,778,779,658,667,744,1065,1020,894,895
832,835,650,652,725,598,599,922,925,350,351,737,547,549,564,887,761
834,590,591,592,1041,658,912,723,351,610,680,941,687,753,887,575
148,149,150,471,151,153,472,473,154,864,352,292,747,748,749,751,752,379,126
257,79,659,729,293,39,40,41,240,306,568,569,63
1026,651,660,90,411,668,92,412,287,159,743,42,46,691,52,59,447
320,321,322,325,326,327,521,77,144,875,876,877,319
773,775,776,777,778,779,845,215,984,985,281,219,222,421,378,254
773,775,776,777,778,779,845,984,985,281,219,860,421,314,378,254
773,775,776,777,778,779,845,214,215,984,985,281,219,222,378,254
650,1036,717,914,863,864,1064,759,692,886,887,760,761,54,699,831
772,775,776,777,779,845,214,984,281,985,219,870,40,314,378,251,1085,254
773,775,776,777,778,779,845,214,984,985,281,219,860,424,314,378,254
839,893,983,1051,612,882,1076,1077,885,889,890,892,1021
900,839,893,983,1051,882,1076,885,1077,889,890,891,892,1021
1025,835,837,650,1036,913,914,723,722,286,351,1056,673,1060,684,881,758,888,761,762
204,334,539,166,167,169,622,943,624,625,944,946,945,947,1082
900,839,1021,983,1051,988,559,562,1076,1077,885,889,890,892,893
900,839,893,1043,1051,557,882,1076,1077,885,889,890,892,1021
768,769,770,771,772,773,774,344,217,218,345,424,375,376,377,765,766,767
1091,330,334,399,720,343,414,415,930,36,166,679,295,998,296,685,248
899,836,900,647,841,649,1041,658,916,728,731,744,1065,697,1020,894,895
1026,651,149,150,668,746,747,683,556,878,558,752,560,561,751
1026,651,148,149,150,151,668,746,747,683,749,878,558,752,560,561,751,557
584,727,536,535,538,537,732,609,355,935,936,937,938,880,629
388,645,648,716,528,401,978,596,597,598,599,607,929,486,487,1003,619,1009,505
641,515,140,335,724,301,302,626,632,633,634,635,638,639
457,204,334,209,275,404,405,215,218,163,166,167,296,303,569,252,376,185,828
896,836,647,841,912,723,596,597,351,675,313,1065,879,753,697,1083,1020,894,895
897,898,1026,901,838,842,589,703,1043,805,744,560,690,691,884,1083,575
897,898,1026,834,901,838,842,587,589,1043,805,744,560,690,691,884,575
832,652,912,210,723,596,597,982,598,599,925,350,351,33,753,564,761,764
843,920,683,556,557,878,559,560,558,562,561,563
514,517,392,393,137,138,141,146,796,301,302,635,638,639
896,1026,841,590,719,668,610,611,612,675,683,556,557,878,558,560,563,697
71,651,660,90,411,668,92,412,287,159,614,42,46,690,52,59,447
832,912,210,723,596,597,598,599,350,286,351,548,753,564,761,764
256,715,718,466,850,276,469,534,851,216,285,998,490,620,237,501
832,896,323,652,590,591,531,533,922,923,350,674,549,683,687,498,761
1088,387,68,69,267,718,852,471,473,283,608,484,1061,429,51,372,249,381
382,1028,267,331,78,830,338,927,429,1070,943,372,311,958
641,515,516,301,626,632,633,634,635,638,639
514,198,71,204,1044,534,1047,538,860,37,491,492,620,942,301,946,574
324,457,395,204,334,209,275,539,166,167,169,303
643,657,658,915,660,920,667,805,744,1070,690,691,697,698
838,842,90,411,92,412,157,287,614,743,42,46,690,691,52,447
204,334,166,168,169,622,943,624,625,944,945,947,946,1082
204,334,166,168,169,622,943,624,625,944,945,946,947,1082
650,1036,717,796,734,863,864,759,760,949,886,887,568,758,54,761,831
1025,902,903,904,721,722,154,796,797,416,417,1064,888,886,760
272,657,915,916,670,995,230,807,808,1002,431,1011,1015,1016,698
1029,1032,657,915,916,725,924,990,670,995,807,808,1002,431,1011,1015,1016,698
835,650,1036,656,849,914,913,734,863,692,949,758,887,761,699,831
776,845,212,918,984,281,985,345,860,344,222,349,870,1072,1073,314,1085
641,515,140,335,301,302,626,1075,883,632,633,634,635,638,639
963,6,968,83,84,85,86,87,88,89,1050,98,99,100,101,934,939,366,304,255
67,971,653,654,655,661,662,992,355,419,358,105,497,246,249,1018
11,17,81,25,480,484,489,171,172,813,110,115,439
390,200,148,149,150,151,284,352,38,1003,748,749,747,751,1008,1009,752,373,374
512,394,589,1041,1043,20,726,281,290,226,361,234,426,425,314,553,170,687,378,575
512,394,1041,726,281,224,290,226,677,361,234,170,314,553,687,378,1085,575
968,973,974,909,271,408,409,540,934,551,810,238,304,505
265,401,220,669,670,671,672,621,496,113,435,121,1081
1027,1028,255,267,331,78,849,338,958,483,552,951,434,372,311,381,830,703
256,3,390,205,143,274,276,602,282,603,94,748,237,174,241,116
584,653,654,846,915,916,732,605,733,607,992,932,933,619,880,627,1012,629,698
517,140,141,460,335,724,299,301,302,1075,633,634,635,638,639
584,653,846,911,910,732,605,607,993,994,932,933,938,619,880,627,1012,629,1017,574
468,471,472,473,154,602,158,292,568,364,1069,174,434,565,440
1025,902,903,1036,721,722,730,863,673,1060,684,760,54,887,888,761,886,831
960,130,653,654,399,470,790,88,1049,541,415,992,162,421,615,442,445,446
676,677,814,815,817,818,819,820,821,823,824,826
677,814,815,817,818,819,820,821,823,824,825,826,827
64,66,259,963,583,511,87,152,88,236,173,948,60,61,127
64,66,259,963,583,511,152,88,735,236,948,60,61,127
64,66,259,583,328,653,654,336,152,541,294,173,127,948,566,443,60,511
130,585,459,653,654,399,470,790,88,1049,414,415,162,421,615,248,511
67,966,653,654,655,661,662,355,419,358,105,874,246,249,1018
64,66,259,963,583,511,152,88,236,245,566,60,61,127
832,513,652,590,591,598,599,664,665,923,924,925,350,547,549,940,941,564
647,651,657,658,983,663,920,668,675,744,680,686,690,691,693,694,695,696,698
647,657,658,663,728,920,675,744,680,686,690,691,693,694,695,696,697,698
130,459,399,470,1049,414,415,162,421,166,295,309,248,442
130,399,470,1049,414,415,162,421,166,295,309,248,442
130,459,653,654,399,980,470,790,88,1049,541,415,162,615,442,507,511
64,259,963,583,511,653,654,152,88,541,236,173,948,245,566,60,127
200,715,718,850,851,469,534,1046,216,284,221,998,1001,490,620,432,434,501
200,203,718,404,469,1046,23,216,284,221,1002,1003,107,1009,1011,373,374,1015,1016
1025,903,904,722,796,416,417,673,1061,1064,684,888,886,568
1025,903,904,722,730,416,417,673,1061,1064,684,888,886,568
68,69,520,331,78,849,338,657,403,728,927,37,1070,50,372,380,381,830
704,705,706,707,708,70,715,844,721,1051,606,926,607,37,429,496,630,379,701,702,703
704,705,706,707,708,70,715,271,792,793,1051,987,414,37,938,429,818,701,702,703
704,705,706,707,708,70,267,715,37,429,702,703
704,705,706,707,708,70,715,267,37,429,701,702,703
583,328,1038,910,528,336,1055,33,803,804,935,937,173,948,566,312,509,510
583,328,396,1038,910,528,336,1055,33,803,804,935,937,173,948,566,312,509,510
704,705,706,707,708,70,267,715,37,429,49,701,702,703
704,705,706,707,708,68,70,387,267,702,981,926,37,429,880,629,701,574,703
391,715,718,850,851,853,534,469,855,216,735,481,998,944,434,243,501
391,526,15,400,22,27,29,30,95,928,802,367,243,53,502,122,383
387,266,848,466,403,469,534,855,735,739,740,741,1001,490,1069,750,237,755,501,951
966,967,905,844,791,535,536,538,475,544,609,1058,933,938,874,1017,1018
387,390,392,713,202,81,274,19,342,282,283,480,484,165,38,749,110
388,5,518,202,220,288,486,487,430,369,1013,1014,503,504
1035,849,404,1046,855,284,1053,1001,364,1004,1005,1006,1007,951,434,1008,1010,950,759
651,657,658,660,920,728,731,668,746,683,560,690,691,693,697,698
833,450,449,519,329,332,333,220,1054,289,291,437,121
590,591,592,593,664,601,665,924,546,547,548,550,940,941,953,954,955
832,576,577,578,580,581,585,528,401,723,598,599,1048,350,103,616,49,753,564,509,510
1091,391,715,334,718,850,851,853,469,534,216,986,998,166,295,248,698
11,81,17,273,24,480,484,489,171,172,813,110,115
1033,1034,1035,849,404,1046,855,1053,735,865,490,434,1074,950,951
1033,1034,1035,203,849,850,404,853,1046,855,1053,735,1069,1074,434,950,951
833,450,449,519,329,332,333,220,1054,289,291,437,121
676,677,814,815,817,818,819,820,821,822,823,824,826,827
527,677,814,815,817,818,819,820,821,822,823,824,826,827
676,677,814,816,817,818,819,820,821,823,824,827
584,653,661,662,736,1058,1059,418,419,874,1012,1017,1018,1086
677,814,815,817,818,819,820,821,822,823,824,826,827
677,814,815,817,818,819,820,821,822,823,824,826,827
676,677,814,815,817,818,819,820,821,822,823,824,826,827
676,677,815,816,817,819,820,821,822,823,824,825,826,827
676,677,814,815,816,817,819,820,821,822,823,824,825,826,827
646,647,649,714,651,719,658,915,660,916,728,666,731,988,999,690,697,698
676,677,815,816,817,818,819,820,821,822,823,824,825,826,827
899,647,649,970,651,719,657,658,1041,660,916,915,728,666,731,668,697,698
676,677,815,816,817,818,819,820,821,822,823,824,825,826,827
676,677,815,816,817,818,819,820,821,822,823,825,826,827
676,677,815,816,817,818,819,820,821,822,823,824,825,826,827
646,647,649,971,651,719,657,658,915,660,916,920,728,666,667,668,731,693,697,698
388,5,645,9,474,93,929,486,487,430,369,503,504
1025,837,730,989,673,1060,1061,1064,684,942,886,887,760,758,54,831
1025,837,730,989,673,1060,1061,1064,684,942,886,887,760,758,831
584,586,653,654,732,606,607,932,937,938,619,627,1012,629,1017,574
1026,843,660,683,556,557,878,558,559,561,562,563
1025,903,904,796,797,416,417,1061,1062,1064,886,54,571
1029,1030,1031,1032,969,976,977,857,858,987,859,990,1087
1029,1030,1031,1032,969,975,976,977,857,858,987,859,990,1080
1025,902,711,903,722,854,730,1051,476,479,416,673,417,742,568,684,888,886,760
388,5,929,486,487,1003,430,369,1009,503,504
388,5,929,486,487,424,1003,430,369,1009,503,504
584,535,536,727,538,537,732,355,933,935,936,937,938,880,627,1012
727,536,537,538,535,609,994,355,932,935,936,937,938,880,629
1033,458,1034,404,855,997,1001,1002,1003,1004,1005,1006,432,1009,1010,1011,951,1016
584,535,727,536,537,538,475,609,935,936,937,938,1017
1029,1030,1031,1032,969,975,976,977,857,858,987,859,990
1042,794,795,676,677,814,817,818,819,820,821,823,824
14,794,795,1052,1067,814,815,816,818,819,822,823,824,825,826,827
1030,1031,969,975,976,977,18,404,987,990,608,104,125
1025,837,730,989,673,1060,1061,1064,809,684,942,886,887,568,758,831
584,910,535,727,536,537,538,543,609,935,936,937,938,1017
837,730,989,673,1060,1061,1064,809,684,942,886,887,758,831
132,133,260,905,1038,399,475,609,931,358,615,936,937,938,112,880,627,246,574
646,647,649,714,971,651,719,658,915,916,728,666,731,988,693,694,698
1025,903,904,713,207,848,796,797,739,740,741,1062,1064,809,750,760,881,755,758,568,571
900,839,1021,983,1051,988,1076,885,1077,889,890,892,893
1091,334,399,718,850,851,853,162,997,166,998,295,421,309,248
900,839,651,1021,1041,1076,885,1077,889,890,892,893
258,644,584,910,911,336,543,932,933,935,937,938,619,627,1012,1017,61
960,644,844,910,911,605,606,607,992,932,933,1000,627,1017
1091,850,851,853,855,921,986,676,998,814,432,817,822,823,248,826,827
644,582,967,584,966,586,587,588,846,732,418,932,880,627,629,1017,574
72,74,75,158,159,482,297,41,43,46,47,688,689,307,308,310,120,59,124
648,329,269,1038,528,80,979,733,929,932,615,937,824,505,507,510,1081
960,978,979,980,23,992,929,994,1003,1009,506,505,1018,508,1017,1086,511
960,978,979,980,23,88,991,992,929,506,505,1018,508,1017,1086,511
968,973,974,85,408,409,540,99,101,934,551,304
200,715,718,465,466,850,851,469,534,1046,216,221,930,164,998,490,501
643,837,711,730,989,673,1060,1061,1063,1064,809,684,942,886,54,380
705,770,769,773,906,471,472,473,154,864,292,297,1069,48,434,440,379
590,591,592,593,600,601,665,923,664,546,548,550,940,941,953,954,955
204,334,166,168,169,622,943,944,625,945,624,946,947,1082
204,334,166,168,169,622,943,624,625,944,945,946,947,1082
204,334,166,168,169,622,943,944,625,945,624,946,947,1082
896,899,836,647,841,657,658,1065,560,698,697,954,953,1020,894,895
204,334,166,168,169,622,943,624,625,944,946,945,947,1082
574,459,844,846,791,793,732,926,880,627,629,630,631,573,446
960,961,653,654,541,542,991,992,993,994,544,1000
960,961,653,654,541,542,991,992,993,994,544,1000
960,961,964,653,654,541,542,991,992,993,994,544,1000
644,584,653,910,911,654,732,993,932,933,1000,937,938,235,880,627,629
966,967,584,905,586,588,661,662,475,609,355,358,935,937,874,880,627,629,1017
966,967,584,905,535,536,538,475,732,736,609,418,935,937,938,880,627,629,574
204,334,166,168,169,622,943,624,625,944,946,945,947,1082
590,591,592,593,600,601,922,923,925,546,547,548,549,550,941,953,954,955
968,973,974,85,408,409,540,99,100,101,934,551,304
832,129,128,323,972,398,1038,14,922,94,547,548,549,935,427,370,371
1001,1002,1004,1005,1006,1007,1008,1009,1010,1011,1068,431,1015,1016
1001,1002,1004,1005,1006,1007,1008,1009,1010,1011,1068,431,1015,1016
1001,1002,1003,1004,1005,1006,1007,1008,1009,1010,1068,431,1015,1016
995,1001,1002,1004,1005,1006,1007,1008,431,1010,1011,1068,1015,1016
37,1002,619,1004,1005,1006,1007,1008,1068,1010,1011,431,1015,1016
995,1001,1002,1004,1005,1006,1007,1008,1068,1010,1011,431,1015,1016
995,1001,1002,1004,1005,1006,1007,1008,1068,1010,1011,431,1015,1016
272,1002,1004,1005,1006,1007,1008,1068,1010,1011,431,1015,1016
272,1002,1004,1005,1006,1007,1008,1068,1010,1011,431,1015,1016
995,1001,1002,1004,1005,1006,1007,1008,1068,1010,1011,1009,431,1015
1001,1002,1003,1004,1005,1006,1007,1008,1009,1010,1011,431,1068,1015
458,1001,1002,1003,1004,1005,1006,1007,1008,1009,1010,1068,1015,1016
995,807,1001,1003,1004,1005,1006,1007,431,1008,1010,1009,1011,1068
902,711,721,722,854,471,473,476,478,673,1060,742,684,888,949,886,887,568,959
838,651,1036,462,1051,889,863,1076,1077,949,759,760,761,890,1021,831
968,973,974,85,408,409,540,99,100,101,934,551,304
968,973,974,85,408,409,540,99,100,934,551,939,304
891,840,590,591,592,600,601,922,548,940,941,882,953,954,955
1029,1030,1031,1032,969,975,976,977,18,987,859,990,1087
1029,1030,1031,1032,969,975,976,977,857,987,859,990,1087
1029,1030,1031,1032,969,975,976,977,987,859,990,1087
1029,1030,1031,1032,969,975,976,977,987,859,990,1087
1029,1030,1031,1032,969,975,976,977,987,859,990,1087
1029,1030,1031,1032,969,975,976,977,987,859,990,1087
1029,1030,1031,1032,969,975,976,977,857,987,859,990,1087
841,590,591,592,657,1043,663,601,922,681,298,498,882,1076,1077,1019,1021,575
577,578,579,388,584,648,528,979,597,598,599,929,619,430,883,1012,503
192,583,328,648,336,528,357,294,173,948,566,312,443,60
468,148,149,150,151,864,352,292,164,742,747,748,749,750,751,752,440
960,966,967,661,662,732,992,736,1058,418,419,874,938,1017,1018
966,967,584,661,662,992,736,1058,419,418,874,938,1012,1017,1018
1036,396,717,1051,863,864,568,435,692,949,886,759,760,761,758,1021,831
387,1028,267,331,78,338,927,35,299,44,300,1070,177,50,372,56,830
590,591,592,1043,600,601,923,548,940,941,557,563,953,954,955
900,590,591,592,1041,600,601,923,940,941,1077,953,954,955,893,575
960,961,653,654,541,991,992,993,994,933,1000,1017
960,961,653,654,541,991,992,993,994,1000,938,1017
960,961,653,654,541,991,992,993,994,1000,938,1017
960,961,653,654,541,542,991,992,993,994,607,1000,1017
266,12,339,856,792,986,730,94,484,1062,745,428,187,500,886,571,572
266,12,210,339,856,792,986,94,484,745,428,187,432,500,886,698,571
640,12,976,339,982,856,94,745,1003,428,1004,187,500,886,571,636,637
704,640,12,339,856,730,94,745,1003,428,187,1009,500,886,571,636,637
330,459,399,470,415,162,421,998,295,166,309,822,248,444
832,835,1036,1039,1040,913,912,723,982,286,351,1057,753,881,758,761,762,764,572
266,12,976,210,723,339,856,792,94,484,745,428,187,500,886,698,571
382,1028,331,78,830,338,147,927,483,37,299,1070,372,311,958
0,1,2,4,9,10,13,341,24,26,91,474,93,1080
382,1028,267,331,78,338,147,927,37,429,1070,372,311,56,830
963,968,973,974,271,84,85,88,89,409,99,100,101,551,232,939
964,965,968,973,974,271,84,85,86,87,88,89,409,99,100,101,551,939
965,968,973,974,84,85,87,89,1050,409,99,100,101,934,551,939
968,271,83,84,85,86,87,88,89,1050,99,100,101,934,939,255
968,973,974,408,409,540,99,100,101,934,551,939,238,304
71,72,74,158,159,160,46,688,307,52,308,59
964,404,1001,1068,1005,1006,1007,1008,1004,1010,1011,432,431,830
835,650,1036,652,716,913,914,723,351,1056,1057,673,1060,684,881,758,761,762,572
514,642,1030,7,906,977,18,404,857,987,990,735,96,359,114,883,756,757,499
198,262,204,910,1044,534,1047,473,538,938,491,492,620,942,682,565,574
391,712,526,400,402,95,928,96,678,682,367,382
835,520,657,658,915,22,663,920,667,737,807,808,1002,1011,692,693,1015,1016,697,698
391,712,526,400,402,95,96,928,678,682,367,382
391,526,15,400,402,22,95,928,96,678,682,367,243
1029,1030,1031,1032,969,975,976,977,987,859,990,1080,1087
1029,1030,1031,1032,969,975,976,977,987,859,990,1080
1029,1030,1031,1032,969,975,976,977,987,859,990,1080,1087
391,712,526,400,402,22,95,96,928,678,682,367,243,382
130,459,399,470,790,1049,414,415,162,421,166,309,248,442,444
1025,835,713,1036,207,912,913,723,286,351,1057,239,881,753,758,761,572
1031,1037,975,977,857,474,859,858,987,1052,990,1067,1080,1087
1030,1031,1037,975,977,474,859,858,987,1052,990,1067,1087
1030,1031,1037,975,977,857,474,859,858,987,1052,990,1067,1080
834,590,591,592,600,601,922,610,548,680,940,941,953,954,955
512,323,835,1036,589,1039,1040,913,1041,1043,553,687,761,575
960,584,844,911,605,606,607,992,1000,619,627,1012,1017,1018
899,647,649,714,651,970,719,657,658,1041,660,915,916,728,666,731,668,697,698
960,961,653,654,541,542,991,992,993,994,1000
577,709,651,908,907,909,660,791,732,28,672,866,1071,880,496,1074,629,121,698,1022
577,651,908,396,907,909,1022,791,732,28,926,1071,880,496,629,62,121,698,1021,574
512,899,900,649,651,589,1041,1043,660,916,728,668,553,683,560,575
590,591,592,600,601,922,923,548,940,941,953,954,955
590,591,592,600,601,923,889,546,548,940,941,953,954,955
67,260,586,588,653,654,655,992,355,419,358,105,497,246,249,1018,574
644,584,910,911,991,932,933,937,938,235,627,1012,248,1017,61
3,899,838,14,1043,531,600,922,667,94,612,681,298,693,697,1019,894,575
512,835,1036,589,1039,1040,913,1043,1057,553,758,761,572,575
960,961,653,654,910,541,542,991,544,992,993,994,543,1000
645,202,404,284,735,1068,1005,1006,1004,1008,1007,1010,1011,115,1013,374,950
641,515,516,140,335,34,301,626,1075,632,633,634,635,638,639
584,844,653,846,791,538,606,607,544,993,1000,938,619,627,1012,1017
644,967,979,661,662,992,993,1058,994,736,418,419,1000,938,874,1017,1018
67,260,586,588,846,655,271,661,662,992,355,419,358,105,497,246,249
0,1,2,4,8,9,10,13,341,24,25,26,91,93
265,401,220,669,670,671,672,621,496,113,435,121,570
193,203,404,1046,855,726,279,1053,735,613,490,364,432,951,434,950,759
1091,459,399,851,853,470,1049,162,421,998,166,295,309,248,444
453,454,784,785,917,215,353,423,424,425,426,376,377,378,251,252
1091,330,459,334,399,718,850,851,853,469,534,216,921,998,295,166,248
64,583,328,511,336,1042,980,152,88,366,948,566,312,506,507,60,509,510,127
583,648,585,328,395,1038,528,336,1042,21,599,929,1059,615,236,173,883,948,566,312,250
641,515,517,140,335,724,301,626,1075,633,634,635,638,639
452,391,526,400,22,95,928,96,802,678,682,367,243,244,122
391,15,22,928,802,933,935,937,938,367,243,502,122,188,382,383
395,661,662,152,991,736,992,418,1059,874,236,1017,250,60,1086
329,511,332,333,401,980,220,672,289,929,1017,505,570,507,572,509,510,1081
1029,1030,1031,1032,969,975,976,977,987,990,1080,1087
512,647,970,589,1041,1043,728,553,170,557,687,560,563,889,1021,575
128,11,17,342,480,484,485,489,171,172,813,110,115,439
11,17,342,480,484,485,489,171,172,813,110,115,439
11,17,81,342,480,484,489,171,172,813,110,439
11,273,17,342,480,484,485,489,171,110,115,371,1013,439
11,17,273,342,480,484,485,489,171,813,110,115,371,439
11,81,17,273,480,484,485,489,171,172,813,110,175,115,439
772,774,212,917,344,217,218,345,222,225,102,488,233,1072,1073,752,884,375,124
0,1,2,4,8,9,10,11,13,341,26,91,93
0,1,2,4,8,9,10,11,13,463,26,93,172,813,115
0,1,2,4,8,9,10,11,13,341,26,93,489,813,115
0,1,2,4,8,9,10,11,13,341,26,91,93,489
212,214,215,919,984,868,869,870,871,872,425,362,618,426,617,499,378,254
833,450,449,519,329,332,333,669,1054,288,289,291,437
449,450,833,518,519,329,333,1054,288,289,291,437
844,846,979,791,793,1051,732,926,994,938,880,497,629,631,573,574
1091,718,850,851,853,855,921,986,735,997,998,490,428,432,1008,1010,951,248
390,11,463,17,342,283,485,489,171,172,813,110,115,1075,439,568,699
1025,385,323,386,907,908,1038,1022,220,865,932,935,937,938,1071,1078,118,568,189,190
583,648,328,1038,528,336,1055,33,929,803,804,937,173,691,948,566,312,505
520,650,717,656,849,914,797,734,759,1070,692,758,887,568,699,831
650,1036,716,722,863,673,1060,684,887,888,949,758,759,760,761,886,831
963,965,968,84,85,86,87,88,89,1050,99,100,101,934,939
453,214,215,919,219,354,423,186,425,426,424,499,185,378,253,254
833,450,518,519,332,333,976,401,857,859,220,1054,288,289,291,437,570,572,1023
706,382,1028,69,68,330,267,830,852,920,222,422,39,743,40,429,947,440,702
1088,705,706,68,69,70,267,852,413,229,37,429,51,823,826,701
646,647,649,714,719,658,915,660,916,728,666,731,668,988,999,690,697,698
391,712,526,400,402,95,96,928,678,682,367,244
962,452,969,1037,975,474,1052,928,802,38,1066,1067,1014,375,1080
71,72,73,74,75,90,158,159,160,297,46,688,48,52,59
192,583,328,336,404,735,357,294,236,1004,1006,1007,173,114,948,566,60
391,526,400,22,95,928,96,678,682,367,432,243,244,502,122
449,833,965,519,329,332,333,87,1050,1054,671,672,289,103,621
323,709,210,594,595,533,723,725,664,925,286,351,866,681,298,239,753,761,1019,764,763
1033,1034,1035,464,849,466,1046,855,862,735,865,490,951,434,1074,759,698,571
64,258,583,328,336,727,152,537,357,294,173,948,245,566,443,60
705,706,708,70,267,715,718,850,851,469,1046,534,855,216,735,998,432,951,701,702,703
1029,1030,1031,1032,969,975,976,977,857,987,859,990,1087
71,72,74,158,159,160,46,307,52,308,310,59
2,3,14,342,413,96,545,229,38,231,104,230,997,115,1014,958
399,404,853,413,162,997,229,230,231,1001,421,1068,1004,1006,1007,432,1008,1010,309,248
647,520,651,658,660,90,411,668,412,157,287,614,743,42,690,691,700,447
960,661,662,542,736,992,1058,1059,418,419,874,1017,1018
580,581,978,979,980,23,929,554,874,250,505,506,508,1017,1086
404,853,986,997,1004,1005,1006,1007,432,1008,1010,1068,814
847,211,344,345,347,348,349,223,227,228,233,493,494,1079
705,769,3,770,838,1033,266,12,14,274,531,282,922,156,94,747,683,374,767
640,641,516,392,137,140,461,204,335,724,33,34,996,299,50,633,635,636,637,639
1025,903,904,717,796,797,417,738,806,1062,1064,759,760,241,242,886,118,568,571
1089,1090,452,712,1037,527,474,1052,1001,1067,1068,1004,1005,1010,180,181,1013,508
1089,1090,452,712,1037,527,474,995,1001,1067,1068,1004,1005,49,1010,180,181,508
449,450,833,5,518,519,329,333,220,1054,288,289,291,1011,437,1016,1023
391,15,22,95,928,96,802,481,937,682,367,243,502,122,188,382,383
65,716,652,912,594,595,596,597,598,599,103,239,49,564
323,205,529,530,600,155,417,610,33,612,1064,553,106,558,687,623,878,433,759,700
709,330,650,716,593,594,595,210,664,665,866,239,309,759,761,762,763
204,334,166,168,169,622,943,624,625,944,946,945,947,1082
257,79,659,729,92,163,612,293,39,40,743,42,240,569,63
391,526,400,402,851,95,96,928,678,682,367,243,244
897,898,901,838,520,842,279,922,287,884,182,700,447
1028,391,15,402,852,22,928,802,678,555,367,243,244,179,122,382,383
391,15,22,150,95,928,481,96,367,243,502,122,123,382
11,17,81,273,785,24,25,480,484,485,171,172,813,110,115
