195,196,643,710,711,201,206,208,28,862,496,53,55,952,58,444
267,397,150,471,151,473,153,154,283,604,155,864,292,742,41,43,434,567
832,323,902,1036,396,721,914,28,669,350,862,33,616,496,497,949,758,119,888,54,62
194,195,197,201,912,210,723,351,740,753,755,949,313,58,764,62
267,147,153,602,603,154,283,604,155,864,349,222,292,742,567,379
384,196,389,903,713,207,208,468,796,797,862,1062,806,1064,571,189,191
642,852,1045,213,278,343,281,347,860,861,227,869,870,422,743,175,1013,700,1085
776,340,213,55,344,281,345,347,159,161,297,46,47,688,307,308,52,310,375,314,315
704,705,706,708,70,715,267,331,337,403,37,429,496,381,58,380,701,702,703
515,516,139,140,147,724,34,35,743,177,626,179,756,757,57,638
516,139,460,140,335,147,57,34,611,301,302,175,177,1075,179,757,756,632,633,635,639
515,139,140,147,724,34,35,743,177,50,179,626,757,756,57
194,195,643,197,710,199,201,207,912,723,741,753,53,58,62
194,195,643,197,199,201,207,912,210,723,598,740,881,753,58,62
517,460,147,35,299,44,300,175,177,50,179,56,57
517,460,147,35,299,44,300,175,177,50,179,56,57
847,211,348,349,799,800,801,223,227,228,170,108,109,494,493,178,1079
777,845,918,985,281,860,861,222,354,868,870,314,317,316,1085
771,454,847,211,917,918,223,225,227,228,102,870,424,233,493,494,318
257,79,659,92,159,160,293,39,40,43,46,47,48,240,306,52,569,124,63
257,79,659,729,92,293,39,40,41,43,46,47,48,240,306,52,569,124,63
643,196,713,778,206,207,208,796,797,1062,1064,750,755,53,55,571,191
194,195,643,197,199,201,848,723,739,740,741,750,753,755,58,764,62
256,642,198,1044,981,534,1047,95,96,678,489,682,491,492,622,946,501
79,90,411,412,92,287,614,743,42,46,307,52,308,447
65,963,6,268,84,21,88,409,95,96,99,101,678,551,682,365,238,175,176,883
194,195,197,201,912,401,210,848,723,351,1057,739,753,564,764,62
602,603,159,39,40,41,43,46,47,48,688,307,308,52,120,59,124
602,159,39,40,41,59,43,46,47,48,688,307,308,52,120,379,124
897,659,39,41,43,46,47,48,124,688,307,308,182,310,120,59,700
897,659,120,39,41,43,46,47,48,688,307,308,182,183,310,59,124
194,643,195,197,199,201,713,207,989,740,1060,809,58,62
640,515,516,139,461,724,57,34,35,177,50,626,632,633,636,637
198,267,269,1044,469,534,1047,473,96,738,806,678,682,491,492,501
395,204,334,80,163,36,166,295,296,167,168,169,303,624,625,1082
194,195,643,197,199,713,201,207,912,352,58,62
322,847,211,918,344,223,225,227,228,102,488,233,40,493,494,495
394,780,340,344,345,347,348,349,798,799,800,801,170,811,108,109,812
192,513,592,593,664,665,925,351,866,546,547,548,549,550,941,49,313,763
135,776,777,845,206,918,984,281,985,860,861,222,420,870,314,829
902,70,205,721,722,914,145,864,33,865,806,1063,809,107,54,758,888,380,381,831
780,781,340,344,347,798,223,800,801,799,170,811,812,108,109,1079,1084
394,780,781,340,347,348,798,799,800,801,170,811,108,812,109,1084
340,344,345,346,347,348,349,223,108,109,178,1079
194,195,323,197,199,201,848,912,210,982,351,739,740,750,879,755,764
776,845,918,984,281,860,861,222,868,869,870,871,314,1085,318
212,222,354,868,869,872,873,425,426,366,1072,1073,499,378,318
257,79,659,533,729,90,159,160,293,743,40,42,46,240,307,52,569,63
257,79,659,533,729,90,287,160,159,293,743,40,42,240,307,569,59,63
918,860,222,224,225,161,227,228,102,488,233,495,1073,765,766
71,183,120,287,41,43,46,687,48,688,498,307,52,308,182,55,310,59,124,447
453,917,215,919,353,354,868,424,425,499,377,316,317,318
66,258,328,910,911,336,339,735,248,932,933,235,236,173,305,948,312,60,61
6,907,908,909,268,84,1022,99,100,232,365,366,1071,304,117,889,126
64,259,583,328,336,152,543,357,236,173,948,245,566,443,60,127
766,918,222,224,225,161,227,228,102,488,233,495,1073,765,318
203,205,145,155,96,481,356,106,107,433,243,436,502,122,123
203,205,145,356,551,106,107,433,243,436,502,122,123
65,652,912,401,594,595,596,597,598,599,929,674,103,49,564
264,12,16,18,20,413,735,164,229,230,231,104,168,241,1013,501
71,72,73,74,158,159,160,46,688,307,52,308,59
320,321,322,325,326,327,521,522,76,77,144,875,876,877,319
71,72,73,74,158,159,160,46,307,52,308,120,59
576,579,580,581,401,23,28,862,929,674,547,549,554,496,497,54,890
71,72,73,74,158,159,160,46,307,52,308,120,59
71,72,73,74,158,159,160,46,688,307,52,308,120,59
453,845,917,861,353,354,868,423,424,499,316,377,252,317,318
1090,270,726,918,222,224,225,102,1062,998,361,488,366,495,1073,689,49,56
775,776,777,212,918,984,985,281,860,861,222,870,1072,1073,314
259,963,134,583,6,459,511,1042,790,88,1059,296,236,127,250,60,61,446,445
1090,135,215,986,794,1050,735,224,354,103,811,812,366,175,689,114,113,49,501,1013,952
394,340,344,345,346,347,348,349,108,109,178,1079
320,321,325,326,327,521,522,76,77,144,875,876,877,319
845,918,984,281,860,861,222,353,868,869,870,871,314,1085,318
845,918,984,281,860,861,222,353,868,869,870,871,314,1085,318
521,522,76,847,211,213,344,345,347,349,223,227,228,233,875,876,493,494,1073
260,905,399,535,538,609,931,1059,358,935,937,938,363,236,112,246
394,340,344,345,346,347,348,349,108,109,178,1079
132,574,585,459,846,80,414,415,615,616,631,247,445,446
256,385,389,468,149,148,150,862,352,747,749,751,752,241,118,119,189,190
71,73,75,90,159,297,46,47,688,48,307,52,308,310,120,59,124
257,961,964,79,659,729,90,287,422,743,39,40,47,240,306,569,124,63
704,1088,707,68,69,337,31,481,356,37,484,555,429,51,436,371,380,702
642,199,200,1034,1046,855,284,1001,1002,1003,620,1009,434,1074,373,374,1015,1016
193,389,203,148,149,150,151,155,352,740,107,748,749,750,747,751,752
193,203,267,205,145,154,155,283,352,356,106,107,433,567,123
195,197,201,207,912,210,595,723,594,982,351,879,239,753,313,58,763,764
71,72,74,158,159,160,46,688,307,52,308,59
832,65,577,581,912,401,723,596,597,350,351,929,674,103,616,49,753,313
1029,1030,1031,1032,976,977,18,80,20,794,795,859,987,990,545,235
963,965,271,272,83,84,85,87,88,89,1050,99,100,101,939
963,271,272,83,84,85,86,88,1050,97,99,101,939,255
963,271,272,83,84,85,88,1050,98,99,100,101,939,255
963,272,83,84,85,86,87,88,89,1050,97,98,99,101,939,255
963,968,271,272,83,84,85,87,88,89,1050,97,98,99,100,101,939,255
963,965,83,84,85,86,87,88,89,1050,99,100,101,939
963,84,85,86,87,88,89,99,100,101,232,939,366
3,263,14,143,284,413,94,545,165,38,229,104,230,231,997,748,1014
193,389,848,148,149,150,151,352,867,740,739,747,748,749,750,751,752,755
1029,1030,1031,1032,977,18,20,857,794,795,987,990,545,164,235,444
0,1,2,4,8,9,10,13,341,24,25,26,91,93
135,970,206,984,985,287,163,420,743,42,556,558,563,116,307,52,700,829
324,457,395,204,209,275,405,539,167,169,303,1082,828
324,457,395,204,209,275,405,343,539,167,296,168,169,303,828
265,401,220,669,670,671,672,621,496,113,435,121,570
711,854,153,602,603,604,477,478,476,673,292,742,368,565,959
0,1,2,4,8,9,10,13,341,24,25,26,91,93,54
453,845,917,860,861,353,354,868,423,424,499,316,377,252,317,318
391,203,1035,145,22,155,481,356,106,107,433,243,436,502,122,123
963,964,965,83,84,85,86,87,88,89,1050,99,100,101,939
963,964,83,84,85,86,87,88,89,97,98,99,100,101,939
67,260,966,586,588,910,655,537,609,355,358,936,105,937,497,246,249
704,387,68,69,718,17,852,283,608,481,738,484,37,806,555,51,371,380,381
847,211,223,225,227,228,102,488,233,40,493,494,495,1072
73,479,39,40,41,43,46,47,48,368,688,307,308,310,120,59,124
71,72,74,158,159,160,46,307,52,308,59
2,4,11,13,17,81,273,342,24,25,91,93,480,484,485,171,172,813,439
320,321,322,325,326,327,521,524,77,76,144,875,876,877,319
577,578,131,70,334,28,157,862,415,674,614,617,618,45,688,496,497,182
257,71,73,659,158,159,160,46,688,240,307,52,308,120,59
268,460,140,335,606,365,238,175,176,301,126,635,638,639
128,129,135,972,398,529,342,484,485,420,489,427,111,370,371,115,1013
514,392,393,137,138,140,141,460,335,146,147,35,296,236,302,1075,639
382,68,1028,715,331,78,830,147,927,555,1070,372,311,56,958
454,7,136,266,396,15,82,27,28,29,30,33,492,496,500,760,187,62
128,129,972,398,401,529,155,546,547,548,549,106,427,370,371
196,7,200,266,15,208,530,856,27,28,29,30,286,672,496,49,382
265,329,27,28,669,670,671,672,29,121,220,30,286,621,496,435,1081
704,265,329,27,28,669,670,671,672,121,220,30,286,37,621,49,435,1081
212,918,919,353,354,868,869,870,871,872,873,425,426,378,1085
203,205,145,155,356,106,107,433,243,436,502,123
645,582,584,586,349,926,606,607,929,619,174,175,880,627,371,1012,630,883,573
148,149,150,151,153,602,603,604,284,352,292,742,806,747,748,1069,749,751,368,752
515,516,645,712,202,140,335,147,19,1068,1004,1005,1006,1007,626,1075,1010,1013,632,633
0,1,2,4,8,9,10,13,463,26,91,93,115
203,205,145,148,155,30,286,356,106,107,433,243,436,123,62
956,142,14,1042,726,32,353,226,1063,360,873,234,361,679,1081,954,316,317
515,516,202,140,268,408,410,95,96,678,551,682,365,238,176,626,638,639
832,203,205,15,145,155,28,29,30,351,352,286,350,107,433
212,919,215,353,868,869,871,872,873,425,499,185,186,253,318
453,917,919,215,353,354,868,869,871,424,376,377,316,317,318
64,192,258,583,328,336,357,294,173,948,566,312,443,60
64,258,328,584,336,1042,357,294,619,173,175,948,566,312,443
64,258,328,336,152,475,357,294,173,948,245,566,443,60
704,771,271,213,277,1045,278,918,860,225,870,233,561,690,818,375,314,1085
640,515,516,461,724,34,35,177,50,179,626,1075,632,57,636,637
641,515,516,140,335,626,1075,632,633,634,635,638,639
640,515,516,140,460,141,335,461,147,724,299,302,626,1075,632,636,637,639
67,260,966,971,655,537,609,355,358,936,105,937,938,246,249
327,845,270,917,918,406,344,345,538,281,860,861,222,223,224,870,40,499,1013,314,1085
196,710,713,207,208,796,797,740,741,1062,1064,809,750,755,53,571,191
385,389,468,149,221,862,676,677,111,815,817,820,118,119,699,189,190,191
640,515,516,268,460,140,335,461,724,301,176,1075,757,632,635,636,637,639
132,585,459,80,790,414,415,615,616,496,247,445,446
257,71,79,659,729,293,743,39,40,240,306,182,569,63
7,136,266,396,781,780,15,82,27,28,29,30,798,672,33,811,812,496,49,435,56
385,389,527,468,676,677,296,111,815,817,1074,306,432,820,118,821,189,190,191
194,643,195,197,713,201,207,912,210,1057,750,239,881,58,571,62
194,195,643,197,201,207,912,925,1057,740,750,239,881,755,571,572
713,912,595,982,350,351,1057,866,1062,107,879,239,881,313,763,572
0,1,2,4,8,9,10,13,341,24,25,26,91,93
384,256,389,464,465,466,467,468,285,482,236,237,241,242
256,385,389,390,135,143,189,469,163,420,106,107,174,111,116,118,119,829,190
130,132,644,585,910,399,911,80,470,790,545,162,932,933,616,235,247,248,61
71,72,73,74,158,159,160,46,688,307,52,308,59
577,580,585,909,401,1042,598,23,733,925,350,32,221,549,616,496,564,570,250,62
135,520,206,984,985,287,159,420,743,42,46,111,116,308,59,700,829
71,72,74,158,159,160,46,307,52,308,59
64,192,258,583,328,336,357,294,173,948,245,566,312,443,60,61
130,585,459,399,470,1049,415,162,421,166,295,235,309,248,444
71,72,74,158,159,160,46,688,307,52,59
576,577,578,131,581,334,32,617,618,44,45,688,497,496,307,56,446
260,966,586,588,655,537,475,609,355,358,935,105,937,246,249
204,334,399,275,163,36,998,166,295,679,168,169,624,625,944,945,309,1082,444
897,520,279,280,287,611,743,553,182,183,891,700,447
71,72,520,74,659,279,280,183,729,287,743,52,182,55,700,447
71,72,74,158,159,160,46,688,307,52,308,59
324,457,395,204,334,209,275,539,167,622,303,943,946,828
457,395,204,275,94,164,165,166,295,168,169,622,943,944,625,946,624,1082
324,395,204,209,539,165,295,168,169,167,622,943,944,625,946,624,1082
1091,132,133,134,585,330,459,399,790,414,415,162,616,309,247,445,446
132,133,134,585,330,459,399,80,790,414,415,162,615,616,247,445,446
324,457,395,204,334,209,275,405,163,165,166,296,303,943,1082
322,776,845,918,344,985,281,860,861,222,870,40,314,1085
324,457,395,204,334,209,275,539,167,295,303,946
453,917,919,353,354,868,869,872,873,499,316,317,318
203,526,402,469,96,481,356,106,107,942,176,433,243,436,501
902,330,716,722,340,277,344,345,347,348,349,108,109,175,178,309,949,887,888,315
212,918,919,868,869,870,871,872,873,425,426,378,1085,318
704,705,707,68,708,70,330,267,715,80,337,153,154,155,283,37,429,567,703
640,515,516,139,140,335,724,301,626,1075,632,633,635,636,637,639
515,516,138,460,140,141,335,21,301,302,626,1075,632,635,639
451,263,264,7,266,15,16,18,20,27,29,286,735,608,30,164,113
451,387,263,264,266,274,19,282,284,286,30,165,38,748,438,1014,441
11,81,17,273,480,484,485,489,172,813,110,115,439
642,267,79,914,19,342,153,154,155,283,797,806,434,54,567,381
6,907,908,909,268,84,85,1022,101,810,365,1071,304,176,117,126
391,203,205,15,145,402,22,481,226,106,367,243,502,122,123
963,964,965,271,272,83,84,86,87,88,89,100,232,366
64,66,259,583,152,88,735,31,1059,236,173,442,250,443,60,61,127
962,132,133,134,265,459,588,1042,794,795,414,415,607,418,619,435,247,445,511
897,520,659,279,280,729,287,743,182,183,700,447
256,384,389,464,465,466,467,468,285,482,237,241,242,501
324,457,395,204,334,209,275,539,165,166,167,296,169,303
387,451,1091,263,264,266,274,403,20,282,283,28,796,29,27,30,490,236,374
387,451,263,266,274,403,533,282,283,28,94,30,490,748,438,441
768,769,770,453,455,456,918,219,868,869,425,426,499,378,254,767
257,773,453,777,215,219,287,37,423,619,819,182,375,822,185,186,700,253,447
64,258,966,967,328,336,152,609,357,294,173,948,245,566,312,443,60
391,203,143,15,469,22,155,481,226,802,106,367,243,502,122,123
320,321,322,325,326,327,522,77,144,344,345,40,233,875,876,319
320,321,322,325,326,327,77,344,345,40,875,876,877,319
320,321,322,325,326,327,521,522,344,40,875,876,877,319
320,321,322,325,326,327,521,522,144,40,875,876,877,319
3,390,14,143,274,156,413,94,545,229,38,230,231,997,104,1014,441
642,199,200,1033,1034,1035,274,403,282,284,1001,748,749,620,434,373,374
642,199,200,1034,14,274,403,404,282,284,156,1001,748,620,1074,373,374
832,835,205,15,145,210,913,914,155,27,29,30,286,1057,433,49,881,764
768,769,770,578,394,12,16,849,340,346,94,223,290,424,168,169,109,766,767
256,390,143,465,466,467,468,469,285,482,749,237,241,242,116
322,776,845,918,344,985,281,860,861,222,870,40,314,1085
770,453,774,787,788,917,789,215,353,423,424,425,499,376,377,252,318
768,769,770,766,918,215,219,868,869,872,425,426,499,378,765,254,767
963,82,958,726,87,32,226,290,997,102,679,360,361,234,495,883,956,702
963,67,261,262,6,330,268,142,213,726,32,233,44,883,117,442,126
585,330,459,80,414,415,615,616,247,444,445,446
132,585,330,459,80,414,415,615,616,247,445,446
1029,1030,1031,1032,969,909,976,977,18,404,857,987,990,608,1080,125
320,321,322,325,326,327,522,523,524,77,875,876,877,319
320,321,322,325,326,327,521,522,144,875,876,877,319
716,912,595,723,725,982,350,351,863,866,879,753,949,761,313,762,763,764
453,214,215,919,354,868,423,424,425,426,499,185,186,253
454,455,456,777,779,780,781,214,219,799,800,801,423,499,184,185,253,254
833,450,449,519,333,1054,672,289,291,435,437,1081
211,277,918,222,224,225,228,102,488,233,40,495,240,315
770,771,772,773,774,845,781,217,218,861,425,1072,375,767
768,769,770,771,772,773,774,781,217,218,1072,375,767
768,705,770,3,14,143,274,403,413,94,229,38,231,230,1014,441
711,150,151,153,602,603,604,476,478,292,742,368,1013,950,381,959
968,202,268,973,974,84,408,409,540,934,551,365,238,176,126
704,705,706,707,708,68,70,701,337,37,379,380,957,702,703
585,459,399,80,414,415,615,616,309,247,248,444,445,446
193,390,200,1035,403,148,149,150,284,352,740,748,749,751,752,755,373,374
576,577,578,580,581,583,328,1042,173,49,948,566,312,443,60,1021
576,577,580,581,583,328,1042,554,173,49,566,312,443,60,1021
453,214,215,354,868,869,423,186,425,426,499,378,251,316,317,254
453,917,214,215,354,868,423,424,425,426,499,378,251,317,254
320,321,322,325,326,327,521,522,144,875,876,877,319
1089,1090,452,969,973,977,408,409,987,990,551,689,180,181,757,1080,1087
320,321,322,325,326,327,521,76,77,875,876,877,319
641,515,516,140,335,301,626,1075,632,633,634,635,638,639
585,459,399,80,414,415,615,616,309,247,248,444,445,446
832,652,723,598,23,599,925,350,351,32,33,549,753,564,313
574,585,459,846,80,414,415,926,162,615,616,631,880,630,247,445,446
261,262,6,268,142,917,726,471,281,860,354,424,176,304,117,314,316,317,126
453,918,919,353,354,868,869,871,872,873,426,425,378
641,139,140,147,724,300,301,302,1075,632,635,638,639
709,716,912,723,982,350,351,863,866,879,753,761,313,762,763,764
196,710,135,206,22,472,984,985,604,476,221,420,1063,53,55,379,380,829,959
833,519,265,27,220,669,1054,670,672,671,28,486,487,621,942,121,126
265,220,669,670,671,672,995,103,807,808,621,431,496,113,435,628,121
192,258,644,583,328,336,152,357,294,173,948,245,566,60,61
257,715,718,18,659,851,469,534,279,216,794,795,859,998,231,618,501,182,700
198,712,1044,534,1047,95,96,678,682,491,492,622,238,625,946,501,1082
384,390,143,464,465,466,467,468,276,285,482,749,237,111,242,116,829
192,258,328,336,1053,613,490,1003,364,173,1009,1011,948,373,374,1015,950,566,60
322,340,344,345,346,347,348,349,108,109,178,1079
340,344,345,346,347,348,349,108,109,178,1079
322,340,344,345,346,347,348,349,108,109,178,1079
340,344,345,346,347,348,349,108,109,178,1079
340,344,345,346,347,348,349,108,109,178,1079
453,774,787,788,917,789,215,353,423,424,425,499,376,377,252,318
768,769,770,453,766,918,215,868,869,872,425,426,873,499,378,765,254,767
963,964,511,85,87,88,89,1050,1058,418,100,874,363,939,366,249,127,255
130,132,459,399,535,727,536,537,538,414,415,162,421,936,937,938,309,247,248,446
193,389,652,848,594,595,723,725,924,925,867,739,740,741,750,753,754,755,949
129,644,1038,910,528,401,911,339,596,23,1048,546,548,933,235,305,370,248,61
897,71,520,90,733,287,1056,805,743,999,744,690,307,691,182,183,694,699,700,447
573,586,588,337,914,153,154,604,732,926,864,742,368,880,629,758,630,379,381,574
641,515,516,140,335,301,302,626,1075,632,633,634,635,638,639
515,517,460,140,141,335,299,300,301,302,626,1075,634,635,638,639
71,520,659,279,280,183,472,729,287,743,46,52,182,55,700,447
1030,7,1031,330,977,18,216,857,987,94,990,735,165,38,359,114,306,309,757,124
531,532,533,86,87,600,33,553,683,556,557,558,878,560,561,498,563,182,700
265,401,220,669,670,671,672,621,496,113,435,121,570
517,340,277,724,344,345,346,347,606,607,161,108,109,175,178,883,1079,315,638
832,385,323,591,592,912,594,531,595,533,723,600,922,863,737,879,753,118,763,189
705,706,707,708,68,70,585,337,23,28,862,37,429,496,49,497,438,441,380,701,703
1,2,4,8,9,10,13,341,24,25,26,91,93
322,340,344,345,346,347,348,349,108,109,178,1079
394,780,340,344,347,348,349,798,799,223,800,801,170,811,108,109,812
704,387,707,708,266,267,337,274,403,852,855,282,995,37,1001,490,431,951,701,702
963,964,965,83,85,86,87,88,89,98,99,100,232,939,366
640,641,515,517,139,140,147,34,35,175,177,179,756,757,57,636
256,389,1033,1034,468,149,981,23,855,862,865,237,1069,751,1074,189,190,191
1,8,9,10,11,17,273,24,25,480,489,171,172,110,115,439
453,774,917,353,423,424,425,499,316,376,377,252,317,318
453,774,782,785,786,917,215,353,423,424,425,499,376,377,252,317,318
964,453,783,784,785,786,917,214,353,422,423,424,499,376,377,252,318
453,782,783,784,785,786,917,215,353,423,424,425,499,376,377,252,318
322,771,772,773,774,327,845,344,217,218,347,345,861,40,1072,375,251
768,769,770,453,766,918,919,868,869,872,425,426,873,499,378,765,254,767
770,964,453,214,222,868,869,422,872,425,426,873,499,378,254,767
329,332,398,531,532,533,33,39,40,681,683,556,557,560,498,563,55,1020
453,1084,917,919,353,354,423,424,811,812,499,252,376,377,316,317,318
128,129,710,972,398,529,94,547,548,549,935,427,370,371,564
385,386,389,467,468,111,241,242,118,119,1078,189,190
256,385,386,389,149,285,237,111,241,118,119,189,190
322,340,344,345,346,347,348,349,108,109,178,1079
455,457,334,275,726,225,226,290,167,360,361,234,362,233,303,499,956,318
832,652,912,401,596,597,598,23,599,925,350,546,547,548,549,564,570
1029,1030,645,1032,969,1037,976,474,1052,990,1066,1067,1003,1005,431,1009,1010,1080
388,645,5,592,340,288,486,487,1066,430,369,503,504,1023
389,197,201,848,867,739,740,741,613,750,754,755,501,62
1025,903,904,796,797,416,417,1060,1064,684,886,54,571,699,831
1025,903,904,711,796,797,416,417,1062,1064,684,942,886,54,571,831
1025,902,903,904,914,722,796,797,416,417,1064,888,949,886,887,760,761,831
1024,257,79,659,405,729,293,39,40,42,236,240,306,118,569,186,63
712,526,400,402,95,96,928,678,682,1068,1004,1005,367,1010,1013,1016
1025,902,711,462,721,914,722,854,476,864,416,673,417,1060,742,684,888,886,758,760,831
1029,1031,7,969,1033,396,273,27,28,669,990,30,672,941,496,113,628,1080,121,955
1024,711,75,854,90,603,92,476,604,479,477,478,742,39,47,124,368,828,959
3,908,1037,14,404,474,156,1052,608,1067,1068,113,1010,1013,1014,374,438,441,125
577,201,910,911,528,401,398,339,596,23,1048,733,929,548,933,235,305,248,61
642,267,914,279,153,154,283,155,796,864,742,1064,759,1069,434,886,567,571,831
832,323,652,912,401,723,596,597,598,599,925,350,351,549,564,570
995,807,1001,1002,1003,1004,1005,1006,431,1008,1009,1007,1011,1010,1068,1015,1016
135,776,829,845,206,918,984,281,985,860,861,222,420,870,314,1085
641,515,516,140,335,301,302,626,1075,632,633,634,635,638,639
515,516,139,335,724,57,34,35,177,50,1075,179,756,757,632,633,637
256,385,386,323,389,149,237,111,1074,242,118,119,1078,189,190
256,385,386,323,389,468,149,862,237,111,118,119,1078,189,190
256,385,386,389,468,149,750,111,241,689,118,119,1078,189,190
641,515,516,139,140,147,57,301,177,626,179,756,757,632,633,635,638,639
516,517,139,140,335,147,57,34,301,177,1075,756,179,757,632,633,635,639
832,642,650,1036,398,912,914,862,863,1057,949,758,887,760,761,570,62,831
514,392,393,137,140,146,301,1075,757,635,638,639
897,71,520,79,279,280,287,743,182,183,59,700,63,447
833,329,265,332,333,28,669,670,220,672,289,929,291,175,435,437,1081
322,1091,772,327,330,1038,1085,406,407,344,345,986,36,422,679,870,40,233,43,444,701
1088,771,701,459,334,407,919,729,414,415,353,166,41,556,558,878,561,946,1074,1082,445
960,582,968,654,974,84,980,408,88,1050,410,605,992,736,1058,934,810,365
644,967,654,661,662,736,418,1058,419,994,874,1017,1018
448,1036,396,909,591,592,983,600,608,864,356,760,433,1074,882,1076,885,693,497,436,125
11,81,17,273,480,484,485,171,172,813,110,115,439
644,654,661,662,736,992,418,419,1058,994,874,1017,1018
203,909,469,92,481,738,356,1061,806,490,106,107,811,942,433,436,501,123
576,577,578,579,580,581,403,23,282,674,554,174,306,438,441
968,973,974,271,84,408,409,540,99,100,934,551,365
1033,1034,1035,404,1046,855,865,1001,1002,1003,759,1009,434,1074,1011,951,950,567,1016
132,585,459,399,1021,414,415,932,615,631,616,247,444,445,446
203,205,145,148,155,30,286,352,356,106,107,433,243,436,123
257,71,72,74,79,159,160,293,39,40,46,306,52,569,59,63
203,205,145,155,30,286,356,106,107,433,243,436,502,123
256,384,390,465,466,467,468,276,285,482,749,237,241,242,116,190
776,779,845,918,985,281,860,861,222,354,870,316,314,317,1084,1085
776,845,918,985,281,860,861,222,354,870,316,314,317,1084,1085
458,851,853,986,676,997,998,677,1001,1003,814,815,432,1009,817,819,820,825,444
324,204,334,164,165,166,167,168,169,296,38,622,943,624,625,944,945
71,72,73,74,158,159,160,46,688,307,52,308,59
67,260,966,971,655,537,609,355,358,935,105,937,938,497,246,249
711,854,602,603,604,477,478,476,864,673,292,742,368,565,959
256,385,389,464,465,466,467,468,276,285,482,620,237,241,242
968,973,974,271,84,408,409,540,100,934,551,810,365
583,328,336,357,294,173,948,245,566,312,443,60
11,273,17,81,480,484,485,489,171,172,813,110,115,371,439
776,211,275,88,222,224,225,161,228,102,488,233,495,375,315
256,384,385,389,464,465,466,467,468,285,482,237,241,242
256,464,465,466,467,468,404,285,482,237,241,242,116,118,190
256,385,389,464,465,466,467,468,285,482,237,241,242,118
966,582,967,905,586,588,846,399,535,727,536,475,607,609,418,938,1012,574
833,449,450,519,332,333,220,1054,289,291,437,1081
960,577,581,584,846,724,606,607,929,484,619,174,175,371,1012,883
1089,1090,67,452,6,268,408,409,857,987,858,859,551,180,181,126
1033,1034,331,78,849,593,913,469,534,664,665,987,311,37,613,496,381,758,951,701
340,344,345,346,347,348,349,108,109,178,1079
382,1028,68,331,267,78,830,338,927,1070,50,372,311,57,958
7,712,400,402,95,96,928,735,613,678,359,682,367,114,53
832,323,591,592,531,532,533,598,922,923,350,547,549,941,687
576,577,1024,579,580,648,265,1038,528,401,1042,220,929,33,554,628,566,1081
451,454,264,266,397,15,913,274,82,282,29,30,286,33,492,496,49,433
256,385,384,464,465,466,467,285,482,620,237,241,242
1033,1034,713,849,1046,855,283,796,797,1062,1064,434,1074,571,191
640,1027,516,517,637,331,724,153,483,739,741,299,236,177,50,311,250,636,381
576,577,578,579,580,581,3,274,403,23,282,674,554,174,306,438,441
453,454,455,456,782,783,784,785,786,917,219,424,499,376,377,252,253
453,454,455,456,782,783,784,785,786,917,219,424,499,376,377,252
453,454,455,456,782,783,784,785,786,917,219,424,425,499,376,377,252,318
453,454,455,456,782,783,784,785,786,219,424,425,499,376,377,252,318
193,7,848,796,1053,221,739,867,613,740,741,364,685,750,755,950,568,61,62
514,392,393,137,138,140,141,460,146,301,302,1075,635,638,639
261,262,142,270,917,726,213,155,860,552,424,106,689,628,117,126,318
963,964,83,86,87,88,89,1050,97,98,99,100,101,810,366,304
1033,1034,906,1046,153,154,283,292,1001,759,434,1074,371,373,950,374,440,381
386,643,848,914,725,924,925,867,739,740,741,613,750,881,754,755
576,577,578,579,580,581,391,15,400,22,481,802,674,554,243,244,122,188,383
768,769,770,453,774,766,918,215,219,868,869,425,426,378,499,186,252,254,767
833,450,388,5,518,519,333,220,1054,288,291,486,1015,437,503,1023
256,390,135,206,143,529,530,984,985,224,163,420,356,237,111,116,829
71,72,74,90,411,412,92,157,159,160,287,614,42,46,52,59,447
641,515,516,140,335,301,626,1075,632,633,634,635,638,639
256,384,464,465,466,467,468,276,285,482,749,237,241,242,116
391,712,526,400,402,22,95,96,928,678,682,367
9,10,202,14,413,545,229,38,231,104,485,230,997,1013,1014
1029,791,220,669,670,671,672,552,1003,621,880,1009,496,627,628,113,1015,121,444,573
1033,977,220,311,669,670,672,671,552,1003,621,880,1009,496,627,628,113,1015,121,444
388,5,645,288,929,486,487,430,369,1014,503,504,1023
2,4,11,13,17,81,273,341,24,25,91,93,484,485,171,172,813,439
716,717,462,591,147,920,1051,476,349,683,879,560,687,175,563,759,1020
712,526,400,402,95,96,928,678,682,367,244
388,645,712,1037,17,25,474,929,484,487,1066,1003,430,1009,369,503,504
388,645,712,11,1037,975,17,25,474,929,484,486,1066,1003,430,369,1009,503
1089,1090,452,974,1042,408,409,987,928,802,995,551,431,180,181,759,1022
1033,1034,1035,203,849,1046,855,865,1001,1003,1069,1074,434,950,951
193,389,848,468,148,149,150,352,740,741,748,749,750,751,241,755
384,256,389,390,464,465,466,467,276,468,482,749,237,241,242,116
324,457,395,204,334,209,275,164,165,166,296,168,169,622,303,946,1082
457,204,334,209,275,36,165,166,295,167,168,303,944,625,947,1082
324,204,334,399,275,539,162,36,421,166,295,998,165,303,947,309,1082
324,457,395,204,334,209,275,343,539,166,167,296,622,303,943,624,625,944
324,457,395,204,334,209,275,405,539,166,167,303,828
324,457,395,204,209,275,343,539,167,296,169,233,303
193,203,205,145,148,149,150,155,352,33,106,107,747,748,749,751,752,564
256,384,389,465,466,467,468,276,284,285,482,749,237,750,241,242,116
389,468,149,148,150,862,352,740,741,747,749,750,751,752,189,191
256,384,464,465,467,468,285,482,620,237,241,242,118
90,411,412,92,157,159,287,614,743,42,46,307,52,447
515,138,460,141,140,335,21,301,302,1075,632,633,635,638,639
513,716,591,912,593,723,725,665,922,924,925,350,351,546,550,879,753,313
707,455,456,956,1042,726,481,226,290,360,361,234,243,502,122,123,316,317
1088,705,706,707,68,69,708,64,1042,31,37,743,173,51,245,312,60,703
71,72,73,74,158,159,160,46,688,307,52,308,59
963,271,272,83,84,86,87,88,89,97,98,99,100,101,939
963,271,272,83,84,85,86,87,88,89,97,98,99,100,101
963,964,83,84,85,86,87,88,89,97,98,99,100,101,939
0,1,2,4,8,10,13,341,24,25,26,91,93,54
193,389,848,914,148,150,417,739,740,741,748,749,750,751,755,567
193,389,848,914,148,150,352,739,740,741,867,1069,750,749,751,755
193,389,848,914,148,150,739,740,741,1064,748,749,750,751,755,758
576,577,578,579,580,581,648,528,929,674,554
576,577,578,579,580,581,648,528,23,792,793,929,674,554
322,327,847,211,277,344,345,347,223,225,227,228,40,233,493,494,178,315,1085
576,577,578,579,580,581,528,792,793,929,674,554,1003,1009
576,577,578,579,580,581,648,23,732,929,674,554,506,508
844,846,791,792,793,732,926,880,629,630,573,574
844,846,910,791,792,793,732,926,880,629,630,573,574
582,907,908,844,909,792,793,28,926,1071,880,496,305,1078,121,1022
90,411,412,157,92,287,160,611,614,743,42,46,52,447
907,908,844,909,339,792,1048,28,993,97,98,1000,1071,880,304,629,1078,1022
206,848,16,150,151,472,153,863,738,867,739,292,236,1069,368,754,1013
576,579,580,581,978,979,980,23,929,674,554,505,506,508,511
576,577,960,581,510,653,846,654,528,978,980,597,992,929,505,507,509,574,511
576,577,578,960,580,581,653,846,654,528,978,980,992,929,554,505,507,509,510,511
576,579,580,581,528,978,979,980,23,732,733,929,554,505,506,508
833,449,450,518,519,333,1054,288,289,291,437,1081
960,844,978,979,980,926,607,736,929,992,1000,554,619,627,507,509,510,511
577,580,844,980,926,607,736,929,992,995,807,808,554,1011,1016,507,509,510,511
579,844,980,607,736,929,994,992,995,807,808,619,431,1015,507,509,510,511
579,580,581,528,978,979,980,23,929,674,554,505,506,508,511
256,385,384,464,465,466,467,276,209,285,482,237,749,241,242
512,899,649,589,1041,657,1043,916,728,731,553,687,575
320,321,322,325,326,327,521,144,40,875,876,877,319
0,1,8,9,10,11,17,273,484,485,489,171,110,115
902,711,721,722,863,673,1060,742,1064,684,887,888,949,758,886,760,761,831
576,577,578,579,580,581,23,926,992,929,674,616,554,630
711,150,471,854,473,154,602,603,604,476,153,478,292,742,368,959
576,577,578,579,580,581,388,648,528,929,674,554,430,503
711,854,471,153,154,473,602,603,604,476,478,292,742,368,959
711,854,153,154,602,603,604,477,478,476,292,742,368,959
576,577,578,579,580,581,388,648,528,929,674,554,430,503
576,577,578,579,580,581,648,528,401,596,23,929,674,554
389,711,119,989,478,673,1060,1061,742,567,684,242,886,887,118,699,189,190,831
323,389,711,468,119,989,478,864,673,1060,1061,742,684,242,886,118,699,189,190,831
711,717,959,476,734,478,864,673,742,759,684,760,368,692,886,567,568,758,831
388,645,518,1037,402,1052,288,545,676,677,1066,1003,1067,1068,430,1009,1013,503
457,275,213,277,1045,344,278,345,347,539,225,228,167,233,108,109,303,178,315
844,846,791,792,793,732,926,607,880,629,630,631,573,574
844,846,911,791,792,793,732,926,607,619,880,629,630,631,573,574
449,450,833,518,519,333,1054,288,289,291,437,1081,1023
574,844,846,791,792,793,732,926,619,880,629,630,631,573,446
844,846,791,792,793,732,926,414,938,880,629,630,631,573,574
844,846,791,792,793,732,926,619,880,629,630,631,573,574
844,846,911,791,792,793,732,926,607,880,629,630,631,573,574
704,844,846,791,792,793,732,926,414,938,880,629,630,631,573,574
260,966,582,967,586,588,661,662,536,537,609,355,358,935,936,937,874,246,1017,1018
968,973,974,271,84,408,409,540,100,934,551,365,238
960,961,653,654,541,926,542,544,992,994,736,993,543,991,1000
960,961,653,654,541,542,543,544,992,994,736,993,991,1000,619,1017
847,344,345,346,347,348,223,228,40,233,108,494,178,1079
960,961,582,586,653,654,732,541,542,991,992,993,994,1000,937,1017
387,718,274,403,469,153,282,284,156,735,490,748,49,754,306,373,374,438,441
588,661,662,792,793,736,609,1058,418,419,1059,874,880,1017,1018
193,259,324,457,395,204,720,209,275,405,343,735,930,165,679,296,236,685,303,754
1025,196,903,904,520,208,529,530,531,598,599,29,350,416,33,867,1060,1063,239,700
129,577,578,579,648,529,530,598,599,925,928,929,802,803,427,370,371,1014,700
446,459,844,846,791,792,793,732,926,415,880,629,630,631,573,574
843,683,556,557,558,559,878,561,562,563,560
835,713,1036,207,912,913,595,723,1057,866,239,879,881,753,762,763,572,831
843,610,612,683,556,557,558,878,559,561,562,563
843,683,556,557,558,559,560,561,562,563,878
843,683,556,557,558,559,878,561,562,563,560,890
843,612,683,556,557,558,878,559,561,562,563,560
512,841,589,719,1041,1043,915,728,675,553,687,882,697,575
843,683,556,557,558,559,560,561,562,563,878
843,683,556,557,558,559,878,561,562,563,560,890
843,612,683,556,557,558,878,559,561,562,563,560
193,259,457,204,720,209,275,343,735,930,165,679,296,236,685,303,754
834,843,610,611,612,680,683,556,557,558,559,941,687,562,563,561
836,843,663,667,611,612,683,556,557,558,559,878,561,562,563
192,709,590,591,592,593,594,595,725,664,665,866,546,548,550,941,879,763
590,591,592,593,600,664,922,923,665,546,548,549,550,940,941,693,953,955
192,513,709,590,592,593,594,595,725,664,665,924,351,866,546,548,550,879,762,764
513,590,591,593,595,725,982,664,665,922,924,925,737,546,547,548,549,550
590,592,401,596,597,598,599,600,665,601,924,925,546,547,548,549,550,564
832,596,598,599,665,924,925,350,737,546,547,548,549,550,564,570
832,401,596,598,599,600,601,924,925,350,546,547,548,549,550,564
896,590,591,592,593,600,922,923,925,546,547,548,549,550,940,941,687
324,457,395,204,720,209,275,404,405,930,166,167,296,685,303,947,828
1033,1034,1035,404,405,1046,1001,1003,1004,1005,1006,1007,1008,1068,434,1011,1010,950,374,828
588,535,536,537,538,727,609,935,936,937,938,619,880
966,588,535,536,537,538,727,609,935,936,937,938,880
966,588,535,536,537,538,727,609,935,936,937,938,880
966,727,535,536,537,538,609,935,936,937,938,627,629
590,591,592,983,600,601,922,923,548,940,941,693,953,954,955
512,836,589,1041,1043,663,666,667,612,553,687,575
513,652,593,596,664,665,924,925,546,547,548,549,550,570,955
256,384,389,464,465,466,467,468,276,620,237,749,1069,241,242,116,568,190
198,1033,1034,715,855,865,738,806,1063,1069,750,1074,758,951,190,191
709,594,595,723,982,664,665,351,866,879,753,762,763,764
709,594,595,723,982,664,665,351,866,37,879,753,313,762,763,764
709,593,594,595,723,982,664,665,351,866,879,753,313,762,763,764
704,709,594,595,723,982,664,665,351,866,879,753,313,762,763,764
709,593,594,595,723,982,664,665,351,866,879,753,762,763,764
641,515,516,140,335,626,1075,632,633,634,635,638,639
641,515,516,140,460,335,626,1075,632,633,634,635,638,639
516,139,140,460,141,335,57,300,301,302,626,1075,632,633,635,638,639
129,194,195,201,844,401,339,596,1048,926,606,865,546,548,1003,305,630,570
642,199,200,204,973,534,867,934,169,620,622,238,241,946,947,625,373,374,1082
640,385,193,1027,331,465,147,467,403,724,153,311,483,739,236,50,381,951,636,637
644,966,586,588,910,911,661,736,994,932,933,938,627,1017,1018
590,591,592,593,600,601,922,923,665,664,546,548,549,550,940,941,953,955
835,650,716,652,912,594,595,596,725,982,597,665,924,351,737,879,761,764,831
1033,1034,1046,855,865,738,740,806,1063,1003,1069,750,1009,434,1074,755,950,951,190
835,650,716,1036,717,913,914,797,286,864,1057,759,887,692,949,758,567,886,831
832,323,650,716,717,914,594,595,596,597,599,598,864,759,887,758,567,761,831
650,716,717,914,594,595,596,597,599,598,864,759,887,758,567,760,761,831
323,650,716,717,914,594,595,596,597,599,598,864,759,887,758,567,761,831
192,709,590,592,593,594,595,725,664,665,924,925,351,866,546,548,550,879,762,763
192,709,593,594,595,596,725,982,597,664,665,351,866,879,313,762,763
320,321,322,326,327,521,522,76,77,144,875,876,877,319
192,709,593,594,595,596,725,982,597,664,665,351,866,879,313,762,763
446,212,918,222,868,869,870,871,872,873,425,247,378,1085,318,445
832,401,596,597,598,599,23,925,350,737,546,549,564,759
832,401,596,597,598,599,23,925,350,737,546,548,549,564,759
203,205,145,22,155,481,106,107,433,243,436,502,122,123
71,72,90,411,92,412,157,287,160,611,614,42,46,307,52,308,447
832,401,595,596,597,598,599,23,929,546,737,548,549,759
832,648,912,401,595,596,597,598,599,23,929,546,737,548,549,759
128,11,463,273,17,19,342,24,25,283,484,485,489,171,115,371,1013,439
843,683,556,557,558,878,559,561,562,563,560
512,836,589,1041,1043,663,667,675,612,553,687,885,575
650,1036,717,716,914,1051,863,759,692,949,758,887,760,761,1021,831
832,1036,912,210,723,595,725,982,351,313,879,753,761,763,764
832,1036,912,210,723,595,725,982,351,879,753,761,313,764,831
832,1036,912,210,595,723,725,982,351,866,879,753,313,762,763,764,62
832,643,652,1036,912,595,723,725,982,351,866,879,239,753,313,58,764,62
647,719,657,658,915,916,663,728,666,667,731,675,686,693,697
900,647,649,714,971,651,657,658,915,916,1041,728,667,731,675,697
647,649,719,657,915,916,663,728,666,667,731,675,686,693,694,697,698
646,649,714,719,657,658,915,916,728,667,988,731,691,694
899,649,714,719,657,658,915,916,1041,728,666,731,667,675,690,691
897,71,520,79,659,729,159,287,743,52,182,183,700,63,447
646,647,714,719,657,658,915,916,728,667,988,731,675,697
643,195,197,710,196,70,201,206,208,608,739,368,53,1013,58,380,381,62
582,966,586,587,588,844,846,661,662,791,793,609,418,874,880,497,629,249,574
576,577,578,580,581,134,585,330,459,80,414,415,615,616,554,247,445,446
960,961,653,654,793,541,926,542,992,993,994,736,991,1000,938,1017
960,961,653,654,541,926,542,992,993,994,736,543,991,1000,1017
837,717,914,855,730,989,1060,1061,1063,1064,809,942,886,758,568,831
657,915,916,663,728,983,667,988,731,675,680,686,693,694,695,696
834,714,719,657,915,916,663,728,667,731,610,675,680,686,693,697
840,1083,714,719,657,915,916,663,728,666,667,731,675,680,686,697,891
651,971,657,915,916,660,920,667,668,746,683,878,558,560,561,698
1026,651,971,657,915,660,916,920,666,667,668,999,744,746,560,690,691,698
651,657,915,916,660,920,667,668,675,746,683,556,558,878,560,698
66,451,259,263,264,7,266,15,274,282,27,29,286,735,608,30,164,61
576,577,578,131,205,145,30,286,674,617,618,106,45,433,436,120
14,216,794,413,545,229,230,231,997,38,104,815,816,1014,825,827
14,216,794,413,545,229,230,231,997,38,104,815,816,819,1014,825
14,216,794,413,29,545,229,230,231,997,38,815,816,1014,825
711,650,716,914,863,1064,692,949,758,887,760,761,831
714,843,719,657,915,916,920,731,667,805,744,561,690,691,885,698
520,714,1034,719,657,915,916,920,728,731,988,805,744,690,691,694,1083
132,134,585,330,459,80,790,414,415,615,616,247,445,446
641,515,516,140,460,335,626,1075,632,633,634,635,638,639
582,584,588,910,926,606,607,929,992,994,355,933,937,938,619,1012
582,584,586,588,606,607,992,929,994,355,933,937,938,619,1012,629,1018
833,449,450,519,265,333,401,220,1054,289,291,437
577,578,579,580,581,388,645,648,528,401,596,598,607,929,486,1003,619,302,1009
18,20,413,545,676,997,677,229,230,231,38,235,814,815,816,819,822,1014,824,825
906,458,22,153,602,603,604,27,29,30,286,292,742,1064,368,434,950,440,379,124
896,512,899,836,841,589,663,667,612,1065,693,885,1020,894,895
899,836,841,777,1043,915,916,920,1065,683,557,560,563,698,1020,894,895
776,845,917,918,984,281,860,222,870,811,812,314,1084,1085
320,321,325,326,327,521,522,523,524,525,144,875,876,877,319
320,321,325,326,327,521,523,524,525,77,144,875,876,877,319
320,321,322,325,326,327,521,523,524,76,77,525,144,875,876,877,319
835,713,1036,1039,1040,207,914,912,913,723,1057,239,879,881,753,764,572,831
714,719,657,915,916,728,731,675,680,686,693,694,695,696
714,651,657,915,916,660,920,728,666,731,668,675,746,683,557,560,563,698,1020
1025,902,903,711,721,722,730,1060,1064,949,54,887,888,761,831
719,657,915,916,728,667,731,675,680,686,693,694,695,696,697
1091,585,330,459,80,790,414,415,615,616,247,444,445,446
257,76,79,659,279,729,159,287,743,46,495,240,306,52,182,183,569,700,63,447
641,515,516,140,335,301,626,1075,632,633,634,635,638,639
641,515,516,140,335,301,302,626,1075,632,633,634,635,638,639
388,645,5,975,288,929,486,487,430,369,503,504,1023
647,714,719,657,658,915,916,728,666,667,731,675,693,697,1083
646,714,651,719,657,915,916,663,728,667,988,668,675,694,697,698,1083
650,1036,717,914,1051,863,568,759,887,692,949,758,567,760,761,1021,831
836,647,714,719,657,658,915,916,663,728,666,667,731,675,693,694,697
832,652,912,598,599,925,350,737,547,548,549,564
527,676,677,814,815,816,817,818,819,820,821,823,824,825,826
582,966,586,587,588,846,662,793,732,926,609,880,629,573,574
1033,1034,1035,468,855,153,154,283,797,865,292,742,364,1069,368,1074,565,950,118,568
650,1036,717,716,914,1051,863,759,887,692,949,758,567,760,761,1021,831
468,471,472,473,602,604,864,292,742,1069,565,757,568,124
468,471,472,473,602,604,864,292,742,1069,565,568,124,253
468,471,472,153,473,603,604,157,292,742,1069,565,757,568,124
212,918,222,868,869,870,871,872,873,425,378,314,1085,318
717,468,153,154,603,604,797,796,734,864,292,742,1069,565,759,568
323,650,1036,717,797,734,863,864,742,568,759,692,886,887,760,761,54,831
468,341,471,26,604,477,478,864,292,742,492,1069,368,565,54,568,62
1024,324,457,395,204,1038,209,275,405,343,539,92,167,42,303,124,308,310,120,569,828
320,321,325,326,327,521,523,524,525,77,76,144,875,876,877,319
836,714,657,915,916,663,728,666,667,731,675,680,686,693,694,697
650,716,717,656,849,914,734,863,759,760,692,758,887,886,761,699,831
704,705,706,707,708,70,80,337,37,429,444,701,702,703
834,900,839,840,983,1051,882,1076,885,1077,889,890,891,1021
1027,70,331,78,849,22,150,154,221,37,806,1070,368,758,311,379,380,381,62
704,705,706,707,708,70,80,337,37,429,701,702,703
704,705,706,707,708,573,70,80,337,37,429,1006,701,702,703
956,272,917,726,29,226,290,230,360,361,234,873,233,1013,62,1081,316,318
641,515,516,140,335,301,626,1075,632,633,634,635,638,639
641,515,516,140,335,301,302,626,1075,632,633,634,635,638,639
1025,902,903,721,722,730,989,673,1060,684,888,949,54,887,760,886,831
1033,1034,1035,849,855,862,735,865,490,1074,434,950,951,374,381
1033,1034,1035,404,855,862,735,865,490,1074,434,950,951,374,381
130,1029,1030,1031,1032,585,458,330,1033,969,976,851,998,1001,1003,432,1009,370,309,444
646,714,719,657,658,915,916,920,728,667,988,731,675,694
647,649,714,719,657,915,916,663,920,728,666,667,731,675,686,693,697,698
897,898,901,838,842,714,657,915,916,731,805,744,752,690,691,884
897,898,901,838,842,714,657,915,916,920,805,744,690,691,884,703
897,898,901,838,842,714,657,915,916,920,805,744,690,691,884,703
843,920,683,556,557,878,558,560,561,562,563,559
388,645,5,929,486,487,1066,430,369,1009,503,504,1023
194,195,643,837,197,914,154,989,739,741,742,1061,1063,809,942,949,886,567,758,54,831
641,515,516,140,335,301,302,626,1075,632,633,634,635,638,639
265,329,27,220,669,670,671,672,621,496,113,435,628,121
265,329,401,27,220,669,670,671,672,621,496,113,435,121
265,329,401,27,220,669,670,671,672,621,496,113,49,435,121
265,329,401,27,220,669,670,671,672,621,496,113,435,121,570
265,329,401,27,220,669,670,671,672,621,496,113,435,121,570
963,965,271,272,83,84,85,86,87,88,89,1050,97,99,100,101,939,255
641,515,516,140,335,301,626,1075,632,633,634,635,638,639
640,641,515,516,140,335,301,626,1075,632,633,635,636,637,638,639
899,900,649,714,651,970,719,657,1041,915,916,728,666,731,667,697
963,84,85,88,89,409,99,100,101,551,232,939,366
193,711,914,148,150,284,352,740,741,1064,747,748,749,750,751,755,758,886,831
582,586,587,588,844,846,791,793,732,926,938,880,629,574
676,677,814,815,816,817,819,820,821,823,824,825
676,677,814,815,816,817,819,820,821,823,824,825
968,907,908,973,909,974,401,1022,934,810,1071,117,121,570,126
322,772,782,783,784,785,786,787,788,789,344,347,799,800
834,839,591,592,1021,983,600,882,1076,693,885,1077,889,890,891,892,893
834,839,840,1021,983,610,680,882,1076,1077,885,889,890,891,892,893
770,771,772,773,774,845,781,344,217,218,860,861,1072,375,765,766,767
900,839,840,843,1021,988,559,882,562,1076,1077,885,889,890,892,893
193,642,720,343,930,679,296,685,622,943,173,625,945,946,947,948,1082
193,642,720,343,930,679,296,492,685,622,943,173,625,945,947,946,948,566
834,839,840,1021,983,611,882,1076,885,1077,889,890,891,892,893
193,642,720,343,930,679,296,685,622,943,173,625,945,947,946,948
900,839,840,714,1021,658,915,1051,882,1076,1077,885,889,890,892,893
899,900,839,840,649,1021,657,728,731,882,1076,1077,885,889,890,893
899,900,839,840,649,893,657,1041,728,731,882,1076,1077,885,890,892,1021
586,844,846,791,792,793,732,926,994,938,880,629,574
837,914,730,989,673,1060,1061,1063,1064,809,942,886,54,568
586,844,846,791,792,793,732,926,880,629,630,631,573,574
576,577,578,131,580,581,70,585,674,931,615,616,617,618,554,45,628,1081
782,783,784,785,786,787,788,789,799,800,801
322,772,782,783,784,785,786,787,788,789,344,347,799,800
782,783,784,785,786,787,788,789,799,800,801
782,783,784,785,786,787,788,789,799,800,801
771,772,773,774,845,781,344,217,218,345,860,861,422,40,1072,375,765,766
1025,902,903,721,722,914,730,863,864,673,1060,684,54,887,888,886,831
714,651,719,657,915,916,920,667,668,805,744,560,690,691,697,698
768,769,770,771,772,773,774,845,217,218,860,861,422,425,1072,375,767
768,769,770,771,772,773,774,845,781,217,218,860,861,422,1072,375,767
768,769,770,771,772,773,774,845,344,217,218,345,860,861,422,1072,375,767
768,769,770,771,772,773,774,781,217,218,422,1072,375,767
382,68,391,331,78,830,147,927,35,555,1070,177,50,51,372,311,57,958
194,195,197,1033,1034,1035,848,981,855,865,739,1074,951
768,769,771,772,773,774,845,781,217,218,860,861,422,425,1072,375,767
768,769,770,771,772,773,774,845,781,217,218,860,861,422,1072,375,767
771,772,773,774,845,781,344,217,218,345,860,861,347,422,40,1072,375
576,577,578,579,580,581,520,1083,528,656,23,733,926,605,1056,929,554,627,507,699,957
1033,1034,981,855,862,865,806,489,237,813,751,1074,951,190
896,899,836,840,841,719,915,675,1065,693,697,891,1020,894,895
837,650,717,849,914,796,864,1060,1063,1064,809,568,759,887,242,692,758,567,886,831
834,839,840,719,1021,983,882,1076,885,1077,889,890,891,892,893
649,651,971,657,660,916,920,728,667,668,746,683,558,878,560,698
782,783,784,785,786,787,788,789,799,223,801,800
782,783,784,785,786,787,788,789,799,800,801
650,716,717,656,849,914,734,863,759,692,949,758,887,760,761,699,831
322,327,782,783,784,785,786,787,788,789,344,347,799,800
650,716,656,914,863,1064,887,692,949,758,886,760,761,699,831
780,781,340,344,347,348,349,798,223,800,801,799,170,811,108,109,812,1079
394,780,781,340,344,347,348,349,798,223,800,801,799,170,811,108,109,812,1079
780,781,340,344,345,347,349,798,799,800,801,170,811,108,109,812,178
780,781,340,344,347,349,798,799,800,801,811,108,109,812,1079
780,781,785,340,344,347,348,349,798,799,800,801,811,108,109,812,1079
899,836,900,841,649,657,1041,915,916,731,1065,1020,894,895
780,781,340,344,345,346,347,798,799,800,801,108,109,812
896,899,836,456,841,714,777,778,915,916,1065,1020,894,895
832,323,652,595,725,598,599,925,350,737,547,549,879,564
834,589,590,591,592,1041,657,915,916,1043,912,723,351,610,680,553,941,687,753
148,149,150,151,472,153,797,352,292,742,747,748,1069,749,751,368,752,379,124,126
257,79,659,729,293,743,39,40,47,240,48,306,182,569,124,63
71,90,411,92,412,159,160,287,743,42,46,307,52,308,447
321,322,325,326,327,521,76,77,144,876,877,319
773,775,776,777,778,779,845,918,984,281,860,222,421,870,425,426,314
773,775,776,777,778,779,918,984,281,860,222,421,870,424,425,426,314
773,775,776,777,778,779,845,918,215,984,281,219,860,861,222,870,425,426
650,717,914,863,864,742,1064,759,887,692,761,886,567,760,54,699,831
772,775,776,777,779,918,984,281,861,222,870,40,426,314,251,1085
773,775,776,777,778,779,845,918,984,281,219,860,222,870,424,425,426
834,900,839,840,1021,983,1051,612,882,1076,1077,885,889,890,891,892,893
900,839,840,893,983,1051,882,1076,885,1077,889,890,891,892,1021
1025,835,837,650,1036,652,716,1039,1040,913,914,725,1057,673,1060,684,758,761,572
204,334,720,209,166,167,169,685,622,943,944,945,624,947,946,625,1082
900,839,840,1021,1051,988,559,882,562,1076,1077,885,889,890,892,893
900,839,1021,1043,983,1051,557,882,1076,1077,885,889,890,892,893
768,769,770,771,772,773,774,845,344,217,218,345,860,861,1072,375,765,767
330,334,399,720,343,162,930,36,166,295,679,296,998,685,309,248
899,836,900,841,649,657,1041,915,916,728,731,1065,1020,894,895
651,149,150,668,746,747,556,683,558,557,752,560,561,563,878,751
915,148,149,150,151,920,683,556,747,558,557,752,560,561,563,749,751,878
966,588,654,727,535,537,536,538,992,609,355,935,936,937,938,627
576,577,579,580,581,388,645,648,528,401,596,607,929,486,487,554,1003,619,1009
641,515,516,140,335,724,301,302,626,1075,632,633,634,635,638,639
324,457,395,204,209,275,404,405,215,218,163,167,296,303,688,569,252,376,185,828
896,836,841,590,591,592,912,723,596,597,351,675,313,1065,879,753,697,1020,894,895
897,898,901,838,842,1041,915,916,728,805,744,687,560,690,691,884,703
897,898,901,838,842,587,1041,915,916,728,731,805,744,560,690,691,884
832,323,652,912,595,596,597,598,599,925,350,351,546,564,570
843,920,683,556,557,558,559,560,561,562,563,878
514,517,392,393,137,460,141,146,301,302,1075,635,638,639
896,841,590,610,611,612,675,683,556,557,558,559,560,561,562,563,882,697
71,90,411,92,412,159,160,287,614,42,46,307,52,308,59,447
832,201,912,401,723,596,597,598,599,351,674,548,879,564,570
256,389,715,718,850,851,469,534,216,865,806,998,490,237,1074,501,951
896,832,323,590,591,592,531,532,533,922,923,350,549,687,831
704,387,68,69,70,267,331,718,337,852,283,608,484,37,51,371,249,380,381,702
382,1028,331,267,78,958,927,1070,943,50,372,311,56,830
641,515,516,140,335,301,626,1075,632,633,634,635,638,639
198,71,1044,534,1047,538,860,37,491,492,622,625,946,501,565,1082,574
324,457,395,204,334,209,275,405,539,166,167,303,828
643,714,719,657,915,916,920,731,667,805,744,1070,690,691,698
72,74,90,411,412,92,157,287,160,614,743,42,46,52,447
204,334,720,930,166,168,169,622,943,944,625,946,945,947,624,1082
204,334,720,930,166,168,169,622,943,944,625,946,945,947,624,1082
650,1036,717,914,796,734,863,864,742,568,887,949,758,567,760,54,761,831
1025,902,903,904,721,722,796,797,416,417,1064,886,888,571,831
272,670,995,613,230,807,808,1002,1003,431,1011,435,1015,1016
835,595,725,670,737,995,613,807,808,1002,431,1011,435,1015,1016
835,650,1036,656,849,914,913,734,863,692,949,758,887,760,886,761,699,831
776,212,918,984,281,345,344,860,861,222,349,870,1072,1073,314,1085
641,515,516,140,335,301,302,626,1075,883,632,633,634,635,638,639
963,6,83,84,85,86,87,88,89,1050,98,99,100,101,232,366,304
67,971,653,654,655,661,662,992,419,358,105,874,497,246,249,1017
11,17,81,273,25,480,484,485,171,172,813,110,115,439
193,403,148,149,150,151,284,352,165,38,747,748,749,751,752,755,373,374
512,771,776,394,589,1041,1043,726,290,226,361,234,233,426,553,170,687,499,956,575
512,776,394,845,1041,726,281,860,226,290,361,234,170,553,687,499,314,575
968,973,974,271,84,408,409,540,934,551,810,939,304,126,511
265,220,669,670,671,672,621,496,113,49,435,121,1081
1027,331,78,849,958,311,927,483,1070,50,372,951,381,830
256,3,390,14,143,274,403,276,469,282,284,94,748,237,174,241,116
582,586,588,653,846,654,793,605,926,607,736,992,932,933,619,880,627,1012,629
516,517,140,460,141,335,724,299,301,302,1075,635,638,639
582,520,586,588,844,846,653,910,791,605,926,607,993,994,933,619,880,627,574
468,150,471,472,473,153,602,604,158,864,292,742,1069,174,565,568
1025,902,903,721,722,914,730,863,673,1060,684,888,54,887,760,758,886,831
960,130,585,459,653,654,790,470,88,1049,541,992,162,421,247,442,445,446
676,677,814,815,816,817,818,819,820,821,823,824,825
677,814,815,816,817,818,819,820,821,823,824,825
64,66,259,963,583,511,87,152,88,357,236,443,60,61,127
64,66,259,963,965,583,511,152,88,236,60,61,127
64,66,259,583,653,654,152,88,357,294,236,173,127,312,443,60,511
130,132,585,459,653,654,399,470,790,88,1049,162,421,247,248,511
67,653,654,655,661,662,419,355,358,105,874,246,249,1018
64,66,259,963,583,511,336,87,152,88,236,173,60,61,127
832,513,652,591,598,599,922,924,925,350,737,547,549,564
714,657,915,916,663,920,728,983,731,988,680,686,693,694,695,696,698
714,719,657,915,916,663,920,728,731,680,686,693,694,695,696
130,132,585,399,470,790,1049,162,421,166,295,309,248,442
130,132,459,399,470,790,1049,162,421,166,295,309,248,442
130,132,653,654,399,470,790,88,1049,541,162,421,235,248,442,511
64,963,583,653,654,336,152,88,541,357,294,236,173,127,948,443,60,511
200,715,718,850,851,469,534,1046,216,221,739,998,1001,1003,1009,434,501,374
200,1033,203,718,851,469,1046,23,216,284,221,613,1002,107,749,373,374,1015,1016
1025,903,904,711,722,416,417,673,1060,1064,684,886,888,831
1025,903,904,711,722,416,417,673,1060,1064,684,886,888
68,520,331,78,830,337,849,657,403,927,1056,37,1070,51,311,380,381,958
704,705,707,68,708,70,131,715,337,1051,28,926,862,37,429,496,497,630,379,380,702,703
704,707,68,708,70,715,271,337,792,793,987,1051,414,37,938,429,818,380,701,702,703
704,705,706,707,708,70,267,715,337,37,429,702,703
704,705,706,707,708,70,715,267,337,37,429,701,702,703
576,577,580,583,328,910,528,336,1055,929,674,803,804,33,554,173,948,566,312
576,577,581,583,328,910,528,336,1055,929,674,803,804,33,554,173,948,566,312
704,705,707,708,68,70,267,715,337,37,429,49,701,702,703
704,705,706,707,708,68,70,387,574,337,981,37,429,880,629,701,702,703
387,715,718,850,851,403,469,534,855,216,735,998,50,373,374,501,57,958
193,195,7,391,15,22,27,29,30,286,352,481,802,367,243,122,123,188,382,383
387,266,848,403,469,534,855,735,865,739,806,1001,490,750,501,951
966,582,967,905,587,588,535,536,793,538,475,926,609,1058,937,938,874,1017
643,387,393,202,9,11,463,273,81,19,274,342,282,283,480,484,485,110,439
388,5,518,202,220,288,486,487,430,369,1013,1014,503,504
1033,1034,1035,849,1046,855,154,1053,1001,364,1004,1005,1006,1007,1008,434,1010,950,951
714,651,719,657,915,916,660,920,728,731,668,746,683,560,690,691,694,698
833,450,449,518,519,332,333,220,1054,289,291,437,121
1036,652,590,591,592,593,725,664,665,922,923,924,737,546,547,548,550
576,65,577,578,580,581,585,401,596,597,598,599,23,103,616,49,564,570,510,511
1091,132,391,458,715,718,850,851,469,853,534,216,998,814,819,820,821,824,444
11,81,17,273,24,25,480,484,171,172,813,110,115,439
1033,1034,1035,849,855,311,735,865,490,1074,434,950,951
1033,1034,1035,718,850,853,1046,855,735,1003,1009,1074,434,950,951
833,450,449,519,332,333,220,1054,289,121,291,437,1081
676,677,814,815,816,817,818,819,820,821,823,824,825,826
527,677,814,815,816,817,818,819,820,821,823,824,825
676,677,814,815,816,817,818,819,820,821,823,824,825
588,653,661,662,792,793,736,1058,418,1059,419,874,880,1017,1018
677,814,815,816,817,818,819,820,821,822,823,824,825,826
677,814,815,817,818,819,820,821,823,824,825,826
676,677,814,815,816,817,818,819,820,821,823,824,825,826
676,677,814,815,816,817,819,820,821,822,824,825,826,827
676,677,814,815,816,817,819,820,821,822,824,825,826,827
646,649,714,719,657,658,915,916,728,666,667,988,731,675,999,697
676,677,814,815,816,817,819,820,821,822,824,825,826,827
899,649,714,651,970,719,657,1041,915,916,728,666,731,675,697,698
676,677,814,815,816,817,819,820,821,822,823,824,825,826,827
676,677,814,815,816,817,819,820,821,822,824,825,826,827
676,677,814,815,816,817,819,820,821,822,824,825,826,827
646,649,714,971,651,719,657,915,916,920,728,666,667,731,693,697
448,388,645,5,474,929,486,487,1066,430,369,503,504,1023
1025,837,711,914,722,730,989,673,1060,1061,1064,684,886,758,54,831
1025,837,914,722,730,989,673,1060,1061,1064,684,942,886,758
582,584,586,588,653,846,654,606,607,938,619,627,1012,629,574
1026,843,660,683,556,557,558,559,878,561,562,563
1025,903,904,796,797,416,417,1060,1062,1064,54,571,831
1029,1030,1031,1032,969,977,857,858,987,859,990,1080,1087
1029,1030,1031,1032,969,977,857,858,987,859,990,1080,1087
1025,902,711,903,462,914,722,854,730,1051,476,416,673,417,742,684,888,886,758,760,831
388,5,518,645,710,288,929,486,487,430,369,1009,503,504
388,5,645,518,288,929,486,487,1003,430,369,1009,503,504
582,586,588,535,536,727,538,537,609,355,933,935,936,937,938
588,535,536,793,538,727,537,926,609,994,355,935,936,937,938,629
1033,458,1034,1035,855,997,1001,1002,1003,1004,1005,1008,1009,432,1011,951,1074,1015,1016
535,536,537,538,727,475,609,935,936,937,938,874,1017
1029,1030,1031,1032,975,976,977,857,858,987,859,990,1080,1087
133,1042,794,795,36,814,817,818,819,820,309,821,823,824
133,1042,794,795,1052,36,295,1067,815,816,822,825,826,827
1030,1031,1032,969,976,977,18,1021,20,987,990,608,104,1080,125
1025,837,711,914,730,989,673,1060,1061,809,684,942,886,758,831
588,910,654,535,536,727,538,537,609,935,936,937,938,1017,573
837,711,914,730,989,673,1060,1061,1064,809,684,886,758,831
260,966,967,582,905,654,399,1044,538,475,993,609,931,358,1000,937,938,363,112,246
646,649,714,719,657,658,915,916,728,666,667,988,731,693,694,697
713,207,848,914,796,797,739,740,741,742,1062,1064,750,881,755,758,571,831
900,839,1021,983,1051,988,882,1076,885,1077,889,890,892,893
1091,132,330,718,399,850,851,853,162,421,998,814,820,821,309,248,444
834,900,839,893,1041,1051,882,1076,885,1077,889,890,892,1021
258,644,910,911,336,606,607,543,932,933,935,937,619,627,1012,61
644,584,910,911,605,926,606,607,932,933,1000,619,627,1012,248
1091,850,851,853,855,921,986,998,814,432,816,817,819,820,821,822,825
644,582,967,966,586,587,588,846,793,732,926,418,880,629,1017,574
257,73,75,279,120,287,41,43,46,47,688,689,124,307,52,182,55,310,700
579,580,581,648,329,269,1038,528,733,929,674,932,616,554,174,1081,507
576,580,581,978,979,980,23,929,674,1003,1009,629,505,506,508,511
576,579,581,978,979,980,23,88,992,929,674,629,505,506,508,511
968,973,974,84,85,408,409,540,99,101,934,551,304
642,330,715,718,850,851,469,534,855,216,221,998,491,492,622,944,501,951
643,837,711,730,989,1060,1061,742,1063,809,942,886,54,568,380
768,705,769,773,906,150,472,153,602,154,604,864,292,742,297,368,48,434,440,379
590,591,592,593,600,601,922,923,665,664,546,548,550,940,941,953,955
204,334,163,166,168,169,622,943,944,625,946,945,947,624,1082
204,334,720,930,166,168,169,622,943,944,625,946,945,947,624,1082
204,334,930,166,168,169,492,622,943,944,625,946,945,947,624,1082
896,899,836,841,657,1043,915,675,1065,941,560,698,953,954,1020,894,895
204,334,166,169,492,622,943,944,625,946,945,947,624,1082
446,459,844,846,791,792,793,732,926,880,629,630,631,573,574
960,961,653,654,541,926,991,544,992,994,736,542,543,993,1000
960,961,653,654,541,542,991,544,993,994,543,992,1000,936,880
960,961,964,582,653,654,541,542,543,544,992,994,993,991,1000,937
644,584,653,910,846,911,654,732,606,993,994,932,933,935,1000,627,629,61
966,967,582,905,586,588,654,661,662,475,609,993,355,358,1000,937
966,967,582,905,654,535,536,538,475,736,609,993,418,1000,937,938,1017
204,334,166,168,169,492,622,943,944,625,946,947,945,624,1082
896,590,591,592,593,600,665,922,923,546,547,548,549,550,940,941,687,955
968,973,974,271,84,85,408,409,540,100,101,934,551,304
128,129,972,398,14,94,547,548,549,935,681,427,370,371,564,1019
1001,1002,1003,1004,1005,1006,1007,1008,1009,1010,1011,1068,431,1015,1016
1001,1002,1003,1004,1005,1006,1007,1008,1009,1010,1011,1068,431,1015,1016
1001,1002,1003,1004,1005,1006,1007,1008,1009,1010,1011,1068,431,1015,1016
995,1001,1002,1003,1004,1005,1006,1007,1008,1009,1010,1011,1068,431,1015,1016
37,1002,1003,1004,1005,1006,1007,1008,1009,1010,1011,619,1068,431,1015
995,1001,1002,1003,1004,1005,1006,1007,1008,1009,1010,1011,1068,431,1015
995,1001,1002,1003,1004,1005,1006,1007,1008,1009,1010,1011,1068,431,1015,1016
272,1002,1003,1004,1005,1006,1007,1008,1009,1010,1011,1068,431,1015,1016
272,1002,1003,1004,1005,1006,1007,1008,1009,1010,1011,1068,431,1015
995,1001,1002,1003,1004,1005,1006,1007,1008,1009,1010,1011,1068,431,1015
1001,1002,1003,1004,1005,1006,1007,1008,1009,1010,1011,431,1068,1015,1016
458,1001,1002,1003,1004,1005,1006,1007,1008,1009,1010,1011,1068,1015,1016
995,807,1001,1002,1003,1004,1005,1006,431,1008,1009,1010,1011,1007,1068,1015,1016
902,711,721,722,959,477,478,673,1060,742,684,887,888,949,886,758,760,831
838,1036,462,1051,889,863,560,882,1076,1077,885,949,760,761,890,1021
968,973,974,84,85,408,409,540,100,101,934,551,304
968,973,974,271,84,408,409,540,993,100,934,551,1000,304
891,840,1083,590,591,592,600,601,922,923,548,940,941,953,954,955
1029,1030,1031,1032,969,975,976,977,987,859,990,286,1080,1087
1029,1030,1031,1032,969,975,976,977,857,987,859,990,1080,1087
1029,1030,1031,1032,969,976,977,987,859,990,1080,1087
1029,1030,1031,1032,969,976,977,987,859,990,1080,1087
1029,1030,1031,1032,969,976,977,987,859,990,1080,1087
1029,1030,1031,1032,969,976,977,987,859,990,1080,1087
1029,1030,1031,1032,969,975,976,977,857,859,987,990,1080,1087
841,590,591,592,657,915,663,681,298,683,940,560,1076,1077,953,1019,1020
576,577,578,579,580,581,388,648,584,528,732,929,674,554,430,1012,503
583,328,648,528,336,1042,357,294,173,948,566,312,443,60,61
148,149,150,151,153,602,603,604,352,292,164,742,747,748,1069,749,751,368,752,379
966,967,661,662,732,736,609,1058,994,418,419,874,629,1017,1018
966,588,654,661,662,732,736,609,1058,419,418,874,1017,1018
650,1036,914,1051,797,863,864,568,435,949,758,567,760,761,886,1021,831
1028,68,331,78,337,338,958,927,37,299,44,300,1070,372,311,56,830
590,591,592,1043,600,601,922,923,548,940,941,557,560,953,954,955
900,590,591,592,657,1041,916,600,601,923,940,941,1077,953,954,955,893,575
960,961,653,654,541,926,991,736,993,994,992,933,1000,936,629,1017
960,961,653,654,541,542,926,736,993,994,992,991,1000,936,938,880,629,1017
960,961,844,653,654,792,793,541,991,992,993,994,1000,938,880,629,1017
960,961,844,653,654,541,926,542,992,993,994,736,543,607,991,1000
643,266,12,339,856,792,990,94,485,745,428,880,1074,500,693,187,574
643,266,12,339,856,792,990,94,485,745,428,686,1074,500,693,694,187
640,7,12,914,339,856,94,745,428,686,1074,500,693,694,187,636,637
640,898,901,12,914,339,856,94,745,428,1074,500,693,694,187,636,637
330,459,399,470,162,997,998,166,421,295,815,819,309,822,248,444
832,1036,1039,1040,913,912,351,1057,881,949,758,761,764,572
643,266,12,914,339,856,792,990,94,485,745,428,1074,500,693,694,187
382,1028,331,78,830,338,147,927,555,44,1070,372,311,958
1,2,4,8,9,10,13,341,24,26,91,474,93,1080
382,1028,331,267,78,830,338,147,927,37,1070,372,311,381,958
963,964,968,973,974,271,84,85,88,89,409,99,100,101,551,939,366
963,964,965,968,973,974,271,83,84,85,88,409,99,100,101,551,939,366
963,964,965,968,973,974,83,84,87,409,1050,99,100,101,551,939
965,968,271,83,84,85,86,87,88,89,1050,99,100,101,939,366,255
968,973,974,84,408,409,540,99,100,101,934,551,939,304
71,72,73,74,158,159,160,743,46,688,307,52,308,59
964,1001,1002,1068,1005,1006,1007,1008,1004,1010,1011,431,1016
835,837,650,1036,716,1039,1040,913,914,725,1056,1057,673,684,239,758,761,572
1030,7,330,977,18,216,857,794,795,987,94,990,735,359,114,306,499,309,757,373
198,910,1044,534,1047,473,538,682,491,492,622,625,946,501,565,1082,574
391,712,526,400,402,22,95,96,928,678,682,367
835,520,594,595,914,725,22,737,807,808,103,1002,1011,1015,1016,570,1083
391,712,526,400,402,95,96,928,678,682,367,243
391,712,526,15,400,402,22,95,96,928,678,682,367
1029,1030,1031,1032,969,975,976,977,987,859,990,1080
1029,1030,1031,1032,969,975,976,977,987,859,990,1080
1029,1030,1031,1032,969,975,976,977,987,859,990,1080
391,712,526,400,402,22,95,96,678,682,367,243,382
130,132,585,459,399,470,790,1049,162,421,166,615,309,248,442
1025,713,1036,716,207,912,913,725,982,351,1057,239,879,881,758,764,572,831
1029,1031,969,1037,975,977,474,859,1052,987,990,858,1067,1080,1087
1029,1030,969,1037,975,977,474,987,1052,858,990,1067,1080,1087
1029,1031,969,1037,975,977,474,859,1052,987,990,858,1067,1080
834,590,591,592,600,601,922,923,610,548,680,940,941,953,954,955
512,835,1036,589,575,1039,1040,913,914,1041,1043,1057,553,687,758,761,572,831
960,582,584,586,588,911,605,926,606,736,607,992,1000,619,627,1012
899,649,714,970,719,657,1041,915,916,728,666,731,988,675,697
960,961,653,654,541,926,542,992,993,994,736,543,991,1000,1017
577,582,907,908,844,909,792,28,672,1071,880,496,1074,629,1078,121,573,1022
577,582,907,908,844,909,1022,791,28,1071,880,496,629,62,121,573,574
512,899,900,649,589,1041,657,1043,916,915,728,553,687,575
590,591,592,600,601,922,923,548,940,941,953,954,955
590,591,592,600,601,922,923,889,548,940,941,953,954,955
67,260,586,653,654,655,661,992,355,419,358,105,497,246,249,1018
644,584,910,911,606,991,932,933,935,936,937,235,627,248,1017,61
3,899,1019,590,591,592,14,531,600,922,667,94,681,298,940,941,697,955,894
512,1036,589,575,1039,1040,913,1043,351,1057,553,687,881,758,764,572,831
960,961,653,654,910,793,541,542,543,544,993,994,992,991,1000,1017,573
645,202,404,735,1001,1002,1003,1004,1068,1005,1006,1007,1009,1008,1011,1010,1013,374,1015,1016,115
641,515,516,140,335,34,301,626,1075,632,633,634,635,638,639
582,584,586,588,653,846,732,606,607,544,993,1000,619,627,1012,629
644,582,967,586,588,661,662,736,1058,994,418,419,874,1017,1018
130,67,260,654,655,271,661,662,992,419,358,105,874,497,246,249,1017
1,2,4,8,9,10,13,341,24,25,26,91,93
265,401,220,669,670,671,672,621,496,113,435,121,570
193,849,726,855,279,1053,735,867,613,490,1003,364,1069,1074,950,951,374
1091,459,399,851,470,162,997,998,166,421,295,814,816,819,820,309,248,825,444
453,782,785,917,353,423,424,425,426,499,376,377,378,251,252,317,318
1091,132,330,459,718,850,851,853,469,534,216,921,414,415,421,998,444,445,446
509,259,583,328,511,336,1042,978,88,236,366,566,312,506,507,60,61,510,127
134,583,328,585,459,395,1042,414,415,929,1059,615,236,173,175,948,566,312,250,445,446
641,515,516,517,140,335,724,301,302,626,1075,632,634,635,638,639
391,712,526,15,402,22,95,928,96,802,481,367,243,244,502,122
577,578,579,580,581,391,15,22,928,802,994,122,554,367,243,502,1018,188,383
395,1042,661,662,736,418,1059,1058,1000,874,250,236,1017,1018,60
449,450,519,329,332,333,401,542,543,672,289,550,437,1081,570,572,511
1029,1030,1031,1032,969,975,976,977,987,990,1080,1087
512,589,1041,1043,915,916,728,666,675,553,170,557,687,563,575
11,17,342,25,484,485,489,171,172,813,110,115,439
11,17,273,25,484,485,489,171,172,813,110,115,439
11,17,81,25,480,484,485,489,171,172,813,110,439
11,17,273,342,480,484,485,489,171,110,115,371,1013,439
11,273,17,342,25,480,484,485,489,171,813,115,371,439
11,81,17,273,484,485,489,171,172,813,174,175,110,115,439
771,772,774,845,212,344,345,218,222,223,1055,102,233,1072,1073,884,375,124
0,1,2,4,8,9,10,11,13,341,26,91,93
0,1,2,8,9,10,13,463,341,26,91,93,485,172,115
0,1,2,4,8,9,10,13,463,341,26,91,93,115
0,1,2,4,8,9,10,11,13,17,341,26,91,93,489
1035,145,212,919,868,869,871,360,873,362,234,425,426,378,618,617,499,436,502,314
833,450,449,519,333,220,669,1054,288,289,291,437,1081
449,450,833,518,519,333,1054,288,289,291,437,1081
844,846,791,792,793,732,926,880,497,629,630,631,573,574
962,1091,458,718,850,851,20,853,855,921,735,997,998,432,309,951,248,444
11,463,17,273,342,25,481,485,489,172,813,110,115,439
385,386,905,907,908,844,1022,793,220,926,1071,879,1078,118,190,189,126
576,578,580,581,583,648,328,528,336,1055,929,674,803,804,33,173,948,566,312
520,650,717,656,849,914,797,734,863,864,568,1070,692,758,887,886,699,831
650,1036,716,914,722,863,673,1060,684,879,888,949,758,887,760,761,886,831
963,964,965,968,84,85,86,87,88,1050,98,99,100,101,934,939
453,214,215,919,354,869,423,424,425,426,499,185,186,253,318
449,450,833,388,518,519,333,857,859,1054,288,289,291,437,1023
705,68,708,70,69,267,337,852,920,88,222,37,422,39,743,40,429,947,380,703
1088,704,707,68,69,70,267,852,413,37,229,429,51,823,826,380,702
646,649,714,719,657,658,915,916,728,666,731,988,675,694,697
391,712,526,400,402,95,96,678,682,367,244
962,1090,452,712,202,1037,474,1052,928,802,38,1066,1067,1014,375
71,73,75,90,158,159,160,297,46,688,48,307,52,59
583,328,336,1042,735,357,294,1002,236,173,114,948,1013,374,1015,1016,566,60,61
391,526,15,402,22,95,928,96,481,367,243,244,502,122,123
833,449,965,519,329,332,333,87,1050,220,669,1054,671,289,103
709,594,595,723,725,982,351,866,298,879,753,762,763,764
1033,1034,1035,718,849,855,862,735,865,490,1074,434,118,951,190
258,336,535,536,537,538,727,357,294,935,936,173,948,245,566,60
68,708,267,715,718,337,850,851,469,534,855,216,735,37,998,429,951,701,703
1029,1030,1031,1032,969,976,977,857,987,859,990,1080,1087
71,72,73,74,158,159,160,46,307,52,308,310,59
2,3,8,10,14,91,413,545,229,38,230,104,231,997,1014
458,399,413,248,545,162,997,998,229,230,231,1002,1001,421,432,309,822,1015,1016,444
520,279,90,411,412,157,287,614,743,42,52,182,183,700,447
582,661,662,736,992,1058,993,418,419,1059,1000,874,1017,1018
576,579,580,581,582,588,978,979,980,23,732,929,554,506,629,505,1018,508,1086
853,986,676,997,998,677,1004,1005,814,1006,432,1008,1007,1011,1010,1068,825,444
847,344,345,347,348,349,223,227,108,109,494,812,178,1079
768,705,770,3,390,1033,12,14,143,274,403,284,156,94,748,438,374,441,767
640,516,517,137,140,460,204,335,461,724,34,996,299,302,50,1075,626,635,636,637,639
903,904,717,914,796,797,416,417,738,742,806,1064,1062,759,241,242,886,118,831
1089,1090,452,712,202,1001,362,1068,1004,1005,689,49,1010,180,181,757,756,1013,508
1089,1090,452,712,202,974,527,474,1001,1068,1004,689,49,1010,180,181,757,1013,508
833,450,388,518,519,220,1054,288,291,1011,437,503,1016,1023
576,577,578,579,580,581,391,15,22,481,674,802,554,367,243,502,122,188,383
65,652,912,594,595,596,597,598,599,929,103,239,49,564
1025,323,903,904,529,530,600,988,33,553,106,556,557,558,623,687,878,433,700
709,330,593,594,595,664,665,351,866,867,741,879,309,762,763
204,334,166,296,168,169,492,622,943,944,625,946,945,947,624,1082
257,71,79,659,729,92,159,160,163,612,293,743,40,46,307,52,569,59,63
391,712,526,400,402,851,95,96,678,682,367,244
897,898,901,838,520,842,287,743,884,182,183,700,447
382,391,715,331,15,402,958,22,928,802,555,44,243,244,179,56,122,830
711,391,15,914,22,150,154,864,481,292,742,123,367,368,243,244,758,886,502,122,379
11,17,273,81,24,25,480,484,485,171,172,813,110,115,439
