133,5,265,13,275,84,22,88,218,222,30,32,225,95,35,37,229,231,232,41,170,234,43,44,238,52,246,58,317,191
323,135,7,202,208,16,214,23,87,219,28,221,31,32,126,163,38,295,40,168,236,46,48,51,53,56,122,60,61,62
5,6,136,9,12,16,17,22,87,220,28,222,158,32,291,163,37,293,166,234,43,238,50,51,179,58,187,317,63
256,257,322,258,324,260,262,7,205,213,22,87,56,219,221,287,32,225,31,163,38,295,42,236,46,51,248,57,122,315,61,318
64,5,6,13,275,20,88,89,222,30,32,33,37,231,167,41,234,43,40,237,46,238,173,44,45,51,52,54,313,189
256,257,322,258,324,3,262,4,12,213,55,87,24,221,158,223,248,225,34,295,39,297,233,43,239,47,51,310,118,312,249,58,318
0,66,5,6,9,13,222,30,224,32,37,230,234,43,44,45,46,238,51,54,57,187,317,62
64,1,0,323,13,15,16,17,21,87,26,27,30,222,96,225,32,163,37,41,234,43,44,238,47,46,51,313,317,191
130,6,136,9,16,20,22,87,28,222,158,224,289,226,35,163,37,166,234,43,238,46,50,51,179,58,187,317,63
64,0,66,5,198,8,265,13,16,87,281,157,222,158,224,32,227,37,39,41,234,43,302,46,51,118,54,56,58,317,62
1,66,323,195,261,5,7,13,206,209,19,214,23,87,155,93,158,32,291,228,37,230,232,44,45,240,51,54,57,59
256,257,322,258,324,260,131,1,64,16,17,213,22,88,89,218,221,287,32,312,34,35,229,230,163,37,232,44,238,248,122,315,318
256,257,258,322,260,66,5,267,13,213,87,89,221,158,287,224,33,32,30,229,230,295,37,234,44,45,51,245,54,62,122,315,318
5,135,200,73,138,10,202,329,205,16,81,210,275,22,87,28,222,158,32,163,231,234,43,237,239,51,54,311,58,251
128,64,1,3,132,6,8,12,16,19,275,22,23,88,222,32,33,35,227,37,229,231,232,41,234,43,44,46,238,240,54,121,59
3,4,5,6,136,12,207,208,16,24,222,34,163,100,101,39,41,234,43,233,238,47,239,175,55,313,317
5,6,327,9,13,208,222,30,224,32,37,230,231,41,234,43,44,45,238,46,51,54,313,187,317,62
5,6,327,13,19,20,87,157,222,57,32,158,37,231,234,43,235,44,238,174,240,45,49,50,51,54,313,60,317,191
256,257,322,258,324,131,5,7,6,145,213,87,56,219,221,287,31,225,97,163,229,230,236,46,51,312,122,315,61,318
323,5,135,200,73,10,138,202,329,13,16,81,275,87,158,160,32,37,231,43,44,237,45,239,303,49,51,53,54,311,251
5,6,327,136,9,7,10,16,17,87,222,158,224,58,37,229,231,234,43,187,238,46,51,54,313,314,317,189,191
0,3,4,135,200,73,138,10,202,140,329,12,16,81,275,55,22,24,27,34,163,231,39,233,43,237,239,303,47,311,58,251
129,195,196,132,5,7,206,209,83,19,278,87,154,285,31,162,105,235,111,112,240,49,51,117,53,56,57
259,68,261,69,263,264,269,79,81,274,275,84,210,86,87,88,89,283,158,32,98,106,109,241,243,244,51,116,251,252,253,254
259,68,261,69,5,264,75,268,269,81,274,210,84,86,87,88,281,89,158,32,98,106,109,110,242,243,51,116,250,251,127
68,261,69,264,75,269,270,79,205,81,274,210,84,86,87,88,89,158,32,98,163,41,106,109,110,242,243,51,116,248,250,251
64,259,68,71,72,264,76,269,79,81,274,84,23,88,87,216,283,284,89,158,32,99,101,166,168,109,51,244,116,182,187,253,254
256,257,258,260,261,262,71,68,5,267,81,210,213,87,88,89,221,158,32,98,109,187,51,244,245,116,248,249,122,315,127
68,261,198,71,264,73,269,79,80,81,16,275,84,86,87,88,89,91,94,158,163,106,237,109,243,51,116,246,311,248,251
65,257,68,261,7,72,71,76,77,269,15,81,276,84,86,119,87,88,91,284,93,158,101,102,106,107,242,51,244,116,247,253
259,261,69,264,269,270,79,205,81,210,275,87,88,281,89,92,158,32,97,98,41,106,109,110,242,243,51,116,248,250,251
256,257,258,322,260,324,262,68,200,267,205,81,210,213,86,87,88,89,221,158,248,225,32,163,109,51,116,312,249,122,318
68,261,135,264,75,269,270,79,81,210,85,87,88,89,92,94,158,96,32,98,106,107,109,110,242,243,51,116,250,251
68,261,264,73,270,79,16,81,210,275,87,88,89,283,94,158,32,231,106,237,110,109,242,243,51,116,246,311,250,251
259,68,264,265,72,269,81,274,210,84,273,87,88,89,283,284,158,32,98,101,106,107,109,243,244,51,116,119,252,253,254
65,259,68,72,265,76,269,80,81,210,86,87,88,89,283,284,158,32,99,100,101,103,106,107,109,51,244,116,182,119,253,254
259,68,263,72,264,265,71,269,79,80,81,274,84,86,87,88,281,283,284,158,32,98,101,106,109,241,51,244,116,182,253,254
259,68,261,325,264,72,74,268,269,205,272,81,274,210,86,87,88,89,284,158,32,98,163,100,101,109,243,244,51,116,190,255
256,259,68,261,69,264,75,269,270,79,271,81,274,275,84,210,86,87,88,89,158,32,98,163,106,109,110,242,243,51,116,250,251
256,257,258,322,260,324,262,261,199,201,267,13,213,22,87,88,89,221,93,30,32,225,35,37,44,52,245,248,249,122,318
256,257,258,322,260,324,262,261,199,267,13,213,87,88,89,221,93,30,248,32,37,44,45,180,245,52,312,249,122,318
256,257,258,322,260,324,262,259,68,267,81,210,213,278,87,88,89,86,221,158,248,32,108,109,51,116,245,312,249,318
256,257,258,322,260,324,262,68,71,267,81,275,213,86,87,88,89,281,221,158,287,32,163,109,51,116,245,248,249,122,318
256,257,258,259,68,261,262,69,264,269,270,79,81,210,275,86,87,88,89,93,158,32,106,109,243,51,116,248,249,251
256,257,258,322,260,324,262,68,267,205,81,210,213,86,87,88,89,221,158,32,225,163,109,112,51,116,245,248,249,122,318
259,263,264,72,74,266,268,269,272,81,84,87,88,25,283,284,158,31,32,99,101,109,47,48,241,51,244,250,251,253,254
259,68,261,264,75,269,79,81,274,210,84,87,88,89,283,284,158,32,96,98,106,109,110,242,243,51,116,250,251,252
259,68,261,71,264,265,72,7,269,79,81,84,213,86,87,88,283,284,158,32,98,100,101,103,41,106,110,243,244,51,116,253
2,70,199,263,201,266,207,81,275,87,88,217,92,222,158,160,97,35,36,234,173,109,51,53,121,189
256,257,258,322,260,324,262,68,71,267,80,81,213,86,87,88,89,158,287,32,225,97,163,184,109,51,116,245,248,249,122,318
259,68,263,264,72,74,268,269,79,272,81,274,210,84,86,87,88,89,284,158,31,32,99,163,101,109,48,242,243,51,116,255
259,261,71,264,72,265,269,79,208,81,274,84,87,88,283,284,158,32,163,100,101,106,42,109,110,47,243,244,51,116,121,187
256,257,258,322,260,324,262,264,267,270,81,213,87,88,89,282,221,158,248,225,32,250,109,51,116,117,312,249,122,251,318
259,68,261,264,73,200,268,205,270,79,271,272,81,142,210,86,87,88,89,158,96,32,98,163,106,109,243,51,116,246,248,251
259,68,263,72,265,74,264,268,269,71,79,272,80,81,84,86,87,88,284,158,31,99,100,101,7,168,106,109,51,244,116
68,69,71,264,269,77,273,274,81,84,86,87,88,281,89,283,158,32,101,106,109,110,176,243,244,117,182,118,308,51,116,254
192,259,72,264,268,269,77,76,78,274,83,82,87,90,283,284,158,94,96,32,99,101,102,103,108,113,243,244,51,187,254
194,261,135,264,73,138,202,205,79,16,81,210,275,87,88,281,215,94,158,36,231,172,237,109,303,239,51,116,246,311,251,189
65,259,68,7,72,71,76,269,77,80,81,276,84,86,87,284,158,100,101,102,168,107,109,51,244,116,247,121,253
68,261,71,264,75,269,270,79,205,81,274,275,210,85,277,86,87,88,89,92,94,158,32,98,163,106,109,110,242,243,51,116,250,251
1,259,68,261,263,264,265,75,269,81,19,84,85,278,87,88,89,92,158,94,32,98,41,106,109,110,243,51,117,182,116,185,250
259,68,261,71,264,269,142,79,272,81,210,84,86,279,87,281,282,283,157,158,32,98,168,106,110,241,242,243,51,116,118,251
68,261,264,269,270,81,274,210,86,87,280,89,88,283,284,216,158,32,98,106,107,109,110,243,244,51,116,119,250,253
259,261,264,265,204,269,142,79,81,274,275,84,87,281,158,159,32,98,39,168,106,109,110,241,242,243,244,51,245,118,251,124,254
65,194,259,68,261,262,71,264,265,7,269,270,79,81,275,86,87,88,282,94,158,98,106,108,109,110,242,243,51,116,251
259,261,69,71,264,72,76,269,79,208,81,274,84,213,87,88,283,284,158,32,98,101,109,251,241,243,244,51,187,253,254,191
259,68,261,69,264,75,269,79,81,274,210,84,86,87,88,89,284,158,32,98,106,109,110,242,243,51,116,182,249,251,252,191
128,130,131,132,133,134,135,136,138,139,140,285,222,286,288,290,291,234,238,123,125,127
128,130,131,132,133,6,135,136,134,139,140,23,285,222,286,288,289,290,291,37,234,238,123,124,125,127
128,129,130,131,132,133,134,135,136,139,140,286,222,288,289,287,291,37,234,122,123,126,127
128,130,131,132,133,134,135,136,139,140,26,285,222,286,288,289,290,291,123,125,127
128,66,130,131,132,135,136,137,138,139,140,13,86,286,289,290,291,186,116,121,122,123,124,125,126,127
128,130,131,132,133,134,136,137,139,140,144,285,286,288,289,290,291,294,233,107,123,59,124,125,126,127
128,130,66,323,131,132,135,136,137,134,139,133,140,286,288,289,290,291,37,56,57,123,124,125,126,127
330,142,147,148,154,155,156,158,184,292,293,167,296,170,299,172,174,303,175,306,307,308,309,179,311,310
330,141,148,149,154,157,158,292,293,294,167,296,166,299,300,172,174,303,175,306,307,308,179,310,311,184
330,141,142,144,150,87,153,155,157,158,160,293,294,296,297,299,300,172,174,303,175,306,307,308,179,180,51,184
257,322,258,324,260,262,144,145,148,213,155,221,184,158,225,292,166,295,168,297,167,172,174,175,110,179,180,309,310,248,249,318
330,142,144,148,87,153,155,157,158,160,32,293,294,296,297,300,172,175,177,306,307,308,180,179,183,184,51
257,322,258,324,260,262,144,145,213,87,88,89,155,221,157,158,160,34,293,294,295,296,297,301,175,178,179,180,309,310,181,248,318
330,141,142,144,87,153,155,157,158,160,32,161,293,294,167,298,299,300,172,173,175,304,306,307,308,180,178,179,51,181
330,141,142,148,157,184,158,292,293,170,299,172,300,173,303,175,174,306,307,308,243,180,311,179,310,126
330,141,142,143,144,150,152,153,155,157,158,99,293,294,166,296,167,299,300,172,175,177,306,307,308,179,180
261,71,75,144,82,146,85,154,155,157,158,160,161,163,164,293,104,168,170,171,172,301,297,303,302,175,306,179,180,311,250
3,12,141,144,146,87,153,155,157,158,223,160,161,164,293,299,300,172,302,47,301,175,306,173,179,180,182,183,181,51,255
68,330,142,275,148,156,158,32,292,293,166,167,170,299,172,300,44,303,175,174,306,307,308,179,310,311,184,251
197,330,141,142,143,144,208,146,147,155,156,157,158,160,164,293,294,169,298,300,301,175,304,306,307,180,308,181,179
5,330,141,142,144,87,153,154,155,157,158,160,98,293,294,299,300,172,302,175,304,305,306,307,308,174,179,180,51,186,127
330,141,142,144,147,150,152,153,154,155,157,158,292,293,167,300,172,175,303,177,306,307,308,179,180
330,141,142,143,148,149,153,155,157,158,293,294,167,296,299,300,172,174,175,306,307,308,309,179,310,184
328,330,141,142,146,148,153,155,158,293,294,167,296,299,300,172,174,175,306,307,308,180,309,179,184,310
330,141,142,144,147,148,153,155,158,160,294,296,169,170,300,172,175,306,307,308,309,180,179,184
257,322,258,324,260,262,144,145,148,213,89,154,155,221,184,158,160,292,166,295,167,297,170,172,174,175,179,180,309,310,248,249,318
73,10,138,144,81,146,275,87,23,155,156,157,94,158,160,161,292,293,231,167,169,237,303,175,306,178,180,179,246,311,51,251
256,257,322,258,324,260,194,197,200,199,201,202,204,205,191,208,209,210,213,87,215,89,221,312,186,187,248,249,122,315,318,319
192,66,323,194,195,197,199,201,74,202,268,205,272,208,209,211,210,213,215,31,232,48,125,313,186,187,124,317,191
320,193,194,319,6,327,200,201,136,197,199,202,205,208,209,210,213,215,222,317,234,43,238,313,314,187,60,189,191
256,257,322,258,324,260,194,199,328,200,201,202,205,208,210,213,22,215,88,89,221,287,32,44,187,245,312,122,315,318,319
194,323,197,326,327,199,328,201,76,13,205,208,209,210,213,215,26,222,165,186,41,234,43,47,313,314,187,316,317,191
256,257,322,258,324,260,194,197,199,201,202,191,205,206,14,209,210,213,87,215,89,217,221,287,312,187,248,122,315,317,318,319
256,257,322,258,324,260,262,194,195,197,199,201,191,205,208,81,210,211,209,213,215,89,221,225,312,187,181,248,249,315,318,319
256,257,322,258,324,260,262,191,200,194,197,199,201,202,205,208,209,210,213,87,215,89,221,158,312,187,248,249,314,315,318,319
320,194,5,197,327,199,201,202,204,205,208,209,210,213,214,87,215,26,222,158,32,37,234,43,46,313,314,187,317,191
321,193,194,68,203,204,205,206,209,210,212,278,215,90,28,95,162,163,166,171,111,240,114,115,117,185,187
256,257,322,258,324,260,262,194,199,200,201,202,205,210,211,213,215,89,217,221,32,312,37,44,187,248,249,122,315,318,319
194,323,324,197,199,200,201,138,202,205,208,209,210,275,213,87,215,222,158,37,231,41,234,237,187,242,311,313,251,191
256,257,322,258,324,260,262,194,197,198,199,201,202,205,208,209,210,213,87,215,89,221,94,225,312,187,248,249,122,315,318,191
194,325,197,199,327,201,202,205,208,209,210,277,278,87,213,215,93,158,32,97,228,232,109,240,112,179,54,120,187,61,191
192,64,194,323,326,327,200,199,201,202,204,13,205,208,210,213,214,23,215,32,168,47,53,186,187,317,191
194,323,324,322,325,327,200,264,138,197,199,201,202,205,208,209,210,275,213,215,222,32,37,234,43,46,313,314,187,317,191
192,194,323,195,328,330,204,205,206,208,210,213,214,215,155,168,233,186,43,307,308,309,55,314,187,316,317,191
194,197,199,73,329,138,202,10,201,205,81,209,275,210,213,87,215,26,222,231,234,237,46,239,303,187,246,311,251,188,189,191
323,259,261,68,264,200,74,269,270,79,77,81,275,85,87,88,89,94,158,32,98,41,237,109,242,243,51,116,54,246,251
68,261,73,10,138,202,74,79,16,81,210,275,277,86,87,119,280,89,88,94,158,32,231,237,109,239,303,51,116,246,311,251
68,261,264,73,138,10,79,16,81,210,275,277,86,87,88,89,91,94,158,32,163,231,237,109,303,48,243,51,116,246,311,251
0,64,5,135,200,73,10,202,138,329,16,81,275,87,120,158,231,39,59,43,237,239,303,51,246,311,54,58,251
64,3,8,265,12,16,22,151,87,281,26,28,29,222,159,33,227,163,38,232,41,234,43,299,42,238,302,51,182,58,59,63
257,322,258,324,131,262,260,3,16,145,213,22,87,89,28,221,158,287,32,225,312,161,226,229,35,163,58,51,248,122,60,318,63
2,195,5,6,327,9,207,208,16,145,87,222,158,224,58,37,230,233,234,43,238,46,51,313,314,187,317,191
2,66,5,70,199,201,266,207,16,87,217,157,222,57,158,35,36,234,43,173,51,53,54,121,58,189
323,4,3,7,72,202,12,80,208,275,276,214,87,24,88,247,219,158,32,34,168,233,43,47,239,51,55,58
64,5,135,73,10,138,13,81,275,20,88,89,222,30,32,33,292,37,231,167,40,44,237,45,303,239,51,52,246,311,54,251
5,7,200,138,10,16,81,275,87,88,222,158,31,163,37,38,167,231,168,234,42,237,46,303,239,48,51,53,311,56,121,60,61
192,66,5,6,71,9,267,13,208,214,23,87,27,222,158,32,224,37,234,43,44,238,51,52,54,57,187,317
0,64,195,5,6,9,13,208,144,211,84,216,91,222,102,234,43,187,46,238,50,180,57,58,59,317,63
66,194,5,6,327,7,13,208,23,87,26,222,158,32,30,37,230,40,41,234,43,42,44,45,51,54,313,314,317,191
64,323,5,200,138,13,205,210,275,87,88,222,158,32,163,37,230,231,167,234,43,44,237,46,239,45,177,51,54,311
66,131,194,5,7,266,13,87,88,284,222,158,32,37,230,231,167,41,234,43,44,45,238,47,51,54,313,317,189,190
128,64,323,132,261,5,203,13,16,19,85,22,87,28,285,222,32,163,37,232,41,234,43,44,238,240,51,54,313,58,63
64,66,67,4,5,7,13,208,17,149,22,23,151,87,27,222,31,32,163,38,294,168,234,43,42,46,51,53,56,187,61
5,6,9,139,16,17,22,23,87,24,220,28,222,291,163,168,233,234,43,42,187,238,51,308,57,58,59,317,63
3,4,5,12,205,16,275,22,24,28,222,223,34,163,41,234,43,233,42,238,47,48,239,55,313,58,191
3,4,200,73,10,138,202,12,16,81,275,55,22,24,28,93,34,163,292,231,233,43,237,303,239,47,311,58,251,63
256,257,322,131,324,258,1,64,13,16,213,22,88,89,218,221,222,287,32,225,312,34,35,37,229,163,232,58,44,248,122,318
194,5,6,7,9,10,208,16,18,19,278,87,22,220,222,158,98,291,163,37,233,234,43,238,304,51,117,54,58,127
320,5,6,136,9,10,139,142,16,17,23,87,220,222,286,224,158,30,230,234,43,45,238,46,51,58,187,60
1,131,5,199,200,138,13,15,275,22,88,89,218,30,222,32,35,37,229,231,232,234,43,44,237,239,52,121,58,189
2,5,70,199,201,266,13,207,87,217,222,32,35,36,37,167,234,43,44,173,45,51,53,54,121,189
3,4,12,87,24,158,223,32,34,293,39,41,106,43,299,300,302,47,303,233,242,239,51,55,58,191
3,6,12,268,16,17,22,87,28,222,223,289,161,163,37,232,41,234,43,168,42,238,47,48,313,58,60,63,191
192,64,66,5,8,9,139,11,13,16,214,23,22,87,27,28,222,32,33,163,227,168,233,234,43,42,187,238,58,59,63
64,66,323,5,135,72,7,202,10,13,80,16,275,87,279,25,91,157,158,32,227,39,168,231,43,45,237,51,54,56,58,124,253,126
64,2,5,135,73,10,138,202,329,207,16,81,275,87,292,231,233,59,43,237,239,303,51,246,311,58,251
64,0,66,4,5,72,204,13,16,149,22,23,27,28,289,291,163,100,38,39,168,233,58,43,45,239,52,55,56,57,186,59,63
0,64,5,326,6,9,204,13,16,82,20,87,27,222,158,224,227,38,234,43,187,238,46,50,51,54,58,59,317
64,2,5,6,327,199,135,16,22,87,216,30,222,158,98,163,58,37,231,234,43,238,46,51,244,54,314,317,127,189,191
128,1,5,6,327,136,139,16,17,19,22,87,28,222,158,163,37,231,168,41,234,43,42,238,63,51,54,313,58,317,191
128,64,132,5,208,16,19,85,22,23,87,28,222,158,33,163,58,37,231,168,234,43,42,46,238,110,51,314,59,63,190,191
257,322,258,324,131,260,262,5,16,17,213,22,87,28,221,158,287,225,163,58,229,230,168,232,42,43,238,51,312,122,315,318,63
64,66,323,5,135,73,138,202,329,13,16,81,275,87,222,32,163,228,37,230,231,168,234,43,44,237,239,51,246,311,54,251
192,66,323,195,5,74,268,13,206,208,23,87,91,155,222,158,32,31,37,232,234,235,44,45,47,51,54,187,124,125
64,5,6,7,10,13,207,16,87,218,30,222,224,32,158,291,58,37,230,231,41,234,43,45,238,46,51,54,314,191
64,2,5,6,135,13,16,275,22,87,30,222,32,158,163,37,231,41,234,43,42,237,238,46,51,54,313,58,59,191
64,323,5,6,266,13,205,208,210,275,215,88,87,222,158,32,121,163,37,231,167,41,234,43,44,237,45,49,51,54,313
3,4,263,264,12,268,16,275,87,24,25,223,34,41,106,43,233,47,48,303,242,243,239,51,55,313,58,191
1,66,131,5,13,143,16,20,22,87,28,221,30,222,158,225,163,185,37,168,41,234,43,42,238,51,313,58,125,63
64,66,323,5,6,9,13,79,208,210,87,222,158,32,289,163,37,234,43,44,45,46,238,50,51,54,57,122,60,317
64,2,67,7,264,135,87,222,57,32,158,31,163,37,293,167,41,234,43,106,173,46,303,306,50,51,53,182,56,313,58,60,61,191
5,6,327,136,9,12,13,15,17,21,220,222,224,32,37,40,234,43,44,238,46,51,54,187,317
7,200,73,10,138,329,202,16,81,275,87,219,221,31,163,292,38,231,236,237,46,303,239,48,51,53,311,56,57,251,60,61
2,5,198,135,200,73,138,329,10,202,16,81,275,22,87,222,158,163,231,234,43,237,239,303,51,246,311,54,58,251
64,66,2,3,197,70,5,72,204,13,16,213,87,158,32,227,58,231,39,43,108,45,46,51,56,57,186,59,124,317
3,4,200,73,10,138,202,329,12,16,81,275,55,87,24,158,34,292,231,233,43,237,239,303,47,51,246,311,58,251
192,66,323,195,5,9,13,206,205,208,210,214,23,87,215,155,222,158,32,37,232,168,234,43,44,187,51,54,57,122,59,124
64,66,67,68,5,9,13,208,87,92,222,158,32,33,162,37,166,41,234,43,107,44,174,51,52,54,56,57,186,59,62
323,5,198,200,11,16,275,87,88,26,222,158,32,223,34,98,58,37,231,167,39,234,43,237,240,51,118,54,314,127,317,191
64,323,5,261,200,138,13,81,210,275,23,87,221,222,158,32,30,163,37,231,234,43,44,237,46,45,51,54,311,251
64,128,5,136,139,13,16,23,87,222,158,32,33,163,37,168,41,234,43,59,44,238,46,241,51,54,56,123,317,62
66,5,7,200,73,10,138,329,13,81,275,87,222,158,224,32,30,37,230,231,234,44,237,46,239,303,45,51,54,311,251,62
128,129,2,132,196,5,135,16,83,19,278,87,22,93,285,157,158,162,163,39,105,233,43,111,240,112,51,117,54,118,58,59
64,128,66,5,261,13,19,275,85,87,222,30,224,32,37,230,231,41,234,43,108,237,46,238,240,45,44,51,54,62
5,134,200,73,10,138,329,74,16,81,275,87,222,158,226,35,292,166,231,43,237,239,303,51,179,246,311,54,58,251
128,1,130,5,136,12,16,19,22,87,26,28,30,222,160,158,291,163,37,168,41,234,43,42,238,46,51,54,58,63,191
64,194,5,6,7,13,275,87,88,155,222,30,32,121,158,163,228,37,231,167,41,234,43,232,44,46,238,45,51,54,313,317
0,1,323,5,9,139,11,14,208,16,214,23,22,25,26,27,28,29,222,32,163,231,41,234,43,42,238,47,46,58,187
68,261,264,75,269,270,79,205,81,210,83,85,86,87,88,89,92,94,158,96,32,98,41,106,109,110,242,243,51,116,249,250,251
192,259,68,261,69,324,264,265,75,269,79,81,210,84,86,87,88,89,284,94,158,32,98,41,106,109,110,241,243,51,116,250,251
256,257,258,322,324,260,262,68,261,71,267,81,213,86,87,88,89,221,93,158,225,168,106,109,51,116,248,249,251,318
259,68,261,71,264,265,200,268,269,270,79,272,76,205,275,84,81,210,86,87,88,89,94,158,32,98,163,106,109,242,243,51,116,251
68,261,264,75,76,269,270,79,80,81,274,210,84,87,88,89,284,158,32,101,168,41,106,108,109,110,242,243,51,116,246,250,251
2,70,199,201,266,268,207,81,87,88,217,222,158,32,35,36,37,167,173,109,51,53,121,189
259,68,261,69,264,265,266,75,269,79,81,274,210,84,86,87,88,281,89,284,158,32,160,98,41,106,109,110,243,51,116,120,251
259,68,261,69,264,269,270,79,81,274,275,84,210,86,87,88,89,283,284,158,32,98,100,101,168,106,109,243,51,116,182,119
259,68,261,69,71,264,269,79,81,274,84,86,87,281,283,284,158,32,98,101,168,106,109,110,242,243,244,51,116,186,316
68,261,264,73,10,138,202,329,16,81,275,87,88,89,94,158,32,231,104,237,109,239,303,48,51,116,246,311,250,251
68,69,264,11,269,205,81,274,275,84,210,86,87,88,281,89,222,158,32,163,37,313,41,234,106,109,110,46,243,51,116,121,251
68,261,73,202,329,138,10,205,79,16,81,210,275,86,87,88,89,158,32,98,292,231,237,109,303,115,51,116,246,311,251
132,261,135,138,270,81,83,85,278,277,87,88,89,92,93,285,158,32,289,162,105,109,111,112,240,178,51,116,117,118,122,127
194,259,68,261,135,264,71,7,75,269,270,79,81,275,86,87,88,94,158,98,99,106,109,110,242,243,244,116,51,248,250,251
259,68,73,74,202,138,10,205,79,272,81,16,275,210,86,87,88,89,91,94,158,32,163,231,107,237,109,51,116,246,311,251
259,68,261,69,264,269,79,81,210,275,84,86,87,88,89,26,284,157,30,158,32,98,163,106,109,110,241,242,51,116,182,252,191
68,71,72,7,76,269,77,81,274,84,21,85,23,86,87,88,283,284,158,98,99,101,166,168,40,41,106,51,244,116,253,254
259,68,261,71,264,7,75,269,79,274,275,84,214,87,88,281,280,89,284,86,158,32,98,41,106,110,243,51,116,119,251,252
194,323,68,261,71,264,7,266,76,79,81,275,86,87,88,222,158,32,121,231,167,41,106,173,237,109,242,243,51,116,313,251
194,68,261,262,71,264,7,70,75,203,269,270,81,85,86,87,88,90,94,95,158,163,104,106,171,109,112,114,51,116,117,121,250
256,257,258,322,324,260,262,194,68,71,7,267,81,213,86,87,88,89,221,158,248,225,32,121,106,109,51,116,312,249,122,251,318
259,68,261,69,264,265,75,269,205,79,81,210,84,87,88,89,282,284,158,32,98,99,168,41,106,109,110,241,243,51,116,182
258,261,264,73,10,138,202,79,16,81,275,87,88,94,158,231,172,237,109,239,303,51,180,246,311,250,251,189
259,195,71,72,265,264,269,77,206,81,274,84,87,155,284,158,32,98,101,102,41,107,109,243,244,51,182,115,122,187,253
68,261,70,71,264,75,269,270,141,81,274,84,85,86,87,88,89,158,96,32,98,163,41,106,42,109,110,242,243,51,116,250,251
256,257,258,322,260,324,262,194,68,70,71,267,7,79,144,213,86,87,89,155,221,158,248,225,121,41,106,51,116,245,312,249,318
259,68,71,72,264,7,9,76,269,81,274,84,86,23,87,88,283,284,158,32,99,101,166,168,106,109,241,51,244,116,182,187,253,254
256,257,322,258,260,324,262,68,71,267,269,81,275,213,86,87,88,89,281,221,158,32,225,109,187,51,116,248,249,122,315,318
259,323,71,72,199,201,76,269,13,142,208,271,274,214,23,22,87,88,283,89,158,30,32,35,37,40,168,44,244,52,187,253,254
256,257,258,322,260,324,262,68,71,81,210,213,86,87,88,89,221,158,32,163,295,109,187,178,51,116,245,248,249,122,315,318
256,257,258,322,260,324,262,68,71,267,81,210,213,86,87,88,89,221,158,32,163,109,187,243,51,245,116,248,249,122,315,318
256,257,258,322,260,324,262,194,68,71,7,267,14,213,86,87,89,56,221,57,32,225,31,106,48,244,245,116,53,248,249,315,60
259,323,261,71,72,264,265,200,268,269,202,79,205,81,274,210,84,87,88,89,283,284,158,32,98,101,168,109,187,51,244,116,251,253
192,68,71,72,269,13,205,17,274,81,210,21,214,23,86,87,88,27,89,158,32,99,163,166,168,40,109,51,244,116,182,187,188,253
64,194,323,68,71,72,8,202,7,76,269,79,81,86,23,87,88,221,158,99,166,168,40,106,109,51,244,116,121,315,188,253
256,257,322,258,324,260,262,68,73,76,81,210,213,86,87,88,89,221,158,94,32,225,163,295,297,109,51,116,245,248,249,315,318
0,259,68,72,264,73,76,269,77,81,274,84,23,88,87,89,283,284,158,94,32,99,101,166,39,109,241,51,244,116,120,187,253,254
259,68,71,72,264,138,76,269,79,81,274,84,23,87,88,89,283,158,32,99,166,168,40,109,46,51,244,116,122,187,253,254,127
192,71,72,73,11,76,269,205,17,81,210,21,214,23,87,88,89,27,91,158,94,32,99,166,168,40,109,51,244,187,188,253
323,68,71,73,202,138,329,10,205,16,81,210,275,86,87,88,89,91,94,158,32,163,231,237,109,239,51,116,246,311,251,254
256,257,258,322,260,324,262,261,68,267,205,81,210,213,87,88,89,221,158,248,225,32,98,42,43,109,51,116,312,249,318
259,68,71,264,72,74,268,269,76,272,81,274,84,86,87,88,283,284,158,31,98,99,101,168,106,107,109,51,244,116,254
323,324,261,67,199,264,200,201,13,79,18,275,22,87,88,89,221,158,30,96,32,35,37,41,106,44,237,243,52,248,251
66,259,261,6,72,265,269,79,81,84,85,87,88,92,284,158,32,99,100,101,41,107,109,51,244,116,182,119,57,250,253
256,257,258,322,260,324,262,68,73,267,14,81,210,213,86,87,88,89,221,158,94,32,225,163,109,51,116,245,248,249,122,318
68,261,263,264,71,75,269,270,79,205,81,210,85,278,86,87,88,89,92,94,158,32,98,163,101,106,109,110,243,51,117,116,250,251
258,196,261,68,198,72,265,269,80,81,210,84,85,278,277,87,88,89,86,92,284,158,32,100,101,105,106,109,111,112,51,116,117,119
256,257,258,322,324,260,262,259,68,269,81,210,213,86,87,88,89,90,158,32,295,313,108,109,51,116,245,310,248,249,122,318
68,73,10,202,138,329,16,81,82,275,210,86,87,88,89,91,94,158,32,163,292,231,237,109,303,51,116,246,311,54,251
68,72,264,76,269,208,81,274,84,277,86,23,151,87,88,283,284,189,158,99,163,166,168,40,109,49,51,244,180,182,116,188,253
192,323,68,71,72,9,202,7,269,208,274,214,23,87,280,86,88,158,32,99,166,168,40,106,46,243,244,116,51,119,187,188
192,65,68,71,72,264,76,269,77,80,81,274,84,86,23,88,87,280,283,284,158,32,99,168,40,107,109,51,244,116,187,253
68,261,264,73,79,16,81,210,275,84,85,86,87,88,89,94,158,32,98,163,231,106,237,109,303,46,243,51,116,246,311,251
68,261,70,71,264,76,269,205,81,274,210,86,23,280,87,88,283,284,89,158,32,98,99,163,101,166,106,109,243,244,51,182,116,253
68,261,264,73,202,79,80,81,16,275,210,86,87,88,89,91,94,158,32,231,41,106,237,109,243,51,116,246,311,251
256,257,258,322,260,324,262,68,330,267,205,81,210,213,86,87,88,89,221,158,32,225,163,109,51,116,245,309,248,249,122,318
259,68,263,264,72,71,268,269,272,81,274,84,276,86,87,279,88,283,284,158,31,98,99,101,168,106,107,109,176,243,244,51,116
65,259,261,71,268,269,76,79,80,17,274,81,276,208,87,88,281,283,92,158,32,97,109,47,114,243,244,51,249,187,316,62,191
2,5,70,199,201,266,267,207,80,275,87,88,217,91,158,97,35,36,37,173,51,53,184,121,189
68,261,71,264,7,75,269,270,79,81,274,84,85,86,87,88,158,32,98,168,41,106,109,110,242,243,51,116,246,250,251
132,261,68,71,205,81,210,83,19,85,278,277,86,87,88,89,92,93,158,32,97,162,98,163,109,111,240,112,51,116,117,54
259,68,261,264,265,269,79,80,81,275,84,86,87,88,284,158,32,98,163,106,109,110,111,241,243,244,51,246,116,249,251
259,68,261,71,264,265,7,75,268,269,13,79,81,274,85,86,87,88,283,92,158,32,100,101,168,106,109,243,244,51,116,250,187,253
1,261,73,202,138,10,329,74,79,16,81,205,275,210,87,88,89,93,94,158,32,98,231,237,109,239,51,116,246,251
256,257,258,322,260,324,262,200,267,80,209,81,212,213,87,88,89,158,248,225,32,168,109,51,116,245,312,249,122,316,318
256,257,258,322,260,324,262,68,71,267,205,81,210,84,213,86,87,88,89,158,248,225,32,163,109,51,116,245,312,249,122,318
259,68,261,69,263,264,266,75,269,79,81,210,84,86,87,88,89,284,158,32,98,41,106,109,110,241,242,243,51,116,250,251
259,68,261,71,264,72,7,135,269,79,274,84,276,86,87,88,153,283,284,158,32,101,106,107,241,177,243,244,51,116,187,253
323,68,135,71,73,202,138,10,329,269,271,80,81,16,275,84,87,88,91,94,158,32,231,237,109,187,51,116,246,311,251
192,259,68,69,71,264,265,7,269,79,81,274,84,86,87,88,281,283,284,158,32,98,101,106,107,110,243,244,117,51,116,188,189
259,68,261,71,264,7,74,75,269,270,79,81,84,86,87,88,281,283,158,32,98,36,41,106,109,110,112,242,243,51,116,250,251
259,68,263,264,72,74,265,268,269,205,272,81,274,210,84,86,87,88,89,284,158,31,32,98,99,163,101,107,109,178,51,244,116
256,257,258,259,69,71,264,72,135,76,269,208,81,274,23,87,88,283,221,158,32,99,164,36,166,109,51,244,181,248,249,250,253,318
1,259,261,69,264,75,269,271,272,81,84,87,88,283,92,120,158,157,32,94,98,102,122,106,109,241,243,244,51,116,248,250,251
68,73,138,202,10,329,205,79,16,81,207,275,210,86,87,88,89,91,94,158,32,163,231,237,109,239,51,116,246,311,251
259,69,263,72,264,76,269,205,81,274,210,84,87,88,89,281,283,284,158,32,98,99,101,168,106,109,241,51,244,116,253,254
256,257,258,322,260,324,262,4,68,71,267,81,213,86,87,88,89,221,158,104,168,109,51,116,245,248,249,122,315,318
256,257,258,260,71,72,267,76,269,80,81,23,87,88,89,158,32,99,101,166,40,168,109,187,51,244,245,116,248,122,315,60,253
323,68,261,71,7,73,202,138,329,79,16,81,275,84,86,87,88,91,94,158,32,99,231,106,237,109,51,116,246,311,251,255
194,68,261,71,7,75,81,85,277,278,86,87,88,92,93,158,97,41,106,234,109,243,51,117,54,116,120,244,250,251,188,189
2,68,70,199,71,201,266,79,207,275,86,87,88,217,158,95,35,36,37,167,231,173,51,116,53,121,189
259,69,264,269,77,270,81,274,84,85,87,88,89,282,283,284,158,32,98,106,109,110,241,243,244,51,116,117,251,252,253,254
259,68,263,72,265,74,71,268,76,205,79,272,81,210,84,86,87,88,89,284,158,31,32,99,163,101,102,109,51,244,116,251,253
68,261,262,264,73,202,138,270,79,16,81,18,275,87,88,89,94,158,32,231,237,109,303,243,51,116,246,311,250,251
257,259,68,261,70,71,264,7,75,269,270,79,81,274,84,86,87,88,281,158,32,98,106,109,110,242,243,51,116,250,251,254
259,68,261,264,75,269,270,79,80,81,210,86,87,88,89,91,92,158,96,32,163,101,168,106,109,243,244,51,246,116,250,251
68,261,73,202,138,77,16,81,210,275,85,87,88,89,91,94,158,32,98,231,237,109,239,303,51,116,246,311,251
259,261,264,75,204,269,270,79,78,268,274,81,87,88,89,282,284,157,158,32,98,106,109,110,242,243,51,114,182,116,118,251,124
259,68,71,72,264,265,76,269,268,208,81,274,84,87,88,89,283,284,158,32,101,106,107,42,109,241,51,244,116,186,187,253,254
259,195,261,68,262,264,72,265,71,269,206,81,274,84,276,86,87,283,284,155,158,32,101,168,106,107,112,241,243,244,51,116,115,253
259,261,69,264,73,269,270,205,81,210,275,84,87,88,89,283,94,158,32,98,106,109,110,241,242,243,244,51,249,250,251
259,196,261,68,263,264,135,269,79,81,274,275,84,86,87,88,283,92,158,32,97,98,106,109,241,242,51,244,116,182,118,253,254
68,261,73,138,10,329,16,81,210,275,86,87,88,89,91,94,158,32,163,292,231,237,109,303,51,116,246,311,120,251
68,261,264,73,329,202,205,16,81,210,275,86,87,88,89,94,158,32,98,163,231,237,109,303,46,51,116,246,311,248,251
68,261,69,264,265,269,79,80,81,210,275,84,86,119,87,88,89,284,158,32,100,101,41,106,109,243,51,116,246,182,248,251,253
68,261,264,75,269,270,205,81,274,275,210,85,86,87,88,89,215,92,94,158,32,98,41,106,44,109,110,243,51,117,116,250,251
68,71,72,264,76,269,77,81,274,210,84,86,23,87,88,89,283,284,158,32,99,163,101,166,168,109,51,244,116,187,253,254
68,261,69,264,266,75,269,81,210,275,85,86,87,88,89,94,158,32,163,231,106,107,109,242,243,51,116,311,121,250,251
256,257,322,258,260,324,262,68,264,81,210,213,86,87,88,89,221,158,248,225,32,250,109,51,116,245,312,249,122,251,318
68,261,75,269,270,81,82,210,85,278,86,87,88,89,92,284,94,158,32,163,100,104,105,301,109,51,116,117,250
259,68,261,264,75,267,269,79,81,210,275,84,85,19,86,87,88,282,89,92,284,30,158,96,32,98,97,163,41,109,110,51,116,250
259,68,261,69,264,75,269,79,81,274,275,84,210,83,86,87,88,89,26,284,158,32,98,41,106,107,109,110,242,243,51,116,251
259,68,264,265,72,76,269,79,81,210,84,86,87,88,89,283,284,158,32,98,101,106,109,241,243,51,116,182,119,252,253,254
256,257,258,322,260,324,262,68,71,267,205,81,210,213,86,87,88,89,221,158,32,163,295,109,51,116,245,248,249,122,318
64,67,68,261,71,264,200,7,75,269,270,79,271,274,18,84,86,87,88,284,158,96,98,106,110,242,243,51,116,248,249
256,257,258,322,260,324,262,68,72,73,267,16,81,210,213,87,88,89,221,158,32,58,295,109,51,116,245,248,249,122,253,318
256,257,322,258,324,260,262,68,75,76,81,210,213,150,87,88,89,86,221,158,248,225,32,163,109,51,116,310,312,249,122,318
256,257,258,322,260,324,262,199,201,267,13,213,22,87,88,89,93,158,287,32,225,30,35,37,44,51,52,245,119,248,249,122,318
323,195,261,68,135,71,73,7,269,206,79,16,81,275,84,86,87,88,91,155,94,158,231,106,237,46,303,51,116,115,246,311,251
68,261,73,138,10,202,205,16,81,210,275,86,87,88,89,91,94,158,32,163,231,107,237,109,303,239,51,116,246,311,251
259,67,261,264,265,200,75,269,270,80,209,18,81,212,87,88,89,158,96,32,98,101,103,168,106,109,110,243,244,51,246,116,250,251
256,257,258,322,260,324,262,68,71,267,205,81,210,213,86,87,88,89,221,158,248,32,163,109,115,51,245,116,312,249,122,318
258,259,68,261,262,71,264,75,269,205,81,274,210,85,86,87,88,89,283,92,158,32,98,163,106,109,243,244,117,51,116,248,250,254
259,68,70,72,76,269,205,17,274,81,210,86,23,87,88,89,283,27,284,158,32,99,163,101,166,168,40,109,51,244,116,182,253,254
256,257,258,322,260,259,262,324,261,68,71,205,81,210,213,86,87,88,89,91,221,158,32,225,163,109,51,116,310,248,249,318
257,68,261,73,138,10,205,79,16,81,209,275,210,86,87,88,89,94,158,32,163,231,106,237,109,303,51,116,246,311,248,251
256,257,258,259,260,261,262,66,264,68,69,269,79,81,210,86,87,88,89,158,32,98,163,106,107,109,243,244,51,116,248,249,251
256,257,258,322,260,324,262,68,264,267,81,210,213,86,87,88,89,221,158,96,225,32,163,109,51,116,245,248,249,122,252,318
68,261,71,264,7,75,269,79,81,274,275,84,86,87,88,281,283,284,158,32,98,41,106,169,109,110,243,51,116,249,251,188,189
256,257,258,322,260,324,262,194,68,71,7,267,81,213,86,87,88,89,221,158,225,121,105,106,109,51,116,245,248,249,122,318
259,68,264,72,11,76,269,77,271,81,274,210,84,87,88,89,281,283,284,158,32,99,106,109,241,51,244,116,182,253,254
1,68,261,71,264,75,269,270,79,273,81,275,84,86,87,88,158,94,32,98,41,106,109,110,241,242,243,244,51,116,250,251
259,68,261,69,264,265,269,80,81,210,84,86,87,88,281,89,283,284,91,158,32,98,41,106,109,110,241,243,51,116,251,252
259,68,263,264,72,265,71,268,269,79,272,80,274,81,84,86,87,88,89,92,284,158,31,32,99,163,101,106,109,51,244,116,125
68,261,71,264,7,269,79,81,275,84,86,87,88,281,284,94,158,32,98,39,41,106,110,242,243,244,51,116,250,251,188,189
68,261,71,7,73,10,138,202,79,16,81,275,277,86,87,88,94,158,231,168,106,237,109,303,239,51,116,246,311,313,251
259,68,261,263,264,72,71,7,12,269,270,79,271,274,84,276,86,87,88,283,284,156,158,32,101,106,243,244,51,116
129,323,132,261,195,68,81,146,275,19,85,210,87,88,89,86,92,222,158,32,37,166,232,41,234,109,46,240,178,51,116,117,121,250
256,257,258,322,324,260,262,68,71,267,205,81,210,213,86,87,88,89,93,221,158,248,32,163,107,109,51,116,312,249,318
256,257,194,259,68,71,72,7,76,269,77,81,274,84,86,87,88,283,284,158,32,99,101,166,106,107,109,51,244,116,248,253,254
68,261,69,264,75,269,270,79,205,81,274,210,84,86,87,88,89,284,158,32,98,163,41,106,109,110,46,242,243,51,116,250,251
259,68,261,71,264,265,7,75,11,269,79,81,274,84,86,87,88,281,282,284,158,32,98,168,41,106,109,110,243,116,51
68,261,71,75,269,270,205,81,210,85,278,86,87,88,89,92,94,95,32,158,98,163,100,101,104,106,109,114,51,116,117,250,251
192,259,323,71,72,8,265,76,269,208,81,274,17,84,23,87,88,89,283,158,32,99,101,166,40,109,178,51,244,116,187,253,254
258,259,68,263,264,72,11,268,269,79,80,81,274,210,87,88,281,89,283,284,158,32,99,101,106,109,241,242,51,244,116,253,254
194,68,261,69,71,264,265,7,75,269,270,79,143,81,275,85,86,87,88,281,94,158,98,106,109,242,243,51,116,121,250,251
194,259,68,261,71,264,265,7,269,79,81,84,86,87,88,281,283,284,158,32,98,101,168,106,170,109,110,243,244,51,116,250
259,68,71,264,265,72,7,269,79,208,81,274,84,86,87,88,281,283,284,158,32,98,101,41,106,109,243,244,51,116,122,187,253
68,261,71,264,75,269,81,85,278,86,87,88,89,91,92,158,95,98,100,101,166,105,107,109,112,114,51,116,117,250
259,68,261,69,71,264,75,268,269,270,79,272,81,84,85,86,87,88,89,92,158,98,101,168,109,243,115,116,51,250,251
68,71,72,264,330,76,269,205,80,81,274,210,86,23,87,88,89,283,154,158,32,99,163,166,40,168,109,51,244,116,118,253,254
259,68,261,264,268,269,270,79,80,81,210,84,86,87,88,281,89,283,284,158,32,98,168,106,109,48,241,243,51,179,116,249,251
259,68,261,264,73,138,202,79,16,81,210,275,86,87,88,89,91,94,158,32,163,231,107,237,109,243,51,116,246,311,251
68,264,73,269,205,79,16,81,210,275,84,86,87,88,89,284,94,158,32,163,292,231,106,237,109,303,243,51,116,246,311,251
68,261,69,264,75,268,269,270,79,205,81,210,85,86,87,88,89,92,94,158,96,32,98,163,100,106,109,242,243,51,116,250,251
68,261,71,264,268,12,205,81,210,19,275,85,86,87,88,89,91,92,222,158,32,98,163,41,234,106,43,109,47,243,51,116,313,191
259,135,73,202,138,10,329,270,16,81,275,87,88,89,282,91,94,158,32,231,108,237,109,239,114,51,116,117,246,311,251
67,68,261,71,264,75,269,270,79,81,18,85,86,87,94,158,96,98,168,106,109,110,242,243,51,116,121,250,251
68,200,73,202,10,329,138,78,79,16,81,210,275,86,87,88,89,91,94,158,32,231,237,109,239,51,116,246,311,249,251
68,261,71,264,7,75,269,270,79,81,275,84,86,87,88,281,158,32,98,168,41,106,109,110,242,243,51,116,250,251,254
256,257,258,322,324,260,262,194,68,71,7,267,81,213,86,87,88,89,221,158,225,121,106,109,51,116,245,119,248,249,315,318
259,68,261,69,264,75,269,205,81,210,84,86,87,280,88,89,92,158,32,98,163,101,106,109,110,241,243,244,51,116,119,250,251
68,261,264,75,269,270,79,81,210,19,83,85,278,275,86,87,88,89,91,92,94,158,32,163,231,106,109,240,112,51,116,117,250
323,67,261,68,71,264,265,7,269,270,78,81,18,275,84,82,86,87,88,282,94,158,96,41,106,109,110,111,243,116,51,251
259,68,261,198,264,75,269,79,15,17,81,275,210,21,86,87,88,281,89,30,158,32,41,106,109,238,241,242,243,51,116,250,251
259,68,261,71,264,7,263,75,269,79,81,275,84,86,87,88,284,158,32,98,313,106,107,109,110,242,243,51,116,248,249,251
256,68,261,71,72,264,7,76,269,79,81,274,84,86,87,88,283,158,95,32,100,101,106,42,109,242,243,244,51,116,187,253
259,68,261,264,75,269,81,274,210,84,87,88,89,284,158,32,98,101,102,166,106,107,45,110,174,109,243,244,51,116,250
68,261,69,71,264,75,269,270,205,81,274,210,85,86,87,88,281,89,92,158,32,98,163,104,109,110,242,243,51,117,116,250,251
259,67,261,68,264,265,269,270,79,272,271,274,205,81,18,210,86,87,281,89,88,92,158,32,98,163,106,109,110,243,51,116,56,251
68,261,71,264,266,75,269,270,81,274,84,213,86,87,88,283,94,158,160,98,163,106,109,110,243,51,117,182,116,120,250,251,191
194,259,68,261,5,70,264,265,71,7,269,79,144,274,84,86,87,281,283,284,155,158,98,106,110,243,244,51,116,248,121,251
68,70,199,71,201,266,207,275,86,87,88,217,280,158,35,36,41,106,173,243,51,53,116,119,121,251,189
259,68,261,264,265,75,269,270,79,81,274,84,87,88,89,282,284,158,32,98,41,106,59,108,109,110,242,243,51,116,117,251
68,261,264,73,269,205,79,16,81,210,275,84,86,87,88,89,94,158,32,98,163,106,109,110,303,46,242,243,51,116,246,251
68,71,264,73,268,269,79,16,81,275,86,87,88,89,282,94,158,32,163,106,237,110,303,109,51,116,246,311,248,249,58,251
65,259,195,68,72,265,137,76,81,210,211,84,87,25,284,158,94,32,290,100,101,166,103,168,107,45,109,174,51,119,59,253
194,261,135,264,73,138,202,268,205,79,16,81,210,275,87,119,280,215,88,94,158,231,237,109,239,303,242,51,246,311,251
194,259,68,70,71,72,264,7,76,269,77,81,274,86,23,87,88,283,158,99,101,166,168,106,109,241,51,244,116,182,121,253,254
259,68,261,71,264,72,76,269,79,144,84,86,87,88,92,284,158,95,32,101,106,112,242,243,244,51,180,116,248,251,188
66,259,68,263,72,265,74,268,76,272,80,81,211,84,210,86,87,88,89,284,158,31,32,99,163,101,107,109,51,244,116,119,253
259,68,261,69,264,75,11,269,270,79,205,81,274,210,84,86,87,88,89,284,158,32,98,163,106,109,110,242,243,51,116,250,251
256,257,258,259,68,71,264,9,75,270,81,86,279,87,281,90,283,88,158,32,98,99,168,106,109,241,51,116,182,247,248,249,254
259,68,261,69,264,265,269,270,79,81,210,275,84,86,87,88,89,281,284,158,32,98,106,109,110,242,243,51,116,251,126
68,261,263,264,266,75,269,205,81,210,85,278,86,87,88,89,92,94,95,32,158,163,104,106,109,110,114,243,51,117,116,250
323,68,261,71,7,73,202,138,79,81,275,84,86,87,88,216,91,94,158,102,231,106,237,46,109,51,116,246,251
259,195,261,264,72,265,269,206,81,274,210,84,87,283,284,155,91,158,32,98,99,168,107,109,241,243,244,115,51,182,248,122,253,254
65,68,7,72,71,76,77,80,81,276,84,86,119,87,88,277,219,284,282,158,101,102,106,107,109,242,51,244,116,117,247,253
259,68,263,72,71,74,7,268,269,79,272,80,81,211,86,87,88,25,158,31,95,99,106,109,48,242,51,116,124,255
323,261,71,265,268,269,205,79,80,81,274,210,85,87,88,89,92,158,32,98,100,101,168,41,109,47,114,51,244,250,187,253,62
259,68,261,264,72,76,269,205,81,274,210,84,23,87,88,89,283,284,158,32,98,99,100,101,166,168,109,241,51,244,116,126,253,254
257,132,261,68,75,269,81,210,83,85,278,86,87,281,90,89,88,92,93,95,32,158,109,111,240,112,114,51,116,117,313,250
68,261,71,264,10,75,269,270,79,81,274,84,85,86,87,88,28,94,158,32,98,168,106,109,110,242,243,51,116,250,251,188
68,261,71,264,7,269,77,79,141,81,275,84,85,86,87,88,281,158,94,98,41,106,110,113,242,243,51,116,246,248,251
257,258,261,69,5,264,71,269,142,79,81,274,212,87,88,281,89,158,95,32,98,101,109,242,243,244,51,116,248,249,251,127
68,71,72,8,76,269,77,142,17,274,275,84,21,20,23,87,86,27,283,284,157,158,36,101,166,168,178,51,244,116,118,119,253,254
261,263,264,265,269,142,79,80,81,274,87,88,281,283,157,158,32,168,41,106,109,110,241,243,244,51,116,118,253,254
68,261,71,7,73,138,10,75,16,81,275,86,87,88,282,94,158,231,106,237,109,303,239,243,51,116,246,311,117,251
68,261,73,138,10,205,79,16,81,210,275,86,87,88,89,94,158,32,163,292,231,237,109,239,303,51,244,116,246,311,251
259,69,72,265,76,269,268,79,205,81,146,210,84,87,88,281,89,91,284,158,32,98,101,102,106,107,109,51,244,116,119,253
256,259,68,71,72,264,76,269,77,205,81,274,210,84,86,23,87,88,89,283,284,158,32,99,163,166,109,51,244,116,248,249,253,254
258,259,132,261,68,264,75,269,81,210,83,85,278,87,88,89,92,158,95,32,105,108,109,240,112,114,51,243,117,180,116,250
323,68,261,67,71,7,265,269,270,79,15,144,18,274,81,86,87,88,282,284,158,96,100,101,106,112,51,116,180,182
68,261,264,265,330,75,269,79,80,81,210,84,86,87,88,89,283,284,158,32,98,41,106,109,110,243,51,116,309,248,249,251,60
194,259,68,71,72,264,7,76,269,79,80,81,274,84,86,23,87,88,89,283,91,284,158,32,99,166,40,106,109,51,244,116,251,253
259,68,261,264,74,75,269,272,81,210,275,84,86,87,88,281,89,158,32,98,168,41,106,109,110,241,242,243,51,116,120,250,251
257,259,68,261,71,264,72,76,269,79,208,81,274,84,87,88,89,283,284,158,32,101,106,42,109,187,243,244,51,116,251,252,254
68,69,264,265,269,81,210,84,86,87,280,89,26,88,284,153,30,158,32,225,98,41,106,109,110,51,116,182,249,251,252
259,68,261,69,264,75,268,269,270,79,81,210,84,85,86,87,88,89,284,158,32,98,106,109,110,242,243,51,178,116,250,251
66,259,68,69,263,264,268,269,272,273,274,81,210,86,87,88,89,283,158,32,98,99,106,109,47,241,242,51,244,116,253,254
1,259,68,261,72,265,264,137,268,269,75,79,81,210,84,87,88,89,284,158,94,32,100,101,103,106,107,109,243,244,51,116,253
194,68,261,70,71,264,265,7,200,269,270,79,81,274,275,84,86,87,88,284,158,121,98,163,106,109,110,242,243,51,116,249,251
68,261,71,264,75,269,79,81,274,84,85,213,87,88,89,86,283,92,158,98,168,106,109,110,242,243,51,116,182,250,251,191
68,261,69,264,265,269,270,79,205,80,81,275,210,87,88,281,89,158,32,98,41,106,109,110,241,242,243,51,116,246,248,251
330,144,145,146,208,155,156,157,158,160,34,164,293,295,167,169,300,301,302,303,304,175,306,307,180,309,310,311,181,179
2,330,142,144,146,18,148,87,153,155,157,158,160,161,294,167,296,172,173,174,175,307,180,308,179,183,51,181
321,193,203,144,212,149,278,90,154,155,158,159,162,293,167,171,300,301,172,175,305,306,114,308,117,182,179,180,185
330,141,142,148,153,157,184,158,292,293,165,294,296,167,166,299,172,300,170,303,175,301,306,307,308,174,177,179,310
330,141,142,144,147,148,149,153,154,155,157,158,160,161,293,294,167,296,300,172,174,175,177,306,307,308,179,180,183,187
5,330,141,142,144,148,150,87,152,153,155,157,158,160,293,296,170,299,300,172,175,177,306,307,308,179,180
73,138,10,202,329,144,81,275,148,91,156,155,158,160,292,293,166,231,167,170,172,237,174,303,175,306,179,180,310,311,184,251
330,142,271,144,145,148,87,155,156,158,160,292,293,294,167,169,170,300,173,172,303,175,174,306,307,179,180,177,311,310,51
330,142,16,22,151,150,87,152,155,157,158,159,32,160,163,165,293,168,41,42,299,300,302,47,304,175,306,307,308,180,182,51,187
323,7,144,81,16,275,87,155,156,157,158,160,161,292,293,37,167,297,173,302,303,175,306,179,180,309,310,311,246,181,51,251
141,144,148,155,184,158,292,293,294,295,166,167,170,299,300,172,174,303,175,177,306,307,308,309,310,311,179,180
330,142,143,144,87,153,154,155,157,158,160,161,163,293,294,167,300,172,173,175,303,306,307,308,180,179,51,118,181
330,141,142,143,144,16,87,155,157,158,160,161,163,293,167,168,41,296,299,300,172,47,303,175,306,307,308,178,179,180,51,118,190
330,141,142,143,144,146,147,88,153,155,157,158,293,294,167,166,297,299,300,172,175,176,306,307,308,178,179,180,184
330,141,142,144,148,150,153,154,155,157,158,293,295,296,167,299,300,172,174,303,175,306,307,308,179,310,184
330,141,142,144,153,154,155,156,157,158,160,161,292,293,167,168,169,170,300,172,173,303,175,306,307,178,309,179,183,180,181
330,142,144,148,151,153,154,155,157,158,160,293,294,167,296,166,297,108,172,301,175,307,180,179,182,183
330,141,142,146,147,148,149,153,155,92,157,158,161,294,169,170,299,300,172,174,175,306,307,308,309,180,178,54,310
72,73,330,142,144,16,146,148,150,87,151,153,155,157,158,159,160,161,163,165,294,168,299,302,175,307,308,180,51,183,182
330,141,142,144,146,147,148,150,152,153,154,155,157,158,160,293,294,166,296,167,300,172,175,177,306,307,308,180,179
330,142,144,148,153,155,157,158,160,161,163,294,168,298,170,172,174,175,176,178,179,180,309,55,184,58,59
330,141,142,148,155,157,184,158,292,293,295,167,170,299,172,300,174,303,175,177,306,307,308,309,310,311,179
141,144,148,154,155,184,158,160,292,293,166,167,296,170,299,172,171,300,303,175,301,306,179,308,307,182,174,180,310
135,73,138,202,13,81,275,150,151,88,152,28,94,30,32,158,292,165,37,231,167,168,44,237,174,303,239,175,179,308,246,311,251
3,12,144,19,150,87,151,152,154,155,222,158,159,161,34,165,232,41,234,43,168,173,238,47,112,46,240,111,51,313,317,191
330,142,144,146,148,149,87,153,154,155,158,159,160,33,293,294,166,296,167,299,172,175,307,180,308,179,183,182
330,141,144,148,153,155,158,184,160,292,293,166,167,170,299,172,300,301,303,175,174,306,307,308,179,180,311,310
330,143,144,20,87,88,155,157,158,160,161,293,294,167,37,169,297,173,302,47,303,175,306,307,180,178,179,181,51,190
2,330,141,144,146,147,87,155,157,184,158,160,159,293,294,296,299,300,172,174,175,304,306,307,308,180,309,179,51
7,73,16,81,275,150,151,152,87,155,158,159,292,293,37,231,165,167,168,172,237,46,303,175,306,307,308,179,182,311,51,186,251
64,2,330,269,142,143,144,274,87,155,157,93,158,160,294,38,296,173,46,175,302,306,307,180,308,182,183,179,181,51,61
330,141,142,143,144,148,153,154,155,158,160,292,293,166,167,169,170,299,172,300,174,175,303,306,307,308,179,180,310,184
330,141,142,144,148,88,153,155,157,158,160,292,293,297,170,299,300,172,174,303,175,304,306,307,308,178,179,311,180
330,144,81,275,147,148,154,155,156,158,184,160,292,293,294,167,166,300,237,172,303,174,177,306,307,175,179,310,311,180
129,330,142,143,144,146,87,153,155,157,158,160,32,293,294,296,169,300,173,302,175,306,307,308,180,182,179,184,181,51
64,194,7,330,142,144,148,149,151,87,155,157,158,160,33,161,294,167,108,172,173,175,176,307,180,179,182,183,181,51
330,203,141,144,87,154,155,157,158,160,161,185,293,166,167,171,172,299,301,303,300,175,306,179,308,307,173,311,180,51,181
192,1,193,323,4,203,206,209,212,214,87,151,183,158,159,32,95,162,165,168,232,233,171,172,47,175,114,115,50,55,61
330,142,144,146,147,87,153,155,157,158,159,160,161,293,294,299,300,172,173,175,110,306,307,308,180,179,181,51
257,322,258,324,262,144,145,148,213,149,87,154,155,221,158,248,225,160,166,295,167,297,170,172,174,175,179,180,309,310,312,249,318
4,141,142,146,211,147,150,151,87,153,152,155,157,158,159,99,165,168,41,299,300,172,302,175,47,307,308,179,182,183,51
330,141,142,143,144,148,149,87,153,154,155,157,158,32,160,293,294,166,296,167,300,172,174,175,306,307,308,180,179,51
330,142,144,146,147,148,87,88,153,155,157,158,160,294,170,299,172,174,175,306,307,180,309,308,178,184,179,125
330,141,142,144,148,153,154,155,157,158,160,292,293,166,295,296,167,170,299,172,300,174,303,175,306,307,308,179,180,310,184
128,130,131,132,133,134,135,136,73,138,10,140,202,329,139,16,81,275,213,291,231,123,237,303,239,246,311,251,124,126,127
128,64,130,131,132,133,134,135,136,137,139,140,13,23,285,286,288,289,290,291,168,57,123,124,125,127
128,130,323,132,195,131,134,136,133,135,139,140,19,222,288,289,291,37,232,234,238,46,240,122,123,124,126,127
128,130,323,131,132,134,135,133,73,138,202,10,329,139,140,81,275,287,290,291,37,231,123,237,46,303,239,311,251,124,126,127
128,130,131,132,133,134,135,136,73,138,10,140,202,329,139,16,81,275,285,286,288,290,292,231,123,237,239,311,251,125,127
192,128,130,323,131,8,137,138,139,140,13,208,17,21,214,23,27,289,161,291,168,40,123,44,178,57,122,187,188,127
128,130,131,132,133,135,136,138,139,140,285,222,286,287,289,290,291,288,37,123,125,127
128,129,130,131,66,132,133,134,136,137,135,139,140,75,144,222,286,288,289,290,291,37,50,56,122,123,124,127
128,130,131,132,133,134,135,136,137,139,140,13,23,285,286,288,289,290,291,56,123,124,125,127
128,130,323,131,132,134,135,136,133,139,140,208,23,222,286,32,289,288,291,37,41,234,123,124,126,127
128,130,131,132,323,133,135,136,134,139,140,23,285,222,286,288,289,290,291,123,124,125,127
128,130,131,132,133,134,135,136,73,138,202,140,10,329,139,16,81,275,151,288,291,292,165,231,123,237,239,303,311,251,127
128,130,131,132,133,134,135,136,137,139,140,13,213,23,286,288,289,290,291,168,57,123,124,125,126,127
128,129,130,131,132,323,133,135,136,134,138,139,140,88,286,288,289,290,291,37,122,123,124,127
128,130,131,132,133,134,135,136,137,139,140,285,286,288,289,290,291,37,123,124,125,127
128,130,131,132,133,134,135,136,139,140,26,285,222,286,288,290,291,231,234,123,125,127
64,128,129,323,130,131,132,135,133,137,134,139,76,13,136,140,23,286,288,290,291,294,168,169,45,57,122,123,124,127
128,130,66,131,132,133,135,134,137,136,139,138,140,286,288,289,290,291,168,233,169,55,57,122,123,124,125,127
128,129,130,131,132,133,134,135,136,137,265,139,140,286,288,289,290,291,100,101,294,233,182,56,122,123,124,125,127
128,130,323,132,131,198,261,136,133,134,139,137,138,140,135,222,286,288,289,291,37,41,234,238,122,123,62,127
128,130,131,132,196,261,134,133,136,135,203,139,140,210,83,19,278,285,288,162,291,111,240,112,51,54,122,123,124,126,127
128,2,130,131,132,70,199,135,201,266,139,133,136,140,88,217,285,286,288,290,35,167,173,53,125,121,123,124,189,127
128,130,131,132,197,133,135,136,137,134,139,140,13,208,17,23,286,288,289,290,291,37,168,40,44,127,57,123,124,63
128,130,131,132,133,134,135,136,138,139,140,285,222,286,288,290,291,37,232,53,125,121,123,189,127
128,129,322,323,324,131,130,132,200,133,134,136,135,139,140,212,213,221,285,287,288,37,295,297,169,123,236,62,122,315,126,127
64,128,130,131,132,133,134,135,136,137,139,140,13,23,285,286,287,288,289,290,291,168,57,122,123,124,125,127
128,130,131,132,133,135,136,139,140,285,222,286,288,289,290,291,238,123,124,125,127
128,129,130,131,323,132,133,135,200,73,138,10,140,134,136,139,81,275,288,231,123,237,239,311,122,251,126,127
128,2,130,131,132,70,199,134,201,266,133,136,135,139,207,140,217,222,286,288,35,36,291,167,173,53,121,122,123,124,189,126,127
64,128,130,131,132,133,134,135,136,137,265,139,140,13,23,287,288,289,290,291,37,182,56,122,123,124,125,126,127
194,323,197,327,200,199,201,9,202,205,208,209,210,275,212,213,215,27,222,37,41,234,43,46,47,313,314,187,317,191
194,323,197,199,200,329,138,202,73,10,201,205,16,81,207,275,208,209,210,213,87,215,158,231,237,187,239,51,311,313,314,251,191
194,323,324,197,327,200,199,201,202,205,207,208,80,209,210,213,215,216,222,37,234,43,314,312,313,186,187,317,190,191
194,323,197,327,200,9,199,201,202,205,207,208,209,210,19,213,87,215,222,158,41,234,43,47,51,313,314,187,317,190,191
256,257,322,258,324,260,191,194,328,323,197,199,201,202,205,208,145,210,209,213,215,221,287,312,236,187,248,122,315,318,319
194,323,324,197,327,200,199,201,202,205,208,209,210,213,87,215,222,158,32,37,41,234,43,47,189,313,314,187,317,190,191
256,257,322,258,324,260,262,191,194,197,199,72,201,202,205,208,209,210,213,87,215,89,221,287,312,236,187,248,314,315,318,319
194,323,322,197,327,200,73,138,10,202,329,199,201,205,81,208,275,209,210,213,87,215,94,158,231,237,187,239,303,246,311,251,191
192,194,323,197,326,135,200,73,202,138,329,199,201,205,208,81,209,275,210,213,214,215,32,231,237,187,239,246,311,251,191
2,323,194,70,199,327,201,266,202,205,207,208,210,275,214,215,217,32,35,167,173,53,121,187,189,191
192,191,322,323,195,194,197,199,328,201,202,205,208,210,211,213,214,215,217,230,40,49,315,245,313,122,187,317,126,319
194,323,324,197,135,200,329,202,73,138,199,72,201,208,81,205,275,78,209,210,213,215,152,231,237,187,239,246,312,251,317,191
194,197,6,327,199,9,266,201,202,205,208,209,210,213,87,88,215,216,222,32,37,167,234,43,173,187,313,314,317,189,190,191
191,2,194,197,70,199,201,266,204,205,207,208,210,213,214,215,88,217,35,167,53,189,314,187,317,190,319
192,194,323,324,197,326,199,328,201,202,205,208,209,210,82,213,214,215,221,94,32,123,47,241,315,314,187,317,191
256,257,322,258,324,260,262,194,197,134,199,267,201,202,205,191,209,210,213,215,88,87,221,229,187,51,245,312,122,315,318,319
194,323,324,261,67,197,200,198,199,201,202,205,270,79,78,209,210,275,18,213,215,282,96,225,41,106,187,110,311,313,251,318,191
192,194,323,197,326,199,201,202,204,13,205,208,209,210,213,214,23,87,215,158,32,168,186,51,313,314,187,188,317,191
320,194,195,197,326,327,199,201,202,205,207,208,209,210,212,213,214,215,281,26,288,234,43,314,238,313,186,187,317,191
194,323,324,197,327,200,199,201,202,205,207,208,209,210,19,213,87,215,222,158,41,234,43,238,47,51,313,314,187,317,191
192,194,323,324,197,199,200,201,202,204,205,208,209,210,213,214,215,221,222,32,234,43,187,47,313,314,315,317,191
192,194,195,197,199,9,201,202,204,205,208,209,210,148,213,214,151,87,215,227,186,176,51,183,314,187,317,191
194,2,197,6,327,199,9,201,202,205,208,209,210,213,87,215,222,38,232,317,234,43,238,46,51,313,314,187,189,190,191
65,194,195,197,326,199,137,201,202,204,13,205,208,81,210,211,209,213,87,215,290,291,101,294,233,59,107,182,186,187,317,191
194,5,197,327,199,201,202,205,207,208,209,210,275,213,87,215,26,155,222,158,32,37,41,234,43,314,182,313,186,187,316,317,191
192,66,194,197,199,72,201,202,204,205,13,208,209,210,211,213,214,87,215,216,31,45,187,125,186,59,124,317,191
258,323,194,261,67,197,200,265,198,199,201,269,270,79,208,205,18,275,210,213,215,88,282,96,225,100,101,106,187,51,246,251,191
321,193,195,132,196,194,197,199,201,202,203,204,205,206,209,210,83,212,213,278,215,87,90,163,240,114,51,187,191
193,321,195,132,196,194,197,199,201,202,203,205,206,208,209,210,83,212,213,278,215,87,89,111,240,112,51,312,186,187,191
191,194,323,197,135,200,73,202,138,329,199,201,205,16,81,207,275,208,209,210,213,87,215,158,231,237,187,239,311,312,251,319
194,323,197,135,200,73,10,138,202,140,199,201,16,81,205,275,207,208,210,209,213,87,215,158,231,237,187,239,303,311,251,191
192,2,194,68,197,326,199,72,137,204,205,208,210,211,213,214,215,218,290,294,103,166,233,59,107,45,53,186,187
320,194,197,326,327,6,199,201,202,204,205,207,208,209,210,212,213,215,216,222,234,43,314,238,313,186,187,317,190,191
1,194,67,325,197,199,201,202,204,205,206,209,210,277,213,87,215,89,93,32,97,163,228,232,109,179,54,120,187,61,191
194,323,197,327,199,328,201,203,202,269,205,208,209,210,213,87,215,26,222,37,41,234,106,43,110,51,189,313,314,187,317,191
194,197,135,199,73,138,202,10,329,201,79,205,81,208,275,209,210,213,215,28,292,231,237,46,303,239,187,311,186,251,188,191
128,194,323,132,261,197,199,201,202,203,9,77,205,208,209,18,19,210,85,278,213,87,215,220,158,41,234,47,240,304,182,187,191
194,197,199,200,73,10,138,329,202,201,205,81,210,275,213,87,215,292,231,167,42,237,187,303,239,177,246,311,251,188,189,191
256,257,322,258,324,260,194,197,198,199,201,202,191,205,208,209,210,213,87,215,89,221,158,225,312,187,248,249,122,315,318,319
322,323,324,194,197,327,200,199,201,202,205,208,209,210,213,87,215,222,158,186,234,43,312,313,314,187,317,190,191
320,194,5,326,327,197,9,199,201,202,205,208,209,210,213,214,87,215,281,25,222,158,32,234,43,47,313,314,187,317,191
193,194,323,197,327,200,201,199,202,205,208,209,210,275,213,87,215,222,231,234,43,238,189,313,314,187,60,317,191
194,323,68,261,324,67,200,197,198,75,203,199,78,201,205,209,18,210,85,213,215,282,94,159,96,34,163,104,171,301,250,187,191
192,66,194,197,199,72,201,74,202,268,13,204,205,208,272,209,211,210,213,151,87,215,31,45,51,186,187,124,191
192,194,323,197,327,199,9,201,202,204,205,13,208,209,210,211,148,213,214,87,215,158,186,176,183,314,187,317,191
194,323,324,197,327,200,329,199,328,12,201,202,205,208,209,210,213,215,222,41,43,47,48,313,314,187,316,317,191
194,323,261,197,327,199,201,202,75,203,205,206,208,209,82,210,85,213,87,215,94,158,163,104,250,301,47,52,313,314,187,317,191
194,323,324,322,326,327,200,9,197,199,201,202,205,208,209,210,213,214,215,32,98,37,234,43,47,313,314,187,317,191
194,197,326,199,200,73,138,202,329,10,201,205,16,81,208,275,209,210,213,214,215,87,94,158,231,237,187,239,303,246,311,251,191
191,322,323,324,258,194,3,200,328,325,197,199,327,201,12,208,205,210,213,85,215,221,287,225,289,315,312,122,187,60,318,319
194,323,197,135,200,73,138,10,202,329,199,201,16,81,205,275,207,208,209,210,213,87,215,158,231,237,187,239,303,51,311,251,191
194,323,197,135,200,73,138,10,202,329,199,201,16,81,205,275,207,208,209,210,213,87,215,158,231,237,187,239,51,246,311,251,191
256,257,322,258,324,260,262,194,197,199,201,202,191,205,207,208,209,210,213,87,215,221,158,287,312,187,51,248,249,122,315,318,319
194,324,197,325,327,199,201,202,205,208,209,210,213,87,215,26,222,158,32,98,41,234,43,106,110,313,314,187,317,190,191
192,194,323,197,326,71,328,199,201,202,269,205,206,208,207,274,209,210,212,214,23,213,215,168,186,47,244,314,187,317,191
194,323,197,6,327,200,136,199,201,202,205,207,208,209,210,275,213,87,215,222,158,32,234,43,238,313,314,187,317,191
194,197,326,327,264,199,201,202,205,207,208,209,210,213,87,215,222,32,37,293,41,43,314,46,51,182,313,186,187,317,190,191
194,323,261,325,327,200,197,138,203,199,201,202,205,208,209,210,275,85,213,87,215,222,158,231,234,240,313,314,187,190,191
192,191,194,323,197,135,200,73,202,329,74,138,199,201,208,75,76,205,209,210,214,213,216,87,215,237,187,315,126,319
192,322,323,324,194,199,201,202,205,208,210,213,214,215,32,229,39,314,187,47,312,122,315,317,318,191
194,323,197,199,200,201,138,202,205,207,208,209,210,275,213,87,88,215,222,37,167,231,237,51,53,313,314,187,189,191
194,323,5,6,327,136,197,199,201,202,205,207,208,209,210,213,87,215,222,32,41,234,43,238,47,51,313,314,187,317,191
192,194,323,197,71,200,199,202,11,201,205,208,210,213,214,23,215,32,168,187,47,244,182,314,315,188,317,191
192,194,323,67,71,200,199,202,13,205,79,208,274,18,210,213,214,23,215,221,96,32,168,47,244,182,187,191
192,128,321,323,194,326,199,9,202,204,205,208,17,210,213,214,23,22,215,27,32,163,168,186,123,47,55,314,187,317
322,323,324,261,194,71,200,197,199,201,202,205,270,15,79,208,209,275,210,213,86,87,215,106,113,242,116,313,187,191
192,66,194,195,197,199,72,201,74,204,205,268,209,210,211,213,214,215,217,31,172,45,125,189,313,186,187,124,317,191
191,322,258,324,194,197,199,328,200,201,202,205,207,208,209,210,213,87,215,221,158,287,225,34,315,51,312,314,187,317,318,319
194,323,197,327,200,199,201,203,202,205,207,208,209,210,19,85,213,87,215,216,222,158,234,43,238,313,314,187,317,190,191
193,321,195,132,194,197,199,201,202,203,204,205,206,209,210,19,83,85,278,215,212,213,87,89,163,240,112,51,187,191
194,323,197,327,200,199,138,202,328,201,205,271,208,209,210,275,213,87,215,96,231,43,187,46,47,189,313,314,251,317,191
194,323,197,326,135,200,73,10,138,202,140,329,199,201,81,205,275,208,209,210,213,214,215,87,158,231,237,187,239,303,311,251,191
194,323,195,197,135,200,73,10,138,202,329,199,201,16,81,205,275,210,211,209,213,87,215,231,237,187,239,51,311,312,251,191
194,323,197,326,327,199,201,202,12,205,208,209,210,213,214,215,222,41,42,43,46,47,238,53,118,313,314,187,317,191
128,193,194,195,132,197,199,201,202,203,205,206,207,208,209,210,19,85,278,215,213,87,158,240,51,313,314,187,190,191
128,194,132,261,197,199,201,202,203,12,205,207,208,209,210,19,85,213,87,215,26,222,158,43,238,47,51,313,314,187,317,190,191
1,194,323,68,67,197,199,201,74,202,76,205,206,208,209,80,210,18,213,214,87,215,221,96,232,112,114,51,187,124,191
256,191,322,323,324,325,194,258,200,197,199,327,201,202,205,208,145,210,209,213,215,221,287,236,187,54,312,315,318,319
2,194,197,70,199,201,266,205,207,208,209,210,213,215,88,217,222,121,35,36,167,173,53,117,189,313,187,317,191
192,194,67,323,197,199,200,265,202,74,9,201,205,208,210,213,214,215,221,32,232,168,46,112,186,187,124,317,191
