225,739,1251,1062,682,942,335,628,93,1273,1244,285,1049
1248,1282,741,1157,1285,1287,1194,362,43,663,1277,1242,1212,669
962,740,329,208,50,93,569,443,572,573
1216,676,742,1127,776,784,497,1173,885,727,408,889,571,667
482,707,199,744,872,968,844,1046,217,862
1189,357,747,589,941,271,432,437,821,1212,317,447
1218,355,1194,746,43,1006,849,1234,1202,822,663,1212
1248,867,547,102,808,172,749,753,467,789,22,505,1114,539,477
389,909,910,911,752,594,595,922,990
161,898,771,996,171,110,753,625,691,374,694,509,1118,671
652,621,369,722,755,756,754,118,343,851,1209,1274,1119,351
961,1250,40,1225,808,587,718,48,760,1272,893,703
1157,266,362,588,272,432,53,86,311,1242,447
747,1259,589,269,430,272,432,1212,821,86,796,317,734,447
1252,90,454,808,714,31,703,823,794,796,957,606,639
1248,321,69,40,842,363,684,107,718,654,592,1105,607
608,1056,771,772,777,812,1198,115,1075,917,218,764
448,609,97,263,648,361,1133,1102,1007,438,1048,1050,444,701,351
1218,613,806,1194,362,718,399,1148,1212,1202,822,1272,540,893
2,930,164,968,1258,977,1170,1268,1046,1015,410,411
577,929,614,6,779,972,975,178,628,885,436,863
196,421,934,969,1258,976,497,1170,757,310,1175,1109,1179,1150
804,103,776,1068,847,82,758,185,1278
482,706,968,201,1130,1197,815,977,1046,1110,1111,410,411
1272,419,40,362,893,718,399,1201,1202,760,1211,1212,540,703
1152,1145,579,550,401,913,979,980,1013,982,1239,761,991,605,799
931,614,873,779,976,1267,436,313,1179,828,767
772,292,777,1131,1198,1263,814,1203,404,1075,115,759,1114,956,254
608,1056,771,611,777,204,917,218
448,609,770,668,644,616,531,308,884,444,701
768,1218,354,741,422,362,234,241,1266,1148,125,350
32,1031,1035,1004,785,914,852,761,1174,1017,891,860,830,223
614,6,779,972,975,976,178,436,885,313,828,767
1056,608,771,611,777,204,917,218,956
161,1122,1279,991,773,549,237,561,850,761,442,799
1097,1133,110,1007,378,495,118,791,1208,1209,826,1182,351
1282,100,773,1285,1287,904,172,109,660,789,952,1277,1279
419,837,1254,1032,1256,1259,1261,430,433,787,119,1177,893
1217,26,394,206,399,271,1233,786,794,796,831
795,356,1222,231,808,760,984,24,1211,1117,798
1217,40,1193,718,271,399,786,248,794,796,831
231,808,1211,845,718,25,55,57,795,1212,1117,798
714,206,399,271,304,786,248,794,831
801,227,356,613,806,72,360,1162,683,785,51,886,951
802,771,901,425,777,753,305,1108,533,247,665,318
121,1279,552,106,1003,401,727,952,761,1114,893,799
800,1248,67,230,6,841,778,972,239,1042,436,917,249,956
192,292,36,293,263,809,106,139,396,526,468,533,408,473,475
1218,810,362,1006,1234,306,661,1148,349
1218,900,613,806,1006,783,51,822,760,1083,1212,349
1088,1250,231,808,845,13,269,1232,760,918,952,729,1211
1249,1218,775,520,1127,777,683,236,816,1168,954,1148,349
1217,1188,589,206,272,1233,821,1206,1148,317,382,447
737,357,1096,811,589,367,784,209,1266,1212,1242,1083,796
1184,418,194,549,329,1132,814,847,55,1210,412,414,375
448,609,993,389,261,595,1238,537,827,444,637,575
1281,229,6,873,779,976,436,1210,828,1150,767
613,806,805,426,746,173,244,822,1083,1212
121,706,1122,260,1186,807,875,913,371,566,825,442,283,1085,862
1154,613,669,362,1290,269,303,29,306,498,531,729,604,349
960,864,640,609,738,709,585,586,618,531,634,441,730,731,671
259,580,196,583,492,877,366,912,276,1109,54,918,568,670,1151
708,1096,776,1066,1083,1068,173,1064,885,727,1112,667,1086,1055
739,90,390,998,682,14,1039,718,662,439,246,665,794,255
833,420,682,906,170,364,848,593,1009,597,1208,1051,1180,894
608,194,418,743,680,204,1075,115,534,55,310,218,60,703
322,281,231,685,144,1232,626,693,1205,1113,445,543
259,323,69,675,107,684,686,654
674,1219,1220,621,80,118,342,406,1182,1119
672,1030,646,297,713,267,811,206,304,373,380,1148,447
609,994,678,838,908,1133,814,1007,627,438,759,1238,441,1182
675,323,69,451,840,107,684,363,654,686,592
131,356,268,590,112,401,690,29,980,1136,601,1240,24,1144,605
866,227,1060,1124,1222,429,691,693,918,309,760,153,666,700
1248,291,902,1064,940,943,497,692,885,1173,727,1112,667,925,30
259,675,323,107,684,654,686,497,891,1244
960,640,864,1284,1286,359,715,1131,687,657,1137,725
161,579,645,550,872,458,815,688,977,499,211,1013,631,509
1113,801,322,153,8,616,427,173,685,845,689,693,280,281,543
1209,744,267,780,844,143,723,920,919,792,697,1051,764
1190,711,428,237,1230,115,1075,1011,120,1048,954,699,254
644,884,1142,887,537,890,701,222
67,1284,966,1286,841,720,657,731,1206,407,1179,668,702,1183
641,1282,452,1285,1287,203,718,689,626,693,886,187,1277,543
288,0,640,709,869,744,745,625,340,853,694,631,1021,1279
704,257,1092,1125,679,233,620,1039,213,696,954
933,294,679,712,1063,1127,377,807,968,453,1046,1272,409,379,318
836,710,326,1224,299,44,300,1199,336,178,627,435,179
708,679,1096,233,1192,1066,173,432,374,1174,950,1113,954,667
705,1121,1058,1154,967,392,1290,624,402,666,604
704,1028,1093,518,393,717,372,373,86,1080,25,1084,1055
619,1260,1259,430,331,433,119,1207,1177,893,703
673,1027,1220,361,652,110,754,851,755,342,406,826,1119
418,325,999,1034,720,976,978,1170,1111,1179,375
322,612,613,357,393,588,269,13,719,783,53,822,918,1212
439,1252,1032,1261,787,1207,1272,1177,90,893,318
69,840,40,107,684,363,718,654,592,787,1177,607
1282,1156,1188,1285,1287,297,716,1232,1233,1266,1205,1277
640,1284,485,1286,715,687,657,725,185,730,702
928,1,0,4,7,1226,367,1200,1041,1016,1049,93,927
771,454,808,1128,714,777,1232,882,1076,794,957,606,703
1248,802,425,976,305,627,757,247,728,665,346,318
322,356,808,8,616,1067,624,306,918,280,729,666,24
649,777,875,237,1200,561,404,726,983,920,731,668,93
677,777,748,781,623,115,1075,436,534,727,310,1114,1275
899,324,249,327,685,13,814,242,724,693,918,153,346,187
960,864,640,803,1284,618,715,687,657,725,730
838,906,1133,1134,1007,346,722,754,756,115,438,629,1016,1210,351
509,290,682,970,906,1037,638,1073,723,629,920,697,1051,189,894
737,357,646,1161,746,43,783,1201,306,1266,659,661,663,1212
161,738,5,648,585,586,629,634,695,730,1021,671
996,1128,606,1259,430,1140,1236,1207,1177,31,734,703
1248,454,487,587,623,1265,657,305,794,1211,412,1021,606,735
673,738,1284,1286,905,682,906,621,1040,1073,629,634,733
864,960,640,835,1284,1286,874,715,687,1040,657,725,854,730
1283,132,456,299,461,142,143,401,691,980,732,605,671
736,706,643,707,709,1190,1100,655,720,122,894
736,636,673,643,764,709,1190,98,290,745,234,1020,46,946,1244
1113,153,685,845,240,626,693,1205,918,281,187,445,543
1248,901,171,1195,143,784,689,178,628,21,214,1274,1244,797,351
677,680,812,1037,1230,623,748,177,115,1075,534,727,1275
1121,1058,705,967,392,1064,624,1112,666,604
640,864,1027,1284,1286,647,1100,751,629,953,634,636,478,415
1184,418,771,549,1190,551,744,745,1258,1191,1132,878,636,1149
1186,229,968,681,844,815,976,625,978,853,1046,124
257,1125,421,679,424,1065,23,632,954,1086
738,866,1190,617,841,11,428,809,555,1073,787,1011,1108,1213
960,835,1284,1286,134,618,874,1106,883,211,1206,854,1183
738,674,485,1274,621,625,657,883,634,342,406,698,730,638,671
0,928,962,869,263,622,943,368,1169,1041,915,1171,694,637,127
1252,331,619,1260,1261,430,433,119,893,703
481,677,679,520,1127,1290,620,13,1232,374,281,187,1053,543
1218,1155,355,1157,1159,362,43,1167,1234,659,663,1148
448,770,647,648,906,1102,622,944,656,915,894
1184,772,1190,551,137,363,1132,655,1263,120,218,1020,1183
323,259,69,451,675,840,107,684,654,686
1056,608,121,611,970,558,270,561,821,662,248,665,764,1048
1218,515,535,775,810,362,1234,306,20,661,22,503,344,1148,61
193,418,963,549,781,814,879,660,916,1208,346,1180,861,1215
1216,407,676,645,935,727,880,211,1043,631,408
736,706,643,707,709,1190,1100,655,720,410,122
1088,641,227,1127,8,169,173,685,175,845,13,1168,1232,280
514,1124,606,823,786,309,597,1111,1176,794,731,957,638,223
352,384,358,650,1163,1164,338,25,889
833,673,614,648,1002,396,1102,1169,1009,915,593,730
864,9,1100,687,751,721,723,629,920,697,730,638,415
1187,292,649,841,875,1200,561,726,983,920,731,93,1183
224,2,706,37,232,968,1258,1197,1268,1046,1111,1110,410,411,1215
835,935,874,907,1106,1043,1206,854
962,1187,869,1158,329,106,1195,12,1228,973,432,799,93,1183
641,1157,8,1289,1194,362,1290,13,235,495,106,1232,24,187,1212
640,1284,1286,680,687,1040,657,751,695,698,1021,702
482,199,744,968,872,745,844,1130,1046,217,862
290,738,1027,1210,1001,415,1045,629,1016,1209,634,733,478,1023
161,738,1027,1218,415,585,586,656,1079,730,634,671
163,968,1130,815,466,1110,1111,1046,410,411,92
2,706,484,133,968,1130,1197,410,17,1110,1111,1046,122,411,1215
3,6,614,972,975,976,178,1042,436,859,828,1150,863
418,325,1034,720,976,978,1111,375,346,1179
705,1154,70,967,392,1290,1165,49,113,604,669,510
640,292,1255,839,874,1195,1228,1263,1151,1203,1011,854,93,1183
964,615,872,1004,844,878,976,1108,1015,985,924,1017
928,0,962,5,1158,1226,620,973,942,1200,1041,1016,927
1177,1252,933,1256,1261,439,1272,1207,90,893,318
439,1250,1252,1032,1260,1261,787,119,1207,1272,1177,893,703
608,1056,611,771,764,777,812,1198,917,218,956
871,971,939,1262,398,1264,819,856,959
1157,1189,297,1194,334,1232,1233,1266,1201,1205,1212,317
608,772,100,1255,1228,109,814,115,789,952,1114,412,765
224,37,871,232,971,939,1262,1264,819,856,155,959
1248,929,580,1253,6,1223,968,1139,436,1115
448,1249,741,70,776,1194,362,409,816,1168,277,663,216,729,445
290,707,262,102,848,851,468,117,533,58,539,1276,1182
804,103,776,1068,82,818,758,185,861,1278
161,260,773,709,807,552,1098,1003,625,371,799,761,1114,283,1279
1280,1089,418,1061,1070,595,1110,1111,922,411,1213,351
35,1220,293,652,1135,369,594,851,342,118,58,1182
1219,1220,652,621,80,851,406,118,1274,1182,1119
1282,68,1188,1287,174,1232,1233,1266,1205,1277,382
962,869,1158,839,973,942,1200,1270,1048,1273,93
1284,966,934,1288,70,77,782,751,16,1073,1267,1209,634,1150
930,872,1258,1034,878,976,720,1170,1171,1108,978,1268,410,1179
1217,1282,68,1287,941,1232,1233,1205,1206,630,317,1277,382,1215
1157,616,43,334,783,1148,1201,1266,306,1202,663,1242,1212
161,1282,1285,677,1029,776,613,1287,567,1199,727,283,1180,1277,511
389,909,911,594,595,658,1269,602,922,990
2,482,199,968,744,1130,844,1197,1046,217,862
1251,451,614,136,972,975,464,1199,178,1267,16,538,859,863
769,707,764,803,776,1194,784,1076,790,1271,1244,797
1248,640,290,636,673,770,647,784,1014,695,1273,634,764,542
290,1219,1220,674,621,118,406,1182,1119
481,1218,102,264,362,1006,849,1234,306,498,467,22,535,539,1148,349
1216,1185,676,408,106,874,718,1235,211,883,1206,631,854,893,1183
1217,76,206,399,271,1233,786,794,796,317,382
161,162,2,706,1001,1130,815,410,977,1110,1111,122,411,479
290,99,1219,361,908,909,911,368,594,1045,343,826,1214
929,1253,6,1223,370,1139,436,1115
1248,929,1253,6,1223,614,1139,436,1115
1282,1188,1285,1222,1287,1232,1233,626,1205,24,1277,126
674,1219,1220,290,838,652,621,406,343,1182,1119
899,567,934,903,1160,1000,1224,398,1199,627,852,599,56
608,1056,418,611,194,772,777,812,109,1198,310,55,952,1114,956
292,772,1195,1196,1230,1072,498,1075,531,344,1114,957,254
1218,355,805,1193,1194,43,784,849,663,1242,1148
1157,806,1189,746,43,1006,306,1202,822,663,1242,1083,1212,349
795,225,1282,194,1287,808,231,109,1039,789,310,55,1211,1117,798
1281,934,972,173,18,757,55,1210,828,1150
418,229,1034,1258,847,976,720,978,1170,1179,124
1282,1285,1287,297,494,1232,1233,1266,1205,1277
1218,355,612,1157,1189,775,1194,306,1212,1266,659,86,437,1148
1218,362,1194,1006,1167,849,1234,306,661,1148,349
1218,612,1157,1189,1194,266,589,1006,306,1212,437,1148,349,447
834,1189,646,357,1230,272,53,86,437,796,311,447
835,935,874,907,1106,1043,883,854,1206,630
865,418,197,1190,711,938,428,655,120,122,699,1020
320,101,453,231,1288,328,1231,1265,1141,184,1178,348
290,1219,1220,361,1133,1135,559,594,118,438,1182
257,421,1125,1065,727,23,632,377,667,1086
932,965,1126,204,1037,782,948,469,218,347,60
674,1219,1220,293,621,559,851,118,406,1213,1182,1119
1121,1058,967,392,1064,402,1077,184,666,1112
1057,609,642,121,1129,1002,841,908,874,244,854,408,57,446,351
290,36,293,396,1133,1135,80,594,851,915,438,58,1182,1214
704,227,281,1127,423,186,427,236,814,245,86,760,409,346,445
964,6,872,744,968,1258,844,815,976,977,1170,1046,862
1282,707,1285,1062,1287,1128,618,1232,1140,1205,1236,1277
1252,1254,1032,619,1261,430,433,787,1207,1272,1177,893,318
1218,362,1194,746,1006,849,1234,306,1148,349
1282,515,1156,1285,1287,716,1232,1233,1205,252,1277
0,928,1273,1226,942,1200,1041,1014,1049,93,927
771,1189,614,172,1196,1230,1198,115,1075,917,1107,859,956,863
899,68,931,934,710,1224,44,463,178,1267,627,124,1150
2,706,968,42,1197,815,977,1268,1110,1111,217,410,411
96,961,802,676,1252,454,1225,587,48,1232,1203,631,440
225,836,841,778,1227,718,1073,314,891,893,318
0,835,297,974,334,1232,1233,1266,1206,630,121,317
674,738,740,970,621,1073,722,723,755,629,662,1016,1213,671
771,966,488,841,42,778,1037,1102,751,656,339,218,315,764
960,640,1284,1286,874,618,1040,1106,883,407,698,702,1183
1092,679,1095,717,1072,633,950,696,345,954,1053
1248,674,1220,1102,944,656,1073,788,725,792,697,1051
1113,322,153,421,1127,200,522,268,338,729,693,918,760,281
994,1219,838,710,264,43,908,909,1007,911,945,594,659
1185,642,1284,1286,106,494,1040,657,894,695,1209,702
416,899,931,934,903,813,1070,178,627,308,1011,1150,95
899,710,903,1160,1224,264,398,463,178,627,599,124,1150,95
682,906,780,525,273,114,723,1268,533,792,763,894
1163,1164,1069,1166,1165,1078,376,889,25
835,487,135,169,231,874,558,302,83,1043,886,854,91,700,190
771,1124,454,777,1037,1075,404,888,793,218,189
835,1221,974,271,784,625,882,1233,1204,1206,630,792,763,989
581,1031,584,583,852,567,568,1241,985,574
864,960,640,1284,1286,874,1131,1040,1137,894,1209,698,668,702
1218,775,362,1006,783,849,1234,306,661,1148,349
576,260,1098,1038,560,850,825,761,570,283,223
1272,1252,808,426,845,718,685,760,1211,280,795
929,804,229,6,872,847,976,815,978,1170,82,1138,758,1179,1278
321,69,840,40,107,684,718,654,607
800,993,706,67,1124,932,1126,773,841,778,239,720,249,60
899,836,964,934,1224,1227,779,627,923,924,1150,767
1219,1220,838,559,945,1143,118,343,1209,1245,1182,1119
199,968,1130,875,844,815,1170,1046,1111,1110,410,411,862
357,266,810,588,1261,399,304,433,659,661,317,831
834,612,1157,362,1006,306,147,1202,540,215,1242,1212,349
390,391,72,358,423,646,1164,1069,1202,1076,950,25
739,771,1062,777,956,1005,1198,115,1075,789,1244,285
795,356,1222,231,814,760,24,57,1211,1117,798
608,579,772,1285,550,567,777,812,814,1199,761,917,1013,793,1114
389,361,909,911,368,594,595,1045,826,637,990,922
896,56,1092,40,105,427,173,558,1039,657,338,1076,696,954,861
1060,612,169,426,1035,269,13,525,1168,912,1011,892,1117,798,1151
1284,715,751,143,687,657,788,725,824,697,1051
672,1217,1189,1030,447,267,76,399,304,271,1206,823,831
1184,3,1029,71,168,265,1132,1005,972,528,309,862,1215
2,706,968,1257,1130,202,1197,815,977,1268,1110,1111,410,411
832,0,796,1157,1194,589,974,271,336,1233,399,1242,1212,317
640,225,709,638,143,1265,625,1270,823,1273,794,1021,702
418,325,549,999,1210,1130,1034,1132,14,720,246,375,346,414
864,1027,485,709,648,715,687,497,1169,727,634,478,415
1248,325,999,1001,206,304,276,436,89,284,1023
1024,833,1286,9,1040,593,1010,1009,721,1011,1018,1051
963,1286,621,49,818,113,1012,629,500,1208,953,1118
32,1153,567,860,583,615,1004,1136,596,1015,568,1017,891,985
1218,362,1006,849,1234,306,659,661,1148,349
777,748,237,1037,1008,177,469,310,88,1114
993,994,909,911,594,1238,727,602,667,637,575
994,1219,1092,264,267,908,1133,909,1007,594,885,438,1055
859,614,1034,1258,878,976,720,978,1170,375,1179,863
439,419,996,259,1259,428,430,1207,1177,90,734,703
673,385,833,870,1096,1129,1002,106,396,905,593,1009,826,1119
1187,5,649,875,1200,597,726,983,920,569,731,93
153,281,233,169,492,301,79,207,150,984,1113
153,227,486,233,685,207,1232,886,984,1113,988
609,514,249,841,1131,1137,597,895,1176,1209,731,1183
992,801,1057,38,198,1160,492,398,1231,1168,341,1141,599,538
706,1123,420,963,1160,490,906,1101,1197,591,210,597,249,1180
1120,923,421,901,1028,445,723,1172,1108,758,891,60,509,895
1185,642,161,516,293,676,292,839,73,695,698
640,448,770,1187,935,874,907,1169,1043,726,731,668,93
1059,102,1192,843,782,949,1047,539,829,766
673,833,97,870,905,1002,908,559,1009,593,826
608,1282,677,1285,1287,172,1230,1075,115,534,727,1242,1277,1278
418,835,739,709,677,969,874,1198,401,657,883,854,730,412
576,677,1031,748,237,623,560,401,177,570,727,1114,1275
964,872,744,844,878,976,914,1108,1015,985,924,1017
674,1219,1220,293,652,621,851,118,406,58,1182,1119
3,1124,1029,168,265,874,1263,883,309,854,700,477,1183
161,738,709,70,807,325,872,744,103,206,304,625,983,823
160,258,2,707,709,1190,199,410,30,151,217,122,509,158
385,1026,1284,966,1286,267,1100,751,687,1049,698,892,1151,894,415
1157,616,1194,43,746,1006,783,1201,1266,1233,849,53,659,663,1148
1216,1185,98,642,676,293,969,106,267,494,408,1209,1183
1059,102,1192,843,782,949,1047,539,829,766
1250,1252,1254,1032,1259,430,1207,1272,1177,893,734,703
2,706,484,1130,458,1197,815,688,977,17,410,1111,506,411
706,163,968,1130,977,466,1110,1111,536,1046,410,411,92
835,935,874,907,1106,883,1043,1206,854,630
835,454,1193,395,76,397,206,271,381,821,1206,317,989,382
929,609,1284,1253,1286,872,906,1040,1137,723,820,1176,731,93
770,1187,869,935,1228,1263,1041,1203,1204,726,731,668,93,254
1185,642,121,516,293,839,73,106,173,408,1209,698
131,1258,600,238,1136,112,504,601,1146,1116
3,1124,1029,71,265,299,1132,972,975,528,309
418,229,1034,1258,847,976,720,978,1170,1179,124
928,1158,1226,1195,973,1200,1041,1048,346,93,254,927
1058,967,1064,392,1161,683,489,1168,1077,184,666,1112
194,355,771,805,582,994,777,1194,43,1005,1133,242,1242,220,285
1185,642,1284,1286,906,494,1040,894,695,1209,702
0,928,483,869,1226,1200,1041,465,1016,1049,93,927
449,962,771,611,773,777,1037,271,115,404,1075,888,793,285
1184,194,418,1130,1034,1132,14,814,720,55,246,375,346,414
896,963,904,848,818,116,375,1208,249,635,1180
896,545,772,879,1235,115,249,346,635,1180,861
0,928,1226,1200,1041,1016,1049,93,927
865,418,3,1153,938,1107,1044,313,859,863
288,418,1187,1221,869,1228,1263,1041,1203,1204,254,1118,1183
896,65,418,904,814,1103,1235,249,346,635,861,62
2,163,706,968,1257,1130,466,1268,1110,1111,1046,410,411,92
1185,642,385,98,293,1219,121,106,761,408,1209
418,325,999,1034,720,976,978,375,1179,124
418,1187,1220,1221,869,1255,1228,1263,1204,346,1183
928,0,1158,973,1200,1041,1016,1049,93,927
865,418,3,1124,1029,194,265,938,299,1198,1044,309,310,55
419,1254,1032,1259,1261,718,119,1207,1272,1177,90,893,318
225,931,1156,453,776,1161,269,1231,464,1141,822,409,669,126
933,1254,1256,1032,439,1272,1177,893,318
2,930,968,872,1197,815,977,1046,1015,410,411
439,1252,1032,1259,1261,430,1207,1272,1177,90,893,703
512,706,130,295,968,1130,1197,977,1110,1111,664,1046,410,411
962,869,1158,839,973,942,1200,1270,1273,254,927
512,706,2,130,295,968,1130,1197,815,977,1110,1111,664,410,411
962,772,839,936,817,881,983,1048,1050,957,254
2,930,706,968,1130,1197,815,977,1268,1110,1111,410,411
546,1160,398,1103,111,403,1174,599,154,219
772,839,936,814,881,817,983,1048,1050,957,254
34,164,229,614,1191,1258,45,878,1171,1108,600,1146,1115,860,639
1216,384,676,805,645,293,267,1069,784,1047,407,408,1209
640,1187,869,935,1263,1041,1203,1204,726,731,668,93,254,1183
512,706,130,295,968,458,1130,815,410,977,1110,1111,664,506,411
1184,418,1124,1029,772,265,299,1132,115,309,700
1185,668,903,907,957,208,1265,1203,823,698,348,1021,606,735
962,869,1158,839,973,942,1200,1048,93,254
1187,1221,839,907,1228,1263,211,1204,407,731,668,93,254,1183
962,772,839,936,881,817,983,1048,1050,957,254
928,0,942,1200,1041,1016,1049,93,927
1091,1028,1095,679,1096,633,1078,950,376,345,954
896,546,1160,219,398,1103,848,818,1174,599,154,123
289,931,614,873,969,972,975,15,1267,828,767
288,1185,642,516,292,839,73,106,695,1048,1209,698
1153,929,3,932,6,938,779,972,975,1042,436,639
928,0,1158,1226,942,1200,1041,1016,1049,93,927
640,1187,772,1221,1228,1263,1106,883,1204,627,407,93,1183
161,706,122,1130,75,815,410,977,1110,279,1111,506,411,253
962,869,1158,839,973,942,1270,1273,93
896,546,1160,904,219,1103,398,1174,921,154,123
545,963,879,818,1235,249,635,1180,861,94
199,968,1130,875,844,815,1268,1046,1111,1110,410,411,862
2,706,484,37,133,968,1257,458,410,17,1110,1111,1046,122,411,1215
3,1124,168,265,874,883,309,854,407,630,700,1183
706,67,1252,420,1284,1286,906,1179,1197,495,976,339,597,315
227,771,169,777,429,270,749,816,1011,245,409,346,827,316
2,706,968,1130,458,1197,815,688,977,1110,1111,410,411
513,706,484,122,199,968,745,948,212,630,410,347,60,1215
1250,1252,1254,1032,1261,430,433,787,1207,1272,1177,893
896,963,904,848,818,1011,627,1208,249,635,861
1218,1157,775,362,810,1006,849,1234,306,661,1148,349
161,2,37,122,1257,458,1130,815,410,977,1110,1111,506,411
1184,418,771,611,777,1130,346,1136,115,1011,1110,600,89,1146,1116
1187,292,839,1228,1263,912,1151,1203,1204,1011,927,892,93,254,1183
835,548,935,874,907,618,1106,883,1206,854
835,935,874,907,1106,883,1043,1206,854,630
1056,608,611,771,764,777,204,917,790,956
256,2,706,968,1257,1130,1197,815,977,1268,1110,1111,410,411
962,869,1158,839,973,942,1041,465,1270,1273,254
1059,102,1192,843,782,949,1047,829,766
928,0,942,367,1200,1041,1016,1049,93,927
3,265,938,972,975,1107,309,313,859,926,863
161,2,122,199,1130,458,815,688,977,410,1110,1111,506,411
288,1185,642,161,516,293,73,106,395,267,408,1209,698
290,35,652,1135,369,594,851,533,118,342,58,1182
99,389,909,110,734,910,752,595,851,52,118,922,1214,990
194,100,812,109,748,172,660,789,310,55,952,346,88,412
930,164,968,1258,977,1170,1268,1046,1015,410,411
1272,963,707,329,108,460,1197,718,818,628,21,854,1208,1274,893
259,323,69,107,684,363,654,686
704,257,708,520,72,1163,632,1231,114,1141,280,954,667,349
833,870,905,1002,878,593,113,49,1009,1073,1213
131,1258,238,1136,112,600,601,1146,1116
866,772,777,877,846,111,403,1108,54,1175,1111,607
320,1122,101,454,1288,1231,1265,401,1267,980,1141,1178,348
33,100,1255,1230,115,789,534,1114,859,412,765,863
1250,99,1220,389,1260,909,110,911,595,990,922,1214
962,839,936,777,861,881,817,983,1048,1050,957
1216,1185,642,98,676,293,969,106,267,494,408,1209,1183
704,954,227,328,105,169,777,338,245,1271,1080,1178,220,604
1184,418,739,104,1001,1130,651,1132,81,276,1110,413,414
804,103,776,1068,82,818,758,185,861,1278
1059,102,1192,843,782,949,1047,829,766
1113,129,257,280,1028,153,650,632,1164,693,1078,376,633,889
131,1258,238,1136,112,600,601,1146,1116
642,898,1161,233,204,141,753,1076,501,1174,503,374,442,311,126
448,289,770,483,548,261,513,519,74,622,241,444,127
191,135,424,457,427,268,78,529,338,83,918,287
930,2,968,1130,1197,815,977,1110,1111,1046,410,411
69,486,136,841,141,429,464,497,918,1113,538,606,63
1283,132,1029,900,773,456,1130,461,142,563,564,732
642,293,134,935,74,874,106,267,494,883,854,1206,408,121,732
419,1252,1254,619,430,433,119,90,893,703
610,197,1190,711,428,653,49,1235,1012,120,953,1180,1208
674,709,262,1274,652,621,851,117,58,475,1276
290,1219,1220,674,621,117,118,1213,1182,1119
931,934,1224,44,463,1136,178,1267,340,410,1179,124,1150
768,354,741,422,234,241,1208,125,350
1145,579,550,807,401,371,979,761,566,1013,121,991,283,223
736,258,643,482,709,1190,707,199,410,30,217,122,411,158
1248,225,578,739,68,961,100,808,173,109,1232,21,952,601,88,285
257,66,227,708,1249,1094,194,612,801,236,685,1168,632,29
323,451,69,675,259,107,684,654
640,67,709,966,778,1067,727,1052,1075,372,1045,790,374,1081,1244,797
390,646,72,391,423,427,1202,1076,213,950,1212
480,1156,70,231,454,1288,302,1231,1267,1141,825,571,190
161,2,706,509,968,75,815,410,977,499,279,506,411,253,479
1284,870,1286,905,170,906,364,1040,593,1009,657,723,1051,894
121,548,485,935,74,267,972,494,178,1208,921,283,1180,127
384,1064,1112,362,1069,667,1199,1039,497,885,727,56,571,1244
1248,192,225,196,583,1000,436,1109,310,55,1210,1115
1217,1218,1249,705,709,1127,362,784,1234,1212,216,825,59,1148,607
896,679,72,233,1095,235,1197,984,950,215,374,1113,954,375,57
248,2,294,200,233,1161,1257,109,600,601,1146,59,1116,61
737,932,965,1126,956,204,782,948,790,218,347,60
64,827,2,771,581,39,872,1197,815,210,436,855,27
452,901,613,520,72,777,427,173,950,538,667,221,63
834,1218,646,72,1194,43,746,1006,849,1202,437,1212,447
961,1186,195,930,418,771,549,968,777,875,404,85,1046,346,827
266,1194,272,432,53,86,311,317,447
748,109,237,1230,1037,177,789,310,952,88
1184,418,1001,1130,1132,115,276,55,1110,1111,346,414,375
1284,645,1286,713,394,267,1097,1071,1040,695,1207,731,1053,702
1250,419,1252,1254,1256,1259,119,439,1272,1207,90
480,771,356,612,454,231,777,779,1005,302,338,691,340,886,91,190
544,609,448,899,903,1210,178,531,1150,507,668,446,95
96,418,612,772,1127,679,683,236,173,115,692,378,189,190
960,97,705,454,139,525,16,1073,1169,244,629,310,1173,59,1149
1193,395,76,397,271,26,380,381,382
1250,547,1156,102,1288,264,490,491,1260,77,498,534,539,348,159
67,292,457,268,237,78,338,83,799,698,732,287
153,281,779,492,301,79,464,601,150,984,1113
481,290,293,517,710,264,909,1135,80,1045,342,535,474,826,1182
1184,418,195,104,1001,1258,777,1132,878,81,1105,276,860,830
804,103,1068,847,82,818,758,185,1278
191,322,135,457,268,543,78,529,83,287
1154,1161,1162,683,781,1231,1168,624,1076,1141,951,760,666
992,38,198,1160,492,398,1231,208,178,562,341,885,599,1141
352,384,358,650,1163,1164,1165,1166,950,889
898,195,1186,771,968,777,1258,299,844,1046,600,442,862
1155,646,1159,811,1167,1202,659,53,437,311,1148,447
1184,194,418,324,549,265,777,748,1132,310,55,57,346,828
192,1095,296,1161,1162,489,72,1165,1168,1072,501,950,126
192,1184,418,194,324,459,1132,276,116,310,375,1110,55
193,804,70,267,781,916,340,660,469,124
191,135,457,427,268,173,78,529,338,83,221,287
96,449,1056,771,324,454,1127,520,777,683,302,338,378,190
770,642,771,809,1002,1037,1232,531,404,627,788,888,732,189
1155,70,1159,1161,1162,1290,683,1167,1168,784,625,1274,636
1184,414,963,548,777,1132,1004,209,19,21,312,249,188,1118
1145,579,230,550,913,979,1237,566,1013,121,991,283,223
1113,322,153,452,620,492,626,724,693,918,760,281,187,543
352,358,1163,1164,1069,1166,889,955,25
1089,1156,1061,1127,207,1231,691,693,1141,886,984,409,186,245
994,1155,1159,1194,908,1167,659,311,1148,349,447
1121,1058,774,967,392,1064,624,1077,184,666,1112
804,103,776,1193,1068,82,758,185,797,1278
449,1217,1059,1157,746,843,782,1266,1047,949,183,1083,1212
153,771,452,487,169,777,601,180,532,245,984,1113,316
1064,1164,1165,1166,372,373,885,727,889,667,1084,25
992,323,196,198,776,1231,784,403,181,1174,885,1141
736,1153,541,643,709,838,1191,359,329,878,689,625,1268,1149
704,801,487,200,233,491,492,366,303,242,1043,216,1113
834,612,1157,362,235,1006,540,147,501,502,215,1212,349
679,72,717,1072,338,213,950,345,954,1053
641,1186,709,776,745,106,329,778,625,501,853,664,285,125,638
1153,964,100,1258,1134,639,592,757,182,214,1208,985,1179,924,351
897,866,1153,964,1191,877,846,111,1108,596,54,1175,924,639
288,1187,676,645,631,907,974,211,407,408,668
416,964,742,968,844,878,304,1169,914,1173,1046,924,862,895
709,966,325,677,1225,300,1196,1230,113,210,753,178,475,1212,671
448,668,1219,361,622,911,1169,1173,1238,759,406,827,444
640,707,359,1100,1037,653,751,367,209,1276,533,312,1051,1020
292,869,1158,740,329,1226,208,1041,1200,1048,569,698,572,573,927
227,1219,1253,968,233,520,205,814,346,760,691,501,503,280,442
1152,227,1061,679,169,409,590,207,886,982,984,1113,1239,1144,1240
1252,933,1256,619,787,119,439,1272,1177,318,1207
322,452,165,319,200,457,203,78,496,83,693,1113,543
1248,739,1062,776,784,625,1076,823,1242,1244,285
1217,357,1194,206,399,304,1201,1212,1234,718,625,248,1148,382
355,805,646,1194,43,1202,663,1242,1212
2,968,1257,872,815,977,1268,1046,1015,410,411
1184,418,872,1001,1130,1034,1132,276,1110,375,1111,862
1056,608,769,611,771,803,777,204,917,218,764,765
1184,771,772,197,1190,428,1132,655,120,699,1020
704,487,200,906,491,79,1232,529,242,724,216
224,2,37,709,232,968,1257,511,815,977,946,411,410,155,1215
153,322,281,1222,301,79,144,693,150,984,1113,543
160,736,258,2,610,709,643,647,122,946,1014,30,634,158
668,418,1187,967,329,907,1134,182,282,156,1118
1217,994,292,838,1197,147,1204,662,189,1208,698,1148,540,255
1282,1123,996,5,485,638,49,146,753,691,630,539,1118,511
153,281,233,492,301,79,601,150,278,984,1113
96,257,771,1028,72,521,489,777,683,148,184,378,190,63
609,963,870,648,905,682,695,143,273,1180,85,375,697,1051,732
1283,132,472,456,682,461,142,49,533,1208,732
995,870,935,359,553,554,555,234,716,46,145,274,252,854,348
65,153,452,518,327,504,41,15,144,116,693,278,280,1113,62
1216,288,640,835,676,645,631,874,883,854,407,408,1183
994,1219,389,838,1274,139,210,595,851,1238,922,475,990,1119
261,166,102,138,44,494,531,533,470,539,123,127
1113,225,613,486,1127,136,141,464,1168,822,153,538,63
153,1123,452,296,203,140,685,144,1232,693,245,374,1113,1052
102,296,489,457,235,906,364,176,501,502,533,539,476,541,126
677,748,237,109,623,1008,177,469,310,534
35,361,652,911,945,369,179,594,406,1143,342,1245
514,872,1131,855,815,1137,597,567,1176,731,93
931,68,710,1224,873,972,44,463,178,1267,124,1150
153,1222,1127,520,777,173,689,245,918,984,1113,221,767
257,193,66,669,616,777,174,690,51,918,23,827,29,319
704,1089,227,1156,1061,169,492,429,175,207,337,1231,242,1141,543
1089,322,771,452,454,167,200,327,777,13,1232,984,1113,538
1089,227,771,1061,169,777,207,175,760,691,245,918,984
865,418,872,969,1258,1115,938,847,976,978,1171,1267,1179,1149
1056,611,100,771,777,172,204,1230,109,1075,917,952,956
961,707,70,487,776,524,48,497,468,533,475,159
224,706,37,968,232,1130,1258,977,411,1046,1111,1110,410,155,1215
835,935,874,907,1106,883,1043,854,630,1206
160,258,2,707,709,199,744,410,411,375,217,122,158,30
1060,294,231,233,169,429,301,175,691,245,85,1141,984,918,795
1184,544,771,166,138,1132,526,15,273,470,507,921,923
1093,613,1094,40,429,785,690,52,23,952,1244,29,958,1087
257,1091,1028,1125,1095,679,1065,424,1072,633,950,632,345,1086
576,260,807,1098,371,121,283,1085,223
1090,1091,1028,679,1096,1065,717,633,1074,950,345,1083,1053
835,1187,935,874,907,1106,1043,1206,854
1090,1091,1028,679,1096,717,1072,633,950,345,954,1053,1054
865,1251,614,938,1107,1044,313,859,863
1280,1089,322,452,1061,1028,169,1097,427,1071,497,950,153,543
1088,832,1028,808,616,1066,845,115,950,280,1114,379,1084,1055
771,388,1028,454,520,393,777,1067,632,365,650,917,1080
1028,679,1095,1096,717,1074,1078,950,376,345,1053
1091,1028,679,1095,717,1078,950,376,345,954,1053
129,1090,1091,1028,679,1099,717,1074,1078,950,376,345
1062,1193,1194,784,1201,1073,372,373,1080,1084,1055
1028,679,1095,717,1072,213,950,1078,376,954,1083,1053
129,355,805,1157,613,1194,235,632,13,663,280,1212,540,958
954,1028,679,1099,717,1072,338,213,950,345,1082
954,1028,1095,1097,393,365,1071,1081,378,1086,383
1248,682,780,1102,944,1073,656,1040,788,792,697,1051
865,418,3,614,938,972,847,976,1044,313,863
546,923,1160,123,398,1103,914,1174,599,154,219
1090,1028,679,1099,717,1072,338,950,345,1082,1086
1027,292,1114,966,1190,1255,1100,720,629,1015,1017,122,1020,415
865,614,938,1107,1044,313,859,863
131,902,937,1194,940,1198,1104,112,1107,601,538
2,706,968,1130,1197,815,977,1046,1110,1111,410,411,509,511
964,581,584,876,830,1105,914,276,860,1149,574
1092,1028,679,1095,1065,1096,1039,1072,950,696,954,1086
704,1125,1093,1094,390,775,1067,1072,696,59,1052,1053,1087
1248,1281,6,583,828,727,878,436,885,567,568,1210,1112,667
260,807,1098,371,121,570,283,1085,223
679,1095,1065,1072,950,345,954,1053,1086
954,1097,393,365,1071,918,1081,378,1086,383
1249,66,1093,1094,261,270,816,56,377,346,667,1087
1120,1184,263,999,1001,777,651,1172,276,1243,412,413
1221,102,472,137,940,525,1012,468,533,792,58,539,1180,1118
292,553,554,1037,237,271,274,115,404,1075,1048,793,698
1184,1120,551,1001,1130,1258,1132,1172,789,375,956,414
514,872,1131,855,1263,1137,597,567,1176,731,1183
963,907,1134,814,753,1106,182,1206,1208,249,827,1020,1215
1282,707,804,360,745,782,783,1073,1138,785,214,375,792,697,1179
1059,102,1192,843,782,1047,1112,539,60,829
355,805,1194,43,362,784,272,663,1242
355,805,1194,43,746,1006,1202,659,663,1242,1212
1121,1058,967,1064,113,49,402,727,1112,377,666
835,548,935,874,907,1106,883,1043,1206,854,1183
1248,929,1253,6,1223,370,1139,436,1115
1248,929,1153,581,6,1223,1139,436,1115,639
32,923,964,567,1160,1147,1004,813,398,492,599,1241,891,985
891,964,1147,813,846,366,592,1105,1108,54,921,923,1149
418,229,934,828,873,972,847,976,1210,124,1150
1248,1153,1026,930,3,1253,1191,872,744,329,978,1139,371,541
418,3,1124,1029,71,265,299,1005,528,309
1121,1154,613,967,392,1290,624,501,184,666,604,669
1155,646,1159,811,1167,1234,659,437,311,349,447
576,986,1122,560,401,947,980,566,570,605,1247
1248,929,1253,6,1223,583,615,1139,436,1115
353,1128,72,714,882,307,1236,373,1140,1277,734,31
320,1156,101,716,1165,1006,1231,1232,1266,1141,1083,1148,349
163,968,1130,815,466,1268,1110,1111,1046,410,411,92
644,884,1142,887,537,890,701,222
199,968,1130,815,720,1046,1110,1111,410,411
1248,929,964,1253,6,1139,436,1115,639
1255,525,879,912,1180,1011,52,1019,892,1151
896,69,904,41,840,107,492,684,654,592,1174,249,635,607
196,580,583,584,1000,497,852,1109,567,568,1115,574
609,995,1220,838,652,1133,1007,369,118,438,342,1182,351
579,230,550,1003,913,561,979,947,1237,405,1013,1145,991,605,1247
1248,1153,964,567,582,580,1000,1160,583,398,1199,599
325,549,999,1001,1034,814,720,976,276,375,1179
0,928,5,1193,1226,395,397,46,271,1041,381,1049,989,382,927
899,931,261,934,710,1224,44,463,178,1267,124,1150,127
865,1153,3,938,1107,1044,313,859,863
32,567,1031,1033,1035,876,877,592,54,855,1241
288,418,1187,1221,869,1228,1263,1041,882,1203,1204,254,1183
1184,1120,610,549,551,1132,720,276,1172,953,414,1023
896,65,418,904,814,1103,375,249,346,635,861,62
800,193,773,972,781,1042,916,404,1237,285,797
418,1031,1033,1035,876,813,846,592,1108,54,855,985,1147
897,866,964,877,846,111,596,54,1175,1241,924
1155,357,646,1189,43,1167,272,849,1202,659,53,663,447
1241,567,1031,1033,1035,876,592,1105,852,855,985
673,290,454,359,751,1199,657,625,16,52,788,1267,147,852,862
576,762,1038,560,400,565,566,570,1022
705,225,451,1097,363,237,1071,689,51,220,378,667,636,189,1215
1185,649,875,1200,726,983,920,1209,731,93,1183
1024,353,419,837,1097,1162,1002,297,1040,1010,691,787,1018
896,546,219,1103,398,818,1174,599,154,123
928,1,0,4,5,1226,367,1200,1041,1016,927
2,1187,740,46,881,50,569,443,572,573
1024,385,418,292,745,778,1133,1007,1010,1011,695,1018,863
34,930,968,1258,1004,1197,1046,1015,1017,410,411,985,511
833,645,870,905,1002,593,49,1009,113
192,961,900,549,1062,68,524,1005,48,468,533,475,1244
580,1241,615,583,877,1139,568,985,1181
1057,1249,612,805,582,1161,1162,1163,13,338,947,247,986,1246,1247
1056,769,611,771,803,777,204,917,218,764,765
1121,1058,967,392,1064,402,1077,184,666
2,930,968,872,1197,815,977,1046,1015,410,411
193,962,4,329,10,1195,1100,942,753,50,1011,1016,761,346,1213
290,610,359,551,1129,11,878,751,1073,788,1268,792,953,763,1149
931,710,1224,779,972,173,44,463,464,178,1267,124,767
1090,1091,1028,679,1096,717,1072,633,345,954,1053,1054
704,388,1193,1194,266,372,373,791,1080,1084,1055
1252,1032,1256,619,1259,1261,430,787,439,1272,1177,893,318
1184,902,1132,460,1134,333,19,117,375,249,346,891,188,1118
930,164,968,1258,977,1170,1268,1046,1015,410,411
1113,322,227,1191,815,688,1104,824,20,245,984,153,24,543
224,900,100,232,488,1130,299,500,21,533,311,534,858,155,1215
679,1095,717,1072,950,345,954,1053
257,1125,421,901,520,424,679,23,632,954
2,930,968,872,1257,815,977,1046,1015,410,411
704,227,452,1061,327,383,169,393,1067,365,338,213,153,954,1052,1081
1120,610,999,1001,1130,1172,276,310,953,1243,412,413
1089,1057,386,261,648,1064,298,727,16,885,1079,1112,667,1021,543
196,580,581,583,1160,615,398,1109,599,568,1115,1181
1059,102,1192,843,782,949,1047,829,766
224,130,163,133,542,1224,173,178,18,1267,466,536,1210,92,1150
1186,195,930,771,549,968,844,346,1041,1170,1046,567,601,858,28
954,1062,1097,365,1071,1073,1081,378,1086,383
1028,679,1095,1096,717,1072,950,345,954,1053
64,771,1222,39,1197,878,912,1011,436,309,404,438,27
454,1128,1164,1165,734,882,1140,1236,25,794,957,606,31
2,706,968,1257,1130,1197,815,977,1268,1110,1111,410,411,509
641,227,901,1127,427,268,1231,690,729,1141,503,24,281,29,319
385,642,807,617,395,759,1073,117,343,121,956,1213,446
192,356,1222,472,1289,371,531,533,24,221,58,1117,798
776,1068,173,365,51,372,373,1078,950,376,1081,1212,383
609,867,196,1033,939,332,813,441,1264,403,852,598,823,1241,1147
352,384,358,1163,1164,1069,1166,889,955,25
1193,394,395,397,784,786,26,380,381,382
418,519,839,909,1070,911,339,1171,308,1048,315,351
358,1163,1164,1165,1166,1069,1078,25,889
192,738,351,519,1070,143,590,145,1144,856,212,792,1210,476,1240
992,613,38,360,808,492,398,495,624,341,918,599,760,766
1121,1058,967,1064,392,402,374,1112,377,666
224,2,706,37,232,968,1130,1258,1268,1046,1111,1110,410,411,1215
257,1028,1092,1125,679,1095,1065,424,717,696,633,632,345,1086
1254,40,840,1032,107,363,718,654,592,318,607
1088,1090,1091,679,1096,1065,1066,1072,950,633,954,1053,1086
64,835,195,39,872,1197,815,1233,1170,630,1146,27,989
388,1028,358,393,650,1067,632,365,777,373,374,918,1080
33,771,732,292,1126,870,168,346,1198,623,883,627,854,1114,412
930,706,968,1130,493,462,815,977,1110,1111,249,410,411
32,567,1031,583,1035,876,431,601,852,598,855,1241,891,985
36,809,267,396,909,911,368,915,761,826,637
1113,1089,452,1061,327,169,620,1232,693,918,760,153
35,1220,361,1133,909,911,368,369,594,179,342,406,1182
865,3,1251,614,938,972,1107,313,859,863
1113,1089,322,227,452,1156,1063,327,169,1231,691,1141,153
449,1059,1192,843,782,271,404,949,1047,1177,829
1191,1258,1004,1136,914,1149,601,858,219,860,1017,830
704,193,450,1063,520,8,105,393,169,429,270,620,245,632,540
389,909,911,594,595,602,922,990
323,451,69,675,363,684,107,654
1113,322,452,932,327,779,724,693,280,153,187,445,543
36,965,809,396,909,911,368,915,788,1011,953,826,956
1282,1188,453,1285,1287,1232,1233,1266,1205,1277
1056,769,803,764,611,172,1198,917,790,956,765
962,580,709,454,583,777,714,1199,16,399,1267,1273,989,543
608,193,739,743,797,172,781,115,916,956,285
993,294,487,455,135,268,1005,818,501,1174,1238,1208,55,988,575
416,417,923,1229,219,1101,591,507,921,154,891
1283,132,773,456,1130,651,461,694,1111,1110,442,732
1153,1026,418,964,614,1224,335,820,214,919,1179
609,389,249,1210,814,752,210,595,1238,759,824,441,922,990,1119
736,964,709,647,872,745,784,946,1244,1045,1014,634,924
930,2,963,773,968,456,875,45,1232,49,1268,1208,601,442
544,416,923,1229,219,1101,591,1108,507,921,891,985
962,740,881,50,93,569,443,572,573
1184,551,968,1001,1130,1132,815,720,276,1110,1243,413,414
609,549,263,423,909,346,911,1169,1238,1048,1050,827,444,734
291,867,259,451,323,939,943,22,823,571,925
1248,929,1253,6,1223,614,370,1139,436,1115
641,452,685,845,175,626,693,1205,280,187,445,543
673,899,5,11,171,715,461,366,113,1073,531,446,95
646,272,432,1202,53,86,311,437,317,447
1281,1026,934,828,1224,463,124,18,627,1210,284,1149,1150
448,673,1249,1284,682,618,49,531,628,629,953,1274,668,478,351
1059,102,1192,843,782,949,1047,829,766
1153,34,931,932,6,779,972,976,785,1042,978,1179,639
1216,439,1250,1177,1252,1254,1032,297,783,434,53,119,1207,90,1151
644,884,1142,887,537,890,701,222
1252,619,331,1261,430,433,119,1177,893,318,703
577,614,779,972,975,178,562,885,859,863
644,884,1142,887,537,890,701,222
1248,929,1153,1253,6,1223,614,972,1139,436,1115
644,884,1142,887,537,890,701,222
545,35,710,326,299,300,336,1235,627,435,468,179,1208
674,1251,3,678,1133,1135,1007,788,438,187,1182
612,1157,805,1189,746,747,589,941,1233,1266,437,663,1212,349
544,546,923,219,507,921,154,891
280,294,808,1225,1067,845,1232,532,440,729,893,670,287
1252,933,1256,1259,787,439,1272,1207,90,893,318
1183,454,1255,525,912,1011,1019,892,1213,1151
802,520,425,683,305,692,757,247,728,1117,799
1248,800,418,771,676,645,872,878,880,978,214,631,249,346,895
257,421,1125,424,1065,1066,338,213,23,632,954,1086
897,866,996,168,877,846,813,784,1167,596,54,827
773,390,679,72,427,173,1039,338,950,954,1212,221
1184,930,898,195,771,968,1258,1132,878,1073,1110,1111,1213,862
1248,389,776,426,362,173,718,594,595,1272,922,1212,990,703
900,549,196,872,745,844,814,815,847,1008,692,601,858
439,619,1259,331,430,433,119,1207,1177,90,703
131,902,937,1258,940,847,1104,112,1136,601,858
928,0,1158,1255,777,1226,942,367,1200,1041,1011,1016,93,927
544,197,1190,711,837,1222,1226,428,655,975,627,531,507,120,699
833,963,870,905,170,1002,364,1009,593,1208
834,357,266,76,974,432,272,1233,659,53,86,380,796,447
65,905,170,682,906,364,460,848,49,465
389,909,911,594,595,658,602,1238,1269,922,990
32,321,866,899,195,422,74,492,686,431,115,1174,598,59
764,965,1126,1062,956,782,948,790,347,60,797
1120,1184,610,549,1001,1172,1110,1111,953,1243,413,375
416,417,544,923,1229,1101,591,921,507
1216,0,407,835,676,384,618,907,843,974,1106,631,408
871,971,939,1262,1264,819,823,856,959
1217,1122,1127,807,1194,270,175,245,316,409,442,667,1212,29
768,354,612,741,422,606,234,845,241,626,125,350
1219,1220,652,909,1135,851,343,1045,118,406,1214,1182,1119
578,228,390,646,72,423,391,298,365,1076,53,213,950,191
1248,289,859,931,614,1224,969,873,972,1199,976,178,757,1179,828,863
544,417,416,923,1229,1101,591,921,507
257,1125,421,679,424,746,1109,23,632,954
1121,1058,774,967,392,1064,624,1077,184,666,1112
1193,394,395,76,397,26,380,381,382
291,867,939,686,943,981,1174,823,925
1217,1193,589,718,271,399,248,1273,794,796,831
419,1254,893,718,657,787,119,1177,90,989,1207
771,1080,1125,520,393,650,1067,777,365,1166,338,950,632,378,221
1248,418,707,325,871,971,1262,1264,625,819,1111,856,1209,414,959
1193,394,395,76,26,380,381,382
771,772,872,777,168,878,974,847,1170,115,404,888,793
674,35,1219,966,1064,621,179,885,406,727,1081,667,1119
1121,1058,967,392,1064,402,1077,727,1112,666
576,995,579,560,947,570,566,986,1247
923,393,111,760,403,1108,276,598,54,918,154,891,1181
131,902,872,937,940,1104,1136,112,601,858
257,801,387,1028,1095,1161,137,365,1071,338,950,1081,667
291,867,939,943,852,1149,22,823,891,925
386,1091,1028,805,418,1095,454,393,72,650,812,1072,248,954,379
131,902,937,940,1104,1136,977,112,601,858
385,290,1097,106,778,1071,1073,381,885,727,667,1244,1213
321,291,867,939,332,943,111,981,823,925
384,352,805,358,650,1163,1005,1069,373,407,408,955
1121,1058,774,967,392,1064,402,1077,184,666,1112
449,1059,357,613,266,843,1047,949,86,183,822,1212,829
390,391,72,1164,1069,1166,1072,1076,950,1079,25,126
390,391,776,72,1194,646,423,1062,784,1076,950,1244
965,1126,956,1075,948,917,347,60,957
388,520,1097,1067,365,346,1080,1081,378,827,1086
1056,100,965,172,1005,109,1075,917,790,21,952,88,956,285
355,1028,1080,679,1194,1067,1072,115,1075,693,950,760,954,379
1184,610,707,549,551,49,113,953,1243,413,1023
704,1097,377,683,365,1071,1081,378,383
1028,1095,679,1096,717,950,1078,376,345,954
257,1125,1223,712,1065,489,683,632,377,378,1086
1121,1058,193,483,774,1161,1162,109,784,402,1077,951,346,827,797
1095,1097,393,365,1071,1072,950,374,918,1081,954,383
954,1028,679,345,1097,365,1071,1081,378,383
1062,807,839,778,782,784,371,1076,1244,957
1193,394,395,76,397,26,380,381,382
1157,1189,362,1194,747,941,589,399,784,1233,271,317,958,447
1193,394,395,76,397,26,380,381,382
384,358,1163,1164,1069,1166,950,889,955,25
1193,394,395,76,397,334,26,380,381,382
1056,769,611,803,956,204,60,782,917,790,218,764,765
898,325,472,542,362,780,184,792,697,282,763,894
800,354,67,963,966,841,778,239,688,336,249,797
769,290,803,804,776,784,915,788,1045,1076,826,764,1182
355,612,805,1194,43,362,784,272,663,1242
1056,769,803,611,956,917,790,764,765
193,450,66,1218,613,322,8,427,429,689,242,1234,822,281,958
608,1056,769,611,803,764,812,115,917,1114,956,765
704,383,776,393,1097,1068,173,365,338,51,1078,950,376,374,1081
1121,1058,774,967,392,402,1077,666
450,227,646,775,328,105,679,72,650,338,86,954,540
804,103,776,1068,82,818,758,185,1278
1153,869,839,1191,329,907,525,145,146,468,1208,58,541
1056,769,803,204,917,790,218,764,765
608,770,899,777,1005,124,754,115,660,789,757,346,1179,828,542,639
260,807,1098,913,371,979,121,283,1085,223
704,1024,547,708,549,296,233,1161,1064,685,501,918,951,1112,249
1218,355,805,1194,43,362,784,663,1242,382
134,487,263,777,1258,1130,848,1106,468,533,375
98,325,780,525,878,914,1268,792,697,763,1149,894
677,748,237,109,1037,623,177,469,310,534,88
608,1056,769,611,803,764,812,1230,115,917,790,956,765
481,1082,1099,717,338,1078,535,345,474
1056,1248,677,965,969,972,495,784,1042,1011,436,285,764,797
961,801,486,136,1067,236,141,492,464,497,277,1080,538,63
549,1062,999,263,137,487,1230,530,115,1075,189,861,1118
32,1033,363,686,431,283,850,403,54,598,825,891,223
193,287,135,457,777,268,78,529,83,918,191
98,1160,682,460,173,398,1199,784,599,664,154,700,510
1089,771,1061,169,233,777,601,532,245,180,984,1113,538,316
131,600,238,112,1136,504,601,1146,1116
866,549,326,423,40,74,138,753,178,531,117,470,1208,921,541
1121,705,967,392,522,624,918,666,604,510
833,963,870,905,170,682,364,593,1009,732,1213
994,389,908,909,911,594,595,922,990
708,261,231,296,521,233,520,777,378,691,148,918,760,346,508,190
389,909,911,559,945,594,595,922,1245,990
192,961,195,968,875,524,844,587,48,85,1110,1111,1215
897,866,567,583,877,846,111,596,54,1175,985
704,1249,612,454,520,523,492,783,816,784,86,918,760,29,255
608,1184,610,549,777,1132,1198,953,1243,412,413,414
225,515,228,963,453,487,614,716,1232,1107,1205,760,252
576,762,1038,560,400,565,570,1022
514,195,1031,583,841,363,112,596,436,567,1176,601,731,574,223
898,1191,780,1197,878,113,914,1268,792,763,1149,894
1090,1186,1122,679,520,424,875,620,691,121,442,1054,223
192,963,518,1127,231,233,169,1197,691,276,437,1238,984,1113,57
1056,608,771,611,803,777,204,917,218,764
131,1258,238,1136,112,600,601,1146,1116
96,708,676,296,521,683,492,1197,753,691,148,631,1113,378,508
544,546,923,1101,219,507,921,154,891
389,909,911,594,595,602,1269,922,990
576,1038,400,560,570,405,1237,762,603
891,675,408,298,522,139,877,473,784,497,184,1209,219,510
1121,1154,705,613,967,1290,624,1077,666,604,669
706,968,815,688,977,1046,1111,151,1110,410,411,509
833,963,870,905,170,1002,364,593,1009,1180
407,1217,296,1006,1232,1233,1234,1266,437,502,215,86,1148,540
1060,1156,613,616,426,173,1231,147,501,1174,503,1244,540,126
160,416,963,868,1257,682,905,460,530,818,597,1208,30
292,677,553,554,237,1262,1230,1264,274,115,500,21,698,959
867,291,133,102,871,939,140,1262,1264,531,61,22,823,539,925,959
707,325,709,199,872,745,122,878,720,946,1111,217,410,411
1156,613,681,426,13,1007,1232,1231,501,1141,503,118,540,351
897,866,567,1160,1004,877,846,398,596,852,1175,1241,891
869,1258,113,498,49,1268,1012,753,465,1208,601,533,694,246
995,1004,846,753,914,1105,81,1174,1022,1241,891,860,830
930,2,162,706,968,1257,458,815,688,977,410,506,411,253
771,900,549,902,772,744,777,844,346,814,815,847,375,858
771,452,487,393,777,203,173,13,496,691,984,221,319
968,905,1004,844,1136,601,116,1046,857,858,862
486,136,776,235,459,141,173,464,497,498,533,538
839,936,881,817,1048,569,1050,572,573
74,490,1004,267,494,972,975,753,1208,859,1180,127
897,866,583,615,877,846,596,54,1175,568,985
324,969,875,748,270,495,110,339,86,791,1208,858,315
1031,1033,1001,1035,876,877,592,1105,276,1108,855
545,963,900,490,1116,879,124,818,1235,600,1146,1180,858
482,676,645,964,709,199,844,878,880,1171,339,217,122,315,924
1186,968,649,1258,875,844,720,978,1170,983,1046,726,920,442
866,867,1241,582,840,41,492,592,753,852,1174,567,1208,1017
835,935,874,1106,883,1043,854,1206,630
608,966,487,488,1274,1198,848,21,789,1208,858,347,1215
704,96,487,489,1161,683,457,233,521,1162,1168,1208,378
229,871,971,939,1262,1264,819,856,959
481,129,1028,200,233,520,1074,820,1174,535,474,187
225,676,486,136,141,685,173,464,631,538,63,767
1219,389,361,909,911,368,658,595,788,826,1182,990,922
480,929,923,231,200,233,302,207,691,19,600,1146,91,1116
448,609,770,255,261,523,622,1169,827,444,478,127
291,867,939,943,1264,1105,22,823,925,959
418,1146,904,968,1258,410,1116,601,1110,1046,600,921,858,476,862
1248,1184,418,610,549,1191,104,745,999,171,1258,1132,55,824,412
58,389,139,460,909,595,468,533,539,472,473,922,475,990
954,481,609,1082,520,1099,717,338,535,345,474,187,221
1153,1026,614,1191,934,263,335,820,757,55,919
963,487,906,600,848,465,1011,212,501,533,1208,476,1180
549,1258,1036,525,814,241,1041,1011,1149,854,473,1180,861
32,923,964,1160,1033,1147,1004,813,398,492,567,1241,891,985
963,548,487,263,1130,848,498,1015,375,472,1017,444,732,637
321,323,69,599,871,1160,842,363,1262,398,819,981,1174,567,1241
100,1221,1130,1197,1134,1070,1011,1238,471,952,346,1118,375
866,567,1031,1033,1035,876,877,592,1105,596,855,1241
132,261,166,456,777,138,44,526,273,531,116,212,470
871,971,651,1262,782,1264,819,856,797,959
1056,771,611,777,204,461,237,1008,469,310,1110,917,88,1215
897,866,583,877,846,111,596,54,1175,985
609,771,614,263,873,777,178,563,468,757,885,533,952
453,486,136,1161,1162,141,269,464,497,1201,538,606,63
513,2,706,484,133,37,232,968,410,17,1110,1111,1046,122,411,1215
963,487,906,907,848,465,1011,212,533,1208,476,1180,861
899,934,102,264,1224,710,455,463,178,1267,498,535,539,1150
835,935,874,907,1106,1043,883,630,1206,854
675,196,567,771,1160,840,842,777,398,654,366,592,1174,599,1241
1283,132,456,1224,682,460,461,142,1265,1208,732
964,615,584,574,924,1004,985,914,1108,1017,860,830
324,1029,549,249,969,1130,459,495,627,981,21,1208,825,1180,861
1120,1184,418,549,651,1132,1172,1243,412,413,414,1023
191,135,457,268,78,529,338,83,287
1248,351,555,621,113,49,1073,628,21,1209,1274,284,1023
576,121,260,1098,560,825,570,283,1085,1022,223
2,930,706,968,1130,1197,815,977,1268,1110,1111,410,411
1058,739,1062,776,784,885,1079,727,952,1244,285
1184,549,1258,875,1132,844,1130,814,1008,1041,276,375,824,346
288,1216,640,928,676,645,642,631,973,399,854,407,408,698
576,579,550,560,401,913,979,561,1013,566,1237,1145,570,991
191,135,457,268,78,529,338,83,56,287
290,1219,361,652,1135,559,1045,118,117,1182
1184,771,549,1029,551,681,777,1132,115,276,760,414
289,931,1224,969,873,972,15,178,18,1208,313,859,828,863
1152,552,557,1038,400,913,561,982,1239,1240,762,991
1185,292,1193,237,271,786,274,404,695,698,794,957
835,291,675,267,939,684,823,943,925,22,630,1206,1273,989,158
928,1,0,4,5,1226,367,1200,1041,1016,1049,93,927
512,706,130,2,709,295,968,1197,815,977,946,664,410,411
704,801,450,294,1127,231,233,236,175,242,1142,918,537,890,222
1282,419,68,1287,1128,297,494,784,1233,1205,1206,1272,1277,989
1218,834,355,1157,296,235,43,13,1148,1234,502,663,1212,540
608,1124,1029,773,71,968,265,841,299,1005,528,115,1075,1046,952
356,548,1222,133,426,298,173,718,152,87,24,126,1117,798
255,261,166,138,74,44,494,16,470,827,732,127
994,67,262,841,110,814,945,117,1143,1276,1245
97,418,611,292,454,999,263,777,563,468,533,564,952
899,931,934,710,264,1224,44,463,178,627,124,1149,1150
646,266,810,272,432,304,659,53,86,311,757,831,447
672,1217,835,932,1030,1193,267,60,399,881,1206,1273,1148
1186,418,1028,520,969,393,875,620,270,495,85,310,1111,249,1179
1217,1193,76,589,206,399,271,397,786,796,317,447
642,1187,962,869,1158,839,106,1195,12,799,1048,93,1183
357,1189,974,272,432,1233,53,86,311,796,317,447
97,289,963,614,648,74,1004,814,686,847,273,851,885,827,508
257,801,66,1156,421,1093,198,712,294,492,242,275,374,503,665
448,1249,1061,617,169,816,340,277,886,409,190,351
931,261,902,6,937,779,940,847,1136,436,278,1208,601,858,827,828
1088,129,808,632,845,685,760,693,918,280,729,445,958
1113,153,66,452,301,626,693,918,984,280,281,187,445
930,963,902,968,937,1258,940,1136,1104,1011,282,858
192,776,968,362,651,139,1210,988,495,1266,244,1045,311,1242,1212
581,582,584,846,852,54,567,568,1241,574
1092,397,1084,399,272,271,243,885,86,22,344,796,317,1055
866,581,582,599,584,852,567,1241,571,574
704,705,487,200,233,840,491,303,242,1202,216,1208
577,578,1029,872,1130,847,1046,1111,151,1110,220,375
768,354,741,422,234,241,1208,125,350
513,865,706,709,872,745,744,841,844,938,815,720,1108,375,122
580,964,615,583,877,1139,568,985,1181
344,206,271,399,304,248,250,794,796,831
544,417,891,1101,1229,591,921,507
2,707,325,999,1034,14,720,466,946,246,375,536,92
581,1031,840,1033,1035,876,363,107,592,855,1241,574,607
1248,1056,802,292,934,425,777,367,305,247,665,346,1115
1153,580,1241,615,583,1139,568,985,1181
1248,641,934,169,1199,784,245,757,693,1109,409,187,540,1150
923,581,584,1147,846,1105,852,567,1241,1115,574
962,869,1158,839,1196,973,942,274,1049,957,254
962,740,329,942,208,50,569,443,572,573
1113,227,233,492,270,559,945,691,245,1143,281,251,316,1245
740,329,942,208,50,93,569,443,572,573
1248,610,707,1156,12,333,653,1231,784,1232,1265,1141,538,252,989
740,973,1200,208,50,1011,569,443,572,573
1248,742,619,331,399,304,703,119,248,985,250,794,639
567,581,583,1160,1000,582,969,823,398,852,599,1241,571,574
640,993,290,396,885,1238,727,1112,826,667,637,575
259,69,107,684,686,654,303,366,670
160,736,258,707,709,199,410,720,30,217,122,411,158,375
577,578,325,872,1130,1034,847,720,276,1110,1111,220,375
257,421,1125,901,424,1065,23,632,377,954,1086
1249,708,1093,775,1161,810,523,1162,13,1165,1168,1087,52,29,255
196,581,582,584,363,852,567,1241,1115,574
257,1028,679,72,427,1072,1053,213,950,954,221
576,121,260,1038,560,405,566,825,570,283,223
1152,590,563,564,982,1239,1240,1145,1144
608,1056,771,803,611,777,204,917,218,764
290,503,934,711,488,1193,759,44,178,562,500,1142,887,890,187
931,614,972,975,976,178,1267,1042,859,828,863
2,968,1257,1130,1197,47,815,977,1268,1110,1111,1046,410,411
1184,194,1029,968,1132,844,814,862,276,1110,375,1046,220,414
579,995,550,913,561,979,1013,1145,986,991
227,679,424,72,427,173,432,1212,950,23,664,187,540,221,319
580,1241,615,583,1004,1139,567,568,985,1181
1248,1156,228,1222,487,1223,298,173,1231,1103,760,1141,918,1272,670
581,599,584,1160,398,852,567,1241,574
576,762,560,401,561,980,1013,566,570,605,1022,991
1248,225,486,1223,70,614,1227,718,464,820,314,859,1244,863
192,224,226,195,900,163,133,37,968,17,1046,536,858,28
1152,590,913,979,563,564,982,1239,1240,1144
34,964,615,583,398,976,978,411,1015,1017,410,1179,985
192,481,963,517,233,1180,113,178,501,1174,535,474,475,988
576,995,560,913,947,979,371,570,566,1145,986,987,1247
0,768,643,5,422,234,942,241,1273,125,350
608,292,553,554,555,1197,1037,561,274,753,854,991
3,229,1258,878,847,976,124,978,1171,1170,1179,828,1150
195,292,872,553,554,555,1037,942,274,93,254
70,231,1228,302,784,1168,1076,340,886,1242,1211,668
608,1187,292,553,554,555,1037,561,274,698,93,254
199,968,1130,875,844,815,1170,1046,1111,1110,410,411,862
418,67,3,706,549,1159,841,137,969,239,720,597,249
576,1025,579,550,1038,560,400,570,565,1013,1237,762
322,230,487,296,1161,906,491,972,240,848,113,818,501,543
994,908,909,911,559,945,595,1238,1143,1245
995,579,550,401,913,979,980,561,566,1013,1237,1145,605,991
421,294,1127,377,236,685,430,175,816,240,693,280,281,445
748,237,1230,1008,177,115,1075,310,88,1114
576,1152,552,557,1038,590,400,560,1237,982,1239,1144,762,1240
38,806,360,492,718,431,785,1138,371,341,761,121,799
1216,0,4,677,359,968,1226,234,844,46,1046,408,1049,862
1218,355,362,1006,784,849,1234,306,661,1148,349
1219,361,909,1133,911,368,80,52,118,406,826,1214,1182
1121,356,1222,1289,1161,233,268,402,24,1117,798
354,234,778,336,241,727,1273,667,1244,125,350
352,358,650,1163,1164,1069,1166,889,955,25
578,357,582,455,264,266,463,272,498,467,244,53,86,505,477
1248,929,1253,6,1223,614,972,370,1139,436,1115
290,35,1220,652,1133,1135,911,369,594,658,1045,438,342,58,1182
704,1067,1039,338,1106,372,373,950,1084,1055
704,383,1194,1106,372,373,950,183,1084,1055
704,259,1273,582,173,366,302,942,54,1049,1083,1212,93,670
321,323,451,69,675,363,684,107,654
290,293,454,1199,368,16,594,1232,788,1045,1267,52,826,1182
962,869,1158,839,1226,973,942,367,542,223
992,192,1156,357,198,38,492,398,1231,1168,341,1141,599
1219,35,293,1220,361,1135,368,369,594,851,118,342,1182
1219,1220,838,361,559,945,1143,118,343,1209,1245,1182
1121,705,1058,967,392,1064,624,402,666,604
545,354,390,391,646,72,362,778,336,1233,1202,1076
1089,708,1156,1061,200,491,527,1232,337,1231,691,1141,918,1113
1028,1082,679,1099,717,338,213,950,345,954
1089,70,776,169,680,812,625,497,340,886,758,120,667,543
768,354,741,422,234,241,882,125,350
609,229,745,909,1070,1007,911,1171,627,118,214,1209,351
384,352,362,1163,173,718,1039,372,885,727,56,667
353,1250,419,933,1260,1261,787,119,1207,1272,1177,893
1248,1272,314,204,141,718,847,1043,660,55,1080,346,1211,412,893
965,1126,230,956,204,781,782,948,917,347,60
320,450,1156,101,454,77,1231,1265,401,1141,760,348,605
1218,775,362,1006,849,1234,306,659,661,1148,349
704,322,452,327,685,724,693,374,281,187,1052,445,606,543
35,326,650,299,300,336,179,435,243
1250,837,1254,1032,1256,330,1259,1261,787,1177,90,893
610,325,999,1001,1034,681,14,720,276,246,375,953,1023
194,611,324,748,495,1008,1232,338,1233,980,469,789,218,605
323,451,69,675,40,840,107,684,654,592,607
704,322,452,518,200,457,203,685,78,144,693,1113,543
321,451,675,40,1033,840,363,684,654,592,1105,626,54,607
320,1122,1156,101,454,1288,1231,1265,401,1267,1141,1178,348
1026,610,901,358,653,335,178,820,628,919,568,1244
1217,334,206,974,1233,1266,1201,659,53,317,382
1064,682,267,727,333,667,113,1073,497,885,1079,888,1112,1244,1117
291,867,939,332,943,852,981,823,925
439,1250,1252,619,331,1261,430,433,119,1207,1272,893,703
353,1250,579,837,550,454,330,428,1260,787,1013,1246,734
548,869,262,167,329,521,907,1041,146,498,180,156,541,1118
704,227,328,105,424,1290,338,245,213,86,1080,540,604
1218,775,362,1006,849,306,1234,661,1148,349
353,423,1128,297,330,1131,882,307,1106,53,1140,734,31
266,974,206,304,399,786,271,248,794,796,831
1248,425,1230,718,656,305,497,665,885,727,1273,247,667
2,706,968,1257,1130,1197,815,977,1268,1110,1111,410,411
961,1186,195,705,390,423,231,391,302,188,19,85,825,1114,732
449,259,69,840,1160,107,492,366,303,304,398,599,1177
1060,8,169,426,650,300,588,429,207,685,845,245,918,281,666
1252,933,1254,1256,1259,1261,439,1272,1177,318
153,165,281,489,205,301,79,275,532,150,984,1113,543
1188,297,1194,394,334,206,1233,1266,1201,786,1205,317
1088,832,227,1126,426,845,685,760,280,729,379,958,319
1248,225,739,1253,614,808,1227,660,820,55,314,859,863
706,67,1252,420,1284,1286,906,1179,1197,495,976,339,597,315
1188,357,362,206,272,432,1232,53,86,311,447
1120,418,419,297,841,777,1020,787,19,309,407,312,188,831
448,97,770,519,263,971,308,757,189,55,827,701
194,748,237,1037,109,177,469,310,1111,88,1110,55
