66,5,133,6,9,13,22,88,218,27,222,30,224,32,95,35,37,229,231,232,234,43,170,237,238,44,52,57,58,317
323,135,7,202,16,275,214,23,87,219,221,31,32,225,163,229,38,168,236,46,48,51,53,56,122,315,60,61
323,6,327,198,9,16,17,22,87,220,221,222,28,32,225,158,163,37,166,234,43,238,50,51,179,57,58,187,317,63
256,257,322,258,324,323,318,7,200,13,205,213,22,87,219,221,287,32,225,31,163,38,42,236,46,51,56,57,122,315,61,62,319
64,66,5,6,199,9,266,201,13,20,88,89,222,30,224,32,33,37,230,231,40,234,43,44,237,45,51,52,54,57,189
257,322,258,324,3,4,200,12,213,55,87,24,221,158,223,225,34,312,39,233,43,47,239,51,310,118,248,249,58,315,318
0,66,5,6,9,13,222,30,224,32,37,230,231,234,43,44,237,238,46,45,51,54,57,187,62
64,1,0,323,198,9,13,15,16,17,21,87,27,220,30,222,96,225,32,163,229,37,168,41,234,233,42,44,238,51
0,6,9,12,16,22,87,220,28,222,158,224,289,226,35,163,37,166,234,43,238,46,50,51,179,58,187,317,63
0,64,66,5,198,8,9,13,16,87,281,157,222,158,224,32,227,37,231,39,234,43,237,46,51,118,54,57,58,124,62
66,195,5,7,9,13,206,23,87,218,155,222,158,224,32,228,37,230,231,232,234,43,44,237,45,240,51,54,57
64,1,322,131,324,5,200,16,17,213,22,88,89,218,221,222,287,224,32,34,35,163,37,230,231,229,232,234,44,237,238,122
257,322,258,260,66,5,13,213,23,87,221,222,287,224,33,32,158,30,229,230,37,234,44,237,45,51,245,54,122,315,62,319
5,200,73,266,138,202,10,205,16,81,210,275,22,87,28,222,158,224,32,163,37,231,234,43,237,46,239,51,54,58
128,64,1,3,6,8,9,12,16,19,85,22,23,88,222,32,225,33,35,228,37,229,227,232,41,234,44,46,238,240,54,121,59
0,66,3,4,5,6,9,12,207,16,24,222,224,34,163,100,37,101,231,39,233,234,43,238,239,175,47,55,313
66,5,6,327,198,9,13,222,57,224,32,30,37,230,231,234,43,44,237,238,45,51,54,313,187,317,62
66,5,6,327,9,13,20,87,157,222,57,224,32,158,37,231,234,43,235,237,44,174,240,45,49,50,51,54,313
322,324,5,6,7,200,145,213,87,219,221,222,287,31,97,163,37,230,231,234,236,237,46,51,56,122,315,61,318,319
5,200,73,202,329,138,10,13,16,81,275,87,222,158,160,32,37,231,234,43,44,237,46,239,45,49,51,53,54,251
66,5,6,327,198,9,7,10,16,17,87,222,57,224,158,229,231,234,43,237,238,51,54,313,58,187,317
0,3,4,200,73,10,202,138,329,12,16,81,275,22,24,27,311,34,163,231,39,233,43,237,239,47,55,58,251
129,66,195,196,5,7,83,87,218,154,222,31,224,230,231,105,234,235,237,111,240,49,112,51,117,53,56,57,124
68,261,69,263,264,268,269,81,210,275,86,87,88,281,89,283,158,32,98,106,109,241,242,243,244,51,116,251,252,253
68,69,261,5,264,75,268,269,81,210,275,86,87,88,281,89,283,158,32,98,106,109,110,241,242,243,51,116,250,251,127
68,261,69,264,75,268,269,205,81,210,86,87,88,281,89,283,284,94,158,32,98,163,106,109,242,243,51,116,248,250,251
68,71,264,76,269,268,77,79,81,274,84,87,88,281,216,283,284,89,158,32,99,101,166,106,109,241,243,244,51,116,187,253
256,257,258,259,260,261,262,68,5,71,267,76,77,81,210,276,87,88,89,283,158,32,98,109,51,244,245,116,248,249,187,127
256,68,261,198,71,264,73,269,80,81,16,275,84,86,87,88,89,91,283,284,94,158,163,106,109,243,51,116,246,248,251
257,259,68,261,263,72,7,71,76,77,268,269,15,81,276,84,86,87,88,283,91,93,158,100,101,106,107,242,51,244,116,247,253
261,69,264,75,268,269,205,81,210,275,87,88,281,89,283,92,158,32,97,98,106,109,241,242,243,51,116,248,250,251
256,257,258,260,261,262,68,264,200,267,269,205,81,210,275,213,86,87,88,89,158,32,163,106,109,242,243,51,116,248,249,251
68,261,69,135,264,75,268,269,81,210,275,85,87,88,89,283,92,94,158,32,98,106,107,109,241,242,243,51,116,250,251
256,68,261,264,73,75,269,16,81,210,275,87,88,89,283,94,158,32,98,106,109,242,243,51,116,246,248,249,250,251
259,68,264,268,269,76,81,210,273,87,88,281,89,283,284,158,32,98,100,101,106,109,241,243,244,51,116,119,252,253
68,263,72,264,268,269,76,80,81,210,86,87,88,89,283,284,158,32,98,99,100,101,106,109,241,243,244,51,116,119,253,254
259,68,261,263,264,71,268,269,79,80,81,86,87,88,281,283,284,158,32,98,106,109,241,242,243,244,51,116,253,254
259,68,261,325,264,74,268,269,205,81,274,210,85,86,87,88,281,89,283,284,158,32,98,163,100,106,109,243,51,116,253,255
256,68,261,69,264,75,268,269,271,81,210,275,86,87,88,281,89,283,94,158,32,98,163,106,109,241,242,243,51,116,250,251
256,257,258,322,260,261,262,199,264,201,267,269,13,275,22,87,88,89,93,30,32,35,37,106,44,243,52,248,249,251
256,257,258,260,261,262,199,264,267,269,13,275,87,88,89,93,30,32,37,106,44,45,242,243,180,52,248,249,122,251
256,257,258,259,260,261,262,322,264,324,68,267,269,81,210,213,278,87,88,89,86,158,32,106,108,109,51,116,248,249,251
256,257,258,260,324,262,68,71,267,269,79,81,275,213,86,87,88,89,281,158,32,225,163,106,109,51,116,248,249,251
256,257,68,261,69,264,75,268,269,81,210,275,86,87,88,89,283,93,94,158,32,98,106,109,242,243,51,116,248,249,251
256,257,258,260,261,262,68,267,269,205,81,210,275,213,86,87,88,89,158,32,225,163,106,109,112,242,243,51,116,248,249,251
65,259,261,263,264,266,268,269,76,272,81,87,88,25,283,284,158,31,32,98,99,106,109,47,48,241,243,244,51,250,251,253
68,261,69,264,75,268,269,81,210,275,87,88,281,89,283,158,32,96,98,106,109,110,241,242,243,51,116,250,251,252
68,261,71,264,265,7,268,269,76,79,81,275,84,213,86,87,88,281,283,284,158,32,98,101,103,106,243,51,116,251,253
2,70,199,263,201,266,74,268,207,272,81,275,87,88,217,92,158,160,97,109,243,51,53,121,251,189
256,257,258,260,261,262,68,264,71,267,269,80,81,86,87,88,89,158,184,32,97,163,106,109,243,51,245,246,116,248,249,251
259,68,263,264,74,268,269,76,79,272,81,274,210,86,87,88,281,89,283,284,158,31,32,98,99,163,106,109,242,243,51,116
261,71,264,75,268,269,76,79,208,81,274,275,84,87,88,281,283,284,158,32,163,101,106,42,109,47,242,243,51,116,121,187
256,257,258,322,260,261,262,264,267,269,270,81,275,213,87,88,89,282,158,32,106,109,243,51,116,117,248,249,250,251
259,68,261,264,73,74,200,268,205,142,271,272,81,210,275,86,87,88,89,91,158,32,98,163,106,109,242,243,51,116,246,251
259,68,263,264,72,74,71,268,269,76,79,272,81,86,87,88,281,283,158,31,98,99,7,101,168,106,109,243,51,116,253
68,261,69,71,264,268,269,77,273,274,275,81,86,87,88,281,89,283,158,32,98,101,106,109,176,241,243,244,117,118,51,116
192,264,268,269,76,78,272,273,274,83,82,87,281,90,283,284,158,94,96,32,98,101,102,103,106,108,110,113,243,51,187
194,261,264,73,269,205,79,16,81,210,275,87,88,281,215,91,94,158,36,106,172,237,109,242,243,51,116,246,248,251,189
259,68,7,72,71,76,269,77,268,80,81,276,84,86,87,283,91,284,158,100,101,168,107,109,51,244,116,247,121,253
68,261,71,264,75,269,205,81,210,275,85,277,86,87,281,88,283,284,89,94,92,32,158,98,163,106,109,110,242,243,51,116,250,251
1,68,261,263,264,75,268,269,81,84,85,278,87,88,281,89,283,284,92,158,94,32,98,106,109,242,243,51,117,116,185,250,251
68,261,69,71,264,75,268,269,142,81,210,84,86,279,87,281,283,157,158,32,98,168,106,110,241,242,243,51,116,118,248,251
68,261,264,75,269,81,210,85,86,87,280,89,88,283,284,216,158,32,98,106,109,110,241,242,243,51,244,116,119,250,251,253
261,69,264,75,268,269,204,142,81,275,87,281,283,158,159,32,98,39,168,106,109,241,242,243,51,245,118,250,251,124,253,254
65,194,68,261,262,71,264,7,75,268,269,81,275,86,87,88,281,282,283,94,158,98,106,108,109,241,242,243,51,116,250,251
261,69,71,264,268,269,76,79,208,81,274,213,87,88,281,283,284,158,32,98,106,109,251,241,242,243,244,51,187,253,191
68,261,69,264,75,269,81,210,275,84,86,87,88,281,89,283,284,94,158,32,98,106,109,242,243,51,116,249,251,252,191
128,130,131,132,133,134,135,136,138,139,140,285,286,288,289,290,291,123,124,125,127
128,130,131,132,133,134,135,136,139,140,285,286,288,289,290,291,123,124,125,127
128,129,130,131,132,133,134,135,136,139,140,286,287,288,289,291,122,123,124,126,127
128,130,131,132,133,134,135,136,139,140,285,286,288,289,290,291,123,124,125,127
128,130,131,132,133,135,136,137,138,139,140,86,286,289,290,291,116,121,122,123,124,125,126,127
128,130,131,132,133,134,135,136,137,139,140,285,286,288,289,290,291,107,123,124,125,126,127
128,130,131,132,133,134,135,136,137,139,140,286,288,289,290,291,123,124,125,126,127
330,142,147,148,153,155,156,158,292,293,167,296,170,299,172,300,174,303,175,306,307,308,179,310,311,184
330,141,142,148,149,154,158,292,293,294,167,296,166,299,172,300,301,303,175,174,306,307,308,179,310,184
330,142,144,150,87,153,155,157,158,160,293,294,296,297,299,172,301,300,303,175,174,306,307,308,179,180,183,184,51
257,322,324,330,144,145,148,155,221,184,158,225,34,292,293,166,295,168,297,167,172,174,303,175,110,307,179,309,310,311,180
330,142,144,148,87,153,155,157,158,160,32,293,294,296,297,172,300,175,177,306,307,308,179,180,183,184,51
257,322,258,324,143,144,145,213,87,88,155,221,157,158,160,225,34,293,294,295,296,297,301,303,175,178,179,180,309,310,181,318
330,142,144,146,87,153,155,157,158,160,32,161,293,167,298,299,300,172,173,175,304,306,178,308,180,307,183,179,51,181
330,141,142,148,153,157,184,158,292,293,170,299,172,300,173,303,175,174,306,307,308,178,179,311,310,126
330,141,142,144,150,152,153,155,157,158,99,293,166,167,296,299,300,301,172,175,304,177,306,307,308,179,180
71,330,142,144,146,183,155,157,158,160,164,293,294,167,168,104,170,299,172,301,300,171,175,297,306,179,307,302,180,311
330,141,142,144,146,87,153,155,157,158,160,161,164,293,167,299,300,301,302,172,175,173,306,178,307,179,180,183,181,51
68,330,142,146,148,184,158,32,292,293,166,167,170,299,172,300,44,303,175,304,306,307,308,180,174,311,179,310
197,330,142,143,144,208,146,147,153,155,156,157,158,160,164,167,169,298,300,301,304,306,307,180,308,178,181,179
5,330,141,142,144,146,87,153,154,155,157,158,160,98,299,300,301,172,175,302,305,306,178,308,174,179,311,180,51,186,127
330,141,142,144,147,150,152,153,155,157,158,292,293,167,169,300,172,175,304,177,306,307,308,180,179,311
330,142,148,149,153,155,157,158,160,293,294,167,296,299,300,172,174,175,306,307,308,178,309,179,184,310
328,330,142,146,148,153,155,158,160,294,167,296,300,172,174,175,306,307,308,178,180,309,184,179,310
330,142,144,146,147,148,153,155,158,160,294,296,298,170,300,172,175,306,307,308,180,178,309,184,179
257,322,324,330,142,144,145,148,154,155,184,158,160,225,292,293,166,295,167,297,170,172,174,303,175,306,307,308,309,310,179,180
73,10,330,144,81,146,275,87,23,155,156,157,94,158,160,161,292,293,37,167,169,303,239,177,306,175,178,180,179,311,51,251
322,323,324,319,194,327,200,328,197,199,201,202,204,205,208,209,210,213,214,87,215,225,187,312,313,186,315,317,318,191
192,194,323,195,197,326,327,200,199,201,202,204,205,208,209,210,211,213,214,215,31,186,313,314,187,317,191
192,320,193,323,194,319,198,327,200,201,199,197,202,205,208,209,210,213,214,215,317,313,314,187,60,189,190,191
192,322,323,324,319,194,199,200,328,201,202,205,208,210,213,214,22,215,88,89,221,32,225,44,315,312,187,318,191
192,194,323,197,326,327,200,199,328,201,76,205,208,209,210,213,214,215,165,43,314,316,313,186,187,188,317,190,191
192,322,323,324,319,194,197,200,328,199,201,202,205,206,14,208,209,210,213,214,87,215,217,221,315,312,187,317,318,191
322,323,324,319,194,327,200,328,195,197,199,201,205,208,81,210,211,209,213,214,215,315,181,312,313,314,187,318,191
322,323,324,319,194,327,200,328,197,199,201,202,205,208,209,210,213,214,87,215,158,315,312,313,314,187,318,191
320,192,194,323,324,197,326,327,200,198,199,201,202,205,208,209,210,213,214,87,215,158,32,313,314,187,316,317,190,191
321,193,195,196,323,194,68,203,204,205,206,209,210,212,85,278,215,90,28,163,166,171,111,114,115,187
322,323,324,258,319,327,200,328,194,199,201,202,205,208,210,211,213,214,215,89,217,32,225,37,44,187,312,313,315,318,191
322,323,324,194,198,327,200,197,202,199,201,205,208,209,210,213,214,87,215,158,312,313,314,187,317,190,191
318,191,322,323,324,194,198,327,200,197,199,201,202,205,208,209,210,213,87,215,221,94,225,187,312,313,315,190,319
193,194,196,325,197,199,327,201,202,203,205,208,209,210,277,278,87,213,215,93,158,32,97,228,109,179,54,120,187,61,191
192,194,323,324,197,326,327,200,199,201,202,204,205,208,210,213,214,215,32,187,53,313,186,315,317,191
322,323,324,194,326,327,200,198,325,197,199,201,202,205,208,209,210,213,214,215,32,189,313,314,187,317,190,191
192,194,323,195,326,328,200,330,204,205,206,208,210,213,214,215,155,186,307,308,309,313,314,187,316,317,191
194,323,324,197,327,200,329,202,73,138,199,201,205,208,209,210,275,213,214,87,215,26,231,237,46,312,313,187,188,189,191
256,68,261,69,264,200,74,268,269,77,81,275,85,87,88,89,283,94,158,32,98,41,106,109,241,242,243,51,116,54,246,251
256,68,261,264,73,74,269,16,81,210,275,277,86,87,280,89,88,94,158,32,106,237,109,242,243,51,116,246,119,248,249,251
68,261,264,73,269,16,81,210,275,277,86,87,88,89,91,284,94,158,32,98,163,106,109,48,242,243,51,116,246,248,249,251
0,64,5,135,200,73,202,10,329,138,16,81,275,87,222,158,37,231,39,234,43,237,46,239,51,54,120,58,59
64,3,198,8,9,12,16,17,18,19,22,87,28,29,159,225,33,227,163,38,232,41,42,238,51,182,58,59,63
0,131,3,9,12,16,145,22,23,87,89,158,220,28,222,287,32,289,226,35,225,37,161,163,234,46,238,50,51,58,60,63
66,2,195,5,6,327,198,9,207,16,145,87,222,57,224,158,37,230,231,233,234,43,238,51,313,58,187,317
66,2,5,70,199,201,266,207,16,87,217,157,222,158,35,36,231,234,43,173,51,53,54,121,58,189
3,4,323,7,12,269,275,87,24,281,88,311,158,32,34,41,106,43,233,47,239,242,243,51,55,58
64,5,200,73,10,329,138,13,81,275,20,88,89,222,30,32,33,37,231,40,234,44,237,46,45,51,52,54,311,121,251
5,135,200,7,266,138,140,16,275,87,222,158,224,31,163,37,38,231,168,234,42,237,46,239,48,51,61,53,56,121,60,189
192,66,5,6,327,71,9,267,13,214,87,27,222,158,224,32,37,230,231,234,43,44,51,54,57,187,317
0,64,66,195,5,6,327,9,144,211,84,216,91,222,224,102,231,234,43,187,46,238,180,57,58,59,317,63
66,323,194,5,6,327,7,9,13,208,214,23,87,222,158,224,32,30,37,230,231,40,234,43,44,45,51,54,313,314,189,191
64,66,323,5,200,9,266,13,205,210,275,87,88,222,158,224,32,163,37,230,231,234,43,44,237,46,45,51,54,57
128,66,194,5,199,7,9,266,13,87,88,284,222,158,224,32,37,230,231,41,234,43,44,45,238,51,54,124,190
128,64,66,132,5,6,9,13,16,19,22,87,28,222,224,32,163,37,231,234,43,44,237,238,240,51,54,58,63
192,66,67,4,5,7,9,13,149,214,23,22,87,27,222,31,224,32,163,38,168,234,43,42,187,46,51,53,56,57,59,61
66,5,6,9,16,22,87,24,218,27,220,28,222,224,163,168,233,234,43,42,187,238,51,308,57,58,59,317,63
66,3,4,5,9,12,205,16,22,24,28,222,224,34,163,231,233,234,43,42,238,47,239,55,313,58,124
3,4,200,73,202,10,12,16,81,275,22,24,28,311,93,34,163,231,41,233,43,239,47,303,55,58,251,63
64,1,322,324,5,200,13,16,213,22,88,89,218,221,222,287,32,225,34,35,163,37,230,231,229,232,234,58,44,237,312,57,122
66,195,194,5,7,9,10,16,18,19,22,87,218,222,158,224,98,163,37,231,234,43,237,238,240,51,54,57,58,127
66,5,6,327,9,10,142,16,17,87,220,222,158,224,30,226,230,231,234,43,45,238,50,51,57,58,187
1,5,6,199,200,9,266,13,275,22,88,89,218,222,30,224,32,35,37,229,231,232,234,43,44,237,52,121,58,189
2,5,70,199,201,266,13,207,87,217,222,224,32,36,37,231,234,44,173,237,45,51,53,54,121,189
3,4,12,85,87,24,281,158,223,32,34,39,41,106,43,233,47,239,242,243,51,55,58,190,191
3,198,6,327,9,12,16,17,22,87,28,222,223,289,161,163,313,168,41,234,43,42,238,60,48,57,58,124,63
0,64,66,5,8,9,11,16,22,23,87,218,27,28,222,224,32,33,163,227,230,231,234,43,42,237,238,57,58,59,63
64,66,323,5,135,7,202,10,13,16,275,87,279,157,222,158,224,32,227,230,231,39,234,43,237,46,51,54,57,58,124
64,2,5,135,200,73,329,202,10,207,16,81,275,87,222,224,37,231,233,234,43,59,237,46,239,51,311,58,251
0,192,66,64,4,5,9,204,13,16,149,22,218,27,28,222,224,163,100,58,38,39,234,43,239,55,57,186,59,124,63
0,64,66,5,6,198,327,9,326,204,16,82,87,27,222,158,224,234,43,187,238,50,51,54,57,58,59,317
66,2,5,6,327,135,9,266,16,22,87,216,27,222,158,224,98,163,37,231,234,43,237,238,51,244,54,57,58,317,127
128,1,66,132,5,198,6,327,9,16,17,22,87,28,222,158,224,163,37,231,168,234,43,42,237,238,51,54,58,124,63
128,64,66,132,5,6,9,16,19,22,23,87,27,28,222,158,224,33,163,37,231,168,234,43,42,237,110,51,58,59,124,63
323,324,5,200,9,16,17,22,87,28,221,222,287,224,225,158,163,58,37,230,231,168,232,234,42,43,237,238,51,122,62,63
64,66,323,5,135,200,73,138,202,13,16,275,87,222,224,32,163,228,37,230,231,168,234,43,44,237,46,51,54
192,66,195,323,5,9,13,206,23,87,91,155,222,158,224,32,31,37,230,231,234,43,235,237,44,51,54,57,187,124
0,66,5,6,7,9,10,207,16,87,218,27,222,158,224,32,30,37,230,231,234,43,237,45,51,54,57,58
64,66,2,5,6,198,135,9,266,16,275,22,87,222,158,224,32,163,37,231,41,234,43,42,237,238,51,54,57,58,59
64,66,5,6,327,199,9,266,13,205,210,215,87,222,57,224,32,158,163,37,231,234,43,44,237,45,49,51,54,313,189
3,4,263,200,12,16,275,87,24,281,25,223,34,41,106,43,233,47,239,48,242,51,55,313,58,191
0,1,66,5,9,13,143,16,20,22,87,27,28,222,158,224,225,163,37,231,168,41,234,43,42,238,51,185,58,124,63
0,64,66,323,5,6,9,13,79,210,23,87,222,158,224,32,163,37,231,234,43,44,237,46,45,51,54,57,122,60
64,2,3,67,198,7,135,9,274,87,281,222,158,32,225,31,163,37,293,41,234,43,42,46,50,51,53,182,56,57,58,60,61,62
66,5,6,327,198,9,13,15,17,21,218,27,222,224,32,37,231,40,233,234,43,44,238,51,54,187,317
7,200,73,329,202,10,138,16,81,275,87,219,221,31,163,37,38,231,236,237,46,303,48,51,53,311,56,57,251,60,61
2,5,6,198,200,329,73,9,135,10,16,81,275,22,87,222,158,224,163,37,231,234,43,237,46,239,51,246,54,58
0,64,66,2,3,5,9,266,13,207,16,213,87,218,222,158,224,32,227,37,231,39,234,43,51,57,58,59,124,317
3,4,200,73,10,202,329,12,16,81,275,55,87,24,158,34,292,233,43,237,239,303,47,51,246,311,58,251
66,323,195,5,9,13,206,207,205,210,23,87,215,218,155,222,158,224,32,37,231,234,43,44,237,240,51,54,57,122,187,124
66,67,68,5,198,9,13,208,23,87,92,222,158,224,32,33,162,37,166,231,234,43,107,237,44,174,51,54,57,124,62
66,323,5,6,327,200,9,198,11,16,87,26,222,158,224,32,98,223,37,231,39,234,43,237,240,51,54,118,58,317,127
64,66,323,5,327,200,138,13,210,275,23,87,222,57,224,32,158,163,30,37,231,234,43,44,237,46,45,51,54,121
128,64,66,5,198,6,9,139,13,16,23,87,222,158,224,33,32,163,37,231,168,41,234,43,59,44,238,51,54,123,124,62
66,5,6,7,200,9,329,73,138,266,13,275,87,222,158,224,32,30,37,230,231,234,44,237,46,239,45,51,54,62
128,2,195,132,5,135,16,19,83,85,278,87,22,285,222,157,224,158,163,231,39,233,234,43,240,112,51,54,118,58,59
128,64,66,5,6,9,266,13,87,222,30,224,32,37,230,231,234,43,108,237,46,45,240,44,51,54,57,62
5,134,200,73,329,138,202,10,74,16,81,275,87,222,158,226,35,37,166,231,234,43,237,46,239,51,179,54,311,58,251
128,1,132,5,198,6,9,16,19,22,87,28,222,158,224,160,163,37,231,168,41,234,43,42,238,51,54,58,124,63
64,194,5,6,199,7,9,266,13,87,155,222,30,224,32,158,163,36,37,228,231,41,234,43,44,237,46,45,51,54,121,189
0,1,66,323,5,9,11,14,16,22,23,25,26,27,28,29,222,224,32,163,230,231,41,234,43,42,237,238,46,58
68,261,264,75,268,269,205,81,210,275,83,85,86,87,88,281,89,283,92,94,158,32,98,106,109,110,242,243,51,116,249,250,251
192,68,261,69,324,264,75,268,269,81,210,275,86,87,88,281,89,283,284,94,158,32,98,106,109,110,241,242,243,51,116,250,251
256,257,258,260,261,262,68,264,71,269,81,275,86,87,88,89,283,93,158,168,106,109,242,243,51,116,248,249,251
68,261,69,71,264,200,75,268,269,76,205,272,81,210,275,86,87,88,281,89,283,94,158,32,98,163,106,109,242,243,51,116,248,251
68,261,69,264,75,268,269,76,80,81,210,275,87,88,89,283,284,94,158,32,98,168,41,106,108,109,241,242,243,51,116,246,251
2,70,199,264,201,266,268,269,207,81,275,87,88,217,158,32,36,37,173,109,243,51,53,121,189
68,261,69,264,266,75,268,269,81,210,275,86,87,88,281,89,283,284,158,32,160,98,106,109,110,241,242,243,51,116,120,251
68,261,69,264,268,269,270,79,76,81,210,275,85,86,87,88,281,89,283,284,158,32,98,168,106,109,241,242,243,51,116,119,251
68,261,69,71,264,75,268,269,79,81,275,86,87,281,283,284,158,32,98,168,186,106,109,241,242,243,51,116,250,251,316
256,68,261,264,73,74,269,16,81,275,87,88,89,91,94,158,32,104,106,109,48,242,243,51,116,246,248,249,250,251
68,69,261,264,75,268,269,11,205,81,210,275,86,87,88,281,89,283,94,158,32,98,163,106,109,110,241,242,243,51,116,251
256,68,261,69,264,73,268,269,205,16,81,210,275,86,87,88,89,91,94,158,32,98,106,109,242,243,115,51,246,116,248,251
68,261,135,138,269,270,81,83,275,85,278,277,87,88,89,92,93,158,95,32,97,289,105,109,111,112,178,51,116,117,118,122,127
194,259,68,261,135,264,71,7,75,268,269,272,81,275,86,87,88,281,283,158,98,99,106,109,241,242,243,116,51,248,250,251
259,68,261,73,74,268,205,79,272,81,16,275,84,210,86,87,88,89,91,284,94,158,32,163,106,107,109,243,51,116,246,251
259,68,261,69,264,75,268,269,81,210,275,84,86,87,88,281,89,283,284,157,158,32,98,163,106,109,241,242,243,51,116,251,252
68,71,72,264,7,76,77,269,268,81,274,84,85,86,87,88,283,284,158,98,99,101,166,41,106,241,243,244,51,116,253,254
68,261,71,264,7,75,268,269,79,275,214,87,88,281,280,283,89,86,94,158,32,98,106,110,241,242,243,51,116,119,248,251,252
194,68,261,71,264,7,266,75,268,269,76,79,81,275,86,87,88,281,283,94,158,32,98,106,109,241,242,243,51,116,250,251
194,68,261,262,71,264,7,70,75,269,81,85,86,87,88,281,94,95,158,98,104,106,109,112,242,243,51,117,116,121,250,251
256,257,258,322,260,261,262,194,264,68,71,267,7,269,81,86,87,88,89,158,32,225,121,106,109,243,51,116,248,249,251
68,261,69,264,75,268,269,205,81,210,275,87,88,281,89,284,94,158,32,98,99,168,106,109,110,241,242,243,51,116,250,251
256,258,261,264,73,74,10,269,16,81,275,87,88,94,158,98,106,172,109,242,243,180,51,246,248,249,250,251,189
259,195,263,264,71,268,269,76,77,272,206,81,84,87,281,283,284,155,158,32,98,101,41,109,241,243,244,51,115,122,187,253
68,69,261,70,264,71,75,268,269,141,81,274,275,86,87,88,281,89,283,158,32,98,163,106,42,109,110,242,243,51,116,250,251
256,257,258,194,260,261,262,68,264,70,71,7,269,79,144,86,87,281,89,283,155,158,121,98,41,106,242,243,51,116,248,249,251
259,68,71,264,72,7,9,76,269,268,77,81,274,84,86,87,88,281,91,283,284,158,32,99,166,106,109,241,243,244,51,116,187,253
256,257,258,260,261,262,68,71,269,79,81,275,86,87,88,281,89,283,158,32,225,106,109,187,243,51,116,248,249,251
256,259,71,72,199,74,201,76,269,268,77,13,142,274,271,22,87,88,89,91,283,158,30,32,35,100,37,44,241,244,52,253,254
256,257,258,322,260,68,262,71,267,81,210,213,86,87,88,89,221,158,248,225,32,163,109,178,51,116,245,310,312,249,122,187,318
256,257,258,322,260,261,262,259,68,71,267,76,269,81,210,213,86,87,88,89,283,158,32,163,109,243,51,245,116,248,249,187
256,194,68,261,71,264,7,268,269,14,275,86,87,281,89,283,56,57,32,31,98,106,48,241,242,243,244,116,53,248,249,251,60,253
259,261,71,264,200,202,268,269,76,79,205,81,210,275,87,88,89,283,284,158,32,98,168,106,109,187,241,243,244,51,116,251,253
259,68,71,264,72,268,269,77,76,205,81,274,210,84,86,87,88,281,89,91,283,284,158,32,99,163,166,109,241,243,244,51,116,253
64,194,68,71,7,76,269,79,80,81,275,86,23,87,281,88,91,283,158,225,99,166,168,106,109,51,244,116,246,121,188,253
256,257,259,68,262,264,73,268,269,76,81,210,213,86,87,88,89,91,283,158,94,32,225,163,109,241,243,244,51,246,116,248,249,251
0,259,68,264,73,268,269,76,77,81,274,84,87,88,281,89,91,283,284,158,94,32,99,166,39,106,109,241,243,244,51,116,120,253
259,68,264,72,138,268,269,76,79,81,274,275,87,88,281,89,91,283,158,32,99,166,168,106,109,46,241,243,244,51,116,122,253,127
256,192,259,72,264,73,76,269,268,77,205,81,210,275,84,87,88,89,283,91,158,94,32,99,166,168,109,241,243,244,51,246,253
256,257,68,261,73,202,74,205,16,81,210,275,86,87,88,89,91,94,158,32,163,237,109,242,243,51,116,246,248,249,251,254
256,257,258,260,261,262,68,264,269,205,81,210,275,213,87,88,89,283,158,32,98,106,42,43,109,242,243,51,116,248,249,251
259,68,71,264,268,269,76,79,272,81,274,84,86,87,88,281,283,92,284,158,31,99,101,168,106,107,109,243,51,116,253
256,67,261,199,264,201,75,268,269,13,18,275,22,87,88,281,89,94,158,96,32,98,35,30,37,106,44,241,242,243,52,248,251
66,261,6,264,75,268,269,81,275,85,87,88,281,283,284,92,158,32,98,99,106,109,242,243,51,116,119,57,250,251,253
256,257,258,259,260,261,262,68,264,73,267,269,14,81,210,213,86,87,88,89,283,158,94,32,163,106,109,243,51,116,248,249,251
68,261,263,264,71,75,269,205,81,210,275,85,278,86,87,88,89,283,284,92,94,158,32,98,163,106,109,242,243,51,117,116,250,251
258,68,261,198,264,75,268,269,81,210,275,85,278,277,87,88,89,283,284,86,158,32,100,101,106,109,112,243,51,117,116,119,253
256,257,258,322,260,324,262,261,264,259,68,269,81,210,213,86,87,88,89,90,283,284,158,32,313,106,108,109,243,51,116,248,249
256,68,261,264,73,74,202,269,16,81,82,275,84,210,86,87,88,89,91,94,158,32,163,237,109,242,243,51,116,246,54,251
68,264,72,76,269,268,77,208,81,274,84,277,86,87,88,281,91,283,284,158,99,163,101,166,40,106,109,49,243,244,51,116,189,253
192,68,71,7,266,74,268,269,77,76,208,274,275,214,87,280,281,86,283,88,158,32,99,166,106,243,244,116,51,119,187,253
192,68,71,72,264,76,77,269,268,80,81,274,84,86,87,88,280,283,284,158,32,99,100,101,168,109,243,244,51,116,187,253
68,261,264,73,269,16,81,210,275,85,86,87,88,281,89,91,283,94,158,32,98,163,106,109,46,242,243,51,116,246,248,251
68,261,70,264,75,76,269,268,205,81,210,275,86,87,88,89,283,284,158,32,98,99,163,166,106,109,241,242,243,244,51,116,251,253
256,68,261,264,73,268,269,80,81,16,275,210,86,87,88,89,91,94,158,32,98,106,109,242,243,51,116,246,248,251
256,257,258,322,260,324,262,261,264,68,330,267,269,205,81,210,213,86,87,88,89,158,32,225,163,106,109,243,51,116,309,248,249
259,68,261,71,264,268,269,76,272,81,274,84,86,87,279,281,88,283,284,158,31,98,99,101,168,106,109,176,243,51,116,253
65,259,261,263,264,71,268,269,77,76,80,81,208,276,87,88,281,283,92,158,32,97,98,106,109,241,114,243,244,51,187,316
2,261,70,199,264,201,266,74,267,269,207,80,275,87,88,217,91,158,97,98,36,243,51,53,246,184,121,251
68,261,71,264,7,75,268,269,79,81,275,85,86,87,88,281,283,284,94,158,32,98,168,106,109,110,242,243,51,116,248,250,251
68,261,71,269,270,205,81,210,83,277,85,278,86,87,88,89,92,93,158,95,32,97,98,163,105,109,111,112,242,51,116,117,120
68,261,264,75,268,269,76,79,80,81,275,86,87,88,281,283,284,158,32,98,163,106,109,111,241,242,243,51,244,246,116,249,251
68,261,71,264,7,75,268,269,76,79,13,81,85,86,87,88,281,283,284,92,158,32,101,168,106,109,242,243,244,51,116,187,253
256,1,261,264,73,74,268,205,272,81,16,275,210,87,88,89,91,93,94,158,32,98,109,242,243,51,116,246,248,251
256,257,258,260,261,262,200,267,269,80,209,81,212,213,87,88,89,158,32,225,168,106,109,243,51,245,246,116,248,249,251,316
256,257,258,260,261,262,68,264,71,267,269,205,81,210,84,213,86,87,88,89,283,158,32,98,163,106,109,243,51,116,248,249,251
68,261,69,263,264,266,75,268,269,81,210,275,86,87,88,281,89,283,284,158,32,98,106,109,241,242,243,51,116,250,251
68,261,71,264,7,135,268,269,76,77,79,84,276,86,87,88,281,153,283,284,158,32,98,101,106,241,177,243,244,51,116,187,253
256,68,261,71,73,74,202,269,271,80,81,16,275,84,87,88,91,283,284,94,158,32,106,109,187,51,116,246,248,251
192,68,69,261,71,264,7,75,268,269,79,81,274,275,84,86,87,88,281,283,284,158,32,98,106,241,242,243,51,116,251,188,189
68,261,71,264,7,74,75,268,269,79,81,275,86,87,88,281,283,94,158,32,98,36,106,109,110,112,241,242,243,51,116,250,251
259,68,263,264,74,268,269,76,77,272,205,81,210,84,86,87,88,89,283,284,158,31,32,98,99,163,106,109,242,243,178,51,116,253
256,257,69,135,264,76,269,268,79,208,81,274,87,88,281,283,284,158,32,99,164,36,166,106,109,241,243,244,51,181,248,250,253,318
1,261,69,264,75,268,269,272,81,275,87,88,281,283,120,157,158,94,32,98,122,106,109,241,242,243,51,116,248,250,251
256,68,261,264,73,74,269,205,207,16,81,210,275,86,87,88,89,94,158,32,98,163,106,109,242,243,51,116,246,248,249,251
259,69,263,264,268,269,205,272,81,210,87,88,281,89,283,158,32,98,168,106,109,110,241,242,243,244,51,116,253,254
256,257,258,259,260,261,262,4,68,71,267,76,269,79,81,213,86,87,88,89,283,284,158,104,168,109,51,116,245,248,249,122
256,257,258,262,71,72,267,76,77,269,80,81,87,88,89,283,158,32,99,100,101,166,168,109,51,244,245,116,187,60,253
256,68,261,71,264,73,7,268,269,16,81,275,84,86,87,88,91,284,94,158,32,99,106,109,242,243,51,116,246,248,251,255
194,68,261,71,264,7,75,268,269,81,275,85,86,87,88,281,283,92,94,158,98,106,234,109,242,243,51,116,244,250,251,188,189
68,261,70,71,264,73,266,74,199,269,201,79,207,81,275,86,87,88,217,158,95,106,173,242,243,51,116,53,121,251,189
259,69,261,264,268,269,77,270,81,85,87,88,281,89,283,284,282,158,32,98,106,109,241,242,243,51,116,117,251,252,253,254
259,68,263,264,71,268,269,76,79,272,205,81,210,86,87,88,281,89,283,158,31,32,98,99,163,101,106,109,242,243,51,116,251,253
256,68,261,262,264,73,268,269,16,81,18,275,87,88,89,94,158,32,98,106,109,242,243,51,116,246,248,249,250,251
257,68,261,69,70,264,71,7,75,268,269,79,81,275,86,87,88,281,283,158,32,98,106,109,110,241,242,243,51,116,250,251,254
68,261,264,75,268,269,80,81,210,86,87,88,281,89,283,92,284,91,158,32,98,163,168,106,109,241,243,51,116,246,251,253
68,261,69,264,73,269,77,16,81,210,275,84,85,87,88,281,89,91,94,158,32,98,106,109,242,243,51,116,246,251
68,261,264,75,268,269,204,81,87,88,281,89,283,284,157,94,158,32,98,104,106,109,242,243,51,114,116,118,248,251,124
259,68,261,71,264,268,269,76,77,208,81,84,87,88,89,283,284,158,32,98,101,106,42,109,241,243,244,51,116,186,187,253
195,68,261,262,263,264,71,268,269,76,206,81,84,86,87,281,283,284,155,158,32,98,100,101,168,106,112,241,243,244,51,116,115,253
261,69,264,73,75,268,269,205,81,210,275,87,88,281,89,283,94,158,32,98,106,109,241,242,243,51,249,250,251
65,196,68,263,264,135,268,269,272,273,81,275,274,86,87,88,281,283,92,158,32,97,98,106,109,241,242,243,244,51,116,118,253
68,261,264,73,269,16,81,210,275,84,86,87,88,89,91,120,94,158,32,98,163,106,109,242,243,51,116,246,248,249,251
256,68,261,264,73,268,205,16,81,210,275,86,87,88,281,89,91,94,158,32,98,163,106,109,46,242,243,51,116,246,248,251
68,261,69,264,268,269,272,80,81,275,210,86,87,88,281,89,283,284,94,158,32,98,106,109,241,243,51,116,246,119,248,251,253
68,261,69,264,75,268,269,205,81,210,275,86,87,88,281,89,283,215,92,94,158,32,98,106,44,109,110,242,243,51,116,250,251
68,71,264,76,269,77,268,81,274,210,84,86,87,88,281,89,283,284,158,32,99,100,101,163,166,106,109,241,243,244,51,116,187,253
68,261,69,264,266,75,268,269,81,210,275,85,86,87,88,89,94,158,32,98,163,106,107,109,242,243,51,116,250,251
256,257,258,322,260,324,262,261,68,264,267,269,81,210,213,86,87,88,89,158,248,225,32,106,109,51,116,312,249,250,251
68,261,264,75,268,269,81,210,85,278,86,87,88,89,92,284,94,158,32,98,163,104,106,301,109,243,51,116,250,251,253
68,261,264,75,268,269,267,81,210,275,86,87,88,281,89,283,284,92,94,158,32,97,98,163,106,109,241,242,243,51,116,250,251
68,261,69,264,75,268,269,81,210,275,84,83,86,87,88,281,89,283,284,26,94,158,32,98,106,107,109,242,243,51,116,250,251
259,68,261,264,75,268,76,269,81,210,84,86,87,88,281,89,283,284,158,32,98,106,109,241,242,243,51,116,119,252,253
256,257,258,322,260,261,262,68,264,71,267,269,205,81,210,213,86,87,88,89,283,158,32,163,106,109,243,51,116,245,248,249,251
67,68,261,71,264,200,7,75,268,269,271,18,84,86,87,88,281,283,284,158,96,98,106,110,241,242,243,51,116,248,249,250
256,257,258,260,261,262,68,264,72,73,267,269,16,81,210,213,87,88,89,158,32,106,109,242,243,51,116,248,249,58,251,253
256,257,258,322,260,261,262,68,264,267,75,76,81,210,213,150,87,88,89,86,158,32,225,163,106,109,242,243,51,116,248,249,251
256,257,258,322,260,324,262,261,199,201,267,269,13,22,87,88,89,93,158,30,248,225,32,35,37,106,44,51,52,245,119,312,249
195,68,261,135,264,73,71,7,76,269,206,16,81,275,84,86,87,88,281,283,91,284,94,155,158,106,243,51,116,246,115,251
256,68,261,264,73,74,205,16,81,210,275,86,87,88,89,91,94,158,32,163,106,107,237,109,242,243,51,116,246,248,249,251
67,261,69,264,200,75,268,269,80,209,18,81,212,87,88,281,89,283,94,158,96,32,98,168,106,109,241,243,51,116,246,250,251,253
256,257,258,322,260,261,262,68,71,267,205,81,210,213,86,87,88,89,283,158,248,32,163,109,242,243,115,245,51,116,312,249,251
68,261,69,262,264,71,75,268,269,205,81,274,210,85,86,87,88,281,89,283,284,92,158,32,98,163,106,109,242,243,51,117,116,250
259,68,261,70,264,72,268,269,76,77,205,81,274,210,84,86,87,88,89,283,284,158,32,99,163,166,106,109,241,243,244,51,116,253
256,257,258,259,260,261,262,68,264,71,269,205,81,210,213,86,87,88,281,89,283,91,158,32,98,163,106,109,243,51,116,248,249
256,257,68,261,264,73,269,205,16,81,209,275,210,86,87,88,89,91,94,158,32,163,106,109,242,243,51,116,246,248,249,251
256,257,258,66,68,261,69,264,268,269,81,210,275,86,87,88,89,283,158,32,98,163,106,107,109,242,243,51,116,248,249,251
256,257,258,322,260,261,262,68,264,267,269,81,210,213,86,87,88,89,158,96,32,163,106,109,243,51,245,116,248,249,251,252
68,69,261,71,264,7,75,268,269,79,81,275,84,86,87,88,281,283,284,158,32,98,169,106,109,110,242,243,51,116,251,188,189
256,257,258,322,260,261,262,194,264,68,71,267,7,269,81,86,87,88,89,158,225,121,105,106,109,243,51,245,116,248,249
259,68,264,11,268,269,76,271,81,274,210,84,87,88,281,89,283,284,158,32,98,106,109,110,241,243,244,51,116,253,254
1,68,261,69,71,264,75,268,269,79,273,81,275,86,87,88,281,283,94,158,32,98,41,106,109,241,242,243,51,116,250,251
68,261,69,264,75,268,269,80,81,210,275,86,87,88,281,89,283,284,91,158,32,98,106,109,110,241,242,243,51,116,251
259,68,263,264,72,74,71,268,269,76,272,80,81,84,86,87,88,89,283,284,92,158,31,32,99,163,101,106,109,51,116,125,253
68,69,261,71,264,7,75,268,269,79,81,275,86,87,88,281,283,94,158,32,98,39,106,241,242,243,51,116,250,251,188,189
256,68,261,71,264,73,74,7,269,16,81,275,277,86,87,88,91,94,158,313,168,106,109,242,243,51,116,246,248,249,251
65,68,261,263,264,71,7,268,269,76,77,12,271,79,86,87,88,283,156,158,32,98,106,241,242,243,244,51,116,251,253
195,68,261,264,75,268,269,81,146,275,210,85,86,87,88,281,89,283,92,94,158,32,98,166,106,109,242,243,178,117,51,116,250,251
256,257,258,260,261,262,324,68,71,74,267,205,272,81,210,213,86,87,88,89,93,158,32,163,106,107,109,51,116,248,249,251
256,194,259,68,261,71,264,7,76,269,268,77,81,86,87,88,281,283,284,158,32,99,166,106,109,241,243,244,51,116,248,253
68,261,69,264,75,269,205,81,210,275,85,86,87,88,281,89,283,284,94,158,32,98,163,106,109,110,46,242,243,51,116,248,251
68,261,71,264,7,75,268,269,11,79,81,275,84,86,87,88,281,283,284,94,158,32,98,168,106,109,242,243,116,51,248,251
68,261,71,264,75,269,270,205,81,210,85,278,86,87,88,89,92,94,95,32,158,98,163,104,106,109,242,243,51,117,116,250,251
259,71,72,8,265,76,77,269,268,81,274,17,84,276,87,88,89,91,283,158,32,99,100,101,166,109,178,51,244,116,187,253,254
258,259,68,263,264,11,268,269,80,272,274,81,210,87,88,281,89,283,158,32,98,99,106,109,241,242,243,244,51,116,253,254
194,68,261,69,71,264,7,75,269,143,81,275,86,87,88,281,283,94,158,121,98,106,109,242,243,51,116,248,249,250,251
194,68,261,71,264,7,268,269,76,79,81,84,86,87,88,281,283,284,158,32,98,100,101,168,106,170,109,241,242,243,51,116,253
68,261,71,264,7,268,269,76,79,208,81,274,84,86,87,88,281,283,158,32,98,106,109,187,241,242,243,244,51,116,122,251,253
68,261,71,264,75,268,269,81,85,86,87,88,89,283,284,91,94,92,158,98,166,106,107,109,242,243,51,117,116,250,251,253
68,261,69,71,264,75,268,269,272,81,275,85,86,87,88,281,89,92,94,158,98,168,106,109,242,243,115,116,51,250,251
68,264,76,269,268,79,80,205,274,81,210,86,87,88,281,89,283,284,154,158,32,99,163,101,166,106,109,241,243,244,51,118,116,253
68,261,69,264,75,268,269,80,81,210,275,86,87,88,281,89,283,284,158,32,98,168,106,109,48,241,242,243,51,179,246,116,251
256,259,68,261,264,73,268,269,16,81,210,275,86,87,88,89,283,94,158,32,98,163,106,107,109,242,243,51,116,246,248,251
256,68,261,264,73,269,205,16,81,210,275,86,87,88,89,91,284,94,158,32,163,106,109,242,243,51,116,246,248,249,251
68,261,69,264,75,268,269,270,205,81,210,275,85,86,87,88,89,283,92,94,158,32,98,163,106,109,242,243,51,116,250,251
68,261,69,71,264,75,268,269,205,81,210,275,85,86,87,88,281,89,283,91,92,158,32,98,163,106,109,110,242,243,51,116,250,251
256,259,261,264,73,74,270,16,81,275,84,87,88,89,282,91,94,158,32,106,108,237,109,242,243,114,51,246,116,248,117,251
67,68,261,71,264,75,269,81,18,275,85,86,87,281,284,94,158,96,98,168,106,109,242,243,51,116,121,250,251
256,68,261,264,73,74,200,78,16,81,210,275,86,87,88,89,91,94,158,32,106,237,109,242,243,51,116,246,248,249,251
68,261,69,71,264,7,75,269,79,81,275,86,87,88,281,283,94,158,32,98,168,106,109,241,242,243,51,116,248,250,251,254
256,257,258,259,194,261,262,68,264,71,7,269,81,86,87,88,281,89,283,158,121,98,106,109,241,243,244,51,116,119,248,249
68,261,69,264,75,268,269,205,81,210,275,86,87,88,281,89,283,94,158,32,98,163,106,109,241,242,243,51,116,119,250,251
68,261,264,75,268,269,81,210,275,85,278,86,87,281,88,89,91,92,94,158,32,98,163,231,106,109,242,243,51,117,116,250,251
67,68,261,71,264,7,75,268,269,270,81,18,275,82,86,87,88,281,94,158,96,98,106,109,110,111,242,243,116,51,250,251
68,261,198,264,75,268,269,15,17,81,275,210,85,21,87,88,281,89,283,86,94,158,32,98,106,109,241,242,243,51,116,250,251
68,261,69,71,264,7,263,75,268,269,79,81,275,86,87,88,281,283,284,94,158,32,98,106,107,109,242,243,51,116,248,313,251
68,261,71,264,7,76,269,268,79,81,84,86,87,88,281,283,158,95,32,101,106,42,109,241,242,243,244,51,116,248,187,253
68,261,69,264,75,268,269,81,210,84,87,88,281,89,283,284,158,32,98,166,106,107,45,174,109,241,242,243,51,117,116,250
68,261,69,71,264,75,268,269,205,81,210,275,86,87,88,281,89,283,92,94,158,32,98,163,106,109,110,242,243,51,116,250,251
67,68,261,264,268,269,205,79,272,81,274,275,18,210,86,87,88,281,89,283,94,158,32,98,163,106,109,110,242,243,51,116,56,251
68,261,69,71,264,266,75,269,81,275,213,86,87,88,281,283,94,158,160,98,163,106,109,110,242,243,51,117,116,120,250,251,191
194,68,261,69,5,264,70,71,75,268,269,7,79,144,275,84,86,87,281,283,284,155,158,98,106,242,243,51,116,248,121,251
68,261,70,199,264,201,266,74,71,269,207,81,275,86,87,88,217,280,94,158,36,106,173,243,51,53,116,119,121,251,189
259,68,261,264,75,268,269,270,81,275,87,88,281,89,283,284,282,158,32,98,59,106,108,109,110,241,242,243,51,116,117,248,251
68,261,264,73,269,205,16,81,210,275,86,87,88,281,89,283,94,158,32,98,163,106,109,110,46,242,243,51,116,246,248,251
256,257,68,261,71,264,73,268,269,79,16,81,275,86,87,88,89,94,158,32,163,106,109,242,243,51,116,246,248,249,58,251
259,195,68,72,268,76,269,79,272,80,81,210,84,211,87,283,92,91,284,158,32,94,290,100,101,166,103,168,107,109,174,51,253
256,194,261,264,73,74,202,268,269,205,16,81,210,275,87,280,215,88,91,94,158,106,237,109,242,243,51,246,119,248,251
194,259,68,70,263,264,71,7,76,269,77,268,81,274,86,87,88,281,283,158,98,99,166,106,109,241,243,244,51,116,121,253,254
68,261,71,264,268,269,76,79,144,275,84,86,87,88,281,283,92,284,158,95,32,106,112,242,243,51,180,116,244,248,251,188
66,259,68,263,72,264,74,268,76,269,79,272,81,210,86,87,88,89,283,284,158,31,32,99,100,101,163,109,243,51,116,119,253
68,261,69,264,75,268,269,11,205,81,210,275,86,87,88,89,283,94,158,32,98,163,106,109,110,241,242,243,51,116,250,251
259,68,261,71,264,9,75,269,270,81,86,279,87,281,90,283,88,158,32,98,99,168,106,109,110,241,242,243,51,116,247,248,249
68,261,69,264,75,268,269,81,210,275,84,86,87,88,89,281,283,284,94,158,32,98,106,109,110,242,243,51,116,250,251,126
68,261,263,264,266,75,269,205,81,210,85,278,86,87,88,89,283,284,92,94,158,32,163,104,106,109,242,243,51,117,116,250,251
256,68,261,71,264,73,74,7,268,272,81,275,84,86,87,88,216,91,94,158,102,106,109,46,243,51,116,246,251
259,195,261,264,268,269,206,81,274,210,87,281,283,284,155,91,158,32,98,99,168,106,109,110,241,242,243,244,115,51,182,248,122,253
259,68,7,72,71,76,77,268,269,80,81,84,276,86,87,88,277,282,283,91,284,158,100,101,106,107,109,242,51,244,116,117,247,253
259,68,263,264,72,74,71,268,269,76,79,272,81,86,87,88,283,158,95,31,98,99,7,101,106,109,242,51,116,253,255
261,71,264,75,268,269,76,79,272,205,81,275,210,87,88,281,89,283,92,158,32,98,168,106,109,242,243,244,114,51,250,187,253,62
68,264,76,269,268,77,205,81,274,210,87,88,281,89,283,158,32,98,99,100,101,166,168,106,109,241,243,244,51,116,126,253,254
257,68,261,264,75,268,269,81,210,275,85,86,87,88,281,89,283,92,93,94,158,32,98,106,109,242,243,51,117,116,313,250,251
68,261,71,264,10,75,269,270,81,275,85,86,87,88,281,283,284,28,94,158,32,104,168,106,109,242,243,51,116,250,251,188
68,261,71,264,7,75,269,77,141,81,275,85,86,87,88,281,283,284,94,158,98,106,113,242,243,51,116,248,249,251
261,69,5,264,71,268,269,142,79,81,275,212,87,88,281,89,283,158,95,32,98,106,109,241,242,243,244,51,116,248,249,251,127
68,71,264,72,8,76,269,77,268,142,274,275,84,20,86,87,283,284,157,158,100,101,36,166,241,178,243,244,116,118,119,51,253,254
261,263,264,268,269,142,79,80,81,87,88,281,283,157,158,32,98,168,106,109,110,241,243,244,51,246,116,118,251,253
256,68,261,69,71,264,73,7,75,10,269,16,81,275,86,87,88,282,94,158,98,106,109,242,243,51,116,246,117,248,249,251
256,68,261,264,73,74,269,205,16,81,210,275,86,87,88,89,94,158,32,98,163,106,109,242,243,51,244,246,116,248,249,251
259,69,263,264,72,268,269,76,205,272,81,146,210,84,87,88,281,89,283,284,91,158,32,98,101,106,109,243,244,51,116,119,253
256,259,68,71,264,76,269,268,77,205,81,274,210,84,86,87,88,281,89,283,284,158,32,98,99,163,166,109,243,244,51,116,248,253
258,259,68,261,264,75,269,81,210,275,85,278,87,88,89,283,92,158,95,32,105,106,108,109,112,242,243,180,117,51,116,250,251
67,68,261,71,264,7,75,269,270,79,144,81,18,86,87,88,281,284,158,96,100,101,106,112,242,243,116,51,180
68,261,69,264,330,75,269,80,81,210,86,87,88,281,89,283,284,158,32,98,106,109,110,241,242,243,51,116,309,248,251,60,253
194,68,71,264,7,76,269,268,79,81,274,275,84,86,87,88,281,89,91,283,284,158,32,99,166,106,109,243,244,51,116,251,253
68,261,69,264,74,75,268,269,272,81,210,275,86,87,88,281,89,283,94,158,32,98,168,106,109,241,242,243,51,116,120,250,251
257,68,261,71,264,268,269,76,208,81,275,84,87,88,281,89,283,284,158,32,98,106,42,109,187,241,242,243,51,116,251,252,253
68,261,69,264,75,268,269,81,210,275,84,86,87,88,281,89,283,284,153,94,158,32,98,106,109,241,242,243,51,116,182,251
68,261,69,264,75,268,269,81,210,275,86,87,88,281,89,283,284,158,32,98,106,109,110,242,243,51,178,116,250,251
66,259,68,261,69,263,264,268,269,272,273,274,81,210,86,87,88,89,283,158,32,98,106,109,241,242,243,244,51,116,253,254
1,259,68,261,264,72,137,75,268,269,76,81,210,84,87,88,89,283,284,158,94,32,98,100,101,106,107,109,243,244,51,116,253
194,68,261,69,70,264,71,7,75,268,269,200,81,275,86,87,88,281,283,94,158,98,163,106,109,110,242,243,51,116,248,121,251
68,261,71,264,75,268,269,81,275,85,213,87,88,281,89,283,284,86,94,92,158,98,168,106,109,242,243,51,116,250,251,191
68,261,69,264,268,269,205,80,81,210,275,87,88,281,89,283,94,158,96,32,98,106,109,241,242,243,51,116,246,248,251
330,144,208,146,155,156,157,158,160,292,293,164,167,295,169,300,301,173,303,304,177,306,302,175,309,310,311,180,181,179
2,330,142,144,146,18,148,87,153,155,157,158,160,161,294,167,298,172,173,175,304,178,307,180,308,179,51,181
193,330,203,142,144,212,149,153,154,155,157,158,159,293,167,171,300,301,172,175,304,305,306,179,308,114,182,311,180
330,141,142,146,148,153,157,158,292,293,294,167,296,166,170,299,172,300,301,303,175,174,306,307,308,177,179,310,184
330,141,142,144,147,148,153,154,155,157,158,160,293,294,167,296,300,172,174,175,177,306,307,308,178,180,183,179,187
5,330,141,142,144,150,87,152,153,155,157,158,160,293,296,170,299,300,172,301,175,177,306,307,308,178,179,183,180
73,330,202,142,144,148,91,156,155,184,158,160,292,294,167,166,169,298,170,172,174,303,175,306,307,180,309,179,311,310
330,142,271,144,148,87,153,183,155,158,160,292,293,294,167,170,300,172,174,303,175,177,306,307,308,180,179,311,310,51
330,141,142,16,146,22,151,150,87,152,155,157,158,159,32,160,163,165,168,41,42,299,300,43,172,304,306,178,308,307,182,51,187
7,330,142,144,16,87,155,156,157,158,160,161,292,293,167,169,299,300,173,302,303,304,177,306,175,180,309,310,311,179,181,51
330,144,148,153,155,184,158,292,293,166,167,295,170,299,300,172,301,303,175,174,306,307,308,177,310,311,179,180
330,142,144,87,153,155,157,158,160,161,163,293,294,167,298,299,300,301,172,175,173,306,307,180,178,308,183,179,51,118,181
330,142,143,144,16,87,154,155,157,158,160,163,293,37,167,296,168,172,300,175,304,306,307,308,178,182,183,179,180,51,118
330,141,142,144,146,147,88,153,155,157,158,160,294,167,166,297,299,300,172,175,176,306,178,307,308,179,180,184
330,141,142,144,148,153,154,155,157,158,293,167,296,295,299,172,300,174,303,175,306,307,308,179,310,183,184
330,141,142,144,153,155,156,157,158,160,161,167,168,169,170,300,172,173,303,304,175,306,307,180,308,178,311,179,181
330,142,144,146,148,153,154,155,157,158,160,293,294,167,296,166,297,172,301,175,178,307,180,179,183
330,141,142,146,147,148,149,153,155,92,157,158,161,169,170,299,300,172,174,175,304,306,178,308,309,307,180,54,310
72,73,330,141,142,144,16,146,150,87,151,153,155,157,158,159,160,161,163,165,168,299,300,172,302,175,178,306,308,307,51,182
330,141,142,144,146,147,148,150,152,153,154,155,157,158,160,166,167,299,300,172,301,175,177,306,307,308,179,180,183
330,142,144,148,153,155,157,158,160,161,163,294,168,169,298,170,172,174,175,178,307,180,306,179,309,184
330,141,142,148,153,155,157,184,158,292,293,167,170,299,172,300,301,303,175,174,306,307,308,309,177,311,179,310
330,141,142,144,148,153,154,155,158,160,292,293,166,167,296,170,299,172,300,301,175,303,174,306,179,308,307,180,310,184
73,202,13,81,275,150,151,88,152,94,30,32,158,34,292,165,37,167,168,300,237,44,303,239,304,174,175,308,179,246,311,251
3,144,19,150,87,151,152,154,155,157,158,159,161,34,37,293,167,165,168,43,300,173,299,172,303,111,306,112,308,51,311,313
330,142,144,146,148,149,87,153,154,155,158,159,160,294,166,296,167,298,172,175,178,307,180,179,182,183,184
330,141,142,144,148,155,184,158,160,292,293,166,167,170,299,172,300,301,303,175,304,306,307,308,174,179,311,180,310
330,142,143,144,87,88,155,156,157,158,160,161,164,293,167,169,298,297,173,302,175,304,306,307,180,178,179,311,181,51
2,330,141,142,144,146,147,87,153,155,157,184,158,160,159,293,294,296,299,300,172,174,175,304,306,307,308,178,180,179,51
7,73,16,81,275,150,151,152,281,87,155,94,158,159,225,292,37,293,167,165,168,172,46,303,175,306,179,51,182,311,186,251
2,330,142,144,148,87,153,155,157,93,158,160,293,294,38,296,173,302,175,306,307,180,308,178,183,179,181,51,61
330,141,142,144,148,153,154,155,184,158,160,292,293,166,167,170,299,172,300,301,303,175,304,306,307,308,174,179,180,310
330,142,144,148,88,153,155,157,158,160,292,293,297,170,299,300,172,301,303,175,174,306,307,308,178,179,311,180
330,142,144,147,148,154,155,156,158,184,160,292,293,294,167,166,169,300,173,301,303,172,177,306,179,307,174,175,311,180
129,330,142,144,146,87,153,155,157,158,160,32,293,169,299,300,172,173,175,304,302,306,307,308,178,180,179,181,51
194,7,142,144,148,149,87,153,155,157,158,160,161,294,167,296,298,108,172,302,175,176,173,307,180,179,181,183,184,51
330,141,144,87,153,154,155,157,158,160,161,185,293,166,167,171,172,301,299,300,173,175,306,179,308,307,180,311,51,181
1,193,323,4,203,209,212,85,214,87,151,153,158,159,32,95,162,165,294,168,41,171,172,47,175,304,114,115,50,55,61
330,142,144,146,147,87,153,155,157,158,159,160,161,299,172,300,173,175,304,110,306,307,308,180,178,179,181,51
257,322,258,324,144,145,148,149,87,154,155,158,160,225,312,293,166,295,167,297,170,172,174,303,175,179,180,309,310,311,248,249,318
4,141,142,146,211,147,150,151,87,153,152,155,157,158,159,99,165,168,299,300,172,175,304,306,178,308,307,179,183,182,51
330,142,144,148,149,87,153,154,155,157,158,160,32,293,166,167,299,300,172,301,175,174,306,307,178,180,308,179,51
330,142,144,146,147,148,87,88,153,155,157,158,160,170,299,172,300,174,175,306,307,308,180,178,179
330,141,142,144,148,150,153,155,158,160,292,293,166,295,296,167,170,299,172,300,301,303,175,174,306,307,308,179,180,310,184
128,130,131,132,133,134,135,136,73,138,202,140,139,16,81,275,213,291,231,123,237,251,124,126,127
128,130,131,132,133,134,135,136,139,140,285,286,288,289,290,291,122,123,124,125,127
128,129,130,131,132,133,134,135,136,139,140,285,286,288,289,291,122,123,124,125,126,127
128,130,323,131,132,134,135,133,73,138,202,140,139,81,275,287,225,290,291,37,231,123,237,46,251,124,126,127
128,130,131,132,133,134,135,136,138,139,140,285,286,288,289,290,291,231,237,123,124,125,126,127
128,192,130,323,132,133,131,135,8,137,138,139,140,208,17,21,23,27,286,289,161,291,44,178,122,123,124,125,127
128,130,131,132,133,135,136,138,139,140,285,286,287,288,289,290,291,123,124,125,127
128,129,130,131,132,133,134,135,136,139,140,75,285,286,288,289,290,291,122,123,124,125,127
128,130,131,132,133,134,135,136,139,140,285,286,288,289,290,291,123,124,125,127
128,130,131,132,133,134,135,136,138,139,140,285,286,32,289,288,291,123,124,125,126,127
128,130,131,132,133,134,135,136,139,140,285,286,288,289,290,291,123,124,125,127
128,130,131,132,133,134,135,136,73,138,202,140,139,81,275,151,288,291,165,231,123,237,46,251,124,127
128,130,131,132,133,134,135,136,137,139,140,213,286,287,288,289,290,291,168,122,123,124,125,126,127
128,129,130,131,132,133,134,135,136,138,139,140,285,286,287,288,289,290,291,122,123,124,125,127
128,130,131,132,133,134,135,136,139,140,285,286,288,289,290,291,123,124,125,126,127
128,130,131,132,133,134,135,136,139,140,285,286,288,289,290,291,123,124,125,127
128,129,130,323,132,131,133,135,134,137,136,139,140,286,287,288,289,290,291,37,168,122,123,124,125,126,127
128,130,131,132,133,134,135,136,137,138,139,140,286,288,289,290,291,122,123,124,125,127
128,129,130,323,132,133,131,135,136,137,134,139,140,221,286,288,289,290,291,122,123,124,125,127
128,130,131,132,133,134,135,136,137,138,139,140,285,286,288,289,291,234,122,123,124,125,127
128,129,130,131,132,133,134,135,136,139,140,83,215,285,288,289,291,240,54,122,123,124,126,127
128,130,131,132,133,135,136,201,266,139,140,199,217,285,286,288,289,290,173,125,121,123,124,189,127
128,130,131,132,133,197,135,136,134,139,140,17,286,288,289,290,291,44,127,122,123,124,125,63
128,130,131,132,133,134,135,136,138,139,140,285,286,288,289,290,291,123,124,125,127
128,129,130,131,323,132,133,135,200,134,138,136,140,139,212,221,285,287,288,289,291,126,122,123,124,62,127
128,130,131,132,133,134,135,136,139,140,285,286,287,288,289,290,291,122,123,124,125,127
128,130,131,132,133,135,136,139,140,285,286,288,289,290,291,123,124,125,127
128,129,130,131,132,133,134,135,136,200,138,139,140,275,285,287,288,237,122,123,124,126,127
128,130,131,132,133,134,135,199,201,266,136,140,139,217,286,288,289,291,173,53,121,122,123,124,189,126,127
128,130,131,132,133,134,135,136,137,139,140,286,287,288,289,290,291,122,123,124,125,126,127
192,320,194,323,324,197,326,327,200,198,199,201,9,202,205,208,209,210,212,213,214,215,27,43,313,314,187,317,191
194,323,197,327,200,329,202,138,199,201,205,207,208,209,210,275,213,214,87,215,158,231,237,239,51,312,313,314,187,191
192,322,323,324,194,198,327,200,326,197,199,201,202,205,207,208,80,209,210,213,214,215,216,186,312,313,314,187,190,191
320,192,194,323,324,197,198,327,200,326,199,201,202,205,207,208,209,210,213,214,87,215,158,43,51,313,314,187,317,190,191
322,323,324,319,194,327,200,328,260,197,199,201,202,205,208,145,210,209,213,214,215,315,312,313,314,187,318,191
192,194,323,324,197,326,327,200,198,199,201,202,205,208,209,210,213,214,87,215,158,32,43,189,313,314,187,317,190,191
256,318,322,323,324,319,194,197,200,328,199,72,201,202,205,208,209,210,213,214,87,215,221,187,312,313,314,315,190,191
194,323,324,322,197,327,200,73,202,329,138,199,201,205,208,81,209,275,210,213,87,215,158,237,187,246,312,313,251,191
192,191,194,323,324,197,326,327,200,329,202,199,201,205,208,209,210,275,213,214,215,32,237,187,312,313,315,319
192,194,323,199,200,201,266,327,202,205,207,208,210,214,215,217,32,167,189,313,314,187,317,191
192,191,322,323,195,194,197,199,328,201,202,204,205,208,210,211,213,214,215,216,217,230,315,245,313,186,187,188,317,126,319
322,323,324,194,197,327,200,329,202,199,72,201,205,78,208,209,210,275,213,214,215,152,312,313,314,187,317,191
192,194,323,197,327,200,9,201,199,202,205,208,209,210,213,214,87,215,216,32,317,43,313,314,187,189,190,191
194,323,319,197,199,327,201,200,266,205,207,208,210,213,214,215,217,167,189,313,314,187,317,190,191
192,194,323,324,197,326,327,200,199,202,328,201,205,208,209,210,82,213,214,215,94,32,187,313,314,315,188,317,191
192,191,322,323,324,194,197,134,200,328,202,267,199,201,205,208,209,210,213,214,215,88,87,315,51,245,312,187,318,319
318,322,323,324,194,198,327,200,67,197,199,201,202,205,208,209,210,275,18,213,214,215,96,225,106,312,313,314,187,190,191
192,194,323,197,326,327,200,199,201,202,204,205,208,209,210,213,214,87,215,158,32,186,51,313,314,187,188,317,191
320,192,194,323,324,195,326,327,200,198,197,199,201,202,205,207,208,209,210,212,213,214,215,186,43,313,314,187,316,317,191
192,194,323,324,197,198,327,200,326,199,201,202,205,207,208,209,210,213,214,87,215,158,43,51,312,313,314,187,317,190,191
192,194,323,324,197,326,327,200,198,202,199,201,204,205,208,209,210,213,214,215,32,312,313,314,187,317,191
192,194,323,197,326,327,200,199,201,202,204,205,208,209,210,211,148,213,214,87,215,186,176,51,313,314,187,317,191
320,192,194,323,2,197,326,327,200,201,199,202,205,208,209,210,213,214,87,215,38,51,189,313,314,187,317,190,191
192,194,323,195,197,326,199,137,201,202,204,205,208,81,210,211,209,213,214,87,215,186,107,187,313,314,59,317,191
192,320,194,323,324,197,198,327,200,326,199,201,202,205,207,208,209,210,213,214,87,215,158,32,43,313,314,187,317,190,191
192,194,323,197,326,327,200,199,201,202,204,205,208,209,210,211,213,214,87,215,216,31,186,313,314,187,317,191
192,194,323,324,67,197,198,200,199,202,267,201,205,208,18,275,210,213,214,215,88,96,225,100,51,246,313,314,187,191
321,193,195,196,194,197,199,201,202,203,204,205,206,208,209,210,83,212,213,278,215,87,163,240,112,51,187,191
321,193,195,196,323,194,197,200,199,201,203,202,205,206,208,209,210,83,212,85,213,215,87,89,240,51,312,186,187,191
191,322,323,324,194,197,327,200,329,202,138,199,201,205,207,208,209,210,275,213,214,87,215,158,237,312,313,187,319
322,323,324,194,197,199,200,73,202,138,10,329,201,205,207,81,208,275,210,213,209,87,215,158,231,237,187,311,312,251,191
192,2,323,68,197,326,194,199,137,204,205,208,209,210,211,213,214,215,216,290,166,103,107,187,53,186,59,317
320,192,194,323,324,197,326,327,198,200,199,201,202,205,207,208,209,210,212,213,214,215,216,186,43,313,314,187,317,190,191
194,323,325,197,199,201,202,204,205,206,209,210,277,214,87,213,215,89,93,32,97,163,228,109,54,120,186,187,61,191
192,320,194,323,324,197,198,327,200,326,199,328,201,202,205,208,209,210,213,214,87,215,51,189,313,314,187,317,190,191
194,323,324,197,199,200,329,202,138,73,201,10,205,208,81,209,275,210,213,214,215,28,37,237,46,313,186,187,188,191
192,194,323,195,197,326,199,200,328,201,202,9,77,206,205,208,209,210,212,213,214,87,215,158,43,313,314,187,317,190,191
322,323,324,194,197,199,200,329,202,73,138,10,201,205,81,210,275,213,87,215,42,237,187,177,311,312,251,188,189,191
191,322,323,324,194,197,327,200,198,199,201,202,205,208,209,210,213,214,87,215,158,225,315,312,313,187,317,318,319
322,323,324,194,198,327,200,197,199,201,202,205,208,209,210,213,214,87,215,158,317,186,312,313,314,187,189,190,191
320,192,194,323,324,197,326,327,200,199,201,202,205,208,209,210,213,214,87,215,25,158,32,43,313,314,187,316,317,190,191
193,194,323,197,327,200,201,199,202,205,207,208,209,210,213,214,87,215,234,189,313,314,187,60,317,190,191
194,323,324,68,198,67,200,197,199,203,201,205,206,208,209,210,18,212,85,214,213,215,159,96,225,34,163,313,187,190,191
192,194,323,197,326,199,201,202,204,205,13,208,209,210,211,213,214,87,215,31,51,313,186,187,188,317,191
192,194,323,197,326,327,199,201,202,204,205,208,209,210,211,148,213,214,87,215,158,186,176,313,314,187,188,317,191
192,194,323,324,197,326,327,200,198,329,202,199,328,201,205,208,209,210,213,214,215,313,314,187,316,317,190,191
194,323,197,198,327,200,199,201,203,202,205,206,208,209,210,212,213,214,87,215,158,317,52,313,314,187,189,190,191
192,194,323,324,322,326,327,200,197,199,9,204,205,201,202,208,209,210,213,214,215,32,98,314,313,186,187,317,191
322,323,324,194,197,327,200,329,202,73,138,326,199,201,208,81,205,275,209,210,214,213,215,87,158,187,312,313,251,191
192,322,323,324,194,3,327,200,325,197,199,201,12,205,208,210,213,214,85,215,289,187,60,313,314,315,190,317,318,191
322,323,324,194,197,327,200,329,202,138,73,199,201,205,208,207,209,275,210,213,87,215,158,231,237,51,312,313,187,191
322,323,324,194,197,199,200,329,202,73,138,201,205,207,208,81,209,275,210,213,87,215,158,237,239,51,312,313,187,191
322,323,324,258,319,194,200,328,197,199,201,202,205,207,208,209,210,213,214,87,215,221,158,315,51,312,313,187,318,191
320,192,194,323,324,197,198,327,326,200,325,199,201,202,205,208,209,210,213,214,87,215,158,32,313,314,187,317,190,191
192,194,323,195,197,198,327,200,326,199,201,202,205,206,207,208,209,210,212,213,214,215,186,313,314,187,317,190,191
320,192,194,323,324,197,198,327,200,199,201,202,205,207,208,209,210,213,214,87,215,158,32,317,43,313,314,187,189,191
320,192,194,323,324,197,326,327,200,198,199,201,202,205,207,208,209,210,213,214,87,215,32,43,51,313,314,187,317,190,191
194,323,324,325,198,327,200,197,199,203,201,202,205,208,209,210,212,213,214,87,215,158,189,313,314,187,317,190,191
192,194,323,324,319,197,199,200,329,202,201,75,76,205,208,209,210,213,214,87,216,215,187,312,313,315,188,191
192,194,323,324,326,198,200,199,201,202,204,205,208,210,213,214,215,32,39,314,187,47,313,186,315,317,191
194,323,324,197,199,200,201,327,202,138,205,207,208,209,210,213,214,87,215,37,237,51,313,314,187,189,190,191
192,320,194,323,197,198,327,200,326,9,199,201,202,205,207,208,209,210,213,214,87,215,32,234,43,51,313,314,187,317,191
192,194,323,324,197,326,327,200,199,202,71,201,205,208,210,213,214,215,32,314,182,313,186,187,188,317,191
192,194,323,324,67,326,199,200,71,202,205,208,18,210,213,214,215,221,96,32,168,186,187,313,314,315,191
192,128,321,323,194,326,327,200,199,202,204,205,208,209,210,213,214,22,215,32,163,186,123,313,314,187,188,317,191
322,323,324,194,197,327,200,199,201,202,205,270,15,208,209,210,275,213,86,87,215,242,116,312,313,187,318,191
192,66,323,194,197,326,327,195,199,201,204,205,208,209,210,211,213,214,215,217,31,172,189,313,186,187,317,191
191,322,323,324,194,197,327,200,328,199,201,202,205,207,208,209,210,213,214,87,215,158,315,51,312,313,314,187,318,319
320,194,323,324,197,326,327,200,198,199,203,201,202,205,207,208,209,210,212,213,214,87,215,216,158,313,314,187,317,190,191
194,323,196,195,198,327,200,197,199,203,201,202,206,204,208,209,210,205,212,213,215,87,89,163,51,313,314,187,191
192,194,323,324,197,198,327,200,326,202,199,328,201,205,208,209,210,213,214,87,215,43,189,313,314,187,317,191
322,323,324,194,197,326,200,73,202,138,329,199,201,205,208,81,209,275,210,213,214,215,87,158,237,187,239,311,312,313,251,191
191,322,323,324,194,195,197,200,329,202,138,73,10,199,201,208,205,81,275,210,213,211,209,87,215,231,237,239,51,312,187,319
192,194,323,324,197,326,327,200,198,199,201,202,205,208,209,210,213,214,215,43,314,53,118,313,186,187,317,190,191
193,321,195,196,323,194,327,200,197,199,203,201,202,206,205,208,209,210,207,212,213,215,87,158,51,313,187,190,191
192,194,323,197,198,327,200,199,201,202,204,205,207,208,209,210,212,213,214,87,215,158,51,313,314,187,317,190,191
192,194,323,196,67,197,199,200,201,74,202,205,206,208,209,210,18,213,214,87,215,221,96,186,187,51,313,314,315,317,191
191,194,322,324,325,323,197,200,199,327,203,201,202,206,205,208,145,210,209,212,213,215,221,187,312,315,318,319
194,323,197,199,200,201,266,327,205,207,208,209,210,213,215,217,167,313,173,117,189,121,314,187,317,191
192,194,323,197,326,327,200,199,202,9,204,205,201,208,210,213,214,215,32,186,187,313,314,315,317,191
