1,5,133,7,13,269,16,18,20,22,30,32,35,37,41,170,43,44,45,51,52,312,58,316,189,319,64,198,199,70,201,202,213,215,87,88,218,89,95,225,229,232,113,242,243,249,127
257,258,262,7,11,16,17,146,22,280,28,30,158,31,32,160,163,165,38,168,42,46,48,50,51,180,53,56,57,60,61,192,67,197,73,202,329,77,84,87,89,90,219,221,227,229,102,236,245
7,9,10,16,273,18,275,22,151,24,25,28,29,158,287,32,289,163,293,166,295,42,299,43,303,50,307,51,179,312,56,313,58,316,317,187,63,65,321,68,205,210,87,88,220,221,238
2,3,7,265,16,145,18,20,22,158,31,32,289,290,163,38,168,42,173,46,48,50,51,53,312,56,57,187,316,189,60,319,61,322,198,205,209,213,87,217,219,221,225,236,116,117,121,127
3,5,265,13,142,18,20,22,24,30,158,32,289,290,33,35,36,37,40,43,44,173,45,51,52,53,54,313,317,189,319,64,66,198,199,201,209,87,88,89,221,222,230,234,242,116,117,121
128,256,3,4,266,12,13,16,20,277,22,24,154,285,158,32,162,34,163,39,43,47,51,55,312,58,316,189,318,319,198,199,72,205,209,210,85,213,87,217,89,223,233,111,239,117,118,249,250,127
5,7,265,9,13,17,146,21,149,155,30,159,158,32,163,37,42,43,44,45,178,50,51,54,56,57,187,188,62,63,64,66,194,80,85,87,90,92,222,224,227,229,230,105,234,238,244,255
128,0,1,3,5,264,265,13,15,16,17,18,20,21,27,158,32,289,33,160,163,37,168,41,42,44,45,51,317,319,64,322,198,73,215,87,217,90,221,94,225,229,238,121
261,134,7,9,10,16,20,22,152,24,154,28,158,32,35,292,293,163,167,166,41,42,171,172,43,306,179,307,50,310,51,312,58,187,316,189,318,63,198,75,205,210,87,226,249,238,242,121,126
0,257,258,3,5,7,8,142,270,16,20,22,281,26,282,28,157,158,32,163,39,41,42,43,175,51,54,312,58,63,64,66,198,70,199,73,202,205,87,89,90,225,227,229,231,233,113,118,249
4,5,135,7,13,146,147,18,23,155,158,32,163,37,297,43,44,45,51,309,182,54,61,62,63,64,66,195,196,194,206,82,87,92,224,228,230,105,250,234,111,240,112,115,122
1,5,7,265,13,16,17,20,22,27,28,30,32,34,35,163,37,41,42,43,44,52,312,58,316,189,318,319,63,64,322,198,199,70,205,213,215,88,89,218,221,225,121,229,232,238,249,253,127
256,257,258,3,5,262,7,264,265,11,13,15,282,26,155,158,30,32,33,34,163,37,41,43,44,45,51,54,314,189,62,64,66,194,70,213,215,87,89,224,225,230,105,234,249,253
133,5,7,137,9,10,12,270,16,18,275,20,22,151,28,158,32,289,163,37,167,170,43,42,173,44,51,54,311,312,58,59,319,63,199,73,202,329,205,81,210,215,87,217,218,227,231,251,127
128,256,1,3,5,264,265,8,12,13,15,16,22,23,28,30,160,32,33,34,35,163,37,41,44,58,59,61,63,64,325,70,203,209,87,88,218,93,97,227,228,229,232,235,109,111,120,249
128,0,3,4,5,12,13,16,18,20,22,279,24,28,32,162,34,163,39,42,43,175,47,49,178,51,55,57,58,63,65,72,329,73,78,207,85,87,90,225,227,100,101,229,233,239,244
5,6,7,265,9,269,270,13,145,20,151,30,158,32,163,37,42,43,44,45,50,51,54,313,187,189,62,319,64,66,194,198,77,87,90,222,224,249,230,234,238,242,243,116,244,121,253,127
258,3,5,264,265,13,269,20,282,157,158,160,32,163,37,41,42,43,44,45,174,175,49,50,51,54,58,189,319,64,66,70,198,205,210,213,215,87,225,229,249,230,106,235,118,121,253
3,131,5,6,7,140,16,145,18,20,158,287,288,289,290,31,163,38,168,173,46,48,50,51,53,54,56,312,316,189,60,319,61,322,199,209,213,87,217,219,221,97,230,236,121,127
5,137,12,13,142,270,16,145,275,151,158,32,160,290,163,37,40,170,43,44,173,45,49,51,53,54,311,58,315,189,319,64,66,199,73,330,205,207,81,210,214,87,215,230,231,234,237,251
3,5,7,264,265,136,9,10,16,17,18,22,155,28,158,289,163,41,43,172,50,51,54,313,58,187,189,317,319,194,198,327,70,205,213,215,87,217,222,224,225,249,229,231,234,238,117,121,127
0,1,3,4,10,12,270,16,275,22,24,27,28,158,34,163,39,168,42,43,47,51,55,311,312,58,189,63,322,73,202,329,209,81,213,87,216,221,229,233,236,239,121,251,127
128,129,132,133,5,7,137,266,270,18,20,277,154,158,31,162,170,173,50,51,53,54,56,57,60,61,194,67,196,73,202,83,86,87,217,218,97,231,105,111,240,112,117,250,251,127
258,3,260,5,263,264,265,11,269,270,142,282,283,158,32,163,40,41,44,51,58,64,68,69,198,70,71,205,79,208,81,210,86,87,88,89,90,215,98,249,106,109,241,116,121,123,252,253,254
261,5,264,265,268,269,270,20,277,158,32,163,44,51,312,313,58,316,189,319,68,198,199,71,75,205,80,81,210,84,213,86,215,87,88,89,98,249,106,109,242,243,116,117,121,250,253,127
257,5,7,264,265,266,13,269,20,277,26,282,158,32,163,41,44,51,312,313,58,189,319,68,69,198,70,71,205,79,80,81,210,84,213,86,215,87,88,89,98,249,106,109,242,243,116,248,121,253
257,266,11,269,13,17,146,20,22,23,27,158,32,163,166,42,44,178,51,187,192,68,198,71,202,77,205,79,208,81,210,214,86,87,88,216,89,92,98,99,105,109,244,116,249,253
257,258,260,5,262,135,137,11,270,16,22,158,32,163,51,57,58,187,68,197,70,71,73,202,203,77,205,208,81,82,210,86,215,87,89,90,219,88,225,98,227,229,235,109,116,245,127
257,135,7,265,266,10,269,13,16,17,275,20,151,282,158,32,289,163,50,51,58,64,196,68,198,70,71,73,202,205,80,81,210,86,87,88,89,225,98,106,109,244,117,246,116,249,127
257,258,5,262,7,261,266,268,15,276,282,155,158,163,291,51,312,186,189,64,194,68,70,198,199,71,73,205,79,81,213,86,87,88,89,93,121,106,109,113,242,116,247,248,249,253,127
257,258,5,262,264,265,269,276,277,26,282,158,32,163,41,44,51,58,189,68,69,70,198,71,205,81,210,84,86,215,87,89,90,88,92,97,225,121,98,106,109,114,243,116,248,249,253
5,264,265,266,269,270,13,20,277,282,158,32,163,41,44,51,58,189,319,68,70,198,71,200,75,205,81,210,84,213,86,215,87,88,89,97,98,249,122,106,109,242,116,248,121,250,253
260,261,135,264,265,266,269,270,20,277,158,32,163,51,312,313,58,189,319,68,198,71,75,205,209,81,210,86,87,88,89,215,92,97,98,249,107,109,111,242,116,117,121,250,251,253
260,264,137,12,270,16,20,151,283,158,32,163,167,173,51,311,58,189,319,68,198,71,73,202,75,330,205,81,210,214,86,87,88,89,215,121,98,109,242,244,116,249,250,251
5,264,265,269,273,146,284,158,32,289,290,163,41,42,50,51,57,313,314,58,189,319,64,65,68,69,71,205,81,210,86,87,88,89,90,221,225,98,229,234,106,109,241,116,117,119,252,253
256,257,5,262,264,265,266,269,13,276,282,26,283,158,160,32,163,41,44,51,314,58,64,68,69,70,198,71,205,79,81,210,213,86,87,88,89,215,225,98,99,249,106,109,116,119,121,253
258,261,7,265,269,142,270,18,20,279,281,282,158,32,289,163,40,41,172,173,50,51,312,194,68,69,198,70,71,330,205,79,80,81,210,86,87,88,89,221,225,106,109,116,117,121,253,254
128,2,3,133,266,13,270,18,20,277,284,158,32,163,41,44,173,51,58,189,190,319,68,325,198,69,71,202,205,80,81,210,84,213,86,87,88,217,89,215,221,225,98,106,109,242,244,117,116,251,255
256,257,5,262,264,265,266,269,13,271,277,282,26,158,32,163,41,44,51,54,314,58,64,68,69,70,71,205,79,80,81,210,84,213,86,215,87,89,88,97,98,106,109,243,116,248,249,253
257,258,5,261,264,266,269,13,270,276,20,22,282,158,30,32,34,35,37,167,44,45,51,52,312,189,318,319,64,70,198,199,200,201,81,213,215,87,89,88,93,109,243,244,248,249,253
257,258,5,261,264,265,269,270,13,276,22,282,30,158,32,35,37,44,173,45,51,180,52,312,316,189,318,319,68,198,70,199,71,201,209,213,86,215,87,88,89,93,225,249,116,117,121,122,253,127
257,258,259,260,5,264,266,269,270,13,276,277,278,282,158,32,163,41,44,51,312,58,189,64,68,198,70,71,205,81,210,213,86,215,87,89,88,98,249,106,108,109,116,121,122,253,127
256,260,261,265,269,142,13,275,281,282,158,32,163,172,51,312,58,316,189,319,64,196,68,198,199,70,71,205,80,81,210,213,86,215,88,87,89,92,98,106,109,116,117,246,249,122,127
257,258,5,261,264,265,269,270,20,158,32,163,41,44,51,312,313,58,316,189,319,68,69,198,70,71,75,205,79,209,81,210,86,215,87,88,89,93,98,249,234,106,109,242,243,116,121,253
257,258,5,262,264,265,269,270,20,277,158,32,163,44,51,313,58,189,319,68,198,70,71,75,203,205,81,210,84,213,86,215,87,88,89,225,98,249,122,106,109,112,242,243,116,121,250,253
259,3,263,135,264,266,268,274,146,18,20,278,19,25,158,31,32,163,47,48,51,56,313,66,68,198,71,74,205,81,210,211,86,87,88,217,89,225,98,99,109,251,116,250,123,124,125,255
260,5,264,265,269,270,13,277,282,158,32,163,41,42,51,313,314,58,317,189,319,68,69,198,70,71,75,205,81,210,213,86,87,88,89,96,225,98,249,106,109,242,116,121,250,251,252,253
258,5,7,264,265,269,270,276,282,283,155,158,32,163,41,42,51,314,58,189,319,194,68,70,198,71,75,205,79,81,213,86,215,87,88,90,89,225,229,249,103,106,109,116,119,121,253
256,257,2,262,263,264,266,270,20,277,26,282,158,160,32,41,173,51,53,189,62,64,70,199,201,75,203,205,207,81,210,213,87,88,89,217,92,97,98,121,109,243,244,248,249,250,253
258,5,264,267,145,153,154,282,158,287,32,34,163,41,306,51,184,314,58,191,64,319,68,71,72,205,80,81,82,210,213,86,87,88,89,225,97,98,106,109,113,116,246,249,122,253
2,259,133,263,135,264,268,272,146,274,20,158,31,32,290,163,44,47,48,51,313,58,319,66,68,198,71,74,205,81,210,211,84,86,87,88,217,89,215,225,98,99,106,109,242,116,124,125,255
257,258,264,265,269,13,22,282,158,32,163,41,42,47,50,51,312,187,316,317,189,319,68,69,198,70,71,205,77,208,81,210,86,87,88,89,90,225,98,249,106,109,244,117,116,121,253
257,258,260,264,265,266,269,270,13,20,277,282,158,32,163,51,58,189,319,68,198,70,71,202,75,205,81,210,213,86,87,88,89,97,225,98,249,122,109,242,116,117,121,250,251
4,135,268,142,271,147,23,156,158,32,163,38,169,44,304,177,51,309,57,58,62,192,66,323,196,68,69,71,200,328,76,77,205,79,80,81,82,210,84,86,87,88,89,215,98,234,106,109,116,255
259,263,135,7,268,272,146,158,31,32,163,168,42,304,49,51,55,57,65,66,194,68,70,71,329,74,77,206,205,81,82,211,84,210,86,87,216,88,90,89,99,102,106,109,239,116,121,122,124,125
265,269,273,146,275,145,282,158,32,289,163,41,42,173,176,50,51,313,58,316,317,189,65,68,69,198,70,71,330,77,205,79,80,81,210,86,87,88,89,90,221,225,98,234,106,109,116,117,121,253
2,259,263,268,142,274,18,147,19,24,29,286,157,288,32,290,158,168,42,302,47,51,56,313,187,192,66,71,330,78,207,208,82,211,83,210,214,87,90,221,94,96,102,103,108,113,125,255
261,266,269,16,18,275,20,151,281,158,32,289,162,163,36,172,173,51,311,312,58,316,189,319,194,68,199,71,73,202,205,209,81,210,86,87,88,215,89,103,109,111,116,117,246,127
257,258,5,7,265,266,269,270,276,282,158,32,289,163,168,41,51,312,189,319,194,68,70,198,71,205,81,210,86,215,87,89,88,121,100,101,106,109,243,116,247,248,249,253
261,266,269,270,13,20,277,151,158,32,163,44,173,51,312,313,58,189,319,68,69,198,199,71,75,205,80,81,210,84,213,86,87,88,89,215,92,98,249,106,109,242,243,116,117,121,250,251
1,261,263,265,269,270,18,20,277,278,27,158,32,289,163,173,51,312,313,185,58,316,317,189,319,68,198,71,75,205,81,210,84,213,86,87,88,89,215,92,94,98,249,109,111,242,116,117,121,250,253
258,7,264,265,266,269,270,13,142,276,277,279,282,157,158,160,32,168,41,51,64,194,68,69,70,198,71,79,81,210,84,85,86,87,88,89,90,225,97,121,106,109,116,244,118,249,253
257,258,3,260,262,11,16,277,151,280,26,28,158,32,163,41,44,51,58,64,68,197,70,198,69,71,205,79,81,210,86,87,88,89,90,216,215,248,97,98,106,109,244,116,119,120,253
261,265,269,142,146,275,18,20,281,157,158,159,32,289,39,168,172,49,50,51,56,313,316,317,68,198,330,204,207,81,210,85,87,88,89,90,221,94,225,229,106,109,116,117,245,118,124,254
259,4,3,262,135,7,13,271,146,147,20,151,282,155,156,158,32,163,169,304,177,51,192,64,65,323,196,194,68,70,200,328,71,76,77,79,81,82,86,87,88,89,227,234,106,108,109,116,121,251
258,3,264,265,11,13,269,17,22,282,283,158,160,32,34,163,41,42,51,314,187,191,68,69,70,71,198,72,77,205,208,81,210,213,86,87,88,89,106,109,241,244,116,251,253
256,257,5,264,13,269,17,276,26,282,27,284,158,160,32,163,41,44,51,314,58,191,64,324,68,70,198,69,71,205,79,81,210,86,87,88,89,215,225,98,106,109,113,116,249,252,253,255
128,129,130,131,132,133,3,5,262,265,134,135,140,13,136,137,138,139,20,285,286,288,289,290,291,163,41,189,319,209,213,215,217,221,225,229,117,122,123,124,125,126,127
128,129,130,131,132,133,134,135,136,137,138,11,12,140,139,143,19,22,24,285,286,32,288,290,289,291,168,172,173,187,326,71,330,208,214,222,251,244,122,123,124,125,126,127
128,129,130,131,132,133,134,135,136,5,138,267,139,140,20,152,154,285,158,287,286,289,288,290,292,293,291,167,172,306,307,310,312,316,319,322,199,205,87,221,226,122,123,124,125,126,127
128,129,130,3,131,133,132,134,135,137,136,138,140,12,142,139,18,19,275,20,278,24,285,286,288,289,290,291,163,170,173,56,319,330,207,217,221,222,122,123,124,125,126,127
128,129,130,259,132,131,133,263,135,134,136,137,268,138,139,140,146,147,20,18,276,155,288,289,290,316,319,66,196,74,211,86,217,221,225,100,116,121,122,123,124,125,126,127
128,129,130,131,132,133,2,134,135,136,138,139,140,273,146,24,29,285,286,288,289,290,291,49,305,56,58,316,321,65,68,221,222,103,107,236,122,123,124,125,126,127
128,129,130,131,132,133,134,135,136,138,139,140,141,152,153,154,285,286,287,31,288,290,291,292,293,167,295,168,296,171,172,303,306,307,179,51,310,319,75,87,226,242,122,123,124,125,126,127
134,7,270,142,144,147,276,148,152,153,154,155,158,160,292,293,166,295,167,41,170,171,172,299,174,175,303,306,307,179,180,310,311,312,308,184,309,189,318,330,205,226,249,126
134,141,144,145,148,149,152,153,154,155,158,287,160,291,292,293,294,295,167,296,166,299,171,172,170,303,174,175,306,307,179,177,310,180,312,184,316,226,124,126
7,265,13,144,145,150,155,157,158,160,32,34,161,165,294,293,167,41,42,296,297,172,301,174,175,173,50,306,179,181,180,307,51,57,58,308,316,317,184,198,70,72,78,87,90,227,108,110
134,7,141,142,144,148,149,152,154,155,158,287,160,289,291,292,293,166,295,167,168,170,299,172,171,173,303,174,175,306,307,179,180,310,51,312,309,184,87,226,110,124,126
308,144,145,273,147,153,154,155,157,158,287,160,289,32,161,293,294,167,296,297,299,172,301,173,303,175,49,50,51,307,174,182,55,312,177,58,179,316,180,181,82,87,88,220,221,103,236,246
258,7,265,270,144,145,20,151,155,157,158,160,161,163,293,294,167,296,297,172,173,301,175,178,179,180,181,51,310,312,316,189,319,322,194,198,199,75,209,213,87,88,221,121,229,234,242,116,249,127
264,269,13,144,145,17,148,149,26,282,154,155,157,158,160,32,161,163,166,167,41,298,170,172,173,174,175,179,180,51,181,314,58,189,319,64,198,70,75,205,210,213,85,87,90,225,106,249,250,253
134,141,142,144,145,148,152,153,154,155,158,287,160,291,292,293,166,295,296,167,170,299,172,300,171,303,173,174,306,307,179,175,310,182,184,308,180,309,330,226,126
5,134,265,141,144,145,148,149,150,152,153,154,155,158,160,161,166,167,296,41,42,171,300,172,174,175,177,306,307,179,180,51,55,314,64,329,82,87,90,225,99,229,108,253
2,261,7,266,270,144,145,146,20,151,155,157,158,32,160,161,164,293,294,168,297,170,296,301,173,302,175,179,180,181,51,312,316,189,198,71,75,209,85,213,87,217,92,104,242,244,117,249,250
2,259,261,263,7,144,274,18,19,146,278,148,24,154,155,157,158,288,289,160,161,32,163,164,166,167,172,173,302,301,175,179,180,181,51,183,56,313,316,194,207,211,87,217,221,94,222,104,255
134,141,142,13,144,275,148,152,154,155,158,287,32,289,291,292,293,37,295,167,166,170,299,172,173,171,303,44,174,175,307,179,310,311,312,183,186,184,68,330,88,226,126
128,135,144,17,146,147,20,23,27,156,155,157,158,159,160,290,161,164,36,169,301,302,175,304,49,178,173,180,179,181,55,51,57,62,192,65,64,197,77,208,82,87,90,105,234,110,244
261,5,142,144,146,275,18,278,154,155,29,157,159,288,158,290,160,32,161,165,167,168,172,302,174,175,305,179,180,51,183,312,56,58,186,316,317,321,68,205,207,210,87,217,221,222,98,227,117,127
5,134,7,141,144,147,20,148,149,150,152,153,154,26,28,282,155,158,160,292,166,167,41,171,300,172,174,175,177,306,179,180,51,64,70,202,205,82,215,87,97,226,229,113,248,249
3,134,142,144,145,148,149,152,154,155,158,160,32,292,293,294,295,167,41,296,166,172,170,174,175,306,307,179,308,310,309,312,184,314,180,316,189,330,205,221,225,226,229,126
134,135,142,144,145,148,149,152,153,154,155,158,160,292,293,294,167,296,169,297,168,166,170,172,174,175,49,306,307,308,309,182,55,184,57,179,310,180,192,328,330,76,77,206,82,124
261,135,269,142,144,145,146,147,148,23,155,157,158,160,161,294,167,297,170,172,173,174,175,307,308,309,182,180,312,179,184,310,316,189,181,192,195,196,330,77,206,82,92,115,244,122
134,141,142,144,148,149,152,153,154,155,158,287,160,292,293,166,295,167,170,299,172,171,174,303,175,306,307,179,180,310,51,312,309,186,184,316,189,319,205,87,226,126
257,266,270,16,145,144,275,20,146,23,155,157,158,160,161,32,163,167,169,172,173,175,178,179,180,51,181,311,312,189,319,199,73,202,75,205,81,210,213,215,87,121,231,242,249,250,251
261,5,7,266,269,13,275,20,158,41,173,51,312,186,187,316,189,317,318,319,191,322,192,194,197,198,199,200,201,202,204,205,206,207,208,209,210,212,213,87,215,216,121,103,242,249,127
2,259,263,135,268,274,147,146,20,24,155,158,31,47,48,51,313,186,187,319,191,66,195,196,194,198,197,199,200,74,201,202,205,207,208,209,210,211,212,213,87,215,217,216,99,242,124,125
256,5,264,265,13,282,158,160,32,41,42,51,314,187,60,189,186,319,64,191,193,194,69,70,198,197,199,201,202,205,207,208,209,210,212,213,214,215,87,216,249,106,243,248,121,253
257,258,7,12,13,275,22,151,30,32,162,35,37,167,44,173,52,312,315,187,189,191,192,194,322,196,199,71,73,330,202,200,201,205,208,209,210,213,214,215,88,89,234,114,244,251
261,264,265,269,275,20,158,32,289,165,41,50,51,312,313,186,187,316,317,189,319,191,194,197,198,199,328,201,202,76,205,207,208,209,210,212,213,214,215,87,216,94,225,249,242,117,121,253
7,265,266,13,14,20,276,158,41,51,312,186,187,316,189,317,318,319,191,322,192,194,197,198,199,200,201,202,203,205,206,207,208,209,210,212,213,87,88,215,217,216,221,236,116,246,249,127
257,258,5,7,270,20,158,36,41,51,181,312,186,187,316,189,318,319,191,322,194,195,197,70,199,198,201,202,205,207,208,209,81,210,211,213,212,215,87,89,216,225,113,248,249,253
258,5,264,13,270,20,158,41,51,312,314,187,316,189,318,319,186,191,322,192,194,195,198,199,197,200,201,75,202,205,206,207,208,209,210,212,213,215,87,216,225,249,242,121,250,251
261,265,269,18,275,158,32,289,172,173,50,51,312,313,186,187,316,317,318,319,320,191,322,194,197,198,327,72,199,200,201,202,205,206,207,208,209,210,212,213,214,87,215,216,221,94,225,117,253
2,261,146,275,18,20,151,28,32,162,290,163,166,171,301,312,187,61,191,321,65,193,68,194,197,199,201,202,203,204,205,209,210,212,213,215,87,217,221,95,104,107,111,112,114,117,250
258,3,5,13,20,30,32,289,34,35,37,41,44,52,312,187,316,189,318,319,191,322,194,197,199,200,73,201,202,327,205,209,210,211,213,215,88,89,217,221,225,229,249,127
4,260,133,135,263,271,19,280,156,158,167,169,170,304,177,51,186,315,187,62,191,192,194,323,196,197,195,199,200,201,202,205,206,207,208,209,82,210,212,213,214,87,215,216,227,231,251,255
256,5,7,266,13,277,26,282,158,41,51,312,314,186,187,319,64,191,192,194,324,197,70,198,199,200,201,203,202,205,206,207,208,209,210,212,213,87,215,216,94,97,106,113,243,249,127
261,142,18,275,278,24,29,158,288,290,173,302,174,305,51,186,187,316,61,191,192,321,194,195,68,325,197,199,327,201,202,200,205,206,207,208,209,210,83,212,213,87,215,217,216,220,221,222,111,117
4,11,12,143,271,146,148,22,156,158,32,290,38,168,169,304,51,53,186,187,191,192,194,323,197,326,71,200,199,330,201,202,77,205,207,208,209,210,212,213,214,215,87,114,244,251
261,264,265,275,20,158,32,289,41,172,173,51,312,313,186,187,316,189,317,319,191,194,322,325,198,327,199,197,201,202,200,205,207,208,209,210,212,213,214,215,87,216,221,94,249,242,121
4,135,147,23,155,156,158,32,296,297,169,176,307,308,309,182,55,180,57,187,316,62,191,192,194,195,196,197,199,328,201,330,202,77,206,205,208,209,82,210,213,215,87,94,115,122
3,134,7,266,11,270,16,20,26,158,167,41,51,311,57,186,187,188,189,319,64,191,194,197,199,73,329,202,201,205,207,208,209,210,212,213,87,216,217,89,90,215,225,229,231,104,239
259,4,3,260,11,268,271,20,156,158,32,290,163,169,41,44,304,177,51,54,58,64,192,323,196,68,71,200,328,74,76,77,205,81,82,210,85,86,87,88,89,215,98,227,234,109,116,246,251
257,258,266,269,270,16,20,277,276,280,158,32,163,44,51,311,58,189,319,68,70,198,199,71,202,75,73,205,81,210,84,213,86,215,87,89,88,97,98,106,109,242,116,119,249,250,253
264,265,266,269,270,16,20,277,282,158,32,163,44,48,51,58,189,319,64,68,198,70,71,73,202,75,205,81,210,84,213,86,87,88,89,215,97,98,249,106,109,242,243,116,121,250,251,253
0,3,5,7,10,142,16,18,275,20,19,22,25,28,158,32,289,290,33,163,39,170,43,173,51,54,311,183,58,59,189,63,64,73,202,81,210,87,88,218,221,103,231,237,246,120,251,127
1,3,263,135,8,12,15,16,274,19,147,149,21,22,23,281,26,155,28,29,158,159,32,33,160,163,39,168,42,302,51,183,56,57,58,59,63,64,66,195,80,211,87,90,224,227,229,232,125,255
2,259,3,261,7,10,12,270,16,145,18,275,20,278,22,28,158,32,289,161,35,163,42,173,51,312,313,185,58,316,60,319,63,199,75,205,207,209,210,213,87,217,89,221,94,226,122,242,117,250,251
2,5,6,135,9,144,145,146,147,19,16,22,24,155,158,287,288,290,163,42,43,304,49,50,51,180,54,56,57,58,187,192,65,195,72,330,77,207,82,85,87,90,221,224,227,230,233,234,238
2,5,265,270,16,18,275,20,157,158,32,289,35,163,41,43,173,51,53,54,312,313,58,316,189,317,319,66,198,199,70,201,205,207,209,210,213,87,217,221,94,249,231,242,117,121,127
3,4,261,7,265,12,16,145,18,275,20,276,22,24,28,158,32,289,34,163,42,43,173,47,51,55,312,58,316,317,189,319,322,205,207,80,209,210,87,88,221,94,223,233,236,239,116,117,121,127
257,258,5,7,266,13,270,16,20,22,26,30,158,32,33,35,36,37,40,41,44,45,51,52,54,189,319,64,66,70,198,199,73,202,201,213,87,88,89,222,121,229,230,113,243,249,127
3,5,7,137,12,16,20,22,151,28,158,31,32,160,163,38,168,42,43,46,48,50,51,53,54,311,56,57,59,60,189,61,319,64,67,198,199,73,202,81,87,217,218,89,231,121,251,127
258,5,264,265,9,11,267,269,270,13,20,22,158,32,163,37,41,43,44,45,50,51,54,313,187,189,317,319,64,198,71,70,205,210,87,90,222,224,225,249,229,230,234,238,244,121,253
2,5,135,9,144,273,146,147,275,16,23,155,158,161,42,43,46,304,49,50,51,180,54,58,187,59,63,64,65,321,195,68,77,211,84,87,216,91,92,222,102,105,234,238,112,114,117
5,7,264,265,13,269,142,20,23,282,155,158,30,32,163,37,40,41,42,43,44,173,45,51,54,312,313,58,316,189,317,319,64,66,194,198,70,205,87,224,225,229,249,230,105,234,106,121,253,127
259,3,133,5,263,7,268,13,271,146,20,151,156,158,32,290,163,37,169,43,44,45,304,177,51,54,58,319,64,66,323,196,200,328,74,205,81,210,214,87,215,224,227,230,231,234,251,255
128,2,3,132,133,5,7,266,13,18,20,277,155,284,158,32,289,163,37,168,41,43,44,173,45,51,53,54,58,189,190,64,66,194,68,85,215,87,217,221,224,230,105,234,235,242,244,116,251,255
257,1,5,7,266,269,270,13,16,145,18,20,276,277,22,26,28,158,32,33,162,163,160,37,168,42,43,44,45,51,54,312,58,189,63,64,198,75,213,85,87,89,225,234,238,242,243,248,249,250,253,127
4,5,7,9,143,144,16,274,147,148,149,22,23,156,286,158,31,161,32,163,38,168,42,46,304,176,48,50,180,51,53,54,56,187,60,61,62,192,66,67,326,71,77,79,211,214,87,125
1,5,135,9,15,16,273,146,147,22,23,24,155,156,28,158,160,163,296,169,297,168,42,43,304,49,50,51,308,180,54,55,57,58,187,63,192,65,195,328,76,77,206,82,87,224,234,238,115
3,4,133,5,7,137,12,16,20,277,22,151,24,26,28,158,32,290,34,163,168,42,43,47,51,54,55,58,59,319,64,63,199,73,202,75,205,213,87,218,221,233,239,242,243,116,249,251
1,3,4,265,10,12,270,16,145,18,275,20,22,24,28,158,160,289,34,163,168,42,43,47,51,311,55,58,316,189,319,63,198,73,202,75,81,213,87,90,221,93,225,121,233,239,242,116,117,249,250,251
1,3,5,7,13,16,20,22,26,27,28,30,160,32,34,35,163,37,41,43,44,52,312,58,189,319,64,63,70,198,199,75,213,215,87,88,89,218,225,229,249,232,106,113,121,253,127
133,5,7,137,9,10,142,16,18,275,20,278,22,155,28,158,288,289,290,162,32,163,167,170,43,173,51,54,311,58,59,319,64,63,194,68,197,199,73,210,86,87,217,218,98,231,104,116,251,127
0,5,7,265,9,267,10,142,16,275,276,22,152,153,282,158,30,163,164,40,41,43,300,45,306,179,50,51,54,314,58,187,191,194,70,76,87,222,96,224,230,234,238,243,248,121,253,126
1,3,5,7,11,13,142,16,20,22,26,30,158,32,35,37,41,43,172,44,45,51,52,54,58,319,64,197,70,199,198,73,202,201,205,215,87,88,218,89,229,232,113,243
257,2,133,5,7,266,13,270,18,20,277,158,32,289,36,37,44,173,45,51,53,54,312,313,189,319,66,194,198,199,70,73,201,207,213,87,217,249,230,234,242,243,121,250,127
3,4,5,7,264,265,12,13,16,22,24,28,158,160,32,34,163,39,41,42,43,47,51,55,314,58,319,64,191,63,324,70,198,205,210,213,215,87,223,225,233,106,239,113,249,253
1,3,5,264,265,11,12,13,15,16,17,20,22,26,282,28,158,160,32,289,161,163,39,168,41,42,51,58,60,63,64,198,70,202,205,213,215,87,223,225,229,106,238,249,253
3,5,8,9,11,12,16,146,22,26,28,30,158,32,33,290,163,165,168,41,42,43,304,51,180,54,57,58,59,187,63,192,65,64,326,71,330,77,208,82,87,90,225,227,229,238
0,258,3,5,262,134,7,265,9,11,10,16,20,279,26,157,158,32,163,39,41,42,43,51,54,58,319,64,66,194,197,70,73,202,329,81,215,87,89,90,218,225,227,229,231,233,118,253
257,258,3,2,5,7,135,10,266,12,270,16,275,20,277,22,28,158,32,33,163,43,51,54,311,58,59,189,63,64,199,73,202,329,74,207,81,87,89,218,231,233,237,239,249,251,127
0,1,4,5,11,13,16,17,149,22,23,27,156,28,158,160,163,38,39,168,42,43,44,51,180,54,55,57,58,62,63,192,64,66,326,77,208,82,87,90,100,105,108,238,239
5,9,265,269,142,16,146,18,19,22,24,28,158,32,33,163,41,42,43,50,51,54,56,313,58,187,316,317,59,63,64,198,204,205,82,210,87,90,92,221,222,224,98,231,234,110,238,244,117
256,257,258,2,5,262,7,264,135,266,10,13,16,276,277,22,282,26,28,158,32,163,41,42,43,51,54,58,59,63,64,324,70,203,205,210,213,215,87,89,216,97,98,231,109,113,244,249,253,127
128,1,3,133,5,265,10,140,270,15,16,17,18,146,20,277,22,26,28,158,160,32,290,163,168,41,42,43,51,54,58,319,64,63,199,73,205,210,215,87,217,90,225,229,231,238,121
1,258,3,5,137,12,142,270,15,16,18,20,22,23,24,26,28,158,160,33,163,168,41,42,43,173,51,54,58,59,189,317,319,63,64,198,199,205,209,213,87,217,221,230,238,110,121,251
1,3,5,7,264,265,13,142,15,16,17,20,22,26,28,158,160,34,163,168,41,42,43,51,309,54,312,58,316,189,318,319,64,63,70,199,198,213,215,87,221,225,229,249,230,232,238,121,253,127
258,3,5,7,265,13,16,275,20,158,32,33,290,160,163,37,168,41,43,44,45,51,54,189,319,64,66,198,70,199,73,202,81,87,218,224,225,228,229,230,231,234,237,238,251,127
259,5,135,263,268,13,146,147,23,155,156,158,31,32,163,37,297,43,44,45,176,51,309,182,54,64,66,195,196,328,74,205,206,82,211,210,87,91,99,235,115,122,124,125
257,5,7,264,265,9,10,13,16,20,22,282,155,158,30,32,163,41,170,43,42,45,51,54,312,58,316,189,319,64,194,70,198,199,205,213,215,87,218,224,225,121,229,230,231,234,106,243,249,253
256,257,2,3,5,7,135,266,10,13,16,22,151,26,282,28,158,160,32,33,163,41,42,43,51,54,314,58,59,63,64,324,70,198,205,210,213,215,87,89,231,106,113,243,249,253,127
5,7,265,13,270,20,277,151,158,30,32,289,163,37,43,44,173,45,49,51,54,312,313,58,316,189,319,64,66,199,73,75,205,209,210,213,215,87,221,224,229,249,230,234,242,243,116,121,127
259,3,4,263,7,265,9,10,268,12,269,16,274,20,24,25,158,32,289,34,163,41,42,43,47,48,51,55,312,56,313,58,316,189,66,194,199,74,205,211,87,217,221,233,239,242,124,125
1,3,261,5,142,143,16,15,18,275,20,22,24,26,28,158,160,289,32,163,168,42,43,172,173,51,54,312,313,185,58,317,189,319,63,198,199,327,207,209,210,87,217,221,222,231,238,117,121,251,125
5,135,7,269,13,145,146,275,20,151,158,32,289,163,37,296,169,43,44,45,49,51,54,55,58,60,192,65,64,66,196,328,330,202,76,77,205,79,82,210,87,215,230,234,244,122,251,127
2,7,264,265,135,13,274,18,20,151,158,31,32,163,38,41,42,172,44,46,48,50,51,53,56,312,313,57,316,317,58,319,60,61,322,194,67,198,70,205,210,87,215,217,221,94,225,229,242
5,265,9,13,142,15,17,18,19,146,21,278,281,29,158,159,288,289,32,165,37,40,42,43,44,45,302,50,51,54,56,313,187,317,64,198,210,87,90,221,222,224,225,227,229,233,234,238,117
3,7,137,270,16,18,275,20,22,28,158,31,32,289,290,160,163,38,168,173,46,48,50,51,53,311,56,57,316,189,60,319,61,67,327,73,202,81,87,217,219,221,231,236,242,116,117,121,251
257,2,5,262,135,7,266,10,270,16,145,20,277,22,151,28,158,32,163,42,43,51,54,311,58,59,189,319,63,198,199,73,202,75,205,81,210,213,87,89,231,234,242,244,246,249,250,251
256,0,2,3,5,135,11,13,15,16,26,27,157,158,160,32,39,41,42,43,51,181,54,55,57,314,313,58,59,191,64,70,72,329,76,213,87,90,225,227,229,231,233,108,118,124,253,126
3,4,266,10,12,270,16,275,20,277,22,151,24,28,158,32,34,163,43,173,47,51,311,312,55,58,316,189,319,63,199,73,202,75,205,209,81,210,213,87,215,221,223,249,233,239,242,116,121,250,251
4,5,135,13,145,146,147,23,155,158,32,163,37,297,43,44,45,51,309,182,54,312,57,187,62,63,192,64,194,195,196,66,328,77,206,205,82,210,87,215,92,230,105,115,122
258,5,7,11,13,16,17,20,282,26,27,158,160,32,33,162,163,37,166,41,42,43,44,45,174,51,54,58,64,66,67,68,70,198,73,202,205,210,215,87,89,90,92,225,229,230,107,113
258,3,131,5,264,265,10,11,15,16,276,22,26,28,158,32,163,39,41,43,51,54,314,58,189,319,64,63,322,198,72,205,209,210,213,215,87,223,98,229,249,231,116,118,121,253,127
259,4,133,3,263,5,7,268,13,271,20,23,158,30,32,290,163,37,167,169,43,44,45,304,177,51,54,58,319,64,66,323,196,200,74,205,210,214,87,215,224,227,230,231,234,251,255
3,5,6,265,13,15,16,276,22,279,23,282,28,158,32,33,160,163,37,168,41,42,43,44,45,51,54,55,314,58,59,317,189,62,64,193,194,66,213,215,87,221,230,106,236,239,116,121,253,127
257,258,3,5,262,7,266,10,13,270,16,20,277,155,158,30,32,163,37,43,44,45,51,54,311,189,62,319,64,66,194,199,73,202,329,81,213,87,89,224,229,230,231,105,234,242,249,251
128,0,2,133,5,135,137,266,10,270,16,18,275,20,277,278,22,28,157,158,32,289,163,39,170,43,173,175,51,54,311,58,59,189,319,63,199,73,210,87,217,231,104,233,242,117,118,250,251
256,257,5,262,7,266,13,270,20,277,26,282,155,158,30,32,163,37,41,43,44,45,51,54,58,62,64,66,194,70,75,85,213,87,89,90,224,97,225,229,230,105,234,108,109,243,116,249,253
5,134,7,10,142,16,275,22,152,28,29,158,287,32,289,35,292,293,163,295,166,42,299,172,173,43,303,50,307,51,179,310,311,312,56,54,58,316,317,63,74,205,207,81,210,87,88,220,221,226,231
1,258,3,5,265,10,11,269,270,15,16,17,20,22,26,28,158,160,32,163,39,168,41,42,43,51,54,58,189,319,64,63,198,70,202,205,210,215,87,89,92,221,225,121,229,231,238,242,249
5,7,265,269,270,13,144,18,20,155,30,158,32,289,163,37,41,172,44,45,50,51,54,313,58,316,317,189,319,64,194,68,198,205,210,86,215,87,221,94,222,225,228,249,229,105,106,242,116,117,121
0,1,5,265,9,11,269,142,14,16,18,146,20,22,24,25,26,27,28,29,158,32,289,290,163,168,41,42,43,173,50,51,54,313,58,316,317,189,319,63,65,198,330,87,217,221,225,227,244,117
5,261,264,265,269,277,282,158,32,163,41,42,44,51,314,58,316,189,319,68,69,70,71,75,205,81,210,83,84,213,85,215,86,87,90,88,89,92,225,97,98,249,109,242,116,117,121,250,253
261,264,265,269,142,275,276,282,158,32,289,163,41,172,44,50,51,312,58,316,189,317,192,68,69,198,70,72,324,71,205,79,81,210,84,86,87,88,89,215,94,225,98,249,106,109,111,116,117,121,253
257,258,5,261,7,264,265,269,270,13,20,277,282,158,32,163,168,41,51,313,189,319,194,68,198,70,71,75,81,210,213,86,87,88,89,93,225,249,229,106,109,242,116,117,121,250,253
2,259,4,271,146,147,20,151,158,32,290,163,169,170,44,304,177,51,58,319,323,196,68,69,71,200,76,205,80,81,210,84,86,87,88,217,89,215,98,227,231,104,234,106,109,242,116,251,255
261,264,265,269,142,18,158,32,289,163,168,41,172,50,51,312,313,58,316,317,320,68,69,198,71,76,205,207,80,81,210,86,87,88,89,215,221,94,98,106,108,109,242,243,116,117,246,121,250,253
256,257,2,5,262,264,265,266,268,20,277,158,32,163,173,51,53,313,189,319,68,70,199,198,71,201,75,205,207,81,210,213,86,87,88,89,217,97,249,109,242,243,116,120,121,250,253
256,257,5,264,265,266,13,269,17,276,26,282,158,160,32,163,41,44,51,314,58,191,64,68,69,70,198,71,205,79,81,210,84,86,87,88,89,215,97,225,98,106,109,113,116,120,249,253
3,6,265,12,142,270,273,20,151,279,284,158,32,289,163,40,41,168,43,173,51,58,189,64,68,69,198,71,330,205,81,210,86,87,88,89,90,215,98,234,106,109,116,119,121,251,253,254,127
261,7,265,269,142,18,275,282,158,32,289,165,39,168,173,50,51,312,313,186,316,317,189,319,194,68,69,198,70,71,79,81,210,86,87,88,89,94,225,249,106,109,111,116,117,121,253,127
256,257,258,260,5,262,7,264,266,270,16,276,277,26,158,32,163,48,51,54,58,189,68,70,71,73,202,205,81,210,213,86,215,87,89,88,93,97,98,104,109,116,249,250,251,253
5,7,264,266,11,13,20,277,26,158,32,163,41,44,51,58,189,319,64,68,69,70,198,71,75,203,205,79,80,81,210,84,213,86,215,87,88,89,97,98,249,106,109,113,242,243,116,248,121,250,253
257,258,5,262,11,16,17,26,27,282,158,160,32,163,41,44,51,54,58,64,68,69,70,71,73,202,329,205,81,210,84,86,87,88,89,90,215,97,225,98,229,109,115,116,119
128,258,3,5,262,135,264,265,266,138,270,20,158,32,289,163,178,51,58,187,189,319,68,325,198,71,75,205,209,81,210,85,86,215,87,88,89,92,221,98,122,109,242,116,118,120,249,250,127
259,4,3,135,7,11,271,146,20,155,156,158,32,290,163,168,169,304,177,51,57,58,192,64,194,323,68,70,71,200,328,76,77,79,81,82,86,87,88,89,227,99,234,106,109,243,116,121,250,251
257,258,262,264,266,269,270,16,20,277,26,158,32,163,44,51,58,319,64,68,198,70,71,73,202,75,205,80,81,210,84,213,86,87,88,89,215,97,225,98,249,106,107,109,242,116,121,250,253
256,257,258,5,262,264,266,13,17,276,26,282,157,158,160,32,163,41,44,51,58,191,64,68,69,70,198,71,205,79,81,210,84,213,86,87,88,89,215,225,98,106,109,113,241,116,249,252,253
7,13,144,17,146,21,23,27,155,158,160,32,34,163,166,41,42,44,304,178,51,180,57,188,63,192,194,68,70,71,77,79,81,85,86,87,88,89,98,99,105,106,108,109,112,244,116,121,253
258,5,7,264,265,269,13,17,276,277,280,282,155,158,160,32,163,41,42,51,186,58,189,64,194,68,198,70,71,205,79,81,214,87,88,89,86,225,97,121,229,106,109,113,116,119,249,252,253
256,257,258,5,7,264,265,266,269,276,277,26,282,155,158,160,32,163,41,51,189,64,194,68,69,70,198,71,76,205,79,81,210,213,86,87,88,89,97,225,98,249,106,109,242,116,248,121,253
2,3,6,262,264,265,7,270,20,277,155,158,32,163,51,312,313,58,189,319,194,68,70,71,75,203,79,209,81,210,213,86,87,88,89,92,221,249,106,109,111,112,242,116,117,121,250,253
257,258,5,262,7,264,265,269,270,276,282,155,158,32,163,41,42,51,314,58,189,319,194,68,70,198,71,205,79,81,210,213,86,215,87,88,89,225,98,249,106,109,116,248,121,251,253
258,3,5,264,11,13,17,279,26,282,27,284,158,160,32,163,168,42,44,51,314,58,191,64,192,324,68,70,198,69,71,75,205,208,81,210,84,86,87,88,89,215,97,98,99,106,108,109,116,253
257,258,3,264,10,266,12,270,16,275,20,277,26,158,32,163,172,51,180,189,319,64,194,68,325,199,71,73,202,75,205,81,210,86,87,88,89,97,109,116,249,250,251
135,269,144,146,147,23,155,158,32,161,297,41,42,47,49,51,309,182,57,187,192,65,195,196,71,328,330,77,206,208,81,82,87,88,89,92,101,105,106,109,115,244,116,119,122
256,5,262,7,264,265,269,13,141,17,276,151,282,158,160,32,163,41,42,51,314,58,189,317,64,68,69,70,198,71,205,79,80,81,210,213,86,87,88,89,225,121,98,229,106,109,116,249,253
256,257,258,262,7,264,265,266,269,13,144,276,277,279,282,26,155,158,31,32,41,51,194,68,70,71,75,79,81,210,213,85,86,87,89,88,97,121,100,106,109,243,116,117,248,249,250,253
258,3,5,7,9,266,13,269,17,146,275,20,22,155,158,32,163,166,42,173,178,51,312,58,187,189,319,192,194,68,70,71,73,330,202,79,209,81,86,87,88,89,221,121,99,229,106,109,244,116,249
2,260,11,12,269,146,19,147,18,278,275,24,22,281,158,32,162,163,47,304,51,53,57,58,187,196,68,71,330,205,80,81,210,213,214,86,87,88,90,89,98,227,105,106,109,114,244,116,251,255
257,258,266,11,13,269,142,271,17,20,22,23,27,158,30,160,32,35,37,42,44,45,178,51,52,187,192,64,70,198,71,199,202,201,200,77,81,87,88,89,92,99,109,244,249,253
257,258,264,266,269,270,13,20,22,281,158,32,163,178,51,312,58,187,189,318,319,68,198,199,70,71,202,205,77,208,209,81,210,213,86,87,88,89,225,98,249,122,109,242,244,116,121,250,253
257,258,264,265,266,11,269,13,270,20,276,22,282,158,32,163,51,312,58,187,189,64,68,70,198,71,202,77,205,208,81,210,213,86,87,88,89,225,98,109,243,244,116,245,248,249,122,253
7,9,11,269,14,143,275,24,155,158,31,32,289,40,168,42,173,48,50,307,51,53,56,57,187,60,189,194,68,326,71,70,330,207,208,79,214,86,87,89,221,106,114,244,117,116,121,251
4,11,12,143,271,146,22,23,156,158,32,290,163,38,168,169,44,304,51,187,192,323,68,71,200,330,202,77,205,208,81,210,214,86,87,88,89,215,98,234,109,114,244,116,251,255
4,135,8,13,17,146,21,23,27,156,158,32,163,166,38,44,304,178,51,57,58,188,62,192,196,68,69,71,77,205,80,81,210,84,86,87,88,89,215,224,98,99,229,105,106,109,244,116,255
4,135,8,7,17,146,147,21,23,27,156,155,158,32,163,166,304,178,51,309,57,58,188,62,192,194,196,68,70,71,329,206,79,81,210,86,87,88,89,99,229,105,106,109,244,116,117,121,122
257,258,266,13,17,146,20,23,27,158,32,34,163,42,44,178,51,57,58,188,192,64,68,71,73,202,76,77,205,81,210,213,86,87,88,89,90,215,94,225,98,229,234,106,109,244,116,249,122,253
0,4,135,8,13,17,146,20,21,23,27,156,158,32,163,166,39,44,304,178,51,57,58,188,62,192,196,68,71,329,73,205,81,210,86,87,88,89,215,94,224,98,99,229,105,109,244,116,120,255
0,4,8,138,144,17,146,21,149,23,27,156,158,32,163,166,38,168,44,46,304,178,51,180,57,58,188,62,192,68,71,205,81,210,86,87,88,89,215,224,98,99,105,109,244,116,122,127,255
4,8,266,13,17,146,20,21,23,27,158,32,33,34,163,166,168,44,304,178,51,55,57,188,62,192,68,71,329,73,202,205,81,210,86,87,88,89,215,91,94,98,99,229,109,244,116
4,135,266,12,13,16,17,146,20,151,156,158,32,163,44,304,178,51,57,58,188,192,196,68,71,73,202,329,205,81,210,84,86,87,88,89,215,98,229,231,105,106,109,244,116,254,255
257,258,5,262,265,11,269,20,282,158,32,163,42,43,44,50,51,58,187,189,318,319,322,68,69,71,73,205,81,210,84,213,86,215,87,89,88,221,225,98,229,109,116,248,249,122,253,127
128,259,263,135,7,11,268,272,17,146,23,27,158,31,160,32,163,168,42,304,51,180,57,192,65,66,194,68,198,70,71,74,77,205,81,210,211,86,87,88,89,90,225,99,101,106,107,109,116,121,124,125
137,11,12,269,142,13,18,20,22,158,30,32,35,37,167,170,43,44,173,45,51,52,312,189,319,64,322,67,198,71,199,73,330,200,201,81,214,87,88,89,218,96,109,244,116,251,127
261,6,265,266,269,270,145,20,151,158,32,289,163,51,312,57,58,189,319,66,68,198,71,75,205,209,81,210,85,86,87,88,89,90,92,121,98,99,234,109,242,244,117,116,119,249,250,253
256,257,258,5,264,265,266,269,270,14,276,282,158,32,163,41,44,51,58,189,317,64,68,70,198,71,73,205,81,210,213,86,215,87,89,88,94,225,97,121,98,106,109,116,248,249,122,253,127
128,256,261,262,263,264,265,266,270,20,277,278,158,32,163,44,51,58,189,319,68,70,71,75,203,205,80,81,210,84,213,86,215,87,88,89,92,248,97,98,249,106,109,111,116,117,120,121,250,253
256,257,258,262,264,265,266,269,13,276,277,20,282,26,158,32,163,41,44,51,58,189,64,68,69,70,198,71,205,81,210,213,86,87,88,89,215,225,97,98,106,109,243,116,119,248,249,253
257,258,259,262,264,265,269,270,13,20,277,282,158,32,163,44,51,313,58,189,319,68,70,198,71,75,205,81,210,213,86,87,88,89,90,215,225,97,98,229,249,122,106,108,109,242,116,121,250,253
257,258,262,7,266,10,270,16,20,277,26,158,32,163,44,51,54,311,58,189,319,68,70,199,71,73,202,205,81,82,210,84,213,86,87,88,89,218,215,97,98,106,109,116,248,249,251
264,269,17,20,277,279,23,27,158,160,32,163,166,40,42,49,178,51,58,187,188,189,64,65,192,68,198,70,71,205,208,81,210,86,87,88,89,92,221,98,99,105,106,109,244,116,121,253
7,9,11,12,143,17,146,22,23,280,155,158,32,163,166,168,42,44,49,178,51,187,63,192,65,194,68,326,71,70,330,77,208,81,214,86,87,88,99,105,106,109,114,243,244,116,119,121,251
7,9,11,144,17,146,274,21,23,280,27,158,32,166,168,42,44,178,51,180,187,63,192,65,194,68,326,71,70,77,208,81,210,214,86,87,88,89,92,99,105,106,109,114,244,116,121
0,16,17,27,158,32,33,34,35,163,42,44,46,304,49,178,51,55,57,58,62,63,192,68,71,329,73,202,205,81,210,84,85,86,87,88,89,90,215,224,225,98,229,106,108,109,239,244,116
257,258,266,13,269,17,20,23,26,282,27,158,160,32,163,166,41,44,51,58,64,68,69,70,198,71,202,205,80,81,210,84,213,86,87,88,89,215,92,225,98,99,229,106,109,113,244,116,249,253
262,264,265,269,270,16,20,277,26,158,32,163,44,51,313,58,319,64,68,198,70,71,73,202,75,205,80,81,210,84,86,87,88,89,215,91,97,98,249,106,109,242,243,116,246,121,250,251,253
257,258,5,264,269,270,13,276,282,158,32,163,41,44,51,309,312,58,189,318,319,68,198,70,199,71,330,203,205,81,210,84,213,86,215,87,89,88,98,249,106,109,242,116,248,121,122,253,127
259,263,7,268,142,272,146,18,278,279,24,158,31,32,289,290,163,168,176,50,51,56,313,316,317,319,66,194,68,198,70,71,74,205,81,210,211,86,87,88,89,221,222,99,106,109,116,117,121,124,125
261,269,142,145,275,20,158,32,289,42,173,47,50,51,187,316,189,65,69,198,326,71,330,76,77,205,207,208,80,81,210,214,87,88,89,92,96,97,98,106,109,114,244,117
256,257,2,5,262,7,264,266,11,267,13,17,276,26,282,28,158,160,163,41,173,51,53,184,189,64,68,70,198,199,71,201,207,80,81,86,87,88,89,217,91,97,121,106,109,113,116,248,249,253
256,257,5,7,264,13,269,17,276,26,282,27,155,158,160,32,163,168,41,51,191,64,194,324,68,70,198,69,71,205,79,81,210,85,86,87,88,89,97,121,106,109,110,113,116,248,249,253
261,7,269,142,270,18,20,158,32,163,170,172,173,44,51,312,313,58,189,319,68,69,198,199,70,71,205,207,80,81,210,84,86,215,87,88,89,92,221,94,98,104,106,109,111,242,116,117,121
5,7,264,265,269,18,276,282,158,32,163,41,172,50,51,312,58,316,317,319,68,69,198,70,71,205,79,80,81,210,86,87,88,89,94,225,98,229,249,106,109,111,244,117,116,246,121,253,127
7,9,13,146,19,274,21,22,281,155,158,159,32,163,38,168,42,304,51,180,56,57,187,192,194,68,326,70,71,330,77,205,80,81,210,86,87,88,89,90,92,224,105,106,109,244,116,121,255
1,137,12,142,270,16,275,20,158,32,289,290,163,40,170,44,173,51,311,58,189,68,198,71,73,330,202,205,207,81,210,84,214,86,87,88,89,215,221,93,94,98,231,237,109,116,121,251
264,265,267,269,270,20,282,158,32,289,163,168,41,50,51,58,316,189,319,68,198,70,71,200,75,205,80,209,81,210,212,213,86,215,87,88,89,225,98,249,122,109,242,116,121,250,251,253,127
5,264,265,269,270,20,277,282,158,32,163,41,44,51,312,58,189,319,68,69,70,198,71,75,205,80,81,210,84,213,86,87,88,89,215,225,98,249,122,106,109,242,116,117,248,121,250,253,127
256,257,258,5,262,263,264,265,266,269,13,276,282,158,160,32,163,41,44,51,314,58,319,64,68,69,70,198,71,205,79,81,210,84,213,86,215,87,89,88,225,98,249,106,109,116,121,251,253
258,260,262,7,135,9,11,12,140,139,16,153,284,30,158,32,289,165,40,296,42,49,177,51,57,187,194,68,70,71,73,329,79,208,81,86,87,88,90,219,225,229,106,109,241,116,245,120,121,251
258,7,137,10,269,142,270,16,271,275,20,22,158,32,163,167,170,43,173,51,311,58,59,187,319,64,68,197,198,199,71,73,202,205,80,81,210,86,87,88,89,218,231,106,109,116,246,251,127
7,264,265,269,142,274,24,282,155,158,32,163,40,42,301,50,51,313,58,187,316,189,188,319,192,65,194,68,198,70,71,205,79,208,81,86,87,88,89,221,222,234,106,109,116,117,121,253
256,258,5,262,7,264,265,269,270,276,282,155,158,160,32,163,36,41,42,51,314,58,319,194,68,69,70,71,74,75,79,81,213,86,215,87,88,89,225,249,122,106,109,112,116,248,121,250,253
259,4,263,135,268,272,274,147,146,155,156,158,31,32,33,163,44,47,48,178,51,58,192,66,67,196,68,71,74,77,205,81,210,211,84,86,87,88,89,215,98,99,106,109,244,116,124,125,255
258,261,135,264,269,13,20,158,32,289,163,164,36,166,169,51,181,312,316,189,318,319,322,68,69,71,202,75,205,208,209,81,210,213,86,215,87,88,89,225,99,109,242,243,244,117,116,249,250,253
0,1,5,135,265,17,146,20,281,283,157,158,32,163,42,304,49,178,51,56,57,62,319,65,322,68,69,71,329,73,205,81,210,86,87,88,89,90,94,224,225,227,229,105,106,109,241,244,116,120,122,255
258,260,262,137,12,270,16,20,158,32,163,167,169,44,51,311,58,319,192,64,68,197,71,73,202,77,205,207,80,81,82,210,84,86,87,88,89,90,215,98,231,106,109,241,244,116,251
258,3,5,265,269,270,142,20,277,279,281,282,158,32,163,40,41,168,44,51,58,189,64,68,69,198,71,205,208,81,210,84,86,215,87,88,90,89,225,97,98,249,106,109,116,121,253,254
4,261,7,264,265,269,18,20,158,32,289,163,168,173,50,51,312,313,316,317,189,319,194,68,198,70,71,81,210,213,86,87,88,89,221,225,249,104,106,109,242,116,117,248,121,122,253,127
267,269,17,146,20,22,23,158,32,289,163,166,40,168,42,178,50,51,187,60,192,65,68,326,71,198,330,77,205,208,80,81,210,213,214,86,87,88,89,92,221,98,99,105,109,244,116
257,258,262,7,10,266,270,16,20,26,155,158,32,163,51,311,319,194,68,70,199,71,73,202,329,205,81,210,213,86,87,88,89,97,225,99,121,231,106,109,240,116,248,249,251,255
256,257,7,264,265,266,269,270,276,277,282,155,158,32,163,51,58,188,189,64,194,68,70,71,203,75,79,81,213,85,87,86,89,88,92,93,97,225,121,106,234,109,111,116,244,249,250,253
256,257,2,5,7,264,265,13,269,17,276,26,282,158,160,32,168,41,173,51,53,189,64,68,70,198,71,199,201,205,79,207,81,213,86,87,88,89,217,95,225,121,229,106,109,113,116,249,253
256,257,258,5,262,264,265,11,13,270,17,26,282,27,158,160,32,163,41,42,51,57,58,191,64,68,69,70,71,77,205,81,210,85,86,87,88,89,90,225,98,229,106,109,241,116,117,252,253
259,4,133,263,135,268,13,272,146,147,20,158,31,32,163,41,43,44,51,58,192,66,196,68,198,70,71,74,202,205,80,81,210,211,84,86,87,88,217,90,89,215,225,98,99,106,109,116,124,125,255
3,260,5,262,6,264,265,11,13,270,16,18,20,158,32,163,41,51,58,189,319,64,68,198,71,73,75,205,81,210,213,85,86,87,88,90,89,98,249,109,242,243,116,121,250,251,253
256,257,5,7,264,265,13,276,154,282,155,158,160,32,163,41,51,314,58,191,319,194,68,69,70,71,203,205,79,81,210,213,86,87,88,89,97,249,106,109,113,243,116,248,121,122,253,254
261,269,142,270,18,275,20,158,32,289,163,168,172,173,44,50,51,312,313,58,316,317,189,319,68,198,71,330,205,207,80,209,81,210,86,87,88,89,215,91,92,221,94,98,106,109,116,117,246,121
257,258,3,265,266,270,16,145,20,277,158,32,163,44,51,311,58,189,68,71,73,202,329,77,205,81,210,84,85,86,215,87,89,90,88,94,225,97,98,229,106,109,239,116,249,251
257,258,5,262,264,265,266,268,13,270,276,277,20,282,157,158,32,163,41,51,64,68,69,70,198,71,75,204,205,81,210,86,87,88,89,97,98,106,109,242,243,114,116,118,249,250,124,253
3,259,263,11,142,17,146,22,30,158,32,163,165,41,42,51,180,57,186,187,192,65,68,69,326,71,198,330,202,77,205,208,81,210,86,87,88,89,90,225,98,227,229,106,109,244,116
4,262,135,7,17,147,23,155,156,158,32,296,297,168,51,309,182,55,57,62,192,194,195,196,68,71,328,77,206,79,81,82,86,87,88,89,90,92,105,106,109,112,115,116,121,122
264,265,269,13,20,282,283,158,32,163,41,42,44,51,313,316,317,189,319,64,68,69,198,70,71,73,205,81,210,84,86,87,88,89,90,215,94,225,98,229,249,234,106,109,116,117,121,251,253
3,135,263,265,12,142,274,18,24,158,32,290,163,40,42,172,173,51,313,58,187,319,196,68,198,69,71,330,205,207,208,209,79,81,210,86,87,88,89,92,221,97,103,106,109,241,116,118,123
257,258,262,7,10,266,269,270,16,275,26,158,32,163,167,44,51,311,58,64,68,197,70,199,71,73,202,205,81,210,84,213,86,215,87,89,218,88,120,97,98,106,109,113,116,248,249
0,128,16,17,21,27,155,158,159,32,35,163,42,44,46,304,178,51,52,183,56,57,58,62,63,68,71,329,73,202,205,80,81,210,84,85,86,87,88,89,90,215,224,98,227,229,105,106,109,116
257,5,264,265,269,276,20,282,26,158,160,32,163,41,44,50,51,312,58,316,189,64,68,69,198,70,71,205,80,81,210,213,86,87,88,89,90,215,225,98,249,106,109,116,246,119,248,121,253
261,137,266,13,270,20,277,151,158,32,163,44,51,312,58,189,319,64,68,69,198,71,202,75,205,209,81,210,84,213,86,87,88,89,215,92,97,98,249,104,109,242,243,244,116,120,121,250,251
11,143,17,22,23,158,32,163,166,168,40,42,44,49,178,51,180,57,58,187,63,192,68,326,71,330,202,77,205,208,81,210,214,86,87,88,90,89,92,215,98,99,105,109,114,244,116
3,5,264,265,266,154,158,32,163,41,44,51,314,58,189,319,64,68,325,70,327,69,71,75,205,79,80,81,210,84,86,215,87,88,89,97,121,98,106,107,109,242,243,116,120,249,253
257,258,260,264,265,266,269,270,20,282,158,32,163,44,51,312,58,189,318,319,64,68,198,70,71,75,205,81,210,213,86,215,87,89,88,225,121,98,122,109,244,116,249,250,251,253
2,261,137,266,270,18,20,151,284,158,32,163,167,170,44,301,51,312,58,319,68,197,198,71,75,205,209,81,210,214,86,87,88,89,215,92,98,227,104,106,109,240,242,244,116,250,251,255
256,257,258,261,262,264,266,267,13,270,276,277,26,282,284,158,32,163,41,44,51,58,64,68,70,71,203,205,81,210,213,86,87,88,89,215,92,93,97,225,98,106,109,113,116,248,249,253,255
256,257,5,264,265,266,269,13,276,277,26,282,158,32,163,41,44,51,58,64,68,69,70,198,71,205,79,81,210,83,84,213,86,215,87,89,88,97,225,121,98,106,107,109,116,248,249,253
256,257,5,262,264,265,266,269,270,13,276,26,282,284,158,32,163,41,44,51,58,189,68,69,198,70,71,205,81,210,213,86,215,87,89,88,225,121,98,106,109,241,243,116,119,248,249,252,253
256,257,5,262,264,13,276,26,282,158,160,32,163,41,44,51,314,58,191,64,324,68,70,198,71,203,205,80,81,210,84,213,86,87,88,89,215,97,98,106,109,113,116,245,248,249,122,253
5,261,7,264,265,269,271,18,276,282,155,158,163,41,172,50,51,312,313,316,317,189,194,67,68,198,70,71,200,79,81,84,86,87,88,89,94,96,225,249,106,109,116,117,121,253,127
261,264,265,269,270,16,20,276,22,282,28,158,32,163,51,312,58,316,189,319,63,68,198,70,71,72,73,75,205,81,210,213,86,87,88,89,92,225,98,249,122,109,242,244,117,116,121,250,253,127
256,257,5,7,264,266,13,276,150,26,282,158,160,32,163,41,44,51,58,64,68,70,198,71,75,76,205,81,210,84,213,86,215,87,89,88,97,98,106,109,113,243,116,248,249,122,253
257,261,265,269,142,270,13,18,275,20,22,158,30,32,289,34,35,37,167,44,173,45,51,52,312,313,316,189,319,64,198,199,200,201,205,207,81,87,88,89,221,93,109,242,116,117,244,119,121,127
135,7,10,16,17,147,23,155,156,158,163,297,51,309,182,55,57,62,192,194,195,196,68,70,71,328,73,202,77,206,79,81,82,86,87,88,90,92,105,106,109,115,244,116,121,122
261,137,12,142,270,16,275,20,158,32,289,163,167,170,44,173,51,311,312,58,189,319,68,198,199,71,73,330,202,205,207,80,81,210,84,86,87,88,89,215,98,231,106,107,237,109,116,121,251,127
261,265,269,142,270,18,20,158,32,289,163,168,172,50,51,312,313,58,316,189,317,319,67,68,198,71,200,75,205,207,80,209,81,210,212,86,87,88,89,221,94,96,98,249,109,242,116,117,246,121,253
257,258,259,5,262,264,266,269,276,20,282,158,32,163,44,51,312,58,189,318,319,68,70,198,199,71,205,81,210,84,213,86,215,87,89,88,98,122,106,109,243,244,115,116,248,249,250,253
259,261,262,137,266,270,142,18,20,277,158,32,163,170,44,173,51,312,58,189,319,68,197,198,199,71,202,75,205,80,209,81,210,84,86,87,88,217,89,215,92,94,98,227,231,104,106,109,116,117,249,251
258,259,264,265,11,17,20,279,282,27,158,160,32,163,166,168,42,44,51,55,57,58,192,64,68,70,71,77,205,80,81,82,210,84,85,86,87,88,89,90,215,98,99,229,106,109,244,116,249,253
257,5,264,265,266,269,270,276,282,158,32,163,41,44,51,312,58,189,318,64,68,198,70,71,75,205,81,210,84,213,86,215,87,89,88,91,225,98,249,106,109,242,116,248,121,122,253
258,3,259,264,265,269,270,16,18,277,158,32,163,41,44,51,58,189,319,68,198,71,73,202,75,205,81,209,210,84,213,86,215,87,88,89,97,121,98,106,109,242,116,117,249,250,251
257,258,259,5,264,265,269,270,276,277,282,158,32,163,41,44,51,312,58,189,319,66,68,69,198,70,71,75,205,79,81,210,84,213,86,215,87,89,88,225,98,249,106,107,109,116,248,121,253
256,257,5,264,265,266,269,13,276,282,158,32,163,41,44,51,312,58,189,318,319,64,68,70,198,199,71,205,81,210,213,86,87,88,89,215,96,121,98,106,109,241,243,116,249,122,252,253,127
258,5,7,264,265,11,269,17,276,282,155,158,160,32,163,41,42,169,51,314,58,188,189,194,68,69,70,198,71,205,79,81,210,86,215,87,88,90,89,225,229,249,106,109,116,121,253,127
260,261,7,265,269,273,18,275,146,20,155,158,32,289,163,173,50,51,312,313,58,316,189,317,319,194,68,198,70,71,207,79,81,210,213,86,87,88,89,221,225,105,106,109,242,116,117,121,127
258,3,264,265,11,269,270,271,20,277,279,281,282,158,32,163,41,44,51,58,189,64,68,69,198,70,71,205,81,210,84,86,215,87,88,90,89,225,121,98,106,109,116,117,249,250,253,254
1,5,7,264,265,269,13,270,273,18,281,282,158,32,41,51,313,316,317,189,319,194,68,69,198,70,71,79,81,210,86,215,87,88,89,94,225,249,229,106,109,242,116,117,121,122,253
3,264,265,12,269,142,270,279,158,32,289,40,41,51,59,189,64,68,69,198,71,73,330,201,75,205,79,80,81,210,84,86,87,88,89,90,215,91,225,97,98,106,109,116,246,120,253,254
259,263,135,7,268,272,274,147,146,19,155,156,286,31,158,32,163,47,48,304,51,52,56,58,192,66,67,68,71,74,205,80,81,210,211,86,87,88,89,98,99,106,109,116,246,124,125,255
261,7,265,269,142,18,275,281,282,155,158,32,289,163,39,172,173,50,51,312,313,58,316,189,317,188,320,194,68,70,327,72,71,207,79,81,86,87,88,89,221,94,223,225,106,109,116,117,121,127
3,7,266,10,270,16,20,277,151,158,32,163,168,51,311,312,313,189,194,68,70,199,71,73,202,205,81,209,210,213,86,215,87,88,89,121,106,109,239,116,244,249,251
263,264,265,7,9,12,269,270,271,18,20,279,282,156,158,32,42,50,51,187,317,189,65,194,68,198,70,71,77,79,208,81,86,87,88,90,225,121,106,109,244,117,116,249,250,253
128,2,261,265,13,269,145,146,18,20,158,32,290,163,166,42,44,49,178,51,312,58,316,65,195,68,71,330,205,209,81,210,85,86,87,88,217,90,89,215,221,92,98,227,106,109,244,117,116,250,253
264,265,266,269,270,20,277,282,158,32,163,41,44,51,58,189,319,68,198,70,71,75,205,80,81,210,84,213,86,87,88,89,215,97,98,249,122,106,107,109,111,242,116,117,248,121,250,253
257,258,7,264,265,266,269,270,13,17,145,20,151,282,155,158,32,163,166,51,312,189,64,194,68,70,71,205,79,81,210,86,87,88,89,90,92,121,98,99,229,106,109,244,116,248,249,250,253
257,258,5,7,264,265,266,270,17,282,158,160,32,163,41,42,44,46,51,58,191,68,69,70,198,71,75,205,79,80,81,210,84,213,86,87,88,89,90,215,97,225,98,106,109,116,248,249,253
256,258,5,262,7,264,265,11,13,15,17,282,27,26,155,158,160,32,163,168,41,42,51,314,191,64,194,68,69,70,198,71,205,79,81,210,86,87,88,89,225,121,229,106,109,243,116,249,253
261,269,142,270,13,18,275,20,278,158,32,289,288,163,170,44,173,51,312,58,316,189,319,68,198,199,71,205,80,209,81,210,84,213,86,87,88,217,89,215,92,98,249,104,106,109,242,116,117,121
4,8,265,143,144,17,146,21,22,23,27,158,32,161,163,166,44,304,178,51,180,187,192,65,68,326,71,77,205,81,210,214,86,87,88,89,92,99,105,109,114,244,116,253
258,3,264,265,266,11,268,270,17,20,279,282,158,32,289,163,41,42,44,51,57,58,192,68,69,71,72,329,73,205,81,210,86,87,88,89,90,215,225,97,98,99,229,106,109,242,244,116,253
261,5,7,264,265,269,270,143,20,155,158,32,163,41,51,312,313,58,316,189,317,319,194,68,69,198,70,71,75,79,81,210,213,86,87,88,89,92,225,249,106,109,242,116,117,121,250,253
5,7,264,265,269,13,276,282,155,158,160,32,163,168,41,42,170,51,313,314,189,319,64,194,68,69,198,70,71,205,79,81,210,213,86,87,88,89,225,98,249,229,106,109,243,116,121,253
7,264,265,9,11,269,270,282,158,32,163,168,42,51,187,189,194,68,69,198,71,326,70,330,77,79,208,81,210,86,87,88,89,90,225,121,106,109,114,244,117,116,249,122,253
261,269,142,146,275,20,277,18,151,158,32,290,166,174,51,312,189,321,68,69,198,71,75,80,209,81,210,84,86,87,88,89,91,92,221,97,98,106,107,109,111,116,117,121,250,127
261,264,265,269,270,18,20,277,158,32,168,173,51,312,313,316,189,319,68,69,198,71,75,80,209,81,210,84,86,87,88,89,92,97,98,249,106,109,111,242,115,116,117,120,121,250,253
258,260,262,264,266,17,20,23,154,27,158,32,163,166,40,168,44,51,58,319,192,64,68,69,70,71,202,75,205,208,80,81,210,84,86,87,88,89,215,120,98,99,249,106,109,241,244,116,248,121,250
256,257,258,5,262,264,265,270,26,282,158,160,32,163,168,41,44,48,51,179,54,58,64,68,69,70,198,71,205,80,81,210,86,215,87,89,88,248,97,121,98,106,109,116,246,120,249,253
257,259,264,266,270,16,20,277,158,32,163,44,51,58,189,319,64,68,70,198,199,73,202,75,71,205,81,210,84,213,86,87,88,89,215,97,121,98,106,107,109,113,242,116,249,250,251
257,7,266,270,16,20,277,284,158,32,163,44,51,311,312,58,189,319,68,197,198,199,71,73,202,75,205,81,210,84,213,86,87,88,89,218,215,98,231,106,109,242,243,116,249,251,255
256,5,261,264,265,266,270,20,277,158,32,163,41,44,51,312,58,189,319,68,69,198,70,71,75,205,81,210,84,213,86,215,87,88,89,92,97,121,98,106,109,242,243,116,249,250,253,127
2,261,270,18,275,20,24,158,32,289,163,44,173,51,53,312,313,58,316,189,319,68,69,71,330,205,207,80,209,81,210,84,86,87,88,217,89,215,91,221,222,92,98,106,109,242,116,117,121,251
257,258,259,262,266,269,270,16,20,277,26,282,158,32,163,51,311,58,64,68,198,70,71,73,202,205,81,210,213,86,215,87,89,88,97,98,108,109,242,114,116,117,249,250,251
7,264,265,269,270,18,20,158,32,289,168,41,172,50,51,313,316,317,189,319,194,67,68,198,327,70,71,75,81,210,86,87,88,89,94,96,249,106,109,242,116,117,121,250,251,253
257,7,137,10,266,270,16,20,158,32,163,167,170,44,173,51,311,312,58,59,189,319,68,197,199,71,73,202,200,205,78,81,210,84,86,87,216,89,218,88,215,98,231,106,109,116,249,251
258,5,7,264,265,269,270,20,151,155,158,32,163,293,168,41,172,51,312,313,189,319,64,194,68,69,198,70,71,75,205,79,81,210,86,87,88,89,249,234,106,109,242,116,121,250,253,254
258,5,262,7,264,265,269,270,142,17,279,282,155,158,32,163,41,50,51,58,189,317,194,68,198,70,71,205,79,81,210,213,86,87,88,89,90,225,121,229,106,109,244,116,117,119,249,253
257,258,262,7,264,265,266,11,13,270,16,17,279,282,27,26,158,160,32,163,42,44,51,58,68,69,70,198,71,205,79,80,81,210,84,85,86,87,88,89,90,215,98,229,106,109,244,116,119,249,253
257,261,266,269,270,13,17,20,277,282,158,32,163,44,51,58,68,70,198,71,202,75,205,81,210,84,85,213,86,87,89,217,88,92,215,91,97,98,231,106,109,111,244,116,249,250,253
261,7,264,265,269,142,270,18,20,155,158,32,289,163,41,172,173,51,312,313,58,316,189,317,319,194,67,68,198,327,70,71,79,81,82,86,87,88,89,221,94,96,106,109,111,242,116,117,121
258,3,5,264,265,269,13,15,17,20,21,282,158,32,163,41,42,44,51,313,314,58,317,319,64,68,69,198,70,71,205,79,81,210,86,215,87,88,90,89,225,98,229,106,109,116,121,253
256,257,258,5,262,7,264,265,263,269,270,13,282,26,155,158,32,163,41,51,313,189,319,194,68,69,198,70,71,205,79,81,210,213,86,87,88,89,225,121,229,106,107,109,242,243,116,249,253
7,265,9,11,269,17,146,22,282,155,158,32,163,42,49,51,57,187,192,65,194,68,326,71,70,330,77,79,208,81,82,86,87,88,89,90,92,95,225,229,106,109,114,244,117,116,121
261,265,269,142,146,275,20,158,32,289,290,163,166,173,45,174,51,312,313,58,316,189,317,319,65,68,69,198,327,325,71,205,81,210,86,87,88,89,215,98,249,106,107,109,111,242,116,117,121,253,127
256,258,5,262,261,264,265,269,270,20,158,32,163,44,51,313,58,189,319,64,68,69,198,70,71,75,205,80,81,210,84,213,86,215,87,88,89,92,225,97,98,249,106,109,242,243,116,121,250,253
261,5,264,265,269,270,18,20,158,32,289,163,44,51,312,313,56,58,316,317,189,318,319,67,68,69,198,199,71,205,80,209,81,210,84,213,86,215,87,88,89,225,98,249,106,109,242,116,121,253
3,261,137,266,12,142,270,283,158,160,32,163,167,40,170,172,173,51,186,59,58,191,64,68,198,71,330,205,207,208,209,80,81,210,213,86,87,88,89,92,98,106,109,251,241,116,120,121,123,254
256,257,258,5,262,7,264,265,269,13,270,144,276,282,155,158,31,32,41,51,312,188,189,318,194,68,70,198,71,79,81,213,86,87,88,89,225,98,121,100,106,109,243,116,117,248,249,253,127
2,5,264,265,266,269,270,20,280,158,168,41,173,51,53,312,313,317,189,319,68,70,198,199,71,201,205,207,81,86,215,87,88,217,94,225,229,249,109,116,117,119,121,250,251,253,127
257,258,3,259,5,264,265,13,269,270,17,26,282,158,160,32,163,41,51,58,59,64,68,69,198,70,71,205,81,210,213,86,87,88,89,215,225,97,121,98,106,108,109,113,116,117,249,253
0,13,16,17,279,27,158,160,33,32,35,163,42,44,46,304,178,51,55,57,58,62,63,192,65,68,71,73,202,205,80,81,210,84,85,86,87,88,89,90,215,98,229,105,106,108,109,244,116
257,258,5,262,7,10,11,268,270,16,151,282,26,158,32,163,41,51,58,64,68,197,70,198,71,73,202,205,80,81,210,86,215,87,89,90,88,97,98,229,106,109,113,116,249
3,5,265,269,13,142,17,20,282,158,32,290,163,166,168,41,44,174,51,312,189,319,64,195,68,70,198,202,205,81,210,211,86,215,87,88,89,94,225,121,98,229,103,106,107,109,116,249,253,127
257,258,266,268,269,270,16,275,20,277,151,280,158,32,163,51,311,312,187,189,319,194,68,198,199,71,73,202,205,81,209,210,213,86,87,215,89,88,98,109,242,244,116,119,249,250,251
261,7,265,266,269,13,17,275,20,151,155,158,32,163,166,173,51,312,58,316,189,319,194,68,198,70,71,79,209,81,210,213,85,86,87,88,89,221,99,249,106,109,244,117,116,121,250,253,127
135,7,13,269,144,17,146,23,282,27,155,158,160,32,163,42,49,51,180,57,188,63,192,65,194,68,70,71,77,79,81,82,86,87,88,90,92,95,105,106,109,112,114,244,116,121
259,4,263,135,268,272,146,147,20,155,156,158,31,32,163,44,47,48,304,51,58,192,66,196,68,71,74,77,205,81,82,211,210,86,87,88,89,90,215,98,99,106,109,116,119,124,125,255
260,5,7,137,11,142,279,151,158,32,163,40,168,44,49,51,58,187,64,192,68,69,198,71,205,77,79,208,80,81,210,84,86,215,87,88,89,98,106,109,251,241,244,116,121,123,254
3,7,9,11,12,269,143,22,151,280,156,158,32,168,304,51,315,192,194,68,69,326,71,70,330,77,79,208,81,210,214,86,87,88,90,89,99,234,106,109,241,114,116,247,121,251,254
257,258,5,7,264,265,276,281,158,160,32,163,41,44,51,312,58,189,319,322,68,69,70,199,71,73,205,79,80,209,81,210,84,213,86,215,87,88,89,98,249,106,109,242,243,116,121,253,126
256,257,261,263,264,266,269,270,13,20,277,26,282,158,32,163,44,51,58,68,70,198,71,75,203,205,80,81,210,84,213,86,87,88,89,215,92,97,121,98,106,109,242,243,116,248,249,250,253
257,258,262,7,10,12,270,16,153,158,32,167,46,51,55,311,59,194,68,197,70,71,73,329,202,81,210,84,212,86,87,216,89,218,88,91,102,231,106,109,239,116,121,251
135,265,269,17,147,23,155,158,32,168,297,42,50,51,309,182,57,316,192,195,196,68,69,77,206,205,81,82,210,87,88,89,91,92,225,98,99,229,106,109,115,116,248,122,253
258,3,5,262,7,264,265,268,270,276,277,282,155,158,163,41,51,313,314,189,319,194,68,198,327,70,71,205,79,209,81,213,86,215,87,88,89,249,234,106,109,242,243,116,117,247,121,251,253
128,259,263,135,7,268,270,272,146,147,155,156,158,31,32,33,163,42,304,51,57,58,319,192,66,194,196,68,70,71,74,77,79,81,82,211,210,86,87,88,89,90,95,225,99,106,109,116,121,124,125,255
5,11,13,17,26,282,27,158,160,32,163,168,41,42,44,51,57,187,62,64,192,68,70,198,71,202,77,205,208,81,210,86,87,88,89,90,215,92,97,225,98,229,106,109,113,114,244,116,249
257,258,5,262,266,13,17,20,23,282,26,27,158,160,32,163,166,168,44,178,51,58,64,192,68,69,70,198,71,202,205,81,210,84,86,215,87,89,88,92,97,98,99,109,244,116,248,249,253,126
257,258,261,264,265,266,269,270,20,277,276,282,158,32,163,44,51,312,313,58,189,68,198,70,71,75,205,81,210,213,86,87,88,89,215,92,93,97,98,249,106,109,111,242,116,117,121,250,253
5,262,7,264,265,10,270,277,282,28,158,32,163,168,41,51,188,189,63,194,68,69,198,70,71,75,79,81,210,86,215,87,88,90,89,97,225,121,106,109,242,243,116,249,250,253
5,7,264,265,13,269,141,276,282,155,158,163,41,51,312,314,189,319,64,194,68,70,198,71,205,77,79,81,213,85,215,86,87,88,89,94,225,121,98,106,109,113,116,249,122,253,127
261,5,265,269,142,270,18,275,20,158,32,289,163,172,173,44,51,312,313,58,316,317,189,319,68,198,199,71,205,79,81,210,212,86,87,88,89,215,221,94,95,98,249,106,109,242,116,117,121,127
7,8,13,142,144,17,146,275,20,21,23,27,157,158,36,166,168,42,44,304,49,178,51,180,188,63,192,65,68,71,81,86,87,88,92,99,229,105,106,109,112,244,116,118,119,253
2,263,142,18,19,275,147,278,20,281,29,157,159,288,289,158,32,163,168,172,302,51,183,56,68,69,198,330,205,207,79,80,81,210,86,87,88,217,89,221,222,227,106,109,241,244,117,116,118,123
7,10,12,270,16,146,275,20,18,282,155,158,32,163,40,170,173,51,53,189,63,194,68,70,71,73,330,202,201,75,79,81,214,86,87,88,218,89,221,106,109,242,116,117,121,251
258,265,13,142,15,16,275,154,282,158,32,289,163,41,172,44,51,58,316,317,189,319,322,68,69,70,71,72,73,202,205,78,80,81,210,84,213,86,87,88,89,215,225,98,229,106,109,244,116,121,253
258,5,264,265,269,146,282,158,160,32,163,41,42,44,51,312,313,58,316,317,189,319,64,68,69,198,70,71,205,81,210,84,86,87,88,89,90,215,91,225,98,229,249,106,109,116,119,121,253
256,257,258,3,262,7,266,269,270,17,20,277,151,26,27,158,32,163,166,44,51,58,64,68,69,70,198,71,202,205,80,81,210,84,86,87,88,89,215,225,97,98,99,106,109,244,116,248,249,253
258,259,261,264,266,269,270,20,277,158,32,163,44,51,180,312,58,189,68,70,198,71,75,203,205,81,210,213,85,87,86,88,89,215,92,97,98,249,108,109,111,242,243,116,117,121,250,253,127
7,269,144,273,146,17,18,23,155,158,161,33,162,163,42,49,178,51,180,57,63,65,321,194,68,67,70,71,77,79,81,86,87,88,89,92,96,105,106,109,112,114,115,116,117,121
256,257,258,5,262,264,265,266,269,270,13,277,26,282,158,32,163,41,44,51,309,58,60,64,68,69,70,198,71,330,75,205,79,80,81,210,86,87,88,89,215,97,225,98,106,109,116,248,249,253
4,7,266,17,20,23,26,27,28,155,158,32,163,166,41,51,57,58,64,192,65,194,196,197,198,70,68,71,202,205,79,81,210,86,87,88,89,218,92,121,98,227,99,229,106,109,113,244,116,249
257,262,7,266,16,272,277,26,28,158,32,163,37,168,44,51,58,64,68,197,70,199,69,73,202,71,74,205,79,81,210,86,87,88,89,215,120,97,98,231,106,109,113,243,244,116,119,248,249
257,3,11,12,142,22,279,280,158,32,163,40,170,43,42,51,311,59,187,64,68,69,71,73,330,205,77,208,81,210,86,87,88,89,90,98,106,109,251,241,116,119,120,123,252,254
257,258,5,262,264,265,269,13,270,17,20,153,26,282,158,160,32,163,41,44,51,182,58,319,64,68,69,198,70,71,202,205,79,80,81,210,84,86,87,88,89,215,225,98,229,106,109,243,116,249,253
256,5,262,264,265,268,269,270,277,282,158,32,163,41,44,178,51,58,189,319,68,69,70,198,71,75,205,79,81,210,84,213,86,87,88,89,215,97,98,249,106,109,242,243,116,248,121,250,253
259,261,263,265,269,142,274,146,20,18,158,32,289,163,42,44,173,50,51,313,58,316,189,319,66,68,69,198,71,74,330,205,207,79,81,210,86,87,88,89,215,98,106,109,241,116,117,253
0,1,261,265,137,269,270,142,18,275,20,277,281,158,32,289,163,172,173,51,312,313,58,316,317,189,319,68,69,198,199,71,75,205,81,210,86,87,88,89,94,225,98,249,106,109,242,116,117,121
4,7,271,144,20,151,155,156,158,32,163,167,168,169,304,177,51,58,319,192,64,194,323,196,68,70,71,200,75,77,205,79,81,82,210,86,87,88,89,227,234,106,109,242,244,116,117,121,250,251
257,258,3,261,11,269,13,142,270,20,278,283,158,32,163,168,170,173,51,312,189,191,64,68,197,198,70,71,202,205,80,81,210,84,213,86,87,88,89,218,92,225,98,106,109,243,116,249,253
5,264,265,266,269,270,13,20,277,282,26,158,32,163,41,44,51,58,189,319,64,68,69,198,70,71,75,205,80,81,210,84,86,87,88,89,215,97,121,98,106,109,243,116,246,248,249,250,253
2,6,7,265,270,144,145,146,20,155,156,157,158,160,161,164,293,36,167,169,172,173,301,302,175,304,179,180,181,51,313,189,319,194,75,208,209,85,86,87,90,221,249,106,236,242,116,117,121,250,251
258,3,2,135,13,142,270,144,18,20,148,149,26,154,155,157,158,160,161,32,163,166,167,41,172,173,175,179,180,51,181,58,319,64,197,198,70,202,205,210,87,89,218,90,225,229,249,253,127
7,266,13,270,144,18,148,149,282,154,155,158,159,160,166,167,41,171,172,174,175,179,180,51,182,312,185,316,189,319,64,193,198,70,203,75,209,212,213,87,95,121,106,113,242,114,249,250
134,141,270,144,145,148,149,152,153,154,155,158,291,292,293,294,167,295,41,296,171,172,299,166,303,170,301,306,307,179,174,310,175,177,180,184,75,205,226,121,126
259,263,135,9,268,144,274,147,148,149,153,154,155,157,158,160,161,38,166,167,296,170,171,172,174,47,176,175,177,179,180,309,310,56,187,66,195,67,74,330,206,211,99,115,122,124,125,255
5,264,265,13,141,144,145,17,272,150,152,153,282,155,157,158,160,161,167,296,41,42,170,300,172,175,177,50,306,179,180,51,307,314,316,317,70,72,205,87,90,221,225,98,229,106,108,249,253
5,134,7,141,142,144,145,275,148,149,152,154,155,158,160,292,293,166,167,41,170,171,172,173,300,174,175,303,306,307,179,180,310,51,312,184,189,198,73,202,205,87,216,226,229,127
3,4,133,259,137,12,142,271,144,20,148,155,157,158,160,161,290,32,292,167,169,170,43,172,174,175,304,177,179,180,51,310,184,319,323,196,200,330,210,214,87,227,231,234,251,255
258,3,265,11,269,270,16,145,144,148,22,151,150,152,155,28,158,159,32,160,163,165,168,40,42,175,51,180,179,182,187,189,198,71,330,208,87,90,221,225,229,244,117,121,251,253
257,7,10,13,270,16,144,18,20,277,148,26,154,155,156,157,158,160,161,163,166,167,41,172,173,302,175,179,180,181,51,312,319,64,194,198,202,209,81,213,87,217,90,89,225,227,229,242,244,249
2,3,4,13,142,271,144,146,20,148,149,151,154,155,158,160,290,292,293,166,167,169,170,171,172,174,175,304,177,303,179,180,51,310,307,184,319,323,196,200,330,214,87,217,227,234,242,251,255
261,265,144,18,275,20,148,149,24,154,155,157,158,160,289,161,32,163,166,167,170,299,172,173,175,179,180,51,181,312,58,316,189,319,199,205,207,209,210,87,88,217,220,221,94,103,236,116,117,246,118
2,261,142,144,16,18,275,20,281,155,157,158,32,289,160,161,163,39,168,296,167,172,173,301,175,178,179,180,51,307,181,312,316,317,189,190,198,330,207,87,217,221,94,222,236,117,118,121,127
51,261,135,144,146,147,275,148,149,23,154,155,158,287,159,289,160,294,167,296,297,166,171,172,174,175,176,50,307,178,309,182,310,184,312,179,180,316,195,196,206,207,87,88,226,115,122
5,134,7,137,142,144,148,149,152,282,154,155,157,158,160,292,293,166,295,296,41,167,170,172,174,175,306,307,179,178,310,308,180,184,64,70,198,205,225,226,229,106,113,249,253
5,7,265,13,142,144,145,146,18,148,149,154,155,157,158,160,161,167,168,41,42,170,172,173,300,175,50,178,179,180,181,51,312,313,58,316,317,189,65,198,330,205,87,90,221,98,229,110,117,253
4,5,11,13,144,17,146,145,148,149,153,154,27,155,157,158,160,34,293,294,167,296,166,42,297,171,172,301,173,175,174,178,179,180,181,51,55,57,192,65,64,326,77,87,90,229,106,108,253
4,135,142,143,144,146,147,148,149,23,155,156,158,159,160,161,38,297,169,170,44,172,174,175,178,179,180,309,54,310,187,192,195,330,77,206,79,87,92,105,115,244,122
258,3,5,6,264,265,11,144,17,145,16,150,151,152,22,27,155,28,158,159,160,161,32,163,165,168,41,42,175,51,180,179,182,58,63,64,192,198,70,72,73,209,85,87,90,225,229,108,244,249,253
5,134,265,141,144,145,146,147,148,149,150,152,153,154,155,158,159,160,292,293,166,167,296,41,171,172,174,175,177,306,307,179,180,310,305,51,314,205,85,87,90,226,106,253,126
128,3,5,7,265,142,144,16,18,148,24,155,157,158,160,289,161,163,40,41,168,170,172,173,174,175,179,180,309,181,310,51,184,189,317,319,198,330,205,209,215,87,221,225,106,116,117,121
134,12,142,270,144,20,148,154,155,158,287,160,289,292,166,295,167,170,299,172,173,171,303,174,175,177,307,179,180,310,311,308,184,309,202,330,226,231,104,251,124,126
128,270,142,144,18,20,148,149,151,153,154,155,158,32,160,292,293,166,167,41,170,171,172,174,175,303,179,180,51,310,307,312,313,184,189,319,198,75,209,86,87,217,226,249,111,242,116,121,250
261,265,269,142,270,13,145,18,275,273,20,150,151,152,22,30,158,32,289,159,35,165,37,167,168,172,173,44,174,303,175,50,179,52,51,311,316,189,199,73,330,201,207,87,88,89,221,225,229,234,117,121
257,258,3,265,269,270,144,275,20,150,151,152,155,158,159,160,161,34,163,32,165,168,43,175,51,180,179,58,189,319,198,199,73,202,205,209,210,85,87,217,89,225,227,229,249,235,111,112,117,121,251
134,265,141,144,145,18,148,149,153,154,155,157,158,159,160,289,161,293,166,167,41,42,171,172,174,175,305,50,307,177,179,310,180,312,313,51,182,316,317,183,319,198,205,87,221,94,225,226,229
5,134,7,135,141,142,144,148,149,152,154,155,158,160,292,293,166,167,295,41,170,171,172,173,174,175,303,306,307,179,180,310,51,312,184,316,189,318,198,199,205,87,226,98,126
2,4,135,7,144,146,147,20,148,23,154,155,157,158,160,289,161,32,163,38,166,167,297,172,173,302,175,49,178,179,180,309,182,181,51,316,194,195,196,330,206,82,87,88,217,115,244,122,255
2,261,135,265,269,142,181,144,18,275,147,146,155,29,157,158,159,160,161,294,167,41,172,173,174,175,305,50,179,180,51,307,308,56,312,313,58,316,317,184,198,87,217,221,94,227,110,117
134,141,16,144,148,150,151,152,154,155,158,287,159,289,160,291,292,293,163,295,296,167,165,171,299,172,300,303,168,175,306,307,179,51,310,182,180,186,316,166,81,87,226,124,126
128,2,5,7,265,269,13,144,18,20,155,157,158,32,160,161,163,38,167,296,41,298,172,173,175,179,180,181,51,307,189,61,63,64,194,198,70,85,87,217,90,93,94,225,97,229,106,111,117,121,250,253
261,5,142,144,18,275,148,149,278,154,155,158,287,160,289,292,166,167,170,171,172,173,174,175,303,307,179,180,310,51,312,313,184,316,317,319,198,327,199,207,87,217,221,94,226,98
135,265,269,142,144,17,146,20,148,27,155,157,158,160,32,165,168,169,41,297,170,172,173,174,304,175,178,179,180,181,310,51,184,57,62,192,65,64,196,329,74,73,330,77,82,87,88,90,225,227,229,244
134,7,266,144,147,20,148,149,151,152,153,154,155,157,158,160,161,162,35,292,293,294,167,295,166,299,171,172,174,303,175,179,307,180,308,51,312,184,189,319,203,209,213,87,216,239,249,250
129,135,7,269,144,17,146,147,20,23,155,157,158,160,33,32,161,163,167,169,42,172,173,302,175,174,50,179,180,181,182,51,311,57,192,65,194,196,77,87,90,92,225,229,105,112,244
5,7,264,265,13,144,145,148,282,154,155,157,158,160,161,32,163,293,166,167,41,42,172,173,175,179,180,181,51,57,314,58,64,194,68,198,70,75,205,210,87,90,225,229,249,106,108,116,121,253
266,270,144,20,277,148,149,154,155,157,158,160,161,32,163,166,167,41,170,172,173,175,179,180,51,181,312,185,58,189,64,198,70,203,75,205,210,213,85,215,86,217,87,97,249,106,109,111,242,121,250
128,3,266,270,18,20,148,150,151,152,155,158,159,32,162,165,168,171,172,173,175,50,51,311,61,189,63,193,321,198,203,209,81,212,85,86,215,87,217,90,95,104,109,111,114,115,249,250
135,7,144,273,146,147,275,21,148,23,155,157,158,159,160,161,33,163,167,172,173,175,49,178,179,180,181,51,316,63,321,65,195,68,194,78,87,92,105,110,112,115,116,117
261,141,144,18,275,148,149,152,153,154,155,157,158,287,160,289,161,292,293,166,295,167,170,299,172,173,301,171,174,175,50,307,177,179,310,180,312,51,181,184,316,317,207,87,221,94,226,126
259,4,263,268,144,274,18,20,147,146,148,150,151,152,154,155,158,159,289,165,166,167,168,41,42,172,175,50,307,179,51,180,182,56,313,316,62,65,198,74,205,211,87,90,99,110,124,125,255
134,269,144,145,148,149,152,153,154,155,157,158,287,32,160,161,292,293,166,167,296,42,171,172,174,175,50,307,306,179,310,180,312,51,187,316,192,65,326,198,71,330,205,87,221,226
260,135,269,270,142,144,145,146,147,20,19,148,151,155,157,158,159,32,160,161,168,297,170,172,173,174,175,178,179,180,309,51,310,184,192,196,330,77,87,88,90,92,225,227,229,234,110,244,122
5,134,141,142,144,148,149,152,154,155,158,287,160,289,292,293,166,295,167,41,170,299,172,171,174,303,175,306,307,179,180,310,51,312,184,316,198,205,87,226,98,126
128,257,258,129,130,5,131,7,132,133,134,135,136,138,270,139,16,140,20,26,285,286,288,290,291,41,189,318,319,70,198,199,73,202,213,215,87,89,225,229,123,113,249,122,251,124,125,126,127
128,129,130,131,132,133,5,134,135,136,138,139,140,144,17,146,23,285,286,160,288,290,289,291,168,41,42,49,180,56,57,192,65,221,225,229,122,123,124,125,126,127
128,129,2,130,132,131,134,133,135,136,138,139,140,148,152,154,285,286,287,288,290,291,292,293,166,295,299,303,49,307,51,310,56,58,195,87,220,221,226,236,122,123,124,125,126,127
128,129,130,131,132,5,134,7,133,135,136,137,138,139,140,145,152,285,286,287,288,289,290,291,292,293,167,40,41,172,175,306,307,310,189,73,202,208,221,226,229,121,122,123,124,125,126,127
128,129,130,131,3,5,133,7,132,134,135,136,140,137,138,139,16,20,285,286,288,289,290,291,41,43,189,319,64,199,73,202,205,215,225,229,122,123,124,125,126,127
128,130,131,4,132,133,135,8,134,137,11,138,13,139,140,136,17,146,21,23,27,160,289,34,161,164,166,42,44,178,180,57,63,192,65,70,202,77,92,229,105,244,123,127
128,129,130,131,132,133,3,5,134,135,136,137,140,138,139,20,285,158,287,288,289,290,286,291,41,189,319,209,213,217,221,94,236,121,122,123,124,125,126,127
128,129,130,3,131,5,132,133,264,265,134,11,135,13,136,138,139,17,146,140,150,24,285,286,160,288,290,161,168,41,42,314,187,319,198,75,76,205,208,87,90,221,225,229,125,121,122,123,253,126,127
128,129,130,131,4,5,132,135,133,134,136,11,138,139,140,17,146,23,27,285,286,160,288,34,289,290,296,168,42,44,49,178,180,55,57,63,192,65,64,76,77,82,105,108,122,123,125,126,127
128,129,130,131,132,133,134,7,135,136,138,139,140,141,145,152,154,285,286,287,32,288,290,291,292,293,295,167,296,299,171,172,303,306,307,179,310,312,189,87,95,226,122,123,124,125,126,127
128,129,130,131,4,132,133,134,135,136,138,11,12,139,140,17,146,23,27,285,286,32,288,290,291,168,42,44,49,178,187,63,192,326,71,330,77,208,82,214,105,244,122,123,125,126,127
128,129,130,3,131,5,132,7,135,133,266,134,136,13,270,138,16,145,139,140,20,151,285,286,288,290,291,165,173,50,311,189,198,73,202,329,81,87,216,225,229,234,123,239,122,251,125,126,127
128,129,130,131,132,133,134,135,136,138,139,140,141,145,20,152,153,154,285,286,287,288,290,291,292,293,167,296,295,171,172,299,306,307,179,310,186,316,213,87,226,118,122,123,124,125,126,127
128,129,130,131,132,261,133,134,135,265,136,138,139,140,142,273,275,24,285,158,286,288,289,32,290,39,172,173,51,56,313,316,189,317,320,68,327,201,330,205,207,87,221,222,117,122,123,125,126,127
128,129,130,131,132,3,133,5,134,135,136,139,140,137,138,20,285,286,288,289,290,291,163,41,42,189,319,205,209,213,215,221,225,121,122,123,124,125,126,127
128,129,130,131,3,133,132,134,135,136,137,138,140,12,270,139,20,24,285,286,288,289,290,291,163,40,173,49,56,319,330,90,221,222,225,229,251,122,123,124,125,126,127
128,129,2,130,131,132,133,134,264,135,136,7,138,139,140,145,146,24,285,286,158,32,288,290,168,42,49,51,187,63,319,194,330,209,87,90,221,122,106,236,242,244,116,117,121,250,123,125,126,127
128,129,2,130,131,261,132,133,134,265,135,136,137,269,142,138,139,140,275,20,285,286,158,288,289,290,173,49,51,312,313,316,189,319,198,330,205,207,209,87,221,244,117,121,122,123,125,126,127
128,129,2,130,131,132,133,134,135,136,138,139,140,145,146,18,20,24,285,286,158,32,288,290,289,48,49,51,56,316,65,321,68,72,330,78,85,87,221,227,107,236,244,117,122,123,125,126,127
128,257,258,129,130,131,132,7,133,134,266,135,136,137,270,138,139,140,20,277,26,28,285,286,158,288,289,290,37,167,41,51,312,318,64,197,70,199,202,213,87,89,97,240,113,248,249,122,123,125,126,127
128,129,130,131,132,133,134,135,136,138,139,12,140,275,152,285,286,287,288,289,290,291,292,293,295,167,40,299,172,173,303,307,51,310,312,330,78,207,214,87,226,123,122,251,124,125,126,127
128,129,130,131,132,133,3,134,135,136,138,139,140,142,18,20,285,286,288,289,290,43,173,189,319,322,198,199,201,217,221,222,225,121,122,123,125,126,127
128,129,130,131,4,132,133,135,134,136,138,139,140,17,146,147,23,27,285,286,160,288,161,290,296,42,44,49,178,180,182,55,57,63,192,65,64,196,197,76,77,82,92,105,244,122,123,127
128,129,130,131,132,133,2,3,134,135,136,137,140,138,139,18,20,24,285,286,288,289,290,291,163,41,319,75,213,215,217,221,94,122,242,116,121,250,123,124,125,126,127
128,129,130,131,132,5,133,134,264,265,135,136,138,269,139,140,285,158,286,288,289,290,41,50,51,312,313,314,316,189,319,198,199,205,209,212,213,87,98,249,234,242,116,125,121,122,123,253,126,127
128,129,130,131,4,132,133,135,134,136,138,139,140,17,146,147,23,27,155,285,286,287,288,290,296,44,49,178,180,182,55,57,62,63,192,65,195,196,328,77,206,82,105,122,123,125,126,127
128,129,130,131,132,133,3,5,2,134,135,136,140,137,138,139,20,285,286,287,288,289,290,291,41,319,322,209,215,217,221,225,229,236,122,123,124,125,126,127
128,129,130,131,132,133,134,135,136,137,7,138,140,139,270,18,275,20,285,286,158,32,289,290,288,164,173,51,311,312,189,319,199,73,202,75,87,217,221,122,231,123,242,117,250,251,125,126,127
128,129,130,131,132,133,134,135,136,138,139,140,145,20,151,152,285,286,288,290,291,292,293,168,296,40,171,306,179,307,310,186,189,199,201,75,205,208,217,92,226,122,123,124,125,126,127
128,129,130,131,132,133,134,135,136,138,139,140,141,152,154,285,286,287,288,289,290,291,292,293,295,167,41,299,172,303,306,307,179,310,312,56,316,319,205,87,221,226,107,122,123,124,125,126,127
5,262,264,265,9,270,282,27,158,32,41,42,51,314,187,186,189,318,319,191,194,197,70,199,200,201,202,75,205,206,207,208,209,210,212,213,214,215,87,216,92,225,229,249,242,121,250,253
3,133,137,12,142,270,16,19,278,30,158,288,167,170,43,51,311,186,59,187,191,192,194,195,197,199,200,73,202,329,330,201,205,206,207,208,209,210,81,212,213,87,215,216,218,227,231,251,255
257,5,7,264,13,276,26,282,160,41,42,312,314,186,187,189,191,64,192,194,195,324,197,70,198,199,200,201,202,204,205,206,207,80,209,210,208,212,213,214,215,216,89,229,106,113,249,253
261,5,264,266,270,20,158,32,173,51,312,313,186,187,316,189,318,319,191,192,194,195,325,198,199,197,200,201,75,202,205,206,207,208,209,210,212,213,214,87,215,216,221,249,242,116,121,250
257,260,5,7,264,266,13,145,276,158,287,41,51,312,186,187,316,189,318,319,64,315,191,194,323,197,70,199,198,201,202,203,205,207,208,209,210,212,213,215,87,89,216,113,249,253
258,5,134,264,266,282,158,160,32,41,51,312,314,186,187,189,319,64,191,192,194,197,70,198,199,200,201,75,203,205,202,206,207,209,208,210,212,213,214,215,87,216,225,249,121,253
258,3,5,264,270,20,158,41,51,312,314,187,186,189,318,319,191,194,197,198,199,70,72,201,75,202,205,74,200,206,209,207,208,210,213,212,215,87,216,225,249,242,116,121,250
3,7,10,266,12,270,16,145,275,20,151,158,167,51,311,312,186,187,189,191,192,194,322,197,199,327,73,202,329,201,200,205,206,207,81,209,208,210,212,213,87,216,89,215,231,239,251
257,258,266,11,270,16,20,151,158,32,51,311,312,186,187,189,319,191,192,194,197,198,199,71,73,202,326,200,201,205,206,207,81,209,208,210,213,214,212,215,89,87,216,244,249,251
3,137,266,12,270,20,32,167,170,311,312,187,189,319,64,191,192,194,322,197,198,199,326,73,202,327,201,70,205,207,208,209,210,213,214,215,87,89,218,217,231,113,244,121,251
3,5,264,265,269,142,158,289,41,173,50,51,312,313,186,187,316,317,189,318,319,191,322,195,194,197,198,199,201,202,205,207,208,209,210,211,212,213,215,87,217,216,225,245,121,253
257,258,262,266,11,13,16,17,152,282,27,158,160,34,41,51,186,187,191,194,324,197,70,199,72,73,202,329,201,200,205,78,207,208,209,210,212,213,85,87,215,89,216,94,225,229,113,249,253
258,5,264,265,266,9,269,270,20,158,32,42,172,51,312,186,187,316,189,319,191,192,194,197,70,199,200,201,202,75,205,206,207,208,209,210,212,213,214,87,215,216,92,221,121,242,116,249,250,253
258,3,2,5,264,137,270,142,20,32,167,41,51,314,187,189,319,64,191,194,197,198,199,70,201,202,205,207,208,209,210,213,214,215,87,89,90,217,225,121,249,251
258,260,262,264,265,11,17,27,158,32,34,165,41,42,51,57,186,187,191,192,64,194,197,199,328,329,201,202,200,205,207,208,209,210,82,212,213,214,87,215,216,90,94,225,229,238,241,245,123,254
261,134,18,275,24,158,288,289,299,172,173,50,51,312,58,186,316,189,187,191,322,194,197,327,199,200,330,201,202,205,206,207,208,209,210,80,212,213,215,88,87,216,220,221,103,236,245,246
261,142,18,275,20,158,289,172,173,51,312,313,186,187,316,189,317,319,318,191,322,194,67,197,198,199,327,200,201,202,205,207,208,209,210,212,213,87,215,217,216,221,94,96,242,117,121
256,3,5,265,13,15,145,146,150,158,32,34,42,306,51,180,55,314,186,187,191,64,65,192,194,195,197,199,200,201,202,204,205,206,207,208,209,210,212,85,213,214,87,215,216,221,234,239,112,253,127
265,9,145,146,288,289,40,168,42,49,307,56,186,187,316,189,63,192,319,191,194,195,197,326,199,200,201,330,202,328,205,206,207,208,209,210,212,213,214,215,216,87,92,221,229,105,236,117
257,258,3,5,7,266,13,26,158,163,41,51,312,186,187,189,191,64,192,194,195,324,197,70,199,198,200,201,202,205,206,207,208,209,210,212,213,215,87,89,216,106,113,119,249
258,3,5,264,265,266,13,145,20,158,32,41,42,51,312,186,187,316,189,319,191,192,194,197,198,199,326,200,201,202,204,205,207,208,209,210,212,213,214,215,87,216,221,225,229,249,253,127
4,135,17,146,147,148,21,23,281,27,155,158,159,38,176,304,178,51,183,56,57,186,187,191,192,65,194,195,197,199,200,201,202,205,206,207,208,209,210,211,212,213,87,215,216,227,125,255
2,132,261,135,18,275,274,19,278,24,158,288,289,290,38,173,302,301,305,51,53,186,187,191,192,194,197,199,200,201,202,205,206,207,208,209,210,212,213,87,88,217,215,216,221,222,103,104,117
3,5,7,13,142,269,17,18,146,20,158,290,41,51,182,312,186,187,316,189,318,319,64,65,322,191,194,195,198,70,197,199,201,202,205,207,208,209,81,210,211,213,87,215,221,106,107,127
257,5,7,264,13,276,26,282,158,160,32,41,51,312,314,186,187,189,191,64,192,194,195,197,198,70,199,200,201,203,202,205,206,207,208,209,210,212,213,214,87,215,89,216,229,106,113,249,253
128,2,259,4,133,263,135,268,146,147,274,155,156,158,31,33,289,48,304,51,186,187,191,192,66,194,196,197,199,200,201,74,202,205,206,207,208,209,210,211,212,213,87,215,217,216,99,124,125,255
261,274,18,275,24,29,158,289,299,172,173,302,305,50,51,183,58,186,316,187,191,320,194,67,197,198,199,201,202,205,207,208,209,210,80,212,213,215,88,87,220,221,94,96,103,117,246
257,262,266,13,270,16,17,20,26,158,163,168,51,186,187,319,64,63,191,321,194,197,70,199,329,73,75,202,201,204,205,207,208,209,210,212,85,213,87,215,217,89,90,216,225,229,249,250
2,266,270,20,277,151,158,32,51,312,186,187,189,319,191,192,194,195,197,198,199,200,201,202,203,75,205,206,207,208,209,210,212,213,85,215,87,217,89,216,249,104,235,109,111,242,121,250
261,134,7,270,145,275,20,158,289,167,173,51,311,312,186,187,316,189,318,319,191,192,322,194,197,199,200,73,202,201,72,205,206,207,208,209,210,212,213,87,215,216,221,94,236,249
3,5,142,16,18,275,158,289,172,173,51,312,313,186,187,316,317,189,319,191,192,322,194,195,197,198,199,200,73,202,201,205,206,207,208,209,81,210,212,213,87,215,216,221,222,229,121,127
2,13,142,269,146,275,20,18,158,290,166,41,53,312,313,59,316,189,187,319,191,321,65,322,68,194,198,197,326,199,201,202,205,207,208,209,210,213,214,215,87,92,221,103,107,116,117,127
3,5,11,13,277,280,26,28,34,164,41,314,186,187,189,191,64,192,194,195,324,197,326,198,199,200,201,202,328,205,204,206,208,207,209,210,212,213,214,215,216,90,106,113,243,119,254
128,3,7,266,16,20,277,158,163,168,51,186,187,61,189,191,64,63,194,197,198,199,73,201,203,202,204,205,207,208,209,210,213,85,215,87,217,89,216,93,221,97,225,235,109,111,250
256,5,7,265,13,276,26,282,28,156,158,160,41,51,186,187,189,191,64,194,324,197,70,198,199,328,201,203,202,205,200,206,207,208,209,210,212,213,215,87,216,121,106,113,243,249,253,127
256,257,5,7,10,13,16,17,282,26,28,158,160,41,51,186,187,188,191,64,192,194,324,197,70,199,200,201,202,203,205,206,207,208,209,210,212,213,87,215,89,216,93,97,106,113,249
9,266,270,18,20,151,158,32,51,186,187,189,61,319,64,191,192,194,195,197,198,199,200,201,202,75,77,205,207,208,209,210,206,212,85,86,213,87,217,218,215,216,225,111,240,242,116,117,249,250,127
257,258,7,10,266,16,26,158,167,40,42,43,177,51,311,186,187,188,189,191,64,194,197,70,199,198,73,202,329,201,205,207,208,81,209,210,212,213,87,215,89,218,231,113,119,251
261,265,269,18,275,20,158,289,172,173,51,312,313,186,187,316,317,189,319,191,192,322,194,195,324,198,199,197,200,201,202,205,206,207,208,209,210,212,213,87,215,216,221,94,117,121,127
257,261,266,269,270,275,20,277,151,158,173,51,312,186,187,316,189,318,319,191,192,194,195,197,198,199,200,201,202,75,205,206,207,208,209,210,212,213,214,215,87,216,121,242,249,250,127
261,265,18,275,25,158,32,289,41,172,50,51,56,312,313,186,316,317,318,319,187,191,322,192,194,197,198,327,199,200,201,202,205,206,207,208,209,210,212,213,214,87,215,216,221,94,225,229
3,5,277,158,41,173,51,312,313,314,187,60,317,316,189,319,193,186,191,192,325,194,197,199,201,200,202,205,206,207,208,209,210,212,213,215,87,217,216,221,242,243,116,121
2,261,18,19,274,275,278,24,281,29,158,159,288,289,34,302,305,51,183,56,313,186,187,316,317,191,194,67,197,198,199,201,202,205,207,208,209,210,212,213,215,87,217,216,221,222,94,96,117
259,3,263,135,11,268,146,147,27,158,31,160,41,42,51,55,57,186,187,191,192,66,194,196,197,198,70,199,200,74,201,202,205,206,207,208,209,210,211,212,213,87,215,216,90,225,99,229,124,125
4,135,11,17,146,147,148,23,155,27,158,41,42,176,51,182,183,57,186,187,191,192,64,194,195,196,197,198,199,200,201,202,205,206,207,208,209,82,210,212,213,87,215,216,227,122,125,255
259,4,135,263,268,271,146,147,20,156,158,38,169,304,177,51,186,187,316,62,191,192,66,323,196,194,324,197,200,199,328,201,202,77,205,79,206,207,82,208,209,210,212,213,87,215,216,94,227,125,255
2,261,18,20,158,168,301,173,51,52,312,313,186,187,316,189,317,319,191,192,194,195,197,198,199,200,201,202,75,205,206,207,208,209,210,212,85,213,87,215,217,216,221,94,104,235,236,242,121,250
258,5,265,9,270,17,158,32,289,40,168,42,173,51,186,187,319,192,63,191,194,322,197,199,200,201,202,205,207,208,209,210,212,213,214,215,87,216,92,221,98,229,249,105,244,117,121
137,266,270,16,275,20,158,167,170,173,51,311,312,186,187,189,319,191,192,194,197,326,199,200,73,202,75,201,205,206,207,208,209,210,81,212,213,214,215,87,216,218,231,242,249,250,251
0,2,3,261,12,142,18,275,20,24,158,289,173,51,312,313,186,187,316,317,189,319,60,191,194,325,198,327,197,199,201,202,205,207,208,209,210,213,85,215,87,217,221,94,117,121
3,133,137,10,12,142,16,19,278,25,30,158,288,167,170,43,51,311,186,59,187,191,192,194,195,197,199,200,73,202,329,201,205,206,207,208,209,210,81,212,213,87,215,216,218,227,231,233,251
258,5,7,266,270,16,20,277,26,158,51,311,312,186,187,189,318,319,191,192,194,195,197,70,199,200,73,202,75,201,205,206,207,208,209,210,81,212,213,85,87,215,89,216,229,242,249,253,127
256,3,5,6,264,265,13,15,146,150,151,158,32,41,306,51,54,55,314,186,187,189,191,192,193,194,195,197,199,200,201,202,205,206,207,208,209,210,212,213,214,87,215,216,239,242,243,249,253
257,258,5,264,11,13,282,26,158,160,32,41,42,51,314,186,187,189,318,319,64,191,192,194,325,70,198,197,199,200,201,202,205,206,207,208,209,210,212,213,214,215,87,216,225,106,113,249,253
256,257,264,266,13,276,20,282,26,158,160,41,51,186,187,189,191,64,192,194,195,197,70,198,199,200,201,203,75,202,205,206,207,208,209,210,212,213,85,214,215,89,216,87,97,225,106,113,248,249,253
3,133,137,12,142,270,158,288,32,290,167,170,43,51,181,186,315,187,191,192,194,195,197,199,200,73,330,329,202,201,205,206,207,209,81,208,210,212,214,213,87,215,216,227,231,235,251
5,264,265,13,270,20,158,32,41,51,312,186,187,316,189,318,319,64,191,192,194,195,197,198,70,199,200,201,75,202,205,206,207,208,209,210,212,213,214,215,87,216,225,229,249,242,121,253
261,270,275,20,277,158,289,173,51,312,313,186,187,316,317,189,318,319,191,192,194,195,325,198,327,199,197,201,202,200,205,206,207,208,209,210,212,213,215,87,217,216,242,116,121,250,127
257,258,3,5,262,134,11,13,16,17,145,158,34,41,42,51,186,187,191,64,319,194,324,197,70,199,200,73,201,202,75,205,76,72,207,208,209,210,212,213,215,87,89,216,93,229,106,113
2,261,269,18,275,147,20,151,24,158,32,289,39,173,301,47,48,51,312,58,187,316,189,191,192,194,323,197,199,201,330,202,205,207,208,209,210,213,214,215,88,87,221,103,244,117,246
3,4,133,259,137,138,12,271,25,158,290,163,167,170,43,304,177,51,186,315,187,189,191,192,194,323,195,197,199,200,201,74,202,205,206,207,208,209,210,212,213,214,87,215,216,218,91,231,237,255
133,5,265,17,25,158,32,35,41,42,51,186,187,319,192,64,191,194,195,197,198,199,200,73,202,201,205,206,207,208,209,210,212,213,214,215,87,217,90,216,225,227,229,103,238
5,7,265,11,151,158,32,168,42,51,182,57,186,187,189,319,192,191,194,197,326,71,199,201,330,202,77,205,207,208,209,210,213,214,215,87,90,225,229,234,244,251
2,12,269,142,18,19,146,20,275,24,282,158,32,289,290,170,172,173,51,313,187,189,191,192,194,67,197,198,199,71,201,330,202,205,207,208,209,210,213,214,215,87,221,222,96,227,244,117
128,2,3,12,145,18,275,20,22,151,24,32,163,42,173,51,312,187,316,189,319,191,192,321,194,63,197,198,199,71,201,330,202,204,205,208,209,210,213,214,215,87,221,123,242,244,251
270,15,275,20,277,151,158,41,173,51,312,313,186,187,189,318,319,191,192,322,194,197,199,200,201,202,75,205,206,207,208,209,210,212,213,215,87,217,216,121,242,116,249,250
259,4,263,135,268,146,147,274,275,155,156,158,31,172,304,51,313,186,187,189,191,192,66,195,196,194,198,197,199,201,74,202,77,205,207,208,209,210,211,213,215,87,217,90,99,124,125,255
3,133,137,12,142,18,19,275,278,157,30,158,288,290,167,170,43,51,186,187,319,191,192,322,194,195,197,199,200,329,330,73,202,201,205,206,207,209,208,210,212,213,214,87,215,216,227,231,251
5,264,266,13,270,20,277,158,32,41,51,312,186,187,316,189,319,64,191,192,194,195,197,198,199,70,200,201,75,202,205,206,207,208,209,210,212,213,214,215,87,216,225,121,242,248,249,253
256,257,3,7,266,13,270,16,276,277,158,163,168,41,51,312,186,187,189,318,63,64,191,194,197,198,199,201,202,203,75,204,205,207,208,209,210,212,85,213,215,87,89,216,225,249,250,253
3,133,137,138,10,12,139,271,20,151,280,158,290,170,177,51,311,186,315,59,187,189,191,192,194,195,197,199,200,73,328,201,202,205,206,207,208,209,210,212,213,87,215,216,218,91,231,234,237,119,251
261,270,18,275,20,158,32,289,173,51,53,311,312,186,187,189,319,191,192,322,194,197,326,199,200,73,201,202,205,206,207,208,209,210,81,212,213,214,215,87,217,216,221,231,236,242,116,117,251
261,7,12,142,145,275,20,24,158,288,289,290,32,173,51,311,312,186,187,189,318,191,194,195,197,199,73,330,201,202,205,207,208,209,81,210,211,213,212,87,215,216,221,222,231,236,237,117,251
258,3,5,134,264,265,11,17,20,26,282,158,160,32,34,41,42,51,53,314,186,187,189,319,64,191,194,197,70,326,199,73,200,201,202,205,207,208,209,210,212,213,214,215,87,216,90,225,229,118,253
256,257,266,270,276,277,26,158,32,179,51,186,187,318,191,192,194,195,197,70,199,200,201,202,203,75,205,206,207,208,209,210,212,213,85,87,215,89,214,216,93,97,109,240,113,248,249,250,253
256,257,3,5,262,6,266,13,15,16,277,151,26,158,32,51,54,55,186,187,191,64,192,194,195,197,199,200,73,201,202,205,206,207,208,81,209,210,212,213,214,87,215,89,216,93,97,239,243,249,253
2,261,7,142,18,19,275,278,24,282,158,288,289,172,173,302,301,51,312,313,186,187,316,317,189,191,194,67,197,199,201,202,205,207,208,209,210,212,213,87,215,217,216,221,94,222,96,227,104,117
128,2,3,6,12,145,20,151,24,158,287,32,170,173,51,53,312,186,187,315,61,189,319,191,194,325,197,199,327,73,201,202,205,207,208,209,210,212,213,87,215,217,216,221,223,236,251
3,137,142,18,20,277,158,32,167,51,312,186,187,189,319,64,191,194,197,198,199,70,73,202,201,205,207,208,209,210,213,86,214,215,217,218,87,249,231,116,117,121,251
4,135,9,11,271,143,147,156,158,32,38,168,169,304,177,51,309,186,187,62,191,192,66,323,196,194,197,199,200,328,201,202,77,205,79,207,208,82,209,210,212,214,213,215,87,217,255
