225,739,1062,628,93,1273,1244,285
1282,741,1285,1287,1194,362,1242,1212,1277
740,569,443,572,573
1216,742,497,1173,727,408,889,571
199,872,744,968,844,1046,862
747,589,941,432,437,1212,447
746,1194,43,849,1202,822,663,1212
102,172,749,753,467,789,22,1114,539
389,910,752,594,595,922,990
161,996,171,753,625,691,374,1118,671
652,722,755,756,754,118,851,351
1250,1225,587,718,48,760,893,703
266,588,272,432,53,311,447
747,589,272,1212,86,796,317,734,447
1252,454,808,714,703,794,31,606,639
321,69,40,363,684,718,607
608,771,777,812,115,218,764
448,609,648,1133,1102,1007,438,1048,351
613,806,1194,362,893,718,1212,540
930,164,1258,1170,1268,410,411
614,6,779,972,975,178,885
934,969,976,497,1170,757,1109,1179
804,103,82,758,1278
706,968,201,1130,1197,977,1110,1111,410,411
1272,40,893,718,1202,760,1211,1212,540
1152,579,550,401,913,979,1013,1239,761,799
931,614,873,779,976,828,767
772,292,1198,1263,1075,115,1114,956,254
608,1056,771,611,777,218
448,609,770,616,308,884,668
768,1218,741,422,241,1266,125,350
32,1031,1004,785,1174,860,830,223
614,779,972,885,313,828,767
1056,771,611,777,204,917
1279,991,773,561,761,442,799
110,1007,495,118,791,1208,1209,826,1182
1282,773,1285,172,109,789,952,1277,1279
419,837,1032,1259,1261,433,787,1177,893
1217,394,206,271,399,786,794,796
356,1222,231,24,1211,1117,798
1217,1193,718,399,271,794,796
231,1211,57,795,1117,798
206,271,399,304,786,794,831
801,227,613,806,72,360,683,785
802,425,777,753,305,247,665
121,552,106,1003,401,727,761,799
800,67,230,841,778,972,917,956
292,263,809,396,526,533,408,473,475
1218,810,362,1234,661,1148
1218,613,806,51,822,1083,1212
1088,808,845,13,269,760,729,1211
1249,1218,775,683,236,816,1168,954
1217,206,1233,821,317,382,447
357,811,589,784,209,1242,1083,1212
418,194,549,329,814,847,55,412
609,993,1238,827,444,637,575
1281,229,873,436,1210,828,1150,767
613,806,244,822,1083,1212
1122,260,875,371,566,825,442,283,1085,862
613,669,362,1290,269,303,604,349
960,864,640,609,738,585,586,730,671
259,580,583,366,276,1109,54,918,670
708,1096,1066,1068,173,885,727,667
739,682,14,1039,718,662,665,794,255
420,682,906,848,597,1208,1180,894
608,743,680,204,1075,534,55,310
322,281,685,626,693,1205,1113,445,543
259,69,107,684,654,686
674,1219,1220,621,118,342,406,1119
672,1030,297,267,811,206,304
609,678,908,1133,627,1238,759,441
675,69,840,107,684,654
131,268,112,401,690,29,980,601,605
227,1124,691,693,918,309,760,666,700
1248,1064,940,943,497,692,727,1112,30
259,675,107,684,686,654
960,640,715,687,657,725
161,645,872,815,688,977,211,631
1113,801,322,173,689,693,280,153,543
267,143,723,919,792,697,1051
1190,711,428,237,1011,120,699,254
644,884,887,890,701
1284,966,1286,841,657,1206,702,1183
641,1282,1285,1287,203,693,886,187,1277,543
288,0,745,625,694,631,1021,1279
704,1092,1039,213,696,954
933,294,1063,679,712,968,409,379,318
710,326,44,1199,336,627,435,179
708,679,1192,233,173,374,950,1113,667
705,1121,967,392,666,604
704,1093,372,373,1080,1084,1055
619,1259,430,119,1207,893,703
1220,361,110,754,851,755,406,826
1034,720,976,978,375,1179
322,612,613,588,269,719,822,918,1212
1252,1032,1261,1207,1272,1177,90,893,318
69,840,40,684,718,654,607
1282,1156,1285,1287,716,1232,1266,1277
1284,715,687,657,730,702
928,1,4,1226,367,1200,1041,1016
454,1128,777,714,1232,882,606,703
802,425,305,247,728,665
322,356,8,1067,918,280,729,666
649,875,726,983,920,731,93
677,748,623,115,534,727,310,1275
899,324,327,242,724,693,346,187
960,1284,618,715,687,657,725,730
346,1007,722,754,629,438,1016,1210,351
290,682,906,1037,1073,723,920,697,638
737,646,746,1201,306,659,661,1212
738,5,585,586,695,730,634
996,1128,1140,1236,1207,1177,31,734,703
454,487,587,623,1265,657,305,412,735
673,738,1284,1286,1040,1073,629,733
864,1284,1286,874,715,657,725,730
1283,132,456,142,401,980,732
736,643,709,1100,720,122,894
736,98,290,709,745,1020,46,946,1244
845,685,240,626,693,918,281,445
1248,1195,143,178,628,1274,1244,797,351
677,812,1037,1230,623,727,1275
1121,967,392,624,666,604
640,864,1027,1286,1100,629,634,415
418,549,744,745,1258,1132,878,636,1149
1186,968,681,844,625,853,1046
257,1125,421,23,632
866,617,841,11,428,809,1073,1213
835,1286,618,874,1106,883,1206,1183
485,621,625,883,342,698,730,638,671
0,869,622,943,368,1169,915,694,127
1252,619,331,1261,119,893,703
481,677,679,520,620,13,187,543
1218,1155,355,1159,1167,659
448,770,648,906,1102,944,656
1184,1190,137,1132,655,120,218,1020
323,69,840,107,684,654
1056,970,558,270,821,662,665,764
515,810,362,1234,20,661,22,535,1148
193,963,549,781,879,660,916,1208
676,645,935,880,211,631
736,643,707,709,1100,122
1088,641,1127,169,685,175,1168,280
1124,606,823,309,1111,731,957,638
352,384,358,650,1163,25
833,614,648,396,1102,1169,1009,593
864,9,1100,687,721,723,629,697
1187,649,875,726,983,920,93
2,37,968,232,1046,1111,410,411,1215
935,874,907,1043,1206,854
962,869,1158,1195,12,799,93,1183
1289,1194,362,1290,13,235,1232,187,1212
640,1284,1286,687,1040,657,695
968,744,844,1046,862
290,738,1045,629,1016,1210,733,1023
738,585,586,730,634,415
968,1130,466,1110,1111,410
484,133,968,1130,17,1110,1111,410,411,1215
6,614,972,975,178,859,863
1034,720,976,978,375,1179
1154,70,967,392,1290,49,604
640,292,1255,839,1228,1011,854,93,1183
964,872,878,1108,1017,924
928,962,5,1158,1226,620,973,1041,927
1252,1256,439,1272,893,318
1250,1260,1261,787,1207,1177,893,703
608,611,771,777,812,1198,917
871,1262,1264,819,856,959
1157,334,1233,1266,1205,317
100,1255,1228,814,789,952,1114,412,765
224,37,871,1262,1264,856,959
929,1253,6,1223,436,1115
448,1249,741,1194,362,816,216,729,445
290,707,262,468,117,533,58,1276
804,103,82,758,1278
260,773,552,625,371,799,761,1114,1279
1280,1089,1061,1070,1111,1213,351
35,293,652,369,851,342,1182
1219,652,851,406,118,1274,1182,1119
1282,68,1287,1233,1205,1277,382
962,869,1158,839,973,942,93
1284,934,1288,77,1073,1209,634,1150
930,1258,878,976,720,1170,1171,1108,1268
1217,1282,1287,941,1233,1205,1206,317,1277
1157,616,783,1266,306,1202,1242,1212
161,1282,1285,677,613,776,1287,1277,511
389,911,658,595,602,922,990
744,968,1130,844,1046,862
451,975,464,1199,178,1267,16,538
776,1194,784,1076,1271,1244,797
1248,640,290,673,770,647,1014,634,764
290,1219,1220,621,118,1182,1119
1218,102,264,362,1234,306,498,535,539,1148
1216,676,718,1235,211,854,631,408,1183
1217,206,271,399,786,382
162,1130,815,410,977,1111,122,411,479
99,361,909,911,594,826,1214
929,6,1223,436,1115
929,1253,6,614,1223,436,1115
1282,1285,1222,1287,1232,1233,1277,126
674,1220,838,621,343
899,934,903,1160,1224,398,1199,599
608,418,611,194,812,1198,310,55,1114
292,772,1196,1230,531,957,254
355,805,1194,43,849,663,1242
806,746,43,306,1202,822,663,1212
795,225,1287,808,231,109,310,55,1211
1281,934,18,55,1210,828,1150
1034,976,720,978,1179,124
1282,1287,297,1233,1266,1205,1277
1218,612,1157,1189,1194,306,1266,86,1212
1218,1194,1006,1167,1234,306,661,1148,349
1157,1189,589,1006,1212,437,1148,349
834,1189,272,53,86,796,447
935,874,907,1106,1043,854
197,1190,655,120,699,1020
320,101,1288,184,1178,348
290,1219,361,118,1182
257,421,1125,1065,23,632,1086
965,1126,782,948,347,60
674,1219,1220,118,406,1119
1121,967,392,402,1077,666
1129,1002,841,908,874,244,408,121,446
36,293,396,1135,80,594,915,1182,1214
704,1127,423,236,814,245,86,409,445
872,744,968,844,815,976,1046,862
1282,707,1285,1287,1128,1277
1252,1254,1032,619,1261,1207,1177
1218,1194,849,1234,306,1148,349
1282,1285,1287,1232,1205,252,1277
0,1226,942,1014,1049,93,927
771,1189,614,172,1196,1230,115,1075
899,931,934,1224,44,463,178,124
2,706,1197,815,977,1268,410,411
96,961,676,454,1225,587,48,440
225,836,1227,718,314
835,334,974,1232,1233,1266,630
674,738,970,621,1073,662,1016,1213
966,488,841,42,1037,1102,656,218,764
960,640,874,618,1040,1106,883,1183
679,717,1072,950,345,954,1053
1220,1102,944,656,788,725,697,1051
322,200,268,338,693,918,760,281
994,838,908,911,1007,594,659
1284,1286,1040,657,695,1209,702
899,931,934,903,627,1150,95
899,903,1160,1224,264,463,599,124,1150
682,906,780,273,723,792,763,894
1163,1164,1069,1166,25,889
487,231,169,874,558,302,886,854,700
771,1124,777,1037,404,888,793
835,1221,974,882,1204,1206,630,792,989
581,584,852,567,1241,574
864,960,1284,1286,1040,1137,698,702
1218,1006,849,1234,306,661,349
576,560,850,825,761,283,223
1272,808,426,845,685,760,280,1211
229,6,847,976,978,82,758,1179,1278
321,69,840,40,107,718
800,1124,932,1126,773,841,778,239
836,964,934,1224,1227,627,1150,767
1220,838,1143,343,1209,1245,1182
968,1130,844,815,1046,1111,862
357,266,810,304,661,831
834,612,362,215,1242,1212,540
390,391,72,1076,950,25
739,1062,777,115,1075,789,1244,285
795,356,1222,231,24,1211,1117,798
1285,550,777,812,814,1013,793,761,1114
361,909,911,368,1045,826,637,990
896,427,173,558,1039,657,338,696,861
1060,13,269,912,1011,892,1117,798,1151
715,143,751,687,657,697,1051
672,1030,267,399,304,1206,447
1029,71,265,1005,528,309,862
2,706,968,1130,1197,815,977,1268,410,411
832,0,1194,589,1233,1242,1212,317
709,638,1265,823,1273,1021,702
418,999,1130,1034,14,720,246,375
864,1027,485,648,687,634,415
1248,325,1001,276,284,1023
1024,833,1286,1040,1010,1018
963,1286,49,818,1012,629,953
583,615,1004,596,1015,568,1017,985
1218,1006,849,1234,659,661,1148,349
748,237,1008,177,310,88
993,911,594,1238,667,637,575
994,1092,267,908,1133,1007,594,438
859,614,1034,1258,976,720,978,1179
996,1259,430,1207,1177,90,734,703
673,385,833,106,1002,1009,593,826
1187,649,875,726,983,920,93
153,233,301,79,150,984,1113
227,233,207,1232,886,1113,988
609,514,841,1131,1137,1176,731,895
992,801,38,198,1160,1231,1168,341
706,1123,420,1197,210,597,249,1180
1120,421,901,723,758,891,60,895
1185,642,161,516,839,73,695,698
1187,935,874,907,726,731,668
1059,1192,843,782,1047,829
673,833,1002,559,1009,593,826
1282,677,1285,1230,1075,115,727,1278
418,835,739,709,677,874,883,854
677,748,623,560,727,1114,1275
964,872,878,1108,1017,924
1219,652,851,118,406,58,1182,1119
1124,168,265,874,309,854,700,1183
161,709,70,807,325,206,304,625,983
160,709,30,151,217,122,509,158
385,1284,966,1286,267,1100,751,687,415
1157,616,43,783,1201,1266,849,659,663
98,642,293,969,106,408,1209,1183
1059,1192,843,782,1047,829
1252,1254,1032,1259,430,1207,1177,703
2,706,484,458,1130,815,688,977
163,968,1130,1110,1111,536,410,411,92
835,935,874,1106,1043,883,1206,854
1193,76,206,271,821,317,989,382
929,609,1284,1286,872,906,1176,731,93
1187,1263,1041,1203,726,731,668,93
1185,642,516,839,73,106,121,698
131,504,238,1136,112,600,1146,1116
1124,1029,71,265,528,309
1034,976,720,978,1179,124
928,1158,973,1200,346,93,254,927
967,392,1064,489,683,1077,184,666
194,771,805,777,1194,43,1005,1242,220
1284,1286,494,1040,695,702
0,928,483,1041,465,1049,927
773,777,1037,115,404,888,793,285
194,418,1130,1034,14,720,55,246,375
896,963,904,818,1208,249,635
879,1235,249,346,635,1180,861
0,928,1226,1041,1049,93,927
865,3,938,1044,313,863
1187,1221,869,1228,1041,1204,254,1183
896,904,249,346,635,62
2,163,1130,466,1110,1111,410,411,92
1185,642,121,293,106,408,1209
418,1034,720,976,978,375,1179
418,1187,1221,869,1228,1204,1183
928,0,1200,1041,1016,93,927
418,3,194,1029,265,938,299,310,55
419,1254,1259,1261,119,1177,90,893
776,269,1231,464,1141,822,669,126
933,1254,1032,1256,439,1272,1177,318
2,968,815,977,1046,410,411
1252,1259,1261,1207,1272,1177,893,703
512,706,130,1130,1197,1110,1111,410,411
962,869,1158,973,942,1273
512,706,2,130,1197,1110,1111,410,411
936,817,881,1048,1050
2,706,1130,1197,815,977,410,411
546,1103,403,1174,599,154,219
936,881,817,1048,1050
34,614,1191,1258,45,878,1171,860,639
1216,384,676,805,293,407,408
1187,1263,1041,1203,1204,731,668,93
512,706,130,295,1110,1111,664,410,411
1184,418,1124,265,309,700
1185,903,957,1265,698,668,1021,735
962,869,1158,839,973,942
1187,907,1228,1263,407,731,668,93,1183
936,881,817,1048,1050
928,0,1200,1041,1016,1049,93,927
1095,679,1078,950,376,345,954
546,219,818,1174,154,123
289,931,614,873,15,975,828,767
1185,642,516,292,839,106,1048,698
1153,932,6,972,975,1042
928,1200,1041,1049,93,927
1221,1228,1263,1106,883,1204,407,1183
161,122,1130,815,410,977,1111,279,506,411
962,869,1158,839,973,942,1270
896,546,219,1103,1174,154,123
545,879,1235,249,1180,861,94
199,968,844,815,1046,1111,862
2,484,37,133,968,17,1110,1111,410,411
3,1124,168,309,854,630,1183
67,420,906,1179,1197,339,597,315
227,169,777,429,749,816,245,346,827
2,706,1130,815,688,977,410,411
513,706,484,745,212,122,60,1215
1254,1032,1261,1207,1272,1177,893
896,963,818,1011,1208,249,861
1218,1157,775,1006,849,1234,306,661,349
161,2,122,1130,458,815,410,1111,506,411
418,771,777,1130,1136,115,1110,89,346,1116
1187,292,1228,1263,912,1151,1011,892,93,1183
935,874,907,1106,883,1206,854
835,935,874,1106,1043,1206,854
1056,611,777,204,917,956
2,706,1257,1197,815,977,1268,410,411
962,869,1158,839,973,942,1041,1273
1059,1192,843,1047,829
928,1200,1041,1016,1049,93,927
3,265,938,972,975,309,859,926
161,122,458,1130,815,410,1111,506,411
1185,642,293,73,106,267,408,1209,698
652,1135,369,851,118,342,58
389,909,110,910,752,595,851,1214,990
194,100,812,109,660,789,310,55,952
930,1258,1170,1268,410,411
963,707,108,1197,718,818,628,1208,1274
259,69,107,684,654
704,520,1163,632,114,280,954,349
870,905,878,593,113,49,1073,1213
131,238,1136,112,600,601,1146,1116
866,772,877,846,111,403,54
320,101,1288,1265,1141,1178,348
33,100,1230,789,534,1114,412,765
99,1220,1260,110,911,922,1214
936,881,817,1048,1050
1185,642,293,106,267,408,1209,1183
704,227,328,105,777,338,245,604
1184,418,104,1001,651,1132,81,413
804,103,82,758,1278
1059,1192,843,782,1047,829
129,257,280,1028,650,632,1078,376,1113
131,238,1136,112,600,601,1146,1116
233,1161,204,141,753,1174,311,442,126
448,289,770,548,261,74,622,127
135,457,268,78,338,83,287
930,968,1130,1197,977,1110,1111,410,411
486,136,141,464,918,538,606
1283,132,773,456,1130,142,732
293,134,935,74,267,883,854,408,121
419,433,119,90,893,703
197,1190,711,428,49,120,1180
262,652,621,851,117,475,1276
290,1219,1220,118,1182,1119
931,1224,178,1267,1179,124,1150
422,234,241,125,350
579,550,807,371,761,1013,121,283,223
736,709,199,30,217,122,411,158
1248,225,578,739,100,808,173,21,952,88
257,66,1249,194,612,1094,632,29
323,451,69,675,107,684
640,67,709,966,778,372,1045,374,1081,1244
390,391,646,72,423,213
480,70,231,1288,302,1267,825,571,190
2,706,75,410,977,279,506,411,479
1284,870,1286,905,906,364,1040,657
548,485,935,74,494,1208,283,1180
384,362,1069,497,885,727,56,667
1248,192,196,436,1109,55,1210,1115
1249,705,709,362,1234,1212,59,1148,607
679,72,233,1197,950,215,1113,954,57
248,200,233,109,600,601,1146,59,61
965,1126,782,948,347,60
64,2,39,872,210,855,27
613,72,777,427,173,950,667,221,63
834,646,72,1194,849,1202,437,1212
1186,195,771,549,968,777,85,1046,346
266,272,432,86,311,447
109,1230,177,789,310,952,88
1184,418,1001,1132,115,276,1111,346,375
1284,713,1097,267,1071,695,1207,731
419,1252,1254,1259,119,439,1272,90
480,356,231,777,302,338,340,886,91,190
544,899,903,531,507,446,95
96,612,1127,683,115,692,378,190
960,97,705,525,16,1073,1169,1173,1149
1193,395,76,397,26,381,382
547,1156,102,1288,264,77,534,539,348
67,268,78,83,698,287
153,79,150,984,1113
481,290,293,517,1135,80,1045,535,826
1184,104,1001,878,81,1105,860,830
804,103,82,758,1278
135,457,268,78,83,287
1161,1162,683,1168,1141,760,666
992,38,198,492,208,178,562,341,885
352,358,1163,1164,1166,889
898,195,968,299,844,1046,442
1155,646,1159,811,1167,659,311
194,418,324,549,265,748,310,55
1095,72,1161,1162,489,1168,126
192,1184,418,194,324,55,310,375
193,804,70,781,916,340
457,268,173,78,338,83,221,287
771,454,777,683,302,338,378,190
770,809,1002,1037,1232,531,788,732,189
1155,70,1159,1161,1162,1290,1167,1168
1184,548,1132,209,19,21,312,188
1145,230,913,979,1237,566,121,991,283,223
1113,322,620,693,918,281,187,543
358,1163,1164,1166,25,889
1061,1127,207,1231,693,1141,886,186
994,1155,1159,1167,659,447
1121,967,392,624,1077,184,666
804,103,82,185,1278
449,843,1266,1047,949,183,1212
1113,487,169,180,532,245,984,153
1164,1165,1166,373,889,667
992,323,196,198,181,1174
1153,709,838,1191,329,689,625,541
801,487,200,233,491,242,216
834,612,1157,362,147,215,540
679,72,717,338,213,954
641,1186,106,778,625,501,664,285,638
964,1134,757,182,214,1208,985,924,639
1153,866,964,1191,877,111,1108,1175,924
676,645,631,907,211,407
416,742,844,1169,1173,1046,924,895
709,966,300,1196,210,178,475,1212,671
448,1219,1169,1173,759,827,444
707,1100,1037,751,209,533,312,1020
869,208,1041,1200,569,698,572,573,927
1253,520,205,760,691,501,503,280,346
1152,227,169,590,207,982,1239,984,1113
933,1256,439,1272,1177,318
322,452,165,319,203,496,83,693,543
739,1062,784,1076,1244,285
1217,1194,206,399,304,1212,248,1148
355,1194,43,1202,663,1242
2,968,1257,815,977,410,411
1184,1001,1130,1132,1110,375,1111
1056,611,803,777,204,917,764,765
197,1190,428,655,120,1020
704,200,906,491,1232,529,242,216
224,2,37,232,815,977,411,410,155,1215
322,153,301,79,693,984,1113
160,736,258,709,122,647,946,30,634,158
907,1134,182,282,156,1118
1217,292,147,1204,662,1208,540,189
1282,1123,996,5,49,146,539,638
153,79,150,984,1113
521,489,777,683,148,378,190,63
963,905,143,273,85,695,697,1051,732
1283,132,456,682,142,732
359,553,554,555,234,46,145,274,252
65,452,518,327,144,116,693,1113,62
676,645,631,874,883,854,407,408
1219,838,139,210,1238,922,475,1119
166,138,44,531,470,539
1113,613,486,136,141,464,153,63
153,452,203,140,144,245,1113,1052
102,489,906,235,176,501,502,539,541
677,748,237,177,310,534
35,361,652,369,179,406
514,1131,1137,855,1176,731
931,972,463,178,1267,124,1150
153,1127,173,689,984,1113,221
193,66,777,174,690,51,918,29
1089,1156,1061,169,492,175,1231,1141,543
771,452,454,167,200,777,984,1113
1089,227,771,1061,169,777,245,918
865,418,1258,938,847,976,1171,1267,1179
1056,611,100,172,109,1230,1075,917,952
961,70,524,48,497,468,159
224,37,968,1130,1046,1111,410,411,1215
835,874,1106,883,854,630
160,258,709,199,410,122,411,30
1060,294,233,429,301,245,918,984,795
544,166,138,526,273,470,507,923
613,1094,40,429,785,690,52,23,1087
257,1125,1095,679,1065,950,632,1086
260,807,1098,371,121,283,1085
1090,1091,1028,1096,717,633,1074,345
835,935,874,907,1043,1206,854
1090,1091,1028,679,633,345,954,1053
865,1251,1107,313,859,863
1089,452,1061,169,1071,497,950,543
1088,832,808,616,1066,950,379,1055
771,388,393,777,1067,365,1080
1028,679,1095,1096,1078,376,345
1095,679,1078,950,376,954
129,1090,1028,717,1074,1078,345
1194,372,373,1080,1084,1055
679,1095,950,1078,376,954,1083
129,805,1157,1194,235,632,1212,540
1028,1099,717,338,950,345,1082
954,1097,365,1071,1081,378,383
1248,1102,944,656,792,697,1051
865,418,3,614,938,847,1044
546,1103,1174,154,219
679,1099,717,338,950,345,1082
1114,966,1255,1100,629,122,1020,415
865,938,1107,313,859,863
902,937,940,1104,1107,538
968,1130,1197,977,1110,1111,410,411,509,511
584,574,876,1105,914,860,1149,830
1092,679,1095,1065,1039,1072,696,954,1086
1125,1093,1094,775,696,1052,1087
1248,1281,6,436,885,727,568,1210,828
260,1098,371,121,283,1085
679,1065,1072,950,954,1053,1086
1097,365,1071,1081,378,383
1249,1093,1094,261,377,667,1087
1120,263,651,1172,1243,412,413
137,940,525,468,533,472,1180,1118
292,553,554,237,1037,274,404,793
1184,551,1130,1132,789,375,414
514,872,1131,1137,855,1176,731
963,1134,182,1208,249,827,1215
1282,707,804,745,783,1073,1138,375,1179
1059,1192,843,782,1047,829
355,805,1194,43,362,784,663
355,805,1194,43,663,1242
1121,1058,1064,113,402,1112,377,666
835,548,874,1106,1043,1206,854,1183
929,6,1223,1139,436,1115
1248,929,1153,6,1139,436,1115
32,923,964,1147,813,398,1241,891
891,1147,846,592,1105,1108,54,923,1149
418,934,828,873,972,124,1150
1248,1153,1253,1191,872,329,1139,541
1124,1029,71,265,299,528
1154,392,1290,624,666,604,669
1155,1159,811,1167,659,447
1122,401,980,566,605
929,1253,6,1139,436,1115
1128,882,307,1140,373,1236,734
320,1156,1006,1231,1141,1083,349
968,1130,466,1110,1111,410
644,884,1142,887,890,701
968,1130,1046,1110,1111,410
1248,964,1253,6,436,1115,639
525,912,1011,1019,892,1151
904,41,684,654,592,1174,635,607
196,583,1000,852,1109,567,568,1115
652,1133,1007,369,118,438,1182
579,230,550,1003,913,979,1237,405,1013
1248,964,1000,1160,398,599
325,999,1034,720,276,375
0,1193,1226,395,46,271,1041,1049,381
899,931,934,1224,44,463,178,1267
865,3,938,1107,1044,863
567,1031,1033,1035,876,855
1187,1221,869,1228,1041,1204,254,1183
1184,610,551,1132,276,414
896,904,249,346,635,861
800,193,773,972,781,916,404,797
1031,1033,1035,846,592,54,855,985,1147
897,877,846,596,54,1241
357,646,1167,849,1202,659,53,447
567,1031,1033,1035,876,855
290,359,751,1199,657,16,1267,52,147
576,1038,560,400,570,1022
705,225,451,1097,1071,51,378,220,1215
649,875,726,983,920,731
1024,353,1097,1162,1010,787,1018
546,219,1103,1174,154,123
928,1,4,1226,367,1200,1041,1016
50,569,443,572,573
1024,292,745,1133,1010,695,1018
34,1258,1004,1015,1017,410,411,985
833,593,49,1009,113
192,961,900,549,524,1005,48,468
580,583,615,568,985
1057,1249,1161,1162,13,947,247,986,1247
1056,611,803,777,204,917,764
1121,1058,967,392,402,666
2,968,815,977,1046,410,411
193,962,10,1195,942,1011,1016,346,1213
610,11,751,1073,788,1268,792,953,1149
931,1224,972,463,178,1267,124,767
1090,1028,679,717,1072,633,345,954,1053,1054
1194,372,373,1080,1084,1055
1252,1032,619,1261,787,1177,893,318
902,1134,19,117,375,249,188,1118
930,1258,1170,1268,410,411
322,688,824,20,245,984,153,24,543
224,100,488,1130,500,21,311,155,1215
679,717,1072,950,345,954,1053
257,1125,421,23,632
2,968,815,977,1046,410,411
227,452,327,169,365,338,1081,954,1052,383
1120,610,953,1243,412,413
1089,261,648,1064,727,16,885,1079,1112
196,580,583,1160,615,398,1109,599
1059,1192,843,782,1047,829
130,163,1224,178,18,1267,536,1210,92
1186,195,771,549,968,1046,601,858,28
1097,365,1071,1081,378,383
679,1095,1072,345,954,1053
64,1222,39,1011,436,309,27
454,1128,1164,1165,882,1140,1236,734,31
2,968,1130,977,1268,1111,410,411,509
641,227,901,1127,690,24,281,29,319
385,759,1073,117,343,121,1213
192,356,472,1289,24,58,1117
776,1068,173,365,51,1081,1212,383
609,867,196,939,332,813,598,441,1147
352,358,1163,1164,1069,1166,889,955
1193,394,395,786,26,381,382
909,1070,911,339,1171,315,351
1163,1164,1165,1166,889,25
192,738,519,1070,145,212,856,1210,351
992,613,38,360,808,492,624,760
1121,1058,1064,402,1112
224,2,37,232,968,1046,1111,410,411,1215
257,679,1065,717,696,632,345,1086
840,40,107,718,654,592,318
1088,1091,679,1065,1066,950,633,954,1086
64,835,39,872,815,630,27
388,1028,393,650,1067,373,374,1080
33,292,1126,168,346,1198,623,883,1114
930,706,968,1130,977,1111,249,410,411
32,567,1031,1035,876,431,852,855,985
36,809,396,909,911,915
1113,1089,452,1061,327,1232,760,153
35,361,369,179,342,406,1182
3,1251,614,1107,313,859,863
1113,322,227,452,1063,1231,691,153
449,1059,843,271,949,1047,1177
1191,1258,914,858,860,830
704,450,520,393,620,429,245,632,540
389,909,911,594,595,922,990
323,451,69,675,107,684,654
1113,322,452,327,153,445,543
36,809,396,915,788,826,956
1282,1188,453,1287,1233,1205,1277
769,803,764,611,172,917,790,956
454,583,714,1199,16,1267,1273,989
608,193,781,115,916,956,797
294,455,487,818,501,1174,1238,55,988
416,417,923,219,591,921,891
1283,132,456,461,694,442,732
1026,418,335,820,919,1179
609,814,595,759,824,441,922,990,1119
964,709,647,745,946,1045,924
930,2,963,773,968,49,1208,442
544,416,923,1101,591,921,891,985
50,569,443,572,573
1184,551,1001,1130,1132,720,276,1110
609,263,423,1169,1238,1048,346,827,444
291,939,943,823,925
929,1253,6,1223,370,436,1115
452,685,175,626,693,187,445
673,5,11,171,715,366,113,531,446
272,432,53,311,447
1026,934,124,18,1210,828,1150
448,673,1249,682,49,628,629,953,1274
1059,1192,843,782,1047,829
1153,932,6,779,972,1042,1179
1250,1254,297,783,434,53,119,1207,90
644,884,887,890,701
619,430,433,119,893,703
614,779,972,975,178,562,885
644,884,887,890,701
929,1153,1253,6,1223,436,1115
644,884,1142,887,890,701
710,326,336,1235,627,435,179,1208
1133,1007,1135,438,187,1182
612,1157,746,747,589,1266,437,1212,349
544,546,923,219,507,921,154,891
280,808,1225,1067,440,729,893
933,1256,439,1272,90,318
525,912,1011,1019,892,1151
802,425,305,247,728
1248,418,645,878,880,214,249,346,895
421,424,1065,1066,338,213,632,1086
897,877,846,813,596,54
679,72,427,173,1039,338,950,221
1184,930,898,195,968,1073,1111,1213
389,426,362,718,595,1272,1212,990,703
900,549,872,847,815,692,601,858
619,1259,430,433,1207,1177,703
902,937,940,847,1104,601
928,1158,1255,1226,1041,1011,1016,93,927
544,837,711,428,655,627,507,120,699
833,870,905,1009,593
834,357,974,432,272,659,53,447
905,682,170,906,364,848,49
389,909,911,594,595,658,922,990
32,866,422,492,686,431,1174,598
965,1126,1062,782,948,790,60
610,549,1111,953,1243,413
417,1101,1229,591,921,923
1216,0,407,907,1106,631,408
871,1262,1264,819,856,959
1122,1127,1194,270,175,245,409,442,316
768,741,422,845,241,626,125,350
1219,1220,652,1135,851,118,406,1182
228,390,423,646,72,298,1076,191
859,614,969,873,972,178,757,1179,828,863
417,1229,1101,591,921,507
257,1125,421,424,23
1121,967,392,624,1077,666
1193,394,395,76,26,381
291,939,943,981,823,925
1217,1193,718,399,271,248,796,831
419,718,657,787,119,1177,90
1125,520,393,650,1067,777,365,950,632
1248,325,871,971,1262,1264,625,1111,959
1193,394,395,76,26,380
772,777,878,974,847,404,888,793
35,621,179,885,406,727,1119
1121,1058,967,392,402,727,666
576,560,947,570,566,986,1247
111,403,1108,598,760,891,1181
902,937,940,1104,601
257,387,1028,1095,1161,137,365,950
291,939,943,823,925
386,418,805,454,393,812,1072,954,379
902,937,940,1104,1136,601
385,106,1071,1073,727,1244,1213
291,867,939,943,823,925
384,352,1163,1069,1005,407,955
1121,1058,967,392,1064,1077,184,666
449,357,266,843,1047,949,183,1212
390,391,72,1069,1076,1079,126
390,391,776,72,1076,950,1244
965,1126,948,347,60
388,520,1067,365,1080,1081,1086
100,172,1005,109,917,952,88,956,285
355,679,1194,1067,693,950,1080,954,379
610,549,551,953,1243,413
1097,365,1071,1081,378,383
1028,679,1095,717,950,1078,376
1125,1065,683,632,377,378,1086
1121,1058,193,109,402,1077,951,827,797
1095,393,365,1071,950,374,1081,954,383
1097,365,1071,1081,378,383
1062,807,778,371,1244,957
1193,395,76,26,381,382
1157,941,589,784,1233,317,958,447
1193,395,76,26,381,382
384,358,1164,1069,1166,950,889,955
394,76,26,380,381,382
769,611,803,204,917,790,218,764
780,184,792,697,763,894
800,354,67,841,778,239,249
769,290,784,788,1076,826,764,1182
355,805,1194,43,784,663
1056,769,803,764,765
193,613,8,427,429,689,242,1234,958
608,1056,769,803,115,917,1114,764,765
704,776,1068,173,365,338,51,1081,383
1121,1058,967,392,402,1077,666
450,679,328,105,72,338,954,540
804,103,82,758,1278
869,839,1191,329,907,525,541
1056,769,803,204,218,764,765
608,899,1005,754,115,789,757,346,124,542
260,807,1098,371,121
704,1024,547,708,296,233,685,501,918
355,805,1194,43,362,784,1242
487,263,1258,848,468,533
98,780,792,697,763,894
748,237,623,177,469,310,534
608,1056,769,611,812,115,917,790,764,765
1099,717,338,535,345,474
1056,677,965,969,784,1011,764,797
801,486,136,1067,464,497,277,538,63
1062,999,487,137,530,115,861,1118
32,850,403,54,598,825,891
135,457,268,78,529,83,287
1160,682,398,1199,599,664,510
1113,1089,1061,169,532,245,984,601,316
131,504,112,1136,600,1146,1116
549,40,138,74,178,531,117,921,541
1121,967,392,522,624,666,510
833,870,905,593,1009
389,908,594,595,922,990
231,233,521,777,378,691,148,918,346,508
389,911,559,594,595,922,990
961,844,524,48,85,1110,1111
897,877,846,596,54,985
704,612,520,523,783,816,918,29,255
1184,610,549,953,1243,413
225,515,614,487,1232,760,252
576,762,1038,560,400,565,570
514,195,1031,112,567,601,731,574,223
780,878,914,792,763,894
1090,1186,424,520,691,442,1054,223
963,518,1127,231,233,1197,691,1238,1113
1056,771,803,777,204,218,764
131,238,1136,112,600,601,1146,1116
96,521,683,492,753,691,148,378,508
544,546,219,507,921,891
389,911,594,595,922,990
576,1038,400,560,570,405,762,603
675,408,522,298,139,184,219,510
1154,613,1290,624,666,604,669
968,815,1046,1111,1110,410,411,509
833,870,905,593,1009
1217,296,1234,1266,437,502,407,540
613,616,426,501,1174,503,1244,540
963,868,682,460,530,818,1208
292,677,237,1230,274,115,500,21
867,291,871,140,1262,1264,531,22,539,959
707,325,709,122,872,878,720,946,410
613,681,1232,501,1141,503,540,351
897,866,877,846,596,852,567,1241
113,498,49,753,533,694,246,1208,601
1004,1105,914,1022,891,860,830
930,2,968,1257,458,815,977,410,253
900,549,902,777,814,847,815,858
771,452,487,393,203,173,496,319
968,844,1136,601,116,857,858,862
486,136,235,141,464,497,538
936,881,817,1048,1050
74,267,494,753,859,1180,127
897,583,877,846,596,1175,985
324,748,270,495,339,791,1208,315
1031,1033,1035,876,276,855
963,900,490,879,124,1235,1146,1180
645,199,878,880,1171,339,122,315,924
968,649,875,978,1170,983,1046,726,920
1241,582,840,41,492,852,1174,1208,1017
935,874,1106,883,854
608,488,848,789,21,1208,347,1215
704,1161,233,489,683,457,1168,378
871,971,1262,1264,959
481,129,1028,233,1074,535,474
225,486,136,141,685,631,767
389,361,911,368,788,826,1182,990
480,929,200,233,302,207,691,91
448,770,255,622,827,444,478,127
291,939,943,823,925
1146,968,1258,1110,1046,600,858,476,862
1248,418,610,549,1191,104,745,1132,824
58,389,139,460,533,472,922,475
481,609,520,717,338,535,474
1026,614,934,335,820,919
487,906,848,465,212,533,1208
1258,1036,241,1041,1149,473,861
32,923,964,1033,1147,813,1241,891
963,487,263,848,472,1017,444,637
321,323,69,363,1262,819,1174,599,1241
100,1221,1197,1134,1070,471,952,1118
567,1031,1033,1035,876,855
166,138,44,526,273,531,116,470
871,971,1262,1264,856,959
1056,771,777,237,461,469,310,1215
897,877,846,596,54
609,614,263,178,468,757,885,533
486,136,1162,269,464,497,538,606
2,484,133,968,17,1110,1111,410,411,1215
487,906,848,465,212,533,1208,1180
934,102,264,710,463,178,539,1150
835,874,907,1106,1043,630,1206,854
675,196,599,840,842,654,592,1174,567
1283,132,456,682,461,142,732
1004,985,914,1108,1017,860,830
324,1029,549,969,1130,459,495,981,21
1120,1184,651,1132,1172,1243,412
135,457,268,78,83,287
1248,113,49,628,1209,1274,284,1023
576,121,260,560,825,283,1022,223
706,968,1130,1197,815,977,410,411
739,1062,885,952,1244,285
1184,549,1258,844,1132,814,824,346
288,1216,640,928,676,631,407,698
579,550,401,913,979,561,1013,566,1145,991
135,457,268,78,529,338,83,287
290,1219,361,117,118,1182
1184,771,549,551,681,1132,115
289,1224,969,873,972,178,313,859,863
1152,552,557,1038,982,1239,991
292,1193,237,271,786,695,698,957
835,291,939,925,943,22,823,989,158
928,1,4,1226,367,1200,1041,1016
512,706,130,2,295,977,664,410,411
801,294,1127,236,242,1142,537,890,222
1282,419,1287,1128,297,1233,1205,1277,989
834,1157,296,235,1234,502,1212,540
1124,1029,71,968,299,528,115,1046,952
356,1222,426,173,718,152,87,24,1117
261,166,138,44,494,470,732,127
262,110,814,117,1276,1245
418,454,999,263,563,468,533
899,931,934,264,1224,44,463,178
266,272,304,53,86,757,831,447
672,932,1030,267,881,1206,1148
1186,1028,969,393,875,270,85,249,1179
1217,76,271,399,796,317,447
642,869,1158,839,106,1195,12
974,272,432,1233,86,796,447
97,289,963,614,648,74,273,827,508
801,421,198,294,712,492,275,374,503
448,1249,816,340,277,886,351
931,261,902,6,940,1136,436,278,601,827
1088,632,845,760,280,729,445
1113,153,693,918,984,281,187,445
902,937,940,1136,1011,282
362,651,139,988,495,244,311,1242,1212
581,584,852,567,1241,574
1092,397,1084,399,272,243,885,796,1055
581,582,584,567,1241,574
704,705,487,200,491,242,216
577,578,872,1130,847,1046,151,375
422,234,241,125,350
865,709,872,745,841,844,815,1108,375
580,583,615,568,985
344,271,304,399,248,250,794
544,417,891,1229,1101,591,507
2,325,999,1034,14,720,246,375
581,1031,1033,1035,363,592,855,1241,574
802,934,425,777,367,305,247,665
580,583,615,568,985
1248,641,169,1199,245,757,693,409,187
581,584,852,567,1241,574
962,869,1158,839,1196,973,942,254
740,50,569,443,572,573
227,233,270,245,1143,251,316,1245
740,50,569,443,572,573
610,707,12,1231,784,1141,538,252,989
740,569,443,572,573
1248,619,331,304,119,248,250,794
567,581,582,1160,398,599,1241,571
993,396,1238,727,637,575
259,69,107,684,654,686
160,258,707,709,199,410,30,122,158
577,578,872,847,720,276,1110,1111
257,421,1125,1065,23,632,1086
1249,1093,775,810,523,1168,52,29,255
581,584,567,1241,574
1028,679,72,427,1072,213,950,221
576,260,560,825,283,223
1152,590,563,564,982,1239,1240
1056,771,777,204,218,764
711,1193,759,178,562,1142,887,890,187
614,972,975,178,1267,859,828,863
2,968,1130,1197,977,1268,1110,1111,410,411
1184,194,968,1132,844,862,375,220,414
579,550,913,979,1013,1145
227,679,427,173,950,664,187,1212,319
580,583,615,568,985
1156,228,487,1223,173,1231,1141,760,670
581,584,852,567,1241,574
576,560,401,566,570,1022
225,486,614,1227,718,464,314,1244
224,226,133,968,17,1046,858,28
1152,590,982,1239,1240,1144
34,964,615,976,1015,1017,1179,985
481,517,233,1180,178,501,474,988
995,947,371,566,1145,986,1247
768,234,241,1273,125,350
608,553,554,555,1037,274
229,878,847,976,124,978,1171,1179,828
553,554,555,274,93
70,231,302,784,1168,340,886,1242,1211
553,554,555,1037,274,93
968,1130,844,815,1046,1111,862
418,67,137,841,239,597,249
576,1038,560,570,1013,1237,762
296,491,972,240,848,113,818,501,543
559,911,945,1143,1245
579,550,401,561,979,980,1013,566,605,991
294,236,430,175,816,693,280,445
748,237,1008,177,115,1075
1152,552,557,1038,400,1237,982,1239
38,806,360,492,431,785,341,761
1216,4,359,1226,234,844,46,1049,862
1218,362,1006,784,1234,661,1148
361,911,368,52,118,826,1214,1182
1121,356,1222,1289,24,798
354,234,778,241,667,125,350
352,358,650,1163,1164,1166
357,582,455,264,266,463,467,53,86
929,6,1223,370,436,1115
290,35,1220,1133,1135,369,594,438,342
704,372,373,950,1084,1055
704,372,373,1084,1055
259,582,366,942,1083,1212,93,670
321,323,675,69,363,107,684,654
290,1199,368,16,1267,788,1045,52,1182
962,1158,839,973,942,367
992,198,38,492,1231,341,1141
1220,293,1135,594,851,118,342,1182
1219,1220,838,559,1143,343,1245,1182
1121,967,392,624,666,604
390,391,646,72,362,336,1076
708,1061,200,527,1231,337,691,1141
1028,1099,717,338,213,950,345
1089,70,776,812,497,340,886,120,543
768,354,422,234,241,125,350
609,229,1070,1007,627,214,351
384,352,362,1163,1039,727,667
353,1250,1260,1261,787,1207,1272,1177,893
1248,346,718,847,55,1272,314,1211,893
965,1126,782,948,347,60
320,101,77,1231,1265,1141,348
1218,1006,1234,659,661,1148,349
322,452,327,685,724,693,606,543
326,299,300,336,179,435
837,1032,330,1261,787,1177,893
610,325,999,14,720,246,953,1023
194,611,324,748,1008,1232,338,469
323,69,107,684,654
704,322,203,685,144,1113,543
321,451,40,840,363,592,1105,54,607
320,101,1288,1231,1265,1178,348
1026,901,335,820,919,1244
1217,334,974,1233,1266,317
727,333,113,1073,497,1079,888,1112,667
291,867,939,332,943,823
1252,331,619,119,1272,893,703
353,579,837,330,428,787,734
548,869,329,1041,498,180,541,1118
704,227,328,105,338,86,540
1218,775,849,306,1234,661,1148
353,1128,1131,1106,307,53,734,31
206,974,304,399,271,796,831
1248,425,1230,305,497,727,667
2,706,968,1130,1197,815,977,410,411
1186,195,423,231,302,188,19,825,732
449,259,840,492,366,303,304,1177
1060,426,650,300,588,429,685,245,666
933,1256,1261,439,1272,318
153,165,301,205,275,150,984,1113
334,1233,1266,786,1205,317
832,227,685,845,760,280,729,958,319
1248,225,614,808,1227,660,314,859
67,420,906,1179,1197,339,597,315
357,362,206,272,432,53,311,447
418,297,841,787,19,309,312,188
448,770,519,308,757,827,189
237,1037,177,469,310,55,88
