3,5,133,11,12,22,218,222,30,32,95,35,229,232,234,43,170,237,52,54,59
324,261,262,199,11,269,207,16,87,26,219,28,221,31,40,236,46,303,56,61
3,198,9,12,24,220,29,94,226,293,41,299,43,238,50,313,58,187,317
3,7,12,205,15,18,217,219,221,38,295,41,299,236,46,61,56,57,317
64,194,5,13,218,222,30,32,37,230,231,40,234,44,237,45,303,113,52,54
3,4,330,75,12,207,213,24,223,34,39,233,43,173,239,242,55,312,251,189
0,129,66,5,9,17,21,221,222,159,224,30,230,234,43,45,46,178,54,62
0,1,3,134,12,15,16,17,21,90,27,32,225,36,229,41,238,51,252
198,72,264,9,24,90,220,226,35,293,43,299,238,50,316,313,187,188,317
0,66,5,134,198,8,329,78,281,222,227,230,231,39,233,234,43,237,54,118,59
1,66,323,195,196,5,135,23,155,222,224,228,294,230,234,115,51,309,54,255
1,134,202,13,208,17,213,22,218,27,30,34,35,229,232,42,234,238,54,59,188,319
194,66,5,329,78,214,222,30,224,33,230,234,237,45,51,54,62,190
194,5,197,200,329,10,16,218,222,230,231,233,43,237,238,54
64,194,3,8,12,207,15,213,22,217,218,94,33,227,229,104,232,59,189,255
3,4,5,329,12,24,222,289,34,230,231,233,234,43,237,175,47,239,55,255
194,5,11,78,207,209,21,214,222,30,224,230,234,43,45,303,54,62,319
194,66,5,20,218,222,32,230,231,233,234,235,237,174,113,49,50,51,54
130,66,6,136,141,145,219,221,287,96,97,230,300,236,46,47,61,56,125,127
194,66,5,329,81,216,218,222,160,32,230,231,233,237,303,49,51,53,54
320,198,327,136,9,17,222,224,229,230,41,42,43,234,238,50,313,187,317
0,3,4,329,207,209,210,55,214,216,24,27,34,292,39,233,43,303,239,311,189
129,196,5,7,83,218,154,222,31,230,231,105,234,237,111,240,113,112,117,54,59,190
69,263,264,265,74,72,269,271,81,89,282,283,97,106,241,114,243,123,252
68,5,69,7,75,268,15,271,87,98,104,299,127,305,242,123,188,317,255
194,5,70,262,69,264,269,270,79,87,283,101,104,106,109,243,252,253,254,255
71,8,77,270,269,79,17,81,216,282,27,92,283,32,99,166,105,178,244,253
257,258,260,5,262,71,136,329,77,269,16,84,89,283,32,225,98,229,245,187,127
324,262,198,73,267,269,80,81,275,87,88,93,94,104,109,243,51,246,251
256,257,258,325,261,327,72,7,266,268,15,276,213,215,282,93,291,101,242,247,319
69,264,203,76,269,208,81,84,282,91,283,92,32,97,106,110,114,243,119,248
256,257,258,260,325,262,72,200,277,213,215,89,282,248,97,101,249,245,120,121,122,319
256,260,261,135,72,264,263,75,270,277,85,92,97,121,104,107,111,120,249,250,251
257,194,260,262,263,264,73,75,270,81,214,87,216,89,283,237,303,246,250,251
72,265,264,203,328,208,273,84,277,89,282,91,284,97,41,241,114,308,119,252,253
256,69,72,265,264,203,269,217,282,283,97,99,101,41,114,50,182,119,121,253
264,72,269,80,81,275,277,88,281,282,101,39,106,47,114,51,246,119,120,121,254
194,325,69,75,269,270,81,87,217,89,284,222,98,100,101,104,109,251,190,255
256,69,72,264,202,269,143,271,215,282,283,97,101,106,114,243,254,120,252,190,319
256,257,258,261,72,264,266,75,270,81,277,88,89,93,30,32,35,101,104,44,114,52
257,258,72,264,265,277,88,89,282,93,30,32,97,35,241,116,180,52,248,249,122,253
259,260,75,267,270,15,271,81,213,278,89,287,230,295,104,108,109,114,248,122,251
256,260,72,264,269,271,275,86,89,281,94,39,104,111,47,116,246,248,249,122
256,257,258,261,69,72,265,264,269,277,278,215,282,283,93,97,101,106,243,120,121
257,258,260,262,72,264,265,203,277,89,282,247,248,97,101,112,114,245,119,120,249,122
65,66,259,263,264,266,268,12,211,278,25,232,47,48,241,250,251,125,255
260,69,263,72,264,265,269,270,277,215,282,91,247,96,97,101,243,119,250,251,252
256,66,72,265,264,74,79,277,213,282,90,283,97,103,106,241,50,119,121,253
256,70,263,72,199,266,202,201,213,217,282,92,160,97,100,101,114,120,121,62,319
69,264,267,75,269,270,80,88,89,94,184,287,97,241,51,246,248,249,122,253
66,259,263,74,268,272,274,211,31,99,232,47,48,242,125
70,71,11,269,270,15,208,276,281,283,32,163,100,101,39,47,114,243,121,255
260,263,264,267,75,270,15,271,81,214,89,282,104,250,114,117,248,122,251,255
256,323,69,263,200,269,142,271,81,214,151,87,101,234,43,109,177,114,315,255
66,259,263,74,268,272,211,31,99,232,47,48,116,122,125
69,71,264,265,72,328,77,269,79,273,87,282,97,106,176,241,114,304,308,117,253
192,66,7,268,78,274,211,18,83,82,90,96,102,103,232,41,299,108,47,113,125
73,202,267,269,81,275,86,88,89,281,94,36,39,104,172,111,47,246,251,189
325,327,72,7,75,267,269,207,276,213,86,87,289,292,100,101,40,116,247,121,319
261,69,72,266,269,81,275,277,86,85,87,89,92,93,98,101,109,116,119,120,121
0,1,263,72,264,266,75,73,81,19,84,277,278,281,27,92,94,185,104,111,120,249
71,203,142,210,84,277,279,281,282,91,157,95,97,225,39,104,301,116,117,118
256,69,262,264,11,269,271,16,214,280,216,283,101,234,106,114,243,244,119,254
69,261,198,264,73,204,142,275,85,281,94,159,34,39,245,118,124,253,254
65,194,259,68,5,197,262,200,270,271,86,282,228,108,109,177,243,116,251,255
69,71,264,72,265,269,271,208,81,213,282,283,32,241,114,116,251,253,191
255,69,70,264,11,269,208,84,282,91,284,283,106,43,114,243,119,252,254,191
128,130,131,132,133,136,139,140,285,286,287,123,126
128,130,131,132,133,136,139,140,286,289,290,123,125,126
128,130,131,132,5,134,133,136,139,140,287,289,123,127
128,130,131,132,133,136,201,139,140,207,217,222,286,288,289,290,305,123
128,66,131,259,130,133,263,136,137,138,12,287,289,122,123,125,126,127
128,130,131,132,133,134,136,139,140,286,287,289,290,123,125,126
128,130,131,133,134,136,210,150,215,152,288,291,310,314,123,124,125,126,319
209,81,147,148,214,154,158,292,295,167,170,172,174,303,175,116,310,184,316,189
6,327,209,148,158,160,292,293,294,167,295,296,171,172,173,174,303,175,179,310,184
16,145,208,150,158,293,294,295,296,41,42,299,297,173,174,306,307,179,308,184,315
326,330,207,209,148,214,184,158,292,295,168,299,172,173,174,175,307,179,310,312,189
192,65,195,135,328,206,153,158,293,294,295,296,297,301,177,179,308,307,55,316
203,208,144,151,215,88,155,158,293,294,295,296,297,173,301,178,179,312,186,315,316,189
330,78,208,144,214,90,155,158,160,36,234,298,170,174,303,175,307,179,180,315,316
1,195,206,148,154,92,158,292,295,105,299,172,173,174,175,307,310,184,315,316
141,213,150,215,152,153,157,158,99,167,295,171,300,303,175,177,306,179,319
1,195,71,75,146,158,164,295,104,297,170,168,301,173,302,115,307,179,312,315
65,2,7,144,18,211,146,217,155,157,158,96,164,299,301,302,47,175,304,317,255
330,270,207,148,22,158,288,292,166,295,167,172,174,303,175,305,307,310,184,251
3,197,134,135,11,12,16,146,147,90,155,156,164,169,43,301,302,304,181
3,5,12,142,15,217,154,155,28,222,158,288,170,174,175,305,180,186,251,127
324,202,11,141,208,16,147,150,152,153,160,292,295,300,303,175,177,306,179,190
326,330,207,209,148,214,158,294,295,171,172,174,175,307,308,309,316,184,188,189
192,323,328,330,77,148,158,296,169,172,174,175,49,307,308,309,55,184,57
195,323,135,328,330,206,142,147,155,158,297,170,172,175,115,307,309,182,308,184
148,213,215,152,158,292,295,167,170,172,174,303,175,179,310,184,315,316,319
329,144,209,210,146,213,215,216,23,155,158,292,169,170,171,303,239,175,178,180,311
322,194,204,205,207,209,210,213,215,103,187,312,186,315,316,189,319
66,259,194,195,263,268,205,209,274,211,210,213,215,232,47,48,313,187,124,125
193,191,201,202,205,208,209,210,213,215,152,167,316,314,60,319
322,326,199,200,201,202,207,208,209,213,214,22,24,32,187,312,315,316,189,319
191,198,327,328,203,76,205,208,209,210,213,215,162,165,186,315,316,189,319
322,194,324,328,205,206,14,209,210,213,215,24,217,317,316,315,188,189,319
320,318,322,195,134,202,203,205,208,209,81,210,211,213,215,181,190,319
322,194,324,199,328,202,205,207,209,210,213,214,215,187,314,315,316,319
320,191,194,134,202,203,205,208,209,210,213,215,282,187,318,319
321,193,324,203,204,205,207,209,210,212,213,214,28,171,114,186,316,189,319
322,324,199,200,201,202,327,205,210,211,213,215,217,316,315,188,318,319
194,323,197,199,200,205,209,210,213,215,280,156,222,231,233,237,177,187
194,324,198,328,202,11,203,205,208,209,210,213,215,94,186,187,319
194,68,261,325,327,199,73,266,75,205,209,210,213,87,215,93,242,249,250,187,61,191
192,323,326,200,330,202,12,205,208,210,214,32,235,187,307,53,315,316,189
65,322,191,325,327,202,205,208,209,210,213,214,215,216,315,316,319
192,195,323,196,135,328,330,205,206,210,296,297,307,308,309,182,184,316
194,329,202,11,205,209,210,214,215,216,90,26,234,303,188,189,319
194,323,197,5,200,77,271,85,223,98,228,101,41,177,116,54,246,251,255
69,72,73,81,275,277,86,87,280,282,97,101,237,111,116,246,119,120,121,251
69,72,73,75,267,269,270,81,275,277,87,101,104,109,48,114,246,120,251
0,64,5,134,329,16,19,216,218,230,231,39,43,237,303,54,183,120,59
64,3,8,12,15,16,18,23,90,221,29,159,225,33,227,232,41,42,238,59
322,3,75,12,268,145,223,161,226,35,289,122,232,104,301,242,312,185,250,60
195,6,9,12,15,207,145,18,217,222,287,230,233,59,299,43,238,313,315,317,255
194,66,5,199,200,201,207,217,218,157,222,35,230,231,233,234,43,237
3,4,7,330,12,207,214,24,34,233,43,173,239,47,188,55,312,186,316,189
64,5,329,13,216,218,222,30,32,37,230,231,40,234,44,237,45,303,52,54
194,5,7,16,216,218,222,31,230,231,38,234,42,237,46,48,53,54,56,60,61,190
3,255,5,9,12,213,214,222,32,224,230,234,43,51,54,313,187,319
65,195,135,328,9,77,144,146,211,84,216,102,234,43,238,112,115,180,59,63
66,3,5,23,218,222,30,32,289,224,230,40,234,237,51,54,190,127
194,66,5,197,200,329,222,32,224,37,230,231,234,44,237,51,54
194,66,5,284,222,224,289,32,230,231,234,237,51,54,123,188,190,255
64,5,197,16,21,218,222,162,230,231,233,234,43,237,238,303,113,51,54
66,195,4,67,326,7,79,143,149,214,22,221,38,46,176,48,56,61,62
192,65,135,328,9,76,77,16,24,222,224,296,42,43,234,238,308,55,187
3,4,5,200,137,12,205,24,218,222,34,230,231,233,43,237,47,239,113,55,59
3,4,12,207,16,209,15,214,216,24,34,233,171,43,303,239,47,55,189
64,1,5,134,202,11,208,22,218,27,30,34,35,229,232,234,43,42,52,54,59,190
66,3,5,10,12,18,218,222,289,230,231,233,43,237,238,54,59,188
134,9,202,205,142,215,152,91,157,30,222,224,36,230,40,234,43,45,238,54,314,59
0,1,194,5,22,218,222,30,32,35,229,230,231,232,233,43,237,113,52,54,127
66,5,197,200,137,217,218,222,224,36,230,231,233,234,237,173,113,51,53,54
3,324,4,202,203,213,215,24,223,34,39,233,42,43,47,239,55,186,315,316,319
66,3,263,268,12,16,17,211,25,223,289,225,161,232,42,238,47,48,60,125,127
192,64,3,5,134,263,8,11,12,22,30,225,33,227,165,41,234,42,43,59
0,194,66,5,329,10,279,216,218,222,227,230,167,231,39,234,233,43,237,54,190
5,135,329,73,74,207,16,81,216,222,230,231,233,234,43,237,303,54,59
192,0,4,196,135,79,20,149,27,100,38,39,42,43,238,239,55,62
320,64,198,7,9,204,208,82,222,224,41,42,43,234,59,238,50,313,187,317
194,2,5,135,216,218,222,230,231,43,237,238,113,244,54,59
194,5,197,8,16,17,22,218,222,225,227,230,231,233,234,43,237,238,54,63
64,194,3,5,12,16,218,222,33,230,231,232,233,234,43,237,110,303,238,59
192,5,134,12,142,16,17,22,225,289,230,232,233,234,43,237,238,309,54
66,5,329,216,222,224,228,230,231,234,237,303,51,54,59
66,323,195,196,5,263,135,268,206,272,23,91,155,32,230,232,235,115,51,54,125
5,134,8,329,78,218,222,30,224,227,230,234,43,170,237,45,54,62,59,190
192,64,2,3,5,134,329,12,222,227,230,167,231,232,234,43,237,54,59
66,5,329,78,20,215,222,32,289,224,230,234,44,237,49,51,54,188
66,259,3,4,263,268,211,24,25,34,232,43,47,48,239,55,125,127
1,5,12,143,16,20,22,218,222,289,230,233,234,43,237,238,125,54,185,188,189,190
192,66,5,328,329,79,32,289,37,230,296,234,44,237,49,51,308,54,55,60
2,67,7,135,268,274,211,31,41,42,299,172,47,50,61,125,53,56,57,60,317
5,15,18,21,217,222,224,225,229,230,40,233,234,299,43,238,54,313,317,255
194,3,7,12,15,207,16,18,217,219,221,38,295,299,236,46,48,61,56,57,189
2,5,198,135,200,329,16,216,218,222,230,231,234,43,237,238,303,246,59
192,0,3,5,134,329,202,213,222,227,230,231,39,233,234,43,237,54,313,59,124
3,4,12,207,209,213,214,24,223,34,292,233,43,303,239,47,55,312,186,315,189
192,66,323,195,196,5,135,328,206,23,155,32,230,296,44,49,115,51,309,54
192,67,5,134,202,92,222,32,33,162,230,166,234,237,174,51,54,59,190
194,5,198,200,329,11,141,217,90,26,222,223,39,231,43,300,237,243,118,127
194,66,5,197,200,23,218,222,30,32,224,230,231,234,44,237,177,51,54
64,66,5,134,78,23,222,32,289,33,230,167,234,237,51,54,59,62
194,66,5,329,218,222,30,224,230,231,234,237,45,303,51,54,62
0,2,5,200,329,145,218,222,230,231,39,233,234,43,237,238,303,59
64,66,5,329,218,222,30,224,230,231,234,108,237,45,54,62,59,190
5,74,10,12,207,16,220,222,94,289,226,35,230,295,231,41,299,43,238,54,188,317
5,8,16,22,218,222,227,230,231,233,234,42,43,237,238,54,59,190,63
194,66,319,5,213,215,222,30,32,289,228,230,234,45,51,54,188,317,190,255
0,1,3,5,11,12,14,214,25,26,27,29,222,41,234,43,42,58,59,188
256,261,69,72,265,74,203,269,81,83,84,277,85,89,282,92,97,98,109,114,119,249
256,192,324,69,70,264,202,203,269,84,277,282,91,283,94,97,289,41,106,114,243,119
257,258,261,72,265,264,277,278,89,282,93,97,229,249,106,114,116,119,248,121,122
2,323,69,7,200,76,269,271,81,18,87,217,89,221,223,227,100,104,109,302,177,255
69,198,264,265,72,267,76,269,208,80,277,88,282,97,165,41,106,108,114,51,246,247
256,2,70,199,72,264,266,75,201,268,207,277,217,100,101,104,173,53,120,121
69,72,264,266,269,208,84,277,119,282,91,285,160,97,106,237,49,114,243,247,120
255,69,72,264,266,265,271,81,273,284,289,101,41,114,50,116,119,120,253,254,127
69,70,264,72,269,79,81,275,277,281,282,247,97,165,39,106,47,114,116,119,186,316
256,260,325,263,72,264,73,270,81,277,87,97,121,104,111,48,116,120,249,250,251
256,69,72,264,202,11,269,277,215,87,282,283,97,101,106,243,120,121,252,253,254,319
69,73,202,11,203,16,81,84,276,89,282,91,98,106,42,109,114,115,246,119,251
261,135,72,266,138,85,87,282,92,97,289,101,40,114,178,116,118,247,120,122,187,127
194,259,68,135,200,71,75,271,86,93,99,228,104,177,243,116,250,251,253,255
256,257,69,262,73,75,269,270,271,81,275,214,87,218,107,109,114,246,251,255
69,264,202,205,269,208,84,277,89,282,91,283,157,97,106,241,114,243,119,252,254
256,72,8,77,17,85,21,23,27,97,98,99,164,166,105,41,178,244,116,253
68,70,71,264,79,81,277,214,280,89,282,101,106,43,241,114,116,119,252
256,68,69,71,72,264,265,266,76,12,79,277,86,279,282,97,106,242,116,117,120,121
68,261,262,71,72,266,75,277,86,87,92,95,104,106,111,112,116,120,121,250
68,262,71,72,265,264,277,86,89,282,247,97,249,106,116,119,248,121,122,251
69,198,264,11,203,269,271,208,81,282,283,32,99,101,165,42,43,114,243,182,119,253
256,257,194,258,260,325,262,264,10,270,81,275,277,216,101,172,180,120,250,251,189
195,196,135,328,77,206,269,155,92,32,101,297,41,47,305,115,309,182,122
69,70,71,264,265,72,203,141,269,79,87,282,97,42,106,298,114,243,119
68,70,71,72,265,74,269,277,86,89,282,97,41,106,110,47,116,117,247,248,121
71,72,8,266,75,9,269,275,21,87,27,94,32,99,164,166,105,178,244,253,255
256,3,260,71,12,269,15,80,275,24,89,281,95,32,104,47,51,245,246,122,255
256,264,72,266,75,142,271,81,22,88,89,282,27,30,32,35,105,44,114,244,52
256,71,72,264,75,77,269,81,277,281,282,89,32,289,101,104,178,116,245,248,121,122
71,74,203,77,269,277,119,89,282,91,283,32,97,106,114,243,245,247,248,249,122
324,326,7,72,71,269,14,208,214,282,221,31,32,47,48,114,307,116,53,248,57,60
323,71,200,266,12,77,269,271,15,214,218,283,32,101,104,43,114,244,187,190,255
196,69,8,17,21,23,87,27,99,164,166,105,178,244,182,188,253,63
192,196,68,71,8,17,21,86,23,282,27,92,99,164,166,105,178,244,116,188,253
256,257,262,72,264,73,76,81,277,89,282,94,97,101,114,245,119,248,249,122,188
0,8,73,17,19,21,23,27,94,99,164,166,39,105,178,244,120,188,253,63
8,138,17,21,23,27,289,99,164,166,105,127,46,178,122,188,253,62,63
256,192,134,8,329,202,73,21,215,91,94,97,99,101,166,105,178,188,253,319
256,257,69,262,329,73,75,266,267,81,275,87,105,237,109,246,251,188,254,255
257,260,262,71,74,203,76,84,213,89,282,91,97,106,42,43,110,245,248,249,122
66,259,263,74,203,268,271,272,87,31,99,101,232,42,43,107
67,71,13,270,271,81,18,88,89,283,30,96,32,35,104,107,44,241,114,52,251,253
66,261,6,72,73,266,75,264,265,271,85,92,57,99,104,111,50,116,119,249,253
256,257,262,72,264,265,73,14,81,277,89,282,94,97,101,114,245,248,249,122,317
256,261,262,69,263,266,75,269,270,81,85,278,87,92,104,109,111,120,251,255
256,258,69,198,72,264,265,269,271,81,277,217,282,97,101,41,114,50,119,120,253
259,262,72,265,264,74,277,89,282,90,97,313,108,109,241,116,245,248,249,122
256,257,325,262,69,72,73,266,269,81,82,275,277,87,97,101,109,111,54,246,120,251
8,329,208,17,21,277,23,27,92,99,164,166,40,105,49,178,244,188,189,63
71,8,9,269,17,21,23,280,27,32,99,164,166,105,178,243,244,117,119,253
192,326,71,8,77,269,17,274,21,23,280,27,32,99,164,166,105,178,307,244,253,63
0,66,69,73,81,275,85,21,87,159,224,225,36,229,105,109,46,246,251,62
256,69,70,8,266,271,17,21,87,282,27,99,166,105,178,114,244,182,253,255
66,197,262,73,267,271,80,81,87,280,216,218,88,91,222,101,43,251,114,51,246,59
320,257,258,260,262,74,203,330,84,277,213,279,152,89,282,91,97,309,245,248,249,122
66,259,263,74,268,272,211,279,31,99,232,41,176,125
198,71,264,265,76,269,208,81,88,282,92,32,97,96,106,47,241,114,51,316
70,199,267,76,80,84,277,119,88,217,282,91,97,106,110,114,51,247,184,121
68,69,70,71,11,79,208,84,277,85,86,279,282,91,97,165,106,110,114,116,119
69,262,261,75,269,270,81,275,85,278,87,89,92,98,104,109,243,248,251
256,69,70,264,11,267,79,80,88,282,101,104,106,43,111,114,51,244,246,119,249
261,326,71,9,269,77,15,13,85,283,92,94,32,104,105,114,307,244,187,255
0,1,73,267,75,270,81,275,19,281,27,93,94,104,237,242,116,249,251
72,264,265,200,267,80,209,212,88,89,282,97,241,114,51,246,248,249,122,316,253,254
257,258,260,262,71,72,265,74,264,84,277,213,89,282,97,106,241,245,248,249,122
256,69,327,72,263,264,266,269,208,215,282,283,97,101,106,114,243,119,251,252,254,319
257,258,260,262,71,135,329,269,16,280,153,90,283,284,32,225,229,296,106,177,245,255
256,324,262,71,202,267,269,271,16,80,88,282,101,104,301,114,51,246,319
192,68,71,264,265,72,329,79,208,274,282,247,97,106,301,114,116,119,188,189
68,71,72,265,264,74,79,277,86,279,282,247,97,36,101,106,112,116,119,120,121,122
66,259,263,74,268,272,211,88,31,99,232,297,47,48,178,125
256,69,135,72,73,264,266,75,208,275,85,156,94,99,164,36,169,111,181,250,318
256,0,1,69,72,202,215,281,282,90,92,27,283,157,94,97,225,229,105,241,120,122
257,194,260,197,262,69,329,73,269,207,81,275,87,280,89,216,237,109,303,246,251
69,327,72,264,75,269,81,281,282,283,32,100,101,165,109,114,243,116,120,254
256,257,322,4,262,72,264,75,267,213,277,89,225,104,245,248,249,122
71,264,266,75,267,271,80,88,89,27,32,99,166,105,178,51,244,245,246,248,60,253
256,257,194,68,262,71,73,202,75,10,270,81,213,86,89,99,106,116,120,253,255
256,68,71,72,329,266,75,81,277,21,87,86,92,93,234,109,111,244,116,120,188,189
70,71,199,201,79,84,277,119,217,282,91,95,97,106,173,110,114,53,247,121,189
69,198,72,264,11,77,270,208,85,89,282,92,97,98,106,241,114,116,117,119,252
66,259,263,74,268,272,211,31,99,102,232,48,125
256,260,262,263,72,264,75,270,81,18,277,213,215,87,89,93,101,104,120,250,251,319
256,257,68,70,71,72,264,266,265,79,277,86,87,282,97,101,106,116,120,121,122,254
261,72,73,75,267,80,275,277,86,85,87,88,91,92,104,168,242,51,116,246,249,253
256,320,66,325,262,329,202,73,77,81,210,213,85,215,216,94,98,101,116,251,318,319
256,72,264,75,204,268,271,81,20,277,279,281,282,157,101,39,114,242,116,118,124
259,326,263,71,12,269,77,271,15,208,214,283,32,225,41,42,43,305,313,186,317,255
195,196,262,135,328,77,206,155,297,112,176,115,309,182,122
256,69,72,264,202,73,269,81,277,213,215,282,283,94,32,97,101,114,243,249,251,319
196,69,263,135,73,266,75,12,74,274,24,92,95,97,103,104,40,241,114,53,118,123
256,257,262,73,75,267,269,270,81,275,89,281,39,111,47,48,120,185,251
0,129,69,73,269,80,81,18,275,85,21,87,221,159,224,227,237,46,109,246,251
69,71,72,264,265,267,80,81,277,88,282,41,106,114,51,246,119,248,253
69,261,75,269,270,271,81,84,85,86,87,89,92,93,98,104,301,109,242,116,250,251
71,8,202,11,77,269,208,215,23,87,282,27,283,32,97,99,166,105,42,187,253
69,264,266,267,75,269,271,81,87,282,283,101,106,107,114,242,116,243,120,252,254
256,260,262,263,72,264,75,270,271,81,89,282,104,250,114,248,249,122,251
256,257,261,75,270,271,275,85,86,279,218,92,284,162,104,170,301,116,251,255
256,261,69,202,267,81,84,277,85,87,282,91,92,284,95,97,101,109,119,120,255
256,69,72,264,269,81,83,277,215,282,26,283,97,106,107,114,243,119,120,252,254
69,265,330,270,207,22,214,217,89,284,222,288,41,305,114,241,50,119,313,186,252,253
257,258,260,262,71,264,267,81,277,213,89,282,247,97,106,241,114,245,119,248,249,122
256,67,68,72,264,265,74,200,271,18,84,277,86,282,96,106,110,116,117,249,253
262,72,264,74,73,277,89,282,247,92,34,122,106,241,245,119,248,249,58,253
257,260,198,262,203,75,76,208,84,277,150,89,282,91,97,106,114,245,119,248,249,122
257,72,264,75,267,270,271,277,88,89,93,30,32,35,37,104,44,52,119,248,249
195,196,323,135,328,206,147,86,155,297,176,115,309,182,122
69,73,267,75,269,270,81,275,87,283,107,237,109,242,116,246,249,251,254
67,72,265,264,74,200,80,209,18,212,277,21,88,282,96,106,241,51,117,246,248,253
256,259,262,202,81,213,215,89,282,287,97,101,230,295,114,115,245,248,249,122,319
194,259,261,262,69,75,270,81,85,278,87,217,89,92,222,287,295,104,243,251,255
256,192,259,70,8,271,17,21,87,154,282,90,160,99,101,166,105,178,182,253,190
259,262,71,72,264,265,277,89,282,247,91,287,97,230,295,41,106,119,248,249,122
256,259,69,73,266,75,203,81,209,275,277,213,215,87,287,295,104,246,120,251,319
66,259,69,72,265,74,264,269,277,282,283,97,106,107,241,243,117,119,252,254
259,264,72,265,277,89,282,287,96,295,106,109,241,119,248,249,122,252,253
259,68,72,264,265,74,329,79,277,282,247,92,311,97,169,106,241,49,116,119,188,189
260,68,264,72,265,75,269,275,277,89,281,249,105,47,241,116,248,121,122,253
256,69,264,72,11,269,270,271,81,84,281,282,101,106,114,243,116,120,254
0,1,69,72,265,264,74,79,273,277,281,282,27,94,97,41,106,241,117,121,122
69,264,267,269,80,81,277,88,282,91,97,101,109,241,114,51,246,119,120,254
66,259,263,74,268,80,272,211,88,31,99,232,47,48,51,246,125
72,265,264,329,79,277,281,282,223,97,289,39,41,106,241,116,117,189,248,188,253
256,68,71,72,73,10,81,277,86,97,313,104,106,111,116,120,121,251
256,65,263,72,265,71,12,269,271,208,81,282,283,156,32,97,101,106,114,119
320,195,69,261,72,73,75,146,85,87,92,94,98,166,104,178,311,249,250,253,318
257,258,260,262,75,269,270,87,89,93,100,104,107,109,242,243,245,248,249,122,251
256,68,71,72,264,265,8,271,277,21,86,282,97,99,164,166,105,106,116,247,121,253
256,69,198,264,72,269,208,81,84,87,282,283,97,101,106,46,114,243,119,252,254
68,69,198,71,72,265,264,11,79,277,86,279,282,247,97,165,106,114,243,116,119
257,261,69,200,75,269,270,81,85,278,87,89,217,92,223,288,233,109,251,255
196,8,265,17,21,23,27,99,164,166,105,178,307,244,182,253
258,69,134,263,264,202,11,12,268,269,81,289,99,101,42,242,243,54,182,253,190,255
68,69,261,71,72,264,75,269,143,277,86,92,97,121,106,111,116,120,249
68,133,69,71,72,76,79,84,277,86,119,282,91,218,97,165,106,170,110,116,247
326,71,264,265,9,77,269,79,208,282,283,32,106,241,114,244,117,122,253
256,68,261,72,81,277,85,87,282,91,92,184,95,97,101,166,107,174,111,114,120
261,69,72,264,266,75,269,271,81,277,85,87,89,92,101,104,109,111,115,248,249,253
256,72,8,266,17,277,21,87,282,154,94,97,99,101,166,105,305,114,178,182,120,253
256,325,69,327,72,267,205,141,80,88,282,247,101,165,234,300,48,114,51,179,246,119
256,259,69,72,73,75,269,270,81,275,277,87,93,104,107,109,111,246,120,251
257,194,69,262,73,75,269,270,209,81,275,87,216,284,109,303,246,251,255
256,69,261,72,266,75,269,143,81,277,85,87,92,97,101,104,109,111,120,121
2,261,69,7,73,75,269,81,274,211,85,87,89,91,92,223,98,109,242,116,251,189
257,194,259,262,329,73,270,81,278,216,89,282,108,109,303,114,117,246,251,255
67,260,263,264,72,265,75,269,270,271,81,18,277,96,241,114,116,121,250,251,253
194,197,262,69,200,73,270,78,81,275,87,216,218,231,237,109,303,246,249,251
320,318,69,264,72,75,269,271,79,275,86,281,121,39,106,47,242,116,249,253,254
68,262,71,72,264,74,269,275,277,89,282,281,95,97,47,116,119,248,122
256,69,72,264,202,203,269,208,84,277,87,282,283,97,106,114,243,119,252,253,254
261,69,72,73,266,75,264,269,271,81,275,85,87,89,91,92,93,231,104,109,111,255
67,68,69,71,72,264,73,75,269,271,18,275,82,86,87,94,96,104,106,111,116,253
256,69,198,264,202,269,271,16,15,17,21,215,282,225,101,229,233,238,319
68,69,263,264,72,71,267,270,271,79,81,275,278,86,100,101,104,106,107,114,116,313
326,71,72,265,9,77,269,271,79,81,208,282,283,92,95,32,106,42,301,114,116
68,325,71,264,72,74,327,269,81,277,282,97,166,103,106,107,45,174,114,119,184
261,69,72,264,265,269,271,81,277,85,87,89,247,92,97,98,163,101,109,119,120,252
67,69,72,264,266,75,267,269,271,81,18,275,277,87,89,94,96,290,104,109,56,255
68,261,266,75,270,81,213,86,283,92,160,298,237,49,242,116,120,251,254,191
68,5,71,72,264,74,265,277,86,282,121,98,312,106,116,119,248,249,188,253,127
256,70,199,72,264,266,201,277,213,215,280,217,282,101,173,53,119,120,121,189
259,69,72,8,264,203,269,270,84,277,282,91,97,106,108,109,110,114,117,119,59
0,66,69,73,269,17,81,275,85,21,87,90,159,224,225,229,105,109,46,246,251
64,69,73,202,203,11,268,269,16,81,275,84,87,282,91,97,114,246,119,251
195,68,72,265,81,211,84,277,282,91,94,97,290,166,103,106,107,110,174,114,119,59
256,73,202,75,268,205,271,81,210,275,277,213,280,104,242,119,251,189
256,68,319,8,266,75,275,21,86,27,99,164,166,105,106,178,244,116,253,255
65,196,71,76,77,79,144,146,282,92,29,95,105,106,112,180,244,188
66,259,263,74,268,272,211,31,99,102,232,48,119,253,125
69,72,264,265,11,269,277,87,282,283,97,101,106,114,243,119,120,121,252,253,254
9,330,269,275,214,280,281,90,247,156,222,99,39,234,171,106,303,239,47,307,55,253
69,72,264,269,84,277,281,282,247,91,283,97,101,106,114,243,119,126,124,254,319
256,261,69,263,72,266,75,269,81,277,85,87,89,282,92,97,101,104,109,114,120
194,68,325,262,329,202,10,73,16,81,84,216,91,290,292,102,234,106,46,303,116
195,196,203,76,77,206,208,282,155,92,91,289,41,42,106,115,182,248,122,253
7,75,268,270,207,209,276,213,277,282,219,292,295,104,242,116,117,247,250,251
66,259,263,71,74,268,79,272,211,31,95,99,232,125
261,198,71,72,77,269,208,277,282,283,92,95,32,97,101,106,114,244,119,187,62
69,71,8,17,81,21,23,282,27,92,99,166,105,109,178,114,244,124,253,126
257,258,261,69,72,73,266,75,81,275,277,85,278,87,92,93,104,111,116,120,313
256,68,69,71,202,11,10,75,79,213,86,215,282,28,101,234,106,114,116,120,188,319
256,68,72,141,77,19,277,85,119,86,282,91,94,97,98,110,113,116,247,120,121,122
5,71,264,265,74,142,271,79,212,277,282,95,98,106,241,305,123,188,253,127
8,142,271,17,275,20,21,85,23,27,157,164,36,166,105,178,244,119
3,263,12,142,15,79,80,18,85,279,88,217,281,221,94,227,299,241,51,244,118,255
324,68,71,73,202,10,75,270,81,86,215,282,100,101,116,117,121,316,189,190
256,69,73,202,269,81,275,277,213,87,282,91,220,36,101,109,244,310,246,251,319
69,71,72,265,264,203,269,208,146,21,217,282,91,97,41,106,114,50,119,253
256,257,69,262,8,266,75,270,209,17,275,81,21,214,87,99,166,178,244,182,253,255
258,259,261,69,266,75,81,277,85,87,92,93,101,104,108,109,111,243,180,120
67,68,144,146,275,18,85,86,92,93,96,105,107,112,115,180,116,190
69,72,265,264,74,330,269,80,19,277,282,283,97,106,241,243,117,309,119,60
68,71,8,271,17,21,86,23,282,27,92,99,164,166,105,106,244,116,119,253
256,257,69,262,264,202,74,203,269,272,209,210,214,216,165,234,106,174,114,243,120,319
257,70,326,71,269,77,208,81,84,151,89,282,283,28,32,106,241,114,119,59,252,254
69,264,202,76,269,208,84,153,282,91,283,97,106,110,114,243,182,119,252,254
256,69,72,264,268,269,208,277,282,247,91,283,97,289,101,106,178,242,243,119,120,254
66,69,263,264,265,74,72,268,269,271,274,283,106,299,241,243,123,253
256,0,1,70,72,137,75,269,277,281,282,247,218,27,94,97,289,100,101,41,114,119
256,194,68,262,70,71,200,266,75,271,79,86,228,101,104,106,177,116,121,255
68,261,75,270,81,213,278,85,87,283,92,298,107,109,243,249,251,254,191
69,70,264,267,269,208,80,84,88,282,91,247,92,32,97,106,114,51,243,246,119,248
208,145,209,146,214,155,156,157,158,160,292,164,295,167,169,171,173,301,303,302,304,181
194,2,207,144,209,145,18,214,90,155,222,158,160,295,234,171,170,303,175,179,180
321,193,11,203,16,149,214,151,90,154,160,295,167,171,303,175,114,179,182
327,207,209,148,214,153,90,222,158,293,295,296,234,171,170,172,174,303,175,177,307,179
66,195,263,268,274,211,147,148,153,158,99,167,232,296,172,174,47,48,175,177,179,125
324,5,141,16,150,153,157,94,158,295,296,170,299,172,300,301,177,306,307,188,317,127
202,141,148,214,216,158,292,295,171,172,174,303,239,175,306,179,310,311,184,315
194,3,5,200,330,12,142,271,148,217,158,223,295,170,172,174,175,177,310,251
198,330,11,203,208,150,151,152,22,90,282,159,32,165,168,42,114,182,186
65,194,324,202,16,209,144,20,213,214,155,156,157,158,295,173,302,303,175,180,181,189
2,3,200,12,271,148,158,223,227,292,293,235,172,301,173,174,175,177,179,310,184
324,261,201,267,269,273,81,87,24,88,158,292,295,109,303,188,116,118,119,315,316,189
7,12,142,18,281,157,94,158,96,289,226,160,295,168,296,299,175,178,307,118,317,190
195,323,196,135,206,146,147,155,158,294,297,175,176,178,115,179,309,182,184
3,12,142,15,16,18,148,90,158,225,295,296,41,299,43,172,300,175,174,307,308
142,144,146,18,85,90,154,155,157,158,227,295,168,170,299,172,173,300,175,304,178
326,13,15,208,144,214,90,155,158,160,293,294,295,296,297,42,43,301,175,307,179
1,195,4,206,79,142,146,149,155,158,161,38,297,169,170,44,174,175,309,182,54,63
320,65,198,72,73,202,203,208,144,150,151,282,159,160,161,165,168,42,182,186
3,12,207,18,147,146,150,152,153,154,155,289,295,299,175,177,306,307,179,189
324,327,330,142,209,81,148,151,155,158,160,101,295,170,172,301,173,303,175,174,309,189
3,200,201,12,142,148,217,222,223,96,158,292,295,170,172,237,174,175,303,310,184,251
194,75,148,217,158,223,228,292,295,104,170,172,301,173,303,174,175,179,310,184,251
134,329,202,16,150,215,151,153,152,30,165,167,168,171,300,174,303,306,52,311,315
320,65,3,202,203,12,208,213,150,215,151,160,161,34,165,168,43,111,112,306,318
7,144,274,18,149,154,221,29,159,160,158,227,167,41,299,172,175,179,182,183,317
3,5,141,148,217,158,223,292,170,300,172,174,175,305,243,179,310,184,251,188,127
1,65,195,323,196,135,206,144,88,155,157,158,297,302,175,176,178,115,309,181
69,7,18,146,147,155,221,94,159,29,158,98,227,294,299,172,174,175,307,308,184,317
195,207,16,275,19,85,150,151,152,154,94,159,229,165,295,168,299,175,307,179,182,186
2,324,330,208,144,151,155,28,93,158,290,100,38,295,40,105,296,43,298,307,308,61
130,200,141,148,217,30,158,96,292,170,299,300,172,302,174,175,305,303,179,310,184,127
3,330,12,142,148,151,90,155,158,289,225,229,295,40,297,234,170,172,174,175,178,59
329,147,213,214,215,216,158,292,294,295,167,172,174,239,303,175,307,308,179,311,184,319
65,129,195,196,135,206,144,146,153,155,157,158,169,302,175,306,180,182,311,63
141,144,209,213,215,154,90,155,157,158,160,295,300,173,175,179,181,186,315,316,319
321,144,209,213,214,155,158,160,161,166,295,170,171,173,301,303,175,179,180,185,316,189
193,321,203,209,151,154,158,162,165,295,167,168,171,173,301,114,179,50,311
195,68,261,144,146,85,86,87,154,155,161,297,110,112,115,180,116,63
322,73,148,154,158,312,166,167,170,299,172,173,301,175,242,179,310,248,249,250,316,317
66,4,263,268,274,211,150,151,152,155,159,99,165,232,41,168,299,47,182,125
326,330,11,12,207,148,149,90,154,158,225,295,167,41,299,172,174,175,307,179,317
330,75,270,207,146,147,148,217,155,222,158,295,297,170,299,172,303,175,178,307,255
3,5,141,148,217,222,158,96,292,295,170,299,300,172,174,175,305,243,179,310,184,127
128,130,131,5,134,133,136,202,139,140,16,216,289,303,123,124,126
128,130,131,132,133,134,135,136,139,140,285,286,288,122,123,126
128,130,131,133,134,136,139,140,210,150,215,152,291,295,310,123,124,126
128,194,130,131,133,134,136,140,12,216,222,289,290,291,295,237,303,124,126
128,130,131,132,133,134,136,139,140,285,286,287,288,122,123,126,127
192,128,130,131,196,133,135,8,137,138,136,17,21,23,27,289,166,105,178,122,127
128,130,131,132,133,136,139,140,285,286,287,288,289,123,127
128,130,67,131,132,134,133,136,9,139,140,13,79,90,286,288,33,41,42,45,123,125
192,128,130,131,196,132,134,135,133,136,139,140,285,286,287,122,123,126
128,130,131,133,134,136,202,139,210,215,152,286,291,310,314,123,124,126,319
192,128,130,131,196,132,133,135,136,139,140,206,23,286,287,288,166,122,123,126
128,130,131,132,133,134,136,139,140,151,287,288,289,291,239,123,126
128,130,131,133,134,136,139,140,210,150,215,152,291,310,314,123,124,126,319
128,130,131,132,133,134,135,136,139,140,215,152,154,286,289,41,188,314,123,316,126
128,130,131,132,133,136,139,140,285,286,287,289,290,123,126
128,130,131,132,133,136,201,139,140,207,22,222,286,288,289,290,305,123
128,129,130,131,68,132,133,136,330,139,12,140,19,22,286,290,235,307,53,312,123
128,130,131,133,136,137,138,12,78,213,214,90,289,295,40,122,123,127,126,319
128,129,130,131,132,133,135,136,139,140,286,287,289,290,123,126
128,130,131,5,133,136,137,202,138,20,216,289,126,37,122,123,190,127
128,130,131,133,136,201,139,140,207,209,22,214,222,288,291,303,239,307,123,124,126
128,130,131,132,133,136,139,140,285,286,287,288,289,123,127
192,65,128,130,196,131,132,135,133,136,139,140,206,17,23,27,286,288,166,42,178,123
128,130,131,132,133,136,139,140,285,286,287,288,123,126
128,129,130,131,3,5,194,133,136,139,140,285,222,287,289,123,188,127
192,128,130,131,196,132,134,135,133,136,139,140,206,23,27,286,288,166,42,122,123
128,130,131,132,133,136,139,140,285,286,287,288,122,123,126
128,129,130,131,132,133,136,139,140,286,287,289,290,123,126
128,130,131,324,133,134,136,202,139,140,78,210,215,152,291,310,123,124,126
128,130,3,131,133,134,135,136,139,12,140,287,289,290,41,123,127
191,194,327,200,202,205,206,208,209,210,212,215,282,27,40,105,187,319
194,197,199,200,137,201,202,205,209,210,213,214,215,216,218,222,231,237,303,187,191
191,194,324,197,198,199,201,202,11,203,205,208,209,210,213,215,91,42,186,187,319
194,325,197,327,199,201,267,205,209,210,213,215,283,116,312,186,187,316,191
322,323,324,260,202,203,205,145,210,213,215,287,236,316,315,188,189,319
191,194,134,202,203,205,208,209,210,145,213,214,215,187,315,316,189,319
194,324,325,72,202,74,205,209,210,213,214,215,216,221,187,314,315,319
322,194,327,199,202,205,209,210,213,214,215,216,292,303,239,187,188,189,319
192,194,326,202,205,207,208,209,210,213,214,215,187,303,315,316,189,319
194,322,199,327,201,202,207,208,209,213,214,216,217,295,187,315,188,189,319
322,195,198,327,202,205,271,207,210,211,213,215,217,43,245,313,315,316,317,319
194,324,72,202,11,203,205,78,208,16,209,210,213,215,152,282,187,319
194,325,199,327,9,202,205,208,209,210,215,216,292,40,105,187,191
194,199,201,202,205,207,209,210,213,214,215,216,217,167,234,314,315,189,319
192,194,328,329,12,205,208,209,210,82,214,215,90,94,229,295,234,187,315,316,191
322,194,324,134,328,205,207,209,210,213,215,88,24,221,51,245,316,312,313,315,188,189
318,194,67,198,205,209,18,275,210,215,217,94,96,289,299,187,188,317,190
64,261,134,69,203,204,13,269,205,81,210,150,215,152,153,87,88,89,106,109,306,319
191,194,195,324,326,199,328,205,209,210,213,214,215,40,105,307,312,187,316,63
194,324,197,199,201,205,207,209,210,213,214,215,216,295,303,187,188,189,191
192,191,134,326,202,203,204,205,208,210,213,214,215,152,167,187,315,316,319
194,195,323,135,199,205,209,18,210,148,85,213,215,155,221,159,227,176,183,187
2,194,199,12,205,207,209,18,210,213,215,223,34,38,299,236,312,187,316,189,191
194,322,324,195,12,269,205,81,210,211,209,214,215,217,187,182,251,188,189,318,255
191,194,324,198,199,202,11,203,205,208,209,210,213,214,215,187,114,186,315,319
66,259,263,199,268,205,209,210,211,213,215,216,217,289,232,41,187,316,125,319
194,67,198,7,12,205,209,18,210,215,88,217,94,96,34,299,51,246,188,317
321,322,194,324,191,199,329,202,204,205,209,210,213,215,188,187,316,189,319
194,199,205,207,209,210,213,214,215,89,187,312,186,315,316,189,319
322,202,205,207,209,145,210,213,214,215,287,236,187,315,316,189,318,319
64,191,194,134,199,202,203,204,13,205,208,81,210,209,213,215,152,187,319
2,324,326,74,203,205,208,210,214,215,282,28,290,103,41,106,42,107,114,53,186,59
191,194,324,197,199,200,137,201,12,205,209,210,213,214,215,222,303,187,255
321,194,324,204,205,209,210,213,214,215,216,89,187,303,61,315,316,189,319
321,194,324,328,202,203,13,205,208,209,210,213,215,156,186,187,189,190,319
322,194,324,202,10,205,209,210,213,214,215,216,28,186,187,188,319
322,324,197,199,72,201,77,205,273,209,210,213,215,100,101,187,116,248,121,315,316,191
194,324,199,329,202,11,205,16,209,210,214,216,40,42,303,177,188,189
322,194,324,198,199,328,205,207,209,210,213,214,215,295,187,315,316,189,319
321,194,324,199,205,207,209,210,213,214,215,316,312,186,187,188,189,319
191,322,194,199,203,205,207,208,209,210,213,215,25,94,187,316,315,188,317,319
193,194,325,201,205,209,210,213,215,216,60,303,188,314,187,316,189
67,198,7,205,209,18,274,210,85,215,281,221,159,96,34,227,41,299,187,317
191,66,259,3,194,263,199,201,268,12,205,209,210,211,213,215,223,232,187,125,127
194,195,196,135,199,205,209,18,210,148,213,215,155,159,227,41,42,176,187,191
192,194,323,196,324,7,328,200,203,12,205,271,208,209,210,215,90,42,43,172,187,316
191,322,194,324,319,199,205,209,210,213,214,215,295,317,187,52,315,316,189,255
191,322,324,134,9,202,205,206,208,209,210,215,98,40,187,318,319
194,326,199,202,205,207,209,210,213,214,215,216,187,303,315,189,319
3,324,325,327,12,205,209,210,213,214,215,85,223,289,60,316,315,188,189,190,319
194,197,199,200,137,329,201,12,202,205,209,210,213,214,215,217,222,303,187,189,191
191,194,199,329,201,202,205,209,210,213,214,215,216,303,187,188,319
191,322,194,134,199,328,201,203,13,205,209,210,213,215,152,187,315,316,319
194,324,325,198,327,199,205,208,81,209,210,213,215,282,283,114,186,187,191
321,194,324,326,199,201,203,205,206,207,209,210,213,214,215,114,186,187,316,189,191
194,323,197,199,200,137,329,205,208,209,210,213,214,215,222,235,237,303,187,191
191,194,322,199,202,205,208,209,210,213,214,215,234,187,315,316,319
194,325,199,327,205,207,209,210,213,214,215,216,292,303,187,188,189,191
324,198,202,203,75,205,208,145,210,209,213,214,215,287,236,315,316,319
192,322,195,323,7,202,205,208,210,275,213,24,39,317,187,47,313,315,316,189,319
194,323,5,199,200,329,205,209,210,213,214,215,216,187,303,315,189,191
192,191,194,134,199,202,205,208,209,210,213,214,215,167,188,187,316,319
192,194,326,202,203,205,208,209,210,214,215,187,316,182,315,188,319
192,194,67,324,7,202,205,208,18,210,214,217,94,96,299,187,313,317,188,189,190
128,321,194,192,200,137,202,12,204,205,15,208,210,214,217,222,223,34,123,187,251,255
322,194,325,199,202,205,270,15,209,210,213,214,215,187,313,315,316,190,319
66,259,195,263,268,205,209,210,211,275,215,217,31,232,172,47,48,189,313,125
194,323,197,199,200,137,329,328,205,209,210,213,214,215,295,300,303,187,189,191
191,194,324,199,201,205,207,209,210,213,214,215,216,187,316,315,188,189,319
321,194,324,199,204,205,207,209,210,213,214,215,89,187,315,316,189,319
194,323,325,328,329,200,205,209,210,213,214,215,216,167,187,303,315,189,319
322,194,326,199,202,205,207,209,210,213,214,215,187,316,315,188,189,319
194,195,324,199,329,202,205,207,209,210,81,211,213,215,303,188,187,316,189,318
191,194,326,329,202,205,208,209,210,213,214,215,216,234,53,187,190,319
191,322,194,324,197,199,201,202,205,209,210,213,215,188,187,316,189,319
191,194,197,134,199,329,202,201,205,209,210,213,214,215,216,187,319
194,67,205,209,18,275,210,215,217,282,223,96,34,299,187,189,251,317,255
193,194,324,325,327,201,205,209,145,210,213,215,216,217,223,287,289,236,315,189,319
256,191,322,324,199,201,205,207,209,210,213,215,217,167,117,316,315,188,189,319
192,194,323,262,199,200,329,9,202,205,208,210,214,215,40,105,303,187,255
