1,130,5,133,261,13,22,27,30,32,35,37,170,43,44,52,54,313,58,60,320,66,69,199,201,87,88,89,218,219,222,95,224,229,231,232,234,238,239,243,121
256,2,135,263,7,138,268,271,16,17,23,26,158,31,32,160,163,38,168,42,46,48,50,51,53,56,313,60,61,192,67,69,73,76,84,87,219,92,221,231,236,237,246
130,3,2,5,135,8,9,10,139,16,17,22,23,24,28,158,32,163,293,166,42,43,50,51,179,313,58,187,317,63,66,328,200,205,209,210,87,219,220,222,227,123
6,7,8,12,16,17,21,22,23,158,31,32,34,163,38,40,168,42,46,47,48,51,53,55,56,57,60,61,64,66,205,87,219,221,229,230,231,236,237,122
0,130,5,13,20,22,23,26,30,32,33,35,36,293,37,40,43,44,45,51,52,54,55,313,316,317,320,64,66,198,199,201,87,88,89,222,224,228,231,234,237,238
3,4,5,262,12,16,19,24,158,32,34,39,43,47,51,310,55,312,58,315,317,318,319,322,324,196,198,210,83,213,87,89,223,233,239,118,249,122
0,1,2,5,7,9,13,23,30,158,32,37,43,44,45,51,54,55,313,187,62,320,66,194,69,199,327,87,88,222,224,228,229,230,231,232,234,237,238
0,1,130,2,5,13,15,16,17,21,26,27,158,32,33,163,37,168,43,44,51,54,55,313,317,320,64,69,198,199,327,87,222,94,224,225,229,231,234,238,243,121,251
4,5,8,9,10,16,22,23,24,28,158,32,35,163,293,166,40,41,43,47,50,51,179,53,55,58,187,63,320,66,199,205,210,87,222,224,226,231,232,234,239
0,2,130,5,8,265,139,13,16,22,23,281,157,158,32,289,163,39,41,42,43,51,54,55,57,58,317,64,320,66,69,198,87,222,224,227,231,233,234,118
1,5,7,135,12,13,17,19,23,155,158,32,37,40,43,44,45,49,51,54,55,64,66,195,194,206,87,92,222,224,228,230,231,232,234,237,122
257,258,1,260,5,262,13,16,17,22,23,28,30,32,34,35,163,37,40,43,44,54,58,318,63,64,88,89,218,222,224,229,230,231,232,234,237,238,245,249,122
257,258,260,5,262,7,267,12,13,17,19,23,155,158,30,32,33,34,163,37,43,44,45,51,54,62,64,66,194,87,89,224,225,229,230,231,234,236,237,245,249,122
5,135,7,138,10,266,140,16,22,26,28,158,32,163,292,42,43,44,303,51,54,311,58,63,199,200,73,202,205,81,210,215,88,87,222,231,234,237,239,246,251
128,1,3,261,5,8,12,13,16,277,22,23,30,32,33,35,163,37,43,44,54,58,59,61,320,64,88,218,222,224,227,228,229,231,232,233,234,109,238,117,120
0,3,4,5,12,16,17,22,24,28,34,163,39,42,43,47,175,54,55,313,58,317,190,63,320,327,199,207,88,222,223,224,100,101,231,233,234,238,239
5,261,7,9,13,23,26,30,158,32,37,43,44,45,51,54,55,313,187,317,62,320,66,194,69,198,327,199,87,222,224,228,230,231,232,234,106,237,238
130,5,138,13,20,26,157,158,32,163,37,43,44,45,174,49,50,51,54,313,317,64,66,69,199,205,210,87,88,222,224,229,230,231,234,235,237,243,118,249
5,6,135,7,267,12,16,145,23,287,32,31,163,38,40,168,46,48,51,53,55,56,315,60,61,319,66,323,71,213,87,219,221,97,230,231,236,237,244,122
5,135,10,138,140,13,16,275,276,158,160,32,163,292,37,40,43,44,45,303,49,51,53,54,64,66,73,74,202,205,81,210,84,87,219,91,230,231,237,239,246,251
130,5,7,136,9,10,16,17,22,24,158,163,41,43,44,50,51,54,55,313,58,187,66,194,69,199,327,87,222,224,228,229,231,232,234,237,238,121
0,3,4,135,10,138,140,266,11,271,12,16,275,22,24,26,27,28,34,163,39,42,43,47,51,55,58,63,199,73,329,81,87,223,231,233,237,239,246,251
128,1,129,132,5,7,19,278,23,154,285,158,31,162,44,51,53,54,56,57,60,61,66,195,196,83,215,87,92,223,224,228,105,234,235,111,240,112,117
263,264,266,267,269,271,273,274,281,283,158,32,163,51,58,68,69,71,75,205,81,210,85,86,87,88,89,92,98,99,106,109,241,242,243,116,249,252,253,254
5,263,264,268,271,273,274,277,281,283,158,32,163,44,51,313,58,68,69,71,73,77,205,81,210,86,87,88,89,215,92,98,99,106,109,242,243,116,246,249,251,127,253,255
261,264,266,269,270,271,273,277,281,283,158,32,163,44,51,58,68,69,71,75,205,79,81,210,85,86,87,88,89,215,92,98,106,109,242,243,116,246,249,251,253,254
256,257,263,8,267,269,274,22,23,27,283,158,32,163,166,51,187,68,71,72,76,77,205,79,81,210,84,86,87,88,216,89,92,98,99,109,243,244,245,116,249,253,254
256,257,258,260,5,262,263,267,269,271,274,22,283,158,32,163,51,187,68,71,72,73,202,76,77,205,81,210,86,87,88,89,98,109,243,244,245,116,249,253,254,127
257,264,10,138,266,271,16,275,276,277,158,32,163,51,58,68,69,198,71,73,74,205,80,81,210,84,86,87,88,89,91,92,98,106,109,243,116,246,249,251,253
257,259,261,263,7,267,268,15,275,276,280,158,163,51,194,68,70,71,72,73,74,76,77,81,84,86,87,88,91,247,93,100,101,106,107,109,242,116,245,119,121,251,253
256,257,258,260,261,262,263,264,267,268,271,277,158,32,163,44,51,68,69,73,205,81,210,86,87,88,89,215,92,97,98,106,109,110,242,243,114,116,246,248,249,251
256,257,258,260,262,264,267,269,271,277,283,158,32,163,44,51,58,68,69,71,200,205,81,210,85,213,86,87,89,88,215,98,106,109,242,243,116,245,246,248,249,122,251,253
261,135,264,270,277,283,158,32,163,51,68,69,71,75,205,81,210,85,86,87,88,89,92,94,95,97,98,104,105,106,107,109,114,243,115,117,116,120,249,250,251,253
257,135,264,266,138,10,268,270,271,16,275,277,283,158,32,163,51,68,69,71,73,74,205,81,210,84,86,87,88,89,98,249,231,106,109,243,116,246,121,250,251
263,264,265,267,268,269,273,281,283,284,158,32,163,51,68,69,71,72,76,77,205,79,81,210,86,87,88,89,227,100,101,106,107,109,241,243,116,119,252,253,254
263,264,265,269,273,274,281,283,158,32,163,51,58,68,69,71,72,76,77,205,79,81,210,84,85,86,87,88,89,92,98,99,106,109,243,116,246,119,249,253,254
256,263,264,7,267,269,273,281,283,158,32,51,194,68,69,70,71,72,76,77,79,80,81,210,86,87,88,89,121,106,109,241,243,244,245,117,119,116,249,253,254
263,264,266,268,271,277,284,158,32,163,44,51,58,68,325,71,205,81,210,85,86,87,88,89,215,92,98,99,100,101,106,109,110,242,243,116,117,120,249,251,253,255
256,261,264,266,269,271,273,274,277,281,283,158,32,163,44,51,313,58,68,69,71,75,205,81,210,85,86,87,88,89,215,92,98,106,109,110,242,243,116,246,249,250,253
256,257,258,259,260,261,262,266,267,13,271,275,22,158,30,32,35,37,44,45,51,52,318,64,199,73,201,81,87,88,89,93,231,109,243,245,246,248,249,251
256,257,258,259,260,261,262,266,267,269,270,271,13,275,22,30,32,35,37,44,45,180,52,68,199,73,74,201,86,87,88,89,93,106,243,116,245,248,249,122,251,253
256,257,258,259,260,5,262,264,267,269,271,275,278,283,158,32,163,51,58,68,71,72,73,205,81,210,213,86,87,88,89,98,106,108,109,243,116,245,246,248,249,122,251
257,258,260,261,262,267,269,271,273,275,281,283,158,32,34,163,51,58,318,68,71,73,205,81,210,213,86,87,88,89,98,106,109,243,116,245,246,248,249,251
257,258,260,261,262,264,266,269,271,277,281,283,158,32,163,51,58,68,69,71,73,75,205,81,210,86,87,88,89,93,98,106,109,242,243,116,246,249,251
256,257,258,260,261,262,264,266,267,271,158,32,163,44,51,58,318,68,71,73,205,81,210,213,86,87,88,89,215,98,109,112,242,243,116,245,246,248,249,122,251,253
256,263,264,266,268,273,274,281,25,283,158,31,32,163,47,48,51,68,69,72,74,76,80,81,210,84,85,86,87,88,89,92,99,105,109,243,116,246,119,249,250,251,253
261,264,266,269,273,277,281,283,158,32,163,51,313,68,69,71,75,205,81,210,85,86,87,88,89,92,96,98,106,109,242,243,116,246,249,250,251,252,253,254
2,263,7,265,266,268,283,284,158,32,163,42,51,66,194,68,70,71,72,74,76,77,79,81,84,213,86,87,88,217,227,100,103,106,107,109,116,119,121,251,253
2,263,264,266,268,277,158,160,32,51,53,62,69,70,199,71,73,74,201,207,81,210,84,87,88,217,89,92,121,97,231,106,109,243,246,249,251,253
256,257,258,260,261,262,264,267,269,271,275,283,158,287,32,163,51,184,58,68,69,71,73,205,80,81,210,213,86,87,88,89,97,106,109,243,116,245,246,248,249,251,253
259,263,266,268,271,272,158,31,32,163,51,58,66,68,69,71,72,73,74,205,79,81,210,84,86,87,88,89,215,92,98,99,100,101,109,242,243,116,251,253,255
256,263,264,267,269,273,274,22,281,283,158,32,163,42,47,51,187,68,69,71,72,76,77,79,208,81,210,85,86,87,88,89,92,121,106,109,243,244,245,246,116,249,253,254
256,257,258,260,261,262,264,267,269,270,271,282,283,158,32,163,51,68,69,71,73,205,81,210,213,86,87,88,89,106,109,243,116,245,246,117,248,249,250,251
257,258,260,261,263,264,268,142,271,273,275,283,158,32,163,44,51,58,68,69,71,200,73,205,81,210,86,87,88,89,215,92,98,106,109,242,243,116,245,246,249,251
256,259,263,264,7,266,268,271,272,158,31,32,168,51,194,68,71,73,74,79,80,81,210,84,86,87,88,89,99,100,101,106,109,110,242,243,116,121,122,251,253,255
263,264,269,271,273,279,281,283,158,32,163,176,51,58,68,69,71,72,75,77,79,80,81,210,85,86,87,88,89,92,98,106,109,241,243,116,117,118,246,252,253,254
256,263,264,268,269,142,273,274,281,283,157,158,32,168,51,187,192,66,69,71,72,76,77,78,208,82,83,85,87,90,92,94,96,99,102,103,108,113,243,244,249,253,254
257,135,10,267,138,266,271,16,275,281,283,158,163,36,172,51,189,194,68,71,73,74,202,329,205,81,210,84,86,87,216,88,215,91,231,109,243,116,246,249,251
256,259,263,7,267,268,269,275,276,280,158,32,289,168,51,194,68,71,72,73,74,76,77,81,84,86,87,88,89,91,247,100,101,102,106,109,116,246,119,121,251
261,264,266,277,283,158,32,163,44,51,58,68,69,71,75,205,81,210,85,86,87,88,89,215,92,98,105,106,109,110,242,243,116,115,117,246,120,249,250,251,253
1,261,263,264,273,277,278,281,283,158,32,163,51,185,196,69,68,71,75,205,81,210,83,84,85,86,87,88,89,92,94,98,105,109,243,115,117,116,120,250,253
7,264,269,142,271,273,274,277,279,281,283,157,158,32,168,51,313,194,68,69,71,75,79,81,210,84,85,86,87,88,89,92,106,109,110,243,116,117,246,118,249,251,253
263,264,271,273,277,280,281,283,158,32,163,51,58,68,69,71,75,205,81,210,85,86,87,88,89,216,92,98,106,109,242,243,244,116,246,119,249,250,251,253,254
263,264,265,269,142,273,274,275,281,283,157,158,159,32,39,168,51,69,198,72,204,79,81,85,87,88,89,106,109,124,241,243,116,117,246,245,118,249,252,253,254
259,262,263,264,7,268,271,275,281,282,155,158,163,51,65,194,68,69,70,71,200,73,74,79,81,84,86,87,88,121,106,108,109,110,242,243,116,246,249,251,253,255
256,263,264,269,273,274,281,283,158,32,42,51,187,191,68,69,71,72,76,77,79,208,81,210,85,213,87,88,89,92,105,106,109,241,243,244,245,116,249,251,253,254
264,273,274,277,281,26,283,284,158,32,163,306,51,313,58,191,68,69,198,71,75,205,81,210,85,86,87,88,89,215,92,98,106,109,110,243,116,246,249,252,253,254
128,129,130,131,132,5,133,135,134,136,138,139,140,19,277,285,286,288,289,290,291,43,171,51,54,313,193,196,203,83,85,215,92,105,115,122,123,125,126,127
128,129,130,131,132,133,134,135,136,265,137,139,138,13,140,17,23,285,286,288,289,290,172,55,192,64,70,201,205,217,122,123,124,125,126,127
128,257,130,131,129,5,132,135,133,137,138,139,140,267,134,136,285,286,287,288,289,290,34,291,40,177,231,122,123,124,125,126,127
128,129,130,131,132,5,133,135,136,137,138,139,140,134,17,285,286,287,288,289,290,291,220,122,123,125,126,127
128,130,131,132,133,134,135,263,137,138,139,140,265,136,286,287,31,289,290,288,41,66,86,217,99,100,116,121,122,123,124,125,126,127
128,129,130,131,132,133,134,135,136,137,138,139,140,23,153,285,286,287,160,289,290,291,288,294,170,55,184,66,100,103,107,119,122,123,124,125,126,127
128,129,130,259,131,133,132,135,263,137,138,139,268,140,134,136,285,286,31,288,289,290,291,55,186,66,204,99,122,123,124,125,126,127
142,144,147,148,149,154,155,156,158,292,293,166,167,296,295,298,299,172,170,174,303,175,306,179,307,309,310,183,311,184,180,330,246
141,142,144,147,148,149,153,154,155,156,158,292,293,294,167,296,169,298,299,172,171,166,303,174,305,306,179,175,309,310,311,183,307,180,184,330
141,142,144,147,150,154,155,156,157,158,160,32,161,292,293,294,167,296,297,298,171,299,172,301,174,175,305,306,179,307,309,308,183,180,51,184,330,87
142,143,144,145,147,148,149,154,155,156,158,160,164,292,294,295,296,297,169,299,166,168,167,303,175,170,178,307,308,309,310,180,184,179,330,172,174,110
141,142,144,147,148,149,153,154,155,156,157,158,160,32,161,164,293,294,167,296,169,298,299,297,172,301,175,177,178,307,308,306,309,183,184,180,179,51,330,87
257,7,142,143,144,145,147,149,155,156,157,158,160,161,292,293,164,295,296,297,169,294,167,172,301,303,173,175,178,307,179,309,310,311,184,180,181,51,330,87,88
141,142,144,147,148,151,154,155,156,157,158,160,32,161,163,292,293,166,167,296,298,299,172,171,173,303,174,305,306,179,180,309,310,183,175,51,181,58,330,87
142,144,147,148,149,155,156,158,160,292,293,295,296,169,298,299,167,170,172,173,174,305,306,178,307,309,175,183,184,179,308,310,180,330,303,126
141,142,144,147,148,149,150,152,153,154,155,156,158,160,293,166,167,296,169,298,299,300,172,302,174,175,305,306,179,180,178,177,311,183,184,87,99
141,144,146,147,149,154,155,156,157,158,160,164,293,292,294,296,169,298,171,172,301,302,299,168,305,306,179,178,180,175,183,181,185,71,297,170,87,173,104
7,141,142,144,146,147,148,149,153,155,156,157,158,160,161,163,164,293,294,167,296,169,299,172,301,302,175,173,305,178,177,306,309,179,183,184,180,181,51,194,87
10,142,147,148,155,156,158,32,292,293,37,295,167,166,298,299,170,172,44,303,174,305,306,179,180,309,310,183,311,184,307,68,330,88,175,246,251
141,142,144,146,147,149,155,156,157,158,159,160,161,164,293,166,296,169,298,299,301,302,174,304,305,178,306,180,175,173,179,184,181,51,197,330,208,87
5,141,142,144,147,154,155,157,158,160,32,161,292,293,296,169,168,299,172,300,302,174,175,305,306,178,179,309,308,183,177,307,180,51,186,330,205,210,87,98,127
141,142,144,147,148,149,150,152,153,154,155,156,158,160,292,293,164,166,296,167,298,171,299,300,172,303,175,305,306,179,178,309,310,311,183,177,180,330,82
141,142,144,147,148,149,155,158,32,161,164,293,294,295,296,169,298,299,292,167,174,166,170,172,178,307,308,309,306,183,184,179,310,180,330,175
141,142,144,147,148,153,155,158,160,164,293,294,295,296,169,170,299,298,292,174,302,167,305,306,307,308,309,178,175,184,179,310,180,166,328,330,172
141,142,144,147,148,155,156,157,158,160,161,164,293,294,292,296,169,298,299,167,170,172,174,175,305,178,307,308,309,306,183,184,180,179,310,330
142,144,147,148,149,151,154,155,156,158,160,292,293,166,295,167,297,298,299,171,170,172,303,174,305,306,179,175,309,310,311,183,180,51,184,324,330,87
138,10,142,144,16,146,147,23,155,156,157,158,160,161,32,292,293,167,297,169,171,172,303,175,305,306,179,177,309,310,183,311,178,180,51,181,81,210,87,231,246
10,138,158,51,312,313,186,315,187,317,318,319,191,322,323,324,196,198,327,200,328,202,199,197,201,204,205,208,194,207,209,210,213,212,87,216,215,249
263,268,158,31,51,313,186,187,317,319,192,191,194,323,196,195,198,327,200,199,202,197,204,201,205,207,208,209,210,211,213,87,216,217,215,124
158,32,51,313,314,187,316,317,189,190,320,193,191,60,196,325,198,327,200,201,199,202,319,197,205,207,208,209,210,194,213,214,87,215
13,22,30,32,37,44,52,312,187,315,317,318,319,192,322,323,324,196,194,71,328,200,202,327,199,201,205,208,209,210,213,214,215,88,89,245,122
158,32,165,51,313,314,186,187,317,316,189,320,193,192,190,196,191,198,327,199,200,201,203,197,328,202,76,208,209,194,205,207,213,210,215,87
14,158,51,312,313,186,315,187,317,190,319,318,191,322,194,324,196,198,327,200,199,202,325,197,201,205,206,208,209,207,210,213,87,216,215,217,249
158,36,51,181,312,313,187,315,317,318,319,320,190,322,323,324,196,198,327,200,199,202,191,195,197,201,205,208,194,207,81,210,213,211,209,215,87,248,249
158,186,51,312,313,314,315,187,317,189,319,318,193,322,323,324,196,325,327,200,199,202,191,197,201,205,207,208,209,194,210,212,213,87,215,216
158,32,43,51,313,314,187,316,317,318,190,320,191,186,323,196,69,198,327,199,200,201,202,197,205,207,208,209,210,194,212,213,214,87,215,216
28,163,166,171,313,314,187,317,190,191,320,321,193,195,196,323,325,327,198,201,194,203,68,197,199,204,208,209,210,205,212,213,215,95,114
13,30,32,37,44,312,313,314,187,315,317,318,191,319,322,323,324,194,197,327,200,199,202,329,328,201,205,208,209,210,211,213,215,216,88,89,217
158,43,51,313,314,187,186,317,190,318,320,192,193,323,324,196,198,327,200,199,202,191,197,201,205,206,208,209,194,207,210,213,212,87,216,215
158,51,313,186,314,187,317,318,191,192,193,322,190,324,325,198,327,200,199,196,319,204,197,201,202,208,209,194,205,207,213,210,212,87,215,216,94,249
158,51,313,186,314,187,317,191,192,193,194,196,325,198,327,324,197,202,199,204,201,200,205,208,209,210,83,207,85,212,213,87,215,216,92,97
158,32,53,313,186,187,315,188,317,190,192,319,191,323,196,197,326,327,200,194,202,199,204,205,201,207,208,209,210,211,213,214,215,216,87
158,32,51,313,314,187,316,317,189,191,320,193,186,194,324,325,198,327,199,200,196,201,202,204,197,205,208,209,207,210,213,322,214,216,87,215
155,307,308,309,313,314,315,187,316,317,190,192,319,191,323,196,195,194,197,328,201,202,330,199,205,206,207,208,209,210,213,214,215,216,217,94
10,138,11,275,26,158,51,313,187,188,317,189,191,319,322,323,324,194,198,199,200,329,202,327,73,201,197,205,208,207,209,210,213,87,216,215,104,251
263,264,266,268,271,273,274,277,281,283,158,32,163,41,51,54,58,68,69,71,200,73,75,77,205,81,210,85,86,87,88,89,92,98,106,109,242,243,116,246,249,251,253
257,135,264,138,266,10,271,16,275,276,277,280,283,158,32,163,292,51,58,68,71,73,74,205,81,210,84,86,87,88,89,215,91,98,231,109,243,116,246,119,249,251
257,264,138,266,10,268,271,16,275,277,158,32,163,292,44,48,51,58,68,69,71,73,74,205,81,210,84,86,87,88,89,215,91,98,231,106,109,243,116,246,249,251
0,5,135,10,138,140,16,275,19,22,25,28,158,33,163,292,39,43,303,51,54,183,58,59,64,200,73,202,81,84,87,216,91,219,231,237,239,246,120,251
1,3,5,8,12,16,21,22,281,26,28,158,32,33,163,38,39,168,42,43,50,51,54,58,59,60,63,320,64,69,87,218,224,226,227,229,232,233,234,238,254
257,3,260,5,262,10,12,16,145,22,28,158,32,161,34,35,163,40,43,47,51,55,58,60,63,200,205,210,213,87,89,222,223,224,226,229,230,231,234,239,249,122
2,5,6,135,9,16,145,23,158,287,43,50,51,54,55,313,58,187,317,320,66,195,69,198,327,199,72,207,208,87,219,222,224,230,231,233,234,237,238
2,5,265,266,138,16,157,158,32,35,36,41,43,173,51,53,54,55,313,58,317,66,70,199,198,201,327,207,210,85,87,88,217,231,121
3,4,5,135,8,7,11,12,16,23,24,28,158,32,34,163,40,41,42,43,47,51,55,58,317,320,208,80,210,87,88,219,223,231,233,234,237,239
5,135,138,10,140,13,20,22,26,30,32,33,35,292,36,37,40,43,44,45,51,52,54,55,64,66,199,200,73,201,87,88,89,219,222,224,231,234,237,239,246,251
5,135,7,138,10,140,266,16,158,31,160,163,38,168,42,43,46,48,50,51,53,54,56,57,60,61,66,67,199,200,73,81,87,219,222,224,228,231,234,237,239,246,251
5,9,267,13,23,27,158,32,163,37,40,43,44,45,47,49,50,51,54,55,187,317,192,64,66,323,195,198,71,208,210,214,87,222,224,231,234,236,237,238,244
2,5,9,144,16,23,158,40,43,46,49,51,180,55,58,187,59,317,63,64,320,66,323,195,208,211,84,87,216,219,91,222,224,102,231,234,237,238
130,5,7,264,13,23,155,158,30,32,163,37,293,40,43,44,45,51,54,55,313,317,191,320,64,66,194,69,198,199,327,87,222,224,228,230,231,234,106,243
2,130,5,7,138,266,13,20,158,32,163,293,37,43,44,45,51,54,313,58,317,64,66,324,69,198,199,200,327,205,210,87,88,215,222,224,230,231,234,246
128,2,130,5,7,266,13,19,147,23,155,284,158,32,35,163,293,37,43,44,45,51,54,190,64,66,194,198,87,88,222,224,228,230,231,105,234,110,121
128,1,5,261,13,16,19,277,22,28,285,158,32,33,162,163,37,168,42,43,44,51,54,55,58,63,64,193,75,203,83,85,87,92,222,224,228,231,105,234
1,4,5,7,8,11,12,16,17,21,149,23,22,27,28,158,31,32,163,38,40,168,42,46,47,48,49,51,53,54,55,56,60,61,66,323,67,87,224,230,234,237
1,2,5,9,16,17,19,22,23,24,28,158,163,168,42,43,50,51,308,54,55,58,187,317,63,320,66,198,199,327,328,87,219,222,224,231,232,233,234,237,238
130,3,4,5,263,11,268,12,16,22,24,26,28,32,34,163,168,41,42,43,47,51,54,55,313,58,60,63,66,69,205,87,222,223,224,231,233,234,239
3,4,5,135,10,138,140,12,16,275,22,24,26,28,158,34,163,168,42,43,47,51,55,58,317,63,199,73,329,81,87,93,228,231,233,234,237,239,246,251
1,260,5,138,13,16,19,22,23,27,28,285,30,32,34,35,163,37,43,44,52,54,58,318,63,64,88,89,218,222,224,229,230,231,232,234,237,249,122
128,130,5,7,9,10,139,16,17,18,19,277,278,23,22,155,28,285,158,288,32,34,163,43,51,54,57,58,63,66,194,87,88,224,98,229,231,234,116,117,127
1,130,132,5,6,7,9,10,142,16,17,275,23,158,30,40,43,45,51,54,55,313,58,187,60,320,66,194,69,327,87,219,222,224,228,229,230,231,234,238
1,130,2,5,138,266,13,16,22,23,30,32,35,37,43,44,45,51,52,54,313,58,317,191,66,69,198,199,327,201,87,88,89,218,222,224,229,231,232,234,249
2,5,266,13,23,158,32,35,36,37,43,44,173,45,51,53,54,55,317,189,66,70,199,201,207,87,88,217,222,224,228,230,231,234,121
3,4,5,12,16,22,24,26,158,32,34,163,39,41,42,43,47,51,55,313,58,317,191,320,324,198,327,199,204,205,210,85,87,222,223,231,233,234,239
1,2,3,5,263,268,12,16,17,22,26,28,158,32,289,161,163,168,41,42,43,51,313,58,187,316,317,60,191,320,63,66,195,69,198,327,209,211,87,217,92,223,225,238
130,5,8,9,11,12,269,16,17,21,22,23,26,28,158,32,33,163,168,42,43,47,51,54,55,57,58,59,63,64,66,87,222,224,227,231,233,234,237,244
0,5,135,7,265,138,9,10,16,17,23,279,157,158,32,39,41,42,43,51,54,55,57,58,317,64,66,194,73,77,81,84,87,227,230,231,233,234,237,253
2,5,135,10,138,140,11,16,275,22,158,33,163,292,40,43,303,51,54,58,59,64,66,73,74,207,81,87,219,231,233,234,237,239,246,251
0,2,4,133,5,263,8,265,13,16,17,149,22,23,27,284,28,158,163,38,39,168,42,43,47,51,54,55,58,63,64,66,70,76,80,82,87,217,224,227,100,233,239,253
2,130,5,9,16,22,23,28,158,33,163,293,43,44,50,51,54,55,313,58,59,187,317,191,320,64,66,69,198,327,199,204,82,87,222,224,231,234,238
130,2,5,135,138,10,16,22,23,27,28,158,32,163,43,51,54,55,313,58,317,190,63,320,64,66,69,198,205,210,87,88,216,222,224,98,231,234,244,127
128,1,2,5,261,15,16,17,19,277,22,23,26,28,158,160,32,163,168,42,43,51,54,55,313,58,63,320,69,198,327,210,85,87,92,222,224,228,231,232,234,238
128,1,3,5,261,12,16,17,19,277,22,23,28,158,160,33,34,163,168,42,43,51,54,313,58,59,190,63,64,69,85,87,92,222,224,228,229,230,231,234,110,238
257,1,131,260,5,12,142,16,17,22,23,28,158,288,34,163,168,42,43,51,309,54,55,58,317,63,200,87,89,219,222,224,225,228,229,230,231,232,234,237,238,122
5,135,138,10,140,266,13,16,275,26,158,32,33,163,292,37,40,168,43,44,45,303,51,54,55,64,66,73,81,84,87,91,224,228,230,231,234,237,239,246,251
1,5,135,13,19,23,155,158,31,32,37,40,43,44,45,49,51,54,55,64,66,195,323,196,206,87,91,92,222,224,99,231,232,234,235,122
1,2,130,5,133,261,264,7,9,10,16,22,26,27,158,30,32,163,170,43,44,42,45,51,54,55,58,320,66,194,69,198,87,218,222,224,230,231,234,243
130,2,5,135,264,10,16,22,23,28,158,32,33,163,293,42,43,306,51,54,55,313,58,59,317,63,320,64,66,69,198,205,210,85,87,88,222,224,231,234,243
130,5,7,266,138,13,20,23,158,32,163,37,43,44,45,49,51,54,55,313,58,317,320,64,66,69,198,199,327,205,210,215,87,222,224,228,230,231,234,243,121
130,3,4,5,263,7,10,268,12,16,24,25,26,158,32,34,41,42,43,47,48,51,54,55,313,314,58,191,320,194,69,198,327,200,87,222,223,224,231,233,234,239
1,130,5,143,16,15,19,20,22,23,26,27,28,158,160,33,34,163,293,167,168,42,43,51,53,310,54,185,58,63,66,199,87,88,222,224,228,231,234,238
1,130,2,5,135,13,20,23,158,32,163,37,41,43,44,45,51,54,55,313,58,60,317,320,64,66,69,199,327,205,79,210,87,215,219,222,224,230,231,234,237,122
130,2,5,7,264,135,138,274,147,151,26,158,31,32,163,293,38,171,46,48,306,50,51,53,56,185,313,57,58,60,61,67,324,69,198,327,205,210,83,85,87,88,92,231,234,246
0,5,9,12,13,15,17,19,21,23,158,32,37,40,43,44,45,51,54,55,187,66,198,327,87,88,222,223,224,225,229,231,233,234,236,237,238
5,135,7,10,138,140,266,16,158,31,160,163,38,168,43,46,48,50,51,53,56,57,60,317,61,67,327,199,329,73,81,87,219,221,228,231,234,236,237,239,246,251
2,5,135,138,10,266,16,22,26,28,158,32,163,42,43,51,54,58,317,63,69,198,199,327,73,200,205,81,210,87,222,224,231,234,237,239,243,246,251
0,130,2,3,5,7,139,16,23,29,157,158,32,37,39,42,43,51,54,55,313,58,59,320,64,66,198,213,87,219,222,224,227,231,233,234,108,237,124,126
3,4,135,10,138,11,12,271,16,22,24,26,158,32,34,163,43,47,51,54,55,58,191,199,200,73,329,205,81,210,87,223,231,233,237,239,246,251
1,2,5,135,13,19,23,155,158,32,37,43,44,45,51,54,55,187,190,64,66,195,196,323,194,205,206,208,209,210,87,215,217,92,224,228,231,105,234,122
2,5,13,17,149,23,27,158,159,32,33,162,163,37,166,41,43,44,45,174,51,182,55,54,57,64,66,67,68,69,70,205,80,208,210,87,217,92,224,234,107
5,261,264,138,11,16,277,22,26,28,158,32,163,293,39,43,44,51,54,55,58,317,190,69,198,327,75,205,210,84,85,87,88,92,223,98,231,243,246,118,127
2,5,264,138,13,20,23,158,30,32,163,293,37,43,44,45,306,51,54,313,58,317,191,64,66,324,69,198,327,200,205,210,85,87,88,215,92,230,231,234,246
130,2,5,264,136,13,16,17,22,23,158,32,33,160,163,37,168,41,42,43,44,45,51,54,55,313,59,60,190,62,320,64,66,69,87,88,222,224,230,231,234,238
5,135,7,138,10,140,266,13,16,23,158,30,32,163,37,40,43,44,45,51,54,62,64,66,194,199,73,329,81,87,222,224,228,230,231,234,237,239,251
128,2,5,135,16,17,19,20,278,22,28,285,157,158,32,163,39,43,44,175,51,54,58,59,63,195,196,210,83,85,215,87,92,223,224,231,105,234,235,233,117,118
128,1,5,7,13,19,155,285,158,30,32,163,37,43,44,45,51,54,55,317,62,64,66,194,198,203,85,215,87,92,222,224,228,230,234,235,108,240
5,134,135,10,138,140,16,275,22,26,28,158,32,35,292,163,166,43,303,51,179,54,311,58,63,200,73,329,74,81,210,87,219,91,226,231,234,237,239,246,251
1,130,2,5,8,10,15,16,17,19,277,22,23,26,28,158,160,32,163,168,42,43,51,54,313,58,63,320,66,69,327,208,210,87,92,222,224,231,105,234,238
130,5,7,266,10,13,23,155,30,158,32,163,37,43,44,45,51,53,54,55,313,58,64,66,194,68,69,70,199,201,210,87,88,222,224,228,231,105,234,106,239,116,121,251
0,1,5,8,9,11,12,14,16,17,19,22,23,25,26,27,28,29,32,163,41,42,43,47,51,55,58,63,65,66,87,222,224,231,232,233,234,237
261,263,264,271,273,277,283,158,32,163,44,51,68,69,71,75,205,81,210,83,84,85,86,87,88,89,215,92,94,98,105,106,109,243,116,117,246,120,249,250,251,253
264,266,269,273,274,277,281,283,158,32,163,51,58,192,68,69,324,71,75,205,81,210,84,85,86,87,88,89,215,92,94,98,106,109,110,243,116,246,249,250,251,253,254
256,257,258,260,261,262,7,264,266,267,268,270,271,158,32,168,51,194,68,69,71,73,81,213,86,87,88,89,93,121,229,106,109,242,243,116,245,246,248,249,251
261,263,264,268,270,271,275,277,282,158,32,163,44,51,58,68,69,71,200,73,76,205,81,210,86,87,88,89,215,98,106,109,242,243,116,246,249,251,253,255
261,264,266,269,273,277,281,283,158,32,163,168,41,51,68,69,71,75,76,205,80,81,210,86,87,88,89,92,121,98,104,106,108,109,242,243,116,117,120,249,250,251,253
2,264,266,268,273,281,283,158,32,173,306,51,53,313,189,68,69,70,199,327,201,75,207,81,210,85,86,87,88,217,89,92,249,109,243,116,246,121,250,253
263,264,266,269,273,274,281,283,158,32,160,163,51,313,58,191,68,69,198,71,72,75,205,81,210,85,86,87,88,89,215,92,98,106,109,243,116,246,120,249,253,254
263,264,265,266,269,273,281,283,284,158,32,163,168,51,68,69,71,72,76,77,205,79,81,210,84,86,87,88,89,98,106,109,241,243,116,245,117,119,249,251,252,253,254,127
261,263,264,7,266,269,273,274,277,281,283,158,32,165,39,168,51,186,316,194,68,69,71,75,79,81,85,86,87,88,89,106,109,242,243,116,117,246,249,251,253,254
257,264,10,138,266,268,270,271,267,140,16,275,158,32,163,292,48,51,68,69,71,73,74,205,81,210,84,86,87,88,89,98,231,104,106,237,109,243,116,246,249,250,251
264,266,11,268,269,273,277,281,283,158,32,163,43,44,51,313,58,68,69,327,71,75,205,79,81,210,85,86,87,88,89,215,92,98,249,106,109,243,116,246,121,250,251,253
135,138,10,266,268,271,16,275,26,158,32,163,292,44,51,68,69,71,73,74,202,205,81,210,84,86,87,88,89,215,91,98,249,231,109,239,243,115,116,246,121,251
261,135,264,138,269,271,273,277,278,283,158,32,289,163,178,51,68,69,71,75,205,81,210,83,85,86,87,88,89,92,105,109,111,112,114,243,115,117,116,118,249,122,253,127
257,258,259,260,263,135,7,267,268,271,281,283,155,158,163,51,194,68,69,70,71,200,73,74,79,81,86,87,88,89,121,99,106,109,241,243,116,245,246,249,250,251,253
257,138,266,10,268,271,16,275,277,158,32,163,292,44,51,58,68,69,71,73,74,75,205,81,210,84,86,87,88,89,215,91,98,231,106,107,109,243,116,246,249,251,253
261,263,264,269,273,274,281,283,284,157,158,32,163,43,51,313,58,68,69,198,71,75,205,81,210,84,85,86,87,88,89,215,92,98,106,109,241,243,116,246,249,251,252,253
256,263,8,7,267,269,274,281,283,155,158,163,166,41,51,194,68,69,70,71,72,76,77,79,81,85,86,87,88,92,121,98,99,105,106,109,243,244,245,116,249,253,254
7,264,266,269,271,273,277,280,281,282,283,158,32,51,194,68,69,70,71,75,79,81,85,214,87,88,89,86,92,121,106,109,110,243,116,117,246,119,120,249,250,251,252,253
256,257,258,261,263,264,7,266,271,158,32,163,51,194,68,69,70,71,199,73,76,79,81,210,86,87,88,89,249,231,106,109,242,243,116,246,121,251,253,255
261,262,7,277,278,155,158,32,163,51,194,68,69,70,71,75,79,81,85,86,87,88,89,90,92,93,94,95,97,104,105,106,109,112,114,115,243,117,116,120,121,250,253
256,257,258,260,261,262,7,264,267,270,271,275,277,155,158,32,163,51,194,68,69,70,71,73,205,81,210,213,86,87,88,89,121,106,109,243,116,245,246,248,249,251
256,263,264,269,274,281,283,284,158,32,163,168,44,51,68,69,70,71,72,76,77,205,79,81,210,84,85,86,87,88,89,215,98,99,106,109,241,243,116,119,249,253,254
257,258,261,263,264,10,138,266,270,271,16,275,277,158,32,172,51,180,189,68,69,73,74,81,210,84,86,87,88,89,91,106,109,243,116,246,249,250,251,253
256,263,135,265,267,269,273,274,281,283,284,155,158,32,41,47,51,187,195,71,72,74,76,77,206,80,208,81,87,88,90,100,101,106,109,115,244,117,245,119,122,253,254
261,264,266,269,270,271,141,273,277,281,283,158,32,163,42,51,58,68,69,70,71,75,205,79,81,210,85,86,87,88,89,92,98,106,109,242,243,116,117,246,249,250,251,253
257,258,260,261,262,7,264,267,270,271,144,277,283,155,158,31,41,51,194,68,69,70,71,73,79,81,86,87,88,89,121,100,106,109,243,116,117,245,248,249,250,251,253
256,263,8,7,266,267,9,269,274,275,22,283,155,158,32,163,166,40,51,187,194,68,70,71,72,73,202,74,76,77,81,84,86,87,88,99,106,109,244,245,116,121,253
256,257,258,260,262,263,267,269,273,274,275,22,281,283,158,32,163,47,51,58,187,68,71,72,77,81,210,213,86,87,88,89,109,243,244,245,246,116,249,253,254
256,257,258,263,266,267,269,13,142,271,274,22,23,281,283,158,30,32,35,37,44,45,51,52,187,64,71,72,199,201,76,77,81,87,88,89,99,243,244,245,249,253,254
256,257,258,260,262,267,269,274,22,281,283,158,32,163,178,51,315,187,68,71,72,73,202,76,77,205,81,210,213,86,87,88,89,98,109,243,244,245,116,248,249,253,254
256,257,258,260,262,263,267,269,274,22,283,158,32,163,51,187,68,71,72,202,76,77,205,208,81,210,85,213,86,87,89,88,98,109,243,244,245,246,116,248,249,253
256,257,258,260,262,7,9,267,269,14,275,283,155,158,31,32,40,48,53,56,57,60,194,68,70,71,72,73,74,76,77,86,87,89,121,106,243,244,245,116,249,251,253
256,257,263,265,266,267,268,269,271,283,158,32,168,44,51,187,68,71,200,73,74,202,77,205,208,81,210,84,86,87,88,89,215,98,109,244,245,246,116,249,251,253
256,8,267,269,274,23,283,158,32,163,166,40,44,51,58,187,188,68,71,72,73,202,76,77,205,208,81,210,86,87,88,89,215,98,99,106,109,244,245,246,116,253
256,257,263,7,267,269,271,274,283,155,158,32,163,166,51,188,194,68,70,71,72,73,202,76,77,79,81,84,86,87,88,89,121,99,106,109,243,244,245,246,116,249,251,253,254
256,257,258,259,260,262,263,267,269,283,158,32,163,51,58,188,68,71,73,76,77,205,79,81,210,213,86,87,88,89,94,98,109,242,243,244,245,116,248,249,122,251,253
256,257,0,8,267,269,274,275,283,158,32,163,166,39,51,188,68,71,72,73,202,76,77,205,81,210,84,86,87,88,89,94,99,109,243,244,245,246,116,120,251,253,254
256,8,138,267,269,274,23,283,158,32,163,166,168,46,51,188,68,71,72,73,202,76,77,205,208,81,210,84,86,87,88,89,99,109,243,244,245,246,116,249,122,251,253,254,127
256,257,8,267,269,275,283,158,32,166,168,44,51,187,192,68,71,72,73,202,76,77,205,81,210,84,86,87,88,89,215,91,94,98,99,109,243,244,245,246,116,249,251,253,254
257,10,267,269,271,16,275,276,283,158,32,163,44,51,58,188,68,71,72,73,74,202,77,205,81,210,84,86,87,88,89,215,91,98,237,109,243,244,245,246,116,249,251,254
256,257,258,259,260,262,267,269,271,275,283,158,32,163,42,43,44,51,318,319,322,68,71,205,81,210,213,86,87,88,89,215,98,109,243,244,245,116,248,249,122,251
256,259,263,7,268,272,274,283,284,158,31,32,168,51,194,68,71,72,74,76,79,80,81,210,84,85,86,87,88,89,92,121,99,101,105,106,107,109,116,246,119,249,253
257,258,261,263,264,266,13,271,18,277,22,158,30,32,35,37,44,45,51,52,64,67,69,71,199,200,201,75,81,87,88,89,96,121,106,109,110,243,117,249,250,251,253,255
261,6,263,265,267,268,12,19,158,32,163,40,51,57,63,66,323,195,68,74,76,77,205,81,210,85,86,87,88,89,90,92,99,100,232,109,114,244,117,116,119,253
256,257,258,259,260,262,263,267,268,14,271,158,32,163,51,58,317,318,68,71,73,205,81,210,213,86,87,88,89,215,94,98,106,109,110,243,116,245,117,248,249,122,251
261,263,264,277,283,158,32,163,44,51,58,68,69,71,75,205,81,210,83,85,86,87,88,89,215,92,93,94,97,98,104,105,106,109,114,115,243,117,116,120,249,250
258,263,265,269,273,277,281,283,284,158,32,163,51,58,196,68,69,198,72,71,76,77,205,80,81,210,83,84,85,86,87,88,89,92,98,105,106,109,112,243,116,117,119,253,254
257,258,259,260,262,264,267,269,271,277,283,158,32,163,51,313,58,68,69,71,73,75,205,81,210,213,86,87,88,89,90,98,122,106,108,109,242,243,116,245,246,248,249,250,251
257,263,264,266,10,268,138,271,16,275,277,158,32,163,44,51,54,58,68,69,71,73,74,205,81,82,210,84,86,87,88,89,215,91,92,98,231,109,243,116,246,249,251
256,263,8,267,269,274,277,281,283,158,32,163,166,40,49,51,58,188,189,68,69,71,72,76,77,80,208,81,210,84,85,86,87,88,89,92,99,109,243,244,116,246,249,253,254
257,263,8,7,266,267,9,269,274,275,280,283,158,32,166,51,187,194,68,70,71,72,73,202,74,76,77,81,86,87,88,119,99,106,109,243,244,245,246,116,121,251,253
256,257,263,8,7,9,267,269,274,280,283,158,32,166,40,168,51,187,192,65,194,68,71,72,76,77,81,84,86,87,88,89,92,99,106,109,243,244,245,116,249,253,254
257,10,266,138,268,271,16,275,282,158,32,163,44,46,51,58,68,69,71,73,74,202,205,81,210,84,85,86,87,88,89,215,121,98,231,106,109,239,243,116,246,249,251,253
256,263,8,264,267,268,269,276,283,158,32,163,166,44,51,58,68,70,71,72,73,74,76,77,205,81,210,84,86,87,88,89,215,92,98,99,106,109,243,244,116,246,249,253,254
257,261,263,266,10,268,270,271,16,275,277,158,32,163,51,58,68,69,71,73,74,205,80,81,210,84,86,87,88,89,215,91,92,98,106,109,110,243,116,246,249,251,253
256,257,258,260,262,264,267,271,277,281,158,32,163,44,51,309,58,318,68,69,71,73,330,205,81,210,85,213,86,87,89,88,215,98,109,242,243,116,245,246,248,249,122,251,253
256,259,263,264,7,268,272,274,279,281,158,31,32,168,176,51,194,68,69,71,72,74,76,79,80,81,210,84,85,86,87,88,89,92,121,99,101,106,109,116,246,119,249,253
256,261,263,267,269,274,281,283,158,32,47,51,187,316,69,71,72,76,77,205,79,80,81,208,210,87,88,89,92,96,97,100,107,109,114,243,244,245,117,119,249,253,254
2,264,266,267,270,277,281,282,283,158,173,51,53,184,68,69,70,71,199,201,207,80,81,86,87,88,217,91,97,106,109,110,243,116,246,121,251,253
263,264,7,266,269,271,273,277,281,283,158,32,168,51,194,68,69,70,71,75,79,81,210,85,86,87,88,89,92,121,106,109,110,242,243,116,246,249,250,251,253
261,264,269,273,277,278,283,158,32,163,44,51,58,68,69,71,75,205,80,81,210,83,84,85,86,87,215,88,89,92,97,98,105,106,109,115,243,117,116,120,250,253
263,264,266,269,273,277,281,283,158,32,163,51,58,68,69,71,72,75,79,80,81,210,84,85,86,87,88,89,92,106,109,110,111,243,116,244,246,249,251,253
261,263,7,9,269,13,273,274,277,281,283,158,32,168,51,187,194,196,69,68,70,72,71,76,77,80,81,210,85,86,87,88,89,92,105,106,109,114,243,244,117,116,121,253,254
257,1,135,263,10,138,267,268,266,271,16,275,276,158,32,163,44,51,68,71,73,74,202,205,81,210,84,86,87,88,89,215,91,93,94,98,237,109,243,116,245,246,249,251
256,257,258,260,262,264,267,269,270,271,275,283,158,32,163,168,51,316,68,69,71,200,205,80,209,81,210,212,213,86,87,88,89,106,109,242,243,116,245,246,248,249,251,253
256,257,258,260,262,264,267,271,275,277,158,32,163,44,51,58,68,69,71,73,205,81,210,84,213,86,87,88,89,215,98,106,109,242,243,116,245,246,248,249,122,251,253
258,263,264,266,269,273,274,277,281,283,158,32,163,51,58,68,69,71,75,205,80,81,210,85,86,87,88,89,215,98,106,109,241,242,243,116,246,249,250,251,253,254
256,263,264,7,135,267,9,269,271,273,281,153,283,284,158,32,296,42,177,51,187,68,69,71,72,76,77,79,208,81,86,87,88,92,100,106,109,243,244,117,245,116,249,253,254
257,135,10,267,11,269,271,16,275,276,22,283,158,32,163,51,58,187,68,71,73,74,202,77,80,81,84,86,87,88,89,91,237,109,243,244,245,246,116,251
7,264,266,269,270,273,274,277,281,283,155,158,32,163,51,188,189,192,194,68,69,70,71,73,75,77,79,81,85,86,87,88,121,100,106,109,243,116,117,246,119,249,250,251,253
261,7,264,266,269,270,271,273,277,281,283,155,158,32,163,36,51,194,68,69,70,71,74,75,79,81,86,87,88,121,122,106,109,110,112,242,243,116,117,246,249,250,251,253
259,263,268,272,274,158,31,32,163,178,51,58,66,68,71,72,74,77,205,79,80,81,210,211,84,85,86,87,88,89,215,92,98,99,101,109,114,115,116,119,249,253
256,257,258,262,263,135,267,269,274,283,158,32,164,36,166,169,51,181,187,318,68,69,71,72,76,77,208,81,210,86,87,88,89,99,109,243,244,245,246,116,248,249,250,253
257,1,261,263,264,268,271,273,277,279,281,283,157,158,32,163,51,68,69,81,210,86,87,88,89,94,100,122,104,106,109,110,241,243,116,117,120,249,250,251,255
257,264,266,138,10,271,16,275,277,283,158,32,163,44,51,58,68,69,71,73,74,205,207,81,210,84,86,87,88,89,215,91,98,231,106,109,243,116,246,249,251,253
263,264,267,269,273,274,281,283,284,158,32,163,168,44,51,68,69,71,72,76,77,205,79,81,210,85,86,87,88,89,215,92,98,106,109,243,244,116,246,249,253,254
256,257,258,259,260,4,262,7,267,283,284,158,32,168,51,194,68,71,72,74,76,77,79,81,210,213,86,87,88,89,121,100,101,104,106,109,116,245,119,248,249,122,253
256,257,258,259,263,267,269,274,22,283,158,32,163,166,168,51,187,60,68,71,72,76,77,79,80,81,210,213,86,87,88,89,99,100,101,109,243,244,245,116,249,253,254
258,259,135,7,265,266,267,11,10,271,16,275,158,32,51,319,194,68,70,71,72,73,74,202,81,210,84,86,87,88,89,91,99,106,109,243,116,245,246,121,251,253,255
261,7,266,277,155,158,163,51,54,188,61,189,194,68,70,71,73,75,79,81,86,87,88,92,93,94,97,228,104,105,106,234,109,110,243,116,117,244,120,121,250,251
2,264,266,138,270,277,158,168,43,173,51,53,189,68,69,70,199,71,73,201,75,79,207,81,85,86,87,88,217,92,95,121,231,106,109,110,113,243,116,246,249,251
257,263,264,266,269,270,271,273,281,282,283,158,32,163,51,68,69,198,72,73,77,205,81,210,84,85,86,87,88,89,92,98,106,109,243,116,117,246,249,251,252,253,254
259,263,135,266,267,268,271,272,275,158,31,32,163,44,51,58,68,71,72,73,74,76,205,79,80,81,210,84,86,87,88,89,215,91,92,98,99,109,116,246,119,251,253
257,258,262,264,270,271,16,18,275,277,24,158,32,163,51,68,71,73,74,75,205,81,210,84,86,87,88,89,98,100,106,109,243,244,116,246,249,250,251,255
257,261,7,264,266,269,270,271,273,277,281,283,155,158,32,163,51,194,68,69,70,71,75,79,81,85,86,87,88,89,121,122,106,109,242,243,116,246,120,249,250,251,253,254
261,264,271,273,277,281,283,158,32,163,168,51,313,58,68,69,71,75,205,80,81,210,83,85,86,87,88,89,215,91,92,98,105,106,109,243,116,117,246,120,249,250,253
257,258,259,10,266,138,267,268,271,16,275,26,158,32,163,51,58,68,71,73,74,77,205,81,210,84,85,86,87,88,89,215,94,98,231,237,109,239,243,116,246,249,251
263,264,268,270,271,273,20,277,281,283,157,158,32,163,51,68,69,75,204,81,210,86,87,88,89,106,109,110,124,241,242,243,114,117,116,118,249,250,251,252,253,254,255
257,259,263,264,267,269,273,274,22,281,283,158,32,163,42,51,186,187,68,69,71,72,76,77,205,208,81,210,84,85,86,87,88,89,92,106,109,241,243,244,245,116,249,253,254
256,262,263,7,135,266,267,269,273,274,277,281,283,155,158,32,168,51,195,68,69,71,72,76,77,206,79,81,86,87,88,92,106,109,112,114,243,244,117,115,116,249,122,253
263,264,266,269,270,273,277,281,283,158,32,44,51,68,69,73,75,205,81,210,85,86,87,88,89,215,92,94,98,106,109,110,242,243,116,246,249,250,251,253
263,264,135,268,269,273,274,281,283,158,32,163,51,58,196,69,68,71,75,81,85,86,87,88,89,92,97,99,106,109,241,242,243,116,117,118,249,250,252,253,254
257,10,267,138,140,266,271,268,269,16,275,276,158,32,163,51,58,68,71,73,74,205,81,210,84,86,87,88,89,215,91,98,231,106,237,109,243,116,246,247,120,249,251
257,260,266,10,267,268,271,16,275,158,32,163,44,46,51,58,68,71,73,74,329,205,81,210,84,86,87,88,89,215,91,98,231,106,237,109,239,243,116,246,247,249,251
263,265,266,268,283,284,158,32,163,51,58,66,68,69,70,71,72,73,74,77,205,79,80,81,210,84,86,87,88,89,98,106,109,243,116,119,248,121,251,253,255
261,264,271,277,278,158,32,163,44,51,58,68,69,71,75,205,81,210,84,85,86,87,88,89,215,92,93,94,95,98,104,105,106,109,243,116,117,120,249,250,251,255
256,263,8,267,269,274,22,281,283,158,32,163,166,51,187,68,69,71,72,202,76,77,205,208,81,210,84,85,86,87,88,89,92,98,99,105,109,243,244,245,116,249,253,254
261,264,266,268,274,277,158,32,163,44,51,58,68,69,70,71,199,73,75,205,81,210,86,87,88,89,215,121,98,106,107,109,242,243,116,246,120,249,251,253,255
256,257,258,260,261,262,264,267,269,270,271,283,158,32,163,51,312,58,318,68,69,71,73,205,81,210,213,86,87,88,89,98,109,243,116,245,246,248,249,250,251
261,263,264,271,273,277,278,284,158,32,163,301,51,58,68,69,71,75,205,81,210,85,86,87,88,89,215,92,94,95,98,104,105,109,114,115,243,117,116,120,250,255
261,267,277,278,283,284,158,32,163,51,58,190,68,69,71,75,205,80,81,210,83,85,86,87,88,89,90,215,92,97,98,105,106,109,110,114,115,243,117,116,120,250,253,255
261,263,264,266,269,273,274,277,281,26,283,158,32,163,51,58,68,69,71,75,205,80,81,210,83,84,85,86,87,88,89,215,92,98,106,107,109,243,116,246,249,253,254
256,263,265,268,274,281,283,284,158,32,163,51,58,68,69,71,72,74,76,77,205,79,81,210,84,86,87,88,89,98,100,101,106,107,109,241,243,116,119,249,252,253,254
256,257,258,260,262,264,267,269,271,273,281,283,158,32,163,44,51,58,318,68,69,71,205,81,210,213,86,87,88,89,215,98,106,109,242,243,116,245,246,248,249,122,251
257,260,261,7,264,269,270,271,273,18,277,281,283,158,163,51,194,67,68,69,70,71,200,75,81,84,86,87,88,89,92,96,121,106,109,242,243,116,246,249,251,253
256,257,258,260,262,267,271,16,275,22,283,158,32,34,163,51,58,318,322,68,71,200,73,72,205,81,210,213,86,87,88,89,98,229,106,109,242,243,116,245,248,249,251,253
256,257,258,260,262,264,267,271,275,277,150,283,158,32,163,51,58,318,68,69,71,73,75,76,205,81,210,213,86,87,88,89,215,98,109,243,244,245,246,116,248,249,122,251
256,257,258,260,261,262,264,267,269,13,271,22,281,283,158,30,32,35,37,44,45,51,52,64,69,199,200,73,201,81,87,88,89,93,106,109,243,245,246,119,248,249,251,253
135,7,10,267,268,16,275,276,280,155,158,51,194,195,68,70,71,72,73,74,76,77,206,81,84,86,119,87,88,91,100,102,231,106,237,109,115,116,246,247,121,122,251
257,135,263,10,267,138,268,271,16,275,276,158,32,163,44,51,58,68,71,73,74,77,205,81,210,84,86,87,88,89,215,91,98,231,106,107,237,109,243,116,245,246,249,251
261,264,266,270,271,273,18,277,158,32,163,168,51,67,68,69,71,200,75,205,80,209,81,210,212,85,86,87,88,89,92,96,249,106,109,110,242,243,116,246,121,250,251,253
256,257,258,259,260,261,262,263,264,267,271,158,32,163,44,51,58,318,68,69,71,73,205,81,210,213,86,87,88,89,215,98,106,109,242,243,115,245,246,116,248,249,122,251
261,262,264,269,271,273,274,277,281,283,158,32,163,44,51,313,58,68,69,71,75,205,81,210,83,85,86,87,88,89,215,92,98,105,106,109,243,116,246,120,249,250,253
256,257,8,267,269,274,23,281,283,158,32,163,166,44,51,58,68,70,71,72,76,77,205,79,81,210,86,87,88,89,215,98,99,106,109,243,244,245,116,249,253,254
256,257,258,259,260,262,267,271,158,32,34,163,41,44,51,312,58,317,318,322,68,71,205,81,210,213,86,87,88,89,215,91,98,109,242,243,116,245,248,249,122,251
257,258,260,135,10,267,138,266,271,16,275,276,158,32,163,44,51,58,68,71,73,74,205,81,209,210,84,86,87,88,89,215,91,98,231,106,237,109,243,116,245,246,249,251
257,258,260,261,262,264,267,269,271,275,281,283,158,32,163,44,51,58,66,68,69,71,73,205,81,210,86,87,88,89,215,98,106,107,109,243,116,245,246,248,249,253,254
256,257,258,260,261,262,264,267,269,270,271,283,158,32,163,51,58,68,71,73,205,81,210,213,86,87,88,89,215,96,98,109,242,243,116,245,246,248,249,122,251,252,253,254
257,260,261,262,7,264,269,271,273,281,283,155,158,32,163,169,51,188,189,194,68,69,70,71,75,79,81,85,86,87,88,89,121,106,109,243,116,246,249,250,251,253,254
256,257,258,260,261,262,7,264,267,269,271,275,281,155,158,32,163,51,194,68,70,71,72,73,79,81,213,86,87,88,89,121,105,106,109,243,116,245,117,248,249,251,253
256,263,264,11,269,271,273,274,281,283,158,32,163,51,68,69,71,72,76,77,205,79,80,81,210,84,85,86,87,88,89,92,98,106,109,243,116,246,249,253,254
1,261,7,264,266,268,270,271,273,277,158,32,41,51,194,68,69,71,73,79,81,210,86,87,88,89,94,121,122,106,109,110,242,243,116,117,246,249,250,251,253,255
263,264,269,273,277,281,283,158,32,51,68,69,71,75,205,79,80,81,210,84,85,86,87,88,89,91,121,97,98,100,101,106,109,241,243,116,117,245,246,249,253,254,255
259,263,268,272,274,276,158,31,32,163,51,58,65,68,71,72,74,76,205,79,80,81,210,84,86,87,88,89,247,92,99,100,101,106,107,109,116,125,246,119,253,255
263,264,7,266,269,271,273,275,277,281,283,158,32,163,39,51,188,189,194,68,69,70,71,73,75,79,81,86,87,88,223,121,106,109,242,243,116,117,246,249,250,251,253,254
257,258,260,7,10,266,267,138,271,16,275,277,158,32,168,51,311,313,194,68,71,73,74,81,210,84,86,87,88,89,93,121,106,109,242,243,116,246,249,251
256,261,263,264,7,9,267,12,269,271,273,274,281,283,156,158,32,42,51,187,65,68,71,72,76,77,79,81,86,87,88,92,106,109,243,244,245,117,116,249,253,254
261,263,264,269,271,146,277,278,158,32,163,166,178,51,58,195,68,69,71,75,205,81,210,85,86,87,88,89,90,215,92,95,98,100,101,104,105,109,114,116,117,120,250,255
257,258,261,262,264,266,267,270,271,275,277,158,32,163,44,51,58,68,71,73,205,81,210,213,86,87,88,89,215,98,249,122,106,107,109,243,116,117,248,121,250,251,255
256,257,258,259,263,7,267,269,23,283,158,32,163,166,40,51,194,68,70,71,72,74,76,77,205,81,210,84,86,87,88,89,121,99,100,101,106,109,244,245,116,249,253
261,264,266,273,277,281,283,158,32,163,44,46,306,51,58,68,69,71,75,205,79,81,210,85,86,87,88,89,215,92,98,106,109,242,243,116,246,249,250,253
7,264,266,11,271,273,277,281,283,158,32,168,43,306,51,313,194,68,69,70,71,75,79,81,210,84,85,86,87,88,89,92,121,106,109,110,242,243,116,246,249,251,253
256,257,261,263,267,268,271,273,275,277,278,158,32,288,163,44,51,58,68,69,71,73,74,205,81,210,86,87,88,89,215,92,98,100,104,109,243,116,117,246,249,251
256,257,8,265,267,11,269,17,275,22,283,158,32,163,166,40,178,51,187,188,68,71,72,73,202,74,76,77,81,210,86,87,88,89,99,109,243,244,245,116,251,253
258,263,264,11,268,269,273,274,281,283,158,32,163,51,68,69,71,72,75,205,79,80,81,210,84,85,86,87,88,89,92,98,99,105,106,109,241,242,243,116,246,249,253,254
256,257,261,7,264,266,267,269,271,143,277,155,158,163,51,194,68,69,70,71,73,75,79,81,85,86,87,88,89,92,93,121,104,106,109,243,116,117,120,249,250,251
261,263,264,7,268,270,271,273,281,283,158,32,163,168,170,51,194,68,69,70,71,75,79,81,210,86,87,88,89,92,121,106,109,110,243,116,117,246,249,250,251,253,254
256,263,264,7,9,268,269,274,281,283,158,32,42,51,187,194,68,69,71,72,76,77,79,208,81,210,86,87,88,89,106,109,110,241,243,244,245,116,121,122,253,254,255
261,263,264,273,277,278,281,283,158,32,166,51,196,69,68,71,75,80,81,83,84,85,86,87,88,89,91,92,97,98,105,106,107,109,114,115,116,117,120,250,253
261,263,268,269,273,277,281,283,158,32,168,51,68,69,71,72,75,76,80,81,84,85,86,87,88,89,92,97,98,105,106,109,112,115,243,117,246,116,120,253
256,263,267,269,273,274,281,154,283,158,32,163,166,44,51,58,68,69,71,72,76,77,205,80,81,210,84,85,86,87,88,89,215,92,98,99,105,106,109,244,245,116,249,253,254
263,264,269,270,271,273,277,281,283,158,32,163,168,48,51,179,58,68,69,71,77,205,80,81,210,86,87,88,89,92,98,106,109,110,242,243,116,246,249,251,253
257,258,259,264,266,138,10,268,271,16,275,277,158,32,163,44,51,58,68,69,71,73,74,205,81,210,84,86,87,88,89,215,91,98,106,107,109,242,243,116,246,249,251
257,258,261,10,138,266,270,271,16,275,277,284,158,32,163,44,51,58,68,69,71,73,74,205,81,210,84,86,87,88,89,215,98,231,106,237,109,242,243,116,246,249,251,255
261,264,266,277,283,158,32,163,44,51,58,68,69,71,75,205,81,210,85,86,87,88,89,215,92,93,94,97,98,105,106,109,243,115,117,246,116,120,249,250,253
261,263,264,266,268,277,281,158,32,163,44,51,58,68,69,71,75,205,81,210,85,86,87,88,89,215,91,92,93,98,249,106,234,109,110,243,116,117,120,121,250,251
259,264,138,10,266,268,270,271,16,275,277,282,158,32,163,51,68,69,71,73,74,75,205,81,210,84,86,87,88,89,91,106,108,109,242,243,114,116,246,117,249,251,253
261,7,264,269,270,271,273,18,277,158,32,168,51,194,67,68,69,71,75,81,85,86,87,88,92,94,96,121,106,109,242,243,116,246,120,249,250,251,253
257,261,135,10,138,266,271,16,275,277,158,32,163,292,51,311,58,68,69,71,200,73,74,205,78,81,210,84,86,87,88,89,215,91,98,231,237,109,243,116,246,249,251
261,7,264,266,268,269,271,277,281,283,158,32,168,51,194,68,69,70,71,73,75,79,81,210,86,87,88,89,121,106,109,110,242,243,116,246,249,251,253,254,255
256,257,258,261,262,263,264,7,267,269,271,273,274,281,155,158,32,163,51,194,68,69,70,71,72,79,81,213,86,87,88,89,121,106,109,243,116,117,245,119,249,251,253,254
263,264,269,271,273,274,281,283,158,32,163,44,51,313,58,68,69,71,75,205,79,80,81,210,84,85,86,87,88,89,215,92,98,106,109,110,242,243,116,246,119,249,253,254
261,263,269,273,277,278,283,158,32,163,44,51,58,68,69,71,75,205,81,210,83,85,86,87,88,89,215,91,92,95,98,231,105,109,114,115,243,117,116,120,250,253,255
261,7,264,269,270,271,18,277,283,155,158,163,51,194,67,68,69,70,71,75,79,81,82,86,87,88,96,121,106,109,110,111,242,243,116,117,246,247,249,250,251,255
263,264,268,269,271,15,273,17,277,21,281,283,158,32,163,43,51,58,68,69,198,71,205,81,210,86,87,88,89,224,98,229,106,234,109,243,116,117,251,252,253,255
257,261,7,264,263,266,270,271,277,158,32,51,313,194,68,69,70,71,73,75,79,81,210,86,87,88,89,121,106,107,109,110,243,116,117,246,249,250,251,253,255
256,263,8,7,9,267,269,274,281,283,158,32,163,42,51,187,194,68,70,71,72,76,77,79,208,81,84,214,86,87,88,92,95,106,109,243,244,245,117,116,121,253,254
263,264,266,269,271,273,274,277,281,283,158,32,163,166,45,174,51,68,69,327,71,75,205,81,210,84,85,86,87,88,89,92,98,106,107,109,243,116,117,246,249,253,254
261,264,269,273,274,277,281,158,32,163,44,51,58,68,69,71,75,205,80,81,210,85,86,87,88,89,215,92,95,97,98,105,106,109,242,243,115,117,246,116,120,249,250
261,264,266,270,271,273,18,277,281,283,158,32,163,44,51,56,58,67,68,69,71,75,205,80,81,210,85,86,87,88,89,215,92,98,106,109,242,243,116,246,249,251,255
261,263,264,266,269,270,273,277,281,283,158,160,32,163,51,58,191,68,69,71,75,205,81,210,85,213,86,87,88,89,92,104,106,109,243,116,117,120,249,250,251,253
257,258,261,5,7,264,267,268,269,270,271,144,277,281,155,158,51,188,194,68,69,70,71,73,79,81,86,87,88,89,121,98,106,109,242,243,116,117,246,248,249,251,253,127
2,264,266,268,270,271,277,280,283,158,168,173,51,53,189,68,69,70,199,71,73,201,75,207,81,86,87,88,217,121,231,106,109,110,243,116,246,119,249,251,253
259,261,263,264,266,270,273,277,281,282,283,158,32,163,43,51,59,68,69,198,71,75,205,81,210,85,86,87,88,89,92,106,108,109,110,113,243,116,117,246,249,251,253
257,261,263,264,266,267,270,271,16,275,276,277,158,32,163,44,46,51,58,68,69,71,73,74,205,81,210,84,86,87,88,89,215,98,106,109,243,116,246,247,249,251,253
135,263,7,10,138,266,268,271,16,275,26,158,32,163,51,58,68,71,73,74,329,202,205,80,81,210,84,86,87,216,88,89,91,98,231,106,237,109,243,116,246,249,251
256,259,263,267,268,269,280,283,284,158,32,290,166,168,174,51,195,68,72,74,76,205,80,81,210,211,84,86,87,88,89,92,94,98,100,101,103,107,109,243,116,119,249,253
257,135,10,138,266,268,271,16,275,276,280,26,158,32,51,187,194,68,73,74,329,202,205,81,210,84,86,87,215,88,89,91,231,237,109,239,242,243,116,246,119,249,251
256,257,259,7,267,269,274,275,276,283,155,158,32,163,166,40,51,58,194,68,70,71,72,73,202,74,76,77,79,81,86,87,88,89,99,106,109,243,244,245,116,121,251,253
256,263,264,7,267,268,269,144,277,283,158,32,51,180,188,194,68,69,70,71,72,73,76,77,79,80,81,86,87,88,92,95,121,106,109,110,112,243,116,244,119,249,251,253
256,259,263,265,267,268,272,283,284,158,31,32,163,51,58,66,68,71,72,74,76,77,205,79,80,81,210,84,86,87,88,89,92,98,99,100,101,109,116,119,253
263,264,11,269,273,277,281,283,158,32,163,44,51,313,58,68,69,71,75,205,79,81,210,85,86,87,88,89,215,92,98,106,109,242,243,116,246,249,250,251,253,254
256,263,264,7,9,269,270,271,273,274,277,281,283,158,32,168,51,194,68,69,71,72,75,79,81,86,87,88,89,90,121,99,106,109,241,243,116,117,246,247,249,251,253,254
261,263,264,266,268,271,275,277,281,283,158,32,163,51,58,68,69,71,73,202,75,205,81,210,84,86,87,88,89,215,98,106,109,243,116,246,249,251,253,126
261,263,264,266,273,277,283,158,32,163,44,51,58,68,69,71,75,205,81,210,83,85,86,87,88,89,215,92,94,97,98,105,106,109,243,115,117,246,116,120,249,250
256,257,263,7,266,267,268,10,271,16,275,276,158,32,46,51,194,68,71,73,74,76,77,81,84,86,87,88,216,89,91,102,106,237,109,243,116,246,247,251
256,263,267,268,269,274,281,283,155,158,32,168,51,182,195,69,72,74,76,77,205,206,80,81,210,84,87,88,89,91,92,98,99,100,101,106,109,243,115,245,119,248,122,253,254
259,263,7,267,268,270,275,276,277,280,282,158,163,51,194,68,70,71,72,73,74,76,77,81,84,86,87,88,91,247,100,101,102,106,109,242,116,245,246,119,117,121,251
259,263,264,7,268,272,274,155,284,158,31,163,51,194,68,69,70,71,72,74,79,81,86,87,88,89,92,95,99,100,101,106,109,242,243,116,121,250,253,255
256,263,269,273,274,277,281,283,158,32,168,51,187,62,68,71,72,202,76,77,205,79,80,208,81,210,85,86,87,88,89,92,98,105,109,114,115,244,243,116,249,253
256,263,267,269,271,273,274,283,158,32,163,166,168,44,51,68,69,71,72,76,77,205,80,81,210,84,86,215,87,88,89,92,98,99,100,109,243,244,245,246,116,249,126,253,254
257,258,261,263,264,271,273,277,278,283,158,32,163,51,313,58,68,69,71,75,205,81,210,83,85,86,87,88,89,92,93,98,105,109,114,115,243,117,116,120,250,253
261,7,264,10,270,277,28,158,32,168,51,188,194,68,69,71,75,79,81,210,85,86,87,88,89,92,94,121,106,109,242,243,116,117,246,120,249,250,251,253,255
257,261,7,264,266,268,141,271,275,277,155,158,163,51,194,68,69,70,71,73,75,77,81,85,86,87,88,92,94,121,98,106,109,110,113,243,116,246,249,250,251
261,5,263,264,267,268,269,142,271,273,281,283,158,32,163,51,58,68,69,71,75,205,79,81,210,212,86,87,88,89,95,98,100,106,109,242,243,116,117,249,250,251,127,253,254,255
256,257,259,263,8,266,267,269,142,274,275,20,21,23,283,157,158,36,166,168,178,51,68,70,71,72,73,76,77,79,81,86,87,88,119,99,109,243,244,245,116,118,253,254
256,261,263,264,269,142,271,273,274,20,277,281,283,157,158,32,168,51,68,69,76,79,80,81,210,86,87,88,89,92,106,109,110,241,242,243,244,117,116,118,249,253,254
257,135,7,10,138,266,267,140,271,270,16,275,276,282,158,163,292,303,51,311,194,68,70,71,73,74,75,81,84,86,87,88,231,106,237,109,239,243,116,117,246,121,251
257,135,264,138,266,10,268,271,16,275,277,158,32,163,292,44,51,58,68,69,71,73,205,81,210,84,85,86,87,88,89,215,91,98,231,106,109,243,244,116,246,249,251
263,265,266,267,268,274,146,281,283,284,158,32,163,44,51,68,69,72,73,74,76,77,205,79,81,210,84,86,87,88,89,215,91,98,100,106,107,109,243,116,119,251,253,254
256,257,258,259,8,267,269,23,27,283,158,32,163,166,40,44,51,58,68,71,72,76,77,205,81,210,84,214,86,87,89,88,215,98,99,100,106,109,244,245,116,249,253
258,259,261,264,273,277,278,283,158,32,163,51,180,58,68,69,71,75,205,80,81,210,83,85,86,87,88,89,92,93,97,98,105,106,108,109,114,115,243,117,116,120,250
263,7,265,266,267,269,270,144,18,277,283,155,158,163,51,180,194,67,68,70,71,72,76,77,79,80,81,86,87,88,92,96,105,106,109,112,243,116,117,119,121,253,254,255
264,269,273,274,277,281,283,158,32,163,306,51,309,313,58,60,68,69,71,330,75,205,80,81,210,85,86,87,88,89,92,98,106,109,243,116,246,249,253,254
256,257,258,7,8,267,269,274,283,155,158,32,163,166,40,51,194,68,70,71,72,73,74,202,76,77,205,81,210,84,86,87,88,89,121,99,106,237,109,244,245,246,116,249,254
263,264,266,269,270,271,272,273,277,281,283,158,32,163,168,51,58,68,69,71,74,75,205,81,210,86,87,88,89,98,106,109,242,243,116,246,120,249,250,251,253
256,257,263,266,267,268,269,22,283,158,32,163,42,51,187,68,69,70,71,72,73,202,76,77,205,208,81,210,84,86,87,88,89,106,109,243,244,245,116,249,251,252,253
263,264,266,268,269,271,273,275,281,153,283,158,32,163,51,182,58,68,69,71,73,77,205,81,210,84,85,86,87,88,89,215,92,98,106,109,241,243,116,246,249,251,253
261,264,266,268,269,270,271,273,277,281,283,158,32,163,178,51,58,68,69,71,75,205,81,210,85,86,87,88,89,215,92,98,106,109,242,243,116,246,249,250,251,253,254
263,264,268,269,271,273,274,281,283,158,32,163,51,58,66,68,69,71,205,81,210,85,86,87,88,89,92,98,99,106,109,241,242,243,116,117,249,251,253,254,255
1,263,264,137,267,268,269,276,280,281,283,158,32,163,51,68,69,71,72,74,75,76,77,205,79,81,210,86,87,88,89,92,94,99,100,101,106,107,109,243,116,119,249,253
261,263,264,7,266,271,277,155,158,32,163,51,58,194,68,69,70,71,200,73,75,79,81,210,85,86,87,88,89,92,121,106,109,110,242,243,116,117,246,120,249,250,251,255
261,263,269,277,278,281,283,158,32,163,168,51,191,68,69,71,75,205,80,81,210,85,213,87,86,88,90,89,92,98,105,106,109,114,243,115,117,116,120,250,253
261,263,264,266,268,270,271,273,277,283,158,32,163,44,51,68,69,71,205,80,81,210,84,86,87,88,89,215,98,249,106,109,110,242,243,116,117,246,248,121,250,251,253
7,141,142,144,146,147,149,155,156,157,158,160,161,164,293,292,167,36,169,298,171,173,301,302,304,305,306,179,180,178,309,183,311,184,181,51,330,208,87,175
2,135,142,143,144,18,147,148,149,151,154,155,156,157,158,160,161,32,163,164,293,294,166,296,169,167,299,172,173,175,176,305,178,306,179,309,181,183,184,180,51,87
141,142,144,146,147,148,149,154,155,156,158,159,160,292,293,166,167,296,298,171,172,175,304,305,306,179,178,309,180,183,182,185,193,330,203,212,87,95,114
141,142,144,147,148,149,153,154,156,158,160,292,293,294,167,296,169,166,299,172,171,174,170,301,305,306,179,180,175,303,311,177,307,310,184
141,142,144,147,148,149,150,153,154,155,156,157,158,160,161,164,293,294,166,296,169,298,299,167,170,302,171,172,305,306,178,180,177,174,183,175,179,187
5,141,142,144,272,146,147,149,150,152,153,154,155,158,160,161,164,293,296,298,299,300,170,174,175,305,306,307,308,178,177,179,184,180,51,330,87,98
138,10,142,144,147,148,149,154,155,156,158,160,292,293,166,167,296,298,170,171,172,174,303,175,306,179,180,309,310,183,311,51,184,73,330,87,91,231,246,251
142,271,144,147,148,154,155,156,157,158,160,161,292,293,164,167,296,298,299,172,171,170,303,174,175,306,179,177,309,310,311,183,180,51,184,200,330,87,246
141,143,16,144,147,148,149,22,151,150,152,155,156,158,159,32,160,163,164,293,165,295,296,169,168,299,42,302,304,305,178,307,180,308,306,309,184,51,182,187,71,330,208,87
7,10,138,142,144,16,147,155,156,157,158,160,161,163,292,293,167,298,171,172,173,302,303,175,177,306,179,180,309,310,311,305,181,51,194,73,81,87,231,246,251
141,142,144,147,148,149,154,155,158,160,292,293,166,167,296,298,299,172,170,174,303,175,305,306,307,179,309,310,311,183,308,177,180,184,330,87
141,142,144,147,148,154,155,156,157,158,160,161,32,163,292,293,164,166,296,169,298,299,167,172,302,173,175,305,306,178,179,309,181,183,180,51,58,330,210,87,118
141,142,143,144,16,146,147,149,281,155,156,157,158,160,161,163,164,293,292,167,296,169,39,168,172,302,175,304,305,306,179,178,307,180,181,51,87,88,118
141,142,144,146,147,148,149,154,155,156,158,159,160,161,164,293,294,167,296,169,298,299,166,297,302,172,176,305,178,306,180,309,175,183,184,179,330,87,88
141,142,144,146,147,148,154,155,156,157,158,160,161,292,293,164,166,296,169,295,299,172,167,174,170,175,305,306,307,308,178,309,179,184,310,180,330
5,141,142,144,146,147,148,154,155,156,157,158,160,161,292,293,164,167,296,169,168,299,170,172,173,303,300,305,178,306,179,309,181,311,183,180,330,87,175
142,143,144,146,147,148,149,153,154,155,284,156,157,158,160,293,294,167,296,169,166,299,297,172,302,301,176,173,178,175,174,179,180,183,184,181,87,108
4,141,142,143,144,145,146,147,148,149,155,156,158,159,160,161,294,295,296,169,298,299,297,170,302,172,176,174,178,175,180,309,310,179,184,54,92,105
142,143,144,16,146,147,148,149,150,151,152,153,22,155,156,28,158,159,160,161,163,165,294,295,296,169,170,299,168,302,175,176,178,51,180,179,182,184,72,73,87
141,142,144,146,147,148,149,150,151,152,153,154,155,156,158,159,160,293,294,166,296,169,298,299,167,172,302,174,176,305,306,178,175,309,177,183,184,179,180,87
142,144,16,147,148,149,154,155,156,157,158,160,163,164,293,296,169,298,299,171,168,170,172,173,174,178,179,306,309,180,183,184,307,181,310,51,330,87,92,105,175
141,142,144,147,148,155,156,158,161,292,293,166,167,296,295,298,299,172,170,174,303,175,305,306,179,307,309,310,183,184,308,177,180,330
128,141,142,144,147,148,149,154,155,158,160,292,293,164,166,296,167,298,171,172,299,170,174,175,305,306,179,307,309,178,183,303,185,180,51,310,184,330,85,87
135,141,13,145,147,150,151,152,153,22,156,30,158,32,159,35,292,165,294,295,167,169,297,170,300,299,302,303,304,177,44,174,308,175,179,311,184,52,37,199,168,88,89,237
3,141,142,144,147,149,150,151,152,154,155,156,158,159,160,161,34,163,164,293,294,32,296,165,298,299,172,171,168,43,175,305,306,179,180,51,184,87,111,112
142,144,146,147,148,149,153,154,155,156,158,159,160,161,293,294,166,296,169,298,299,167,171,302,172,176,305,178,306,180,309,174,183,184,179,51,182,87,175
135,141,142,144,147,148,149,154,155,156,158,160,292,293,166,167,296,169,170,299,172,171,174,303,175,305,306,179,177,307,310,311,309,308,180,184,330,87
7,142,143,144,147,148,155,156,157,158,160,161,163,164,293,292,167,296,169,298,297,172,173,302,303,304,175,178,306,180,309,179,181,184,51,194,330,87,88
2,141,142,144,146,147,149,151,155,157,158,159,160,161,292,293,164,294,296,167,298,299,172,171,174,175,304,305,306,179,180,309,178,183,51,307,308,184,181,87
141,142,16,144,147,148,149,150,151,152,154,155,156,158,159,292,293,165,167,166,169,298,168,172,303,304,305,306,307,178,309,179,311,184,177,180,51,182,186,330,81,87,175
2,7,142,144,146,147,148,149,155,156,157,158,160,161,164,293,294,292,296,169,298,299,38,167,302,173,175,178,179,180,306,307,183,184,181,51,61,87,93,94
5,141,142,144,147,148,149,154,155,156,158,160,292,293,166,167,296,169,298,299,172,300,174,170,175,305,306,179,177,307,178,183,308,309,180,51,310,184,330,87,303
141,142,144,147,148,149,155,156,157,158,160,32,292,293,167,296,297,298,171,172,299,174,170,173,305,306,179,180,178,310,311,183,309,181,51,330,87,88,175
138,10,141,144,147,148,149,153,154,155,156,158,160,292,293,294,167,166,171,172,174,303,175,177,306,179,305,309,310,311,307,180,308,51,184,73,87,231,246,251
129,7,142,144,146,147,148,149,153,155,156,157,158,160,32,161,293,294,167,296,169,299,172,173,302,175,304,178,307,180,309,308,179,184,181,51,311,330,87,112
7,142,144,146,147,148,149,153,154,155,156,284,157,158,160,161,32,163,293,294,166,296,169,167,299,172,173,302,175,176,178,179,180,309,181,183,184,51,58,194,330,87
141,142,144,147,148,149,154,155,156,157,158,160,161,32,163,164,293,292,166,296,167,298,171,172,299,173,175,305,306,179,178,180,51,183,181,185,58,210,83,85,87
142,146,147,148,149,150,151,154,156,158,159,162,164,293,292,165,296,169,168,171,299,172,175,306,179,178,50,51,183,184,61,193,321,203,209,212,85,87,92,95,114,115
7,141,142,144,146,147,148,149,155,156,157,158,159,160,161,163,164,293,294,167,296,169,298,299,172,173,302,175,178,306,180,179,181,183,184,51,194,87,110,112
141,144,145,147,148,149,153,154,155,156,157,158,160,161,292,293,166,295,296,297,169,171,299,167,170,303,172,177,305,306,179,309,310,183,311,178,307,180,51,87,301,174,175
4,141,142,144,146,147,148,149,150,151,152,153,155,158,159,160,293,294,165,296,169,170,299,167,168,302,172,175,178,307,306,309,179,183,184,51,182,62,330,211,87,99
141,142,144,146,147,148,149,153,154,155,156,158,32,161,160,164,293,166,167,296,169,298,299,171,172,174,175,304,305,178,306,180,309,307,183,184,179,51,187,330,87
142,143,144,146,147,148,149,155,156,158,159,160,161,293,295,296,169,298,299,297,170,302,172,174,175,178,306,180,309,310,183,184,179,51,330,87,88
5,141,142,144,147,148,149,150,154,155,156,158,160,292,293,164,166,296,169,295,171,172,167,174,170,175,305,306,307,179,308,177,183,310,309,180,184,330,87,303
128,129,130,131,132,133,134,135,136,138,10,140,139,16,275,25,26,286,288,290,291,292,199,73,81,84,213,216,91,231,123,237,239,246,122,251,124,126,127
128,129,130,131,132,133,134,135,136,137,138,139,140,13,144,23,284,285,286,287,288,289,290,180,55,186,64,66,204,205,122,123,124,125,126,127
128,129,130,131,132,133,134,135,136,138,139,140,19,285,286,288,289,290,291,44,51,313,193,195,196,210,83,85,92,105,115,117,122,123,124,126,127
128,129,130,131,132,133,134,135,136,137,138,10,140,139,285,286,287,288,289,290,291,36,292,303,311,324,73,202,84,216,231,123,246,122,251,124,126,127
128,129,130,131,132,5,133,135,134,136,138,10,140,139,16,275,25,285,286,288,289,290,291,200,73,81,84,216,91,231,123,237,239,246,122,251,125,126,127
128,130,131,132,133,135,8,137,138,139,140,136,17,21,23,151,27,286,289,161,164,40,44,178,55,186,187,192,196,204,205,85,92,244,122,123,124,127
128,129,130,131,132,133,5,135,134,137,138,139,140,267,136,145,23,285,286,287,288,289,290,40,55,236,122,123,124,125,126,127
128,129,130,131,132,5,133,135,134,137,138,139,140,136,284,285,286,160,289,290,291,33,288,161,191,66,75,76,85,122,123,124,125,127
128,129,130,131,132,133,134,135,136,138,139,140,13,151,285,286,288,290,44,55,186,63,64,192,196,197,70,71,72,204,205,76,80,122,123,124,125,126,127
128,129,130,131,132,133,134,135,136,138,139,140,23,285,286,287,32,289,288,290,291,40,42,47,55,187,192,196,71,208,95,122,123,124,126,127
128,129,130,131,132,133,134,135,8,136,138,139,140,17,23,285,286,287,288,289,290,291,40,44,49,55,192,64,71,77,237,244,122,123,124,125,126,127
128,129,130,131,132,133,134,135,136,138,10,140,139,275,151,25,26,286,288,290,291,292,165,303,50,200,73,202,329,81,84,216,91,231,123,237,239,246,122,251,126,127
128,129,130,131,132,133,134,135,136,138,139,140,285,286,287,288,289,290,291,39,55,71,213,88,118,122,123,124,125,126,127
128,129,130,131,132,133,134,135,136,138,139,140,273,19,281,285,286,288,289,32,290,39,196,83,85,88,125,122,123,253,126,127
128,129,130,131,132,133,134,135,136,137,138,139,140,265,285,286,288,289,290,291,55,196,122,123,124,125,126,127
128,129,130,131,132,5,133,135,134,136,138,139,140,19,277,285,286,288,289,290,291,54,313,196,203,83,85,92,228,117,122,123,125,126,127
128,129,130,131,132,133,134,135,136,137,265,139,140,138,285,286,287,288,289,290,291,51,66,76,87,122,123,124,125,126,127
128,129,130,131,132,133,134,135,136,137,138,139,140,285,286,287,288,289,290,192,196,204,205,122,123,124,125,126,127
128,129,130,131,132,133,134,135,136,137,138,139,140,153,285,286,287,288,289,290,291,294,48,66,227,233,107,119,122,123,124,125,126,127
128,129,130,131,132,5,261,133,134,135,138,136,137,139,140,277,285,286,288,289,290,43,313,191,196,69,198,80,83,85,92,231,105,234,106,110,122,123,125,126,127
128,129,130,131,132,133,134,135,136,138,139,140,19,278,285,286,288,289,290,291,51,195,196,210,83,85,92,105,235,117,122,123,124,125,126,127
128,129,130,2,131,132,133,135,134,136,266,138,139,140,285,286,288,289,290,41,173,55,70,199,71,201,88,217,122,123,124,125,127
128,129,130,131,132,133,134,135,136,137,138,139,140,13,17,23,151,27,286,288,289,290,40,44,178,55,57,186,63,64,192,197,204,205,122,123,124,127
128,129,130,131,132,5,133,135,134,136,138,139,140,277,24,285,286,288,289,290,291,43,44,179,54,313,198,75,83,85,88,92,228,231,234,122,123,125,126,127
128,129,130,131,132,5,133,135,136,137,138,139,140,134,285,286,287,288,289,290,291,43,212,87,231,249,122,123,124,125,126,127
128,129,130,131,132,133,134,135,8,136,138,139,140,13,17,23,151,285,286,287,288,290,40,44,55,57,186,192,64,72,204,205,76,122,123,124,125,126,127
128,129,130,131,132,5,133,135,134,136,138,139,140,147,285,286,287,288,289,290,291,293,55,190,324,198,88,122,123,124,125,126,127
128,129,130,131,132,133,134,135,136,138,10,140,11,139,25,26,285,286,287,288,289,290,51,73,87,231,123,239,246,122,251,124,125,126,127
128,129,130,2,131,5,132,135,133,134,138,266,140,136,139,285,286,288,289,290,291,43,53,313,70,199,201,88,217,231,122,123,124,126,127
128,129,130,2,131,133,132,135,134,137,136,139,138,13,140,151,285,286,287,288,289,290,291,294,55,64,192,66,204,76,80,119,122,123,124,125,126,127
9,27,158,32,51,313,314,187,316,189,317,190,320,193,192,191,324,325,198,327,199,196,200,201,197,202,205,207,208,209,194,210,212,213,85,214,87,215
138,10,275,158,51,313,314,187,186,317,189,191,319,192,322,323,324,194,197,199,327,329,202,200,201,205,206,207,208,209,210,212,213,87,216,215
313,314,186,187,189,317,191,192,190,319,194,324,196,198,327,200,199,202,329,204,197,201,205,208,209,206,207,80,213,195,210,216,212,214,215
158,51,313,314,186,187,317,190,191,192,193,194,196,325,198,327,324,199,197,203,204,200,201,202,208,209,210,205,206,85,207,212,216,213,87,215,92
260,145,158,287,51,312,186,315,187,317,318,319,192,191,322,323,196,324,195,194,328,200,202,201,197,199,205,207,208,209,210,213,214,87,216,217,215
158,32,186,51,313,314,187,316,317,189,190,320,193,192,191,324,325,198,327,199,196,202,200,201,197,205,207,208,209,194,210,212,213,214,87,215,216
158,186,51,312,313,314,315,187,189,317,319,192,318,322,323,324,325,191,327,200,329,202,199,197,72,201,74,208,194,205,207,209,213,210,212,216,87,215
138,10,275,26,158,51,313,186,187,317,319,191,194,323,322,325,198,327,200,329,202,73,199,197,201,205,208,207,209,210,212,213,87,216,215,246,251
135,138,158,32,51,313,186,187,315,317,319,192,191,322,323,196,194,197,327,200,329,202,199,201,326,205,207,208,209,210,212,213,214,215,216,87
32,167,313,187,315,189,317,190,192,319,191,323,195,194,322,199,200,201,202,329,327,197,326,207,208,209,205,210,213,214,215,216,217
158,51,312,313,187,315,317,318,319,191,322,323,195,196,194,199,328,200,202,201,327,197,205,207,208,209,210,211,213,214,215,87,217,245
138,152,158,51,313,186,314,187,317,189,191,192,319,322,194,324,325,198,327,200,199,202,329,196,197,72,201,208,205,78,207,209,213,210,87,216,215,94,246
9,158,32,186,51,313,314,187,316,317,189,319,190,193,322,323,324,325,191,327,199,201,200,202,197,205,207,208,209,194,210,212,213,214,87,216,215
167,51,313,314,186,187,317,189,191,320,190,319,323,196,194,198,199,327,201,202,197,204,205,70,207,208,209,210,213,87,215,217,121
158,32,186,43,51,313,314,187,316,189,317,190,192,320,193,195,196,324,198,327,199,200,191,194,197,328,201,202,208,209,210,205,207,82,214,213,87,215,94
257,134,158,51,312,313,314,315,187,317,318,191,319,186,322,194,324,196,198,327,200,199,202,328,197,201,205,207,208,209,210,80,212,213,215,216,88,87,245,249
18,158,293,51,313,314,186,187,317,318,190,191,193,194,67,324,325,198,327,200,196,199,202,204,197,201,205,208,209,210,207,213,85,87,216,215,96
158,32,51,313,186,315,314,187,317,319,192,191,194,323,196,195,198,327,197,199,202,200,204,205,201,207,208,209,210,212,213,214,87,216,217,215
186,313,314,187,316,189,317,319,320,192,191,323,196,195,194,327,200,201,202,197,199,205,206,207,208,209,210,211,212,213,214,215,216
158,306,51,313,186,314,187,317,190,191,192,193,194,196,324,198,327,199,200,202,197,204,201,205,206,207,209,208,83,210,85,212,213,216,87,215,92,246
158,32,51,313,314,187,315,317,318,319,192,186,322,323,196,324,195,327,200,328,202,198,191,197,326,199,208,209,194,204,205,213,214,207,216,210,215,87,201
148,151,158,176,51,183,313,186,187,317,190,191,192,194,195,196,324,198,327,197,199,202,200,204,205,201,207,208,209,210,212,85,213,87,216,217,215
2,158,38,51,313,314,187,186,317,190,191,320,193,192,195,196,325,198,327,200,199,324,201,204,197,202,205,208,209,210,194,207,85,212,213,87,215,216
51,182,55,186,187,315,317,189,319,192,191,318,323,196,194,198,327,328,201,202,195,204,205,197,207,208,209,81,211,210,213,214,87,215,217,199,107
158,32,51,313,186,314,187,316,318,317,320,192,190,191,196,324,198,327,199,325,194,197,204,205,200,201,208,209,202,207,210,85,213,212,214,87,215,216
158,31,289,51,313,186,187,315,317,319,192,191,194,323,196,195,198,327,197,201,202,199,204,205,207,208,209,210,211,213,87,216,217,215
18,43,51,313,314,187,317,190,191,320,193,194,67,324,69,198,327,200,196,199,325,197,201,202,205,208,209,207,210,80,85,86,213,216,215,88,87,92,96,246
16,158,163,168,63,51,313,314,187,317,190,191,192,193,320,195,196,323,325,327,198,321,194,203,197,199,201,202,208,209,210,83,204,85,205,215,207,213,87,92
158,51,312,313,314,187,186,317,190,191,320,193,194,195,196,325,198,327,199,200,197,203,201,202,205,207,208,209,210,83,212,85,213,215,87,89,216,92
145,158,51,186,187,315,317,191,192,319,322,323,196,194,197,327,200,329,202,328,199,201,205,207,208,209,210,211,212,213,214,87,216,217,215
135,138,10,158,51,312,313,186,187,317,319,191,322,323,324,194,197,327,200,329,202,199,201,205,206,207,208,81,210,209,212,213,87,216,215,91,246
2,290,166,53,186,187,59,317,191,192,319,194,323,196,195,68,197,328,201,202,72,204,205,326,207,208,209,210,211,213,214,215,216,217,103,199,107,119
189,313,314,186,187,316,317,190,192,320,193,191,324,196,198,327,325,199,202,326,204,197,200,201,208,209,194,205,206,207,195,210,216,212,213,214,215
16,163,168,63,51,313,186,187,317,190,61,192,193,194,323,196,325,195,327,198,201,202,191,204,197,199,205,208,209,207,211,210,213,87,216,215,89,109
7,156,158,51,189,313,314,187,186,317,190,318,192,193,320,323,324,196,198,327,199,200,329,203,191,197,328,201,208,209,194,202,205,213,207,210,216,87,215
138,10,26,28,158,51,313,186,187,188,317,191,322,194,324,325,198,327,200,329,202,199,73,196,197,201,208,205,207,209,210,213,212,87,216,215,91,231,246
9,278,158,313,314,187,186,317,190,191,192,321,193,195,196,323,194,325,328,200,202,203,197,199,201,77,208,209,210,205,207,213,206,215,212,87,216
138,10,275,158,292,40,42,177,51,313,187,188,317,189,319,191,322,194,324,197,327,200,329,202,73,199,201,205,207,208,209,210,213,87,216,215,231,246,251
158,186,51,312,313,314,315,187,317,190,191,318,193,322,319,324,196,194,327,200,199,202,328,197,198,201,205,208,209,207,210,212,213,87,215,216,249
158,51,312,313,314,187,186,317,318,191,320,193,322,323,196,324,319,327,200,199,202,201,197,205,206,207,208,209,194,210,212,213,87,216,215
25,158,32,51,313,314,187,316,317,189,190,320,193,191,186,196,324,198,327,199,200,325,201,202,197,205,207,208,209,194,210,212,213,214,87,215,216
158,51,313,314,187,60,317,190,191,320,193,192,186,196,325,324,327,199,198,200,201,203,204,197,202,208,209,210,194,205,85,207,212,213,87,215,216
18,158,159,34,51,313,314,187,317,318,190,320,193,191,323,324,325,198,327,200,199,196,203,202,197,201,205,208,209,210,194,212,213,67,207,215,87,96
268,25,158,31,51,186,187,317,319,192,191,194,323,196,195,197,199,200,328,202,201,204,74,205,207,208,209,210,211,212,213,87,216,217,215,99
148,158,176,51,313,314,186,187,317,319,192,191,194,323,196,197,198,327,200,201,202,324,204,205,199,207,208,209,210,212,213,87,216,217,215
158,51,313,314,186,187,317,190,191,192,193,322,316,324,196,198,327,200,325,202,199,204,197,328,201,208,209,194,205,207,85,210,213,216,87,215,94
158,51,52,313,314,186,187,317,190,191,320,193,194,195,196,325,198,327,199,324,197,203,75,200,201,202,208,209,210,205,207,85,212,215,213,87,216,92,250
9,158,32,51,313,314,186,187,316,317,319,192,193,191,194,324,196,325,327,200,199,198,201,204,197,202,205,208,209,207,210,213,322,214,216,87,215,98
138,10,275,158,51,313,314,187,186,317,189,319,191,322,194,324,197,326,327,200,329,202,199,73,201,205,207,208,209,210,212,213,214,215,216,87,246,251
0,3,12,158,289,190,60,312,313,315,187,317,318,191,192,193,322,323,196,324,195,327,200,328,319,194,325,197,199,201,208,209,202,205,210,213,85,215,216,87
138,10,275,158,292,51,312,313,186,187,317,191,192,322,194,324,325,197,327,200,329,202,199,73,201,205,206,207,208,209,210,212,213,87,216,215,91,231,246
135,10,138,275,158,51,312,186,187,317,319,191,192,322,323,194,197,327,200,329,202,73,199,201,205,206,208,81,207,209,84,213,210,212,216,87,215,91,246
158,51,312,313,314,187,315,317,318,319,192,191,322,186,324,196,198,327,200,199,325,202,197,201,205,206,208,194,207,209,210,213,212,87,216,215,249
264,158,32,306,51,313,186,314,316,317,190,191,192,187,194,324,196,198,327,199,325,202,197,204,205,201,207,208,209,210,212,85,213,214,216,87,215,246
313,314,186,187,317,190,191,192,320,193,323,196,195,198,327,319,194,202,197,204,199,200,201,208,209,210,205,206,85,214,207,212,213,215,216,87
264,158,32,293,306,51,313,186,314,316,317,187,191,320,192,193,194,324,69,198,327,199,196,197,200,204,201,202,205,207,209,210,208,212,85,213,214,216,87,215
264,158,32,306,51,313,314,186,316,189,317,190,320,191,187,194,324,325,198,327,199,326,197,200,204,201,202,207,208,209,205,210,212,213,214,87,215,217,216
158,51,313,186,314,316,317,190,191,192,193,187,194,196,325,198,327,324,199,200,203,204,197,201,202,208,209,210,205,207,85,212,213,216,87,215
135,138,10,158,51,313,186,187,317,319,192,191,194,323,324,196,197,327,200,329,202,199,201,75,76,205,208,207,209,210,212,213,87,216,215,91,246
269,275,32,39,47,48,51,313,186,315,314,187,318,317,192,190,322,323,324,196,326,327,328,319,202,191,197,199,201,205,208,209,194,210,213,214,215,87
158,51,313,314,187,186,317,190,191,192,322,323,324,196,198,199,200,327,202,201,325,197,205,206,208,209,194,207,210,213,212,87,216,215,246
158,32,186,51,313,314,187,316,317,189,190,320,193,192,195,196,191,198,327,199,201,202,200,197,205,207,208,209,210,194,212,213,214,87,215,216
32,51,182,313,314,187,315,188,317,319,192,189,191,323,196,195,326,327,328,201,202,200,197,199,71,205,208,209,194,211,207,213,214,210,215,217,87
18,32,51,313,314,187,317,189,191,192,193,322,323,196,324,198,327,200,325,202,319,67,197,199,71,208,209,194,205,210,213,214,215,216,217,87,96,201
128,22,32,163,42,313,186,315,314,187,317,190,192,193,319,195,196,323,325,327,198,201,202,191,197,199,204,205,208,209,210,321,194,213,214,215,87,123
270,15,158,51,313,314,187,186,317,189,191,318,193,322,319,324,325,198,327,200,199,202,329,201,196,197,205,208,194,207,209,210,213,212,87,215,216
158,31,172,313,186,315,187,317,189,319,192,191,194,323,196,195,197,327,200,201,202,199,204,205,207,208,209,210,211,213,215,216,217,87
158,186,51,313,314,187,315,317,190,191,320,192,322,193,324,196,198,327,200,199,202,318,319,197,201,205,208,209,194,206,207,213,210,212,87,215,216
158,51,313,314,187,186,317,190,191,320,193,192,195,196,325,198,327,199,201,194,203,197,200,202,205,208,209,210,206,212,85,207,215,213,87,216,92
16,158,163,168,51,313,314,187,317,190,191,63,193,321,195,196,325,198,327,194,197,199,203,201,202,204,205,208,209,210,83,212,85,207,215,213,87,89,92
271,26,158,51,313,314,187,186,317,190,191,320,189,322,323,324,194,198,327,200,199,202,329,201,197,328,205,208,207,209,210,212,213,214,87,216,215
135,10,138,275,26,158,51,313,186,187,317,319,191,322,323,324,194,197,327,200,329,202,199,73,201,326,205,208,207,209,210,212,213,214,215,216,87,246
135,10,275,158,51,314,187,315,317,186,319,189,318,322,323,191,194,195,199,200,329,202,328,201,73,327,205,208,209,207,81,210,213,214,211,216,87,215,197
158,32,51,53,313,314,186,316,317,189,190,320,191,187,194,324,325,198,327,199,200,202,196,204,69,201,326,208,209,205,207,210,213,214,215,216,87,197,118
158,51,313,314,186,187,317,190,191,320,193,192,195,196,325,198,327,324,194,197,203,204,199,200,201,208,209,210,83,205,85,206,215,207,212,213,87,92,216,105,202
281,158,51,313,186,187,317,190,191,192,193,194,196,324,198,327,325,197,199,200,204,201,202,205,80,209,210,83,206,85,207,215,216,208,212,213,92,87,105
18,282,158,51,313,314,187,186,317,190,319,189,193,194,323,195,196,191,199,200,201,202,203,67,197,205,207,208,209,210,211,213,214,87,215,217,96
145,158,287,51,312,313,186,315,187,317,190,318,192,319,322,323,196,324,325,327,195,191,202,194,204,197,199,201,208,209,205,207,210,213,87,216,215
266,158,32,167,43,313,314,187,189,317,190,191,193,194,323,197,198,199,327,201,200,202,329,70,205,207,208,209,210,213,215,87,217,117,121
9,158,32,313,186,187,314,315,317,319,192,191,194,323,196,195,197,327,200,201,202,328,199,205,207,208,209,210,211,213,214,215,216,217,87
