32,5,133,234,43,170,22,218,222
73,237,46,208,245,56,219,61,31
34,3,328,9,43,58,187,220,222
38,236,12,205,61,214,56,187,221
32,231,234,44,52,213,54,30,222
34,322,39,43,24,223
224,5,234,45,51,54,313,222
32,225,229,234,238,17,51
226,34,35,9,43,53,55,187,222
320,289,227,8,265,43,118,58,317,222
1,195,228,5,232,19,51,54,23,155
224,34,229,231,238,17,22,218,222
33,258,260,229,230,5,45,51,89
5,231,10,138,43,16,213,311,58
64,33,3,229,232,234,238,22
34,233,43,238,175,55,24,222,223
224,5,231,234,43,45,51,222
32,257,258,5,235,51,54,89
6,71,236,46,61,56,221,319
5,231,73,237,81,275,51,53
136,9,234,43,238,17,54,187,222
34,231,10,43,239,275,55,24
195,196,7,105,111,112,240,19,117
89,69,263,241,87,281,283,252,254
98,68,5,268,271,242,243,87
32,69,264,243,51,277,87,249,158
32,71,269,79,274,244,87,216,283
32,257,258,98,71,269,244,245,87
73,271,80,81,275,51,246,87,88,251
100,7,74,15,276,87,247,280,93
32,257,97,271,243,87,248,89,92
89,324,264,200,277,85,87,249,158
135,264,75,107,243,277,87,250,158
231,73,283,81,275,87,251,158
227,264,265,284,87,89,90,252
32,158,267,76,79,87,283,253,254
241,51,244,87,119,88,281,253,254
79,271,242,243,51,87,284,158,255
256,32,69,264,243,277,87,249,158
32,257,258,260,262,44,88,89
32,257,258,260,262,180,88,89
257,258,259,260,262,108,109,87,89
89,260,324,281,275,87,312,249,318
32,257,261,262,271,243,87,93,158
257,249,262,112,243,87,89,158
259,263,268,79,47,48,242,87,25
32,69,264,75,243,87,249,252,158
289,227,265,106,302,213,87,90,283
160,97,199,201,266,87,121,251,92
97,262,267,271,243,51,117,87,88,89
259,99,263,74,268,48,87,158,31
32,163,269,77,274,244,87,121,283
89,69,264,270,243,117,87,249,158
258,262,142,271,242,243,51,87,158
259,99,74,268,272,242,87,31
264,77,176,273,277,118,87,88,281
96,103,267,269,113,274,244,90,283
292,281,10,172,275,246,87,249,189
100,7,74,276,116,86,247,280,87
264,81,243,51,85,277,87,249,158
75,83,84,277,278,87,120,185,94
69,110,210,243,84,117,118,279,87
69,264,75,243,244,87,119,280,250,216
79,241,275,118,87,281,253,254,159
262,108,109,271,243,117,87,282,93
69,269,77,241,274,244,213,283,191
32,69,264,75,243,277,284,87,252,191
128,130,131,132,133,138,54,285
192,289,130,131,140,55,125,286,287
288,129,130,132,134,123,127,287
288,129,130,128,132,131,136,123
289,66,265,41,138,122,124,126,127
128,290,291,100,131,130,137,107,123
288,66,259,291,131,48,124,126
292,172,303,175,306,148,311,158
293,298,172,175,306,179,156,158
292,293,294,172,174,179,150,183,158
295,169,297,172,143,175,145,148,158
296,298,172,177,147,179,183,153,158
297,298,306,179,310,88,155,156,158
293,298,172,144,306,179,180,155,158
160,299,172,173,175,144,147,158
298,300,141,177,305,179,153
167,71,168,172,301,306,179,158
160,66,164,265,299,302,144,155,158
292,172,174,303,175,148,311,156,158
164,169,298,304,180,181,156
186,172,141,305,306,177,180,154,158
298,172,141,177,306,179,150,153,158
296,330,174,307,308,309,158
296,330,174,307,308,309,158
328,330,307,308,309,155,158
292,293,172,303,175,148,310,158
292,169,10,303,178,275,146,311,158
322,204,205,210,213,312,186,317,318
66,195,268,205,48,210,213,313,31
320,193,201,205,210,213,189,314,317
32,322,71,199,201,187,315,319
320,165,205,210,213,186,316,317,222
324,327,205,206,210,118,217,317,191
322,195,208,81,210,213,312,317,318
322,324,205,210,213,215,312,317,319
320,194,205,210,213,215,314,317,222
321,193,203,171,209,210,212,28
322,199,201,202,210,213,312,317,318
323,324,197,200,205,210,213,313,317,318
324,325,198,205,210,213,317,191
194,325,205,210,277,87,215,61
192,326,205,208,210,214,187
324,325,327,202,205,210,85,215,191
328,330,206,210,307,308,309
194,231,329,205,239,210,275,251,189
98,69,41,271,242,243,116,277,54,87
10,81,275,119,87,311,280,251,158
10,48,81,275,51,277,246,87,249,158
0,231,39,138,10,239,16,275,120,58
64,225,3,229,232,12,238,17,59
161,226,34,35,239,58,60,222,223
320,324,9,43,207,145,54,187,317,222
2,199,201,266,43,209,217,58,157
34,4,7,43,208,51,55,23,24
32,231,200,138,44,239,52,30,222
231,7,10,138,42,239,16,56,222,31
32,5,71,43,236,208,51,214,187
102,43,46,208,144,84,55,216,59,63
320,32,5,69,234,51,54,30,222
32,5,231,200,44,51,213,54,317,222
32,228,5,234,51,54,190,222
193,5,234,203,16,51,212,54,222
192,67,38,7,208,148,149,214,56,187
195,9,43,238,16,19,55,23,187,222
3,263,43,205,242,55,24,313,223
34,4,231,43,239,55,24,223
32,1,228,229,231,234,54,22,218,222
288,225,5,43,18,19,117,278,87,58
320,224,9,234,43,45,54,222
32,35,324,232,43,44,54,22,317,191
32,5,231,199,201,266,51,54,121,222
4,43,55,24,313,222,223
289,66,3,268,12,48,17,313,60,31
64,32,233,42,12,16,55,22,23
64,71,135,10,43,16,55,58,279,253
231,73,59,237,239,207,81,251
289,66,227,38,39,265,41,149,55,27
320,9,43,204,54,58,187,317,222
320,5,43,54,87,216,58,317,222
163,228,234,43,238,16,17,54,58,222
64,34,163,234,110,16,19,58,222,223
34,322,163,200,238,16,17,213,58,222
32,228,5,231,138,10,275,51,54,311
32,66,323,195,5,232,51,54,23,155
229,5,230,234,43,45,30,58,222
320,64,231,234,43,54,58,59,222
320,32,5,231,51,54,215,317,222
34,43,239,47,48,24,25,222,223
1,34,322,143,16,19,20,310,22,222
320,32,5,37,79,210,51,54,317,222
228,7,51,213,54,87,56,317,222,31
322,5,231,43,14,238,51,54,317,222
38,231,234,239,61,56,57,221,222
231,135,234,43,239,16,246,58,251,222
320,225,261,5,231,43,213,58,59,222
34,4,231,200,10,43,239,55,24
32,323,195,5,208,51,54,55,217,155
256,33,192,67,32,5,208,51,92
324,5,39,11,213,54,26,317,222,223
32,324,5,327,51,54,317,30,191
64,33,32,228,5,198,234,43,51,222
5,230,231,200,234,45,239,51,222
5,203,43,212,117,54,87,58,59,223
64,321,5,234,203,108,45,240,51,54
35,5,231,138,43,239,16,275,311,58
163,5,234,43,16,54,22,58,222
32,228,5,231,234,44,51,213,222
58,42,11,12,14,47,25,26,187
75,81,243,83,117,277,87,249,250,158
192,32,69,264,243,277,87,249,158,94
257,260,261,262,87,248,89,93
69,76,271,81,242,243,51,117,87,158
69,41,108,243,51,277,117,87,88,250
70,199,264,266,268,87,88,121
32,160,69,264,75,243,117,87,120,158
32,265,269,79,51,87,283,284,253,158
32,69,264,106,79,243,117,87,186,252
231,104,73,48,81,275,87,251
32,69,264,75,11,243,51,277,87,158
231,73,109,81,275,115,87,251,158
289,122,243,117,277,118,120,249,87,127
257,258,68,135,271,242,116,87,89,250
231,73,107,81,275,51,87,251,158
32,89,264,75,243,117,87,249,157,158
98,41,269,77,274,244,116,214,87,283
5,75,243,117,214,119,280,89,250,87
261,231,266,106,76,242,243,116,87,121
68,262,75,112,116,117,87,120,250,93
257,68,262,271,243,116,87,89,251
32,100,109,79,81,87,280,158,253,254
73,10,172,81,275,180,87,251
32,101,122,265,77,87,119,90,284,253
69,70,264,42,75,141,243,51,277,87
68,261,262,41,271,243,116,117,86,87
32,68,71,269,274,244,245,116,87,283
32,324,260,281,71,274,275,87,249
32,71,44,269,283,244,22,88,89,187
32,71,267,269,315,245,87,89,283,158
256,32,71,267,269,243,245,87,89,315
71,7,269,14,244,245,214,87,283,31
32,71,269,244,245,214,87,187,158
99,187,269,81,51,244,87,27,188,158
68,71,269,274,244,116,86,87,283
257,73,76,244,245,87,89,187,188,94
39,73,269,274,244,87,120,283,188,94
8,269,274,51,244,87,122,283,158,127
192,73,91,269,244,245,87,283,188,94
158,73,237,81,275,51,87,251,188,254
257,258,262,42,43,245,87,248,89
259,99,101,263,74,107,268,87,31
32,258,67,261,234,18,243,117,88,89
195,100,6,265,109,87,57,90,92,158
257,249,262,73,14,243,87,89,94
264,75,109,81,243,51,277,87,250,158
32,198,265,111,112,79,51,87,90,158
89,264,75,108,109,243,277,87,249,158
231,73,10,81,82,275,54,87,251,158
99,71,40,76,208,274,51,87,187
32,71,269,244,245,119,87,280,283,188
192,32,71,269,77,283,244,87,280,187
73,271,81,275,51,85,87,251,158
99,70,76,269,77,51,244,87,283,158
260,88,73,91,81,275,51,87,248,251
89,264,243,51,277,309,87,249,158,318
259,99,263,74,268,176,242,87,279,31
32,97,76,269,77,51,244,214,283,92
97,231,266,267,243,51,117,87,88,121
69,106,110,243,116,277,85,87
264,109,81,243,51,277,54,87,120,158
69,264,75,111,79,243,51,117,87,88
32,71,269,77,13,274,244,116,87,283
158,73,237,81,275,87,251,93,94
257,262,200,243,51,117,212,87,88,89
89,69,262,264,243,51,84,87,249,158
32,69,264,75,243,51,277,87,251,158
32,225,260,229,71,106,269,116,117,87
71,73,237,269,81,275,51,87,88,251
192,98,71,106,75,243,189,117,87,93
36,69,264,74,75,112,243,117,86,87
259,99,263,74,268,87,88,158,31
260,69,71,267,76,208,181,87,249,318
69,104,271,241,117,87,120,252,157
73,271,207,81,275,51,87,251,158
32,267,79,81,87,281,158,254,319
256,259,100,4,104,267,245,87,89,122
269,77,80,51,244,245,87,88,283,60
68,73,237,81,275,116,86,87,251
194,68,109,116,277,244,87,120,189,93
70,231,199,71,266,79,277,87,121
89,98,69,264,75,243,116,117,87,249
259,99,263,74,268,79,51,87,158,31
271,81,18,275,87,89,251
257,69,70,264,106,75,243,277,87,254
69,91,80,243,51,277,117,87,120,88
98,73,77,271,81,275,116,87,251
32,69,271,243,117,118,87,157,124,93
32,259,71,269,274,244,87,186,283,254
100,262,106,269,79,112,114,244,87,155
69,264,73,75,243,117,87,249,251,94
97,264,273,241,243,51,118,87,281,92
73,271,81,275,51,87,120,251,158
73,46,271,81,275,51,87,251,158
289,227,265,80,51,87,248,217,90,88
261,75,109,81,243,51,117,87,93,158
32,71,76,269,274,51,87,281,283,158
32,261,266,75,107,242,243,87,121,158
89,260,262,51,87,312,249,158,318
104,75,301,277,87,250,284,93,158
97,203,267,117,277,278,120,87,284,158
32,69,264,75,107,243,83,87,249,26
32,227,100,265,241,87,89,90,284
257,249,262,243,51,245,87,89,158
67,261,200,75,270,242,243,18,84,87
257,258,260,262,72,73,87,89,58
257,262,75,76,271,243,87,89,158
32,257,260,262,44,243,88,89,93
135,73,74,237,81,275,86,87,155
73,107,237,81,275,51,87,251,158
96,67,110,18,243,51,117,277,87,88
257,260,262,115,51,87,248,89,158
89,262,264,75,243,51,277,87,249,158
99,70,71,269,274,51,244,87,283,158
257,262,158,51,87,248,89,91,318
231,73,81,209,275,51,87,251,158
32,257,258,260,262,107,51,87,89,158
257,258,260,262,264,109,87,89,158
68,264,106,75,243,116,87,249,250,189
257,258,260,105,116,87,248,89
32,11,76,79,84,87,281,253,254
69,261,41,106,271,273,243,117,87,94
261,80,241,243,51,117,87,88,91,254
259,99,263,74,268,80,51,87,88,31
261,39,106,242,243,116,117,189,87,93
68,73,237,81,275,116,86,87,251
32,71,269,77,244,245,87,283,156
195,228,166,104,271,178,146,117,87,120
257,262,107,271,243,51,87,89,158
256,68,267,269,244,245,116,86,87,253
32,69,264,75,46,243,51,277,87,158
68,69,264,106,75,243,116,87,249
73,109,271,81,275,51,117,87,158
32,99,166,71,11,269,244,245,87,283
32,75,11,79,243,51,87,281,253,158
68,261,69,243,116,117,277,86,87,93
32,68,69,261,106,271,243,116,117,87
32,71,106,269,244,245,214,116,87,283
68,166,75,107,243,117,277,87,120,91
105,109,79,112,81,115,87,88,92
99,71,76,274,51,87,281,154,283,158
260,80,243,51,117,179,87,88,89,252
259,231,73,107,81,275,87,251,158
231,73,81,275,51,87,251,284,158
69,75,243,51,277,87,120,250,158
261,81,243,51,117,87,120,91,93,158
73,108,109,81,275,243,117,87,251
96,67,75,270,18,243,277,87,121,250
231,200,73,78,81,275,87,249,251
68,261,106,271,243,116,117,87,251,254
69,261,262,243,116,117,119,87,89,252
32,69,75,271,243,51,119,87,279,158
261,51,117,278,85,87,91,93,158,95
96,67,261,270,271,111,18,243,277,87
32,225,229,198,15,17,117,87,252
68,264,106,107,271,242,243,116,277,87
32,326,71,269,79,283,244,87,187,95
68,69,166,264,75,107,45,243,87,249
163,264,75,269,243,51,85,277,87,158
69,104,271,81,242,243,51,87,56,158
160,75,243,277,117,213,87,283,120,93
257,98,68,271,243,116,86,87,89
280,70,199,266,243,87,88,121
69,264,106,108,109,110,243,117,87,59
46,271,81,275,243,51,87,251,158
138,10,268,81,275,51,87,249,158
259,100,101,68,107,81,87,119,280,94
231,73,81,210,275,119,87,280,251
68,106,269,274,244,245,116,86,87,283
256,71,106,109,79,112,144,180
66,259,99,263,74,268,87,119,158,31
32,264,75,11,243,51,277,87,249,158
98,9,106,75,270,243,116,87,247,93
32,264,275,243,277,51,84,87,251,158
264,75,109,81,51,85,277,87,250,158
102,73,74,106,91,237,84,87,216,251
248,100,101,91,267,155,182,87,280,283
100,7,74,276,116,117,247,280,87,282
259,263,71,268,79,242,87,95,31
32,71,269,114,244,245,87,283,158
269,109,81,274,51,244,245,87,283,158
261,75,243,51,277,117,278,87,93,158
69,10,75,188,243,277,87,120,28,93
98,106,110,113,243,116,277,87,94
98,71,271,79,243,212,117,87,252
166,269,178,244,245,214,20,87,119,283
263,79,80,241,51,117,87,88,252,254
73,75,237,81,275,117,87,282,251
292,10,81,275,51,244,246,87,249,158
32,227,100,265,146,87,119,90,91,158
99,269,81,51,244,245,214,87,283,158
264,108,109,83,243,85,277,180,120,87
256,67,68,79,112,144,114,18,180,87
32,327,264,80,85,87,249,60,158,191
68,71,269,244,245,116,86,87,283,158
32,69,264,74,75,272,242,243,87,120
32,257,71,269,208,244,245,87,89,283
32,69,75,242,243,84,117,182,87,153
32,69,264,75,242,243,51,87,249,158
32,263,241,242,274,51,87,252,158
32,100,101,107,75,269,87,119,280,94
68,69,71,271,242,243,116,117,86,87
243,117,277,213,120,87,283,93,191
261,69,110,80,243,51,117,87,248,88
164,169,298,141,304,181,156
160,293,144,18,147,183,155,158
193,167,171,305,306,179,149,154
296,141,301,175,177,305,306,179,153,158
169,298,175,177,147,148,153,156,158
296,298,141,177,306,150,153,158
292,172,303,175,306,179,148,311,158
292,172,142,303,271,175,306,311,158
32,164,165,168,297,169,307,180,151,158
302,303,144,306,180,310,311,155,156,158
292,293,172,175,148,183,158
292,204,144,180,118,183,154,155,158
160,164,296,169,168,175,146,118,156,158
296,169,297,302,147,88,155,156,158
295,296,172,141,175,305,306,177,148,158
292,293,170,172,303,175,305,155,157,158
160,108,302,144,146,179,153,155,158
161,295,297,143,145,146,149,54,155,158
160,161,168,302,175,144,146,151,153
160,299,141,302,144,152,153,154,155,158
298,330,142,175,180,148,149,155,158
172,141,175,305,177,179,148,310,158
293,171,172,175,306,179,148,158
165,167,168,169,300,303,308,151,156
161,165,168,298,172,306,179,180,151,158
160,167,296,299,144,147,183,154
167,172,141,175,306,179,148,158
161,169,173,144,145,178,88,155,156,158
293,172,174,306,179,147,310,184,155,158
165,168,141,303,306,311,151,186,156,158
2,296,109,144,146,180,155,61,158
172,141,301,175,177,306,179,148,158
172,301,174,175,305,306,179,88,155,158
292,293,174,303,147,179,246,311,184,158
169,302,175,144,146,180,153,155,158
160,294,299,302,144,179,155,158
161,166,171,172,144,306,179,185,155,158
193,165,296,171,306,179,147,151,156,158
298,144,178,146,180,155,156,158
166,170,141,175,177,306,305,179,310,158
99,296,168,175,146,147,151,153,155,159
32,164,298,175,178,179,148,149,158
298,170,175,146,147,180,88,155,156,158
167,295,172,141,303,175,306,148,158
131,324,135,10,138,140,16,246,124,126
128,130,131,135,139,122,123,124,287
128,131,132,291,134,136,126,285,222
291,131,134,135,138,140,124,126,127
288,128,130,131,231,135,10,138,140
192,135,8,137,138,187,21,23,27,127
128,289,130,131,132,135,139,123,124,287
128,33,289,291,130,131,265,139,123
192,128,130,131,135,138,23,122,123,285
291,131,126,134,55,23,122,124,286,287
288,128,130,131,71,135,23,122,123,287
288,128,131,231,10,138,140,275,311,151
288,291,131,134,135,139,124,126,287
288,128,131,132,135,138,139,123,285
288,289,128,290,132,131,130,135,139,123
288,128,130,131,132,123,285
288,128,129,131,139,123,124,286,287
128,289,130,132,135,138,139,127,287
128,289,290,291,129,133,131,137,123
128,289,130,132,138,285,222,127
128,288,130,131,132,285,126
128,130,131,199,135,201,139,173,217,123
192,128,131,197,135,44,23,123,286,287
128,130,131,132,136,138,54,123,285
288,129,130,131,132,136,123,127
192,128,130,131,135,139,55,23,122,123
288,130,131,132,133,135,136,138
288,128,130,129,131,135,138,140,123
288,128,130,291,132,131,134,136,124,126
288,128,290,291,131,134,135,122,123,287
324,325,327,200,209,210,212,85,187,191
194,231,200,202,205,210,275,213,215,317
320,322,194,205,209,210,213,215,314,317
194,324,325,327,205,210,215,191
322,194,71,205,209,210,213,215,319
194,324,325,327,205,210,189,215,317,191
322,324,205,210,213,215,312,317,319
194,231,138,10,202,205,210,275,213,215
326,71,202,208,210,214,187,188
323,199,201,202,207,208,214,187,188
323,195,202,205,208,210,211,187,188
322,194,200,72,205,210,275,213,215,317
324,199,200,205,210,213,216,313,187,317
320,199,201,207,189,217,314,317
320,191,194,205,241,210,215,317,190,223
322,324,134,205,210,51,213,312,317,318
324,325,198,205,210,18,213,215,317
192,194,205,79,208,209,210,215,187,191
320,195,200,205,210,215,314,187,316,189
194,324,325,198,205,210,215,187,317,191
322,71,204,205,208,210,312,187,319
194,324,205,210,148,213,183,215,317,191
193,194,2,325,205,210,213,215,313,314
194,227,100,101,195,233,205,81,210,280
320,194,198,205,210,213,215,317,191
289,66,199,41,205,48,210,215,216,31
324,325,327,205,18,210,51,215,317,191
320,322,195,194,203,204,205,210,215,313
320,324,205,210,213,215,89,186,317
256,194,202,267,236,205,208,210,215,319
194,231,138,10,205,81,210,275,213,215
100,101,103,107,205,210,214,280
194,324,198,327,205,209,210,215,317,191
196,325,204,205,209,210,87,215,61
194,324,198,205,210,213,215,187,317,191
324,10,138,210,188,213,186,28,317
321,195,328,77,205,210,117,278,215,187
194,231,329,10,42,205,210,275,251,189
322,324,198,205,210,213,312,317,318
322,194,200,205,210,213,215,312,186,318
320,194,205,210,213,215,25,314,316,317
320,193,325,201,205,210,213,314,317
324,198,200,205,210,18,213,54,215,317
66,259,194,268,205,48,208,210,215,187
194,200,205,79,209,210,213,215,187,317
320,322,194,200,205,210,213,215,316,317
194,325,203,205,210,212,213,54,215,187
98,324,325,327,9,205,210,85,187,191
326,231,200,329,205,210,275,213,214,215
324,325,327,205,210,213,215,60,191
194,231,138,10,202,205,210,275,213,215
194,231,73,10,202,205,239,210,275,215
194,324,325,327,205,210,213,215,317,191
324,325,327,205,210,85,215,317,191
320,194,198,205,206,209,210,213,54,215
194,324,327,205,210,54,215,317,191
194,324,198,327,205,210,215,317,191
194,324,325,327,205,209,210,215,187,191
194,324,71,10,75,205,210,215,216,319
324,327,205,47,210,213,118,281,187,191
194,324,327,200,205,210,213,215,317
194,324,325,327,205,210,215,317,191
192,194,326,205,208,210,214,187
32,194,71,205,208,18,210,214,187
192,326,204,205,208,210,214,215,187
322,324,205,15,210,213,215,317,318
66,259,195,205,48,209,210,215,189
320,322,194,324,205,210,213,215,317
320,199,205,210,213,54,215,216,313,317
193,325,204,205,210,212,215,89
200,205,271,210,189,213,215,313,317
326,231,200,10,205,210,275,213,214,215
194,195,231,73,202,237,205,81,210,275
320,324,326,205,210,214,215,313,317,191
193,194,324,325,205,210,54,215,187
194,324,325,327,205,210,85,215,187,191
256,194,323,195,205,208,210,18,215,217
324,196,325,205,209,210,213,215,319
217,199,201,207,210,213,121,189
323,200,205,208,210,214,215,187,188
