195,196,710,201,208,496,53,55,952,58,444,831
742,41,267,43,283,434,379,602,567,151,153,154,603,604
33,669,1036,205,396,496,913,721,497,564,862,54,28,125,350
194,195,197,201,239,207,912,723,58,62
603,292,742,267,155,283,602,567,153,154,379,604,222
416,417,1025,1062,903,1064,904,713,207,571,796,797,191
227,870,422,743,906,852,1045,213,278,1013,1084,1085,343
161,696,46,47,688,307,340,308,52,310,344,345,347,733,222
704,708,37,70,715,267,429,331,337,380,381,702,703
35,139,140,177,50,179,756,757,147,57
34,35,517,299,300,301,139,175,177,147,756,179,757,57
34,35,139,140,177,50,179,147,757,756,57
194,195,197,199,201,207,239,912,58,62
194,195,197,199,201,207,239,210,58,62
35,517,299,44,177,50,147,179,56,57,382
35,299,44,177,50,179,147,56,57
227,108,493,494,847,178,211,1079,347,348,349,223
354,870,845,1085,316,281,314,317,860,861
227,228,102,424,233,493,494,847,211,917,219,223
257,39,40,47,48,79,306,659,569,59,124,63,159
257,39,40,47,48,79,240,688,306,569,124,63
196,1062,713,206,239,208,207,53,571,796,797,191
194,195,739,197,199,201,912,848,58,572,62
163,931,198,489,491,492,112,1044,981,1047,95
614,447,42,92,307,90,411,412,287
65,678,551,682,268,365,238,175,176,21,88,409,540,95
194,195,197,201,912,753,210,723,982,58,62
39,40,43,46,47,48,688,307,308,120,602,603,124
39,40,41,46,47,48,688,308,120,602,603,124
39,41,43,47,48,688,182,310,120,379,124
39,41,43,47,48,308,182,310,120,379,124
194,643,195,197,1060,201,809,207,730,58,62
640,34,35,139,177,50,724,57,636
198,678,682,491,492,267,947,1044,1047,283,958
36,324,166,295,168,169,204,334,303,624,625,275
194,195,643,197,199,201,207,58,62
227,228,102,488,233,40,493,494,495,847,211,223
800,801,170,394,108,812,811,344,345,347,349,799
192,546,547,548,550,879,593,49,664,665,762,763
420,775,776,425,135,206,918,984,985,219,829,222
33,902,70,809,205,721,722,145,54,888,379,380,381,831
800,801,811,812,780,347,1084,798,799
800,801,811,812,108,780,1084,798,799
108,109,178,340,344,345,346,347,348,349
194,195,739,197,740,199,201,848,210,982,58,62
868,870,871,776,845,918,984,985,314,1085,222
354,868,869,871,872,873,425,426,1072,1073,499,212,378,222
160,257,40,42,79,240,569,498,307,659,533,729,90,63
160,257,287,40,79,240,569,307,659,533,729,90,59,63
224,225,161,228,102,488,233,495,1073,278
71,41,43,687,48,124,498,307,531,533,182,55,310,954,120
353,354,868,453,917,377,378,316,317,318
64,258,932,933,235,910,911,336,305,339,248,60,61
6,934,968,810,908,909,304,117,1022,889,126
64,259,583,236,173,948,152,60,61,127
224,225,161,228,102,488,233,495,1073,278
356,106,107,203,205,433,436,502,122,123
356,551,106,107,203,433,436,502,122,123
65,103,652,49,594,595,401,596,597,599,598
229,38,230,168,169,231,395,12,16,18,20,1013,413,735
160,71,72,74,46,688,52,308,59,158,159
320,321,325,326,327,521,76,77,877,876,144,319
160,71,72,74,46,307,52,59,158,159
576,929,674,579,580,581,554,496,401,23,28,862
160,71,72,74,46,52,308,59,158,159
160,71,72,74,46,307,52,308,59,158,159
353,354,424,845,917,377,316,317,318
224,225,1090,102,1062,488,906,495,49,21,278,222
870,775,776,777,281,1072,1073,212,918,984,985,1084,222
258,1059,259,6,583,296,236,1042,735,88,250,60,61,127
224,1090,166,135,345,103,366,113,49,372,1013,952,24,794,795
108,109,178,344,345,346,347,348,349
320,321,325,326,327,521,76,877,77,876,144,319
318,868,870,871,872,845,1073,918,985,314,1085,222
318,868,870,871,845,918,984,985,314,860,1085,222
320,321,227,228,325,521,876,877,493,494,847,1073,211,344,223
609,931,260,358,935,967,937,363,399,112,246
108,109,178,344,345,346,347,348,349
414,615,616,585,631,459,80,247,445,446,415
386,389,747,749,750,751,752,862,149,150,189,190
71,297,73,75,46,48,307,52,308,310,120,59,124
257,961,964,743,79,48,569,306,659,216,729,63,287
704,1088,481,68,37,69,356,51,436,54,380,702,31
642,199,200,1001,1002,620,1009,373,374,1015,1016,1046,284
352,193,748,749,750,751,752,755,148,149,150,151,155,190
193,107,155,205,267,433,145,567,154,283,30
194,195,207,239,912,210,753,723,595,982,58,764,62,351
160,71,74,46,688,307,52,308,59,158,159
832,577,674,581,103,616,912,49,401,596,597,350,351
545,1029,1030,1031,235,80,18,20,990,1080,987,414,1087
99,963,101,965,939,271,272,84,88,1050
97,99,101,939,271,272,85,86,88,1050,255
98,99,101,939,271,272,83,85,88,1050,255
97,98,99,963,101,939,272,85,86,88,1050,255
98,99,963,101,939,272,83,84,85,88,1050,255
99,963,101,965,939,271,272,85,87,88,1050
963,100,101,232,939,366,84,85,86,87,88,89
3,388,165,38,486,104,229,230,231,14,1014,413
352,193,386,195,832,748,749,751,752,148,149,150,155
545,1029,1030,1031,235,977,18,20,1080,987,990
2,4,9,13,341,24,26,91,93
898,163,420,901,135,42,842,206,691,307,984,985,829
324,167,457,395,204,303,209,275,539
324,167,168,457,169,395,204,303,209,275,405,828
672,621,496,113,435,121,220,669,670,671
742,711,368,565,854,602,476,604,477,478,959
2,4,8,9,13,341,24,26,91,93
353,354,453,424,845,252,917,376,377,316,317,318
481,356,106,203,433,145,243,436,502,122,123
99,964,101,963,100,939,83,84,85,88,1050
97,98,99,963,101,964,968,939,84,85,88,89
609,355,260,358,966,936,937,586,588,246,537
704,387,68,37,69,484,555,718,17,51,371,283,380
225,227,228,102,488,233,493,494,847,211
41,43,47,48,688,379,310,120,59,124
160,71,72,74,46,307,52,59,158,159
480,484,485,4,171,172,13,17,273,439,24,25,91
320,321,325,326,327,521,876,524,77,877,144,319
576,674,131,578,581,70,617,618,45,334,497,415
160,71,46,688,307,52,659,308,120,59,158,159
515,516,268,300,238,365,176,175,626,635,126,639
128,129,135,489,427,972,398,370,371,115,342,24,25
514,35,34,392,137,393,296,236,141,146,756
382,1028,555,331,78,1070,338,372,958,830,927
672,33,454,136,266,492,15,496,82,760,27,28,29,30
128,129,547,549,427,972,398,370,530,371,155
672,196,582,7,15,208,530,27,29,30,286
672,265,621,286,220,30,121,27,28,669,670,671
672,704,37,265,621,49,220,30,27,28,669,670,671
353,868,869,871,872,873,918,919,378,254
356,106,203,107,205,145,433,243,436,122,123
584,606,619,174,175,371,1012,629,630,793,732,573,574,607
292,747,749,751,368,752,148,149,150,151,602,603,604,478
515,516,165,645,712,202,139,1068,1004,1010,19,756,757,1013
0,1,8,9,10,115,26,91,93
193,203,107,205,433,145,243,436,62,30,286
32,353,226,868,1063,360,873,234,956,142,14,1042,316
96,678,551,682,268,365,238,140,176,21,409,410,95
832,350,205,145,433,210,28,29,30,286
353,868,869,871,872,919,212,215,185,186
353,868,453,869,871,919,376,377,215,316,318
64,258,357,294,328,173,336,1012,948,566,312,443
258,294,173,175,336,1042,948,566,312,443
64,258,357,294,905,173,336,948,245,443,475,60
704,102,870,233,271,690,818,213,918,1045,278,860
640,34,35,300,461,177,50,179,756,757,724,636,637
641,515,516,140,335,626,50,632,633,634,635,638
640,515,516,35,299,140,141,335,50,626,724,636,637
609,355,260,358,935,938,971,655,246,537
224,868,870,872,40,314,845,270,1013,406,281,538,860,1085,222
196,741,710,1062,713,207,208,53,571,796,797
386,389,677,750,111,817,149,118,119,699,189,190,191
640,516,299,140,268,301,176,724,632,633,635,636,637,639
414,616,585,459,80,790,247,445,446,415
257,39,79,240,306,659,729,569,63
672,33,136,266,811,396,781,812,15,798,82,435,27,28,30
676,389,677,111,815,817,306,1074,404,820,118,189,190
194,195,197,713,201,239,207,881,58,62
1057,194,195,197,201,239,207,881,572
1057,107,879,239,912,210,881,725,982,313,572,350,351
2,4,8,13,341,24,26,91,93
256,384,482,237,464,241,465,467,242,285
420,389,390,107,237,174,111,116,118,119,829,190
545,932,132,235,459,910,911,399,80,248,61
160,71,73,46,688,307,52,59,158,159
32,576,616,909,496,401,1042,570,598,23,221,250,733,62
420,135,743,42,206,111,116,984,985,700,829,159
160,71,72,74,46,52,59,158,159
64,258,932,357,583,328,173,336,948,566,60,61
162,421,166,295,235,459,910,399,911,309,248,444
160,71,74,46,688,52,59,158,159
32,578,131,617,618,44,45,496,497,56,793,92
609,355,260,358,966,105,937,938,246
163,36,998,166,295,168,330,169,204,334,625,947,1082
897,287,743,520,279,182,183,280,700,447
897,743,520,729,55,182,279,280,183,700,447
160,71,46,688,307,308,52,59,158,159
167,457,395,204,303,209,275,539
164,165,166,295,168,169,395,622,944,625,947
164,165,295,168,169,167,395,943,944,625,947,1082,539
162,1091,132,133,134,330,459,399,309,790,414,415
132,133,134,615,616,585,330,459,399,80,470,790
163,324,165,457,204,334,303,209,275,405,534
870,776,40,845,985,1085,281,314,860,861
167,295,457,395,303,209,275,539
353,868,869,872,873,917,316,317,318
96,865,481,356,106,107,203,526,402,436,469,285
902,330,716,109,178,722,277,309,949,344,315,348,349,222
868,869,871,872,873,425,212,254,378,1085,318
708,37,70,68,267,715,429,283,337,567,154,155,703
640,515,516,139,140,300,301,626,724,635,636,639
640,515,516,138,139,140,460,300,301,141,626,635
608,451,263,264,16,113,18,20,30,27,28,29,286
451,387,165,38,263,264,266,274,438,282,284
480,484,485,489,11,172,813,110,81,273,17,115
642,68,267,155,434,51,19,342,567,154,283,381
6,934,908,909,1071,304,117,1022,792,126
481,391,203,205,15,145,243,502,22,122,123
963,100,965,964,232,366,272,83,86,87,88,89
64,66,259,583,236,31,442,152,250,60,61,127
418,962,132,133,134,582,265,235,619,627,793,537,511
897,287,743,520,279,182,183,280,700,447
256,482,389,237,464,465,241,467,242,466
167,457,395,204,303,209,275,539
387,451,263,266,490,396,274,403,760,441,282,796,30
387,263,266,490,15,274,403,438,441,282,286
868,453,872,425,426,499,378,219,254,767
773,37,425,777,819,822,215,185,186,219,253,375
64,609,258,357,294,936,937,173,336,948,245,60
481,356,391,106,203,15,243,502,22,122,123
320,322,325,326,327,40,875,876,344,319
320,321,322,325,326,327,40,876,877,319
320,322,325,326,327,40,876,877,319
320,321,322,325,326,327,521,876,877,319
3,229,38,230,231,14,1014,441,156,413,94
642,199,200,1033,1034,1035,1001,620,434,373,374,284
199,200,1033,1034,1001,620,1074,434,274,373,374,282,156
832,1057,835,205,145,433,913,210,30,761,27,29,286
768,769,770,578,264,168,394,12,16,849,340,346,94
256,163,390,490,749,143,465,466,242,116,469,467,285
870,776,40,845,1085,281,314,860,861
353,453,423,424,425,788,789,376,377,252
768,769,770,868,869,872,425,426,215,378,254,767
32,224,226,963,198,488,361,234,82,883,956,958
32,869,261,262,44,142,883,117,86,442,126
414,615,585,459,80,247,445,446,415
414,615,585,459,80,247,445,446,415
608,1029,1030,1031,1032,969,987,909,977,18,859,125,990
320,321,322,325,326,327,524,877,319
320,321,322,325,326,327,521,877,144,319
716,912,753,210,723,913,761,982,863,313,764,350,351
423,872,425,378,919,499,214,215,185,186,219,253
800,836,455,456,777,778,779,780,781,184,185,219,1020,253,254
833,449,291,289,519,333,435,437,1081,1054
224,225,228,102,488,233,495,240,178,211
215,772,773,774,771,425,375,217,218,860
771,772,773,774,781,214,375,217,218
705,3,229,38,230,14,274,1014,441,156,413,94
603,742,711,368,565,950,1013,602,379,604,478
934,551,968,268,365,238,973,176,974,408,409,540
704,705,706,707,708,37,70,429,337,379,380,703
414,585,459,399,80,247,444,445,446,415
352,740,200,1033,1034,748,749,751,148,373,374,149,284
576,577,580,581,328,173,49,1042,566,312,443,60
577,732,580,581,328,49,1042,629,247,312,443,60
868,869,453,423,872,425,426,214,215,378,251,254
868,453,423,872,425,426,499,214,215,378,251,254
320,321,322,325,326,327,521,877,144,319
452,1029,1032,180,181,887,408,409,1080,987,990,1087
320,322,325,326,327,521,875,876,877,76,319
641,515,516,140,461,335,626,632,633,635,639
414,585,459,399,80,247,444,445,446,415
832,32,599,652,753,723,564,598,982,764,925,350,351
446,631,574,585,459,846,80,880,247,445,414,415
261,262,6,268,142,495,917,117,471,281,58,985,126
353,868,869,871,872,873,426,425,919,378,254
640,139,300,301,140,724,635,638,639
753,210,723,761,982,863,313,764,350,351
196,420,135,206,750,53,380,984,985,379,476,829,478,959
672,519,265,621,28,942,113,121,126,27,220,669,670,671
672,807,265,621,431,113,435,628,121,220,670,671
258,357,583,328,173,336,948,566,443,61
998,794,715,718,824,18,818,851,182,823,216,469,534,795
386,198,678,682,491,492,946,947,1044,1047,95
482,390,111,143,465,242,467,116,276,468,466,285
192,258,613,1003,364,173,1009,948,373,374,950,60,1053
108,340,1079,344,345,346,347,348,349
108,109,178,340,1079,344,345,347,348,349
108,109,178,340,344,345,346,347,348,349
108,109,178,340,1079,344,345,347,348,349
108,109,178,340,344,345,346,347,348,349
353,453,423,424,425,788,917,376,377,252
768,770,868,869,453,872,425,426,873,378,254,767
1058,963,964,418,363,511,366,112,88,1050,127,255
162,446,937,938,459,727,536,399,535,248,537,538,445,414,415
867,739,741,652,750,848,594,755,595,949,982,725,924
258,546,644,933,548,910,911,305,370,339,248,1048,61
1056,897,805,743,520,695,744,691,182,183,694,700,733,447
864,574,588,880,337,434,629,630,380,153,154,379,604,381,926
641,515,300,301,140,626,634,635,638,639
299,460,301,302,141,632,634,635,638,639
472,520,683,279,79,659,182,183,280,700,63
38,359,1030,7,114,18,756,757,857,987,127,61,735
33,557,878,558,561,498,531,532,533,563,182,700
672,265,621,496,113,401,435,121,220,669,670,671
606,175,315,724,277,1079,344,345,347,348,349,638,607
832,737,385,323,971,591,592,912,210,753,594,595,118,761,988
708,37,70,429,496,337,49,497,438,23,441,380,701,703
2,4,9,13,341,24,26,91,93
108,178,340,344,345,346,347,348,349
800,801,170,394,108,109,812,345,347,348,349,798,799
387,995,37,1001,266,267,490,429,431,274,852,282,703
963,100,964,232,939,366,83,86,87,88,89
34,35,517,139,177,50,147,179,757,756,57
865,1060,1061,1033,1034,1036,751,721,1074,981,761,989,862,191
480,1,485,8,489,9,171,172,17,273,115,439,24,25
353,453,423,424,425,917,376,377,252,317,318
353,453,774,423,424,425,917,376,377,252,317
353,964,453,422,423,424,784,917,376,377,252
353,453,423,424,425,782,786,917,376,377,252
344,772,773,774,327,40,345,694,375,696,217,218
768,770,868,869,453,872,425,426,215,378,254,767
868,869,453,422,872,425,426,964,214,378,254
33,39,40,556,878,561,498,531,532,533,55,600,1020
353,868,453,423,424,812,917,215,376,377,1084,318
128,129,549,648,427,972,398,529,370,371,94
385,386,389,111,242,118,119,189,190
385,386,389,237,111,118,119,189,190
108,178,340,344,345,346,347,348,349
32,225,226,167,264,361,234,233,334,495,178,956,735
832,546,547,548,549,652,912,401,210,753,564,599,570,350
645,1029,712,1032,1067,1003,1037,431,474,1052,990
388,645,486,487,5,430,369,503,504
867,739,741,740,750,848,754,755
416,417,1025,673,903,1064,904,684,54,699,796,797
416,417,1025,903,1064,904,711,684,942,54,571,796,797
673,417,1025,902,903,1064,904,684,722,887,888,761,796,797
257,484,39,40,79,240,337,306,569,438,215,441,186,412,63
96,678,712,682,1068,400,402,1013,474,95
673,1025,742,711,902,684,721,722,854,758,888,476,478
1029,1031,27,396,941,496,913,273,628,30,1080,121,955,28,990
828,742,711,47,48,854,959,476,477,478,479
608,1067,1037,14,1052,1013,438,1014,441,474,156,125
248,33,418,932,548,910,911,528,305,401,339,1048,61
417,642,742,1064,650,267,155,1069,886,567,153,154,283,831
832,652,912,210,564,982,599,598,925,350
995,1001,1003,1004,1005,1006,431,1007,1009,1010,1015,1016
420,870,135,776,829,845,206,984,985,219,860,1085,222
641,515,299,301,302,626,1075,634,635,638,639
34,35,139,177,50,179,756,757,57
256,385,386,389,111,118,119,189,190
385,386,389,111,149,118,119,189,190
385,386,389,689,149,118,119,189,190
640,517,139,140,177,50,147,756,757,179,57,636
35,517,299,140,301,139,177,147,756,757,179,57
832,642,1036,398,753,210,982,758,761,570,62,863
514,392,393,140,301,146,635,638,639
897,520,447,79,182,279,280,183,700,63
672,329,265,332,175,435,437,1081,27,220,670
322,344,422,40,233,657,915,916,1085,406,407,182,345,283,701
1088,353,446,615,459,556,1038,558,878,919,407,889,701,414,415
736,992,1058,961,960,934,968,974,661,88,1017,410
736,418,419,1058,874,662,1017,1018
448,608,356,840,396,205,909,145,433,436,983,697,125,286
480,484,11,172,813,110,171,81,17,273,115
736,418,419,1058,994,874,661,662,1017,1018
481,356,490,203,106,107,145,433,436,981,123,829
576,674,579,580,581,554,306,403,438,23,441,282
99,100,934,551,968,974,408,409,540
865,200,1001,1034,1035,855,434,1074,404,950,1046,568,154
414,732,932,616,459,445,926,247,444,573,446,415
352,356,106,203,107,205,145,433,436,155,30
160,257,293,71,74,46,79,306,52,569,63,159
356,106,107,203,205,433,145,436,123,286
384,256,482,237,465,242,467,468,276,466,116,190
870,776,845,1084,1085,316,281,314,860,861
776,845,1085,918,316,281,314,219,860,861
997,998,677,1001,458,1003,330,814,432,1009,817,853,986
164,165,166,168,169,204,334,624,625,944,947,1082
160,71,74,46,688,307,308,52,59,158,159
609,355,260,358,935,966,937,971,655,246,537
673,742,711,368,565,854,959,476,477,478,604
256,193,482,389,620,237,464,241,242,465,466,467
934,551,968,365,974,973,408,409,540
294,583,328,173,792,948,566,791,312,443,60
484,485,489,11,171,110,273,17,115,81,371
224,225,161,228,102,488,233,495,278,219
256,384,237,464,465,242,466,467,241
482,464,465,466,467,468,242,118,283,190
256,482,620,237,464,241,242,465,467,466,285
609,418,966,967,905,586,937,727,846,535,1017,1018,475
833,289,449,519,332,333,437,1054
929,484,584,606,619,174,175,846,371,1012,732,926,607
513,67,452,551,714,1003,938,1009,180,181,408,409,857
37,1033,1034,331,78,337,593,913,469,311,664,665,380,381
108,109,178,340,1079,344,345,346,347,348
1028,37,331,1070,78,338,372,311,830,927
613,678,7,712,359,682,940,367,400,402,114,53,735
832,737,323,549,687,531,532,533,598,564,350
1024,129,33,579,484,265,1038,401,1042,305,1081,250,220
33,451,454,264,266,492,397,15,496,49,274,282,286
482,620,464,465,466,467,241,242,285
417,1062,1033,1034,849,434,1074,1046,154,571,796,797
1027,483,517,741,250,299,236,461,724,311,153,154,381
576,674,579,580,581,3,554,403,438,23,441,282
453,454,455,456,424,783,785,786,376,377,219,252
453,454,455,456,425,424,782,784,376,377,219,252
453,454,455,456,424,425,782,783,376,377,219,252
453,454,455,456,424,425,782,783,376,377,219,252
193,739,613,7,364,431,848,950,374,568,221,1053,62
514,392,393,137,301,302,141,146,638,639
161,261,262,869,552,142,1073,628,917,117,126,155,318
97,98,963,965,934,810,366,304,87,88,89
440,200,1001,1034,906,1033,759,434,404,373,950,1046,374,154,381
867,739,741,740,750,848,754,755,924,925
576,802,579,580,581,578,391,243,244,22,122,188,383
769,869,453,774,425,426,499,215,378,219,252,254,767
288,449,450,833,518,519,333,437,1015,1054
420,390,135,206,111,751,529,116,984,985,829
614,743,447,42,92,90,411,412,157,287
641,515,516,301,626,632,633,635,638,639
482,464,241,242,467,468,276,466,465,285
96,678,712,682,526,367,400,402,95
645,38,486,104,229,202,230,231,997,14,1013,1014,413
672,552,496,977,50,177,628,113,1080,121,987,669,670,1087
672,121,552,496,977,50,177,628,113,857,858,669,670,1087
388,645,486,487,5,430,369,503,504
2,4,485,171,172,11,13,17,273,439,24,25,91
476,683,716,717,462,560,759,920,698,1051,1020
96,678,682,526,400,402,244,95
929,484,645,388,487,712,1067,1003,1037,430,1009,474,1052
929,388,645,486,484,104,712,1066,1067,1003,1037,1009,474,1052
928,994,452,551,180,181,408,409,474,987
1033,1034,1035,1001,951,1074,434,950,855
352,193,195,740,741,748,749,750,751,755,148,150
384,256,482,389,237,464,241,242,467,276,466,465
164,165,166,168,169,457,395,204,334,303,209,947,275,1082
36,165,166,295,167,204,334,303,275,947,1082
36,324,166,295,165,204,334,303,275,1082,539
324,166,457,204,334,303,943,209,625,275,947,624,944
167,457,395,204,303,209,275,539
167,168,457,169,395,303,209,275,539
352,193,832,195,748,205,749,751,145,564,148,149,150,155
384,482,741,749,750,751,465,466,242,468,467,119,284
741,747,748,749,750,751,148,149,150,862
384,482,237,464,241,242,465,467
287,42,659,412,90,411,92,157,447
640,641,139,460,301,141,302,1075,635,638,639
513,546,550,591,753,723,725,955,924,925,350,351
481,226,360,361,234,243,917,726,348,502,122,956
1088,64,68,37,69,337,338,51,245,60,702,31
160,71,46,307,308,52,59,158,159
97,98,99,963,101,271,272,83,86,87,88,89
97,98,99,963,101,271,272,83,86,87,88,89
97,98,963,101,272,83,86,87,88,89
1,2,4,13,341,24,26,91,93
352,193,195,740,741,739,749,750,751,848,755
193,740,741,201,748,749,750,751,848,755,148,831
352,193,195,740,741,739,201,749,750,751,848,755
576,577,674,579,580,581,578,554
576,577,674,579,580,581,929,578,648,554
322,227,228,40,233,170,493,847,178,211,1085,223
576,577,674,579,580,581,578,929,554
576,577,674,579,580,581,578,554,23
574,844,846,880,630,791,792,573,926
574,844,846,910,880,630,791,792,573,926
907,908,909,1071,880,305,1078,792,793,28,1022
614,447,42,92,90,411,412,157,287
993,97,98,907,908,909,1071,880,1048,793,573,1022
867,739,236,848,16,754,602,22,1013,150,151,154,603
929,580,581,978,979,980,793,505,506,508
576,929,992,648,653,846,239,528,654,980,507,509,510,511
576,577,674,578,992,653,846,654,528,980,507,509,510,511
929,1018,580,846,978,979,980,505,506,508,733
833,449,450,289,519,333,437,1054
960,929,992,607,978,980,630,507,509,510,511
960,736,992,807,554,926,1011,980,630,1016,509,510,511
960,992,994,579,807,808,980,1015,1017,991,509,510,511
994,579,580,581,978,979,980,629,505,506,508
384,482,386,464,241,242,465,276,467,285
512,553,649,589,1041,657,1043,916,728,575
320,322,325,326,327,521,876,877,144,319
1,484,485,8,9,10,11,171,110,17,273,115,439
673,742,711,902,1064,684,721,722,831,886,888,761,863
576,577,578,579,580,581,674,554,926
742,154,368,153,602,603,604,478,959
576,577,578,579,580,674,929,388,648,554,430,503
742,154,368,153,602,603,604,478,959
742,154,368,854,602,603,604,478,959
576,577,578,579,580,674,581,929,388,648,554,430,503
576,577,674,579,580,581,578,554
673,1060,389,742,711,684,242,119,189,886,118,568,699,989
673,1060,1061,742,711,389,684,242,189,118,119,568,699,989
673,742,711,684,717,368,692,886,959,568,761,478,863
288,1089,1090,545,676,677,518,1066,1067,1037,402,1013,1052
225,102,167,233,457,108,495,303,213,1045,278,314,347
631,574,844,846,880,630,791,793,732,926,607
631,574,844,846,880,630,791,792,573,926,607
449,450,291,289,833,518,519,333,437,1081,1054
631,574,844,846,880,629,630,791,792,732,926
414,574,938,844,846,880,630,791,792,793,926
631,574,844,846,880,630,791,792,573,926
631,574,844,846,880,630,791,792,793,926,607
414,631,574,938,844,846,880,630,791,792,793,926
609,355,966,935,936,937,358,967,661,662,246,1018
934,551,968,365,974,238,973,408,409,540
960,992,544,736,961,994,1000,653,654,926,991,542,543
544,992,960,961,994,993,1000,619,653,654,991,542,543
108,494,847,178,344,345,346,347,223
960,993,961,994,992,1000,653,654,541,991
387,1033,490,1034,306,403,373,374,438,441,282,284,735
736,1058,418,419,874,588,661,662,1017,1018
193,930,259,165,679,296,204,685,720,209,343
737,33,867,599,520,239,529,530,564,598,54,700,29,350
929,577,578,579,700,648,1003,1038,529,530,1009,374,156
446,631,459,844,846,880,926,629,791,792,732,574
843,683,557,556,559,560,561,562,563,878,558
1057,713,239,207,881,753,723,912,913,598,572,350
683,556,557,558,878,559,561,562,563
683,843,557,556,559,560,561,562,563,878,558
843,683,557,878,559,556,561,562,563,558
683,556,557,558,878,559,561,562
512,675,553,589,719,1041,1043,697,575
843,556,557,558,559,560,878,562,563,561
843,556,557,558,559,878,561,562,988
683,556,843,558,878,559,561,557,562
193,930,259,165,679,296,685,720,209,343
610,611,612,834,680,843,683,941,556,687,559,557
611,612,836,843,683,556,557,559,558,562,663,667
192,737,546,548,709,550,590,591,592,593,879,664,665
548,550,590,591,592,593,693,983,600,665,922,923
192,546,548,550,298,590,591,592,593,913,723,664,665
737,546,513,548,550,591,239,593,725,664,665,924,925
832,546,547,548,549,550,596,597,599,600,601,924,925
832,737,546,547,548,549,550,564,599,924,925
832,546,547,548,549,550,564,599,600,925
548,549,550,941,590,591,592,600,922,923,925
324,166,167,296,457,204,685,303,720,209,275,404,405,828
1033,1034,1001,1004,1005,1006,1007,434,1011,404,1010,374,950,828
935,936,937,938,727,535,536,537,538,732
609,935,936,937,938,727,535,536,537,538
935,936,937,938,727,535,536,537,538
609,935,936,937,727,938,535,537,538
940,941,590,591,592,693,983,600,601,922,955
512,612,836,553,589,658,1043,663,667,575
513,546,547,548,737,550,549,664,665,924,925
256,384,568,237,465,242,467,468,276,118,466,241,190
865,738,806,198,1033,1034,750,1074,855
866,709,879,753,723,725,982,762,763
866,709,37,879,753,723,725,982,762,763
866,709,879,753,723,982,762,763,764
704,866,709,879,753,723,982,762,763,764
866,709,879,753,725,982,665,762,763
641,515,516,140,626,724,632,633,634
641,515,516,300,140,626,632,633,634,635
640,641,139,300,301,140,302,460,1075,635,638,639
546,548,709,201,606,879,401,305,339,982,1048,926
642,199,200,204,620,238,624,625,947,373,374
193,1027,483,516,299,460,461,236,335,403,724,311,153,381
258,932,644,933,586,588,910,911,627,1017,1018
548,550,941,590,591,592,593,665,600,601,922,923
737,835,709,650,716,652,879,753,690,725,982,761,924
865,738,806,1063,1033,1034,1035,1069,855,1074,1046,951
864,650,716,1036,717,913,914,692,758,759,761,797,831
323,650,716,717,594,595,596,597,758,759,761,831
650,716,717,887,594,595,596,597,758,759,761,831
323,650,716,717,594,595,596,597,758,759,761,831
192,513,546,548,709,550,879,593,664,665,762,924
192,866,709,879,593,594,595,596,725,597,664,665,762,763
320,322,325,326,327,521,875,876,144,319
192,866,709,879,593,594,595,596,725,597,664,665,762,763
868,869,871,872,873,425,212,254,378,318
832,737,546,759,596,597,598,599,564,350
832,737,546,549,759,596,597,598,599,350
193,481,107,205,433,145,243,436,502,122,123
160,614,42,92,90,411,412,157,447
737,546,548,759,401,723,596,597,598,599,764
737,546,759,753,401,723,596,597,598,599
484,485,489,171,273,17,115,19,371,342,1013,24,283
683,556,843,558,878,559,561,557,562
512,612,553,589,1041,1043,663,667,575
759,1036,717,949,863,887,760,761,758,1021,831
737,879,912,753,723,725,982,313,764,351
832,737,1036,912,753,210,723,725,982,313,764,351
832,912,753,881,723,725,982,313,764,62,351
832,737,1036,912,753,881,723,982,313,58,764,62,351
675,647,971,657,658,663,728,697,666,667,731
675,647,649,971,657,658,916,728,697,667,731
675,647,719,657,658,915,916,663,728,666,667,731
646,999,714,719,657,658,915,691,916,728,731,988
675,899,649,719,657,658,691,1041,915,916,728,697,731
897,287,743,520,79,182,183,729,90,700,63,447
675,646,999,647,714,657,658,915,667,988
196,710,70,201,206,208,53,1013,58,380,381,62
609,249,582,966,586,587,588,844,846,497,662,791,793
576,577,580,581,615,616,585,459,80,247,445,446
960,992,993,994,961,542,1000,653,654,926,991
992,993,960,736,994,961,1000,653,654,542,991
1060,837,1061,1063,809,942,886,730,989
675,680,695,971,686,657,983,693,694,663,667
834,675,610,680,657,915,663,728,697,731,667
675,891,1083,714,719,657,916,663,697,667,731
746,651,971,683,878,558,657,561,660,920,667,668
1026,999,744,746,651,971,690,660,920,667,668
647,746,651,556,683,728,660,920,698,668
451,164,263,264,15,113,30,282,27,29,286
131,617,618,45,205,145,433,310,732,30,286
545,229,230,231,997,38,1014,825,827,413
545,229,230,231,997,38,1014,825,827,413
545,229,230,231,997,38,821,1014,825,413
1064,650,716,656,914,692,949,887,760,761,699,734,831
675,805,744,714,719,657,690,691,658,561,885,920
805,744,1034,719,728,657,690,691,915,658,920,1083
615,616,585,459,80,790,247,445,446
641,515,516,139,140,626,632,633,635,639
992,609,994,933,584,938,619,1012,1018,606,607
609,994,355,933,584,936,938,619,1012,606,607
833,289,449,291,450,519,333,437,1054
929,579,388,581,645,648,1003,528,1009,339,980,597,607
545,676,677,997,229,230,231,235,814,820,821,20,824,413
292,27,906,458,368,434,565,22,440,154,379,29,30
896,899,836,612,841,1065,663,667,1020,894,895
899,836,675,841,1065,683,557,560,563,920,698,1020,894,895
870,860,776,811,845,917,985,314,219,1084,1085,222
320,321,325,326,327,521,522,877,144,319
320,321,325,326,521,523,524,877,525,144,319
320,321,325,521,523,524,76,77,525,144,319
1057,835,713,1036,590,239,207,881,913,912,572
675,680,686,728,693,694,695,696,731
675,647,695,746,651,557,560,657,563,920,663,728,698,731,668
902,711,887,721,722,949,54,863,888,761,831
675,680,686,728,657,693,694,695,696,731
615,616,585,330,459,80,247,445,446
257,743,279,79,240,306,659,182,183,729,700,63
641,515,140,301,626,1075,632,634,635,638,639
641,515,140,301,626,1075,632,634,635,638,639
388,645,486,487,5,430,369,503,504
675,647,1083,719,657,658,916,663,728,697,667
675,1083,651,719,657,658,691,663,697,667,668
900,568,1036,717,691,949,863,759,760,761,892,1021,831
675,836,647,714,657,658,663,728,697,667
832,737,549,652,753,564,725,598,599,925,350
676,677,814,527,815,817,820,821,823,824
582,966,586,587,588,846,880,629,574
292,1033,1034,1069,368,434,1074,468,602,950,565,568,154
1036,717,882,949,831,759,760,761,892,1021,863
292,568,1069,468,565,471,472,473,154,124,604
864,292,568,1069,468,565,471,472,473,154,124
292,568,1069,468,565,471,472,473,124
868,869,871,872,873,212,918,378,1085,318
292,742,1064,717,1069,434,565,759,568,153,154,796,797
864,650,568,1036,717,760,692,863,887,886,761,54,797,831
292,1069,368,434,468,565,54,568,26,379,477,478
1024,324,167,40,457,42,1038,303,209,275,310,343,120,92
320,321,325,326,521,523,877,77,525,144,319
675,836,647,714,657,693,663,728,697,667,731
650,716,717,656,849,914,692,886,887,699,734,831
704,705,706,707,708,37,70,429,702,703
900,840,882,1076,885,1077,890,891,1021
37,741,70,331,78,1070,337,311,221,379,380,381,62
704,705,706,707,708,37,70,429,701,702,703
704,705,706,707,708,37,70,429,573,702,703
353,226,230,360,872,234,873,272,1013,956,29,318
641,515,140,301,626,1075,632,634,635,638,639
641,515,140,301,626,1075,632,634,635,638,639
673,902,684,760,721,722,54,863,888,886,730,831
865,1033,1034,1035,951,1074,434,855,735
865,1033,1034,1035,951,1074,950,855,735
1029,998,1030,1032,1001,458,1003,330,1033,969,432,1009,851
646,999,714,719,728,658,915,691,916,920,667,988
675,647,714,719,657,915,916,693,920,663,728,666,667
897,898,675,901,838,842,690,691,884,667
897,898,901,838,842,971,691,884,667,703
897,898,901,838,842,690,691,884,988,703
683,556,557,558,878,560,561,562,559
388,645,486,487,5,430,369,503,504
194,643,195,197,837,1061,1063,809,201,434,886,54,154,989
641,515,516,140,626,1075,632,633,634,638,639
672,265,621,113,435,121,27,220,669,670,671
672,265,621,113,435,121,27,220,669,670,671
672,265,621,113,435,121,27,220,669,670,671
672,265,621,113,435,121,27,220,669,670,671
672,265,621,113,435,121,27,220,669,670,671
97,99,964,101,939,271,272,83,85,86,87,88,1050,255
641,515,140,301,626,632,633,635,636,638,639
640,641,300,140,632,633,635,636,637,638,639
899,900,649,714,657,1041,915,916,728,697,731,667
99,100,101,934,551,232,366,84,85,89
352,193,740,741,711,747,748,749,750,751,755,148
582,574,586,587,588,846,880,791,926
676,677,814,815,816,817,819,820,821,823,824
676,677,814,815,816,817,818,819,820,821,823,824
934,968,908,973,909,974,1071,401,117,121,1022
782,783,784,785,786,787,788,789
834,839,840,1021,885,693,983,600,889,890,891,892,893
834,610,839,840,680,882,1076,1077,885,983,890,891,892,1021
344,772,773,774,781,375,696,217,218,765,766
900,839,988,559,1021,882,562,1076,1077,890,892,893
193,930,642,679,296,685,720,625,945,947,343
193,930,642,296,685,622,173,720,625,947,343
834,900,839,840,1021,882,885,1077,890,891,892,893
193,930,642,296,685,720,625,945,947,343
900,839,714,1021,882,915,1076,1077,889,890,892,893
899,900,839,649,893,657,882,1076,1077,728,890,1021
899,900,1021,882,657,1076,1077,728,890,731,892,893
938,844,846,880,926,629,791,792,793,732,574
673,1060,837,1061,1063,809,942,886,54,730,989
844,846,880,926,629,630,791,792,793,574
578,131,674,581,70,616,617,618,585,45,1038,1081
782,783,784,785,786,787,788,789
782,783,784,785,786,787,788,789
782,783,784,785,786,787,788,789
782,783,784,785,786,787,788,789
772,773,774,422,345,377,845,375,344,217,218,765,766
673,902,684,721,722,54,887,888,761,886,730,831
675,805,744,714,560,657,691,920,698,667,668,731
768,769,770,771,772,773,774,217,375,377,218,860,767
768,769,770,771,772,773,774,845,375,217,218,860,767
768,769,770,772,773,774,377,845,375,344,217,218,767
768,769,770,771,772,773,774,377,214,375,217,218,767
382,35,555,331,78,1070,177,50,372,958,57,830
865,194,195,1033,1034,1074,981,855
772,773,774,422,425,845,781,375,217,218,860
772,773,774,422,845,781,375,217,218,860,767
772,773,774,422,40,345,845,375,344,217,218,861
576,577,578,579,580,1056,605,520,1083,656,627,630,699,733,926
865,1033,1034,489,813,1074,981,54,855,862
896,675,836,899,840,841,1065,719,697,891,894
1060,837,1063,809,650,759,717,849,914,692,886,887,568,831
834,839,840,882,885,983,890,891,892,1021
647,746,651,683,728,560,660,920,698,666,668
782,783,784,785,786,787,788,789
782,783,784,785,786,787,788,789
650,759,717,656,849,914,692,886,887,699,734,831
322,327,782,783,784,785,786,787,788,789
650,716,887,656,914,692,949,886,758,760,761,699,831
800,801,811,780,109,108,812,781,349,798,799
800,801,811,108,780,109,812,781,348,798,799
800,801,811,780,812,340,344,345,347,798,799
800,801,811,780,109,108,812,781,349,798,799
800,801,811,108,780,109,812,781,348,798,799
899,836,900,649,841,1065,657,697,1020,894,895
800,801,780,108,812,781,340,344,347,798,799
896,899,836,841,1065,714,777,1020,894,895
832,737,323,549,652,210,564,725,982,599,925,350
834,610,680,941,590,591,687,592,1041,912,723
292,747,749,751,752,148,565,150,151,149,153,154,379,604
257,293,743,39,40,79,240,306,659,569,411,63
287,743,42,46,691,412,90,411,92,447
322,325,326,327,521,876,877,144,319
773,870,775,776,777,778,779,845,984,378,219,1085
421,870,775,776,777,778,779,845,984,281,219,860,1085
773,870,775,776,777,778,779,845,984,378,219,1085
864,650,717,760,914,692,863,887,54,761,699,831
772,870,775,776,777,281,779,845,984,985,314,219,1085
870,775,776,777,778,779,845,984,281,219,860,1085
612,839,840,882,1076,1077,885,889,890,891,1021
900,839,840,1051,1021,1076,885,1077,889,890,891,892,893
673,835,1060,837,650,1036,684,239,1039,913,914,725,758,572
166,169,204,622,943,624,625,944,947,945,334,1082
900,839,1021,882,1076,1077,889,890,1051,892,893
900,839,557,1021,1076,1077,889,890,1051,892,893
770,771,772,773,774,345,375,344,217,218,766,767
930,36,166,295,679,296,685,399,720,343
899,836,900,649,841,1065,657,1041,728,697,731,894,895
747,651,556,878,558,752,561,683,751,150
747,651,749,558,751,752,561,690,691,884,149,150,151,889
535,935,936,937,938,727,536,537
576,929,580,581,388,645,648,554,1003,528,1009,1048,607
641,515,300,301,626,724,632,634,635,638,639
163,324,296,204,303,688,209,569,275,404,405,215,185,828
896,675,836,899,313,841,1065,719,912,753,723,697,894,351
897,898,675,901,838,842,691,884,728,667,703
897,898,675,901,838,805,842,691,884,728,667
832,737,599,652,912,564,598,982,764,925,350
843,683,557,558,559,878,560,562,658,920
514,517,392,393,137,301,302,141,146,638,639
896,610,611,612,675,841,683,556,557,719,560,697
159,614,71,447,42,52,412,90,411,92,287
832,737,548,652,912,210,564,596,982,597,598,764,351
68,806,998,490,715,718,434,851,501,469,534,216
832,896,323,549,590,591,687,531,564,533,599,922,923
864,608,387,68,69,37,484,1070,718,283,51,379,380,381
382,1028,331,1070,78,830,50,311,56,958
641,515,301,626,1075,632,633,634,635,636,638,639
163,37,198,491,492,622,947,1044,1047,538,860
167,457,395,204,303,209,275,539
675,643,805,744,714,1070,719,657,690,691,920
287,614,42,92,90,411,412,157,447
166,169,204,622,943,944,625,624,947,946,945,334
166,169,204,622,943,624,625,944,947,946,334,1082
864,650,1036,717,760,692,831,54,887,568,761,796,863
416,417,903,1064,904,684,722,888,796,797
672,995,807,808,431,272,435,1011,1015,1016,957
672,995,807,808,329,1002,431,435,1011,1015,1016,957
835,805,650,656,849,914,692,758,887,699,734,831
870,281,776,349,1072,1073,918,344,985,860,1085,222
641,515,516,301,626,883,632,638,639
98,963,101,6,810,304,83,84,85,86,87,88,89,1050
992,67,260,358,105,654,655,497,246,249,1018
480,484,9,171,172,813,110,17,81,439
352,165,200,1033,748,749,751,752,373,374,149,150,284
226,290,361,234,553,170,394,687,1041,726,377,956,575
224,290,226,868,361,234,170,394,1041,726,378,575
964,934,551,968,810,939,973,974,304,89,1050,540
672,265,621,496,113,1081,435,121,220,669,670,671
1027,483,1070,78,830,951,50,311,381,958,927
256,481,3,420,390,14,143,174,241,116,276,94
933,619,588,653,654,880,627,1012,629,630,793,605,926,607
517,299,301,302,141,1075,724,635,638,639
993,933,586,619,653,846,880,627,926,791,605,574,607
292,472,1069,174,468,565,150,568,473,602,603
673,902,684,721,722,54,887,888,761,886,730,831
162,130,132,421,541,653,654,790,470,1049,442,445
677,814,815,817,818,819,820,821,823,824
814,817,818,819,820,821,823,824,825
64,66,259,236,152,88,60,61,127
64,66,259,583,236,152,88,60,127
64,66,259,583,173,653,654,152,60,127
162,132,421,134,459,653,399,470,790,248,88,511
67,419,105,874,654,655,661,662,249,1018
64,66,259,583,236,152,88,60,127
832,737,547,549,599,652,239,210,564,982,598,925,350
646,680,695,971,686,719,657,691,693,694,983,920,988
680,686,719,657,690,691,920,694,695,696,693,731
162,130,421,653,399,309,470,1049,442
162,130,421,134,399,309,470,248,1049,442
162,130,421,235,653,654,470,790,1049,442,541
64,294,583,236,173,653,654,127,948,152,88,60,511
741,998,200,715,718,434,851,373,534,1046,469,501,216
200,203,107,718,434,23,373,374,950,469,1016,284,221,216
416,1025,417,673,903,904,1064,684,722
416,1025,673,417,903,904,711,1064,684,722
68,37,520,331,1070,849,50,403,958,311,380,381,830
704,707,708,37,68,715,429,496,862,926,379,1051,28,702,703
704,707,708,37,414,1051,715,429,271,818,987,701,702,703
704,705,706,707,708,37,70,715,267,429,703
704,705,706,707,708,37,70,715,267,429,702,703
803,804,328,937,173,910,1038,948,566,312,505,1055
803,804,936,937,328,588,173,1038,910,948,566,312,1055
704,705,707,708,37,70,715,429,337,702,703
704,706,387,708,70,574,429,337,981,701,702,703
998,715,718,434,851,403,373,374,850,469,534,958,216
802,195,451,391,383,15,367,243,22,30,122,29,382,286
387,741,200,490,855,501,534,951,373,469,735
609,966,967,905,937,535,536,1017,1018,475
480,387,484,9,202,110,463,81,19,342,282,283
388,5,486,487,430,369,503,504
1033,1034,1035,1001,1004,1005,855,849,434,1010,951,950,1046,154
746,651,683,719,560,690,691,660,694,920,698,668
833,289,449,450,519,332,333,437,1054
737,546,548,550,1036,590,591,592,593,665,664,953,955,924
576,577,674,580,581,103,616,585,49,401,596,597,23,570
1091,998,330,814,718,850,851,853,469,216,795
480,485,171,172,813,110,81,17,273,24
1033,1034,1035,951,434,849,1074,950,855,735
1033,1034,1035,855,1074,404,1046,951,950,735
833,289,450,449,519,332,333,1054
814,817,818,819,820,821,823,824
814,527,817,818,819,820,821,823,824
676,814,816,817,818,819,820,821,823,824
736,960,1058,418,874,661,662,1017,1018
814,817,818,819,820,821,823,824
814,817,818,819,820,821,823,824,826
814,817,818,819,820,821,823,824
676,677,814,815,816,817,820,822,825,826,827
677,814,815,816,817,819,822,825,826,827
675,646,999,714,719,658,915,916,728,731,988
677,814,815,816,817,820,821,822,825,826,827
675,649,970,719,657,1041,915,916,728,697,731
677,814,815,816,817,820,822,823,825,826,827
676,677,814,815,816,817,820,822,825,826,827
677,814,815,816,817,819,820,822,825,826,827
649,971,651,719,728,657,658,915,916,920,697,667,988,731
388,645,486,487,5,430,369,503,504
673,1060,1061,837,684,942,886,758,730,989
673,1060,837,1061,684,942,886,758,730,989
584,574,938,619,846,654,1012,629,732,606,607
1026,843,683,557,558,878,559,561,562,660
416,1025,417,903,904,1064,54,571,796,797
1029,987,1030,1032,1031,977,857,858,859,990,1087
1029,987,1030,1032,1031,977,857,858,859,990,1087
416,673,1025,742,711,684,722,854,886,888,730,1051,476,478
929,388,5,486,487,430,369,503,504
929,388,5,486,487,430,369,503,504
609,935,936,937,938,727,535,536,537,538
994,355,935,936,937,938,727,629,535,536,537,538
995,997,1001,1002,1003,458,1034,1033,855,432,1009,951,1015,1016
935,936,937,938,727,629,535,536,537,538
1029,987,1030,1032,1031,976,977,857,858,859,990,1087
545,814,817,819,820,821,823,824,794,795
827,815,816,822,825,794,795,826
608,1030,1031,987,969,976,977,18,1080,859,125,990
673,1060,1061,837,684,942,886,758,730,989
609,935,936,937,938,727,535,536,537,538
673,1060,1061,837,684,942,886,730,989
931,260,966,967,358,937,938,363,399,112,246,536,538
646,999,714,971,719,658,915,916,728,731,988
739,740,741,1062,1064,713,750,207,848,755,568,154,797,831
900,839,882,1076,1077,885,889,890,892,1021
162,1091,997,998,330,814,718,399,850,851,853,309,248
900,839,1041,882,1021,1076,885,1077,890,893
992,258,932,933,935,937,619,910,911,336,627,543
992,932,933,644,1000,619,910,911,926,605,606,607
1091,998,814,432,850,851,820,853,821,855,921,986
418,644,582,967,586,587,588,846,880,793,1017,926
72,73,297,43,46,47,688,689,307,52,308,310,55,120
932,935,648,937,329,269,1038,528,978,727,1081,507,733
929,581,1009,978,979,980,793,505,506,508
929,581,978,979,980,793,505,506,508,511
934,551,968,973,974,84,408,409,540
998,715,204,718,622,945,947,851,469,501,534,216
643,1060,1061,837,1063,809,942,886,54,730,989
705,292,773,297,906,48,434,150,440,154,379,478
548,550,940,941,590,591,592,593,600,601,923
166,169,204,622,943,944,945,625,946,947,624
166,169,204,622,943,944,625,946,624,945,947,334,1082
166,169,204,622,943,944,625,945,624,946,947,334,1082
896,675,899,836,841,1065,657,663,698,697,954,1020,895
166,169,622,943,944,945,946,625,947,334,624,1082
631,844,846,880,926,629,630,791,792,793,732,574
960,544,961,736,992,1000,543,653,654,926,541,542,991
960,961,544,992,993,936,874,653,654,991,541,542,543
960,961,544,992,993,653,654,991,541,542,543
993,932,933,644,936,653,910,911,339,627,629,535,732,991
609,355,966,935,967,937,905,588,662,475
736,609,966,967,935,937,905,936,535,536,475
166,169,622,943,944,625,946,947,624,334,945,1082
546,547,548,955,549,550,590,591,592,593,531,600,922,923
101,934,551,968,973,974,408,409,540
832,129,737,128,427,972,398,370,371,564,94
1001,1002,1003,1004,1005,1006,1007,1008,1010,1015,1016
1001,1002,1003,1004,1005,1006,1007,1010,1011,1015,1016
1001,1002,1003,1004,1005,1006,1007,1008,1009,1010,1015,1016
1004,1005,1006,1007,1008,1068,1010,1011,431,1015
1004,1005,1006,1007,1008,1068,1010,1011,1015
995,1004,1005,1006,1007,1008,1068,1010,1011
1004,1005,1006,1007,1008,1068,1010,1011,1015
1004,1005,1006,1007,1008,1068,1010,1011
1004,1005,1006,1007,1008,1068,1010,1011
1004,1005,1006,1007,1008,1068,1010,1011,1015
1001,1002,1003,1004,1005,1006,431,1007,1009,1010,1015,1016
1001,1003,1004,1005,1006,1007,1009,1010,1015,1016
995,1004,1005,1006,431,1007,1008,1010,1015,1016
673,742,711,902,684,604,721,722,888,476,478,959
900,1036,882,885,831,760,761,890,1051,1021,889,863
99,100,101,934,551,968,973,974,304,84,85,408,409,540
993,934,551,968,973,974,408,409,540
891,840,940,941,590,719,601,697,600,953,954,955
859,1029,1030,1031,1032,977,1080,987,990,1087
1029,1030,1031,1032,977,1080,857,987,990,1087
1029,1030,1031,1032,976,977,987,990,1087
1029,1030,1031,1032,976,977,987,990,1087
1029,1030,1031,1032,976,977,1080,987,990,1087
1029,1030,1031,1032,976,977,987,990,1087
1029,1030,1031,1032,976,977,987,990,1087
923,805,681,298,841,590,591,592,1076,1077,1019,731
576,929,577,579,388,581,648,430,528,629,503,732
294,583,328,648,173,336,528,1042,948,566,312
292,747,749,750,751,368,752,148,565,150,151,149,602,604
736,1058,418,419,874,662,1017,1018,732
736,1058,419,418,874,661,662,1017,1018
650,1036,1021,949,863,758,760,761,1051,797,831
483,1028,331,1070,78,338,958,372,311,56,830,927
675,923,940,941,590,557,601,600,953,954,955
900,940,941,590,657,1077,600,953,954,955,893,575
960,992,994,961,993,936,874,653,654,629,1017,1018,991
960,992,994,993,961,936,1000,938,653,654,629,535,1017,991
960,993,994,992,961,1000,936,653,654,541
992,993,960,994,961,1000,653,654,926,542
745,428,12,687,339,500,94,856,697,187,574
745,428,12,339,500,693,983,856,697,187,94
745,428,12,697,500,339,856,761,187,605,94
898,745,428,12,339,500,693,856,697,187,94
162,997,998,421,166,330,814,399,819,309,248,444
1057,1036,1039,1040,913,881,758,760,761,572
745,428,12,339,500,693,983,856,697,187,94
193,382,1028,331,78,1070,830,338,372,311,958,927
1,2,4,10,13,24,26,91,93
483,1028,331,1070,78,338,372,311,830,927
99,964,101,963,100,551,968,939,973,974,84,85,88,89
99,964,101,963,965,100,551,968,939,973,974,84,85
99,964,965,101,100,968,939,973,85,87,89
99,963,100,101,968,939,84,85,86,88,89,1050,255
101,934,551,968,973,974,408,409,540
160,71,46,688,307,52,308,59,158,159
964,1068,1005,1006,1007,1008,1004,1010,1011
1056,1057,835,650,1036,716,1039,1040,913,881,758,761,572
359,712,7,940,114,499,18,757,857,953,954,987,735
163,931,198,491,492,947,1044,565,1047,538,574
96,678,712,682,526,367,400,402,95
737,741,807,808,520,1002,913,49,594,1011,725,1015,1016,957
96,678,712,682,526,367,400,402,95
96,678,391,682,526,367,400,402,95
1029,1030,987,1032,969,975,976,977,1080,859,990
1029,1030,1032,969,975,976,977,1080,987,990
859,1029,1030,1032,969,975,976,977,1080,987,990
96,678,712,682,526,367,400,402,95
162,130,421,459,399,309,470,1049,442,415
1057,1025,835,713,1036,239,207,881,913,723,725,758,572
1029,1067,1037,977,474,987,1052,858,990,1087
1029,1067,1037,975,474,977,858,1052,990,1087
1029,1067,1037,977,1080,474,859,1052,858,990,1087
610,834,923,680,940,941,590,687,600,601,954,955
512,553,589,590,687,1040,1039,913,1043,758,601,575
960,992,584,1000,619,844,846,926,1012,605,606,607
675,899,649,719,657,1041,915,916,728,697,731
992,736,960,993,961,994,1000,653,654,541,542
577,709,907,908,909,879,1071,496,1078,792,28,1022
577,574,907,908,909,1071,880,496,629,28,573,1022
512,899,553,649,589,1041,1043,916,728,575
955,953,940,941,590,591,600,601,954,923,922
940,941,590,591,592,601,600,953,954,955,889
67,260,355,419,105,874,654,655,246,249,1018
932,933,644,936,937,910,911,627,629,535,536,538,61
954,3,955,681,714,298,590,14,531,922,1019,667,94
512,1057,835,553,1036,687,1040,913,1039,881,914,1043,758,575
544,992,960,993,994,1000,653,654,910,991,573,542,543
645,1001,1002,1003,1004,1068,1005,1006,1009,1010,115,1013,1015,1016,735
641,515,301,626,1075,632,633,634,635,638,639
993,584,1000,619,846,627,1012,629,732,606,607
736,1058,994,418,967,874,661,662,1017,1018
992,355,260,67,358,105,874,655,271,497,246,249
2,4,9,13,341,24,26,91,93
672,265,621,496,113,121,220,669,670,671
613,490,1003,364,855,1009,1011,950,951,726,1053,735
248,162,1091,997,998,421,166,295,814,399,851,853,821,823,309
353,453,423,424,425,426,917,376,377,378,252
1091,998,459,235,718,399,850,851,853,469,248,921
64,259,583,328,511,236,366,507,152,88,60,509,510,127
929,1059,583,328,395,236,173,1038,174,1042,948,566,312,250
517,300,301,140,626,1075,724,635,638,639
928,96,802,391,712,526,367,243,244,22,95
928,802,994,581,1067,15,243,22,1017,122,188,383
736,960,1059,874,250,236,661,662,1017,1018,60
672,289,519,329,332,333,401,435,1081,570,27,572,127
1029,1030,1032,969,975,976,977,1080,987,990
512,675,553,589,557,1041,658,1043,563,575
484,485,489,171,11,813,17,115,439
485,489,171,11,813,17,273,115,439,25
480,485,489,171,172,813,110,17,81,439,25
485,489,11,171,17,273,115,371,342,439
485,489,171,813,17,273,115,371,342,439
484,485,489,11,172,813,110,174,17,81,115,273
772,773,102,774,488,845,1072,1073,212,884,375,344,861,222
0,1,4,8,9,10,341,26,91,93
0,1,8,9,10,172,13,17,93
0,1,2,4,8,9,10,13,17,341,26
0,1,4,8,9,10,17,341,26,91,93
868,871,873,362,1035,234,425,426,145,433,499,212,919,985,122
288,833,289,450,291,519,333,1081,1054
288,449,450,289,833,518,519,333,437,1054
631,574,844,880,497,629,791,793,732,573,926
1091,998,330,718,399,855,850,851,853,951,248,921
485,489,11,813,463,17,115,342,439
385,386,905,907,908,1071,926,1078,118,792,1022
33,803,804,936,937,328,173,979,948,566,505,732,1055
650,717,656,849,914,692,886,887,568,699,734,831
673,1060,650,1036,684,913,722,831,758,949,888,761,863
98,99,964,965,101,963,100,934,939,86,87,88,1050
869,423,872,425,424,919,499,214,215,186
288,289,833,291,450,518,519,333,437,1054,1023
68,37,69,422,39,743,267,429,337,947,852,380,222
1088,704,68,37,70,229,69,267,429,337,51,413
675,646,999,714,719,658,915,916,728,731,988
96,678,682,526,367,400,402,95
962,802,452,712,1067,1037,1014,474,1052
160,71,297,73,75,46,688,52,90,59,158,159
294,583,1002,173,60,1007,114,1011,948,374,1015,1016,566,127,735
928,96,391,526,367,243,244,22,122,123,95
833,289,449,965,103,329,265,332,333,87,1054,670,671
866,709,298,879,753,594,595,723,762,763,764
741,1033,1034,1035,849,1074,951,373,855,862,735
258,357,294,936,727,173,948,245,535,536,537,538
997,998,715,267,718,337,434,851,850,469,855,216,735
1029,1030,1031,1032,977,1080,987,990,1087
160,71,46,307,308,52,310,59,158,159
3,229,38,230,104,231,997,14,1014,413
248,162,1091,997,229,230,231,1002,1005,1007,1008,399,1015,1016,413
700,743,520,447,42,651,182,183,90,668,157,287
736,1058,1059,418,419,874,661,662,1017,1018
576,929,581,874,978,979,980,23,505,506,508,1086
1004,1005,1006,1007,1008,432,1010,986
227,170,108,494,847,344,345,347,348,349,223
705,3,1033,12,14,274,438,374,441,922,156,94
640,34,996,516,140,204,461,626,1075,724,757,633,636,637
1025,417,738,806,903,1064,684,241,242,886,759,796,797,831
1089,1090,452,712,1001,1067,1068,1037,1004,508,1010,180,1013,1052
928,1089,1090,452,712,1001,1067,1068,1037,508,49,1010,1013,1052
288,449,450,833,518,519,333,1011,437,1016,1054
802,644,581,122,937,15,367,243,22,505,538,188,383
65,103,49,594,595,596,597,598,599
33,610,323,553,556,557,558,687,623,529,878,433,530,700
737,866,709,330,879,593,594,595,309,664,665,762
166,169,334,943,624,625,946,945,947,944,1082
160,257,163,612,293,71,743,79,307,52,569,90,63,159
96,678,391,682,526,367,400,402,95
897,898,901,838,743,520,842,884,182,183,700,447
928,382,802,391,555,44,367,402,243,958,244,22,56,830
481,742,711,391,122,650,15,368,367,243,22,886,150,154,379
480,484,11,172,171,110,81,17,273,115,439,24
