675,739,486,1062,136,789,1273,538,1244
1282,741,1285,242,723,216,1082,667,1277
740,569,443,572,573
69,710,742,1127,497,19,1173,727
968,744,844,720,976,1046,862,1215
832,1189,747,589,941,783,437,667,447
805,1189,1193,1194,746,1006,271,849,1202,822
34,196,102,363,749,303,467,20,22,539
993,994,804,325,389,594,595,922,990,575
675,996,486,136,335,753,723,852,1273
99,652,559,945,754,755,756,851
451,1225,587,718,48,1076,760
612,357,1189,808,266,588,304,432,311,447
76,941,589,430,437,86,796,734,447
992,743,776,109,703,952,794,31,606,639
321,675,69,363,943,592,823,571,925,607
608,771,803,777,812,115,790,764
448,609,770,97,648,1102,559,1048,351
451,613,40,718,794,1212,893
930,1258,1170,1171,1046,410,411
614,6,779,972,976,178,885,859,863
225,934,969,847,497,757,1109,55,314
804,103,82,758,185,1278,575
706,745,1130,1001,720,1110,1111,410,411
225,451,40,718,723,760,893
608,121,1145,579,550,812,1013,761,799
225,931,779,1267,314,828,767
772,1255,777,956,332,115,1075,764
1056,608,771,777,1198,115,952,218
448,97,770,616,559,911,308,668
768,350,582,422,1259,654,241,248,125,318
32,196,1031,1004,877,785,852,985,860,925
1253,614,779,1171,885,313,828,767
608,1056,611,771,777,115,917
608,773,812,561,850,442,412,1279
642,99,495,80,791,1208,1209,826,343
608,1056,1282,451,1285,812,172,952,412,1279
419,933,1259,1261,433,787,439,90,893
394,206,271,399,1233,786,821,794
356,1222,231,1211,24,795,1117,798
992,1217,40,718,271,399,794
992,356,231,1162,845,1211,795,1117,798
393,206,271,399,304,794,831
1088,801,613,806,360,362,785,115,1082,667
802,425,777,305,247,665
121,1254,40,1003,761,893,799
800,966,230,841,778,972,239,764
642,485,809,139,1068,473,1209,475,157
393,1194,810,362,1212,1234,661,1148,349
613,806,808,1032,40,718,822,1083,1212,29
808,845,13,269,660,760
1249,227,393,683,236,816,1168,954
397,206,1167,589,1233,786,821,317,447
832,675,1255,811,589,335,723,538,1212,509
194,418,549,1210,60,814,952,346,412
448,993,1219,1230,1238,759,827,637,575
1281,229,6,1210,15,885,314,828,767
613,806,40,13,718,822,1083,1212
460,625,178,947,371,723,825,986,509,1247
613,806,1290,588,303,592,604,669
609,776,585,586,618,687,671
259,356,1127,1096,988,366,24,1210,1052,670
708,776,1064,1066,727,1080,377,1082,667
34,682,363,718,303,14,20,246,664,665
833,420,170,906,682,597,894
743,680,1198,55,310,534,952,700
322,227,1125,393,620,685,626,532,1205,543
259,69,107,684,654,592,1173,830
674,1219,1220,361,621,559,406,118,826,1119
672,1030,297,811,267,432,659,447
642,1219,678,814,627,1238,759,826,1119
323,675,69,840,363,107,684,654
257,227,131,1125,356,268,690,51,601
388,1124,1063,691,309,374,918,760,700
1064,1112,497,692,727,1080,1273,1082,667
675,259,136,107,684,654,1273,1082,667
640,960,386,1284,687,657,178,1204,725,1183
645,1126,1194,362,812,815,688,977,211
1088,801,280,1113,1126,689,88,153,412,29
1216,936,942,143,723,697,695,1016,1209,1051
1190,711,237,1230,1011,699,254
644,884,887,537,890,701,222
1284,485,966,1286,841,1228,1040,657,702
225,1282,451,1285,40,13,718,242,723,1277
288,0,394,395,301,625,694,380,382
704,1092,1125,169,1066,1039,213,696,1082
453,807,712,464,1075,952,1080,412,318
710,326,136,586,336,1073,435,723,179
708,679,1096,393,1192,374,23,950,667
705,1121,967,392,268,402,604
704,227,393,690,372,373,86,1080,281
1252,1259,619,430,1272,893,703
99,1220,559,80,754,755,851,406
938,1034,720,978,1171,375,314,1179
322,612,393,588,719,242,822,918,281
1252,1254,1032,1261,1272,893,318
69,840,1032,40,684,654,718,304,607
1282,99,1287,361,1228,716,1232,1277,1214
585,715,525,621,687,657,1204,725,185
928,1,4,554,555,367,1200,1041,1016
454,776,1128,714,777,952,606
425,305,247,728,665
1088,322,422,38,8,1067,341,918,729
772,649,875,274,726,983,920
194,677,743,623,660,436,310,727,412,29
153,324,327,685,814,724,693,1113,346
960,585,586,618,525,687,49,657,725
642,1219,346,559,562,722,117,629,1016,1210
673,966,1228,16,723,920,697,509,638
737,355,646,43,1201,659,53,661,1271
738,5,585,586,462,143,1204,725,1021,1183
675,996,422,454,714,1140,1236,734,31
1248,454,587,623,561,735,947,1237,986,1247
771,1284,966,682,1040,629,1014,764,733
995,1284,1286,874,525,657,1204,725,730
1283,132,456,142,732
736,643,709,744,745,1198,655,122,894
98,1062,234,46,1200,946,628,789,1020
450,227,236,685,845,816,626,918,445
486,136,586,1195,143,723,628,1270,1274
677,812,525,1037,623,1204,1270,727,1273,1275
1121,967,392,624,666,604
1284,485,1002,1100,629,634,695,698,636,415
636,418,771,1190,109,276,85,952,412,1149
1186,968,265,875,625,820,853,1046,347
257,1125,421,424,1065,23,632
866,807,617,10,841,809,782,1213
386,1286,618,874,1228,687,1106,407,1183
674,485,1062,1158,1255,621,946,626,883,698
0,261,869,1068,622,943,22,694,731
1252,619,1261,1272,893,703
481,227,1125,677,169,620,1232,632,187
1155,1159,362,1167,1233,659,437,318
97,770,906,1102,944,945,656,1143,1245
1190,1020,655,303,952,218,120,414,1183
323,69,840,363,107,684,654
105,970,270,852,757,662,216,665,540
34,291,515,535,303,20,1173,661,22
193,549,1126,109,781,660,916,952,667
676,645,935,1167,211,631,380,381
736,643,707,709,745,1100,1198,122,1020
641,227,1127,429,685,1232,23,280,29
514,606,1131,1137,823,1176,794,731,957,638
352,384,358,650,1163,1164,1069,1078,376
97,833,261,648,1102,593,1009,127
675,9,1100,335,721,723,789,697,764,31
292,649,875,332,1200,274,726,983,920,93
968,976,720,1046,375,1111,410,411,1215
864,935,874,907,687,1043,1204,854
962,869,329,1195,12,942,1049,799
454,808,13,845,187,1232,723,667,540
673,1185,98,1284,966,1286,1195,1040,657,695
744,968,844,976,720,1110,1046,862,1215
673,738,1288,16,629,1016,1210,348,733
98,738,585,586,493,462,634,415
968,1130,976,85,1110,375,1111,410
968,1130,720,310,1046,1110,1111,410,411,1215
859,614,938,972,975,1171,1115,863
930,1034,976,720,978,1171,1046,375,1179
1154,359,234,1290,178,723,187,252,604
640,292,839,1228,21,854,1183
964,872,1171,1108,1015,1017,924
0,928,5,1195,620,1041,1014,25,1053
1252,1254,1256,439,1272,893,318
1250,1260,1261,1272,893,703
1056,225,608,771,1126,777,812,917,1082,667
871,939,1262,592,1264,914,819,823,959
612,453,1157,297,334,1233,1266,1205,317
100,1255,234,525,1204,308,789,952,765,1183
224,34,291,37,871,939,1262,1264,823,925
1253,6,1223,1258,79,436,1115,639
448,1249,422,38,301,816,216,729,445
290,262,203,468,533,58,1276,1182
804,103,82,758,185,1278
260,1097,1098,371,564,799,1018,285,1279
1280,385,1089,1061,1070,81,1110,1213,351
35,652,369,594,851,342
1219,652,559,594,851,406,1274
1282,324,68,1287,297,1232,690,1277,382
962,869,839,973,942,1049,927
1185,1284,1286,934,1288,77,1209,1150
930,1258,878,976,1170,1171,1268,1046
1088,1282,324,297,941,1233,503,1277,317
1157,616,43,783,1266,306,1202,437,1242,1212
1282,1285,1199,979,723,1237,852,1114,1246
389,658,595,1269,602,922,990
968,744,844,976,1110,1046,862,1215
675,451,486,136,335,1199,178,1267,1273,538
769,386,805,776,1194,687,784,1271,797
673,770,1027,647,175,628,1014,634,541
290,1219,1220,621,559,118,1182,1119
102,264,1167,399,498,53,535,539,349,447
640,98,26,805,718,631,408,218,893
1217,206,271,786,659,821,437,382
608,812,815,720,410,310,1111,122,411,1215
99,1219,361,658,595,1045,826,1214
1248,929,1253,6,1223,173,436,1115,639
930,1253,6,614,1223,1115,639
1282,324,68,1222,1287,297,1232,1277,1214
674,1220,677,838,1196,621,343,541
899,934,903,1224,1199,592,308,55,952,314
418,194,999,204,109,1198,310,55,952
772,936,1196,1228,881,531,1048,957,254
1218,355,1082,1242,362,1194,849,1273,538,667
834,1157,806,40,588,13,1202,822,1212
795,225,194,231,808,310,55,1211
1281,934,1096,374,1210,828,1053,1150
930,1034,976,978,1171,1179,124
1282,324,1287,297,778,1232,1205,1277,1214
612,1189,1157,1266,437,821,1212
1218,1194,1167,849,659,437,661,1148,447
1189,1157,589,1266,659,821,437,1212
834,1189,266,272,437,53,86,796
900,935,874,907,145,1043,854,473
197,1190,940,1020,60,655,276,120,220
320,1058,101,967,1288,402,348,1178,604
290,35,1219,361,652,559,594,118,1182
257,1125,1065,1270,632,1273,667,1086
1056,1029,1126,965,812,782,60,948,412
1219,1220,559,594,118,406,826,1119
1121,967,392,624,402,1077,666
993,642,966,1129,841,1198,408,121,575
36,396,909,911,1135,80,594,915,342
704,450,227,1127,423,393,814,281,445
930,872,744,1258,968,1171,1046,1111,862
1282,324,1287,1128,297,778,1232,1244,1277
1250,419,1252,710,1254,1032,619,1261,1272
1218,1006,849,1234,659,1148,349,447
1282,99,324,1285,1287,297,1232,1277,1214
136,942,335,1014,1273,538,667,93,1049
611,1189,614,1196,172,1230,115,789,412
931,899,904,1224,1160,398,463,599,124
706,815,976,720,977,1046,310,410,411
454,296,1225,587,48,976,440
225,451,836,326,1227,314,723,1082
1222,334,974,1232,1233,1205,630
970,16,208,723,662,1213,1049,1210,93
1062,966,1255,488,460,335,723,764,509
960,874,618,1137,657,1106,407,731,1183
679,1096,393,1072,690,950,954,379,1053
97,673,1102,944,656,723,725,957
322,227,1125,200,169,691,918,760,281
994,838,908,909,594,659,788,1119
385,1284,1286,695,1002,559,1040,657,1143
899,931,903,1288,627,95,446,415
899,1224,264,106,366,463,20,374,124
386,585,586,682,906,723,1014,763,894
1163,1164,1166,25,889
231,874,302,207,340,886,854,190
771,777,12,404,1014,888,793,1244
864,776,234,974,687,882,1206,630,1080,989
291,581,583,584,1035,852,567,568,1241
864,960,386,1284,1286,1228,695,120,1209,731
1218,1006,432,849,306,659,661,349,447
576,560,850,825,283,1085,1022,223
280,808,40,845,718,760,1211,319
194,847,82,758,55,185,314,1278,767
321,69,840,40,363,107,718,607
800,932,773,841,778,239,21,764
836,964,1031,1035,1227,592,627,571,767
1220,838,559,945,1143,1245,343
968,844,976,1110,1111,1046,862
1032,810,266,304,434,661,349,831
768,225,834,675,612,55,440,215,1212,540
390,391,72,1076,950
1056,771,1062,777,115,948,1075,952,412
795,356,231,522,24,1211,1117,798
608,1285,550,812,814,1199,625,1114,285
361,368,658,595,1045,826,990,922
896,257,1125,680,40,1039,696,861
356,1060,135,525,912,24,474,892,798,1151
1185,1284,1288,106,139,687,143,657,697,1051
672,1030,267,76,397,399,796,447
1029,71,265,1005,60,528,309,412,1215
706,968,1034,844,1197,815,1046,410,411
832,0,1006,336,659,821,437,1242,1212,349
864,225,776,687,1265,725,1270,1021,638
418,999,1001,1034,720,375,1215
864,1027,585,586,332,687,16,497,415
325,1001,276,310,284,1023
1024,385,1286,1040,1010,1018
708,460,621,49,753,818,1012,727
964,583,615,1004,568,1017,985
1218,806,1194,1006,849,659,661,349,447
1056,608,743,748,493,1037,237,1008,88
993,804,878,1238,667,637,575
993,994,1092,267,908,594,1238,575
930,614,1258,976,1171,20,1046,375,1179
1155,996,746,1259,1006,430,53,349,734,703
673,97,833,485,1129,1002,593,1009
649,875,1200,726,983,920
450,227,153,620,301,150,984,1113
452,486,712,620,207,1232,1113,187,988
609,1284,841,1131,1102,1137,1176,731,895
992,801,198,464,538,341,1082,667
706,1123,420,904,841,1197,239,597
901,106,426,723,20,151,314,509,895
1185,642,292,1040,695,1209,698
1187,292,935,874,1228,274,731,668,93
1059,1192,617,843,829,782,1073,1047,1213
385,673,833,1002,559,1009,593,343
0,737,1285,677,1006,1201,1075,115,500,349
1184,418,835,874,1132,109,883,276,854,952
677,748,623,1275,727,1273,667
964,872,1171,1108,1015,1017,924
35,1219,652,621,851,179,1209,58
640,966,168,1129,265,1198,1263,309,854
608,709,325,206,304,625,1021,983,285
707,709,745,720,151,217,122,509,1215
385,1284,1286,267,751,687,408
663,43,1006,974,1167,783,849,659,1271,349
642,293,1286,969,106,1040,408,1209,157
1059,1192,10,843,782,1073,1047,539,829
1252,1254,1032,1259,430,1272,703
608,706,2,815,720,976,688,977,310,1215
549,1001,1130,276,1110,1111,410,411,414
835,874,912,1040,467,883,1043,854,892,1151
384,776,76,1069,271,821,25,317,252,989
609,386,1284,485,1286,906,730,731,668
1185,386,292,1263,1041,1203,731,668
1185,1286,839,1097,106,1071,1040,657,121,698
131,968,504,1258,238,1136,112,1046,600,1116
1029,71,1001,1130,265,1005,528,309,310,60
930,1034,976,978,1171,1179,124
928,966,743,687,1200,115,346,254,927
1058,967,392,489,683,1077,666,604
961,578,194,771,777,1005,310,220
385,1284,1286,494,559,1040,1137,695,343
0,129,928,49,1041,1011,468,1049,988,927
1056,377,777,1037,404,789,888,793,764
1184,194,418,1034,1132,720,276,55,375
963,490,1106,883,818,1208,249,635
420,487,879,1235,249,346,861
1216,0,928,1193,1226,76,1041,1014,1049,927
865,930,1153,938,1170,1044,313,863
292,1221,869,168,1041,1204,1206,731,254
896,249,487,999,904,952,62,346,635,414
1001,1130,862,276,1110,1111,410,411,414
385,642,1209,293,106,559,1040,408,121
418,1034,976,720,978,1171,310,1111,375
386,1187,485,869,1228,204,1204,218,1183
0,928,740,1041,93,1016,1049,573,927
194,418,1001,265,310,55,952,60
225,1082,90,1254,40,718,119,538,893
776,269,1231,784,464,1141,822,1080,377,1082
1250,1252,1254,1032,1256,1260,1272,318
968,844,815,977,1046,1017,410,411
1254,1259,1261,1272,893,703
706,1034,844,880,1046,1110,1111,410,411
962,869,1273,973,942,208,1049,93
706,968,844,880,976,1046,1110,1111,410,411
928,936,881,817,1048,1050
578,706,815,976,720,977,1046,310,410,411
546,1160,1033,939,1103,592,403,596,154,219
928,962,936,881,817,1048,1050
930,34,1258,45,1138,1171,1115,860
1216,384,386,98,805,657,407,408
292,1228,1263,1041,1203,731,668,1118
706,1034,844,880,720,1046,1110,1111,410,411
608,418,700,1124,265,812,309,412,285
320,668,101,957,1265,698,348,1021
962,869,1158,839,329,973,942,1049,93
1187,907,407,731,668,1118
928,936,881,817,1048,1050
928,554,881,274,1041,1016,1049,93,927
1125,1095,679,169,393,620,950,376,954
546,1160,398,219,818,599,154,123,1116
931,828,873,15,1267,885,314,124
385,642,1185,1284,292,839,1002,1048,698
1153,34,932,6,972,1042,20,1046,314,828
928,973,1041,1049,93,927
1228,1198,1106,883,1204,407,731,1183
608,815,720,976,410,310,1111,122,411,1215
962,869,1158,839,973,208,1270,1049,93
416,896,546,1160,398,1103,599,921,154,219
963,420,487,879,1235,249,861
968,844,976,1110,1111,1046,862
325,968,720,976,310,1046,1110,1111,410,411
385,1124,168,106,1263,467,1203,309,854,630
420,106,906,47,339,149,597,315
1063,777,620,429,749,207,277,409,346,827
608,706,745,812,815,720,977,310,410,411
513,707,484,325,709,723,952,122,509,1215
1252,1254,1032,1272,893,318
963,905,490,818,1011,1208,249
1157,775,1006,849,306,661,349
608,1005,815,720,410,310,1111,122,411,1215
418,549,1001,777,115,276,375,89,346
1123,292,772,1228,912,274,1011,892,1151
874,907,1055,1106,883,309,630,854,1084,1183
835,134,935,874,45,912,1043,854,892,1151
1056,611,956,204,115,917,952,412
706,815,720,976,977,1046,310,410,411
962,869,973,942,208,1041,93,1273,541
1059,1192,843,949,1047,829,766
1,772,653,367,1200,1041,274,1016,93,927
771,3,614,265,141,1267,309,859,926
608,815,720,976,410,310,1111,122,411,1215
385,642,485,1286,293,106,267,408,698
35,652,369,594,851,342,58
841,110,910,752,851,1238,377,1244,1214
194,100,1126,109,310,55,952,412
930,1258,1170,1171,1046,410,411
832,225,741,1274,108,1197,718,628,789,1082
259,69,107,684,654,592
704,1063,169,409,632,114,280,1113,954
385,642,106,1002,878,559,113,1073,49,1213
1153,930,929,131,238,112,1136,1138,1170,601
866,772,1000,1033,846,111,592,403,63
320,101,70,1288,1231,1265,348
993,33,100,60,115,789,952,1114,956,765
99,1220,361,1260,559,911,826,1214
936,881,817,1048,1050
642,293,1286,106,267,1040,408,1209,157
704,328,169,105,777,270,250,604
1280,418,104,651,1132,81,276,413
804,103,82,758,185,1278
1059,843,782,949,1047,829
1088,129,280,650,632,1164,690,1078,376,377
1153,930,929,131,238,112,1136,1170,1046,601
192,642,1029,204,141,976,311,28,29,126
448,97,289,770,548,261,648,127
356,708,135,457,268,78,83,984
968,844,1197,815,310,1046,1110,1111,410,411
1082,486,743,136,141,918,1080,538,187,606
1283,132,773,456,142,732
293,134,267,333,526,465,408,121,477
419,1261,119,1272,90,893,318,703
197,1190,711,140,428,178,120,538,699
1219,262,139,621,117,475,1276
290,1219,1220,559,118,826,1182,1119
776,1224,234,178,1267,340,151,538,124,509
708,422,522,234,241,502,952,125,350
579,260,550,807,761,566,1013,121,283
709,199,745,844,878,720,217,122,411
68,965,324,100,1232,948,21,952,88,412
1249,66,194,612,1094,48,664,700,29
323,451,675,69,107,684,592,852
67,326,966,841,651,239,723,1045,374,1244
646,391,390,72,423,1076
70,231,1288,233,1267,886,825,571,190
2,709,977,151,410,411,279,509,1215
385,1284,1286,106,906,1040,657,408
164,548,262,485,74,267,45,494,465
40,727,718,1039,497,55,248,56,667
225,451,1210,988,1109,55,440,538,412
1249,705,227,709,393,1194,825,59,447
227,679,1096,169,393,72,620,950,57,954
1088,2,455,200,523,532,248,377,59,61
1056,1029,1126,965,782,60,948,1082,412
64,805,743,776,39,777,687,210,1080,27
613,1000,72,777,592,538,248,250,63
1218,646,1194,849,1202,1266,437,1212
192,195,549,777,976,852,85,1046,346
266,432,311,86,1271,26,317,447
1126,109,1230,310,952,88,412
418,115,276,310,375,1111,346,1023
1216,288,676,1284,1097,713,1071,631,1207,26
419,933,1254,1259,787,119,439,1207,90
356,231,777,207,340,886,190
544,899,903,1010,1210,507,446,95
96,1028,612,1127,115,692,757,378,637
97,1062,234,525,335,16,1169,178,723,1173
395,76,589,397,271,821,26,381
547,422,102,776,264,77,1265,539,348
66,708,268,78,625,83,698,988,287
768,153,268,301,79,150,984,1113,287
481,1219,517,909,911,80,594,535,826
418,860,104,81,276,85,412,830,1023
804,103,776,82,758,1278,575
457,268,543,78,271,529,83,191
1094,776,1161,1162,683,781,1168,952
832,357,38,198,208,178,341,885,667
352,1163,1164,1166,889,25
192,898,195,771,777,299,85,1046
1155,1159,811,76,397,974,1167,659,821
192,194,418,549,844,55,310,1046
1154,1161,1162,1290,460,1168,723,341
192,418,194,324,968,1046,55,28,862
193,98,1158,70,776,1226,723,340,1273,538
192,287,457,268,78,79,529,83,191
227,771,454,777,918,378,379,190
1024,809,1037,1232,788,1019,189,1183
1155,804,234,1162,1168,178,723,252,1021
34,548,710,209,19,21,188
576,1025,560,913,979,565,566,1145,570,991
450,227,322,169,393,620,918,1113,187
1163,1164,1069,1166,25,889
1063,207,277,245,1141,693,409,186,886
994,1155,1159,76,1167,786,659,821
1121,967,392,1077,666,604
804,103,776,335,82,185,538,1278
449,1059,843,949,1047,183,829
1113,452,294,236,301,180,532,662,245,153
234,1164,1165,1166,784,252,889,667,1244
992,323,451,69,198,592,181,1174,571
1153,98,1191,329,49,114,498,148,920,541
801,450,487,200,719,242,216
612,1189,1157,13,242,215,440,1212,540
679,72,1072,1053,338,213,954,221
1186,136,585,586,778,335,625,501,1273,285
964,1258,1138,20,214,985,1115,924,639
1153,964,1191,877,1015,1175,1017,924
676,645,631,907,211,1206,407
742,939,876,1004,844,1169,1173,1046
675,486,136,460,464,210,178,723,538,509
448,1219,1158,1230,1169,1173,759,827,957
707,585,586,209,178,723,1270,1014,312,1020
573,1158,1255,208,626,569,698,572,93
192,1253,520,205,814,976,760,316,862,1215
1152,207,886,982,1240,409,1239,476,190
439,933,1256,619,433,1207,1272,318
227,165,1096,393,203,620,496,83,379,319
739,764,1062,1076,1270,1080,1244,285
1217,355,206,718,304,399,821,794,1212
355,805,1189,663,43,1006,1202,1271,1242,349
930,968,815,977,1046,410,411
418,1001,1130,1110,375,1111
1056,803,812,204,1198,115,917,764,765
549,197,551,1190,1001,655,276,120,1020,414
704,1127,200,393,72,491,1232,529,216
707,709,815,977,151,410,411,509,1215
153,227,620,301,816,693,984,1113
736,709,122,647,946,634,151,538,509,1215
1187,874,907,1134,687,182,282,156
832,292,198,147,948,789,1204,247,540,189
1123,996,5,1255,626,146,628,1273,93,638
153,227,1125,281,685,79,150,984,1113
1058,1064,489,777,683,402,852,148,378,604
97,695,1228,460,143,945,1143,697,1051,1245
1283,132,456,142,732
359,234,1037,525,46,145,252,285,1183
65,163,518,203,140,144,465,116,536,62
874,1263,883,854,631,408,218,157
1219,139,559,117,1209,475,1119
548,484,166,133,138,44,470,539
1113,356,486,136,522,109,845,141,24,153
1113,450,1125,169,460,140,696,153,1052,445
675,38,136,906,335,176,468,533,1273,541
1152,995,677,748,237,177,534,1239
35,652,909,911,559,369,594,179,406
514,1131,909,911,1137,855,1176,731,733
930,931,828,463,178,1171,1267,885,124
1113,227,1063,1127,233,620,689,984,153
193,66,227,777,174,719,252,281,316,29
452,712,620,492,429,1231,175,1141,409,187
771,452,167,777,268,301,1232,337,984
771,452,227,169,777,523,918,88,187
865,418,773,847,976,1267,279,506,91,479
1056,100,999,777,172,109,310,952
160,961,48,468,500,475,503,155,92,158
968,976,720,1046,375,1111,410,411,1215
640,835,874,687,883,854,630,1080
707,709,199,744,410,720,122,411,1215
1249,452,294,712,620,301,429,918,984,795
224,544,37,41,138,526,507,923
613,38,1094,360,785,52,341,789,1087
257,1125,1065,632,1086
1025,260,807,1098,750,371,283,1085
384,1057,1090,1091,1096,1074,374,633
1187,835,874,907,687,1043,854
1090,1091,1028,1096,393,1072,374,633,954,1053
1251,614,1171,313,859,863
1089,227,1091,1125,1061,169,393,1097,497,950
1088,384,832,616,1066,1069,115,952,412
771,393,1066,777,1067,690,51,1080,1082
1028,1095,1096,393,1066,1078,376,1082,1083
1095,679,393,1078,950,376
1088,129,1028,1066,717,690,1074,696,345,1082
1062,335,464,723,372,373,1080,1273,538,1084
227,1095,679,169,393,620,950,696,954,1083
129,1189,613,1127,235,271,374,1212,540
169,1099,717,242,690,338,696,345,1082
1125,1096,393,365,378,690,1081,954,383
1056,1248,1102,656,944,888,697,1082,1244
865,930,1153,418,614,938,1170,1044
546,69,1160,398,1103,592,1174,599,154,219
450,1125,1099,717,242,338,696,345,1082
97,1255,1100,1036,629,1114,1020,415
865,938,972,1170,1171,1107,885,859,863
902,776,937,940,1198,1104,1107,1014,151,509
968,976,720,310,1046,1110,1111,410,411
580,574,1033,877,846,592,1105,860,1149,830
1113,257,1092,1125,1095,1039,696,153,954
1092,1093,1094,775,1066,783,271,1052,1087
1281,805,743,885,727,952,1210,828
260,1098,371,283,1085,223
1082,679,1065,1066,690,213,950,954,1086
1088,1097,365,431,1071,789,696,1081,1082,383
1093,1094,261,616,789,341,377,1087
1184,1120,651,1132,1172,276,1243,412
1154,521,137,780,525,402,468,533,472,1118
386,553,554,1195,1037,237,274,377
1184,418,551,1132,276,789,375,414
514,1131,1137,855,1176,731,285
827,963,940,1134,879,1235,182,249,123
1282,675,38,454,714,460,335,1138,723,1179
1059,102,1192,10,782,1047,539,829
355,805,394,1194,362,1006,784,380,349
355,1194,43,1006,663,1242,1212,349
1058,136,1064,377,402,628,727,1112,1273,988
864,640,874,715,687,1106,1043,854,1183
1248,6,263,1223,1067,948,788,436,1082,1115
1248,1153,929,580,6,1191,1017,1115,639
32,580,964,1033,939,1004,813,846,1241,1147
710,877,846,592,1105,54,1017,1147,1149
34,418,934,1258,972,15,627,124,1150
1153,165,518,1191,329,79,723,180,1179,541
608,1029,71,265,299,1005,60,528,412
1154,234,1290,624,1141,604,669
1155,1159,811,76,397,974,1167,659,821
1122,579,550,913,401,979,980,1013,566,605
1248,929,34,291,1253,6,1223,1115,639
296,1128,109,307,1236,1140,282,734
1088,320,1156,393,1083,845,1231,1141,795,252
968,1130,976,85,1110,375,1111,410
644,884,887,537,890,701,222
968,1130,976,85,1110,375,1111,410
1248,930,964,1253,6,1115,639
485,874,912,465,1011,854,1019,892,1151,1183
41,492,684,654,592,856,596,248,607
196,325,1210,753,852,1109,55,440,538
35,1220,652,1133,1007,369,594,438
579,550,1003,1038,400,560,570,1013,1237,762
964,599,1000,1160,846,398,592,596,1175
549,325,999,1130,1034,720,276,375
1217,359,585,234,1193,46,723,1014,187
513,931,484,262,1224,44,14,463,1267
1153,930,865,3,938,1107,1044,314,1179
580,567,1031,1033,1035,1004,877,846,876,855
1221,869,168,1041,1204,1206,407,731,254
1184,418,610,551,1132,276,1110,414
896,487,904,818,94,249,346,635,62
0,773,797,972,269,1006,781,916,1242,349
1033,939,846,592,596,54,985,1147
897,939,1004,877,846,596,54,1241
849,1266,659,723,821,437,53,349,447
567,1031,1033,939,1035,876,846,592,596,855
357,525,335,1199,16,1267,468,52,852,792
576,1025,762,560,565,570,1085,1022
225,675,451,454,136,51,723,1273,1082,1215
97,649,875,1228,274,726,983,920
1024,353,333,1010,787,1018,1183
546,363,1103,592,819,1174,154,219,607
928,1,553,554,555,1200,1041,917,1016,956
585,586,525,50,274,569,443,572,573
1024,386,418,292,1133,1010,1018,731,1118
964,580,968,877,1015,1017,410,411
833,548,37,465,113,467,1009,593,49,477
1088,832,961,48,468,500,475,1082,667,412
580,583,615,1004,877,568,1017,985,1181
1088,1057,986,743,109,947,247,952,1080,1247
1056,803,764,204,1198,948,917,952,412
1121,1154,1058,967,392,402,666,604
968,844,815,977,1046,1111,410,411
193,10,1195,942,569,1011,1213,1049,346,573
98,610,11,237,878,1073,1268,725,953
931,872,1224,779,463,1267,124,767
450,1090,1028,1096,393,633,954,379,1053,1054
257,450,1125,393,242,372,373,1080,1084,1055
1250,1252,619,1260,1261,787,893
419,710,460,19,117,278,375,188
930,1258,1170,1110,1111,410,411
1113,452,70,409,620,688,20,245,24,153
100,488,500,21,311,952,60,862
954,1125,679,1072,213,950,1082,1053
257,227,1125,421,632,23,696,281
968,844,815,977,1046,1111,410,411
153,383,169,409,365,1113,954,187,1052,1081
610,1130,953,1243,412,413
804,1064,585,586,16,885,727,1112,185
196,580,583,615,592,1109,568
449,1059,843,782,949,1047,829,766
130,515,163,165,18,1171,246,536,92
192,1186,195,898,771,549,1046,601,28
383,136,365,335,1073,626,628,1273,378,1081
1095,679,393,1072,213,696,954,1053
64,1092,1222,39,1227,108,1011,1080,1082,27
454,1129,234,1140,1236,952,31,734,575
968,976,1110,310,1046,1111,410,411
194,66,227,660,24,314,29,319
385,1073,117,759,1213,446,1119
356,472,1289,522,503,24,58
1091,1125,1095,776,393,1068,365,696,1081,383
609,939,1004,877,846,332,592,852,441
358,1163,1164,1069,1166,25
1062,776,1193,234,394,395,786,26,1244
1280,519,909,1070,911,81,1171,57,351
384,1163,1164,1069,1166,25,889
519,460,1070,782,178,723,276,57,351
323,451,38,808,492,495,624,341,729
1121,1154,1058,392,1064,402,1112,604
968,976,720,1046,375,1111,410,411
257,1125,393,1065,696,632,1086
1252,1254,1032,40,840,363,718,592
1088,1091,1092,1066,1078,374,633,954,1083
992,64,835,39,108,630,1082,27,700,767
227,1080,169,393,777,1067,374,696,954
33,292,1190,1158,168,1067,1265,627,346
706,841,1198,239,1238,1111,249,410,411
32,567,1031,1000,1033,431,592,1175,985
36,809,396,1102,911,915,343
1089,1061,169,1231,1232,760,1141,696,1113,187
35,1135,911,369,594,179,342,406
1251,614,938,972,1170,1171,313,859,863
153,452,1063,1231,1141,1113,795
449,1059,843,949,1047,829
34,1191,1258,1004,914,20,54,860,830
704,450,1096,105,393,620,338,632,445
993,389,909,911,594,595,575
675,451,38,136,107,684,654,440
153,452,327,712,1113,187,445
36,809,396,915,343,698,956
1282,324,453,1188,1287,297,585,1277,1214
769,803,611,917,790,764,765
486,454,136,714,525,335,1199,178,1267,538
1056,608,194,193,781,916,797
294,455,268,337,113,341,1238,55,251,287
416,923,877,846,1229,1101,591,921,891
576,1283,132,456,1038,400,560,694,762,732
930,418,1026,1258,335,592,820,919,1017,1115
1219,361,139,814,759,441,1210,1119
964,709,647,744,946,1045,151,1273,924,509
129,483,773,203,460,1232,147,723,536,442
416,580,923,877,1229,591,985,891
740,569,50,1049,443,572,573,927
1184,549,551,1001,1130,1132,276,375,413
448,609,770,97,423,1048,346,827,444
323,451,675,1224,943,852,823,571,925
1153,34,929,580,6,370,1171,20,436,1115
768,225,452,13,685,242,626,693,667,445
931,5,715,366,723,473,1213,446,95
76,589,432,272,821,53,311,796,447
34,934,999,828,15,627,1046,1210,124,1150
448,673,1249,1195,333,497,788,628,1274,478
1059,843,782,1047,949,183,829,766
1153,34,932,779,972,1042,20,1046,314,828
1032,1193,525,1006,304,434,178,53,349
644,884,887,537,890,701,222
1259,619,430,433,1272,893,318,703
614,972,975,178,1267,1171,885,562,314
644,884,887,537,890,701,222
1153,930,929,6,1258,1170,436,1115
644,884,887,537,890,701,222
129,326,203,336,435,627,179,536,92
1273,136,1133,46,1007,946,723,438,697,187
612,1189,1157,588,13,1266,437,1212
544,546,923,877,846,219,1017,154,891
454,422,808,1225,777,1067,845,440,729
933,1256,433,787,439,1272,90,318
386,103,330,912,1011,1081,1019,892,1151
802,425,305,247,728,665
578,418,393,214,407,249,346,1179,895
257,1125,421,424,1065,632,431,696,1086
384,897,1092,813,846,1074,596,1014,54,1080
450,227,679,72,393,427,270,950,221
192,34,898,195,1073,20,85,1111,1213,862
225,389,808,40,426,718,1039,922,703
900,549,872,374,601,314,1083,858
419,619,331,1259,430,433,119,703
902,937,940,239,1072,1104,1078,601
928,292,1255,1041,146,274,1011,1016,927
544,197,837,71,428,528,627,507,414
833,870,905,593,1009
713,974,432,1233,659,723,821,437,447
487,682,906,460,170,364,848,1235
35,389,909,911,594,658,595,1269,922,990
32,198,743,431,115,852,598,1082,667
803,965,1062,782,948,1237,790,347,60
610,549,1111,953,1243,413
545,417,487,460,1229,591,1235,377,921,923
384,1216,359,1193,234,907,332,407,408,538
871,939,1262,303,1264,819,20,959
1217,1122,452,236,301,245,662,409,316
768,422,808,976,241,760,125,350
1219,1220,361,652,559,80,851,406,118
228,806,423,72,298,587,540,191
859,614,1258,972,1171,1115,828,863
417,1122,1101,1229,591,921
257,1092,421,1125,424,115,23,1082,1053
1121,967,392,624,1077,666
1193,394,395,76,397,786,26,380
939,876,943,592,981,823,925
1217,40,76,589,718,271,399,248,794
225,419,1082,90,718,787,119,538,667,540
227,1125,169,393,650,1067,777,690,950
1126,871,971,109,1262,1264,952,1080,412,959
394,395,76,397,786,26,380
777,362,847,404,888,793,1082
1219,652,179,406,727,1081,1182,1119
1121,1154,1058,392,1290,402,727,604
576,986,552,560,947,566,570,1022,1247
1033,939,111,592,403,598,760,1181
902,487,937,940,878,1104,600,601,1146,1116
832,384,1091,387,1095,137,365,789,950
291,939,492,943,823,925
418,227,386,454,1096,393,812,374,954,700
1126,902,937,940,1198,1104,1136,952
385,776,715,1071,784,1073,727,1244,1213
867,1033,939,876,877,943,592,823,925
384,352,1092,1163,1069,407,376,955
1121,1154,1058,967,392,402,1077,604
449,1059,357,843,588,304,949,1047,183
390,391,72,1069,1076,950,1079
390,391,72,646,13,1076
1056,965,1126,948,917,347,60
1092,388,1066,1067,365,696,1080,1082,827
1056,100,172,109,952,1080,88,412
1088,38,360,712,115,341,693,1080,954,379
610,163,551,953,1243,413
383,1096,393,1097,365,374,281,378,1083,1081
1095,679,393,1078,950,376
1088,832,1065,683,789,377,378,667,1086
801,193,1161,797,109,341,1213,951,669
1028,955,679,393,365,950,374,1081,1019,383
1091,1125,383,1066,365,1071,696,153,378,1081
764,1158,1062,807,1195,371,1244,957
395,76,206,1167,786,821,26,381,382
76,589,941,821,796,317,958,447
395,76,397,206,786,821,26,381,382
384,358,1066,1069,1166,1078,950,376,955
394,786,26,380,381,382
1056,769,611,803,917,790
804,472,780,525,792,763,894
800,354,1062,841,778,239,249,1244
769,764,788,1076,826,1019,956,1119
355,805,394,43,784,663,1271
1056,769,803,917,790,764,765
832,193,225,1218,38,454,198,8,1234,789
1056,769,803,917,790,764,765
704,1096,393,1068,365,1072,374,1081,700,383
1121,1058,774,967,392,666
450,679,328,169,105,1096,72,954,540
804,743,776,103,82,758,185,1278,575
869,1191,329,208,468,443,541
1056,769,803,917,790,764,765
993,899,103,779,1138,754,346,124,542,575
260,807,1098,371,566,121,223
1088,704,547,708,549,685,696,667
355,805,1194,395,362,1006,784,1242,380
262,263,487,1001,1130,777,468,533,444
98,804,780,525,792,763,894
677,748,237,623,177,115,469
608,769,611,803,198,115,789,790,764,765
1096,1161,393,1099,717,338,374,345,474,700
386,388,805,965,969,495,784,1011,797
1088,801,743,712,1067,464,538,252,29,63
1062,487,137,780,814,530,115,792,763,412
32,1033,939,846,592,850,403,598,825
227,393,457,268,270,78,816,83,918,287
98,1160,460,398,599,1209,1146,1116
1089,450,227,771,1061,1127,620,532,245
545,131,487,460,1116,1136,112,249,1146,1180
224,262,326,40,333,627,1204,531,117,541
1121,1058,967,392,522,624,402,604,510
385,833,870,905,170,906,364,593,1009
994,389,908,909,911,594,990,922,1182
450,231,1096,393,777,270,378,918,346,316
389,559,945,594,1269,1143,922,1245,990
192,961,524,48,85,1110,1111
897,866,1033,939,846,596,54,985
576,704,612,520,523,1038,560,570,918,762
1184,610,549,1132,953,1243,413
99,515,68,453,1232,760,252,1214
576,1025,762,1038,560,400,565,570
514,1037,112,177,1137,852,567,601,731
780,525,1197,1014,792,763,894
1090,1186,1125,520,620,1072,213,442,1053,1054
129,708,518,460,178,723,662,412,475,988
1056,803,771,204,1198,917,952,764,285
1153,930,929,131,238,112,1136,1170,600,601
96,169,683,492,173,696,378,187,508
544,546,923,877,398,219,507,599,891
389,910,911,594,595,922,990
576,762,552,560,570,603,1022
864,675,485,522,715,139,497,725,1209,510
1121,1154,392,1290,624,666,604,669
968,410,976,310,1046,664,1110,1111,411
833,870,905,593,1009
355,612,296,1006,1232,437,502,540,349
503,708,613,753,242,147,501,55,667,540
545,963,868,682,460,818,1208,249
292,677,711,237,1230,274,500
291,939,140,877,846,943,531,22,823,539
707,709,720,151,122,509
452,613,712,301,1232,501,662,503,984,540
866,567,939,596,852,823,1241
768,460,301,464,498,723,1012,988,509
291,196,69,1004,830,1105,914,860,1022
128,509,162,2,744,1257,815,977,410,253
900,549,743,777,330,493,814,858
450,227,771,1125,393,203,620,270,496,319
968,600,844,601,504,857,1146,1116,862
1028,486,743,136,1067,235,141,464,788,246
928,936,973,881,817,1048,1050
164,74,267,45,494,113,157,127
897,583,1004,877,846,596,1017,985,830
708,968,495,339,791,1208,314,315,29
34,196,1031,1035,1004,877,876,276,855,1017
545,963,900,490,879,848,1235,1180,861
199,844,1197,880,339,1046,122,315,317
192,195,649,875,726,983,920
323,582,1031,840,1035,492,718,592,852,1241
935,874,912,1106,883,854,1209,892,1151
608,611,163,488,113,466,21,789,92
704,708,1161,489,683,13,1168,281,378,319
871,939,971,1262,1264,823,830,959
481,1028,1161,1162,1074,535,474
486,136,234,685,141,527,464,337,82,538
361,559,80,368,658,911,788,826
480,929,1061,233,460,207,886,91,190
448,770,261,455,622,22,827,478,255
291,939,107,363,943,592,823,925,830
192,968,15,1171,1046,600,314,476,1116
610,549,1191,1132,79,279,824,506,479
864,488,139,725,533,472,58,475
1088,481,609,1161,393,717,474,535,1082
289,1026,934,522,335,1169,820,22,919,510
388,487,906,1071,848,465,372,533,374
163,874,1258,1036,1041,854,473,92,1149
32,866,964,1033,939,1004,813,846,1241,1147
513,484,261,262,263,465,472,1017,444,637
291,323,69,1031,1160,363,398,592,819,981
471,100,1221,940,495,310,1238,952,60
291,567,1031,939,1035,877,876,592,855,1181
777,138,44,1197,526,47,273,149,470
359,871,234,780,525,1262,1264,856,538,959
1056,771,777,237,1198,948,469,310,412
897,580,939,877,846,596,54
448,609,770,97,614,263,468,533
743,136,269,464,497,538,667,606
325,968,1130,720,310,1046,1110,1111,410,411
388,487,1097,906,1071,848,465,372,533,374
164,134,102,264,710,45,463,539,157
835,874,907,467,1043,630,407,1206,505,854
675,840,1033,842,877,846,654,592
1283,132,643,456,461,142,732
1004,877,914,1015,985,860,1017,830
708,1093,1094,549,326,969,1130,495,952,412
1120,1184,651,1132,1172,276,1243,412
1161,457,268,78,83,341,951,287
486,136,335,723,628,440,1209,1274,284
1025,260,560,565,570,283,1085,1022,223
706,968,1034,844,1197,815,976,1046,410,411
739,1062,1270,727,1080,1082,1244,285
1184,418,549,1258,1132,814,276,824,346
288,640,642,676,631,698,26,189
576,579,550,560,561,565,1013,570,1022,991
808,457,268,78,83,760,60,287
290,1219,909,911,80,559,594,117,118,1182
1184,771,549,551,681,1132,115,276
289,930,34,972,1171,20,885,313,859,863
576,1152,552,557,560,982,570,991
4,292,237,208,626,628,698,794,957,31
291,675,136,1193,943,1014,823,1273,538,925
928,1,1158,1255,554,555,1041,1016,927
706,707,709,977,151,410,411,509,1215
801,450,294,685,537,242,662,281,316,222
1282,324,1287,297,778,1232,1205,377,1277
768,225,834,454,296,714,235,242,502,540
608,968,299,109,115,1075,85,1046,952,412
68,356,1222,262,298,1232,87,24,152
484,261,262,166,138,44,16,246,127
1219,262,814,559,110,117,118,1276,1119
512,609,1219,454,263,777,468,469,533
931,710,264,1224,492,44,463,178,511
266,810,588,304,1266,757,86,1212,831
672,932,1030,40,267,1039,242,248,1273,703
194,700,969,393,270,495,976,249,314,412
76,589,271,399,659,821,317,447
869,1158,839,329,1195,12,942
1189,589,974,272,1233,821,796,447
289,770,648,203,814,273,308,827,284
768,1088,801,198,294,712,492,275,1076,341
448,1249,231,207,340,277,886,351
34,931,6,847,436,374,344,314,827,29
1088,257,450,129,280,845,690,51,760,445
1088,1113,281,109,918,984,1080,153,1082,412
902,937,282,940,1011,600,1146,1116
776,1210,234,139,651,988,464,244,538,412
581,584,1033,574,939,846,592,567,1241,830
1092,589,397,1084,243,821,885,796,1055
581,582,583,939,876,852,567,1241,571
487,200,685,13,719,1232,242,216
608,577,194,578,872,109,375,151,412,1215
422,1128,234,241,502,952,125,350
865,745,841,844,1198,878,1171,1108,375
580,615,583,1004,877,568,1017,985,1181
196,271,304,399,436,55,248,250,794
544,545,891,487,460,1101,591,1235,1082,507
707,325,999,1034,720,375,60,1215
581,939,363,877,846,592,819,1241,574
934,425,777,305,247,665,635
580,615,583,877,1015,568,1017,985,1181
486,136,409,460,335,723,245,1273,538,540
34,580,581,584,939,846,592,567,1241,574
869,1158,839,1196,208,881,541,254
740,50,569,443,572,573
450,227,1096,393,945,245,251,316,1245
740,569,443,572,573,1049
359,234,12,46,784,178,723,538,252
740,93,569,443,572,573,1049
1000,619,331,592,119,248,250,63
582,1031,939,1035,592,852,567,1241,571
993,1284,1286,878,657,1238,727,792,637,575
259,939,107,684,654,686
707,709,199,745,720,217,122,1215
1184,577,418,578,1132,276,1110,375,1111
257,1125,1065,632,1082,1086
1088,1093,585,586,810,1168,52,377,252,255
581,567,584,876,592,823,1241,574
227,1125,679,72,169,620,1072,950,221
576,260,560,825,570,283,1085,223
1152,552,563,564,982,1239,1022
1056,771,966,204,1198,917,218,764
99,675,1193,234,784,562,723,759,187
931,614,972,975,1267,885,859,828,863
968,844,1197,815,310,1046,1110,1111,410,411
1184,194,549,551,968,1132,844,276,220,862
579,550,913,979,1013,1145
66,227,393,460,178,723,1082,1212,29
196,580,583,615,877,568,1017,985
68,324,1156,1231,1232,788,1205,1141,760,670
581,1000,1033,846,592,596,852,567,1241,574
576,1038,560,566,570,1022
225,1227,718,178,1267,55,314,29,767
192,224,898,226,133,968,844,17,1046,28
1152,1239,590,565,566,982,1240,986,1022,223
964,580,615,877,1015,1017,985
481,136,233,460,178,723,538,187,988,1021
576,986,1247,560,371,947,566,570,223
768,776,234,241,125,151,538,509,350
553,554,555,1037,208,274,93
865,229,106,938,972,124,978,1171,828
869,839,553,554,555,208,274,1049,93
231,302,207,340,886,1211,190
869,839,553,554,555,1037,881,274,93,927
968,844,976,1110,1111,1046,862
67,841,1198,239,784,597,952,249
576,550,560,947,570,1237,986,1247
708,1125,393,173,240,113,818,696,543
559,911,945,1143,1245,343
579,991,550,561,947,565,566,1013,986,1247
450,227,1125,294,1096,393,236,430,280,445
608,700,748,237,1008,177,115,412
576,1152,552,557,560,982,1239,570
768,38,806,360,492,495,785,341,729
864,359,234,525,46,178,723
1218,1194,362,784,1234,1270,888,1273,1148
361,909,911,559,368,594,826,1214
1121,356,1126,1222,393,1289,374,24,314,29
354,776,778,241,1014,538,667,125
352,358,1163,1164,1069,1166,889,25
357,582,455,264,266,363,463,467,53,447
225,929,6,1223,370,1267,436,1082,667,767
35,1220,909,911,369,594,342
704,257,1091,1125,620,1072,372,373,950,1055
704,1091,1095,169,620,372,373,1084,1055
259,1000,366,942,592,1175,93,670
675,840,107,363,684,654,607
673,292,1195,1228,174,1199,368,16,1267,723
97,962,1158,839,973,942,367,881,274
768,992,198,38,360,1231,341,1141
35,1220,1135,80,594,342,1182
1219,1220,559,368,1143,343,826,1245
705,1154,1058,1121,967,392,624,314,604
646,72,1167,336,1202,723,1271
1061,1063,527,1231,337,1141,822,984
1096,393,1099,717,338,950,345,954,1053
70,812,207,497,723,340,277,886,187
768,422,776,1128,241,952,125,350
1219,1210,1070,1171,627,214,826,957,351
352,384,40,1163,718,1039,727,248,703
353,1261,787,119,1207,1272,893
225,808,40,141,718,55,346,1211,893
1056,965,1126,60,948,347,412
320,101,999,1288,1231,1141,348,1085,223
806,1194,1006,1234,659,661,1212,349
153,322,281,327,685,242,374,1113,606
326,136,300,141,336,435,179,538,509
837,1256,330,1260,1261,787,1272,893
610,707,325,999,720,151,953,509,1023
194,611,324,297,1232,1244,723,377,412
323,69,107,684,654,592
704,322,547,523,140,235,685,144,92,543
321,675,451,38,422,454,40,440,607
320,101,70,1288,1265,1141,348
1026,486,136,335,723,820,919,1273,538
1155,453,334,974,1233,1266,317,382
548,1064,727,333,497,627,189,667,477
0,323,451,939,332,943,592,852,1082
1272,40,331,119,248,893,703
353,900,837,330,428,493,787,473,1183
962,548,869,329,942,498,180,541
704,450,328,105,338,86,729,540
1218,612,775,849,306,1266,437,661,349
608,353,611,999,1128,297,720,1106,307
933,266,206,399,304,271,211,831
675,1255,425,305,497,789,727,1273,667
706,968,1034,844,1197,815,1046,410,411
231,423,302,625,188,19,1114,508
259,583,1031,840,492,303,592,1177,571
227,1063,1127,233,650,620,300,685,429,588
419,933,710,1032,1256,1261,439,1272,318
153,268,301,337,150,984,1113,287
453,297,334,1233,1266,786,1205,317,382
1088,832,194,66,227,760,379,29,319
225,194,614,1227,1267,55,314,859
420,106,906,47,339,149,597,315
1217,675,1255,136,332,460,335,1232,723,311
385,418,805,485,841,209,309,312,188
770,519,104,308,660,377,827,412,189
804,743,780,141,1037,469,310,55,88,538
