0,1,66,131,5,133,197,329,19,22,218,27,28,30,95,32,35,229,231,232,106,43,170,52,317
256,257,260,261,262,7,329,73,269,87,88,89,219,28,221,31,34,106,236,46,118,56,122,61
129,130,131,134,198,328,327,6,9,24,220,221,225,34,291,226,293,233,234,43,238,50,58,187,317
256,322,323,258,260,3,71,7,205,22,89,219,221,287,31,38,236,46,48,245,56,57,122,315,61,318
64,5,6,327,200,199,201,13,20,222,30,32,34,37,230,231,40,234,43,44,45,52,54,312,189
256,322,323,3,4,198,200,328,12,213,24,89,223,34,312,39,233,43,239,47,55,248,315,317,318,319
0,129,66,5,6,329,9,27,222,30,224,230,234,43,45,238,51,54,187,317,62
0,1,64,198,327,329,15,271,17,18,21,27,32,225,33,229,233,234,43,238,51,314,187,317
0,66,6,198,327,9,24,220,222,224,226,35,293,234,43,46,238,50,56,58,187
0,66,5,198,326,8,265,85,281,223,227,230,39,231,233,234,43,41,110,118,253,314,317
256,129,66,195,261,197,5,203,209,19,212,278,23,155,222,224,32,228,230,234,45,240,51,54
64,257,322,258,1,0,200,17,213,22,218,27,221,30,287,34,35,229,230,232,236,238,52,315,318,319
257,258,322,260,323,66,5,89,221,222,287,224,33,32,30,229,230,234,44,45,51,245,54,62,122,315,318
66,5,200,73,329,74,140,10,16,81,275,218,34,230,231,233,59,43,237,238,239,54,311,312,58,251
128,129,321,64,132,1,3,8,203,12,277,22,23,218,93,285,33,227,228,229,35,232,109,46,240,54,59
0,3,4,5,12,24,222,224,34,100,39,233,234,43,238,239,175,47,55,317
66,5,6,198,327,9,21,222,30,224,230,231,234,43,45,238,239,51,54,187,317,62
66,5,327,201,329,20,222,32,34,230,231,233,234,43,235,44,174,49,50,51,54,314,317,189
256,322,131,258,6,7,145,213,219,221,287,97,34,229,230,38,236,46,48,56,315,61,318,319
256,322,66,5,200,73,329,138,10,140,81,275,160,32,224,230,231,234,44,237,239,49,51,53,54,319
66,5,6,327,136,198,9,17,24,222,224,229,230,231,234,43,238,187,317
0,3,4,329,138,10,140,12,16,81,275,24,27,34,231,39,233,43,237,46,239,47,55,251
129,195,196,132,7,209,83,212,278,215,154,285,31,32,162,105,235,111,240,112,115,117,53
256,259,261,69,263,264,269,271,274,87,89,283,106,241,242,243,244,123,252,253,254
256,259,68,69,5,264,265,268,269,271,81,87,98,313,106,123,109,305,242,243,249,251,188,127
69,261,264,269,271,79,81,85,87,283,249,106,109,110,241,242,243,248,313,251,252,253,254
259,326,71,72,8,76,269,77,79,274,21,214,23,216,27,283,32,99,166,244,187,188,253,254
256,257,258,260,5,262,71,136,202,269,77,276,89,283,32,98,187,244,245,122,315,188,127
256,257,259,69,198,72,73,267,269,80,81,16,275,276,84,87,280,88,283,103,51,244,246,247,251,254
257,258,259,261,7,72,76,77,269,268,15,276,84,278,280,247,283,219,93,291,107,242,244,116,119,253
69,261,264,269,270,271,81,85,283,92,32,97,106,109,110,242,243,114,248,249,251,252,254
256,257,322,258,260,261,262,69,200,267,270,271,81,213,87,89,248,242,243,245,312,249,122,251
260,261,69,135,264,263,75,270,81,277,278,85,87,92,95,97,107,109,242,243,117,250,251
260,69,261,263,264,73,329,270,271,81,275,87,283,231,106,109,242,243,246,248,249,250,251
259,69,326,264,265,328,269,273,274,280,89,283,284,100,101,41,106,241,50,308,119,252,253,254
259,69,72,265,264,76,269,280,217,283,284,289,99,100,227,41,107,50,244,182,119,253,254
259,69,72,267,268,269,79,80,274,275,276,88,281,283,284,99,100,103,39,106,47,51,246,253,254
259,325,326,69,72,265,74,261,268,269,81,84,87,89,283,284,98,101,109,248,316,253,190,255
256,69,261,264,75,269,271,143,81,79,277,87,283,106,242,243,250,251,252,253,254
256,257,258,322,260,261,262,199,13,213,88,89,93,30,32,34,35,37,44,52,245,248,122,318,319
256,257,258,322,260,261,262,213,88,89,93,30,32,34,35,44,45,180,245,52,248,122,318,319
256,257,258,259,260,322,262,213,278,89,287,248,230,295,108,109,245,312,249,122,318,319
256,257,258,322,260,262,269,275,213,89,281,287,249,39,47,48,245,248,185,122,315,318
256,257,258,259,261,69,262,264,269,271,81,278,87,283,93,106,242,243,248,249,251,252,254
256,257,258,322,260,261,262,203,267,271,213,87,89,112,245,248,249,122,318,319
65,259,260,263,72,264,74,266,268,269,76,270,211,276,278,25,283,99,107,47,48,241,250,251,253,254
260,69,261,263,264,75,269,270,271,81,283,96,313,106,110,242,243,249,250,251,252,254
66,68,72,265,269,271,79,276,213,86,280,90,283,284,289,100,103,106,107,50,116,119,253,254
256,70,199,263,201,266,269,207,81,275,217,283,92,160,97,49,114,189,121,314,317,62
256,257,258,322,260,262,267,80,213,88,89,184,287,97,34,51,245,246,248,249,122,318,319
66,259,263,72,74,268,76,272,211,87,283,31,99,100,107,48,242,124,125,255
256,65,259,261,326,71,72,269,77,208,274,275,276,281,283,32,163,39,47,244,121,253,254
256,257,258,322,260,262,263,264,270,271,81,213,89,282,248,250,117,245,312,249,122,251
256,259,323,261,69,200,265,268,269,142,271,81,87,89,98,100,106,109,177,242,243,248,251
66,259,68,263,72,71,74,268,271,272,211,276,86,283,31,99,100,107,116,122,255
261,69,328,264,269,77,79,273,274,275,278,87,280,283,101,106,111,176,304,243,244,117,118,308
192,66,259,72,268,77,76,269,78,274,83,82,19,90,283,96,32,99,100,102,103,108,113,244,253,254
323,200,73,266,138,329,74,202,269,81,275,281,94,36,231,39,172,237,239,47,48,246,185,251,189
259,68,7,72,71,76,77,269,268,276,84,86,87,91,247,283,219,289,100,101,107,116,119,121,253
261,69,264,75,269,270,271,81,84,277,85,87,89,92,98,106,109,110,242,243,248,250,251
0,1,261,263,265,75,269,141,19,84,85,278,281,283,27,92,94,110,111,243,117,185,250
264,269,142,271,81,210,84,20,279,281,283,157,225,39,104,106,170,301,110,242,243,118,249,251,254
259,261,69,264,265,269,85,87,280,216,283,98,100,106,110,243,244,119,252,253,254
259,261,198,72,265,268,269,204,142,274,275,89,281,283,285,159,39,47,244,117,245,118,124,253,254
65,259,68,261,262,71,200,269,271,81,86,282,283,94,106,108,109,110,177,242,116,117,249,251
256,259,261,326,69,72,71,76,269,77,208,274,276,213,214,283,32,241,244,251,253,254,191
255,69,264,265,269,271,79,81,87,283,284,313,106,110,242,243,249,251,252,253,254,191
128,129,130,131,132,133,136,139,140,85,285,286,288,289,290,291,125,123,317
128,129,130,131,132,133,135,136,137,139,140,285,286,288,289,290,291,123,125
128,129,130,131,132,133,134,136,139,140,221,286,287,288,289,34,291,225,122,123,127
128,130,131,132,133,136,139,140,285,286,288,289,290,291,123,127
128,130,131,133,136,137,138,139,286,289,290,291,107,124,122,123,316,125,126,127
128,130,131,132,133,136,137,139,140,285,286,288,289,290,291,123,59,124,125
128,66,130,259,131,133,134,136,137,138,139,140,207,211,288,289,290,291,123,124,125,126
142,16,147,148,156,158,292,293,296,170,299,172,174,175,303,306,307,308,310,311,184
141,148,153,158,292,293,165,294,296,167,299,172,171,302,175,300,174,306,307,308,303,179,310,184
141,150,155,157,158,293,294,165,296,297,299,300,172,174,175,301,306,307,308,179,184
257,258,322,260,148,213,89,221,158,34,292,295,168,297,170,172,174,175,303,110,179,309,310,184,315,318
330,142,143,144,147,148,153,155,157,158,293,294,296,297,301,302,175,177,307,308,179,184
257,258,322,144,145,213,88,155,157,158,34,293,294,295,296,297,301,175,178,179,309,310,181,248,122,318,319
330,142,144,146,153,155,157,158,160,161,165,167,296,298,299,170,302,175,304,174,307,308,179,180
330,142,146,148,157,158,292,165,293,296,170,299,172,173,302,175,174,303,178,307,308,310,184
330,141,142,146,148,150,152,153,157,158,99,167,296,300,172,302,175,305,306,307,308,177,179
129,71,330,146,278,155,94,158,163,164,293,294,104,296,297,171,170,301,302,175,168,114,307,308,179
65,66,144,146,153,155,157,158,161,164,296,41,297,299,301,302,175,304,173,307,308,180,181,255
142,148,156,158,292,293,166,167,296,170,299,172,302,303,175,174,307,308,310,311,184
197,330,142,143,208,144,146,147,27,155,156,158,164,169,298,42,297,301,302,304,307,308,180,181
5,330,141,142,144,146,149,153,154,155,157,158,296,170,299,300,172,302,175,174,305,308,180,186,127
141,142,146,147,82,150,152,153,157,158,292,167,169,299,300,175,177,306,179,308
330,142,146,148,149,153,157,158,294,296,298,172,302,175,174,307,308,309,310,184
328,330,142,146,148,153,157,158,294,296,300,172,302,175,304,174,307,308,309,310,184
330,142,146,147,148,149,153,155,158,296,297,298,170,172,174,175,307,308,309,184
257,322,262,145,148,213,184,158,34,292,295,297,170,236,172,174,303,175,179,307,309,310,248,318
73,10,140,16,81,144,275,146,23,155,158,160,292,231,169,170,237,303,239,175,242,49,178,180,179,311,251
256,191,322,323,324,194,199,200,328,329,204,205,209,210,213,215,34,103,187,312,186,315,317,318,319
66,259,194,195,199,201,74,268,205,209,210,211,213,215,31,232,48,313,186,187,124,125,191
191,193,194,324,326,327,200,201,329,205,208,209,210,213,214,215,43,314,187,60,317,319
257,258,322,323,260,199,328,200,201,202,208,213,22,89,221,30,287,32,35,187,52,245,122,315,318
195,323,326,328,329,76,205,208,209,210,214,215,283,96,162,165,316,186,187,188,317,190,191
256,257,322,323,258,194,191,199,328,200,205,206,14,209,210,213,215,217,221,34,187,315,317,318,319
256,257,322,258,260,320,195,328,205,208,81,210,211,209,213,215,89,36,187,245,181,312,122,315,318,319
256,257,322,191,324,194,197,199,328,200,329,201,205,209,210,213,215,312,187,248,314,315,317,318,319
320,194,326,199,328,329,201,203,205,208,209,210,213,214,215,314,190,186,187,316,317,318,191
128,321,129,195,193,194,203,204,205,209,210,212,278,215,90,28,285,166,171,111,114,117
256,257,322,258,323,260,199,200,328,201,202,327,205,210,211,213,89,217,30,32,52,312,315,318,319
194,323,197,199,200,329,201,203,202,205,271,81,209,210,213,215,312,231,110,251,242,248,187,317,191
256,191,322,194,324,326,198,200,328,199,201,205,209,210,213,214,215,94,315,312,314,187,318,319
191,194,325,197,327,199,201,203,205,209,210,277,278,87,213,215,93,97,228,109,179,54,120,187,61,255
192,194,323,195,326,328,200,202,205,208,209,210,214,215,187,244,53,316,186,315,188,317
191,65,322,324,194,325,327,200,329,202,205,208,81,209,210,213,214,215,231,187,312,313,314,251,319
323,195,259,326,196,328,330,205,206,209,210,214,215,283,94,307,244,308,316,309,186,187,188,317,191
194,326,200,329,73,202,11,205,209,210,275,215,216,90,26,34,104,239,188,189,312,187,316,317,319
256,259,323,261,262,69,200,73,74,329,77,271,81,275,85,87,98,100,41,177,242,116,54,246,251
256,69,200,73,74,10,269,271,81,275,277,119,280,89,87,94,231,237,109,239,246,311,251
261,69,73,202,269,270,271,81,275,277,87,89,94,98,231,109,48,242,243,246,311,248,249,251
0,64,3,200,329,10,73,140,16,81,275,19,183,120,292,230,231,39,232,43,237,239,311,312,59
0,64,3,198,8,265,12,16,17,19,22,23,26,27,29,225,34,227,33,39,232,42,110,59,317,63
322,131,324,3,262,12,16,145,213,223,225,34,312,161,229,226,35,289,122,236,310,248,185,58,60,318,319
66,195,5,6,327,329,9,207,145,27,222,287,224,230,231,233,234,43,236,59,238,187,317
66,2,5,70,199,201,266,265,207,217,157,289,35,230,231,43,53,54,189,121,317
259,4,3,7,72,268,269,12,80,276,88,24,247,283,223,34,233,43,47,239,51,246,55,253
64,5,199,200,329,10,201,13,81,275,20,156,222,30,32,229,37,231,167,230,40,44,237,45,303,52,54
131,67,199,200,329,201,7,140,16,275,222,31,34,38,231,230,42,46,239,48,50,61,53,56,121,60,189
0,66,5,326,9,265,267,214,23,27,222,32,224,230,234,43,238,51,244,54,187,188,317
0,66,195,5,329,9,144,211,84,23,216,218,27,91,102,43,46,238,180,59,188,317,63
0,320,66,5,326,329,19,23,27,222,30,32,224,34,230,40,234,44,45,51,316,54,314,187,188,317
256,66,323,5,200,329,74,73,13,81,275,222,32,224,34,37,230,231,234,43,44,237,242,51,54,312
129,66,131,5,201,266,88,282,284,222,224,33,34,32,228,230,231,234,44,45,51,54,313,317,190
128,129,321,64,132,66,5,203,16,19,212,85,278,21,22,285,162,230,232,233,234,43,238,51,117,54
1,66,67,4,326,7,72,149,22,23,27,221,31,38,42,46,60,48,188,61,244,53,56,186,187,316,317
128,0,5,328,9,203,16,274,24,218,27,220,222,224,291,233,234,43,59,187,238,308,123
66,3,131,4,136,12,205,16,24,223,34,233,234,43,238,47,48,239,55,123
3,4,329,12,271,16,81,275,22,24,311,93,223,34,231,233,43,46,239,47,55,312,251
256,64,322,131,1,0,200,213,22,218,27,221,30,32,34,35,229,230,232,43,236,52,122,315,318,319
128,129,66,132,5,10,18,218,27,285,222,230,231,233,234,43,238,111,304,117,54,188,127
320,66,5,198,6,136,9,142,17,275,220,222,30,224,230,40,234,43,45,238,187,317,62
0,1,5,70,199,201,142,22,218,222,30,32,35,36,37,229,231,167,232,43,44,173,237,52,53,54,189
2,66,5,70,199,200,201,266,207,275,217,222,224,36,230,234,173,51,53,54,121,189
255,4,3,12,214,24,223,34,39,233,106,43,42,302,47,239,242,55,315,190,191
66,3,326,12,16,17,211,22,223,31,289,225,161,168,42,238,47,48,60,316,187,124,125
0,64,66,3,5,326,8,11,12,16,22,23,27,286,33,227,232,233,42,123,43,238,244,59,316,317
0,66,5,135,72,138,202,10,208,16,214,279,218,91,157,227,230,231,39,233,41,43,182,59,253,126
64,2,3,135,200,73,10,329,140,74,207,16,81,275,292,231,233,59,43,237,239,311,251
0,1,66,4,5,16,149,23,218,27,289,100,38,39,233,43,46,238,239,50,55,186,59
0,320,64,3,5,198,6,9,204,82,19,24,27,222,224,231,59,234,43,238,187,317
64,66,2,5,327,135,201,329,216,218,222,30,224,230,231,233,234,43,59,238,244,54,317,189,127
128,129,66,131,132,5,198,8,16,17,22,218,285,222,224,225,227,230,231,233,234,43,42,238,317,63
0,129,66,131,128,5,64,3,329,12,16,19,22,23,27,285,222,33,34,230,232,233,43,110,238,314,59
257,322,131,328,142,16,17,213,22,218,221,225,34,229,230,231,232,233,43,236,238,309,122,315,63,318,319
64,66,131,323,5,134,200,329,73,138,140,81,275,222,224,34,228,230,231,234,43,237,238,239,51,54
129,66,195,323,259,196,5,74,268,206,209,211,212,23,91,155,32,230,234,235,44,115,51,54
66,5,8,329,266,218,30,222,224,227,230,231,234,43,106,170,45,238,314,187,317,62
64,2,3,5,198,135,8,329,266,12,81,85,30,222,224,227,230,231,232,234,43,238,313,59,317
66,5,327,329,266,13,215,222,224,121,32,37,230,231,234,43,44,239,49,51,54,313,314,251
65,3,259,4,263,12,269,268,24,25,283,223,34,233,43,47,48,239,117,55,316,255
0,1,66,131,5,143,16,19,20,22,23,218,27,29,30,288,34,185,231,233,42,43,238,313,314,125,63
0,129,66,195,131,5,326,328,79,23,32,289,224,101,37,230,234,44,60,51,308,54,316,317,190
0,66,2,67,5,198,7,135,329,85,27,57,31,38,232,234,43,46,48,50,61,53,56,313,187,60,317
320,3,5,15,17,19,21,27,222,224,225,34,230,40,233,234,43,238,51,54,187,317
327,7,329,10,140,16,81,275,219,28,221,31,38,231,236,237,46,239,48,53,311,56,57,251,60,61
2,5,198,135,200,329,10,16,81,275,222,224,292,230,231,233,59,43,237,238,239,246,311,54,251
64,0,66,3,197,5,72,204,145,213,284,227,126,231,39,233,43,124,56,313,186,59,316,317,190
3,4,200,73,10,140,12,16,81,275,55,24,223,34,292,231,233,43,237,239,303,47,311,248,251
129,66,195,323,5,203,206,209,212,23,155,285,32,224,230,232,317,234,44,51,244,54,122,187,189
65,66,195,67,5,197,326,68,214,218,92,32,33,34,162,230,166,186,174,51,54,314,187,316,317,190
129,66,5,198,329,11,90,26,222,223,224,34,230,231,232,39,43,238,54,55,118,314,317
256,322,323,324,66,5,200,329,74,13,275,213,23,222,30,32,224,37,230,231,234,43,44,51,54,312,314,251
128,64,66,3,5,198,266,85,23,222,224,33,32,230,234,43,110,238,51,54,314,59,317,62
66,5,200,329,10,73,140,266,81,275,222,30,224,32,230,231,234,237,45,239,51,54,251,62
128,129,194,0,132,196,2,3,5,135,145,83,212,85,278,215,93,285,230,39,231,233,43,238,240,54,59
128,129,64,66,5,329,266,145,19,212,85,285,222,30,224,230,234,43,108,45,110,51,54,317,62
5,134,200,73,10,329,140,74,16,81,275,218,226,35,230,231,233,43,237,238,239,303,54,311,251
128,320,131,3,5,8,16,17,19,22,26,27,218,28,222,224,227,230,231,233,234,43,42,238,63
66,5,327,266,81,30,222,32,224,228,230,231,313,234,43,44,45,51,54,121,314,251,317
0,1,66,323,65,5,326,11,12,14,19,22,25,26,283,27,29,41,42,187,47,244,58,123,317
261,69,265,269,81,83,84,85,278,87,281,89,283,92,94,98,106,109,110,111,242,117,248,249,253
256,192,259,324,261,69,264,265,269,274,276,87,280,283,94,289,41,106,110,243,252,316,253,254
256,257,258,322,260,68,262,261,71,278,86,89,93,248,229,106,242,243,116,312,249,122,251,318
256,323,69,261,264,200,75,76,269,271,81,87,89,26,98,106,109,177,242,243,248,251,254
256,261,69,264,267,268,269,76,271,80,276,88,100,165,103,41,106,108,174,243,51,246
2,70,199,201,266,268,207,275,217,121,35,36,231,173,53,313,314,189
69,261,264,265,266,269,81,283,285,160,100,101,106,237,110,49,243,120,251,252,254
259,261,69,265,76,269,273,276,280,217,283,284,289,100,101,165,41,106,50,119,127,253,254,255
65,259,261,69,269,79,273,274,275,276,279,281,283,32,165,39,106,174,47,243,186,316,253,254,255
256,257,260,69,263,264,73,329,74,269,270,271,16,81,275,87,283,231,104,48,246,312,250,251
69,261,264,75,11,269,271,79,81,87,283,231,313,106,241,242,243,121,250,251,252,253,254
256,259,69,73,329,74,138,269,202,271,16,81,275,276,84,87,89,283,98,109,115,246,251
129,68,261,69,135,138,81,83,85,278,87,92,285,95,289,101,109,111,112,114,115,178,117,118,122,127
256,259,68,261,69,135,200,71,269,271,278,86,89,283,99,101,106,177,243,116,117,121,250,253,254
256,259,261,69,73,74,329,268,202,269,271,81,275,87,89,218,98,231,107,109,242,246,251
259,261,69,264,269,79,85,87,89,283,157,98,106,241,242,243,249,251,252,253,254
259,68,326,71,72,8,76,269,77,274,85,21,86,280,283,98,99,164,166,41,241,244,116,253,254
68,69,261,71,264,265,269,271,79,274,277,214,279,280,89,86,283,98,106,110,241,243,116,119,251,252,254
256,68,69,70,71,329,266,74,76,269,12,79,275,86,279,283,34,106,242,116,121,251,316,189,190
256,321,68,261,262,71,70,75,203,79,212,85,278,86,87,90,92,95,104,106,111,112,114,116,117,121,250
256,257,258,322,260,68,262,71,213,86,89,248,121,106,242,116,245,312,249,122,251,318,319
65,259,69,72,264,269,81,85,280,282,283,284,32,99,165,106,109,243,252,182,316,253,254,255
256,258,260,261,69,263,264,73,329,10,270,271,81,275,94,231,172,242,243,180,249,250,251,189
65,259,323,195,72,265,76,269,77,206,276,283,155,32,101,41,107,47,305,115,244,182,119,122,253,254
69,70,264,265,141,269,271,79,85,87,280,283,98,100,106,42,298,110,242,243,117,250,252,254
256,257,258,322,260,261,262,68,70,71,269,79,275,213,86,89,248,121,41,106,47,116,117,312,249,318,319
256,259,68,326,71,72,8,9,269,77,274,276,21,87,283,32,99,164,166,42,244,116,188,253,254
256,257,258,323,260,322,71,269,77,275,89,281,283,221,32,47,245,248,122,315,318
323,326,71,72,328,269,13,142,271,214,22,23,88,89,283,27,30,32,35,37,44,244,52,122,315,188,253,254
256,257,258,323,260,322,262,71,77,269,89,281,283,221,32,289,187,178,245,248,249,122,315,318
256,257,258,322,260,262,71,77,269,213,89,283,32,187,243,244,245,248,249,122,315,318,319
256,257,258,260,6,7,328,71,269,14,89,283,221,31,47,48,178,244,245,53,56,57,122,315,60,254
256,323,259,326,71,72,73,200,202,76,269,77,271,208,276,218,283,32,244,245,187,253,254
69,326,72,8,269,77,17,81,21,214,87,27,283,99,166,42,109,47,188,178,244,182,316,253,254
323,260,68,326,71,8,70,76,269,77,21,86,283,221,99,164,166,106,244,116,121,315,188,253
256,257,258,260,326,262,328,73,76,213,89,283,94,225,34,297,188,245,248,249,122,316,318
256,0,259,326,72,8,73,269,77,274,19,21,87,283,94,99,166,39,42,47,178,244,120,188,253,254
256,323,326,72,8,138,269,274,21,214,87,27,283,289,99,166,168,42,46,178,244,122,188,253,254,127
192,259,69,326,71,72,8,73,269,77,81,276,21,214,283,91,94,99,166,42,109,178,244,188,253,254
256,257,260,69,73,329,138,202,269,81,275,87,89,283,237,109,246,312,251,188,254,319
256,257,322,258,260,69,262,328,81,213,89,283,221,34,42,43,245,248,249,122,318,319
66,259,68,263,74,268,76,269,272,274,211,87,283,31,98,99,100,101,107,116,254
256,257,258,323,260,261,67,199,200,201,269,13,18,88,89,283,94,30,96,32,34,35,37,44,244,52,316
66,261,6,72,265,209,85,278,217,90,283,92,289,99,100,41,107,112,50,244,117,119,57,253
256,257,258,322,260,262,73,14,213,89,221,94,245,248,249,122,317,318,319
256,261,69,263,264,75,269,270,271,81,85,278,277,87,89,92,98,109,242,243,248,249,250,251
258,259,69,198,264,265,269,85,278,277,280,217,283,289,227,100,101,41,112,50,117,119,253,255
256,257,258,322,260,259,262,69,81,213,89,90,248,313,108,109,245,312,249,122,318
256,261,69,73,74,329,202,269,271,16,81,82,275,87,89,94,98,231,237,109,246,54,251
259,326,72,8,329,269,77,208,274,276,84,277,21,87,189,283,99,166,40,49,244,316,182,188,253,254
256,326,71,72,8,9,269,77,274,21,214,280,27,283,32,99,164,166,42,243,244,119,188,253,254
192,65,326,71,72,8,9,76,269,77,274,276,21,280,283,32,99,42,244,187,188,253,254
256,66,69,200,73,329,74,138,202,269,271,81,275,85,87,89,283,94,34,109,46,242,246,251
192,256,259,69,326,70,8,76,269,77,17,274,81,276,21,214,87,283,27,99,166,42,109,178,244,182,253
256,66,261,262,69,73,329,267,271,16,81,80,275,276,87,88,91,231,103,51,246,311,251
256,257,258,322,260,324,262,330,267,213,87,89,248,309,245,312,249,122,318,319
66,259,68,263,72,74,268,77,76,272,211,276,86,279,280,283,31,99,107,176,116
65,259,326,72,76,77,269,80,276,214,88,281,283,92,32,97,96,47,114,51,244,247,316,253,254
2,259,70,199,72,201,266,267,269,207,80,275,276,280,88,217,283,91,97,51,244,246,184,121,127
68,69,261,71,264,265,70,269,271,79,85,86,279,283,165,106,110,242,243,116,117,121,251
261,69,264,269,81,84,85,278,277,86,87,89,92,93,95,248,97,98,109,110,111,112,117,54,120
259,261,69,72,264,267,269,79,80,276,87,280,88,283,100,103,106,111,51,244,246,247,249,253,254
68,261,326,71,9,269,77,13,274,276,278,86,283,92,32,42,47,114,244,117,116,187,253,254
256,257,258,322,0,1,69,200,73,74,329,141,81,275,19,89,281,27,93,94,237,109,251
256,257,258,66,260,262,200,267,80,209,276,213,212,88,89,51,245,246,248,249,122,316,318,319
256,257,322,258,260,261,262,69,267,84,213,87,89,248,245,312,249,122,318,319
256,69,261,263,264,266,269,271,79,87,283,98,106,110,242,243,251,252,253,254
256,261,326,71,72,135,9,269,79,274,276,280,153,283,284,32,296,106,42,177,244,117,247,253,254,255
256,71,72,73,138,202,267,269,77,271,80,81,276,84,88,89,283,32,301,51,244,245,246,247,126
192,68,69,261,71,264,265,329,269,79,274,86,279,280,283,100,106,107,301,244,117,116,250,188,189,254
68,69,261,71,264,70,74,75,270,79,81,86,279,121,36,122,106,110,112,242,243,116,249,250,251
66,259,263,72,74,268,76,269,272,211,276,88,283,284,31,99,297,48,178,125,253
256,257,258,322,260,69,262,135,8,269,208,89,283,156,99,164,36,169,250,304,244,245,181,122,315,253,318
256,0,1,259,261,69,264,265,269,141,271,19,281,283,27,157,94,106,110,241,243,120,122,251,255
256,261,69,73,329,202,269,271,16,81,207,275,87,89,98,231,109,239,242,246,249,251
259,69,263,72,264,268,269,81,274,280,281,283,32,99,100,165,106,109,174,243,244,252,253,254
256,257,258,259,260,4,262,72,267,76,213,89,283,225,104,297,245,248,249,122,253,319
256,260,326,71,72,8,267,76,269,77,80,88,89,283,32,99,51,244,245,246,122,315,60,253
256,259,68,70,71,72,73,329,138,10,269,271,81,275,86,283,99,106,116,121,251,253,254,255
256,68,261,71,329,269,277,278,85,21,86,283,92,93,234,106,109,110,111,243,244,117,116,120,121,188,189
256,2,70,71,199,201,266,74,269,207,79,275,276,217,283,95,173,244,53,121,189,254
259,69,72,265,264,269,77,271,270,85,280,89,282,283,284,98,100,106,241,243,116,117,182,252,253,254
66,259,263,72,74,268,76,77,272,211,276,84,87,91,31,99,102,107,48,125,119,124,253
256,260,261,69,262,263,73,329,264,269,270,271,16,81,18,275,87,89,283,242,246,250,251,254
257,68,69,261,70,264,265,71,269,270,271,79,86,87,279,283,106,110,242,243,116,121,122,251,254
257,260,261,262,69,73,267,269,80,81,276,85,278,87,88,89,283,91,92,103,168,51,118,246
256,320,66,259,261,69,73,329,77,271,16,81,275,85,87,283,94,98,231,239,116,246,251,318
0,69,261,264,75,204,268,142,271,274,20,278,279,280,281,157,39,106,175,242,243,114,118,250,251,124,254
259,69,326,71,72,76,269,77,208,274,276,214,283,32,42,107,305,244,186,187,316,253,254
259,195,262,135,72,265,76,269,77,206,147,276,280,283,155,297,106,107,112,176,115,244,182,119,184,122,253,254
69,261,264,73,75,269,270,271,81,283,94,32,106,109,110,242,243,117,249,250,251,252,254
65,196,69,263,135,269,273,274,85,279,87,282,283,92,94,97,106,110,111,241,114,118,123
256,261,69,73,329,269,271,81,275,87,281,283,94,231,39,47,48,242,246,120,185,251
256,257,258,69,262,329,73,74,202,269,271,81,275,87,89,283,98,237,46,109,246,312,251
257,259,69,72,265,267,269,80,276,88,217,283,284,103,41,107,50,51,246,119,248,253,255
261,69,265,75,269,271,81,84,85,278,87,89,92,94,97,98,106,109,242,243,117,248,250,251
65,326,71,72,8,76,269,77,274,21,87,283,32,99,166,42,47,244,245,187,253,254
69,264,266,75,269,271,79,81,277,87,283,231,313,106,107,242,243,121,250,251,252,253,254
256,257,322,258,260,261,262,263,264,270,213,89,248,34,250,245,312,249,122,251,318
68,261,133,69,75,277,278,85,87,279,218,92,284,94,162,104,106,170,109,301,111,112,117,250,255
256,69,261,264,265,75,267,269,81,85,87,89,283,92,284,97,98,106,109,110,243,250,251,255
261,69,264,269,79,81,83,85,279,87,282,26,283,249,106,107,110,242,243,313,251,252,253,254
259,69,72,265,264,76,269,217,89,283,284,227,100,41,106,241,50,182,119,252,253,254,255
256,257,258,322,260,69,262,267,269,81,213,87,89,283,248,34,245,312,249,122,318
256,67,68,261,69,71,264,200,269,271,273,18,84,86,283,96,34,101,249,106,110,116,117,121,316,254
256,257,258,322,260,262,72,73,267,16,213,89,34,122,245,248,249,58,253,318,319
256,257,322,258,324,260,262,75,76,267,213,150,89,248,34,245,312,249,122,318
256,257,258,322,260,262,199,13,213,88,89,93,30,32,34,35,37,44,52,245,119,248,122,318,319
256,259,195,261,135,72,73,76,269,206,81,147,276,84,86,23,91,283,155,297,176,115,244,182,184,122,253,254
256,261,69,73,329,74,202,269,271,81,275,87,89,94,98,231,107,237,109,246,311,312,251
256,259,67,261,262,200,267,269,271,80,209,274,18,276,212,21,87,88,96,100,103,168,51,246,251
256,257,258,322,260,259,262,269,213,89,287,248,34,230,295,115,245,312,249,122,318
256,259,261,262,69,269,81,276,85,278,87,89,283,92,287,230,295,106,109,111,117,316,254,255
256,65,259,69,326,70,72,8,76,269,77,17,81,21,87,27,283,99,166,295,178,244,182,316,253,254
256,257,258,259,260,322,262,213,89,283,91,287,225,34,230,295,41,245,248,249,122,318
256,259,261,69,200,73,329,269,271,81,209,275,87,94,287,312,230,295,106,109,246,248,251
256,257,258,259,260,261,262,66,69,264,269,271,79,87,89,283,106,107,243,254,252,253,318
256,257,258,322,260,261,262,259,264,213,89,287,248,96,34,230,295,109,241,312,249,122,252,318,319
259,68,69,261,71,264,329,75,269,79,81,86,283,98,230,169,106,110,49,242,243,116,311,251,188,189,254
256,257,258,322,260,68,262,71,269,275,213,86,89,281,283,34,39,105,47,116,245,248,122,318,319
256,259,69,72,264,11,76,269,77,271,274,84,87,280,281,283,99,106,241,243,244,252,253,254
0,1,68,261,69,265,75,269,271,79,273,19,281,283,27,94,122,41,106,110,242,243,244,116,250,251
257,66,259,260,69,262,264,267,269,80,81,87,88,89,283,91,103,109,51,243,246,118,252
259,263,72,74,267,268,269,80,272,211,276,88,283,31,99,103,107,48,51,125,246,253
68,261,69,71,264,329,75,269,271,79,86,281,283,223,289,39,41,106,242,243,116,249,250,251,188,189,254
256,68,261,69,70,71,73,74,329,10,271,79,81,275,277,86,94,231,313,106,242,116,311,121,251
256,65,259,261,263,72,71,9,76,269,77,12,271,79,274,276,283,156,32,100,106,42,244,253,254
256,320,195,261,69,265,75,271,81,146,85,278,87,283,92,166,106,109,178,243,117,311,250,251,318
256,257,258,260,69,262,267,271,81,213,87,89,248,107,245,312,249,122,251,318
256,259,68,326,71,72,8,70,76,269,274,276,21,214,86,89,283,99,164,166,106,178,244,116,121,253,254
256,69,264,75,269,270,271,79,81,87,283,98,249,106,46,242,243,313,250,251,252,253,254
68,69,70,71,264,265,11,269,271,79,274,86,279,280,283,100,165,106,243,116,121,251,253,254
68,261,69,75,269,81,212,85,278,84,87,89,90,92,94,95,288,98,104,109,111,114,117,248,250
256,326,71,8,265,202,76,269,77,17,274,21,214,23,283,27,32,99,164,166,114,178,244,182,253,254
256,258,259,69,263,72,264,11,268,269,274,276,283,99,100,106,241,242,243,244,182,253,254
256,68,261,69,71,70,265,75,269,270,271,143,79,85,278,86,283,92,121,106,110,242,116,117,249,251
68,69,261,133,264,265,71,269,271,79,86,279,280,218,283,98,100,165,106,170,242,243,116,121,251
259,69,326,71,72,9,76,269,77,79,208,274,276,214,283,32,42,106,244,122,253,254
256,321,68,261,69,269,85,278,87,90,91,92,95,166,107,174,111,112,114,117,184,250,125
256,259,261,69,264,269,81,274,276,85,278,87,280,89,283,92,98,100,101,109,115,117,248,249,253,254
259,69,326,72,8,75,76,269,17,274,81,21,87,154,283,99,166,109,241,305,178,244,182,253,254
259,261,262,69,264,267,268,269,270,271,141,80,274,276,88,165,103,106,300,174,48,51,179,246
259,69,261,264,329,73,202,269,271,16,81,275,87,89,98,231,107,109,242,243,246,249,251
256,261,69,73,329,74,202,269,271,81,275,87,89,284,94,98,231,106,109,242,246,251,255
256,261,69,75,269,270,143,81,277,278,85,87,89,92,93,248,97,98,109,242,243,120,250,251
129,261,69,264,329,265,203,269,271,81,19,84,85,278,87,89,91,92,98,109,117,248,313,316,317
259,261,69,329,73,270,271,16,81,275,87,282,94,231,108,109,239,114,117,246,311,251
67,68,261,260,263,264,75,269,270,271,18,278,86,94,96,104,110,242,243,116,121,250,251
256,69,200,73,74,329,202,269,78,271,16,81,275,87,89,94,231,237,109,246,311,249,251
320,318,68,69,261,264,269,271,79,275,85,86,281,283,94,39,106,110,47,243,116,121,251,254
256,257,258,318,260,68,326,262,328,71,269,275,276,213,86,89,281,283,225,39,47,116,119,248,122,254
69,261,264,269,271,79,81,85,87,280,283,98,101,106,241,242,243,119,251,252,253,254
256,321,129,261,69,203,269,81,212,85,278,84,87,89,90,91,92,95,98,231,109,111,114,117,248
256,67,68,261,70,71,269,271,79,18,82,278,86,87,283,96,100,106,110,111,244,117,116,121,251,253,254
261,198,69,264,269,271,15,273,17,85,21,283,94,225,229,233,106,110,238,242,243,117,118,253
256,68,69,261,262,264,329,263,71,269,271,79,278,86,279,283,313,106,107,242,243,116,312,121,251
256,68,261,326,71,72,9,76,269,77,79,208,274,276,283,95,32,106,42,301,244,116,253,254
65,68,261,69,325,264,327,75,269,271,280,98,162,100,101,166,103,106,107,45,174,114,243,117,184,250,125
69,261,264,75,269,270,271,81,274,84,277,85,87,89,92,98,163,109,242,243,248,249,250,251
256,67,261,262,69,74,269,271,81,18,87,281,56,89,96,290,98,101,104,106,109,110,111,117,248,255
261,69,264,265,266,75,213,278,85,87,283,92,160,98,106,298,237,49,242,243,117,120,250,191
256,68,69,5,70,264,265,71,269,271,79,81,274,86,283,98,106,243,116,117,312,121,251,188,254,127
256,261,70,199,264,201,266,74,269,207,275,280,217,283,173,244,53,119,121,250,251,189
259,69,264,265,8,269,270,271,85,282,283,284,106,108,109,110,242,243,117,249,59,317
256,66,261,69,264,329,73,202,269,271,81,275,87,89,98,231,106,109,46,242,246,312,251
261,262,69,73,329,11,203,268,269,271,16,81,275,87,88,94,100,106,109,116,246,251
259,195,68,72,137,76,77,268,81,211,280,94,290,100,101,166,103,107,174,114,119,184,122,59,253,318
256,261,200,73,74,329,266,202,268,271,205,81,210,275,209,87,280,94,231,239,242,246,119,251
256,65,259,68,326,71,72,8,70,269,274,276,21,86,283,99,164,166,106,244,117,116,121,253,254,319
256,259,68,261,71,72,269,271,79,144,146,276,86,283,29,95,100,106,112,180,117,244,116,188,253,254
66,259,263,72,265,74,268,76,272,211,276,280,283,284,31,99,100,102,107,50,119,253,255
69,261,264,75,11,269,270,271,79,81,87,283,100,106,110,241,242,243,249,250,251,252,253,254
256,259,261,69,9,75,269,79,275,278,281,90,283,98,99,39,106,47,241,242,182,247,249,253,254
256,259,261,69,264,265,269,271,81,84,87,281,283,106,124,242,243,126,251,252,253,254
261,69,263,266,75,203,269,270,81,84,85,278,277,87,89,92,285,98,109,242,243,248,249,250,251
259,68,71,72,73,138,10,76,81,84,276,86,216,283,91,290,102,106,107,46,116,247,253
259,195,135,72,268,269,77,206,274,91,283,155,289,100,41,107,176,115,244,309,182,248,122,253,254,255
259,68,7,72,71,76,77,268,270,276,84,277,86,282,283,247,91,219,99,107,242,116,117,119,253
66,259,68,71,72,263,74,268,269,76,77,79,272,276,86,283,31,95,99,100,107,116,253,254
256,323,261,326,71,202,269,77,79,274,85,214,281,283,92,32,114,244,245,62,187,253,254
256,259,69,8,76,269,77,81,274,276,21,280,89,283,98,99,100,101,166,168,109,178,244,126,124,253,254
256,129,257,258,261,69,203,269,81,212,85,278,215,87,89,90,92,93,95,109,111,114,115,117,313
68,261,69,71,264,10,75,269,270,79,277,86,279,28,94,165,104,106,109,242,116,250,251,188
256,68,69,71,264,265,269,141,271,77,19,276,85,86,283,94,98,100,101,106,113,116,117,121,122,251,254
256,69,261,5,264,71,269,142,271,79,81,212,87,26,283,95,98,106,123,305,242,243,248,249,251,188,127
256,326,8,269,142,17,274,275,20,21,214,279,27,283,157,36,164,166,42,178,244,118,119,253,254
259,263,73,267,269,142,79,80,279,88,281,283,225,103,39,241,51,244,118,246,123,253,254
256,68,261,262,70,71,73,329,138,10,75,270,271,16,81,275,276,86,282,283,106,244,116,117,121,251
69,261,73,329,202,269,271,16,81,275,87,89,220,98,231,109,239,242,243,244,246,311,251
259,69,72,265,264,76,77,269,146,276,21,280,217,283,284,91,289,100,41,107,50,243,119,253
256,260,69,326,72,8,76,269,17,274,81,276,21,87,89,27,283,99,166,109,178,244,182,253,254
258,259,261,69,203,269,81,212,85,278,215,277,87,89,92,93,95,105,108,109,115,243,117,180,120
256,67,68,71,144,18,146,86,280,283,96,100,101,106,107,111,112,180,117,116,119,121,190,253,254
69,261,264,265,330,269,271,80,19,276,87,280,283,98,100,106,60,243,117,309,250,252,254
256,68,70,71,72,73,8,269,84,21,214,86,216,283,91,28,99,164,166,106,178,244,116,121,251,253,254
69,264,265,74,75,203,269,271,272,81,26,283,249,165,231,168,106,174,242,243,120,313,251,254
256,257,259,261,326,69,72,71,269,77,208,274,214,89,283,32,106,42,241,244,252,316,253,254
130,259,69,264,265,269,79,81,84,87,280,153,26,283,284,28,103,106,243,182,251,252,253,254
69,261,264,75,268,269,271,81,278,87,283,289,106,242,243,178,249,250,251,252,253,254
66,259,261,69,263,264,268,269,271,273,274,87,283,106,241,242,243,123,252,253,254
0,1,259,69,72,265,137,75,268,269,77,141,19,276,280,281,218,283,27,94,289,100,103,41,107,119,253
256,68,261,69,70,71,265,200,269,271,79,278,86,283,100,106,110,111,177,242,116,117,121,251
256,259,261,69,265,76,269,81,276,85,278,213,87,89,283,92,98,101,298,109,112,243,117,316,191
261,69,264,265,267,269,271,80,81,274,85,88,283,32,103,106,242,243,51,246,248,249,251,254
143,208,145,146,144,155,156,157,158,164,36,167,169,300,301,302,175,304,177,306,181,310
2,135,330,142,144,145,146,147,148,149,18,155,157,158,160,161,294,296,170,302,175,179,180
193,321,203,146,149,278,153,90,154,157,158,159,162,167,171,300,301,302,175,305,114,179,308,182,185
142,146,148,153,158,165,293,294,296,170,299,172,171,174,175,302,301,306,307,308,177,179,310
142,146,147,148,149,153,154,155,158,161,167,296,172,302,175,174,177,306,307,308,179,183
141,150,152,153,157,158,293,296,170,299,300,172,301,175,305,306,307,308,177
329,141,16,145,148,28,156,158,292,231,170,172,300,174,303,175,239,307,308,179,310,311,184,251
330,142,271,145,147,148,153,156,158,292,293,296,169,297,170,172,302,175,174,177,307,308,309,310,184
330,11,17,146,148,149,150,151,22,152,157,159,160,32,165,296,168,42,299,302,175,178,307,308,182
65,142,143,144,155,156,157,158,160,292,293,297,170,299,173,302,303,175,307,308,179,310,311,180,181
148,153,158,292,293,167,295,170,299,172,302,175,303,177,305,307,308,179,310,174,184
68,261,71,269,142,144,273,81,147,86,119,87,88,157,158,161,165,296,299,109,302,175,307,308,116,118,183,184
330,142,143,146,153,281,155,157,158,160,161,164,167,296,39,168,173,302,175,178,307,308,118
330,142,143,146,147,149,153,155,157,158,160,294,167,296,297,172,302,175,176,178,307,308,179,309,184
141,142,148,157,158,165,167,296,295,299,172,300,302,175,174,306,307,308,310,184
141,142,144,155,157,158,160,165,293,296,168,170,299,300,172,302,175,304,305,306,178,308,179,180
330,142,144,146,148,149,153,155,158,160,161,293,294,167,296,297,172,301,302,175,307,308,179
330,142,146,147,149,153,155,92,158,161,296,297,169,299,170,174,175,178,307,308,309,54,310
72,73,330,142,144,146,148,150,151,152,159,160,161,162,165,296,168,302,178,307,308,182,55,185
141,142,146,147,149,150,152,153,154,155,157,158,160,161,296,299,300,302,175,177,306,179
330,142,144,146,147,148,149,153,155,158,160,161,296,170,172,302,175,174,307,308,309,310,184
330,142,145,148,158,292,293,170,299,172,300,302,175,303,177,174,307,308,310,184
128,148,154,158,292,165,293,167,296,170,299,172,171,302,175,174,305,303,179,308,307,310,184
323,134,135,73,138,329,275,150,151,152,30,32,34,35,165,167,168,300,174,303,239,308,52,182,311,126,127
0,129,2,3,196,12,19,150,151,152,285,159,161,162,34,165,168,171,43,111,112,307,308,182,55,316
330,142,144,146,148,149,153,154,158,159,160,161,167,296,172,302,175,305,307,308,179,182,183
141,148,158,292,293,167,169,170,299,172,171,174,175,303,306,179,308,307,310,184
65,143,144,88,155,156,157,158,32,161,164,294,167,169,298,297,173,302,175,178,307,180,53,179,181
141,145,146,147,149,155,157,29,158,159,165,293,294,296,298,299,300,174,175,304,178,307,308,184
7,329,266,16,81,275,19,150,151,152,28,159,292,165,168,46,303,239,302,175,47,308,179,182,311,186,251,316
2,4,330,142,144,146,148,153,155,157,93,158,161,38,296,298,302,175,178,307,308,181,61
330,141,148,153,158,292,293,167,170,299,172,300,174,175,302,305,306,307,308,303,310,179,184
330,142,144,146,148,88,153,155,157,158,296,297,170,299,300,172,302,175,174,178,307,308,310
329,10,145,81,147,148,154,156,158,292,293,294,231,167,172,237,174,303,239,177,175,307,308,179,311,184,251
129,65,330,142,144,146,147,153,155,157,158,296,169,299,173,302,175,307,308,180,181,311,184
141,142,144,146,147,148,149,153,155,157,158,160,161,294,296,41,170,300,173,302,175,176,179,180,181,183
321,330,144,154,155,157,158,160,161,163,293,166,167,170,171,172,301,299,175,305,179,308,180,311,185
1,193,321,330,203,268,142,209,148,212,87,151,153,158,32,162,165,168,171,175,114,115,307,309,50,61
68,261,71,142,144,146,147,148,86,87,153,281,155,31,160,161,296,302,110,112,178,307,308,180,116
322,258,324,262,145,148,213,149,89,154,158,34,312,166,295,167,297,170,171,172,301,174,175,179,310,248,318
4,330,142,146,211,148,147,150,151,152,153,155,157,31,160,159,99,165,296,168,302,47,175,178,307,308,182,62
330,142,143,147,148,149,153,154,157,158,167,296,298,171,172,302,174,175,178,307,308,179
330,142,146,147,148,88,153,155,158,297,170,299,172,302,175,174,306,243,308,178,310,184
141,148,158,292,293,165,295,167,170,299,172,171,174,175,303,306,179,308,307,310,184
128,130,131,132,133,134,135,136,329,138,10,140,139,16,81,275,286,291,231,237,239,311,123,124,126
128,130,131,132,133,136,137,138,139,140,23,285,286,288,289,290,291,123,124,125
128,129,321,195,132,130,134,131,133,136,139,140,285,286,289,291,117,123,124,126,127
128,130,323,131,133,134,135,328,329,138,73,136,139,140,287,288,290,291,124,122,123,316,126,127
128,130,131,132,133,134,135,136,329,138,73,140,139,16,275,285,286,288,290,231,239,123,125,126
128,130,131,133,326,8,137,138,139,136,17,21,23,27,221,286,289,42,178,244,122,123,188,127
128,129,130,131,132,133,6,136,138,139,140,285,286,288,289,290,291,123,127
128,0,66,130,131,132,133,136,265,137,139,140,144,28,285,286,288,289,290,291,123,50,59,125
128,130,131,132,133,135,136,137,138,139,140,23,285,286,288,289,290,291,122,123,124,125
128,129,130,323,131,133,326,134,132,136,138,139,140,286,289,291,124,244,123,316,317,126
128,130,131,132,133,135,136,137,138,139,140,285,286,288,290,291,244,123,124,125,126
128,130,323,131,133,134,135,132,329,73,138,140,74,136,139,275,151,216,94,286,288,291,239,123,126
128,130,131,132,133,134,135,136,137,138,139,140,286,289,291,122,123,124,125,126,127
128,129,130,131,323,132,133,135,136,138,139,140,286,288,290,291,122,123,124,127
128,130,131,132,133,135,136,139,140,285,286,288,289,290,291,123,124,125
128,129,130,131,132,133,136,139,140,285,286,288,290,231,313,123,125,127
128,129,130,323,1,131,132,133,136,137,138,139,76,140,209,285,286,288,289,290,291,122,123,124,126
128,130,131,132,133,135,136,137,138,139,140,286,289,290,291,122,123,124,125,126,127
128,129,130,131,132,133,136,137,138,139,140,285,286,288,289,290,291,122,123,124,125,127
128,129,130,131,132,195,323,133,136,137,138,139,140,278,285,286,288,289,291,122,123,127
128,129,321,131,132,323,130,133,134,136,203,139,140,212,278,285,288,291,111,54,123,124,126,127
128,2,130,131,132,70,199,136,201,266,135,133,139,140,207,217,285,286,288,290,173,53,123,189
128,130,195,131,132,133,135,197,137,136,139,140,23,286,288,289,290,291,44,244,122,123,124,126
128,129,130,131,132,133,136,266,138,140,139,285,286,288,290,232,121,123,189
256,129,322,323,131,258,128,130,200,132,133,136,139,140,221,285,287,288,286,123,236,122,315,127,318,319
128,130,131,132,133,135,136,137,139,140,23,285,286,287,288,289,290,291,122,123,124,125,126
128,130,131,132,133,136,139,140,285,286,288,289,290,291,123,124,125
128,129,130,131,132,133,134,135,200,136,138,139,140,275,285,94,286,288,231,123,239,251
128,2,130,131,133,134,199,136,201,266,132,139,140,217,286,291,173,123,124,189,126,127
128,65,130,131,132,133,134,136,137,139,140,286,287,288,289,290,291,233,123,122,59,124,125,126,127
194,324,197,326,327,199,329,200,9,205,208,209,210,212,213,214,215,27,106,312,313,314,187,317,190,191
194,319,197,327,200,329,199,201,202,205,207,16,81,208,275,209,210,213,215,231,237,187,239,312,314,251,191
191,194,324,197,326,327,199,329,328,201,202,205,80,209,210,213,214,215,186,312,314,187,317,190,319
191,194,197,326,327,199,329,201,203,202,205,207,208,209,210,212,213,214,215,314,187,317,190,319
256,318,322,323,194,260,328,205,209,145,210,213,215,89,221,287,236,187,245,122,315,126,319
191,194,324,326,327,199,329,201,205,208,209,210,145,213,214,215,314,189,312,186,187,316,317,190,319
256,322,258,324,194,199,200,328,72,74,205,209,210,213,215,221,34,312,187,248,314,315,317,318,319
256,322,323,194,197,134,327,200,329,73,138,74,199,201,202,205,81,209,275,210,213,215,94,231,187,312,251,191
192,191,194,323,326,199,200,329,138,328,73,202,205,208,209,210,275,213,214,215,315,188,187,316,319
322,323,195,326,199,200,201,328,327,202,205,207,208,210,214,217,167,187,189,315,316,317
256,322,323,195,194,328,202,205,209,210,211,213,215,217,221,230,187,245,313,122,315,316,126,319
194,324,326,199,328,329,72,202,205,78,209,210,275,213,214,215,216,152,94,46,316,312,314,187,188,317,319
194,324,5,197,327,199,329,201,9,205,208,209,210,213,214,215,216,317,313,314,187,189,190,191
194,319,326,199,329,201,205,207,209,210,213,214,215,217,283,167,316,314,317,188,189,190,191
194,326,199,328,329,205,208,209,210,82,213,214,215,283,94,241,244,316,314,187,188,317,190,191
257,322,258,260,194,134,199,328,267,205,209,210,213,215,89,221,287,230,187,51,245,122,315,318,319
322,323,324,194,67,198,200,329,199,203,205,209,210,18,213,215,96,251,242,312,313,314,187,317,318,191
195,323,197,326,68,328,261,69,269,205,209,81,210,87,88,89,98,186,106,109,188,116,314,187,316,317,190
320,194,195,197,326,199,328,329,201,202,269,205,209,210,213,215,283,34,314,316,186,187,188,317,190,191
194,324,196,326,327,197,329,199,203,201,202,205,207,208,209,210,212,213,215,314,312,313,186,187,317,191
192,194,323,195,326,328,200,202,204,205,208,209,210,214,215,32,187,190,188,122,315,316,317,318,191
194,195,197,326,199,265,201,204,205,209,210,148,213,214,215,227,176,183,186,187,188,317,191
129,2,323,195,194,326,197,200,201,199,135,205,209,210,212,213,215,38,317,314,187,316,189,190,191
65,194,195,197,326,328,329,205,81,210,211,209,213,189,215,291,107,190,316,182,186,187,188,317,318
320,194,197,326,199,328,329,201,202,205,208,209,210,213,214,215,186,316,312,314,187,188,317,190,191
66,195,259,194,326,199,72,205,207,209,210,211,213,214,215,216,217,289,41,107,119,186,187,316
256,194,67,261,198,199,267,205,271,80,81,209,18,210,213,215,88,96,103,106,187,51,246,248,249,251
321,129,195,196,194,326,197,328,199,201,203,202,204,205,209,210,212,213,278,215,285,117,187,191
321,129,195,196,194,197,199,201,203,205,209,210,212,213,278,215,89,285,111,114,117,312,186,187,191
256,194,323,326,199,328,329,200,73,138,202,205,145,210,209,213,214,215,216,287,236,315,187,316,319
256,191,322,323,194,197,199,200,329,73,138,201,202,205,208,81,210,275,209,213,215,237,239,312,187,319
2,326,72,137,328,205,209,210,211,214,215,216,289,290,166,103,107,187,53,119,186,59,316
320,194,324,197,326,199,328,329,201,202,205,208,209,210,213,215,186,316,314,187,188,317,190,191
1,194,195,323,321,326,199,328,201,204,205,209,210,211,213,214,87,215,89,61,187,316,317,190,191
320,321,194,324,326,327,199,329,328,203,201,205,209,210,213,214,215,156,188,189,314,187,316,317,191
191,194,326,199,200,329,138,74,10,202,205,209,210,275,213,214,215,216,28,46,188,312,186,187,316,319
129,321,323,195,194,197,199,328,201,202,77,206,205,209,210,273,212,213,278,215,285,291,244,117,187,316,191
322,194,200,329,73,10,74,202,205,81,210,275,209,213,215,231,40,42,237,187,239,177,311,312,251,188,189
256,257,322,258,324,194,197,198,328,200,199,201,191,205,209,210,213,215,89,34,187,312,315,318,319
256,321,322,323,324,194,197,199,200,328,329,203,201,205,191,209,210,213,215,312,186,187,317,318,319
320,194,326,199,328,329,201,205,208,209,210,213,214,215,25,314,47,188,186,187,316,317,190,191
193,129,194,197,327,200,201,199,203,205,209,210,212,213,215,222,231,234,314,187,60,189,191
256,129,194,323,68,261,67,198,200,199,203,75,205,209,18,210,212,85,213,215,94,159,96,34,314,187,317
66,259,194,197,199,72,201,74,202,268,205,208,209,210,211,213,214,215,216,31,186,187,191
191,194,195,197,326,199,72,329,201,205,209,210,211,148,213,214,215,176,316,183,186,187,188,317,319
191,194,323,324,197,326,199,328,329,200,205,209,210,211,213,214,215,94,314,187,316,319
321,129,323,194,197,199,201,203,75,205,209,210,212,85,278,213,215,94,104,111,52,117,187,316,317,191
320,322,194,324,326,329,9,205,208,209,210,211,213,214,215,98,190,314,187,316,317,318,191
191,322,194,197,326,327,200,329,73,199,201,202,205,81,209,275,210,213,214,215,231,237,187,239,311,312,251,319
0,322,323,324,195,326,3,328,200,325,327,12,205,209,210,213,85,215,223,289,60,122,315,316,317,318,319
191,322,323,194,197,199,200,329,73,138,74,201,202,205,207,81,208,275,209,210,213,215,231,237,239,312,187,319
322,323,194,197,199,200,73,138,329,74,140,201,202,205,81,207,275,208,209,210,213,215,231,237,239,312,187,191
256,191,322,258,324,194,197,199,200,329,328,201,202,205,208,209,210,213,215,221,312,236,187,248,315,318,319
194,324,197,5,327,326,329,325,199,201,205,208,209,210,213,214,215,186,312,314,187,316,190,191
129,194,323,195,197,326,199,328,201,202,205,206,208,209,210,213,214,215,283,188,244,187,316,317,190,191
194,324,197,327,199,329,201,203,202,205,208,209,210,213,214,215,222,43,312,313,314,187,317,191
193,194,324,197,326,327,199,329,201,203,205,208,209,210,213,214,215,30,224,317,237,314,187,189,191
193,194,324,325,197,327,200,199,201,203,202,205,209,210,212,85,277,215,213,109,312,314,187,191
194,323,135,72,329,138,202,75,205,76,208,209,145,210,214,215,216,287,236,187,315,188,126,319
192,322,323,260,326,328,202,205,208,209,210,275,213,214,89,221,39,187,47,48,122,315,188,317,318
194,323,197,199,200,201,266,327,202,205,209,210,275,213,215,222,231,237,239,53,314,187,189,191
129,194,197,198,326,199,329,266,265,201,205,208,209,210,85,214,213,215,279,234,43,238,314,187,317,191
192,194,323,195,326,71,200,328,202,205,208,209,210,214,215,279,283,315,244,182,187,188,191
256,192,194,323,195,67,326,328,200,202,205,208,209,18,210,214,215,282,283,221,96,244,122,187,188
320,128,321,195,192,194,326,328,202,204,205,208,209,210,214,215,27,123,314,188,186,187,316,317,190
256,322,323,194,261,197,199,200,201,205,270,15,209,210,275,213,86,215,111,112,242,116,313,187,191
66,259,195,194,72,268,205,209,210,211,275,214,215,217,289,107,172,119,313,186,187,316,189
256,191,322,194,324,197,327,200,328,199,201,202,205,209,210,213,215,300,187,312,314,315,317,318,319
320,194,324,197,327,199,329,201,203,202,205,208,209,210,212,85,214,213,215,216,312,313,314,187,317,191
128,321,129,193,194,197,199,201,203,204,205,209,210,19,212,85,278,215,213,89,285,117,314,187,191
191,194,131,323,199,200,329,328,201,205,209,210,275,213,215,34,231,46,239,189,312,314,187,317,319
191,322,323,194,197,326,199,200,329,74,201,202,205,81,209,275,210,213,214,215,231,237,187,312,251,318,319
256,322,323,194,195,71,200,73,329,138,202,205,81,210,275,211,213,209,215,221,237,187,315,189,318,319
191,194,326,199,72,329,205,208,209,210,211,213,214,215,216,186,53,316,118,314,187,188,317,190,255
193,129,321,196,195,194,197,199,201,202,203,205,207,208,209,210,212,85,278,215,213,285,187,191
128,129,194,261,326,198,197,199,201,203,202,205,207,208,209,210,212,85,213,215,285,314,187,317,190,191
256,129,1,323,195,194,326,67,328,200,74,199,205,209,210,18,213,214,215,282,96,112,187,316,189,190,191
256,194,323,322,325,258,327,200,328,205,209,145,210,213,215,221,287,236,187,315,318,319
199,200,201,266,327,205,207,208,209,210,215,217,222,121,231,167,173,117,189,313,314,187,317,191
192,194,323,195,326,328,200,9,202,205,208,209,210,214,215,217,221,187,316,186,315,188
