320,5,133,22,218,222,30,32,95,35,229,232,170,43,240,52,54,312,316,317,191
5,261,329,269,16,276,87,26,219,28,221,31,236,237,46,63,56,61,191
3,323,198,328,200,9,12,24,220,222,288,225,34,226,293,233,43,238,50,58,187
322,3,7,12,205,219,221,34,229,230,38,236,46,47,315,56,57,187,61,319
64,322,5,200,13,213,222,30,32,34,229,37,231,40,44,45,238,52,316,317
322,3,4,324,12,24,223,225,34,229,230,39,233,43,239,55,315,319
0,320,66,5,327,222,30,224,229,230,231,234,43,45,238,54,313,316,62
320,0,1,3,15,17,213,21,27,222,223,32,225,229,313,238,51,54,121
5,6,198,9,213,23,24,220,222,226,35,293,231,40,43,238,50,53,55,187
0,66,6,198,8,265,209,281,218,90,284,289,227,39,231,233,43,302,50,118
321,193,195,196,66,5,203,206,19,23,155,222,32,224,228,230,232,234,51,54,61
1,322,261,12,17,22,218,27,222,30,225,34,35,229,230,231,232,238,248,318
257,258,322,260,66,262,5,12,89,30,224,33,34,229,230,234,45,51,54,122,62
5,329,138,10,140,16,81,275,218,230,231,233,43,237,238,239,54,311,251
64,3,324,261,8,12,17,22,218,223,33,227,228,229,232,238,117,59,61
320,3,4,200,12,24,225,34,229,233,43,238,175,47,239,55,314
320,324,261,5,21,222,30,224,230,231,234,43,45,238,239,243,54,313,317,62
257,66,260,261,5,271,20,89,32,312,229,230,234,235,174,49,50,51,54,248,317
322,323,6,12,145,219,221,287,97,34,230,236,46,56,315,61,319
66,5,73,10,138,140,74,16,81,275,160,32,230,237,303,49,51,53,246,54
3,5,327,136,9,17,212,222,223,224,226,229,230,231,234,43,238,313,187
0,3,4,329,10,138,16,275,24,26,27,34,231,39,233,43,237,239,246,55,251
321,193,129,196,7,203,206,209,19,83,154,31,105,235,111,240,112,117
69,263,264,269,273,89,281,283,225,99,106,241,243,123,252,253,254
259,68,261,5,263,69,268,271,274,87,98,99,177,242,243,305,313,123,188,127
257,260,261,262,69,264,269,271,79,87,89,283,248,106,243,245,312,252,253,254
71,8,12,269,77,79,274,216,27,283,32,99,244,245,187,188,253
257,258,260,5,262,71,136,267,269,77,89,283,32,98,244,245,187,127
198,73,10,74,267,16,81,80,275,87,88,91,237,239,51,246,251
257,258,261,7,74,268,269,79,80,15,276,84,280,91,283,92,93,291,242,247
257,258,260,261,262,69,264,267,269,271,81,89,283,92,32,97,114,243,245,248
257,258,260,262,200,271,213,89,312,243,245,248,249,122,318
260,261,135,264,263,203,270,212,85,92,95,107,109,114,115,117,120,250,251
260,263,264,73,74,10,270,81,275,87,283,231,237,239,246,311,250,251
264,265,328,79,273,281,90,89,284,289,227,41,241,308,119,252,253,254
69,72,265,269,79,274,280,217,90,283,99,41,241,50,182,119,253,254
269,79,80,274,275,88,89,281,283,39,106,47,241,51,246,119,252,253,254
259,325,69,71,266,268,269,271,81,87,88,89,284,95,98,109,115,121,190,255
256,320,69,261,264,269,143,271,277,85,283,106,110,243,120,121,252,254
257,258,322,260,261,262,267,88,89,93,30,32,35,229,44,52,245,248,318
257,258,322,260,262,267,88,89,93,30,32,35,229,230,180,245,52,248,122
257,258,259,260,322,262,267,278,89,287,230,295,108,109,245,248,122
256,257,258,322,260,261,267,269,275,89,281,229,39,47,245,248,249,122,318
257,258,260,261,262,324,69,264,269,271,278,89,283,93,248,106,243,312,318
257,258,322,260,261,262,203,271,89,112,245,248,249,122,318
65,259,263,264,74,266,268,211,278,25,31,99,232,109,47,48,241,250,251
320,260,69,261,263,264,269,270,273,279,96,106,243,252,249,250,251,316
2,66,265,79,213,90,283,284,289,227,103,106,302,50,119,253,126
70,71,199,201,266,74,263,88,217,92,160,97,167,53,121,251,62
257,258,322,260,262,267,271,80,88,89,184,287,97,51,245,246,248,122,318
66,259,263,74,268,272,211,31,99,232,109,48,242
256,326,71,269,77,208,274,276,214,281,283,32,163,39,47,244,245,121,187
257,258,260,262,263,264,270,271,89,282,248,250,243,245,117,312,122,251,318
256,257,258,323,69,262,200,269,142,271,81,275,87,89,229,109,239,177,245,248
66,259,263,74,268,271,272,80,211,31,99,232,48,116,122
69,263,328,77,269,79,273,279,87,281,225,106,176,241,304,308,117,252,253,254
256,192,259,269,77,79,78,274,83,82,90,283,96,99,102,103,108,113,114,244
73,10,74,138,202,269,16,81,275,281,91,36,39,172,237,47,246,251,189
7,73,74,269,79,276,84,86,87,280,91,92,289,100,101,237,116,246,247,121
261,69,203,269,81,212,277,85,87,89,92,93,95,98,109,116,120
128,0,1,261,263,19,83,85,278,84,281,27,92,94,105,109,111,112,117,185
257,69,142,271,210,84,279,89,281,157,225,39,104,106,301,110,117,118,245,252
69,264,269,276,85,277,280,216,283,98,106,243,244,117,119,254,191
198,263,265,204,269,142,274,275,281,90,283,159,39,124,241,245,118,252,253,254
65,259,68,5,262,200,74,268,79,271,276,84,86,282,26,108,109,116,246
69,326,71,269,77,208,274,213,214,283,32,251,241,244,245,187,253,254,191
256,255,5,69,264,269,79,274,276,282,26,284,283,106,243,252,254,191
128,129,130,131,132,261,133,136,203,139,140,83,19,85,278,285,286,240,123
192,128,130,131,132,133,136,265,201,139,140,286,287,289,39,42,55,56,57,123,125
128,257,129,131,258,130,133,134,136,267,139,140,287,288,34,229,122,123,127
128,130,131,132,133,134,136,137,139,140,286,288,290,123
128,66,130,131,133,137,138,90,31,289,41,48,122,124,125,126,127
128,130,131,133,136,137,139,140,218,286,289,290,291,233,107,123,122,59,125
128,66,259,130,133,131,136,268,31,288,289,291,232,48,123,124,125,126
10,16,275,147,148,156,184,158,292,170,172,237,174,303,175,306,246,311,310,251
143,144,145,146,147,148,157,158,293,294,295,296,297,172,302,174,304,175,179,310,184
144,146,147,150,158,160,293,294,296,297,171,299,174,175,305,306,179,307,308,184
258,330,143,145,148,89,158,292,295,168,297,299,172,174,175,179,309,310,184,122
145,148,149,153,158,293,294,295,296,169,297,299,301,302,177,307,179,308
257,330,143,144,145,88,155,158,34,293,294,295,296,297,301,178,307,179,309,310
330,144,145,147,148,149,153,155,156,158,160,296,169,298,170,302,174,175,179,180
142,144,145,148,158,160,292,294,295,296,299,172,173,302,175,174,307,310,184
141,144,145,150,152,153,158,99,296,299,300,302,175,305,177,307,308,309,306,179
71,203,146,149,154,158,95,164,104,297,170,171,168,301,302,305,306,178,179
65,66,143,144,145,146,155,157,158,160,161,164,296,169,299,301,302,175,304
330,145,148,156,158,292,166,167,297,172,173,174,303,175,305,309,310,311,184
197,330,143,146,147,155,156,164,166,297,169,301,302,304,178,307,180,181
5,141,142,144,154,155,158,160,170,299,300,172,302,175,174,305,178,306,308,180,186
141,145,147,149,150,152,153,158,292,171,300,174,175,177,178,306,179
330,145,148,149,158,164,294,295,296,297,172,174,175,178,307,308,309,184
328,330,141,145,148,158,295,296,300,172,174,175,307,308,309,184
330,141,142,145,147,155,158,296,169,170,172,175,307,308,309,184
258,322,145,148,184,158,248,292,295,297,170,172,174,175,179,309,310,312,122,318
10,138,140,144,146,275,23,155,156,158,292,231,169,170,303,175,178,180,246,311,251
257,322,194,260,204,205,209,210,213,215,312,103,187,248,249,186,315,317,318,319
66,323,194,195,263,268,205,209,210,211,213,215,31,232,48,313,187,124
320,193,319,199,200,327,201,205,208,209,210,213,215,60,189,314,316,317,191
322,323,199,200,201,202,12,208,213,214,22,221,32,34,230,187,245,315,319
320,324,198,328,76,205,209,210,213,215,222,162,165,186,314,317,316,189,191
257,322,194,324,200,328,205,206,14,209,210,213,215,217,34,312,315,317,318,319
257,322,258,260,195,262,200,205,208,81,210,211,209,213,215,89,312,229,181,248,318
322,194,324,262,199,328,205,209,210,213,215,312,315,248,314,187,317,318,319
320,194,324,327,199,205,208,209,210,213,215,313,314,187,316,317,318,191
321,193,195,196,203,204,205,206,209,210,212,28,171,114,115,61
257,322,258,199,200,201,202,327,205,210,211,213,89,217,34,315,187,317,318,319
320,194,323,324,261,197,199,200,12,205,271,209,210,213,215,223,313,187,317
322,194,324,319,198,200,328,203,205,209,210,213,215,94,43,187,315,317,191
194,324,325,327,199,205,209,210,213,87,215,93,97,228,109,120,187,316,61,191
192,323,326,200,202,205,208,209,210,214,187,47,53,315,188,319
65,322,324,325,199,327,202,205,208,209,210,213,215,26,188,313,314,317,316,189,191
323,195,196,328,201,330,200,205,206,210,220,233,307,308,309,316,188,319
194,329,202,138,10,11,205,16,81,209,275,210,216,90,26,231,239,187,188,189
256,258,323,200,74,10,77,271,81,275,85,98,41,239,177,116,246,54,251
69,73,10,138,74,16,81,275,277,87,280,91,237,246,119,251
69,73,10,138,269,81,275,277,87,292,231,237,109,48,246,311,251
0,64,135,73,10,138,329,16,81,275,19,39,231,43,237,239,246,183,120,59
320,64,3,69,8,12,16,23,225,33,227,229,232,233,42,238,117,59,252
257,322,3,262,12,271,145,213,223,161,34,312,226,229,35,289,248,185,122,60,318
66,195,323,6,199,9,201,207,145,221,287,230,39,233,43,236,238,50,59
2,66,5,70,199,201,265,266,207,217,157,35,230,231,43,173,50
3,4,7,12,276,24,26,219,223,34,40,233,42,43,47,239,55
320,64,5,200,329,13,16,275,222,30,32,37,231,40,44,45,238,239,52,251
199,200,7,10,16,275,213,222,31,38,231,42,237,238,239,46,48,53,56,251,60,61
323,5,9,12,214,221,222,32,224,34,230,40,234,43,236,51,244,54,187
0,6,9,144,211,84,216,219,91,102,231,59,43,236,46,238,49,180,187,63
320,66,324,5,199,23,222,30,32,224,230,231,40,234,43,238,51,54,316,317,191
66,3,323,5,200,271,213,222,32,224,229,230,231,37,234,44,238,239,51,54
66,5,199,14,19,213,88,284,222,223,224,32,230,234,238,51,54,317,190,255
128,193,64,261,5,203,16,210,19,212,21,215,223,162,230,234,43,238,240,51,54
192,67,4,326,7,9,148,149,22,23,221,286,38,42,46,47,48,55,56,187,61
66,328,9,16,19,23,24,222,224,225,230,39,232,233,234,43,187,238,308,55,59
3,4,263,12,205,24,223,225,34,233,43,238,47,48,239,55,313,190
3,4,10,138,12,16,275,24,26,34,231,233,43,239,47,55,251
64,1,324,5,261,203,12,19,22,218,27,30,34,35,229,230,232,238,52,317
66,261,5,328,10,273,18,19,278,223,288,225,229,230,231,233,43,238,241,188,54,252
320,0,132,69,9,142,30,222,224,225,230,40,234,43,45,238,313
320,1,0,5,6,15,213,22,218,30,32,35,229,231,232,43,240,52,54,312,249,191
2,66,5,199,201,266,88,217,222,224,36,230,167,231,234,173,51,53,54,121,189
3,324,5,4,24,26,223,34,39,232,233,43,238,47,239,55,313,191
66,3,203,12,16,17,211,26,31,223,289,225,161,42,238,48,313,60,63,191
64,3,8,11,12,17,22,23,221,225,34,33,227,233,42,43,236,47,55,59
0,66,135,138,10,279,26,218,227,230,231,39,233,43,237,303,55,57,253,126
135,73,10,138,329,74,207,16,81,275,231,233,43,237,246,59
0,66,2,4,209,149,218,27,284,289,100,38,39,43,238,239,50,55,56
320,64,5,9,204,82,28,30,222,224,33,59,234,43,238,187,317
64,130,2,5,198,7,135,23,216,26,27,230,231,43,238,244,54,56,59,317
320,261,8,16,17,210,22,218,224,225,227,228,233,106,234,43,238,240,54,314,63
64,322,3,261,200,12,16,210,19,215,225,34,33,229,230,232,43,110,238,59
257,322,260,200,12,142,16,17,22,89,225,34,229,230,232,233,43,238,309,318
66,5,135,73,10,138,140,16,81,222,224,228,230,231,234,237,303,51,246,54
193,66,323,195,321,5,203,206,209,19,23,91,155,32,230,232,235,51,54
324,5,198,261,7,8,218,26,219,30,224,227,230,234,43,170,45,317,62,191
320,0,64,2,3,5,134,12,282,222,30,227,230,231,232,171,43,240,59,191
320,66,5,327,213,215,222,32,224,230,231,234,44,49,51,54,312,316,317
320,3,4,69,263,200,12,24,25,223,34,43,238,47,48,239,55,313,314
1,143,16,19,20,22,218,222,288,225,34,229,230,233,43,238,310,185,125
0,66,5,6,12,79,19,32,289,34,37,230,39,236,44,50,51,54,60,317
193,321,2,67,6,7,135,203,212,23,26,223,31,39,240,50,53,56,57,60,61,63
322,5,200,329,12,21,222,224,225,34,229,230,40,233,234,43,236,238,54
327,7,329,10,16,275,219,221,38,231,236,237,46,239,48,56,57,61
2,5,198,327,135,329,10,138,16,275,230,231,59,43,238,239,246,251
0,3,5,7,203,213,218,284,29,227,231,39,233,43,54,56,313,59,124,191
3,4,10,12,275,24,223,34,231,233,43,237,239,47,55
321,66,195,323,196,5,201,203,206,209,19,23,217,155,32,230,44,51,54
67,5,6,205,208,18,19,92,32,33,162,230,166,174,51,52,54,55,56,57
320,261,5,198,329,11,213,90,26,222,223,34,231,39,43,238,118,314,317
322,323,3,66,5,200,271,213,23,222,223,32,224,30,230,231,234,44,238,239,51,54
64,66,3,5,14,17,23,223,32,225,34,33,229,230,233,238,241,51,54,59,62
66,5,329,138,10,140,16,81,222,30,224,230,231,234,237,45,239,51,54,251,62
128,0,2,196,261,5,203,145,19,83,278,223,230,39,231,233,43,238,240,51,117,59
128,321,193,64,66,261,5,203,19,85,30,224,230,234,43,108,45,240,114,54,62,63
5,138,10,140,74,16,81,275,226,35,230,231,43,237,238,239,54,311,251
324,5,8,203,16,19,22,26,219,218,225,227,231,233,42,43,238,317,63
66,5,199,200,266,14,213,88,222,30,32,225,228,230,231,167,234,45,51,54,121,317
0,1,323,4,8,11,12,14,214,25,26,27,29,34,41,42,47,58,187
261,69,269,81,83,85,278,89,92,98,105,109,112,117,120,249
320,192,324,69,261,264,269,276,279,283,94,289,41,106,241,243,252,117,249,316
257,258,260,261,262,278,89,93,248,229,243,116,245,312,249,122,318
323,69,200,10,268,76,269,271,81,275,87,89,282,109,177,243,246,251
256,261,69,267,76,269,80,277,88,95,165,41,106,108,243,51,117,246,120,121,252
2,70,199,201,266,268,207,217,173,53,121,189
69,264,266,269,273,276,85,279,281,285,160,106,237,241,49,243,117,120,252,253,254
255,69,265,76,269,79,273,274,90,283,284,289,227,41,50,119,253,254,127
69,269,79,274,275,276,279,281,283,165,39,106,47,241,117,316,186,252,254
260,263,264,73,10,140,270,16,81,275,87,231,104,237,48,246,311,250,251
69,264,11,269,273,279,87,283,106,241,243,117,121,314,252,253,254
69,73,10,138,266,202,16,81,275,276,89,98,231,237,109,115,246,251
261,135,138,83,85,278,87,92,95,289,105,111,112,178,51,115,117,118,122,127
256,258,259,68,135,200,71,74,267,10,271,274,86,89,99,243,116,245,250,253
69,135,73,10,138,74,269,16,81,275,87,218,107,237,109,246,251
256,5,261,69,264,269,276,85,89,283,157,106,43,110,241,243,117,249,252,254,191
326,8,269,77,274,85,214,21,283,98,99,164,166,41,244,245,116,187,188,253,254
259,68,5,79,80,274,276,85,277,214,280,89,282,106,241,116,119,252,191
324,261,68,199,71,69,266,76,12,79,213,86,279,88,167,106,242,116,121,190,255
68,261,262,71,203,212,85,86,87,92,95,104,106,109,112,114,115,116,117,120,121
257,322,258,260,68,262,71,267,86,89,106,243,116,245,248,249,122,251,318
69,264,269,79,81,274,276,280,281,283,284,32,99,165,241,243,182,253,254
258,260,264,73,10,138,270,81,275,231,172,237,239,180,246,249,250,251,189
265,269,77,79,206,274,281,90,283,284,155,32,101,41,47,305,115,119,122,253,254
320,69,261,70,264,141,269,79,85,87,98,106,42,298,243,117,249,316
257,260,261,69,262,68,70,71,269,86,89,121,41,106,47,243,116,245,248,249
71,8,9,269,274,21,214,87,283,32,99,164,166,40,42,244,245,187,188,253
256,257,258,322,260,262,71,267,269,275,89,281,32,47,244,245,122,315
323,71,269,77,142,271,274,214,22,88,89,283,27,30,32,35,44,244,245,52,187,188
257,258,322,260,262,71,267,269,77,89,281,32,289,178,245,248,122,315
256,257,258,260,262,71,267,269,77,89,283,32,243,245,248,249,122,315
256,257,258,71,7,267,269,14,274,283,221,31,47,48,244,245,53,57,315,60
258,323,71,200,74,267,12,269,77,271,274,218,283,32,244,245,187
69,326,71,8,269,17,274,21,214,87,27,283,99,166,42,178,244,182,187,188,253
68,71,8,73,10,269,274,21,86,283,99,164,166,244,245,246,116,187,188,253
257,258,262,71,73,267,76,269,274,89,283,94,244,245,248,249,122,188
0,71,8,73,202,269,274,19,27,283,94,99,166,39,244,245,246,120,187,188,253
8,73,202,138,269,81,274,21,283,289,99,166,40,46,244,245,246,122,188,253,127
192,262,71,8,73,202,269,274,21,283,91,94,99,166,178,244,245,246,188,253,254
69,73,10,74,202,81,275,87,237,109,244,246,251,188,254
257,258,322,260,262,267,271,213,89,229,42,43,245,248,249,122
66,259,263,74,268,79,272,87,280,31,99,101,107,48,115
128,67,68,261,200,266,13,18,88,89,30,96,32,35,167,106,44,110,52,117,121
66,261,6,265,79,274,85,90,92,99,109,112,114,115,50,119,57,253,254
256,257,258,322,260,262,73,267,14,89,94,229,245,248,249,122,317,318
256,261,69,263,269,81,85,278,277,87,92,95,105,109,114,117,120
258,69,198,265,269,79,83,277,278,217,90,284,105,41,111,112,50,117,119,253
257,258,259,260,262,267,89,90,313,108,109,243,245,248,249,122,318
69,73,10,74,266,269,271,81,82,275,87,237,109,239,246,54,251
326,71,8,329,269,208,274,277,21,27,283,99,166,40,49,178,244,188,189
71,8,9,202,269,274,21,280,283,32,99,166,40,243,244,245,119,187,188
192,65,326,71,8,269,77,274,21,280,283,32,99,40,244,245,187,253
66,69,73,138,10,74,16,81,275,85,87,231,109,46,246,311,251
256,69,262,70,8,269,17,274,276,21,87,27,283,99,166,178,244,246,247,182,188,253
66,73,266,10,267,80,81,275,87,88,91,231,106,110,239,51,246,311,251
257,258,260,262,330,267,89,248,245,309,312,249,122,318
66,259,263,74,268,272,274,211,279,31,99,232,48,176
326,72,76,269,77,274,214,88,90,283,92,32,97,96,47,114,51,244,245,316
2,70,199,71,201,266,267,207,80,88,217,91,97,42,51,53,184,121
256,68,69,261,71,76,77,79,85,86,279,165,106,110,241,116,248,252,62
261,69,269,81,277,278,85,87,89,92,95,248,98,105,109,240,117,120
256,259,69,267,76,269,77,79,268,80,276,84,280,88,106,111,51,244,246,247,249
195,261,326,71,9,77,269,13,274,214,90,283,92,32,114,244,187
0,1,73,10,74,329,16,81,275,19,281,91,27,93,94,237,246,251
257,260,262,71,200,267,80,209,212,88,89,312,51,245,246,248,249,122,316,318
257,322,258,324,260,262,84,213,89,248,243,245,312,249,122,251,318
69,261,263,264,266,269,273,85,279,283,106,241,243,117,251,252,254
71,135,267,12,269,274,153,283,284,32,225,229,296,106,177,244,245,252,254,255
256,135,71,73,74,10,202,267,269,271,80,81,275,84,88,91,237,301,51,246,251
192,68,71,329,269,79,274,189,280,283,284,106,301,241,188,116,117,119,252,253,254
68,69,261,71,264,74,79,273,276,85,86,279,36,106,112,243,116,117,122,252
66,259,263,74,268,76,272,211,88,31,99,297,48,178,125
256,257,258,322,69,262,135,267,269,208,89,156,99,164,36,169,244,245,181,250,318
0,1,69,261,262,271,85,279,281,283,27,157,94,104,106,241,117,120,122,252
69,73,10,74,138,269,207,16,81,275,87,89,237,109,239,246,251
259,69,264,265,269,79,81,274,281,90,283,32,99,165,109,241,243,253,254
256,257,258,259,260,322,262,4,267,213,89,225,104,245,248,249,122
326,71,267,269,77,80,274,88,89,283,32,99,315,51,244,245,246,187,60
68,135,71,73,10,74,81,275,84,86,91,99,106,237,116,246,251,253,255
194,68,325,261,71,329,277,21,87,86,92,93,97,234,109,244,116,189,120,188,61
2,324,70,199,71,201,266,79,88,217,95,167,173,110,53,121,189
256,259,261,198,69,77,270,79,85,280,89,282,98,241,116,117,252,253,254,191
66,259,263,73,74,268,272,211,84,276,91,31,99,102,48,246,124
260,262,263,264,73,74,10,270,271,80,81,18,275,87,89,237,246,250,251
257,324,261,69,68,264,70,71,79,273,277,85,86,87,106,243,116,313,122,316,254
261,267,80,273,19,85,279,87,89,88,91,92,225,168,115,51,117,246,253
320,66,73,10,74,77,16,81,275,85,91,94,98,237,116,246,311,251,318
257,3,69,263,328,204,268,273,20,279,281,157,39,124,241,242,114,117,118,252,253,254
259,326,71,267,269,77,208,274,214,281,283,32,241,305,244,245,186,253,254
256,195,262,135,269,206,79,274,90,283,155,297,112,241,114,115,176,182,122,253,254
69,261,264,73,269,81,85,283,94,96,32,249,106,243,117,121,251,252
196,69,263,135,273,274,280,281,92,97,241,114,117,118,123,252,253,254
73,10,138,140,269,16,81,275,281,39,237,47,48,246,311,120,185,251
257,69,73,10,329,74,269,16,81,275,87,237,46,109,246,251
2,69,71,265,266,201,267,79,80,88,217,90,284,289,41,51,246,119,248,253
261,69,269,81,84,85,277,87,89,92,95,98,104,105,109,111,112,117,120
326,71,8,77,269,17,274,87,283,32,99,166,244,245,187,253
261,69,71,199,264,266,269,87,88,283,167,231,106,107,242,243,121,251,252,254,255
257,258,322,260,261,262,263,264,270,89,248,250,245,312,249,122,251,318
261,75,85,279,218,92,284,94,95,162,104,170,301,114,115,117,250,255
128,321,261,69,203,267,81,83,85,278,87,92,284,97,109,240,114,51,115,117,255
320,69,264,76,269,275,83,26,283,30,96,249,106,107,243,121,252,254
256,69,265,79,274,280,217,90,89,284,227,41,241,50,119,252,253,254
257,258,322,260,262,267,213,89,229,230,245,248,249,122
256,257,322,258,260,261,262,67,68,200,271,18,84,86,89,96,229,116,245,248,249
257,258,322,260,262,72,73,267,89,34,229,122,245,248,249,58,253,318
257,258,260,261,262,75,76,150,89,229,245,248,249,122,318
257,258,322,260,262,267,88,89,93,30,32,35,229,37,44,52,245,119,248,318
195,135,73,74,10,206,81,275,147,86,91,155,297,237,303,176,115,246,182,122,251
69,135,73,10,74,138,269,81,275,87,91,107,237,109,246,251
128,67,68,261,69,134,200,80,209,18,212,21,88,96,106,110,51,246,121,252
257,258,322,260,259,262,267,89,287,229,230,295,115,245,248,249,122,318
256,257,322,258,260,261,262,259,69,81,85,87,89,92,287,295,245,117
259,70,71,8,267,269,17,274,21,87,27,283,99,166,178,244,245,182,315,253,254,319
256,257,258,322,260,259,262,267,89,91,287,230,295,41,245,248,249,122
258,259,69,73,10,74,271,81,209,275,87,91,287,295,237,246,251
257,258,322,260,261,262,259,66,69,264,267,269,89,283,106,107,243,245,248,252,254
257,258,322,260,259,262,264,267,89,287,96,229,295,109,241,245,248,122,252,318
257,258,322,260,259,262,68,329,267,79,89,169,106,49,116,245,311,248,188,189,318
257,258,322,260,68,262,267,269,275,89,281,229,105,47,116,245,248,122,318
256,69,263,264,11,269,79,271,274,84,281,283,99,106,241,243,252,253,254
0,1,324,69,261,262,271,79,273,88,281,27,94,229,231,41,106,110,121,122
69,264,267,269,80,273,81,88,281,283,91,225,109,241,51,246,247,252,253,254
259,263,74,268,79,80,272,276,88,90,31,99,109,48,51,246,125
69,264,329,269,79,276,281,283,223,289,39,41,106,188,116,117,189,314,252,253,254
68,71,73,10,74,16,81,275,277,86,91,106,237,116,246,311,313,251
256,65,326,71,263,12,269,77,79,271,274,214,283,156,32,106,244,245,253
320,321,195,261,203,146,212,85,278,87,92,95,166,114,51,115,117,178,311,318
257,258,260,261,262,275,87,89,93,107,243,117,245,248,249,122,318
256,257,258,259,68,262,71,8,267,269,274,21,86,283,99,164,166,106,244,245,116,253
256,69,262,264,269,273,85,279,87,283,96,98,106,46,241,243,252,253,254
324,5,68,69,71,11,78,79,275,84,85,86,279,282,165,106,43,243,116,249,317
257,261,69,269,271,81,275,85,278,87,89,92,288,104,109,115,117,246,252
71,8,265,202,269,77,17,274,21,283,27,99,164,166,178,244,245,246,182,187,188,253
258,69,264,11,268,269,80,274,281,90,283,99,241,114,242,243,182,253,254
256,259,324,261,262,68,69,71,267,269,143,85,86,92,106,243,116,117,248,121
68,133,69,71,79,274,276,86,280,26,218,283,165,170,106,116,247,254
256,326,71,9,269,77,79,208,274,283,32,106,241,122,253,254
321,68,261,85,278,87,91,92,166,105,107,109,174,111,112,114,51,117,184
261,69,269,79,80,81,85,87,89,92,105,109,111,112,114,115,117,248
256,326,71,8,269,77,17,274,21,87,154,283,99,166,305,178,244,245,182,253,254
260,69,263,267,141,80,273,279,88,225,165,300,48,241,51,179,117,118,246,252,254
259,69,73,10,74,269,16,81,275,87,292,107,237,109,246,311,251
69,73,74,10,329,269,81,275,87,284,231,237,109,303,246,251,255
256,261,325,69,75,269,143,81,85,277,87,92,93,97,228,109,117,120
324,261,69,327,269,81,212,85,87,89,91,92,223,98,109,117,120,313,60
259,135,73,10,74,138,270,81,275,282,108,237,109,239,114,117,246,251
67,68,261,260,263,264,75,269,270,18,277,94,95,96,106,116,121,250,251
69,200,73,10,74,138,78,16,81,275,87,91,237,109,246,249,251
320,318,324,261,69,327,71,266,269,79,275,88,281,39,234,106,47,243,121,251,254
256,68,262,269,275,279,89,281,225,47,241,116,245,117,119,248,122,252,254
69,261,264,269,276,85,279,87,283,98,106,243,245,118,119,252,253,254
261,69,269,81,212,85,278,87,89,91,92,95,231,109,114,115,51,117
67,324,69,261,68,71,270,78,18,82,277,86,87,95,96,106,111,116,251
3,69,261,198,264,269,15,273,17,21,225,229,233,238,241,117,252
257,324,261,262,71,69,68,266,263,79,278,86,88,229,313,106,107,243,116,121
326,71,9,269,77,79,208,274,214,283,95,32,106,42,301,244,245,187
320,68,69,325,327,264,269,279,98,166,103,107,45,174,114,243,117,316,184,314,252
261,69,269,81,85,278,87,89,92,95,98,163,109,111,114,115,117,120
67,261,69,269,270,271,81,18,85,279,87,89,96,290,104,106,109,243,116,117,56,121
69,261,266,85,278,277,213,283,92,160,298,109,237,111,49,243,117,54,120,191
257,259,260,261,262,5,69,68,71,86,89,98,312,106,243,116,245,248,121,188,127
2,70,199,71,201,266,264,207,88,280,217,167,173,53,119,121,189
259,69,261,8,264,269,270,273,85,280,282,106,108,109,110,241,117,59,252,253
66,69,73,74,329,269,81,275,276,84,87,91,231,109,46,246,251
69,73,138,10,203,268,269,16,81,275,84,87,91,237,246,251
259,195,68,79,81,211,276,280,218,94,290,100,166,103,107,109,174,115,119,59
73,10,138,74,329,202,268,16,81,205,275,210,280,237,242,246,119,251
68,71,8,202,269,274,21,86,283,99,164,166,40,42,106,244,245,116,187,188,253,319
256,259,261,71,79,144,146,276,92,29,95,105,106,110,112,180,244,247,188
66,259,263,74,268,272,211,90,31,99,102,48,119,253
69,261,262,264,11,269,85,277,279,87,283,98,104,106,243,117,252,253,254
69,264,9,269,273,275,276,281,90,98,99,39,106,47,241,243,247,316,253,254
324,261,262,69,264,269,271,275,276,277,213,84,281,283,106,243,126,251,124,317,254
261,69,263,266,269,81,85,278,277,87,89,92,95,109,51,115,117,54,120
68,73,10,74,81,275,84,216,91,290,102,106,237,46,116,246,251
256,259,195,326,265,269,206,79,274,90,283,155,91,289,41,115,182,248,122,253,254
259,7,74,268,270,79,276,84,277,119,280,282,91,92,219,242,116,117,246,247
66,259,263,71,74,268,79,272,211,90,31,95,99,48,313
261,326,71,269,77,274,90,283,92,32,112,114,115,244,187,62
261,262,69,8,12,269,271,17,274,81,21,99,166,40,109,178,244,245,124,253,126
257,258,261,69,81,85,278,87,92,93,95,109,111,112,114,115,51,117,313
68,261,69,71,10,75,79,277,85,87,86,28,93,95,104,106,115,116,117,120,188
256,68,261,266,141,77,275,19,85,86,94,98,106,110,113,116,246,122,318
69,5,263,71,269,142,79,274,212,89,283,95,98,241,305,188,245,117,123,252,254,127
71,8,269,77,142,274,275,20,21,283,157,36,164,166,178,244,245,119,187,188
263,330,142,79,80,273,279,88,281,241,307,308,309,51,244,118,252,253,254
68,71,73,10,74,138,75,270,81,275,86,282,91,237,239,116,117,246,251
69,73,10,138,269,16,81,275,87,220,292,237,109,244,246,311,251
259,69,72,265,269,79,274,146,21,217,90,283,284,91,41,50,119,253,254
256,257,69,71,8,267,269,17,274,81,21,214,87,283,99,166,178,244,245,182,315,253
128,258,259,261,69,85,278,87,92,285,93,95,108,109,111,240,243,180,117,120
256,67,68,79,144,18,274,276,146,86,96,112,114,115,180,116,253,190
261,69,264,330,269,80,273,19,85,279,283,106,60,241,243,117,309,252
68,71,8,202,10,269,274,21,86,283,99,164,166,40,106,244,245,246,116,188,253
324,261,69,264,266,74,203,269,271,272,277,120,165,106,174,243,248,121,251
256,257,326,71,266,269,77,208,274,89,283,32,40,42,241,244,245,187,252
69,264,265,76,269,79,276,84,280,153,91,284,283,106,241,243,182,119,252,253,254
324,261,69,262,264,268,269,85,277,283,289,106,178,243,242,117,249,254
66,69,263,264,268,269,274,281,283,223,99,106,241,242,243,313,123,252,254
0,1,72,137,75,269,79,276,280,281,218,27,94,289,99,100,103,41,107,119,253
324,261,68,70,71,200,271,79,83,278,87,86,106,109,111,112,177,116,117,120,121
324,261,81,212,85,277,87,213,283,92,95,298,109,112,243,117,120,191
261,69,264,267,268,269,80,273,85,88,32,106,110,241,51,243,117,246,248,121,252
330,141,208,145,146,155,156,158,164,167,169,171,300,301,302,304,178,308,180,181
2,143,144,145,18,147,155,158,160,294,296,170,299,302,175,179,180,184
321,193,203,143,145,146,149,154,167,171,175,304,305,114,115,179,182
142,146,147,148,153,158,292,293,294,296,170,171,172,174,175,305,306,178,177,179
142,144,147,148,149,153,158,161,167,296,298,299,172,302,174,175,177,306,179
141,146,149,150,153,158,296,170,299,300,301,174,305,178,306,180,177,307,183
73,10,138,141,16,148,156,184,158,292,172,237,174,303,175,179,246,311,310,251
10,330,142,271,145,147,148,149,156,158,161,292,170,172,174,303,175,177,306,310,311
330,143,145,148,149,150,151,22,152,159,32,165,295,168,297,42,304,178,307,309,182
65,10,138,16,144,155,156,157,158,292,297,237,173,303,302,175,306,180,181,246,311,251
330,141,147,148,158,292,293,169,300,172,174,175,177,305,307,308,309,179,310,184
261,265,269,144,145,273,147,148,81,87,88,158,160,294,296,169,299,109,302,116,118,119
142,143,149,281,157,158,160,161,164,296,169,168,173,302,175,306,178,307,181,118,190
145,146,147,148,155,158,160,294,296,169,297,299,298,302,175,176,178,179,309,184
141,142,145,146,148,153,158,160,295,296,172,300,302,175,174,305,178,306,308,307
141,142,144,146,155,156,157,158,165,167,296,168,170,300,302,303,175,305,178,304,311
144,145,146,147,148,153,155,158,160,293,294,296,297,299,301,302,175,179
142,143,144,145,146,147,148,149,155,158,161,295,297,169,299,170,174,175,54
72,73,143,144,145,146,147,148,150,151,159,160,161,165,294,296,168,299,302,182
144,145,146,147,148,150,152,153,154,155,160,294,296,169,299,302,175,177,306,179
330,142,145,148,149,155,158,160,296,170,171,299,172,174,175,112,178,306,180,309
330,141,142,144,145,147,148,158,292,170,300,172,174,175,303,305,177,307,308,309,310,184
330,141,148,87,158,228,292,170,171,300,172,174,175,303,305,307,308,309,179,310,184
330,145,150,151,152,156,30,165,167,296,297,169,168,300,174,303,307,308,309,52
3,12,144,145,149,150,151,160,161,34,165,296,168,171,299,43,111,112,179,180
143,144,145,146,147,148,149,154,158,159,160,167,296,299,302,175,179,182,183
141,148,149,157,158,292,167,170,171,172,173,174,303,175,305,306,179,180,310,184
65,143,144,145,147,88,155,156,157,158,161,167,297,169,173,302,303,175,178,181
141,143,144,145,146,147,149,155,29,158,160,294,174,175,305,306,178,180,307,308,184
141,19,150,151,152,156,159,292,165,167,168,303,304,305,306,178,180,175,179,311,182,186
2,144,145,148,149,153,155,93,158,294,38,296,298,299,109,302,307,180,308,61
141,148,153,158,292,170,171,172,300,174,175,303,305,177,306,308,179,310,184
330,142,146,147,148,149,155,158,296,297,170,171,172,174,175,304,305,178,306,180
73,10,138,16,275,147,158,292,294,167,172,237,174,303,175,306,307,308,179,246,311,184
129,143,144,145,146,147,155,157,158,160,295,296,169,299,302,175,178,180,311
141,144,145,146,147,148,155,157,158,160,294,299,108,300,302,175,173,179,181
141,144,212,215,154,155,158,160,161,162,228,166,170,171,172,175,305,179,180,185
193,321,203,146,148,149,151,153,158,162,165,296,168,171,109,302,175,114,50,61
68,261,143,144,145,146,147,148,149,86,87,155,296,299,110,112,178,180,116
141,145,148,154,158,166,295,167,297,170,171,172,301,175,305,177,179,309,310,312
4,144,146,211,148,150,151,152,153,155,159,160,99,165,294,295,296,168,299,302,175,182
330,145,148,149,154,158,164,167,296,297,169,172,174,175,178,307,180,179
330,143,144,145,146,147,148,149,155,158,295,297,298,299,170,172,302,175,178,180
330,141,148,150,158,292,295,296,170,171,172,174,175,177,305,179,308,309,310,184
128,130,131,133,134,135,136,138,10,140,139,16,26,231,246,123,124,126
128,130,131,132,133,136,137,139,140,286,287,288,289,290,122,123,124,125
128,321,130,195,131,133,136,203,139,140,19,212,90,285,223,291,240,117,123,124,126
128,130,131,133,134,135,136,138,10,140,16,275,290,291,237,311,251,124,126
128,130,131,132,133,135,136,329,138,10,140,73,139,16,81,286,288,231,237,246,123
128,130,131,133,8,137,138,139,136,17,21,23,27,286,287,289,40,42,244,187,124,127
128,130,131,132,133,6,136,137,139,140,145,286,287,288,289,290,236,122,123,124
128,130,67,131,133,132,136,137,139,140,18,286,287,288,289,290,291,123,126
128,130,131,132,133,136,137,139,140,285,286,287,289,290,122,123,124,125,126
128,130,131,4,133,71,136,139,12,286,287,34,291,40,42,123,187,122,315,124,126
128,130,131,132,133,135,136,138,139,140,23,286,287,288,40,42,244,122,123,124
128,130,131,133,135,136,73,138,10,140,329,139,16,81,275,151,288,291,237,246,123
128,130,131,133,136,139,140,286,287,288,289,291,123,124,125,126
128,130,131,132,133,135,136,137,139,140,220,286,288,289,290,225,123
128,130,131,132,133,136,137,139,140,286,287,288,289,290,123,124,125,126
320,128,129,130,132,261,134,131,136,133,139,140,19,285,286,288,123
128,129,130,131,132,133,136,137,139,140,19,286,287,289,290,122,123,124,125
128,130,131,133,136,137,138,139,286,287,288,289,290,122,123,124,125,127
128,129,130,131,132,133,136,137,139,140,286,289,290,291,227,233,123,59,125
128,130,131,261,134,133,136,137,138,203,19,23,285,288,289,106,110,240,122,123,127
128,130,131,132,133,136,203,139,19,85,278,285,288,291,240,51,117,123,124,126
128,130,131,132,133,199,136,201,137,139,140,217,286,287,288,289,290,173,123,124,125
128,130,131,132,197,133,136,137,139,140,23,286,287,288,289,290,55,57,122,123
128,130,131,324,261,132,133,136,203,139,140,277,285,286,223,288,123,61,63
128,129,130,131,132,133,136,139,140,285,287,288,238,122,123,127
128,130,131,132,133,136,137,139,140,286,287,288,290,55,57,122,123,124,125
128,130,131,132,133,136,139,140,286,287,288,289,290,293,123,125,127
128,129,130,131,132,133,134,135,136,138,10,140,139,286,288,231,239,123,124,126
128,130,131,133,199,136,201,266,139,140,88,217,286,289,291,53,123,124,126
128,130,131,133,134,136,137,139,140,287,289,290,291,233,55,122,123,124,125
320,194,324,327,200,205,208,209,210,212,213,215,27,187,54,313,314,317,316,189,191
194,199,329,10,138,201,202,205,16,209,210,275,213,215,216,292,231,237,187,239,251,191
194,319,326,199,197,329,202,201,205,208,209,210,213,214,215,216,187,188,191
193,194,324,319,326,327,197,199,201,203,205,209,210,212,213,215,187,317,191
322,323,260,6,201,205,208,209,145,210,213,214,215,287,236,315,187,319
320,194,324,325,327,205,208,209,210,145,213,215,189,313,314,187,316,317,191
322,324,327,200,72,74,205,209,210,213,215,221,187,312,314,315,317,319
322,194,327,199,329,10,138,73,202,205,16,81,209,275,210,213,215,237,187,239,246,251
192,194,323,326,135,329,10,202,205,208,209,210,214,215,216,237,187,315,188
322,323,326,199,71,201,327,202,207,208,214,217,42,187,188,189
193,322,323,324,195,200,202,205,210,211,213,215,217,315,245,312,313,187,317,319
194,324,72,329,202,205,78,208,209,210,275,213,215,216,152,188,314,187,316,317
320,194,324,327,200,199,9,205,208,209,210,213,215,216,189,313,314,187,316,317,191
2,324,199,327,201,205,207,209,210,217,26,167,121,314,316,189,319
194,326,199,200,328,205,14,208,209,210,82,215,94,223,225,314,187,316,189,190,191
257,322,194,134,200,328,205,209,210,213,215,221,34,229,51,245,312,315,318,319
320,194,67,324,198,199,200,205,209,210,18,212,213,215,96,228,314,187,317,318
192,196,261,326,69,201,204,269,205,208,209,81,210,214,87,216,88,89,106,109,187,319
320,194,195,324,327,199,328,205,208,209,210,213,215,314,187,316,189,191
320,321,193,194,196,197,198,199,201,203,205,209,210,212,213,215,223,187,191
192,191,322,323,326,328,200,202,12,204,205,208,210,214,215,42,236,187,315,188,319
194,195,199,9,205,209,210,211,148,149,213,215,38,298,176,183,187,319
320,321,2,323,196,194,199,203,205,209,210,212,213,215,223,38,314,187,316,191
194,195,133,204,205,209,81,210,211,215,280,218,100,101,233,107,187,182,186,59,318
320,194,324,198,199,203,205,208,209,210,213,214,215,26,316,186,187,188,317,191
66,323,196,326,199,201,205,209,210,211,215,216,217,31,289,41,48,187,319
320,193,194,67,324,198,327,200,203,205,209,210,18,212,213,215,96,51,246,314,317
321,193,195,324,194,326,199,203,204,205,206,209,210,212,213,215,223,187,191
320,321,194,3,199,203,205,209,210,212,213,215,89,223,186,117,312,314,187,316
323,326,201,202,205,208,209,145,210,215,216,287,236,315,187,188,319
194,199,73,329,10,138,202,205,81,210,275,209,213,215,216,237,239,246,187,191
2,133,326,204,205,209,210,214,215,218,290,100,103,233,170,107,53,119,186,59
194,324,197,326,198,199,201,205,208,209,210,211,213,215,26,188,187,316,191
321,193,194,196,326,203,204,205,209,210,211,213,87,215,89,232,109,187,61
320,321,194,324,198,328,329,203,205,208,209,210,213,215,156,106,43,110,189,187,317
194,329,138,10,202,73,205,16,209,210,275,215,216,26,28,237,186,187,188
321,323,196,197,199,328,201,203,77,206,205,209,210,212,213,278,215,187,61,191
194,73,329,10,138,202,205,16,81,210,275,209,231,40,42,237,177,246,251,188,189
257,322,258,194,324,198,199,200,328,205,209,210,213,215,34,187,312,315,317,318,319
321,322,323,324,194,199,200,205,209,210,213,215,225,34,315,312,186,187,317,319
320,194,324,326,199,328,205,208,209,210,213,215,25,223,187,314,317,316,189,191
320,321,193,194,324,201,203,205,209,210,212,213,215,223,232,60,314,187,316
321,193,67,324,198,200,203,205,15,209,210,18,212,213,277,215,159,96,34,116,187
66,194,196,198,199,201,268,205,208,209,210,211,213,215,31,232,48,187,191
194,324,197,326,199,204,205,209,210,211,148,213,215,38,176,183,186,187,191
194,323,324,5,326,198,328,200,205,209,210,215,26,43,187,315,316,317,191
320,193,321,194,324,199,203,205,209,210,212,213,215,95,104,52,314,187,316,317,191
320,322,324,327,9,205,208,209,210,213,215,98,313,314,187,316,317,318,191
194,326,199,200,329,10,202,205,16,209,210,275,213,214,215,216,231,237,187,239,251,188
322,323,3,325,327,328,200,12,205,206,210,212,213,85,220,223,289,315,187,60,319
194,135,199,73,329,10,138,201,202,205,16,81,209,275,210,213,215,216,231,237,187,191
194,135,199,329,73,10,138,201,202,205,16,81,209,275,210,213,215,216,237,246,187,191
191,322,194,324,327,200,199,328,201,205,209,210,213,215,312,314,187,317,318,319
194,324,5,197,325,199,205,208,209,210,276,213,214,215,26,316,187,188,317,191
321,194,191,326,199,328,201,205,206,209,210,213,215,223,225,289,236,187,188,254,319
320,194,324,327,199,205,208,209,210,213,214,215,54,312,313,314,187,316,317,191
320,194,324,327,199,205,208,209,210,212,213,214,215,314,187,316,189,191
320,193,194,324,325,327,199,205,209,210,212,213,215,314,187,316,191
323,135,329,10,138,202,75,205,145,210,275,209,215,216,287,236,237,315,187,188,319
192,322,323,326,202,12,269,205,208,210,275,213,214,32,39,47,315,187,319
322,323,324,194,199,200,328,12,205,209,210,213,215,314,187,188,191
320,194,324,327,328,199,205,208,209,210,213,214,215,314,187,316,189,191
192,194,323,326,328,202,205,208,209,210,214,187,47,182,315,188,319
192,194,323,67,326,202,205,208,18,210,214,221,32,96,187,47,315,188,319
128,193,321,323,196,192,326,202,204,205,206,208,209,210,214,123,47,187,188
322,194,324,325,327,199,205,270,15,209,210,213,277,215,313,314,187,316,317
66,195,201,203,205,209,210,211,275,215,217,31,289,172,48,313,189,319
320,322,3,324,194,199,200,328,205,209,210,213,215,225,300,314,187,316,317,191
320,321,193,194,324,199,201,203,205,209,210,212,213,215,216,223,187,61,191
193,321,194,324,196,199,203,204,205,209,210,212,213,215,89,223,240,187,316
194,323,199,200,328,205,14,271,209,210,213,215,223,225,118,189,313,314,187,317
194,326,199,329,10,73,202,205,16,81,209,275,210,213,214,215,231,237,187,239,246,251
194,195,135,329,73,10,202,138,205,16,81,210,275,211,209,215,216,237,187,318
320,194,324,326,327,205,208,209,210,212,214,215,43,53,313,314,187,316,317,191
320,193,194,324,196,197,199,201,203,205,209,210,212,213,215,223,240,187,316,191
321,193,194,197,199,201,203,205,206,209,210,212,85,213,215,223,117,54,187,61,191
321,193,67,323,195,196,194,201,203,205,206,209,210,18,215,282,96,187,189,319
192,323,196,325,327,201,205,208,209,145,210,213,215,287,236,187,315,61,319
324,199,327,201,266,205,207,210,213,215,217,167,117,121,314,189,191
192,323,200,201,9,202,205,208,209,210,214,215,216,187,315,188,319
