736,225,1251,739,1062,136,585,586,234,335,464,1273,538,1244,1021
1248,1282,741,70,1285,1287,362,626,723,440,185,667,1212,1277
740,329,1200,208,50,93,569,443,572,573
1216,742,1127,1226,974,718,497,946,178,1173,727,408,889,571
707,199,744,968,844,1046,87,152,217,862
1189,357,1194,747,589,941,432,437,821,317,447
1218,746,43,1194,1006,849,1202,822,663,1212,349
477,547,100,102,749,60,623,467,22,952,505,1114,539,956,285
389,910,911,752,594,595,1269,602,990,922
675,996,440,359,332,625,753,723,340,852,694,920,509,1118,671
652,559,945,722,754,755,756,851,1143,1209,1274,1245,1119
961,1250,454,1225,587,811,718,48,760,882,1272,893
960,737,810,266,362,589,588,432,53,86,311,447
1189,747,1259,589,941,430,272,432,821,86,796,317,734,447
796,454,714,845,31,1232,703,1205,53,823,794,252,957,606,639
321,675,69,41,842,363,684,107,718,654,1105,607
608,1056,771,772,965,777,812,115,948,917,1075,218
609,97,648,1002,1102,273,1169,1048,441,444,1182,351
357,613,806,40,362,1194,988,589,718,849,1212,723,663,540,893
930,164,872,968,1258,1179,45,976,1170,1046,1015,410,411
614,6,779,972,975,178,1107,628,885,436,859,863
1248,1026,196,229,421,934,969,1004,497,757,1109,1175,1150,639
804,103,1068,847,784,82,758,185,1278
706,968,201,841,1130,1197,462,815,977,1110,1111,664,217,410,411
641,509,70,40,460,301,718,760,626,723,440,540,893
121,1145,579,550,401,913,979,799,980,566,1013,761,991,605,223
577,931,229,614,779,460,621,15,1267,628,278,828,767
772,292,777,956,1198,814,1104,1075,115,1114,1020,285,254
608,1056,771,611,777,204,60,917,218,956
448,609,770,668,647,519,616,1169,531,308,884,444
768,350,354,1155,741,422,1287,234,241,1266,663,125,606
32,1031,1004,1103,785,914,371,1108,852,761,860,1149,830,223
1026,614,6,779,975,767,436,885,313,859,828,863
608,1056,611,771,777,204,917,218,956
1215,1122,991,1124,773,299,561,850,761,442,700,1279
389,361,1097,1133,110,378,368,495,595,791,1208,1209,922,826,990
545,509,451,1282,1285,326,773,172,435,723,952,983,151,1277,893,1279
1250,419,933,1256,1259,1260,1261,430,433,787,119,1177,893
1217,394,206,271,399,1233,786,26,794
795,356,1222,231,1289,718,760,85,24,1211,1117,798
1217,40,234,589,718,271,399,1012,248,1273,794,796,831
1188,453,1222,231,612,808,1211,718,1232,795,1117,798
1217,206,399,271,304,786,248,794,831
801,227,708,356,806,613,360,72,785,338,886,952,1212
802,771,425,777,843,525,305,1076,1108,247,728,318
121,1282,1285,552,1003,893,497,799,761,694,727,1277,285,1279
800,67,292,230,841,778,1003,972,239,1042,1237,249
644,293,809,106,139,396,473,915,533,408,1209,826,475,698
1218,810,362,1006,1234,306,661,1148,349
1218,355,613,806,746,1068,783,822,663,760,794,1083,1212
1088,808,714,845,13,269,1232,760,918,952,1272,729,314,252
1249,1218,355,1127,777,427,236,683,1006,816,1168,954,349
1217,1188,394,397,974,589,206,1233,821,317,382,447
960,545,451,357,326,811,300,460,589,178,435,179,723,983,1212,509
418,194,549,1001,265,1130,329,814,55,1210,375,1023
448,609,993,261,1169,1238,759,827,444,637,478,575
577,1281,229,873,779,15,18,436,1210,828,767
355,613,806,805,426,746,1068,822,1083,1212
545,451,326,1257,300,460,495,625,401,723,178,371,694,509
1121,1154,355,613,426,1290,303,29,498,531,663,1212,669,604
960,609,738,585,970,586,300,618,179,725,634,983,1176,730,671
259,451,901,366,303,276,54,22,1209,1210,891,988,670
1282,708,1096,776,1064,1066,1068,173,885,727,1112,1083,667,1277,1055
352,439,194,739,265,682,109,718,14,662,310,246,665,90,157
833,420,682,906,364,170,593,1009,723,597,894
194,418,965,743,680,956,204,948,917,534,55,310,218,60,703
129,322,231,296,203,140,685,144,848,626,1205,1113,445,543
323,259,69,675,107,684,686,654,607
674,1219,1220,293,35,652,621,80,851,406,118,1119
672,1030,646,297,713,267,76,811,271,304,399,26,447
609,1221,678,838,908,814,887,627,1142,759,1238,441,890,1119
323,675,69,451,840,107,684,363,686,654,607
578,131,356,1127,268,175,112,401,690,29,980,1136,24,601,605
866,227,1124,1222,1127,426,779,427,685,173,691,309,918,760,700
707,1064,727,525,335,49,946,113,692,497,22,885,1112,58,667
675,259,451,41,107,684,718,686,654,49,497,22,510
864,640,960,1284,1286,359,715,751,687,657,725,730
2,482,98,674,645,199,458,621,815,688,977,211,511
1113,801,322,153,8,616,685,845,689,693,280,281,379,543
98,1209,359,715,780,267,143,723,725,920,792,697,1051
1190,711,428,237,1230,1075,500,1011,115,120,1048,954,699,254
644,884,1142,887,537,890,701,222
800,706,67,1284,966,1286,841,1228,239,657,664,731,702,1183
1282,1251,451,1285,1287,40,301,718,626,723,340,1277,187,988,509,543
288,545,0,640,709,359,745,618,1257,332,301,625,694,631
704,257,1092,1125,105,620,1039,213,696,954
1089,453,933,1063,712,1127,807,968,236,464,213,1272,409,1052,318
545,710,359,40,326,300,336,178,435,627,179,893
129,708,518,679,1192,233,235,144,432,148,950,1113,954,667
705,1121,1154,967,392,522,1290,624,184,666,604
704,1093,518,1127,427,717,1039,372,373,86,1080,1084,1055
1250,1259,1260,619,430,331,433,119,1207,1177,893,703
35,1027,1220,652,559,945,722,754,851,755,406,1143,1245,1119
577,418,229,999,744,1034,45,720,976,978,375,1179
322,355,387,613,612,393,746,588,719,53,822,663,918,661,1212
1250,1252,933,1254,1032,1260,1261,433,787,439,1272,90,893,318
675,69,840,40,107,684,363,718,654,592,607
1282,1285,1287,297,618,716,525,460,1232,723,187,988,1277
864,640,98,1284,715,621,687,657,725,185,730,702
928,1,0,4,292,1226,367,1200,1041,1011,1016,1049,93,927
771,454,808,1128,714,811,716,845,777,1232,794,252,957,606
802,1093,425,1198,305,627,1076,757,247,728,665,346
322,355,808,1064,426,8,616,1067,624,306,918,280,729,1112,319
649,875,1200,50,443,726,983,920,731,668,93,1183
677,748,237,781,623,1075,916,436,534,727,310,1114,1275
322,899,452,324,327,685,814,144,242,724,693,249,346,766
864,640,960,98,1284,618,715,687,657,725,730,1021
838,1002,346,1134,1007,945,722,754,723,115,438,629,1016,1210,1119
326,970,906,300,723,435,179,725,983,151,920,697,1051,509,638
737,357,646,616,746,43,783,1201,1266,659,53,661,663,1212
738,1027,5,648,585,586,723,629,730,634,1021,1279
996,1128,1259,1260,430,1140,1236,1207,1177,31,734,703
608,1248,454,487,587,781,60,1198,623,789,794,347,956,606,735
864,673,738,1284,1286,359,905,682,906,621,1040,629,733
864,98,1284,1286,359,874,715,687,657,340,725,634,854,730
1282,1283,132,70,456,460,461,142,625,723,732,893,1279
736,706,643,707,709,122,493,218,1020,894,415
636,98,290,359,618,234,525,46,751,336,625,209,946,1020
1113,153,452,427,685,845,626,1205,918,280,281,187,445
225,228,1289,171,1195,460,143,370,723,628,1274,509,478,351
677,172,812,1230,623,1037,748,177,115,469,534,727,1275
1121,705,1058,967,392,1064,624,1112,666,604
864,1027,1286,647,9,585,715,586,1100,721,629,634,636,415
1184,418,771,549,1190,551,744,1001,1130,777,1132,1258,636,1149,414
1186,744,968,844,625,853,310,1046,88,1210,124,152
257,1125,421,424,1065,23,632,1086
866,903,617,10,841,809,1073,755,1011,117,1108,343,1213
835,548,1284,1286,134,874,618,1106,467,211,854,505,477,1183
864,0,674,485,585,586,621,656,883,342,406,698,697,634,730
0,640,928,868,261,869,648,622,943,1169,1041,915,694,827,127
1250,1252,40,810,619,1261,430,433,119,893,703
481,677,1290,620,13,1072,144,1232,374,281,187,1053,543
1218,1155,355,1159,362,43,974,1167,1234,659,663,1148
448,97,770,647,648,906,1102,944,273,656,723
772,1190,551,137,655,21,920,120,218,1020,1118,415
323,259,69,675,840,107,684,686,654
803,709,424,328,105,970,270,852,821,662,248,665,346,765
1218,515,535,344,742,810,1234,1266,306,661,20,503,22,1148,61
193,484,133,549,1210,781,814,916,660,249,346,861
1216,640,707,676,645,935,727,497,1043,211,631,408
736,258,643,706,707,709,410,720,30,122,1020,894,415
641,227,1127,169,427,685,845,175,13,1232,1168,280,729
1024,288,420,606,1131,823,1137,597,695,1176,794,731,957,638
352,384,358,650,1163,1164,1166,25,889
673,833,97,614,647,648,1002,1102,944,273,1009,593
9,586,585,1100,751,721,723,697,920,730,634,638,415
359,649,841,907,875,46,1200,561,50,726,983,920
706,1124,37,232,968,1258,299,1005,1046,1111,1110,217,410,411,956,1215
835,935,874,907,1106,1043,883,467,1206,854
962,869,1158,329,1226,1195,12,973,942,1200,432,799
641,509,1290,460,13,175,495,1232,723,187,667,540,543
640,864,98,1284,1286,680,751,1040,657,723,695,1021
709,199,968,744,872,844,1046,87,152,217,862
738,1027,1284,903,415,1073,723,629,1213,1016,1210,733,95,1023
738,1027,1218,415,585,586,715,656,629,1079,730,634,671
968,1001,1130,815,720,410,411,1046,87,152,217,1110,1111
706,484,133,122,968,410,17,1235,1110,1111,664,1046,218,411,956
1026,931,932,3,614,972,975,976,1042,1267,859,863
577,578,418,229,1034,346,720,976,978,411,375,410,1179
1121,1154,709,359,967,1290,1232,626,178,723,1077,187,540,604
640,1183,292,839,553,874,1195,1228,912,274,1011,854,695,1151
964,580,583,615,872,946,1017,1108,1015,568,985,924,1149
928,0,5,1158,1226,620,1200,1041,1016,93,927
1250,1252,933,1256,1260,1261,439,1272,90,893,318
439,1250,1259,1260,1261,430,433,787,119,1207,1272,1177,893
608,1056,611,771,764,777,812,204,917,218,956
291,871,1160,971,1262,1264,819,599,856,959
737,1157,1287,297,810,334,1232,1233,1266,723,317,1212,1277
292,100,1255,1228,525,1011,115,1267,789,952,1114,765
224,291,867,37,871,232,971,1262,1264,856,155,959
1248,929,580,1253,6,1223,968,1139,436,1115,639
832,1249,448,355,960,1194,362,43,409,816,277,663,216,729,445
290,707,262,682,139,525,621,468,117,533,58,475,1276
804,103,1255,1068,82,818,758,185,1278
640,260,773,359,807,552,1098,525,625,497,371,799,694,283,1279
1280,1089,418,1061,1002,1070,143,1110,1111,1051,476,1213,351
1219,35,293,1220,652,369,594,851,342,118,58,1182
1219,1220,99,361,652,621,559,80,851,406,1274,1119
1217,1282,68,1287,297,1232,1233,1266,1205,21,1277,382
962,869,1158,839,973,942,465,1270,1048,1273,93
545,934,70,1288,585,970,77,751,16,723,1267,629,1209,730,1150
930,229,872,1258,1034,1179,878,976,1170,978,1268,410,411
1282,1287,618,941,1232,1233,694,953,317,1277,382,1279
1218,616,43,1006,783,334,1233,1266,306,1202,663,1242,1212,349
1282,1285,1287,172,460,1039,1199,625,723,852,694,1277
389,909,594,595,658,1269,602,990,922
709,199,968,744,844,1197,1046,87,152,217,862
545,1251,675,451,301,1199,464,16,178,1267,723,725,151,1210,509
737,769,803,1194,797,784,1244,1076,790,1271,764,765
640,673,770,1251,5,647,715,751,656,1014,695,1273,634,1021
290,1219,1220,674,361,652,621,851,118,406,1182,1119
1218,535,517,102,264,43,1006,1234,306,498,467,22,663,539,1148,349
1216,98,676,292,40,1228,893,718,211,1204,854,631,408,989,1183
1217,206,399,271,1233,786,794,317,382,831
1056,608,706,965,122,1130,815,688,977,410,917,1110,1111,218,411,956
674,99,1219,389,1220,361,621,595,1045,343,922,826,1214
1248,929,1253,6,1223,370,1139,436,1115
1248,929,1253,6,1223,614,1139,436,1115
1282,1285,1222,1287,234,460,525,1232,626,723,468,1277
673,674,290,1220,838,460,621,723,117,343,1209
899,567,934,903,1160,1000,1224,398,1199,1103,627,852,599
608,418,194,772,204,812,60,1198,109,917,310,55,956,285
772,292,841,1196,1104,1072,531,1075,344,1020,957,254
1218,355,1194,43,362,784,849,663,1242,667,1148
355,1157,806,1189,746,43,13,1202,244,822,663,1083,1212
795,194,1285,1287,231,109,346,1198,1117,310,55,314,1211,220,1277
1281,934,972,173,18,55,1210,828,1150
418,229,1258,1034,976,720,978,1170,411,410,1179,124
1282,1285,1287,297,234,618,460,1232,497,1205,1277
1218,355,612,1157,1189,775,1194,43,1202,1266,659,437,1212,663,1148
1218,1194,1006,1167,849,1234,306,661,1148,349
612,1157,1189,266,43,589,432,1202,53,437,663,26,1212,447
834,1189,357,1190,941,1230,272,1202,53,86,663,796,311,447
835,935,874,907,1106,1043,883,854,1206,477
865,418,772,197,1190,655,120,122,699,1020,894,415
320,101,328,1288,77,1231,1265,1141,666,1178,348
290,1219,35,293,1220,361,559,594,118,342,1182
257,421,1125,1065,727,23,632,667,1086,383
737,965,1126,777,204,1037,782,948,469,340,347,60
1219,1220,293,361,1002,652,621,559,851,118,406,1213,1119
1121,1058,967,392,624,402,1077,184,666,1112
1185,994,642,1129,841,11,874,945,1143,408,121,1018,1245,446,351
35,99,293,36,361,396,1133,1135,80,594,915,342,438
704,1218,355,1127,328,423,426,427,236,186,814,175,245,346,445
964,872,744,968,1258,844,1108,1046,410,411,862,639
545,1282,1285,1287,1128,460,525,1232,723,694,1277
1250,1252,1254,1032,619,1260,1261,430,433,787,1272,1177,893
1218,775,1194,746,1006,849,1234,306,1148,349
1282,1285,1287,234,460,525,1232,723,468,440,187,1277
0,740,1273,1226,234,942,1200,1014,1049,93,927
640,1251,1189,614,1223,745,1196,172,1230,1021,115,1075,859,285,1183
899,931,934,710,1224,44,463,178,627,124
161,706,199,968,841,462,815,688,977,1110,1111,664,217,410,411
961,802,390,391,454,1225,587,1263,48,1232,1203,440
225,509,451,1251,836,359,40,1227,718,946,435,723,314,893
0,835,228,297,974,334,1232,1233,1266,630,380,317
545,326,970,300,460,1073,179,723,435,662,983,1213,1210,509
960,640,545,326,966,488,300,460,495,178,723,725,151,509
960,548,1284,1286,874,618,879,1106,467,407,505,218,477,1183
1092,679,1095,1065,717,1072,213,950,696,345,954,1053
864,1248,674,1220,359,715,621,1102,944,656,723,725,730
1113,322,547,1127,200,777,426,522,268,140,918,760,281,187
994,389,838,710,264,43,908,1007,594,595,659,922,990
385,1284,1286,1131,494,1040,657,721,894,695,702,1119
899,931,934,903,1070,912,1011,627,308,892,1151,95
899,68,931,710,934,264,1224,44,463,627,124,95
359,585,586,1257,780,682,906,723,533,792,730,763,894
1163,1164,1069,1166,1078,376,889,955,25
480,835,231,874,302,207,20,340,886,854,91,988,190
771,772,292,454,777,1037,879,1235,404,407,888,793,189
835,359,234,618,525,974,1233,882,1204,1206,630,764,989
581,583,584,1031,852,567,568,1241,574
864,673,960,1185,420,292,1284,1286,874,751,1137,722,695,1209,698
1218,775,1006,783,849,1234,306,1266,661,663,1148,349
576,1025,260,1098,560,850,565,825,570,283,1085,223
1272,1088,452,808,845,685,718,760,893,280,1211,445
804,229,1146,6,718,847,976,82,758,600,185,410,411,1116,1278
321,323,69,840,40,107,684,718,607
800,706,67,932,773,966,841,778,239,597,664,249,702
836,964,710,1224,924,1227,779,463,627,182,860,767
1220,838,559,945,117,1143,1245,343,1119
195,744,968,875,844,1046,87,1111,1110,410,411,862
266,810,1261,399,304,1202,659,53,661,90,831
834,612,663,1006,1212,147,215,440,1242,540
646,390,72,391,423,1069,1202,1076,373,950
739,771,965,1062,777,1005,60,1198,1075,115,21,1244,956,285
795,356,1222,231,1289,718,814,85,24,1211,1117,798
1056,608,579,100,1285,550,1020,812,60,814,1199,1013,567,1114,956
389,361,909,911,368,595,1045,922,826,990
896,545,56,40,105,427,861,1039,657,213,696,954,667,221
32,1060,612,892,169,426,1068,525,912,1011,598,379,1244,510,1151
1284,359,715,143,687,657,725,792,697,730,1051
672,1189,1030,447,267,76,399,271,786,1174,831
578,3,1124,1029,71,168,265,299,972,1005,528,309,1215
706,199,968,201,841,1197,462,815,977,1110,1111,664,217,410,411
832,0,1194,1226,941,397,589,432,336,178,1242,1212,958
225,98,451,485,1062,234,12,1265,1021,1270,823,1273,989,638
418,707,549,999,1210,1001,1130,1034,14,720,246,375,346
864,290,1027,647,1226,715,621,687,497,725,727,634,415
325,1001,206,720,304,625,276,55,410,284,1023
1024,1286,9,1002,1040,721,1010,1011,183,1018
636,359,618,460,525,621,49,818,723,1012,988,541
32,1153,580,583,615,1004,567,568,985,891,860,1017
1218,355,43,1006,849,1234,306,659,661,663,1148,349
777,748,237,1037,1008,177,469,310,88
640,993,994,727,715,751,1045,725,1238,602,730,667,637,575
994,1092,293,264,267,908,1007,559,945,594,1143,1245,1055
577,859,229,614,1258,720,976,978,411,863,375,1179,639
439,259,996,1259,430,1207,1177,90,734,703
673,833,293,870,647,1129,1002,905,621,945,754,593,1009,1245
5,649,875,1200,50,726,983,920,1209,443,93
153,281,167,492,301,79,144,532,20,150,984,1113
1113,227,486,169,233,207,1232,760,20,886,984,153,988
609,706,514,841,1131,239,1137,597,1176,249,731,895
992,801,291,198,486,1160,40,492,141,398,464,341,599,538
706,1123,420,963,1160,841,1197,239,1137,339,723,597,315
196,901,558,111,1103,723,1108,895,54,758,151,60,509,670,639
288,1185,642,161,516,292,839,73,1226,695,1209,698
770,1187,292,935,874,907,1137,50,1265,1043,726,731,668
1059,102,1192,843,782,949,1047,829,766
673,833,97,870,361,1002,905,559,945,1009,593,1143,1245,1119
1282,1285,677,172,1230,115,500,1075,185,1242,1277
1184,418,707,835,98,874,651,1132,618,883,1110,1111,854,730
677,748,237,1230,623,177,1075,534,727,1114,1275
964,583,872,744,1004,946,1017,1108,1015,568,985,924,1149
674,1219,293,652,621,851,118,406,1209,58,1182,1119
292,168,265,874,879,1263,1235,883,309,854,505,700,477
738,707,709,325,359,745,1098,206,304,625,983,852,694,823,1279
160,258,643,707,709,199,493,410,894,30,151,217,122,509,158
385,420,1284,1286,1002,106,267,333,751,687,721,695,698,1049,1018
1194,43,746,974,1006,783,1201,1266,1233,849,659,663,1242,1148
98,676,293,969,106,267,505,494,467,851,854,408,1209,477
1059,102,1192,843,782,949,1047,829,766
1250,1254,1032,1259,430,433,1207,1272,1177,893,734,703
706,2,1130,493,462,815,688,977,1111,664,410,411,956,253
578,706,549,999,968,1001,1130,493,720,1110,1111,1046,217,410,411
835,1209,874,907,1106,467,883,1043,854,1206,505,477
835,454,394,299,76,397,271,882,821,1206,317,989
609,1284,1286,1051,874,1131,906,1137,723,695,1176,731,477,638
770,292,772,869,935,1131,1263,1137,1041,1203,731,668,254
288,1185,642,121,516,293,839,73,106,408,1209,698
131,600,238,1136,112,87,504,1146,1116,152,639
3,1124,1029,71,265,1130,299,972,1005,975,528,309,700
418,229,1034,976,720,978,1170,411,410,1179,124,639
928,1158,839,1226,1195,973,1200,1041,1048,346,93,254,927
705,1058,774,967,1064,392,1161,683,489,1077,1112,666
194,355,771,805,994,777,956,43,1005,1133,242,220,663,1212,285
385,1284,1286,1131,494,1040,657,721,894,695,702,1119
0,928,483,869,1226,1200,1041,465,1049,93,927
449,962,771,773,777,1037,879,404,916,1270,888,793,1114
194,418,999,1001,1130,1034,814,720,276,55,246,375,346,414
896,65,963,1134,818,116,1208,249,635,1180
285,100,772,346,879,1235,115,21,249,218,635,956,861
928,0,1226,973,1200,1041,1016,1049,93,927
865,418,1153,229,938,1107,1044,313,859,863
288,928,418,1221,869,137,879,1041,1011,1204,254,407,861,1118
896,65,418,249,904,814,1103,660,55,89,346,635
578,706,549,999,968,1001,1130,493,720,1110,1111,1046,410,411,220
121,98,642,516,293,106,945,761,1143,408,1209,1245
577,578,418,1258,1034,720,976,978,411,375,410,1179,124
418,1187,293,1221,869,1255,874,1195,1228,1263,1204,346,1183
928,0,1226,973,942,1200,1041,1016,1049,93,927
194,418,1124,3,999,265,299,814,1198,309,310,55
419,1254,1032,1256,40,1261,718,119,1272,90,893,318
387,1156,453,616,1066,409,269,1231,464,1141,822,57,669,63
1250,933,1254,1256,1032,787,439,1272,1177,893,318
930,872,968,815,977,1015,1046,87,152,1017,410,411
439,1250,1259,1260,1261,430,433,1207,1272,1177,90,893,703
512,706,130,295,968,841,239,815,977,1110,1111,664,410,411,702
962,869,1158,839,973,942,1200,465,1270,1273,254,927
512,706,130,295,968,841,239,815,977,1110,1111,664,410,411,702
962,772,839,936,881,817,1048,1050,443,957,254
161,706,199,968,841,462,239,815,977,1110,1111,664,217,410,411
546,1160,398,111,1103,403,1174,599,154,219
772,839,936,814,881,817,1048,1050,443,957,254
34,164,229,614,860,1258,45,639,1171,600,1146,1116,351
1216,384,98,676,293,106,267,974,407,408,1209,380,381
770,292,772,869,935,1131,1263,1137,1041,1203,731,668,254
512,706,130,295,968,841,239,815,977,1110,1111,664,410,411,702
608,418,1124,772,1029,265,956,299,1075,115,21,309,700,285
1185,668,292,77,957,208,1265,823,698,1178,348,1021,606,735
962,869,1158,839,973,942,367,465,1048,254
1187,359,839,907,46,50,211,407,731,668,254
962,772,839,936,881,817,1048,1050,443,957,254
928,0,1226,942,367,1200,1041,1016,1049,93,927
1028,1095,679,1096,633,1078,950,376,345,954
896,546,1160,219,1103,848,818,1174,599,154,123
289,931,614,873,969,972,15,975,498,1267,885,828,767
288,1185,642,516,292,839,73,106,695,1048,698,254
1153,3,932,6,1223,779,972,1042,1139,628,436,639
928,0,962,942,1200,1041,1016,1049,93,927
640,548,869,841,879,1263,1106,1203,883,1204,627,407,505,1183
1056,706,199,1130,462,815,688,977,410,1110,1111,217,122,411,956
962,869,1158,839,973,942,465,1270,1273,93
896,546,635,219,1103,398,1174,599,921,154,123
285,963,346,879,1180,818,1235,21,249,218,635,956,861
195,744,968,875,844,1046,87,1111,1110,410,411,862
706,484,122,968,493,410,21,1110,1111,664,1046,218,411,956,702
548,1124,168,265,874,467,883,309,854,630,505,477
706,67,420,1284,1286,841,906,1197,239,47,339,597,315
771,294,169,777,236,429,270,749,1011,245,886,409,346,827
1056,706,2,1130,462,815,688,977,917,1110,1111,217,410,411,956
513,706,484,965,709,122,956,204,723,948,212,218,347,60,509
1250,1252,933,1254,1032,1261,430,433,787,1272,1177,893,318
896,65,963,1134,848,818,1011,627,1208,249,1180,861
1218,1157,775,362,810,1006,849,1234,306,661,1148,349
1056,706,484,1130,493,462,815,688,977,410,917,1110,1111,122,411,956
418,771,611,904,777,346,601,115,1011,1110,375,600,89,1146,1116
292,839,1195,1228,973,912,1151,1011,695,892,93,254,1183
835,548,874,907,618,1106,883,467,854,505,477,1183
835,935,874,907,1106,467,883,1043,854,1206,505,477
1056,608,769,611,771,777,956,204,812,917,764
161,706,199,968,841,493,462,815,977,1110,1111,664,217,410,411
962,869,1158,839,973,942,1041,465,1270,1273,254
1059,102,1192,843,782,949,1047,539,829,766
928,1,0,1226,942,367,1200,1041,1016,1049,93,927
865,3,265,938,972,975,1107,1044,309,313,859,926,863
1056,608,706,1124,1130,815,688,977,410,917,1110,1111,217,122,411,956
288,1185,642,161,516,293,73,106,267,408,1209,698
293,652,1135,848,369,594,851,533,342,58,1214,1182
99,1219,110,1135,910,752,178,851,52,723,118,1214,637,1182
1025,194,100,299,172,109,789,565,310,55,952,88,956,1085
930,164,968,1258,1179,45,976,1170,1046,1015,410,411
2,40,1257,618,460,525,108,1197,718,49,723,1012,628,1274,988,893
323,259,69,107,684,363,686,654,607
704,708,520,72,427,1163,632,1039,1231,114,1141,280,25,954,221
833,870,905,364,878,113,1009,49,593,1073,1213
131,872,504,238,112,1136,600,601,1146,1116
866,291,772,777,846,111,403,54,1175,1111,154,670
320,1156,101,454,1288,77,1231,1265,1267,1141,1178,348,223
33,100,1114,956,115,1075,21,789,218,859,60,765,863
674,99,1220,389,1260,909,110,559,911,595,990,922,1182,1214
962,772,839,936,881,817,1048,1050,443,957,254
98,418,676,293,969,106,267,505,494,467,854,408,1209,477
704,450,771,1125,328,105,777,427,338,23,696,1080,604,540
1184,418,739,104,1001,651,1132,81,276,1110,1111,220,413
804,103,1068,82,818,758,185,1278
449,1059,102,1192,843,782,949,1047,829,766
1113,129,280,1028,650,632,1164,1074,242,1078,376,153,221,25
131,872,504,238,112,1136,600,601,1146,1116
642,195,233,427,204,269,141,244,374,311,88,442,221,126,767
448,609,770,289,483,548,519,622,494,814,308,444,127
191,135,457,268,78,529,83,287
199,968,1197,47,815,410,411,1046,87,1110,217,1111,315,1017
225,486,136,841,169,141,464,497,918,1113,538,606,63
1283,132,773,166,456,232,138,461,142,563,564,732
642,516,485,134,293,106,74,267,494,273,212,408,121
1250,419,1254,619,430,433,119,90,893,703
160,610,197,1190,711,428,525,46,146,920,120,699,30
674,262,139,460,621,652,851,117,1209,58,475,1276
673,290,1219,1220,674,361,652,851,117,118,1213,1182
1248,931,68,70,1224,44,178,370,411,1267,340,410,1179,124
768,354,741,422,234,241,125,350
223,579,998,550,561,913,979,761,566,1013,121,991,1085,799
160,736,258,643,482,707,709,199,410,894,30,217,122,411,158
577,578,739,225,68,100,1223,808,172,398,1232,21,952,88
1249,66,355,227,194,612,1094,296,616,236,1168,278,23,508,29
545,451,675,69,326,323,40,259,107,300,684,718,654,893,607
640,98,67,966,618,234,651,525,460,723,1045,374,727,1081,730,1021
390,646,72,391,423,427,1202,1076,213,950
480,70,231,454,1288,140,175,16,1267,340,1141,571,825,91,190
2,707,1251,709,706,1257,493,462,977,151,410,411,509,511
833,1284,870,1286,906,364,1040,593,1009,1010,657,723,1051,894
963,548,485,134,74,267,494,273,1267,212,121,283,1180,127
707,325,265,664,718,1039,720,497,1173,885,727,56,1112,667
225,1251,707,451,196,1223,139,173,335,178,1109,55,440,1210,988
1249,705,709,775,1127,1194,362,974,1234,723,825,59,1148,540,607
480,518,679,1096,233,72,235,1095,950,215,374,57,954,221
2,131,200,457,233,1257,460,78,112,723,532,248,59,61
737,932,965,1126,204,782,948,917,790,218,347,60
64,827,930,771,6,39,872,777,815,977,210,855,27
509,613,72,777,427,1068,173,464,950,538,667,221,63
1218,646,72,1194,43,746,1006,849,1202,53,437,663,349
1186,195,898,418,771,549,744,777,875,852,85,566,346,827,223
266,941,432,272,53,86,311,821,447
739,748,237,109,1230,1037,177,469,310,952,88
1184,194,418,1001,1130,814,720,115,1110,55,1111,346,220,414,375
288,676,1284,5,1286,713,695,1131,1097,1071,1137,631,408,1207,1053
439,1250,419,933,1254,1256,1259,787,119,1272,90
480,771,356,612,454,231,233,777,691,340,85,886,91,1052,190
544,899,903,1210,1100,178,531,629,1018,507,668,446,95
96,954,418,612,772,1127,1065,236,115,1086,378,189,190
545,97,705,326,300,46,16,1169,178,179,435,725,723,1173,509
1193,395,76,397,271,380,26,796,381,382
547,102,264,521,491,77,1265,498,348,539,508,61,159
191,292,135,457,268,237,78,529,83,698,287
153,281,136,492,301,79,20,150,984,1113,538
481,290,516,293,517,710,264,73,1135,80,474,535,58,826,1182
578,418,1191,104,872,1001,777,81,1105,1108,276,860,830,639
804,103,1255,1068,847,82,818,758,185,1278
191,322,135,457,268,543,78,529,83,287
1121,355,1161,1162,683,781,1231,1168,624,1141,663,760
992,291,675,357,198,1223,492,718,1231,208,178,562,885,1141,670
352,384,650,1163,1164,1069,1166,950,889,25
898,195,1186,771,744,777,875,299,844,85,1046,442,862
1155,646,1159,394,811,1167,1233,1202,659,437,317,447
194,418,324,549,744,777,844,109,346,310,55,88,314,828
326,40,1161,1162,683,1290,301,651,460,1168,464,626,178,723
192,194,418,324,549,459,844,276,116,310,55,857,862
960,545,193,451,98,326,70,300,781,113,179,723,340,983,509
191,135,457,268,78,529,83,287
480,1056,771,324,454,1127,520,777,302,340,378,91,508,190
642,771,809,1002,396,1037,1232,1169,531,915,627,788,888,189,95
1155,70,359,1159,1161,1290,1162,460,301,1168,625,626,178,723,509
449,963,548,777,209,433,19,1173,21,1047,312,249,188
1145,579,550,750,913,979,761,565,566,1013,121,991,283,1085,223
1113,322,153,620,492,144,724,693,918,760,281,187,543
352,358,1163,1164,1069,1166,25,955,889
322,1156,1127,1063,46,207,1231,693,245,1141,886,409,186
994,1155,1159,1194,908,1167,1234,659,1148,317,447
1121,1058,774,967,392,1064,624,1077,184,666,1112
737,804,103,40,1193,82,340,758,185,797,1278
449,1059,843,782,1212,372,373,949,183,1047,1084,1055
1113,771,518,167,169,777,140,175,180,532,20,245,918,153
640,960,548,618,234,1164,1165,1166,373,885,727,1112,889,667
992,291,323,451,198,492,431,1267,181,341,1174,885,670
1280,1153,98,707,1191,329,332,113,370,371,1268,920,541
704,801,487,200,491,492,366,303,242,1043,724,216,1208
834,612,1157,663,43,1006,540,147,723,215,440,1212,349
679,72,427,1072,338,213,950,221,954,1053
1186,1251,709,359,745,329,778,460,625,371,723,725,501,730,285
1153,964,229,351,100,592,1108,757,182,214,985,282,924,639
1153,964,1191,846,111,1108,596,54,1175,568,924,1149,639
288,1187,676,645,631,1226,907,211,407,408
964,742,968,844,1262,878,1264,1169,1173,1046,571,924,862,959
960,545,326,300,460,495,210,723,435,178,475,509,671
609,668,1219,361,622,1169,915,1173,406,759,826,827,444
864,960,707,326,359,46,751,209,723,725,312,58,475,1020
573,292,740,367,208,1200,1011,1048,569,698,443,572,93,927
547,1219,1253,518,520,205,301,175,814,346,20,532,278,760,666
1113,1152,153,679,169,590,207,20,886,982,984,409,1239,1144,1240
933,1256,619,433,787,119,439,1272,1177,318
322,165,167,457,203,140,78,496,144,83,693,1113,319
225,739,677,1062,776,1005,625,1076,823,952,1244,285
545,1217,325,810,362,988,589,718,206,304,849,399,1233,248,540,893
355,805,646,1194,43,1006,1202,663,1242,1212
872,968,815,977,1046,1015,1017,410,411,639
578,418,872,1001,1130,1034,14,720,276,246,375,1110,1111
608,1056,769,611,803,777,204,812,917,218,764,765
771,772,197,1190,428,655,120,122,699,1020,415
487,200,491,140,717,79,144,1232,242,529,216
2,37,709,745,1257,815,625,977,946,694,151,410,411,509
153,322,452,281,1222,301,79,144,693,150,984,1113,543
736,160,258,643,610,709,647,651,946,634,1014,122,158,30
418,1187,967,359,907,1134,156,243,182,282,668
1218,292,1093,838,1192,169,305,147,1076,1204,247,698,215,540,189
545,1123,996,5,460,300,146,435,723,983,185,988,509,638
153,281,233,492,301,78,79,144,150,984,1113
96,257,771,613,1095,72,521,1194,427,489,777,683,624,148,378
609,614,519,648,905,460,1102,143,273,818,723,695,697,1051,1182,127
1282,1283,132,456,461,142,472,58,732,1277,1279
995,359,553,554,555,1131,234,12,687,46,145,274,252,1176,348
65,322,452,518,41,203,140,685,15,144,116,504,1113,62,543
288,407,640,835,676,645,874,688,883,854,631,408
994,1219,389,838,139,1232,595,851,1238,1209,922,475,990,1119
166,102,138,44,526,494,531,533,470,539,123,127
1113,225,613,486,1127,136,141,464,497,153,538,63
129,153,1123,452,203,140,685,460,144,496,245,374,1113,1052
545,996,709,102,359,745,618,906,460,176,468,533,539,988,541
677,748,237,812,1230,623,177,1008,469,534
99,35,838,361,652,559,911,369,594,595,179,406,342,922
676,420,872,841,1131,855,1040,1137,597,567,1176,731
931,68,1224,873,972,44,463,178,1267,498,885,627,124
153,1222,1127,777,173,144,689,20,918,984,1113,221
193,66,616,777,426,1068,685,366,174,690,691,213,918,827,252
704,1089,1156,486,169,492,429,207,175,337,527,1231,1141,984,409
771,452,454,167,327,777,203,140,13,144,1232,180,20,538
1089,771,452,1061,227,169,777,175,760,691,20,245,918,984,543
865,418,229,969,938,171,1179,847,976,1267,600,1146,1115,1116,1149,639
739,100,771,611,777,172,204,60,109,789,952,956
961,58,172,524,543,48,497,468,500,340,538,475,159
706,1124,37,232,968,1258,299,493,1046,1111,1110,217,410,411,956,1215
835,935,874,907,1106,467,883,1043,1206,854,630,505,477
160,258,707,709,199,744,493,462,410,894,30,217,122,411,158
165,294,1127,231,169,301,429,532,180,918,761,984,409,795
544,771,166,138,526,494,15,273,212,470,507,923,127
832,386,355,613,1094,1093,429,785,52,23,952,281,379,958,1087
257,1091,1028,1125,679,424,1065,717,633,950,632,345,954,1086
260,807,552,1098,560,850,371,825,121,283,1085,223
1090,1091,1095,1096,633,1074,1078,950,376,345,1083,1053,1086
1187,835,935,874,907,1106,1043,1206,854,630
1090,1091,1028,679,1096,1065,717,1072,950,633,954,1053,1054
865,1251,614,938,972,1107,1044,313,859,863
1113,1089,322,1028,1061,383,169,1097,1071,144,497,950,153,543
1088,832,808,616,1066,845,115,950,280,729,1114,1084,958,1055
1056,355,388,771,454,1193,777,1067,393,650,1195,115,1080,956,957
1028,679,1095,1096,1074,1078,950,376,221,954,1053
1091,1028,679,1095,717,1078,950,376,345,954,1053
129,1090,1028,679,1099,717,633,1074,1078,950,376,345
675,40,1084,784,1073,723,372,373,1080,667,540,1055
1095,1096,679,717,1072,213,950,1078,376,345,954,1083,1053
129,355,805,613,1189,296,393,1194,235,1068,632,280,1212,540
1082,1028,679,1099,717,1072,338,213,950,345,954
954,1028,1097,393,365,1071,1081,378,1086,383
864,640,960,1248,359,682,715,1102,751,1039,944,656,725,697,730,1051
865,577,418,3,229,614,938,972,1107,1044,313,1115,639
546,1160,41,123,398,1103,1174,599,154,219
1090,1028,1082,679,1099,717,1072,338,950,345,954
292,1114,1255,1100,629,634,1015,120,1017,122,1020,894,415
865,577,614,938,1107,1044,313,859,863
225,1251,131,902,136,937,940,141,301,1104,464,112,1107,601
706,199,968,493,462,815,688,977,1110,1111,1046,217,410,411,511
416,964,581,574,876,1103,1105,1108,276,54,923,860,1149,830
1092,1028,679,1095,1065,1096,1099,717,1039,696,345,954,1086
704,636,1092,1093,1094,1125,775,683,1067,696,377,1052,1087
1281,764,6,583,872,828,727,885,567,568,1210,667,1244,1055
576,260,807,1098,750,371,825,121,283,1085,223
679,1095,1065,1096,1072,950,345,954,1053,1086
954,1097,393,365,1071,950,918,1081,378,383
66,1093,1094,261,712,377,236,429,175,56,409,346,1087
1120,999,1001,777,651,814,1172,276,412,1243,956,413
1221,510,137,525,147,468,533,182,472,58,475,1180,1118
292,553,554,555,1037,237,274,1048,698,957
1184,999,551,1001,1130,1258,1132,276,789,375,956,414
514,676,872,1131,855,1137,597,567,1176,731,861
963,484,548,1134,814,753,182,1206,1208,249,827,1020
960,864,545,1282,618,460,1138,723,340,725,178,920,185,1179,509
1059,102,1192,1064,843,525,782,1047,539,60,829
355,805,613,1194,43,362,784,53,663,1242,1212
1218,355,26,805,1194,43,1006,1202,659,663,1242
1121,1058,228,1064,298,235,113,49,402,727,1112,377,666,510
960,835,548,1209,618,874,1106,467,1043,854,505,477,1183
1248,929,1253,6,1223,370,1139,436,1115
1248,929,1153,1253,6,1223,1139,436,1115,639
416,32,923,964,1033,1147,492,813,1108,567,1241,891,985,1149
923,964,1147,813,846,366,592,1105,1108,54,921,891,1149
1026,418,229,934,828,873,972,15,498,1210,124,1150
1248,1153,541,1253,229,1191,325,329,370,1139,178,723,411,509
578,418,1124,1029,3,71,265,1130,299,1005,528,309
1121,1154,613,1064,392,1290,1162,624,1112,666,604,669
1155,646,1159,394,811,1167,1233,659,437,317,447
1122,998,558,561,401,563,564,947,566,980,986,603,605,1247
1248,929,1253,6,1223,370,1139,436,1115
1128,1225,714,1165,304,307,1140,53,373,1236,1277,734,31
320,1156,101,716,1165,1231,1141,53,663,1083,1212
577,578,968,1130,815,720,410,1046,87,152,1110,1111,411
644,884,1142,887,537,890,701,222
577,578,968,1130,815,720,410,1046,87,1110,217,1111,411
1248,929,964,1253,6,1223,1139,436,1115,639
1123,963,1255,525,912,1180,1011,52,1019,892,1151
546,69,840,41,363,684,107,654,592,1174,607
196,325,1223,1004,497,946,852,1109,1174,54,568,1210,1115
609,995,1220,361,908,1133,652,1007,369,722,438,1182
579,550,1003,750,1038,400,561,980,565,1237,566,405,1013,991
1153,291,964,580,583,1000,1160,398,1108,54,599,639
1184,549,325,999,1001,1034,1132,814,720,276,375
0,640,1217,737,359,1193,234,525,46,1200,723,185,187,541
899,931,261,710,934,1224,264,44,463,178,1267,127
865,1153,3,938,1107,1044,313,859,863
32,567,1031,1033,1035,876,592,1105,54,855,1241
288,928,418,1221,869,137,879,1041,1011,1204,254,407,1118,1183
1184,1120,610,549,999,551,1001,1132,1172,953,414,1023
896,65,89,418,904,814,1103,55,249,346,635,62
800,193,773,230,1003,972,781,1005,1042,916,1237,347,797
418,599,1031,1033,1035,876,398,846,592,54,855,985,1147
897,866,964,877,846,1105,596,54,1175,1241,924,1149
675,646,266,43,1194,974,1167,849,1202,723,659,53,663,26,447
567,599,1031,1033,1035,876,592,1105,852,855,1241
864,640,675,359,751,1199,625,16,723,1267,725,52,852,730,509
576,1025,762,750,1038,560,400,565,570,1022
960,225,509,451,326,40,300,460,178,435,51,725,723,893,1215
668,1185,292,649,875,1200,726,983,920,1209,731,120
1024,353,419,9,1002,138,297,1040,721,1010,787,183,1018
896,546,1160,219,1103,818,1174,599,154,123
928,1,0,4,5,292,1226,367,1200,1041,1016,93,927
2,740,359,1257,525,50,569,443,572,573
1024,418,420,678,9,745,1133,1137,1010,721,695,1018,252
34,599,1160,968,1258,1004,398,1108,1046,1015,1017,410,411,985
833,870,905,1002,364,593,1009,113,49
961,707,900,232,524,493,48,497,625,468,500,533,475,1215
580,964,615,583,1139,1108,1149,568,985,1181
1057,355,582,296,1194,427,1068,171,51,947,247,986,1212,1246,1247
1056,608,769,611,803,764,777,204,812,917,956,765
1121,1058,967,1064,392,402,1077,1112,666,184
872,968,815,977,1015,1046,87,152,1017,410,411
193,642,329,10,1195,46,367,208,753,1011,726,1213,346,443,541
674,610,98,359,551,586,11,621,878,751,723,1268,953,634,1149
931,68,710,1224,972,44,975,463,178,1267,628,278,124
1090,1091,1028,679,1096,1065,633,950,345,954,1053,1054
704,1209,1028,776,266,372,373,950,1080,345,1084,1055
1250,1252,933,1256,619,1260,1261,1259,430,787,1272,893
1004,525,460,1180,19,1235,115,117,375,1208,249,346,188
930,164,872,968,1258,45,1170,1046,1015,410,411
70,1191,169,175,815,688,824,20,245,984,153,988,24,543
100,488,299,60,879,500,21,533,311,534,218,956,285,1215
679,1095,717,1072,213,950,345,954,1053
257,1125,421,679,424,520,427,23,632,954
872,968,815,977,1046,1015,1017,410,411,639
704,452,327,169,393,427,1067,365,693,153,954,1052,1081,383
1120,610,549,999,1001,1130,1172,276,953,1243,412,413
261,647,648,1064,494,16,1169,656,497,885,533,727,1112,667,638
196,580,583,1160,615,398,1108,1109,599,568,1115,1181,639
449,1059,1192,843,782,949,1047,829,766
224,130,931,68,163,133,92,178,18,628,1267,498,466,536,284
226,195,1186,771,549,968,844,346,1041,1046,567,601,858,28
545,451,383,40,1097,365,525,1071,1073,723,185,378,667,509,1081
679,1095,1096,717,1072,213,950,345,954,1053
64,771,1222,39,777,410,1011,411,438,600,1146,27,1116
454,423,714,734,1232,882,307,1236,1140,794,957,606,31
706,199,968,1130,493,462,815,688,977,1110,1111,1046,217,410,411
66,227,355,1127,426,108,268,723,278,23,918,24,29,319
385,838,807,617,1002,759,1073,371,117,343,1213,446
418,356,472,1289,525,143,531,468,24,221,58,476,1117
776,1097,1068,365,1071,372,373,950,1081,221,383
609,867,291,196,1033,939,332,111,943,403,852,823,441,154
352,358,1163,1164,1069,1166,25,955,889
640,545,960,864,26,359,1193,394,715,395,397,786,725,730,381,382
418,1284,838,333,1070,143,909,911,1171,308,1108,1048,1051,351
358,1163,1164,1069,1166,1165,889,955,25
1280,545,1284,460,525,1070,143,495,113,178,723,697,1051,509,351
291,613,38,808,746,492,1068,303,495,624,760,56,1212,766
1121,1058,967,1064,624,402,374,1112,377,666
706,1124,37,232,968,1258,299,493,1046,1111,1110,217,410,411,956,1215
257,1028,1092,1125,679,424,1065,717,696,950,632,345,954,1086
323,69,840,40,363,684,107,718,654,592,607
1088,1090,1091,1096,1066,1099,717,633,1078,950,376,345,954
64,577,835,39,410,1233,630,600,1209,1146,27,1116,989
771,388,1028,393,777,1067,650,365,372,373,950,374,1080,1055
33,100,292,1126,168,172,346,623,627,883,534,854,1114,1275
706,966,968,841,493,462,239,815,1110,1111,664,249,410,411,702
32,567,1031,1033,876,813,431,601,1108,852,598,54,1241,1147,985
993,36,809,267,396,909,911,915,52,761,637,575
1089,153,322,1061,327,169,620,1232,693,918,760,1113
35,293,361,909,1135,911,369,594,179,342,406,118,1182
865,1251,614,938,972,1107,1044,313,859,863
1113,1089,322,153,452,1156,1063,1127,169,1231,1141,409,186,1052
449,1059,1192,843,782,949,1047,183,829
923,1191,1258,1004,219,914,1108,891,860,1149,830
704,193,450,775,328,105,393,427,169,620,532,348,632,59,540
389,909,910,911,594,595,1269,602,990,922
545,451,675,69,326,40,107,300,684,363,654,723,435,1267,185
322,153,452,932,327,779,140,144,280,1113,445,543
36,965,809,1002,396,909,915,52,788,1011,953,826,956
1121,1282,1188,453,70,1287,1285,297,1290,460,1232,1277
1056,769,803,611,764,204,60,948,917,790,218,956,765
675,454,1287,714,234,618,525,1199,16,178,1267,340,723,1021
608,193,739,965,956,797,781,115,916,917,60,285
129,294,135,455,521,489,460,301,113,532,55,1238,215,440,191
416,417,923,1229,219,1101,591,1108,599,921,891,1149
1283,132,773,166,456,232,138,142,694,1111,1110,442,732
1153,1026,418,964,614,335,1139,820,214,919,313,863
609,994,1209,759,814,945,178,1269,406,1143,1208,441,1210,1245,1119
736,737,738,964,709,647,493,335,946,1045,1014,952,634,924,989
2,162,773,1257,988,460,525,1232,49,723,1208,442,91,1180,479
416,546,891,1229,219,1101,591,1108,921,923,985,1149
740,1200,881,50,93,569,443,572,573
1184,999,551,1001,1130,1132,720,466,276,246,1243,92,413,414
609,549,263,423,346,622,1169,1238,475,1048,1050,827,444,734
451,1251,675,291,359,40,939,925,943,625,946,852,823,185,893
929,1253,6,1223,614,370,1139,436,1115,639
452,140,685,845,175,144,689,626,693,1205,187,445,543
1279,1284,5,1002,171,715,366,46,1232,531,723,634,446,95
941,589,272,432,821,53,86,317,796,311,447
1281,931,899,934,828,463,124,18,627,55,1210,284,1150
448,1249,770,647,682,1169,273,49,628,470,953,1274,1276,478,351
1059,102,1192,843,782,949,1047,539,829,766
1153,34,931,932,1253,1223,779,972,1042,1139,628,370,1267,639
1216,419,933,1254,1193,297,525,783,434,787,119,178,53,439,90
644,884,1142,887,537,890,701,222
1250,1252,619,1260,331,430,1261,433,119,893,318,703
614,972,975,178,1107,562,885,313,859,863
644,884,1142,887,537,890,701,222
1248,929,1153,1253,6,614,972,1139,436,1115,639
644,884,1142,887,537,890,701,222
326,1289,299,300,525,336,1232,627,435,179,920,541,478
545,678,359,460,1133,46,1007,723,435,1045,438,187,509,1182
1155,355,612,1157,357,1189,746,43,941,1266,437,663,1212,349
416,544,546,923,41,219,507,921,154,891
280,808,1032,1225,777,1067,77,845,532,440,729,252
1250,933,1256,1259,1260,787,439,1272,1177,893,318
1123,292,454,1255,525,912,1011,1019,892,1151
802,8,425,520,683,919,305,692,1270,247,728
800,418,771,676,645,841,639,880,1043,214,408,249,346,476,895
257,421,1125,424,1065,338,213,23,632,954,1086
897,996,1000,168,877,846,303,813,596,54,1176,827
509,773,679,72,1194,427,173,1039,113,338,213,950,221,543
898,195,771,878,1073,1213,22,87,152,1110,410,476,700,1111
1156,389,426,235,173,718,497,1233,594,628,501,595,922,990,703
900,549,902,196,872,937,940,814,1104,1008,601,858,639
439,1259,619,331,430,433,119,1207,1177,90,703
131,902,937,940,108,1104,112,1136,692,278,601,767
928,0,1158,839,777,1226,1200,1041,1011,1016,1049,93,927
544,197,1190,711,837,1222,428,655,1232,627,531,507,120,699,415
833,963,870,905,170,1002,364,1009,593,1180
834,1157,974,432,1233,1202,723,659,53,663,26,509,447
545,65,1257,682,139,460,906,905,170,364,848,465,723,988
389,909,911,594,595,658,602,1269,922,990
32,321,354,867,866,899,422,492,431,241,115,852,598
965,1126,1062,797,782,60,1073,948,917,790,347,764,765
610,965,1001,1130,651,204,917,1110,1111,953,1243,413
545,417,1251,923,359,460,300,1229,1101,336,591,723,435,921,507
960,545,640,384,1216,709,407,359,618,907,46,1106,151,408,509
867,291,871,971,1262,1264,819,823,856,959
1217,1122,1127,712,776,807,1098,429,175,784,371,245,409,667,316
768,354,612,741,422,234,845,241,125,350
673,1219,1220,293,652,621,851,118,406,58,343,1119
672,1217,191,228,390,423,72,713,391,298,365,147,282,31
1026,931,614,1224,969,972,976,1107,757,313,859,828,863
416,417,2,544,1257,1101,1229,591,507,921,923
257,1125,421,424,1039,1234,1109,23,632,377
1121,1058,774,967,392,1064,624,1077,184,666,1112
1193,394,395,76,397,26,380,381,382
291,867,1160,939,686,943,852,981,823,925
1217,589,718,271,399,786,1012,248,1273,794,667,796,831
1250,419,1254,40,297,718,787,119,90,893,703
257,771,388,1125,393,1065,650,1067,365,777,1166,950,632,1080,1086
707,871,1001,971,1262,720,1264,178,723,959,1110,1111,1209,414,1023
1193,394,395,76,53,26,380,381,382
1056,771,168,777,1037,974,847,115,404,916,917,888,793
674,35,290,727,139,621,179,1045,406,885,1081,667,1119
1121,1058,967,392,1064,402,1077,727,184,1112
576,986,1247,1038,750,400,560,947,570,565,566,405,1013,762,223
291,393,939,111,760,403,1108,276,54,598,918,154,1181,670
131,902,872,937,282,940,1104,1136,112,1107,601,858
801,387,1095,393,1194,137,1097,365,1006,950,1081,349
291,867,939,943,1264,852,22,823,925,959
386,355,418,805,454,1095,1127,72,1194,427,777,650,812,954,379
131,229,902,937,940,108,1104,1136,112,1108,601,639
385,98,1064,1097,525,1071,1073,113,49,727,667,1244,1213
291,867,939,332,943,111,981,823,925,959
384,352,650,1163,1164,1069,373,407,408,955
1121,1058,774,967,392,1064,624,402,1077,1112,666,184
449,1059,613,357,266,843,244,373,949,183,1047,1212,829
390,391,72,646,1095,1069,1166,1072,1076,1079,1078,950,376
1121,390,391,646,72,423,1062,172,1039,1076,950,667
608,965,1126,60,115,948,917,218,347,956,957
388,520,377,1067,365,346,51,1080,1081,378,827,1086
1056,739,100,965,172,1005,109,1075,917,21,952,88,956,285
355,1080,679,1194,43,1067,1072,115,1075,693,950,760,954,379
610,707,549,551,1001,49,625,953,1243,413,1023
954,704,1097,377,365,1071,1081,378,1086,383
1028,1095,679,1096,717,633,950,1078,376,345,954
1088,96,1082,712,1065,489,683,378,632,377,954,1086
801,1058,1121,193,483,774,1161,1162,777,109,402,1213,951,827,797
1095,383,393,1097,365,1071,51,213,822,950,374,633,1078,918,1081
954,1028,679,1097,365,1071,1081,378,383
1059,804,1062,807,839,1098,1067,782,371,1244,764,957
1193,394,395,76,397,26,380,381,382
1189,747,941,589,399,432,53,796,317,958,447
1193,394,395,76,397,26,380,381,382
384,358,1163,1164,1069,1166,950,25,955,889
1193,394,395,397,334,26,380,381,382
608,1056,769,611,803,965,764,204,948,917,790,60,765
1251,58,359,472,585,586,282,780,894,792,730,763,184
800,706,67,354,963,966,841,778,239,336,664,249
769,803,804,389,396,368,595,788,990,1076,826,764,765,1182
355,612,805,1194,43,394,362,784,53,663,1242,382
1056,769,803,611,956,917,790,764,765
193,225,227,1218,613,8,174,689,1234,242,723,822,23,187,29
608,1056,769,803,611,764,812,60,115,1075,917,1114,956,765
704,1095,393,1097,427,1068,365,51,213,373,374,1081,383
1121,1058,774,967,392,624,402,1077,184,666
954,450,775,679,105,72,427,650,86,663,250,540,221
804,103,776,1068,82,818,916,758,185,1278
1153,869,1191,839,329,907,525,146,818,1012,468,58,541
960,1056,769,803,359,680,745,204,917,790,764,765
770,899,828,314,814,1198,124,754,55,952,346,956,285,542,639
1145,260,807,1098,371,979,761,566,121,283,1085,223
704,1024,547,708,549,612,233,521,717,685,532,501,918,280,249
1218,355,805,1194,43,395,362,784,1234,663,1242,382
739,771,134,263,519,1001,487,777,814,848,468,533,55
98,359,585,586,780,878,113,1268,725,792,730,763,894
677,748,237,1037,623,177,469,534,310,88
608,1056,769,803,764,812,204,60,1230,115,917,790,218,956,765
481,1082,1099,717,338,213,1078,535,345,474,221
1056,769,965,969,778,972,495,784,1011,916,917,1237,285,764,797
801,486,136,1067,236,141,492,464,497,277,1080,538,63
1024,1062,487,137,1230,530,115,1075,21,189,1047,1114,1277
32,196,599,1160,1033,398,1103,431,850,403,54,598,825,283,223
191,193,135,457,777,268,78,529,83,918,287
545,98,1160,1000,682,235,140,108,398,460,599,1209,510
1089,771,1061,167,169,777,180,532,20,245,984,316
131,600,460,238,1136,112,504,1146,1116
326,40,74,138,494,463,1232,273,178,531,852,117,470,435,541
1121,705,967,392,522,624,468,918,184,666,510
833,963,870,905,170,906,364,1009,593,732,1213
994,389,908,909,910,911,594,595,1269,602,990,922
708,261,231,520,521,1194,777,378,148,85,918,760,346,59,508,190
389,909,911,559,594,595,602,922,990
961,1186,195,324,968,875,524,587,48,85,1110,1111
897,866,567,583,877,846,111,596,54,1175,985
704,355,612,613,454,520,1194,523,427,492,918,663,760,29,255
1184,610,651,204,1005,1132,917,953,1243,412,413,414
515,228,68,453,614,136,298,716,685,1232,1107,760,252
576,1025,1038,750,400,560,570,565,762,1022
514,706,67,3,1031,841,1131,239,112,1137,852,436,567,664,601
98,1251,359,585,586,780,1197,878,1268,792,730,763,894
1090,1186,520,424,393,875,620,442,691,213,954,1053,1054
129,2,518,456,1289,233,460,495,178,723,532,984,475,988,509
608,1056,611,803,771,764,777,204,917,218,956
131,872,504,238,112,1136,600,601,1146,1116
96,129,418,676,296,521,235,683,365,492,691,148,631,378,508
416,544,546,923,41,1229,219,507,921,154,891
389,909,910,911,594,595,1269,602,990,922
576,1025,750,1038,400,560,570,565,405,1237,762,603
34,98,228,675,542,392,522,298,12,139,497,408,1209,510
1121,1154,705,613,967,1064,1290,624,1112,666,604,669
706,199,872,968,815,688,977,410,1046,1110,664,217,1111,411
833,963,870,905,170,1002,364,1009,593,1180
407,1218,1157,296,974,1232,1234,437,502,215,408,86,1148,540
1156,613,1127,616,426,651,173,275,147,501,503,540,29
545,1251,963,868,585,586,1257,460,682,905,818,723,597
1185,292,677,871,237,1230,274,1075,500,115,698,1114,699
867,291,133,102,871,939,140,1262,1264,531,981,22,539,61,959
707,709,359,199,745,1257,720,625,151,217,122,509
1156,613,389,426,908,1231,1232,501,1141,503,922,540,990
897,866,567,1160,877,846,398,596,852,54,1175,1241,891
545,1289,988,460,495,49,498,113,1012,723,178,600,1146,1116,509
995,923,1241,1004,1105,914,81,1022,921,891,860,1149,830
2,1251,707,709,1257,745,815,688,977,151,410,411,509
771,900,229,902,549,772,777,940,108,814,1104,375,858,639
771,452,1127,393,777,203,140,685,13,496,144,691,724,319
968,905,844,601,116,1046,600,857,1146,1116,152,862
961,486,136,235,459,141,464,497,498,533,538,63
573,839,936,881,817,1048,569,1050,443,572,957
289,74,490,298,267,494,972,273,113,753,859,127
897,580,583,615,876,877,852,1108,596,855,568,54,985
324,969,459,791,1197,110,495,315,339,1046,86,1208,858,411,862
1031,1033,1035,876,592,1105,1075,1108,276,855
192,545,963,900,490,460,124,1180,1043,1235,858,476,862
407,482,805,709,199,880,339,86,631,408,217,122,315
1186,968,649,875,844,720,983,920,1046,566,726,442,862
546,867,291,866,582,840,41,842,492,718,592,852,1174,1241,607
835,935,874,1106,883,467,1043,854,1206,630,505,477
608,484,965,487,488,1004,113,948,21,789,533,218,60
954,704,96,489,1161,683,457,1162,1168,83,378
229,871,971,1262,111,1264,819,856,959
481,129,1028,233,1074,535,474,187,988,221
225,676,486,136,141,685,173,464,497,631,538,767
1219,389,361,909,911,368,658,595,788,826,990,922
480,929,231,200,233,460,207,848,691,723,886,91,61,190
448,770,255,261,235,622,494,1169,827,444,478,127
291,867,939,943,1264,852,22,823,925,959
418,1146,904,968,410,1116,1046,600,601,282,476,639
1248,1184,418,739,771,610,549,1191,999,1258,1132,824,410,411,1023
674,139,460,525,621,473,468,533,472,249,58,475,539
954,481,609,1082,1099,717,1053,535,345,474,221
1026,614,934,263,975,335,820,757,919,313,1210,859,863
963,102,487,476,906,848,465,1011,212,533,539,1180
963,292,549,102,1258,1036,525,1041,1011,473,1180,1149,415
416,32,923,964,1033,1147,492,813,1108,567,1241,891,985,1149
868,548,263,139,622,368,498,1238,1015,472,1017,475,444,637
321,323,69,249,1160,41,363,398,1262,1264,819,599,959,607
1123,100,1221,777,1134,495,1011,1238,471,952,892,1118
866,567,1031,1033,1035,876,592,1105,1108,596,855,1241
771,166,777,138,44,526,273,531,212,116,470,127
871,234,971,651,525,1262,1264,819,856,959
1056,771,611,965,777,204,237,60,948,469,917,88,218,956
897,866,583,877,846,111,596,54,1175,985
609,418,771,614,263,648,777,273,1169,468,533,919
453,486,136,1161,1162,141,269,464,497,538,221,606,63
706,484,122,968,60,410,21,1110,1111,664,1046,218,411,956,702
963,487,476,906,848,465,818,1011,212,533,539,1180
899,710,102,264,455,44,463,178,1267,498,535,539,1150
835,935,874,907,879,1106,1043,883,630,1206,854,505
546,867,291,675,771,840,41,842,777,654,1103,366,592,1174,154
1283,132,732,456,682,460,461,142,49,113,723,1276
964,615,924,1004,1103,914,1108,54,985,860,1149,830
549,326,969,1130,459,237,495,177,627,500,21,534,825,1114,60
1120,1184,418,549,651,1132,1172,1243,412,413,1023
287,135,457,268,543,78,529,83,191
1251,359,585,586,460,113,946,49,723,628,1209,1274,284,509,1023
576,1025,260,560,850,565,405,825,570,283,1085,1022,223
706,968,841,201,1130,1197,462,815,977,1110,1111,664,217,410,411
736,1058,1251,739,1062,727,715,1021,885,1079,1244,285
194,549,999,744,1258,844,814,720,1008,1041,276,375,824,346,220
288,1216,640,642,676,645,928,631,1185,1226,854,407,408,698
1152,1145,579,550,590,561,913,1013,566,1239,982,1237,1240,991
287,135,457,268,78,529,83,191
290,1219,361,652,1135,559,851,117,118,342,1182
1184,771,549,551,999,681,1001,777,1132,115,276,760
289,1026,614,873,969,972,15,18,919,313,859,828,863
1152,991,552,557,401,561,980,982,1239,1240,986,605,1247
1185,962,292,1037,237,271,957,786,274,1270,695,698,794,93
640,1251,291,675,451,359,618,715,939,925,943,1021,625,823,1273,989
928,1,0,4,7,1226,367,1200,208,1041,1016,1049,93,927
512,128,130,2,706,709,295,745,1257,977,946,664,410,411,509
704,801,450,294,1127,231,236,268,242,532,180,918,537,61,222
1282,228,68,102,1287,1128,297,525,1233,1205,475,1277
1218,355,834,357,296,663,1194,235,43,502,215,1212,540
608,578,1124,1029,71,968,841,299,1005,528,115,1075,1046,952,700
128,225,577,356,548,1222,486,136,298,87,24,152,767
261,166,138,44,494,814,16,1169,470,827,127
99,1220,67,262,621,814,559,110,945,595,117,1143,1276,1245,1214
1024,97,418,611,454,263,648,777,1169,468,533,444,1023
899,931,934,710,264,1224,44,1004,463,178,1267,1150
1157,266,810,304,1234,659,53,86,663,757,831,311,447
672,0,835,932,1030,713,267,907,718,881,630,1206,1273
1028,1127,520,233,969,427,393,301,270,366,495,532,20,249,316
1217,447,76,589,206,399,271,397,786,794,796,317,831
962,292,869,1158,839,1226,1195,12,942,1200,1048,799
1189,941,974,272,432,1233,1212,821,796,317,447
609,97,963,289,614,648,1129,1102,814,847,273,818,827,508
96,257,801,66,198,1223,294,523,492,175,337,275,503,760,665
448,1249,1061,169,429,207,340,277,886,729,988,351
992,577,931,261,902,6,779,108,847,767,436,278,827,828,639
1088,129,452,281,632,685,845,144,760,280,729,445,958
1113,153,66,452,620,685,301,693,918,984,280,281,187
963,902,1146,968,937,940,1134,1104,1011,600,282
451,324,1210,139,1068,1005,651,495,723,244,311,440,1242,988,1215
581,584,846,852,1108,54,567,1241,1149,574
1092,359,941,397,1084,432,272,243,885,86,22,344,796,317,1055
866,581,582,599,1160,398,852,567,1241,571,574
129,705,487,200,491,717,366,303,1232,242,178,216,1208
577,578,194,549,999,744,872,1130,1110,1111,151,220,375
768,354,741,422,234,241,125,350
865,706,67,841,745,218,938,239,1104,1108,375,122,1020
580,964,615,583,1139,1149,567,568,985,1181
344,206,399,271,304,786,248,250,794,831
544,545,417,1251,98,891,359,618,460,1101,1229,591,336,723,921,507
2,707,709,325,999,745,1034,493,14,720,946,246,375
581,1031,840,1033,41,1035,876,363,107,592,855,1241,1149,574,607
802,771,934,425,777,305,468,1076,247,728,665,346
1153,580,615,583,1139,1108,567,568,985,1181
225,675,460,301,718,1199,946,371,723,245,409,1210,540,509
581,584,1147,846,1105,852,567,1241,923,1149,574
962,869,1158,839,1196,973,942,274,93,957,254
740,329,942,208,50,93,569,443,572,573
227,1127,233,427,492,270,559,945,532,245,1143,251,316,1245
740,329,1200,208,50,93,569,443,572,573
707,359,234,907,12,525,46,460,178,723,538,252,1277
740,1200,208,50,1011,93,569,443,572,573
1217,1193,619,331,206,271,399,119,248,985,250,794,1052,703
964,567,599,581,1160,582,969,398,852,823,1241,571,924,574
640,993,715,667,657,885,1238,727,888,1112,1276,637,575
259,675,107,684,654,686,303,366,852,670
160,258,643,707,709,199,493,462,410,720,30,217,122,411,158
577,578,549,999,551,1001,1130,872,720,276,1110,375,1111,151
257,421,1125,1065,723,23,632,954,1086
576,1215,1093,775,810,523,1165,13,560,1168,850,52,570,540,255
196,581,584,852,1109,567,568,1241,923,574
376,679,72,427,1072,338,213,1078,950,221,954,1053
576,121,260,560,850,565,761,405,825,570,283,1085,223
1152,590,563,564,982,1239,1240,566,1144
608,1056,771,611,803,764,777,204,1230,917,218,60
290,675,359,1193,988,301,525,562,723,178,1045,694,500,187,1276,509
931,932,614,972,975,976,1042,1267,859,828,863
199,968,1197,462,47,815,410,1046,87,1110,217,1111,411,1017
1184,194,549,968,1001,777,1132,844,862,276,1046,375,220,414
579,550,913,561,979,1013,1145,991
641,509,227,40,427,460,301,495,178,723,1212,221,475,988,540
580,1241,583,615,1004,1139,567,568,985,1181,574
577,228,1156,1222,1223,298,173,1231,1232,760,370,436,1141,1272,670
581,599,584,1160,398,852,567,1241,574
576,579,1038,400,560,561,570,565,566,405,762,1022,991
225,675,486,136,1227,141,173,718,178,723,628,1267,314
224,226,195,900,163,133,37,536,17,87,152,858,28,862
1152,590,563,564,982,1239,1240,566,1144
34,964,615,583,1004,985,1108,1015,568,1017,410,411,924,639
481,517,232,233,460,525,49,1180,178,723,475,91,988
576,995,998,560,401,947,371,570,566,986,605,1247
0,768,5,422,234,525,241,723,1273,125,350
800,67,292,553,554,555,1037,208,753,274,991
3,229,828,938,15,124,498,978,1044,1171,1170,214,600,1146,1116
292,553,554,555,1037,208,274,93,957,254
98,804,70,231,1211,302,784,283,723,340,886,1242,91
292,553,554,555,1037,957,274,698,93,254
195,744,968,875,844,1046,87,1111,1110,410,411,862
800,706,67,549,1159,841,778,239,597,664,249,702
576,579,550,1038,400,560,570,405,565,1237,1013,762,991
452,230,296,522,140,781,972,173,240,1039,113,818,347,221,543
994,389,908,909,559,911,945,1143,1245
1145,579,550,401,561,979,980,565,566,1013,1237,761,605,991
421,294,1127,140,236,685,175,816,497,430,280,377,445,221,543
812,237,1230,748,1008,177,1075,115,88,1114,60
1152,1239,552,557,1038,590,400,560,565,405,982,1144,762,1240
291,806,360,492,749,718,303,495,785,371,761,121,1212
640,707,804,359,234,460,525,46,751,178,723,1209,1244,509
1218,355,362,810,1006,784,849,1234,661,1148,349
673,1219,361,1002,909,911,368,369,80,52,406,826,1214,1182
1121,1058,509,356,1222,1289,268,402,24,1117,798
640,354,234,715,618,778,336,241,125,727,1273,730,667,1021
352,358,650,1163,1164,1069,1166,25,955,889
357,455,264,266,463,1266,1234,372,373,53,663,467,505,477,542
929,1253,6,1223,614,972,370,1139,436,1115
35,1220,361,652,1133,559,911,369,594,179,658,438,342,990
704,1095,427,1067,1106,372,373,950,1084,1055
704,1028,383,1106,372,373,1078,950,376,1084,1055
259,291,867,582,739,1273,1033,366,303,942,54,1049,93,670
323,675,69,451,41,363,684,107,654,607
290,674,426,715,460,621,1199,368,16,1232,1267,723,1045,540,990
962,223,772,869,998,839,973,942,367,563,566,761,957,542,799
992,1156,357,198,1000,1160,492,398,1231,1168,341,1141,599
1219,35,293,1220,361,1135,369,594,851,118,342,1182
99,1220,838,559,945,118,1143,1245,343
1121,705,1058,967,392,624,402,184,666,1112,604
0,354,675,646,359,72,362,336,625,1202,723,1076,988,540,1279
1089,227,1061,1127,169,175,527,337,1231,691,1141,918,409
954,679,427,1099,717,338,1053,213,950,345,1082,221
675,70,231,332,812,207,497,723,340,277,120,1209,667,988
768,354,741,422,234,241,125,350
64,229,838,39,909,1070,911,627,214,887,1210,27,351
352,384,265,1163,1069,173,1135,495,718,1039,885,727,56
353,1250,419,933,1260,1261,430,433,787,119,1207,1272,1177,893
645,40,314,141,814,847,720,718,1043,723,55,346,893,1182
965,1126,230,204,781,782,1075,948,115,347,60
320,450,101,454,903,77,1052,1231,1265,1141,760,1178,348
1218,355,775,43,1006,849,1234,659,306,661,663,1148,349
322,452,327,460,685,144,724,693,374,280,281,187,606
545,35,326,299,300,495,336,435,179,723,509
1250,837,933,1256,330,1259,1260,1261,787,893,318
610,707,325,999,1001,1034,681,14,720,276,246,953,1023
194,611,324,748,460,1008,177,401,1232,980,1233,723,469,605
323,69,840,41,107,684,654,686,592,607
704,322,153,518,457,203,140,685,78,144,496,1113,543
321,451,675,40,718,592,946,723,1149,607
320,1156,101,454,1288,77,1231,1265,1267,1141,1178,348,223
225,1026,675,1251,460,46,335,723,820,628,919,1209
1217,394,334,974,206,1233,1266,659,53,317,382
102,1064,1289,267,333,526,143,113,49,497,475,727,1112,539,667
0,451,1251,709,359,40,939,332,943,1200,625,946,723,852,823
545,451,326,40,331,300,301,430,718,433,119,1272,893,703
353,1250,419,837,454,297,330,428,1260,655,209,787
1123,548,869,262,167,329,521,367,208,1200,498,1011,180,541
704,328,105,424,427,1290,1039,338,213,86,1080,954,604
1218,775,362,1006,849,306,1234,661,1148,349
353,1128,297,334,304,882,307,1106,53,852,1140,1236,734
1217,810,206,399,304,271,786,248,794,831
677,425,1230,335,305,497,469,885,727,221,665,667,1021
706,199,968,841,201,1197,462,815,977,1110,1111,664,217,410,411
705,1186,195,423,231,391,302,188,19,249,442,59,508,190,223
291,259,69,867,742,840,1160,492,366,303,1264,398,599,1177
612,518,1127,8,169,233,426,650,300,685,429,588,845,20,984,409
1252,933,1254,1256,1259,1261,439,1272,1177,318
153,165,281,440,489,301,496,180,532,150,984,1113,251
737,1217,1188,1287,297,334,206,1233,1266,1201,786,317
832,641,227,1126,426,685,760,280,729,379,958,319
225,577,739,1253,614,1227,660,757,310,55,820,314,859,863
706,67,420,1284,1286,841,906,1197,239,47,339,597,315
545,1217,326,362,460,589,1232,849,625,178,723,694,311,540,509
407,449,418,419,841,777,1020,209,19,1173,309,1047,312,188
448,770,519,647,263,494,1169,308,346,827,444,189
225,194,440,70,748,1037,1198,143,469,310,55,88,220
