1,5,133,7,13,269,20,22,30,32,35,37,41,170,43,44,52,312,58,189,319,198,199,202,213,215,88,89,218,95,229,232,242,243,249,127
258,262,7,11,16,146,280,30,158,31,32,163,165,38,168,46,48,50,51,180,53,56,57,60,61,192,73,202,84,87,90,219,221,227,229,102,236,245
9,10,16,273,18,275,22,24,28,29,158,287,32,163,293,166,299,43,303,50,307,51,179,56,313,58,187,316,317,63,65,210,87,88,220,221
3,7,265,16,18,20,22,31,32,289,290,163,38,42,173,46,48,51,53,312,56,57,316,189,61,319,322,205,209,87,217,219,221,225,236,116,117,121
3,5,265,13,18,20,22,24,30,32,33,35,36,37,40,44,173,45,51,52,54,313,317,189,319,64,198,88,89,221,222,234,242,116,117,121
128,3,4,266,12,13,16,20,277,24,285,158,32,162,34,39,43,47,51,55,312,58,189,198,199,72,209,85,213,87,217,223,233,111,239,117,118,249,250
5,9,13,17,146,21,149,155,30,159,158,32,37,42,43,44,45,178,51,54,57,187,62,66,80,85,87,90,92,222,224,229,230,105,234,244,255
128,0,1,3,5,265,13,15,16,17,18,20,21,27,158,32,289,163,37,168,41,42,44,51,319,64,73,215,87,90,221,94,225,229,238,121
134,9,16,20,22,152,154,28,158,32,35,292,293,163,167,166,171,172,43,306,179,307,50,310,51,312,58,187,316,63,75,210,87,226,249,121,126
0,257,3,5,7,8,142,270,16,20,281,26,157,158,32,39,41,42,43,51,54,312,58,64,66,198,70,199,73,202,87,89,227,229,233,113,118,249
5,135,7,13,146,147,23,155,158,32,37,297,44,45,51,309,182,54,63,66,195,196,194,206,82,87,92,228,230,105,240,112,115,122
1,5,265,13,16,17,20,22,30,32,34,35,163,37,41,42,44,312,58,316,189,318,319,64,322,198,199,70,205,213,88,89,218,225,229,232,238,249
256,257,258,3,5,7,264,265,13,282,158,30,32,33,34,37,41,44,45,51,54,314,62,64,66,194,70,213,215,87,89,224,225,230,234,249
133,5,137,10,16,18,275,20,22,28,158,32,289,163,167,170,43,44,173,51,54,311,58,59,319,63,199,73,202,205,81,210,215,87,217,218,231,251
128,1,3,264,8,12,13,16,22,23,160,32,33,35,163,37,41,44,59,61,63,64,325,70,203,87,88,93,97,227,228,229,232,235,109,111,120
128,3,4,12,13,16,18,20,22,279,24,34,163,39,42,43,175,47,49,178,55,58,65,72,329,78,207,85,90,227,100,101,229,233,239,244
5,265,9,269,270,13,145,20,151,30,158,32,37,43,44,45,51,54,313,187,189,62,319,64,66,198,87,90,222,224,249,230,234,242,243,116,121
258,3,5,264,265,13,20,282,157,158,160,32,37,41,43,44,45,174,49,50,51,54,189,64,70,198,205,210,215,87,225,229,249,106,235,118,121,253
3,131,5,6,7,145,18,20,287,31,289,290,163,38,173,46,48,51,53,56,312,189,61,319,322,209,87,217,219,221,97,230,236,121
5,137,12,13,142,16,151,158,32,160,290,163,37,40,170,43,44,173,45,49,51,53,54,311,315,189,64,73,330,207,81,210,214,87,234,237,251
5,7,264,265,136,9,10,16,17,158,289,41,43,51,54,313,58,187,189,317,319,194,198,327,70,205,215,87,217,222,224,225,229,234,238,117,121,127
0,3,4,12,16,275,22,24,27,28,34,163,39,43,47,55,311,58,189,63,73,202,329,209,213,87,216,221,229,233,236,239,251,127
128,129,133,5,7,137,266,270,18,20,277,154,158,31,162,170,51,53,56,57,60,61,196,202,83,86,87,217,218,231,105,111,240,112,117,251
258,3,260,263,264,265,11,270,142,282,283,158,32,163,40,41,51,64,68,69,198,70,205,208,81,210,86,87,88,89,106,109,241,116,121,123,252,254
261,5,264,265,268,269,270,20,158,32,163,51,312,313,189,319,68,198,71,75,205,81,210,86,215,87,88,89,98,249,109,242,243,116,121,250,253,127
5,264,266,13,20,277,26,158,32,163,41,51,313,58,189,319,68,69,198,70,71,205,81,210,86,215,87,88,89,98,249,106,109,242,243,116,248,121,253
266,11,269,13,17,20,23,27,158,32,163,166,44,178,51,187,192,68,71,202,77,79,81,210,86,87,88,216,89,92,99,105,109,244,116,249
257,258,260,5,262,135,270,16,22,158,32,163,51,187,68,70,71,73,202,77,81,210,86,215,87,89,90,219,88,225,98,227,229,235,109,116,245,127
135,266,269,16,17,275,20,282,158,32,289,163,50,51,58,64,196,68,198,70,71,73,202,80,81,210,86,87,88,89,225,109,116,246,249,127
257,258,5,261,7,266,268,15,276,282,158,51,189,194,68,70,198,199,71,205,81,213,86,87,88,89,93,106,109,113,242,116,247,248,249,253,127
257,258,5,262,264,265,277,26,282,158,32,41,51,189,68,69,70,205,81,210,86,87,88,89,215,92,97,225,98,106,109,243,116,248,249,253
5,264,265,269,270,20,277,282,158,32,163,51,58,189,319,68,70,198,71,200,75,205,81,210,213,86,87,88,89,98,249,109,242,116,248,121,250,253
261,135,264,265,269,270,20,277,158,32,163,51,313,189,319,68,198,75,205,81,210,86,87,88,89,92,97,249,107,109,111,242,116,117,121,250,251
264,137,12,270,16,20,151,283,158,32,163,173,51,311,189,319,68,198,73,202,75,205,81,210,86,87,88,89,121,109,244,116,249,250,251
5,264,265,273,146,284,158,32,290,163,41,42,50,51,57,313,189,319,64,68,69,81,210,86,87,88,89,90,225,229,234,106,109,116,119,252,253
256,257,5,264,265,269,13,276,282,283,158,160,32,163,41,51,64,68,69,70,198,205,81,210,213,86,87,88,89,225,99,249,106,109,116,119,121,253
258,7,265,269,142,18,279,281,282,158,32,289,40,41,172,173,50,51,194,68,198,71,205,79,80,81,86,87,88,89,225,106,109,116,117,121,253,254
128,3,133,266,13,270,18,20,284,158,32,163,41,173,51,58,189,190,319,68,325,198,71,202,205,81,210,86,87,88,217,89,225,98,109,244,116,251,255
256,257,5,262,264,265,266,271,277,282,26,158,32,163,41,51,68,69,70,71,205,81,210,213,86,215,87,88,89,97,98,106,109,243,116,248,249,253
257,258,261,264,266,269,13,276,22,282,158,30,32,35,37,44,45,51,52,312,189,318,70,198,199,201,213,87,88,89,93,243,248,249,253
257,258,261,264,265,269,270,13,22,282,30,32,35,37,44,173,45,180,52,312,189,318,319,198,70,199,201,209,87,88,89,93,225,249,117,121,122,253
257,259,260,5,264,266,269,270,276,277,278,282,158,32,163,51,312,189,64,68,198,70,71,205,81,210,213,86,87,88,89,249,108,109,116,121,253,127
260,265,269,142,275,281,282,158,32,163,51,312,58,316,189,64,196,68,198,199,70,71,205,81,210,213,86,215,88,87,89,92,109,116,246,127
257,5,261,264,265,269,270,20,158,32,163,41,51,312,313,316,189,319,68,69,198,71,75,205,81,210,86,87,88,89,93,249,106,109,242,243,116,121,253
258,5,262,264,265,269,270,20,158,32,163,51,58,189,319,68,198,70,71,205,81,210,213,86,215,87,88,89,98,249,109,112,242,243,116,121,250,253
259,3,263,135,264,266,268,274,146,18,20,278,25,158,31,32,47,48,51,66,68,198,74,81,211,87,88,89,99,109,116,250,251,124,125,255
5,264,265,269,270,282,158,32,163,41,51,313,314,189,319,68,69,198,70,75,205,81,210,213,86,87,88,89,96,225,249,106,109,116,121,250,251,252,253
258,5,7,264,265,269,276,282,283,158,32,41,51,314,189,319,194,68,70,198,71,79,81,213,86,87,88,90,225,229,249,103,106,109,116,121,253
256,257,2,262,263,264,266,270,20,277,158,160,32,41,51,189,62,70,199,201,75,207,81,210,213,87,217,92,97,121,109,243,244,248,249,253
258,5,264,267,153,154,158,287,32,34,163,41,306,51,184,314,58,319,64,68,71,72,205,80,81,82,213,86,87,88,89,225,97,109,116,246,249,253
259,263,135,268,146,274,20,158,31,32,163,47,48,51,313,319,66,68,198,71,74,205,81,210,211,86,87,88,217,89,98,99,109,242,116,124,125
264,265,269,282,158,32,163,41,42,47,50,51,312,187,316,189,319,68,198,70,71,205,208,81,210,87,88,89,225,249,106,109,244,117,116,121,253
258,260,264,266,269,270,20,277,282,158,32,51,189,319,68,198,70,202,75,81,210,213,86,87,88,89,249,109,242,116,117,121,250,251
4,135,142,271,147,23,156,158,32,163,169,304,177,51,58,62,192,66,323,196,68,71,200,328,77,205,79,81,210,86,87,88,89,98,234,109,116,255
259,263,135,7,268,272,146,158,31,32,168,304,49,51,55,57,66,194,68,71,329,74,206,81,82,84,86,87,216,88,90,99,102,106,109,116,122,125
265,269,273,146,275,145,282,158,32,289,163,42,173,176,50,51,316,189,65,68,69,198,71,77,79,81,86,87,88,89,221,225,98,234,106,109,116,117,253
2,259,263,268,142,274,18,147,286,158,288,32,168,302,47,51,56,313,187,192,66,330,78,207,208,82,211,83,214,87,90,94,96,102,103,108,113,125,255
261,16,275,20,281,158,289,162,36,172,173,51,311,312,316,189,194,68,199,73,202,205,209,81,210,86,87,88,215,103,109,111,116,117,246,127
257,258,5,7,265,266,269,270,276,282,158,32,168,51,189,319,68,70,198,71,205,81,86,87,88,89,121,100,101,106,109,116,247,248,249,253
261,269,270,20,277,158,32,163,51,312,313,58,189,319,68,198,71,75,205,81,210,213,86,87,88,89,215,92,98,249,109,242,243,116,117,121,250
1,261,263,265,269,270,18,20,278,158,32,163,51,312,313,185,317,189,319,68,198,75,81,210,84,86,87,88,89,92,94,249,109,111,242,116,117,121,250
258,264,265,269,270,142,276,277,279,282,157,158,32,168,51,68,70,198,71,79,81,210,84,85,86,87,88,90,225,97,121,106,109,116,118,249,253
257,258,260,262,11,16,277,280,26,28,158,32,163,51,64,68,197,70,198,69,205,81,210,86,87,88,89,90,216,97,106,109,244,116,119,120
261,265,269,142,146,275,18,281,158,159,32,289,39,168,49,50,51,56,316,317,198,330,204,207,81,85,87,88,221,94,229,109,117,245,118,124,254
259,4,262,135,7,271,20,282,156,158,169,304,177,51,192,64,65,323,196,194,68,70,200,328,71,76,77,81,82,86,87,88,227,234,106,108,109,116,121,251
258,264,265,11,13,282,283,158,160,32,34,41,42,51,314,187,191,69,70,71,198,77,208,81,213,87,88,106,109,241,244,116,251,253
256,257,5,264,13,269,17,26,282,284,158,160,32,163,41,51,191,64,68,69,70,198,71,205,81,210,86,87,88,89,106,109,113,116,249,252,253
128,129,130,131,132,133,3,5,134,135,136,138,140,139,20,285,286,288,290,41,189,319,213,215,217,221,225,229,122,123,125,127
128,129,130,131,132,133,134,135,136,138,139,12,140,143,19,22,24,285,286,32,288,290,168,187,326,71,330,214,251,244,122,123,125,127
128,129,130,131,132,133,134,135,136,267,139,140,152,285,158,287,286,289,288,290,292,167,172,307,310,312,316,319,199,205,221,226,122,123,126,127
128,129,130,131,132,133,134,135,136,137,139,140,12,142,18,19,278,24,285,286,288,289,290,291,170,173,56,330,207,221,222,122,123,125,127
128,130,259,132,131,133,263,135,134,136,137,268,138,139,140,146,147,20,155,289,290,316,319,66,196,74,211,86,116,121,122,123,124,125,126,127
128,129,130,131,132,133,134,135,136,139,140,146,24,29,285,286,288,289,290,49,305,56,321,65,68,221,107,236,122,123,125,127
128,129,130,131,132,133,134,135,136,139,140,141,152,154,287,288,290,291,292,293,167,295,168,171,172,303,307,179,310,226,122,123,124,125,126,127
134,7,270,142,144,147,276,148,152,154,155,158,292,293,295,167,170,171,172,299,174,175,303,306,307,179,310,311,184,189,330,226,126
134,141,148,149,152,153,154,155,158,287,291,292,293,294,295,167,296,166,299,171,172,174,303,175,306,307,179,310,184,226,126
7,265,13,144,145,150,155,158,160,32,165,294,293,296,41,42,297,301,174,175,50,179,180,181,307,51,308,184,58,316,317,198,72,87,90,227,108,110
134,144,148,152,154,155,158,287,160,291,292,293,166,295,167,168,170,299,172,171,174,303,175,306,307,179,180,310,184,226,110,124,126
144,145,273,147,153,154,155,157,158,160,289,32,161,293,294,296,297,299,301,175,49,50,51,307,177,182,179,180,316,82,87,88,220,221,236,246
7,265,270,144,145,20,151,155,157,158,160,161,293,294,296,297,301,173,175,178,179,180,181,51,312,316,189,319,322,199,209,213,87,88,221,121,234,242,249,127
264,269,144,145,17,148,26,282,155,157,158,160,32,161,163,167,41,298,172,173,174,175,179,180,51,181,314,319,64,198,70,75,87,225,106,249,250,253
134,141,142,148,152,154,155,158,291,292,293,295,296,167,170,299,172,300,171,303,173,174,306,307,179,175,310,308,184,330,226,126
134,141,144,145,148,150,152,153,154,155,158,160,166,167,296,41,42,300,172,175,177,306,307,179,180,55,64,82,225,99,229,108,253
2,261,266,144,145,146,20,151,155,157,158,160,164,293,294,168,297,170,301,302,175,179,180,312,316,189,71,75,209,85,87,217,92,104,242,117,249,250
2,259,261,263,7,144,274,18,19,146,278,155,157,158,288,289,160,161,164,167,172,173,302,301,175,179,180,181,51,183,56,207,211,87,217,221,255
134,141,142,275,148,152,158,32,291,292,293,166,295,167,170,299,172,173,171,303,44,174,175,307,179,310,311,312,184,68,330,88,226,126
128,135,144,17,146,147,20,23,27,156,155,157,158,160,290,164,169,301,302,175,304,49,179,180,181,55,57,192,65,64,197,208,87,90,105,244
5,142,144,146,275,18,278,154,155,29,158,159,288,160,32,168,302,174,175,305,179,180,51,183,56,58,186,316,317,321,68,207,210,87,221,98,227,127
5,134,7,141,144,147,148,150,152,153,154,26,28,155,158,292,166,167,41,171,300,172,175,177,306,179,180,64,70,202,82,97,226,113,248,249
3,134,144,145,148,149,152,154,155,158,32,292,293,294,295,167,41,296,172,174,175,306,307,179,308,310,309,184,180,314,316,189,330,205,221
135,144,145,148,153,155,158,294,167,296,169,166,172,174,175,49,307,308,309,182,55,184,57,179,310,180,192,328,330,76,77,206,82,124
135,269,142,144,145,147,148,23,155,158,160,161,297,170,172,173,174,175,307,308,309,182,180,312,179,184,310,316,195,196,330,206,82,92,115,122
134,142,144,148,149,152,154,155,158,287,160,292,293,166,295,167,170,299,172,174,303,175,307,179,180,310,312,184,186,316,205,226,126
266,270,16,144,146,275,20,23,155,157,158,160,161,167,169,172,175,178,179,180,51,311,312,189,319,199,73,202,75,81,213,215,87,231,242,249,251
261,7,275,20,158,41,173,51,312,186,187,316,189,317,318,319,191,322,194,197,198,199,201,202,204,205,207,208,209,210,213,87,215,242,249,127
2,259,263,135,268,274,147,146,158,31,47,48,313,187,191,66,194,195,197,198,199,201,74,202,205,208,209,210,211,213,87,215,217,99,242,124,125
5,264,265,158,160,32,41,42,314,187,60,189,319,64,191,193,194,197,70,198,199,201,202,205,208,209,210,213,215,87,249,106,121,253
257,258,7,12,13,22,151,32,162,37,44,173,312,315,187,189,192,194,199,71,73,330,202,200,201,205,208,210,213,214,215,88,89,234,251
265,269,275,32,165,41,50,312,313,186,187,316,317,189,319,191,194,197,198,199,328,201,202,76,205,208,209,210,213,215,87,94,249,242,117,121,253
266,14,20,41,51,312,187,316,189,317,318,319,191,194,197,198,199,201,202,203,205,206,207,208,209,210,213,87,88,215,217,221,116,246,249,127
257,258,5,7,36,41,181,312,187,189,318,319,191,194,195,197,70,199,198,201,202,205,208,209,81,210,211,213,215,87,89,225,248,249
5,264,270,20,158,41,51,312,314,187,186,189,318,319,191,322,194,197,198,199,201,202,75,205,207,208,209,210,213,87,215,225,249,242,121,250
261,265,269,18,275,158,32,289,172,173,50,51,312,187,316,317,191,320,194,197,327,199,201,202,205,207,208,209,210,213,214,87,215,221,94,225,117
2,261,146,275,28,32,162,290,163,166,171,301,187,191,321,65,193,68,194,199,203,204,205,209,210,212,213,215,217,221,104,111,112,114,117,250
258,3,5,13,20,32,37,41,44,312,187,316,189,318,319,322,194,199,200,73,201,202,327,205,209,210,211,213,215,88,89,217,221,225,229
4,260,135,271,280,156,158,167,169,304,177,51,186,315,187,62,191,192,194,323,196,197,199,200,201,202,205,207,208,209,210,213,87,215,227,231,255
256,5,7,266,13,277,26,158,41,51,314,187,191,64,194,324,197,70,198,199,201,202,205,207,208,209,210,213,87,215,94,97,113,243,249
261,142,18,275,278,24,29,158,288,302,305,51,186,187,61,191,321,194,68,325,197,199,327,201,202,205,207,208,209,210,83,213,87,215,220,221,222,111,117
11,12,143,271,22,156,32,38,168,304,53,187,191,192,194,323,197,326,71,200,199,330,201,202,77,205,208,209,210,213,214,215,87,114,244
265,20,158,32,289,172,173,312,313,187,316,189,317,319,191,194,322,325,198,327,199,197,201,202,205,207,208,209,210,213,87,215,94,249,242,121
135,147,23,155,156,296,297,176,307,308,309,182,187,316,191,192,194,195,196,199,328,201,330,77,206,205,208,82,210,213,215,94,115,122
134,266,11,270,16,20,26,167,51,311,187,188,189,319,64,191,194,197,199,73,329,202,201,205,208,209,210,213,87,216,217,89,90,215,225,229,231
259,4,3,271,20,156,158,32,163,169,41,304,177,51,54,64,192,323,196,68,200,328,76,77,81,210,85,86,87,88,89,98,227,234,109,116,246,251
257,266,269,270,16,20,277,280,158,32,163,51,311,189,319,68,70,198,71,73,202,205,81,210,213,86,215,87,89,88,97,109,116,119,249,253
264,266,269,270,16,20,277,158,32,163,48,51,189,319,68,198,70,71,73,75,205,81,210,213,86,87,88,89,97,98,249,109,242,116,121,250,251
0,5,10,142,16,18,275,22,25,158,289,290,163,39,170,43,173,51,54,311,183,58,59,64,73,202,81,87,88,218,221,103,231,237,246,120,127
3,263,8,12,16,274,19,147,149,22,281,155,28,29,158,159,32,33,163,168,42,302,51,183,56,58,59,63,64,195,80,211,87,90,224,227,232,125,255
259,3,10,270,16,145,18,275,20,22,28,158,32,289,161,35,163,173,51,312,58,316,60,319,63,199,207,210,213,87,217,89,221,94,226,242,117,250,251
2,5,6,9,144,16,146,147,19,145,155,158,287,288,290,42,43,304,49,51,180,54,56,57,58,187,192,65,195,72,330,207,82,87,90,227,230,233,238
2,5,265,16,18,275,20,157,158,32,289,35,43,173,51,53,54,312,58,316,189,317,319,70,199,201,207,209,213,87,217,221,94,121,117,249
3,4,261,7,12,16,18,275,20,276,24,158,32,289,34,42,43,173,47,51,55,312,58,316,317,189,319,207,80,209,87,88,221,233,239,116,117,121,127
258,5,7,266,13,16,20,22,26,30,32,33,35,36,37,40,41,44,45,51,52,54,189,319,64,70,198,199,73,202,213,88,89,222,229,249,127
3,5,7,16,20,151,158,31,32,163,38,168,42,43,46,48,50,51,53,54,311,56,60,189,61,64,67,198,199,73,202,81,87,218,231,121,251,127
5,265,9,11,267,269,270,13,20,158,32,37,43,44,45,51,54,313,187,189,317,319,64,198,71,87,90,222,224,225,249,229,234,238,244,121,253
5,135,9,144,273,146,147,155,161,43,46,50,51,180,58,187,59,63,64,65,321,195,68,77,211,84,87,216,91,92,222,102,105,234,238,112,114
5,7,265,13,269,23,282,158,30,32,163,37,40,41,42,44,45,51,54,312,316,189,317,319,64,66,194,198,70,205,87,225,229,230,234,121,253,127
259,3,133,5,268,13,271,146,20,156,158,32,290,163,37,43,44,45,304,177,51,54,58,64,66,323,200,74,205,210,87,215,227,230,231,234,251,255
128,133,5,7,266,13,18,20,277,284,158,32,289,163,37,168,41,44,173,45,51,53,54,189,190,64,66,194,85,215,87,217,221,224,230,234,244,255
257,5,7,266,269,270,13,16,145,20,276,277,22,26,28,32,162,163,37,168,42,43,44,51,54,312,58,189,63,64,198,75,213,87,89,234,248,249,250,127
4,5,7,9,143,144,16,274,148,149,22,156,286,31,32,161,163,38,168,42,46,48,51,53,56,60,61,62,192,66,67,326,77,79,211,214,87,125
5,135,9,16,273,146,147,22,23,24,156,28,158,163,296,169,168,42,43,51,308,180,54,55,57,58,187,63,192,65,328,76,77,206,82,87,234,238
3,4,133,5,7,137,12,16,20,277,22,151,24,26,28,290,34,163,42,43,47,55,58,59,319,64,63,202,75,205,87,218,233,239,242,243,116,249,251
3,4,265,12,270,16,145,18,20,22,24,28,289,34,163,42,43,47,51,311,55,58,189,319,63,73,202,75,213,87,93,225,121,233,239,242,116,249,250,251
1,3,5,7,13,16,20,22,28,30,160,32,34,35,163,37,41,43,44,312,58,189,319,64,70,198,75,213,215,88,89,218,229,249,232,106,121
133,5,7,137,9,10,142,16,18,275,20,22,155,28,158,288,289,290,163,167,170,43,173,51,54,311,58,59,194,197,73,87,218,98,231,104,251,127
5,7,265,9,267,10,142,16,275,276,152,153,282,158,30,164,41,43,300,45,306,51,54,314,58,187,191,194,70,76,87,96,224,230,234,238,121,126
1,3,5,7,11,13,142,22,26,30,32,35,37,41,43,44,52,58,64,197,70,199,198,73,202,201,205,87,88,89,218,229,232,113
257,5,266,13,270,18,20,277,32,36,37,44,173,45,51,53,54,312,189,319,66,198,199,70,73,201,207,213,87,217,249,242,243,121,250,127
3,4,5,264,12,13,16,24,158,32,34,39,41,42,43,47,51,55,314,58,319,64,191,324,70,198,205,210,213,215,87,223,225,233,106,239,249,253
3,5,264,265,11,12,13,16,17,22,26,28,32,289,161,163,168,41,42,51,58,60,63,64,198,70,202,205,215,87,223,225,229,238,253
3,5,8,9,11,12,16,146,22,28,30,32,33,290,163,165,41,42,43,51,57,58,59,63,192,64,326,71,330,77,208,87,90,227,229,238
0,258,3,5,262,134,7,10,11,16,20,279,26,157,158,32,39,41,42,43,51,54,58,64,66,194,73,202,329,87,89,90,225,227,229,231
257,258,3,2,5,135,10,266,270,16,275,20,158,43,51,54,311,58,59,189,64,199,73,202,329,74,207,81,87,218,231,233,237,239,251
0,4,5,11,16,17,149,22,23,27,28,160,163,38,39,168,42,43,44,51,180,55,57,58,62,63,192,326,77,87,90,100,105,108,239
5,9,265,269,142,16,146,18,22,24,158,163,42,43,50,51,54,56,313,58,187,59,317,64,198,204,205,82,87,92,222,224,98,234,110,238,117
256,257,2,5,262,7,135,266,13,16,277,22,282,26,28,158,32,163,41,43,51,54,58,63,64,70,213,87,216,89,97,98,231,109,113,244,249,253,127
128,1,3,133,5,270,15,16,17,18,20,277,22,26,28,158,160,290,163,168,41,42,43,51,54,58,319,64,63,73,87,217,90,225,229,238,121
3,5,137,12,142,270,16,20,22,28,158,33,163,168,42,43,51,54,58,59,189,317,319,63,64,198,199,205,209,87,217,221,230,238,110,121,251
3,5,7,265,142,16,17,20,22,28,158,163,168,41,42,43,51,54,312,58,189,319,64,63,70,199,198,213,87,221,225,229,249,230,232,238,121,127
258,3,5,7,265,13,16,275,20,158,32,33,163,37,168,43,44,51,54,189,319,64,66,198,73,202,87,218,228,229,230,231,234,251,127
259,5,135,263,268,13,147,23,155,158,31,32,37,297,43,44,51,309,182,54,66,195,196,328,74,206,82,211,87,91,99,235,115,122,125
5,7,265,10,13,16,20,282,158,30,32,41,170,43,42,45,51,54,312,58,189,319,64,194,70,198,199,213,87,218,224,121,229,230,234,243,249,253
256,257,2,5,7,135,16,22,26,282,28,158,32,33,163,41,42,43,51,54,314,58,59,63,64,324,70,198,213,215,87,231,106,113,243,249,253,127
5,265,13,270,20,277,158,32,163,37,43,44,173,45,49,51,54,312,313,58,316,189,319,64,66,199,205,210,215,87,221,249,230,234,242,243,116,121,127
259,3,4,263,10,268,12,16,274,24,25,158,32,289,34,41,43,47,48,51,55,56,313,58,316,66,74,205,211,87,217,221,233,239,242,124,125
1,261,5,142,143,16,18,20,22,24,28,158,160,289,163,168,42,43,173,51,54,312,313,185,58,189,319,63,198,207,209,87,217,221,222,238,117,121,251
5,135,13,145,146,275,20,158,32,289,163,37,296,169,43,44,45,49,51,54,55,60,192,65,64,66,328,76,77,205,79,82,210,87,230,234,122,251,127
2,7,264,135,274,18,20,158,31,32,163,41,42,46,50,51,53,56,312,313,57,316,317,58,319,60,61,67,198,205,210,87,217,94,225,229,242
5,265,9,13,142,15,17,18,19,146,21,278,29,158,159,32,37,40,42,43,44,50,51,54,56,313,187,317,198,87,90,222,224,225,227,229,234,238,117
7,137,270,16,18,275,20,158,31,289,290,163,38,168,173,46,48,50,51,53,311,56,57,60,61,319,327,73,202,87,219,221,231,236,242,116,117,251
2,5,135,266,10,270,16,20,277,22,151,28,158,32,163,43,51,54,58,189,319,63,198,199,73,202,75,81,213,87,231,242,244,246,249,250,251
256,2,3,5,13,15,16,26,27,157,158,160,32,39,41,42,43,51,181,54,57,314,313,58,59,191,64,72,329,76,213,87,227,231,108,124,253
3,4,10,12,270,16,275,20,277,151,24,158,32,34,43,173,47,51,311,312,55,58,189,319,199,73,209,81,210,213,87,223,249,233,239,242,116,121,250,251
4,5,135,13,147,23,155,158,32,37,297,43,44,51,309,182,54,62,63,192,194,195,196,328,77,206,205,82,210,87,215,92,115,122
258,5,7,11,13,16,17,20,282,26,158,32,33,162,37,166,41,43,44,45,174,51,54,64,67,68,70,198,73,202,87,90,92,225,229,107,113
258,3,5,264,265,11,15,16,276,26,158,32,163,39,41,43,51,54,314,58,189,322,198,72,205,210,213,215,87,223,98,229,249,231,116,118,121,253,127
259,4,133,5,268,13,271,20,23,158,30,32,290,163,37,167,169,43,44,45,304,177,51,54,319,64,66,323,196,200,74,205,210,87,230,231,251,255
3,5,6,265,13,15,16,276,279,23,282,158,32,33,160,163,37,168,42,44,45,51,54,314,59,317,189,62,64,213,87,221,106,236,239,116,121,127
257,3,5,7,266,10,13,270,16,20,277,158,30,32,37,44,45,51,54,311,189,62,319,66,194,199,73,202,329,213,87,89,224,230,231,234,249,251
128,2,133,5,135,137,270,16,18,275,20,277,278,22,28,157,158,32,289,163,39,43,173,175,51,54,311,58,59,73,87,217,231,104,233,242,117,118,251
256,5,7,266,13,270,20,277,26,158,30,32,37,41,44,45,51,54,62,64,66,194,70,75,85,213,87,89,90,224,97,229,230,234,108,109,249
5,134,10,16,275,22,152,28,158,287,289,35,292,293,163,295,166,299,172,173,43,303,50,307,51,179,310,54,56,58,316,74,207,81,87,220,221,226,231
1,3,5,265,270,15,16,20,22,26,28,158,160,163,168,41,42,43,51,54,58,189,319,64,63,198,70,202,205,215,87,92,221,225,121,229,231,238,249
5,7,265,269,13,18,20,155,30,158,32,163,37,41,44,45,51,54,313,58,316,317,189,319,64,194,198,215,87,221,94,222,225,228,105,106,242,116,117,121
0,1,5,265,11,269,142,14,16,18,20,22,25,26,27,28,29,32,289,163,41,42,43,173,50,58,316,317,189,63,65,198,330,217,221,225,244,117
5,264,265,277,158,32,163,41,44,51,314,316,189,319,68,205,81,210,83,213,85,215,86,87,88,89,92,225,97,98,249,109,242,116,117,121,250,253
261,264,265,269,142,276,282,158,32,289,163,41,172,50,51,312,316,317,192,68,69,198,324,71,205,81,210,86,87,88,89,94,249,106,109,116,117,121,253
257,258,5,261,7,264,265,269,270,282,158,32,168,51,313,189,319,68,198,70,71,75,81,213,86,87,88,89,93,249,229,106,109,242,116,117,121,250,253
2,4,271,147,20,158,32,290,163,169,170,304,177,51,58,323,196,68,71,200,76,205,81,210,86,87,88,217,89,98,227,231,109,242,116,251,255
261,264,265,269,142,18,158,32,289,163,168,41,172,50,51,313,316,317,320,68,69,198,76,207,80,81,210,86,87,88,89,94,106,108,109,242,116,117,121
256,257,2,5,262,264,266,268,20,277,158,32,173,51,53,189,319,68,70,199,201,207,81,213,87,88,89,217,249,109,242,243,116,120,121,250,253
257,5,264,266,13,17,276,26,282,158,160,32,163,41,51,191,64,68,69,70,198,71,205,81,210,86,87,88,89,106,109,113,116,120,249,253
3,265,12,142,270,20,151,284,158,32,289,163,40,168,43,173,51,189,68,69,198,71,330,205,81,210,86,87,88,89,90,234,106,109,116,119,121,254
261,7,265,269,142,18,275,282,158,32,289,39,168,50,51,312,313,186,316,317,189,68,69,198,71,79,81,86,87,88,106,109,111,116,117,121,253,127
257,258,262,7,264,266,270,16,276,277,158,32,163,48,51,189,68,70,73,81,210,213,86,215,87,89,88,93,97,104,109,116,249,250,251
5,264,266,11,277,158,32,163,41,51,58,189,319,64,68,69,70,198,71,75,205,81,210,213,86,215,87,88,89,97,98,249,106,109,113,242,243,116,248,121
257,258,5,262,11,16,17,26,27,158,32,163,41,44,51,54,64,68,70,73,202,205,81,210,86,87,88,89,215,97,98,229,109,115,116
128,258,3,5,135,265,266,138,270,20,158,32,289,178,51,187,189,319,68,198,75,205,209,81,210,86,215,87,88,89,92,122,109,242,116,118,249,250,127
259,4,135,7,271,146,20,156,158,169,304,177,51,192,64,194,323,68,70,71,200,328,76,77,81,82,86,87,88,99,234,106,109,243,116,121,250,251
257,258,262,264,266,270,16,277,158,32,163,51,58,319,64,68,198,70,71,73,202,75,205,81,210,213,86,87,88,89,97,98,249,107,109,116,121,250,253
256,257,5,262,264,13,17,276,26,282,157,158,160,32,163,41,51,64,68,69,70,198,71,205,81,210,213,86,87,88,89,106,109,241,116,249,252,253
7,144,17,146,21,23,27,158,160,166,41,42,44,178,51,180,57,63,192,194,68,71,77,81,85,86,87,88,98,99,105,106,108,109,112,244,116,121
5,7,264,265,269,13,17,276,277,280,282,158,160,32,41,42,51,186,189,64,68,198,70,71,205,79,81,214,87,88,89,86,106,109,116,119,249,252,253
256,257,5,7,264,265,266,269,276,26,282,158,160,32,41,51,194,68,70,198,71,76,79,81,210,213,86,87,88,89,97,225,249,106,109,242,116,121,253
2,3,6,262,264,265,7,270,277,155,158,163,51,312,189,319,194,68,70,71,75,209,81,213,86,87,88,92,221,121,106,109,112,242,116,117,249,250
258,5,262,7,264,265,276,282,158,32,41,42,51,314,189,319,194,68,70,198,71,205,81,210,213,86,215,87,88,89,249,106,109,116,121,251,253
258,3,5,11,17,26,282,27,284,158,160,32,168,44,51,191,64,192,68,69,70,198,205,208,81,210,86,87,88,89,215,98,99,106,108,109,116,253
257,258,3,264,10,270,16,275,20,277,158,32,172,51,180,189,319,64,325,73,202,75,81,87,88,89,97,109,116,249,250,251
135,269,144,146,147,23,155,158,32,297,41,47,49,51,309,182,187,195,196,71,328,77,206,208,81,82,87,88,92,101,105,109,115,122
256,5,262,264,265,269,13,141,282,158,160,32,163,41,42,51,314,58,317,68,69,70,198,71,81,210,86,87,88,89,225,229,106,109,116,249,253
256,257,258,262,7,264,266,269,144,276,277,282,26,155,158,41,51,194,68,70,71,79,81,213,86,87,89,97,121,106,109,116,117,248,249,250,253
3,7,9,266,13,17,20,158,32,166,42,173,178,51,312,187,189,319,194,68,70,71,73,330,202,209,81,86,87,88,221,121,99,229,106,109,244,116,249
260,11,12,269,146,19,147,18,275,22,281,158,32,162,163,47,304,51,57,187,196,68,71,330,80,81,214,86,87,88,90,89,227,109,114,244,116,255
257,258,11,13,269,142,271,17,20,22,23,27,158,30,32,35,37,44,45,178,51,52,187,192,70,198,71,199,202,201,77,87,88,89,92,244,249,253
257,258,264,269,270,20,22,158,32,163,178,51,312,187,189,318,319,68,198,199,70,71,205,209,81,210,213,86,87,88,89,98,249,109,116,121,253
257,264,266,11,269,13,20,22,282,158,32,163,51,187,189,64,68,70,198,71,77,205,81,210,213,86,87,88,89,98,109,243,244,116,248,249,253
7,9,11,269,14,275,31,32,289,40,168,173,48,307,53,56,57,187,60,189,194,68,326,71,330,208,214,86,87,89,221,106,244,117,116,121,251
4,11,143,271,146,156,158,32,168,169,304,51,187,192,323,68,71,200,202,77,205,208,81,210,214,87,88,89,98,109,114,244,116,251,255
4,17,146,21,23,27,156,158,32,163,166,44,304,178,51,57,58,188,62,192,196,68,71,205,81,210,86,87,88,89,224,98,99,105,109,244,116,255
135,8,7,17,146,21,23,27,155,158,163,166,304,178,51,309,57,188,62,192,194,196,68,70,71,329,206,81,86,87,88,99,229,106,109,244,116,121
266,13,17,146,20,23,27,158,32,34,163,42,51,57,188,192,64,68,71,73,202,76,77,205,81,210,213,86,87,88,89,90,94,225,229,109,244,116,249
0,4,8,13,17,146,21,23,27,158,32,163,166,39,44,304,178,51,57,188,192,68,73,81,210,86,87,88,89,94,224,99,229,105,109,244,116,120,255
0,4,8,138,17,21,149,23,27,158,32,163,166,38,168,46,304,178,51,57,188,62,192,68,81,210,86,87,88,89,224,99,105,109,244,116,122,127,255
4,8,13,17,21,23,27,158,32,34,166,168,304,178,51,55,57,188,62,192,68,329,73,205,81,210,87,88,89,91,94,98,99,229,109,244,116
4,135,12,16,17,146,20,158,32,163,44,304,178,51,57,188,192,196,68,71,73,202,329,205,81,210,86,87,88,89,98,229,105,109,244,116,254,255
257,258,5,262,265,11,269,158,32,42,43,51,187,318,319,322,68,73,205,81,210,213,86,215,87,89,88,225,98,229,109,116,248,249,122,127
259,263,135,7,11,268,272,17,146,23,27,158,31,160,32,168,42,51,57,192,65,66,194,68,71,74,77,81,211,86,87,88,99,101,106,107,109,116,124,125
137,11,12,269,142,13,18,22,158,30,32,35,37,167,170,43,44,173,45,51,52,189,319,64,67,198,71,199,201,330,81,214,87,88,89,96,244,251
261,6,265,266,269,270,145,20,158,32,51,57,189,66,68,198,75,81,210,85,87,88,89,90,92,121,99,234,109,244,117,116,119,249,250,253
257,258,5,264,265,269,270,14,282,158,32,163,41,51,189,64,68,70,198,71,73,205,81,210,213,86,215,87,89,88,94,225,98,109,116,248,249,253,127
262,263,264,265,266,270,20,277,158,32,163,51,58,189,319,68,70,71,75,205,81,210,213,86,87,88,89,215,92,97,98,249,109,116,117,120,121,250,253
256,257,258,264,265,266,269,13,277,282,26,158,32,163,41,51,68,69,70,198,205,81,210,213,86,87,88,89,225,106,109,243,116,119,248,249,253
257,258,259,262,264,265,269,270,13,20,282,158,32,163,51,313,319,68,70,198,71,75,205,81,210,213,86,87,88,89,90,225,249,108,109,116,121,253
257,258,262,266,10,270,16,20,277,158,32,163,51,54,311,189,68,199,71,73,202,205,81,82,210,213,86,87,88,89,97,98,109,116,249,251
269,17,277,279,23,27,158,160,163,166,40,42,49,178,51,187,188,189,68,198,70,71,205,208,81,86,87,88,89,92,99,105,109,244,116,121,253
7,9,11,12,143,17,146,280,158,32,166,168,178,51,187,192,65,68,326,71,330,77,208,81,214,86,87,88,99,105,106,109,114,243,244,116,119
7,144,17,146,274,21,23,280,27,158,32,166,168,44,178,51,180,187,63,192,68,326,71,77,81,214,86,87,88,99,105,106,109,114,244,116
0,16,17,27,158,32,35,163,42,46,304,51,55,57,62,63,192,68,71,329,73,205,81,210,85,86,87,88,89,90,224,98,229,109,239,244,116
257,258,266,13,269,17,20,26,282,27,158,160,32,163,166,51,58,64,68,70,198,71,202,205,81,210,86,87,88,89,92,98,99,109,244,116,249,253
264,265,270,16,20,277,26,158,32,163,51,64,68,198,70,71,73,202,75,205,80,81,210,86,87,88,89,91,97,249,109,242,116,246,121,250,251,253
257,258,5,264,269,270,276,158,32,163,51,309,312,58,189,318,319,68,198,70,71,330,205,81,210,213,86,215,87,88,89,98,249,109,242,116,121,253,127
259,263,7,268,142,272,146,18,279,158,31,32,290,168,176,50,51,56,313,316,317,66,194,68,71,74,81,211,86,87,88,221,222,99,106,109,116,117,124,125
261,269,275,158,32,289,173,50,51,187,316,189,198,326,71,330,76,77,207,208,80,81,210,214,87,88,89,92,96,97,109,114,244,117
256,257,2,5,262,264,11,267,276,26,282,28,158,160,41,173,51,53,184,64,70,198,199,201,207,80,81,87,88,89,217,91,97,121,106,109,113,249,253
256,257,5,7,264,13,17,276,26,282,158,160,32,168,41,51,191,64,194,68,70,71,79,81,85,86,87,88,89,97,121,106,109,110,113,116,248,249,253
261,269,142,18,20,158,32,163,170,172,173,44,51,312,313,58,189,319,68,198,199,71,205,81,210,86,215,87,88,89,92,98,104,109,111,116,117,121
5,264,265,269,18,282,158,32,163,41,172,50,51,58,316,317,68,198,70,71,205,79,80,81,86,87,88,89,94,225,249,106,109,111,244,116,121,253
7,9,13,146,19,21,281,155,158,159,32,38,168,42,304,51,180,56,57,187,192,194,68,326,71,77,81,86,87,88,89,92,224,106,109,244,116,255
1,137,12,142,270,16,275,158,32,289,290,170,173,51,311,189,68,198,73,330,205,207,81,210,86,87,88,89,215,93,94,98,231,237,109,116,251
264,265,267,269,270,20,158,32,289,168,41,50,51,316,189,319,68,198,200,75,205,80,209,81,210,212,213,86,87,88,89,225,249,109,116,121,250,251,253
5,264,265,269,270,20,277,282,158,32,163,51,312,58,189,319,68,70,198,71,75,205,81,210,84,213,86,87,88,89,98,249,122,109,242,116,121,250,253
256,257,5,262,263,264,265,266,269,13,282,158,160,32,163,41,51,64,68,69,70,198,71,205,81,210,213,86,215,87,88,89,225,249,106,109,116,121,251,253
258,260,262,7,135,11,12,140,153,284,30,158,32,40,296,49,177,51,187,68,71,73,329,79,81,86,87,88,90,219,225,229,106,109,241,116,245,120,251
7,137,10,269,142,270,16,271,22,158,32,163,167,170,43,51,311,59,187,319,68,197,198,199,71,73,202,80,81,86,87,88,218,231,109,116,246,251
7,264,265,269,274,24,282,158,32,40,42,50,51,313,316,189,188,319,192,194,68,198,71,205,79,208,81,86,87,88,221,222,106,109,116,117,121
5,262,7,264,265,276,282,158,160,32,36,41,42,51,314,194,68,70,71,74,75,79,81,213,86,215,87,88,225,249,106,109,112,116,248,121,253
259,4,263,135,268,272,274,147,146,156,158,31,32,163,47,48,178,51,192,66,68,71,74,205,81,210,211,86,87,88,89,98,99,109,116,124,125,255
261,135,264,269,13,20,158,32,164,36,166,169,51,181,312,316,189,318,319,322,69,75,208,209,81,213,87,88,89,225,99,109,242,244,117,116,249,250,253
1,135,17,146,20,283,157,158,32,42,304,49,178,51,56,57,62,319,322,68,69,329,81,210,87,88,89,90,94,224,225,227,229,106,109,241,244,116,120,122
258,260,262,137,12,270,16,158,32,163,167,51,311,58,68,197,71,73,202,77,205,207,81,210,86,87,88,89,90,98,231,109,241,244,116,251
258,3,5,265,269,270,20,279,281,282,158,32,40,168,51,189,64,68,69,198,205,208,81,210,86,215,87,88,90,89,98,106,109,116,121,254
4,261,7,264,265,269,20,158,32,289,168,50,51,312,316,317,189,319,68,198,71,81,213,86,87,88,89,221,225,121,104,106,109,116,117,248,249,122,253
267,269,17,146,20,23,158,32,289,166,168,42,51,187,60,192,68,326,71,330,77,208,80,81,210,213,214,87,88,89,92,221,99,105,109,244,116
257,262,7,10,270,16,20,26,158,32,51,311,194,68,199,71,73,202,329,81,213,86,87,88,89,97,99,231,106,109,240,116,249,251,255
256,257,7,264,265,266,276,277,282,158,163,51,188,189,194,68,70,71,81,213,85,87,86,89,88,93,97,121,106,234,109,111,116,244,249,250,253
256,2,5,264,265,13,17,276,26,282,158,160,41,173,51,53,189,64,68,70,198,71,199,201,205,79,207,81,86,87,217,95,225,121,229,106,116,249,253
5,262,264,11,13,270,17,26,282,27,158,160,32,41,42,51,64,68,70,77,81,210,85,86,87,88,89,90,225,98,229,106,109,116,117,252,253
259,4,263,135,268,272,146,147,20,158,31,32,163,41,51,58,192,66,196,68,198,71,74,202,205,81,210,211,86,87,88,217,90,89,98,99,109,116,124,125
3,5,262,6,264,265,13,16,18,20,158,32,163,41,51,319,68,198,73,75,81,210,213,85,86,87,88,90,89,249,109,242,243,116,121,250,251,253
256,257,5,7,264,265,13,276,154,282,158,160,32,163,41,51,314,319,194,68,70,71,79,81,213,86,87,88,249,106,109,243,116,248,121,253,254
261,269,142,18,275,20,158,32,289,163,168,172,173,50,51,312,316,317,189,68,198,71,330,205,207,80,81,210,86,87,88,89,91,92,221,94,98,109,116,117
257,258,266,270,16,145,158,32,163,51,311,189,68,73,202,329,77,205,81,210,85,86,215,87,89,90,88,94,225,97,98,229,109,116,249,251
257,258,5,262,264,268,13,270,277,282,157,158,32,51,64,68,70,198,75,204,81,210,86,87,88,89,97,106,109,242,243,114,116,118,249,250,124,253
3,259,11,142,146,30,158,32,165,41,42,51,57,186,187,192,65,68,69,326,71,198,330,77,208,81,210,86,87,88,89,90,227,106,109,244,116
262,135,147,23,155,156,158,32,168,297,51,309,182,57,192,195,196,68,71,328,77,206,79,81,82,86,87,88,92,105,106,109,112,115,116,122
264,265,269,13,20,282,283,158,32,41,42,51,316,189,64,68,69,198,70,73,205,81,210,87,88,89,90,94,225,121,98,106,109,116,117,249,251,253
3,135,265,12,142,274,24,158,32,290,163,42,172,51,313,187,319,196,68,198,71,330,205,207,208,81,86,87,88,92,221,97,103,106,109,241,116,118,123
257,7,10,266,269,270,16,275,26,158,32,163,167,51,311,68,197,199,71,73,202,205,81,210,213,86,215,87,89,88,120,97,109,113,116,248,249
0,16,21,27,158,159,32,35,163,42,46,304,178,51,52,183,56,57,58,62,63,68,71,329,73,205,80,81,210,85,86,87,88,89,90,224,98,109,116
5,264,265,269,276,20,282,158,160,32,163,41,50,51,312,316,189,64,68,69,198,70,71,205,80,81,210,86,87,88,89,225,249,106,109,116,119,248,121,253
261,266,13,270,20,277,151,158,32,163,44,51,319,64,68,198,71,202,75,205,81,210,86,87,88,89,215,92,98,249,104,109,242,243,244,116,121,250,251
11,143,17,22,158,32,163,166,168,40,42,178,51,180,187,63,192,68,326,71,77,205,208,81,210,214,86,87,88,89,98,99,105,109,114,244,116
3,5,264,265,266,154,158,32,163,41,51,314,189,68,325,70,327,69,71,75,205,81,210,86,215,87,88,89,121,98,106,107,109,242,243,116,120,249
257,258,260,264,265,266,269,270,20,282,158,32,163,51,312,189,318,319,68,198,70,71,205,81,210,213,86,87,88,89,109,244,116,249,250,251,253
2,137,270,18,20,151,284,158,32,163,167,170,301,51,312,68,197,198,71,75,205,81,210,214,86,87,88,89,92,98,227,104,109,244,116,250,251
256,257,262,264,266,267,276,277,26,282,284,158,32,163,51,64,68,70,71,205,81,210,213,86,87,88,89,92,93,97,98,109,113,116,248,249,253
256,257,264,265,266,269,277,26,282,158,32,163,41,51,64,68,69,70,198,71,205,81,210,83,213,86,215,87,88,89,97,225,106,107,109,116,249,253
257,5,264,265,266,269,270,276,26,282,284,158,32,163,41,51,189,68,69,198,70,205,81,210,213,86,87,88,89,225,106,109,241,243,116,119,249,252,253
256,257,5,264,13,276,26,282,158,160,32,163,51,58,191,64,68,70,71,205,81,210,213,86,87,88,89,97,98,106,109,113,116,245,248,249,122,253
7,264,265,269,271,18,282,158,41,50,51,312,313,316,317,189,194,67,68,198,70,71,200,81,84,86,87,88,96,225,249,106,109,116,117,121,253
261,265,269,270,16,20,276,282,158,32,163,51,312,58,189,319,68,198,70,72,73,75,205,81,210,213,86,87,88,89,249,109,116,117,121,250,253,127
257,5,7,264,13,276,150,26,282,158,32,163,41,51,64,68,70,198,71,75,76,205,81,210,213,86,87,88,89,97,98,106,109,113,116,248,249,253
261,265,269,142,13,20,22,158,30,32,289,35,37,44,45,51,52,312,313,316,189,319,64,198,199,201,205,207,81,87,88,89,221,93,242,116,117,119,121,127
135,7,10,16,147,23,155,156,158,297,51,309,182,57,192,194,195,196,68,71,202,77,206,81,82,86,87,88,92,106,109,115,244,116,122
137,12,142,270,16,275,158,32,163,170,173,51,311,312,58,189,319,68,198,71,73,330,205,207,81,210,86,87,88,89,98,231,107,237,109,116,121,251
261,265,269,142,18,20,158,32,289,168,172,50,51,312,313,316,317,67,68,198,200,80,209,81,210,212,86,87,88,89,94,96,249,109,242,116,117,121,253
257,258,264,266,269,276,282,158,32,163,51,58,189,318,319,68,70,198,199,71,205,81,210,213,86,215,87,89,88,98,109,243,115,116,248,249,122,253
262,137,266,270,142,18,20,277,158,32,163,170,173,51,58,189,319,68,198,71,202,75,205,81,210,86,87,88,217,89,215,92,94,98,227,231,104,109,116,251
258,265,11,17,279,282,27,158,160,32,163,166,168,42,51,55,58,192,64,68,70,71,77,205,81,82,210,85,86,87,88,89,90,98,99,229,109,244,116,253
257,5,264,265,269,276,282,158,32,163,41,51,312,58,189,318,64,68,198,70,71,75,205,81,210,213,86,87,88,89,91,98,249,109,116,121,122,253
3,265,269,270,16,18,277,158,32,163,51,58,189,319,68,71,73,75,205,81,209,210,86,215,87,88,89,97,121,98,106,109,242,116,117,249,250,251
257,258,5,264,265,269,270,282,158,32,163,41,51,312,189,319,66,68,69,198,70,71,205,81,210,86,215,87,88,89,225,98,249,106,107,109,116,121,253
256,257,5,264,265,266,269,13,276,282,158,32,163,51,312,189,319,64,68,70,198,71,205,81,210,213,86,87,88,89,96,98,109,116,249,252,253
5,7,264,265,269,282,158,160,32,41,42,169,51,314,188,189,194,68,70,198,71,205,79,81,86,215,87,88,225,229,249,106,109,116,121,253
260,261,7,265,269,18,275,146,155,158,289,163,173,50,51,312,316,189,317,319,194,68,198,70,71,81,86,87,88,89,225,105,106,109,116,117,121,127
258,264,265,11,269,270,271,20,277,281,282,158,32,163,51,189,68,69,198,70,205,81,210,84,86,87,88,89,90,225,121,106,109,116,117,249,253,254
1,5,7,264,265,269,273,282,158,32,41,51,313,316,317,189,194,68,198,70,71,79,81,86,87,88,94,225,249,229,106,109,242,116,117,121,122,253
3,264,265,12,269,142,270,158,32,289,51,59,189,64,68,69,198,71,73,330,205,80,81,210,84,86,87,88,89,90,91,225,98,106,109,116,253,254
259,263,135,268,272,274,156,286,31,158,32,163,47,48,304,51,56,58,66,67,68,71,74,80,81,211,86,87,88,89,99,109,116,246,124,125,255
261,7,265,269,142,275,281,158,32,289,39,172,173,50,51,312,316,189,317,188,320,194,68,71,72,207,79,81,86,87,88,221,94,223,106,109,116,117,121
3,7,266,10,270,16,20,277,151,158,32,168,51,311,313,189,194,68,199,71,73,202,81,209,86,87,88,106,109,239,116,249,251
263,264,265,7,12,269,271,18,279,282,156,158,32,42,50,51,187,189,65,68,198,70,71,77,79,81,86,87,88,90,225,121,106,244,117,116,249,253
2,265,13,145,146,18,20,158,32,290,163,166,42,49,178,51,312,316,65,195,68,71,205,209,81,210,85,86,87,88,89,90,92,221,227,109,116,117,253
264,265,266,269,270,277,158,32,163,51,58,189,319,68,198,71,75,205,81,210,213,86,87,88,89,97,98,249,122,107,109,242,116,117,121,250,253
257,258,7,266,269,270,17,145,20,151,282,158,32,166,51,189,64,194,68,71,81,210,86,87,88,89,92,121,99,229,106,109,244,116,248,249,250,253
257,264,265,266,270,282,158,160,32,163,41,46,51,58,68,69,70,198,71,75,205,81,210,213,86,87,88,89,90,97,98,106,109,116,248,249,253
256,5,7,264,265,11,13,15,17,282,158,160,32,168,41,42,51,314,194,68,70,198,71,205,79,81,86,87,88,89,225,121,229,106,109,243,116,249,253
261,269,142,270,18,275,20,278,158,32,289,163,173,51,312,58,316,189,319,68,198,71,205,209,81,210,86,87,88,217,89,215,92,98,104,109,116,117,121
8,265,144,17,146,21,23,27,158,32,166,44,304,178,51,180,187,192,65,68,326,71,77,81,210,214,86,87,88,89,99,105,109,244,116
258,3,264,265,266,11,268,270,17,158,32,289,163,41,42,51,57,192,68,69,329,73,81,210,86,87,88,89,90,225,99,229,106,109,242,244,116,253
261,7,264,265,269,143,20,155,158,163,51,312,313,316,189,317,319,194,68,69,198,70,71,75,81,86,87,88,249,106,109,242,116,117,121,250,253
5,7,264,265,269,13,282,158,160,32,168,41,42,170,51,314,189,64,194,68,198,70,71,205,79,81,210,86,87,88,89,225,249,106,109,116,121,253
7,264,265,9,11,269,282,158,32,42,51,187,189,194,68,198,71,326,330,77,79,208,81,86,87,88,90,106,109,114,244,117,116,249,122,253
261,269,146,275,20,277,151,158,32,290,166,51,189,321,68,69,198,71,81,84,86,87,88,89,91,92,221,98,106,107,109,111,116,117,250
261,265,269,270,20,277,158,168,51,313,316,189,319,68,69,198,71,80,81,84,86,87,88,89,92,98,249,106,109,111,242,115,116,117,121,250,253
260,262,17,20,23,154,27,158,32,163,166,40,51,58,192,64,68,70,71,202,75,205,208,81,210,86,87,88,89,120,98,99,249,109,241,244,116,248,121
256,257,258,5,262,264,265,26,282,158,32,163,168,41,48,51,179,64,68,69,70,198,205,80,81,210,86,215,87,89,88,97,106,109,116,249,253
259,266,270,16,20,277,158,32,163,51,189,319,68,70,198,199,71,202,75,73,205,81,210,213,86,87,88,89,97,98,107,109,242,116,249,250,251
257,7,270,16,20,277,284,158,32,163,51,311,58,319,68,197,199,71,73,202,205,81,210,86,87,88,89,218,98,231,109,242,243,116,249,251
5,264,266,270,20,277,158,32,163,51,58,189,319,68,69,198,70,71,75,205,81,210,213,86,215,87,88,89,92,97,121,98,109,242,243,116,249,250,253
2,261,270,18,275,20,24,158,32,163,173,51,53,312,313,58,189,68,71,205,207,209,81,210,86,87,88,89,215,91,92,222,98,109,242,116,117,121,251
257,258,259,266,269,270,16,20,277,282,158,32,51,68,198,70,73,202,81,210,213,86,87,88,89,97,108,109,114,116,117,249,250,251
264,265,269,18,20,158,289,168,172,50,51,313,317,189,319,67,68,198,327,71,81,86,87,88,96,249,106,109,242,116,117,121,250,251,253
7,137,10,266,270,16,158,32,163,167,170,51,311,312,59,68,197,199,71,73,202,200,205,78,81,210,86,87,216,89,218,88,231,109,116,249,251
258,5,7,264,265,269,270,158,32,293,168,41,172,51,312,313,189,319,194,68,198,71,75,205,79,81,86,87,88,89,249,234,106,109,242,116,121,254
262,7,265,269,270,17,279,282,155,158,163,41,50,51,189,317,194,68,198,70,71,205,81,86,87,88,89,90,225,229,106,109,244,116,117,119,121,253
257,258,262,264,11,13,270,279,282,27,26,158,160,32,163,51,58,68,69,70,198,71,205,81,210,86,87,88,89,90,98,229,106,109,244,116,119,249,253
266,269,270,20,282,158,32,163,51,68,70,71,75,205,81,210,85,213,86,87,89,217,88,92,91,97,98,231,109,111,244,116,249,250,253
261,7,264,265,269,18,20,158,289,172,173,51,313,316,189,317,319,194,67,68,198,327,70,71,81,82,86,87,88,94,96,106,109,111,242,116,117,121
3,5,264,265,15,17,21,158,32,163,41,42,51,313,314,317,319,64,68,69,198,70,205,81,210,86,215,87,88,90,89,225,229,106,109,116,121,253
257,258,5,262,7,264,265,263,269,270,158,32,41,51,313,189,319,194,68,198,70,71,79,81,213,86,87,88,89,225,121,229,106,107,109,243,116,249,253
7,265,9,269,17,146,282,158,32,42,49,51,187,192,65,194,68,326,71,330,77,79,208,81,86,87,88,90,95,225,106,109,114,244,117,116
261,265,269,142,275,20,158,32,289,290,163,166,45,174,51,312,313,316,189,317,319,65,68,69,198,327,81,210,86,87,88,89,106,107,109,116,117,121,127
258,5,262,264,265,269,270,20,158,32,163,51,313,58,319,68,198,70,71,75,205,81,210,213,86,87,88,89,215,92,225,98,249,109,242,116,121,250,253
261,264,265,269,18,20,158,32,289,163,51,312,56,58,316,317,189,319,67,68,198,199,71,205,81,210,213,86,215,87,88,89,98,249,109,242,116,121,253
3,137,266,12,142,283,158,160,32,163,40,170,172,173,51,186,59,191,64,68,198,71,330,205,207,209,81,213,86,87,88,89,92,109,251,241,116,120,123,254
256,257,258,5,7,264,265,269,13,144,276,282,155,158,51,189,194,68,70,198,71,79,81,213,86,87,89,225,98,121,106,109,116,248,249,253,127
2,5,264,265,266,269,270,20,280,158,41,173,51,53,189,319,68,70,198,199,71,201,205,207,81,86,87,217,94,225,121,116,119,249,253,127
257,258,259,5,264,13,269,270,26,282,158,160,32,41,51,59,64,68,69,198,70,205,81,210,86,87,88,89,225,106,108,109,113,116,117,249,253
0,16,17,279,27,158,160,32,35,163,42,44,46,178,51,55,57,58,62,63,68,71,73,205,81,210,85,86,87,88,89,90,98,229,108,109,244,116
257,258,5,262,11,268,16,282,26,158,32,163,51,58,64,68,197,70,198,71,73,202,205,81,210,86,215,87,89,88,97,106,109,113,116
3,5,265,269,13,142,20,282,158,32,290,166,168,41,174,51,312,189,64,195,68,70,198,202,205,81,210,211,87,88,89,94,225,103,107,109,249,253,127
257,266,268,270,16,275,20,277,280,158,32,51,311,312,189,319,194,198,199,73,202,205,81,209,210,213,87,215,88,89,109,242,116,119,249,251
261,7,266,269,13,275,20,155,158,163,166,173,51,312,316,189,319,194,68,198,70,71,79,209,81,213,85,86,87,88,99,249,106,109,244,117,116,121,253
7,13,144,17,146,23,282,158,160,32,42,51,180,57,188,63,192,65,68,71,77,79,81,86,87,88,90,92,95,105,106,109,112,114,116,244
259,263,135,268,146,147,156,158,31,32,163,47,48,304,51,192,66,196,68,71,74,205,81,82,211,210,86,87,88,89,98,99,109,116,119,124,125,255
260,5,137,11,142,279,158,32,163,40,168,51,58,187,64,192,68,69,71,205,77,208,81,210,86,87,88,89,98,106,109,251,241,244,116,121,123,254
7,9,11,12,269,22,151,156,158,32,168,304,51,315,68,326,71,330,77,79,208,81,214,86,87,88,90,99,234,106,109,241,114,116,247,251,254
258,5,7,264,265,276,281,158,32,163,41,51,312,189,319,322,68,69,70,199,71,73,205,209,81,210,84,213,86,87,88,89,249,106,109,242,116,121,253,126
257,263,264,266,269,270,277,26,158,32,163,51,58,68,70,198,71,75,203,205,81,210,213,86,87,88,89,92,97,98,109,242,243,116,248,249,250,253
258,7,10,270,16,153,158,32,167,46,51,311,59,68,197,71,73,329,202,81,84,86,87,216,89,218,88,91,102,231,106,109,239,116
135,269,17,147,23,155,158,32,168,297,50,51,309,182,57,192,195,196,77,206,205,81,210,87,88,89,91,92,225,99,109,115,248,122
258,3,5,262,7,264,265,268,276,277,282,158,41,51,314,189,319,194,68,71,205,209,81,86,215,87,88,249,106,109,242,243,116,117,247,121,251,253
128,259,263,135,7,268,272,146,147,156,158,31,51,57,192,66,194,196,68,70,71,74,77,79,81,82,211,86,87,88,90,95,225,99,106,109,116,121,124,125
5,11,17,26,282,27,158,160,32,168,41,42,51,57,187,62,64,192,68,70,71,202,205,81,210,87,88,89,90,92,97,225,98,229,106,109,114,244,116,249
257,266,13,17,23,282,26,27,158,160,32,166,168,44,178,51,64,68,70,202,205,81,210,86,215,87,89,88,92,97,98,99,109,244,116,248,249,253,126
257,261,264,265,266,269,270,20,277,282,158,32,163,51,312,313,68,198,70,71,75,205,81,210,213,86,87,88,89,92,93,97,249,109,111,242,116,121,250,253
5,7,264,265,10,277,282,28,158,32,168,41,51,188,189,63,194,68,198,70,71,75,79,81,86,215,87,88,97,225,121,106,109,242,116,249,250,253
5,7,264,265,13,141,276,282,158,41,51,312,189,64,194,68,70,198,71,205,77,81,213,85,86,87,88,94,121,98,106,109,113,116,249,253,127
261,5,265,142,270,18,158,32,289,172,173,51,312,313,316,317,189,319,68,198,71,79,81,210,212,86,87,88,89,221,94,95,98,109,242,116,117,121,127
8,13,142,144,17,146,275,20,21,23,27,157,158,36,166,168,42,304,49,178,51,180,192,65,68,71,81,86,87,92,99,105,112,244,116,118,119
142,18,19,275,281,29,157,159,288,289,158,32,168,172,302,51,183,56,68,330,207,79,80,81,210,87,88,89,221,222,227,106,109,241,244,116,118,123
7,10,270,16,146,275,20,282,158,32,40,173,51,53,189,194,68,71,73,330,202,201,75,81,214,86,87,88,218,221,106,109,242,116,117,121,251
265,142,16,275,154,282,158,32,289,163,41,172,51,58,316,317,189,322,68,69,70,71,72,73,205,78,81,210,213,86,87,88,89,98,229,109,244,116,121
258,5,264,265,269,146,282,158,160,32,41,42,51,317,189,68,69,198,70,205,81,210,86,87,88,89,90,215,91,225,98,229,249,106,109,116,119,121,253
257,258,262,266,269,270,17,20,26,27,158,32,163,166,51,58,64,68,70,71,202,205,81,210,86,87,88,89,215,225,98,99,109,244,116,248,249,253
258,259,266,269,270,20,277,158,32,163,51,180,189,68,70,198,75,203,205,81,210,213,85,87,86,88,89,92,97,249,108,109,111,243,116,117,121,250
7,144,273,146,17,18,23,155,158,161,33,42,51,180,63,65,321,194,68,67,71,77,81,86,87,88,92,96,105,106,109,112,114,116,117,121
256,257,258,262,264,265,269,270,277,26,282,158,32,163,41,51,309,60,68,69,70,198,330,75,205,80,81,210,86,87,88,89,97,106,109,116,248,249,253
7,266,17,20,23,26,27,28,158,32,166,51,64,192,65,194,196,197,198,70,68,71,202,81,210,86,87,88,89,218,92,227,99,106,109,113,244,116,121
257,262,266,16,272,277,26,28,158,32,163,168,51,64,68,197,69,73,202,74,205,81,210,86,87,88,89,120,97,231,106,109,113,243,116,119,248
257,3,11,12,142,279,280,158,32,40,42,43,51,311,59,187,64,68,69,71,330,205,208,81,210,86,87,88,89,106,109,241,116,119,251,252,254
257,258,5,264,265,269,13,270,17,153,26,282,158,32,163,41,51,182,64,68,69,198,70,71,205,81,210,84,86,87,88,89,225,229,106,109,116,249,253
256,5,264,265,268,269,270,277,282,158,32,163,178,51,319,68,69,70,71,75,205,81,210,213,86,87,88,89,97,249,106,109,242,116,248,121,250,253
259,261,263,265,269,274,20,158,32,289,163,42,173,50,51,313,316,189,66,68,69,198,74,330,205,207,81,210,86,87,88,89,106,109,241,116
1,261,265,137,269,270,142,18,20,281,158,32,289,172,51,312,316,317,189,319,68,69,198,75,81,210,86,87,88,89,94,121,106,109,242,116,117,249
4,7,271,20,151,155,156,158,163,167,169,304,177,51,319,192,64,194,323,68,70,71,200,75,77,79,81,82,86,87,88,89,234,106,109,242,116,121,251
257,258,3,11,269,13,142,20,278,283,158,32,168,51,312,189,191,64,68,197,198,70,71,202,81,210,213,86,87,88,89,92,225,98,109,243,116,253
5,264,265,266,269,270,20,277,282,158,32,41,44,51,189,68,69,198,70,75,205,80,81,210,86,87,88,89,215,97,121,98,106,109,243,116,248,249,253
6,265,270,144,146,20,155,156,157,158,160,164,293,169,173,301,302,175,304,179,180,181,51,313,189,319,194,75,208,209,87,90,221,249,106,242,116,121,250,251
2,3,135,13,142,270,144,18,20,148,26,155,157,158,160,161,163,167,41,172,173,175,179,180,51,181,319,64,197,198,70,202,205,87,89,218,225,229
7,266,13,270,144,148,149,282,154,155,158,159,160,166,167,41,171,172,175,179,180,182,312,189,319,64,193,198,70,203,75,209,212,213,121,106,114,249
134,141,148,149,152,153,154,158,291,292,293,294,167,295,41,296,171,172,166,170,301,174,175,306,307,179,177,310,184,226,121,126
259,263,135,268,144,274,147,148,149,153,154,155,158,160,161,38,167,296,171,172,174,47,175,177,179,180,56,187,66,195,206,211,99,122,124,125,255
5,264,265,13,141,144,145,150,152,153,282,155,158,160,296,41,42,170,300,175,177,50,306,179,180,51,314,316,72,87,90,221,225,98,229,108,253
5,134,7,142,144,148,149,152,154,155,158,160,292,293,166,167,41,170,172,174,175,303,306,307,179,180,310,312,184,189,73,202,205,216,127
4,137,12,142,271,144,20,148,155,158,160,161,290,167,169,170,43,172,174,175,304,177,179,180,51,310,184,319,323,196,200,330,87,227,231,251,255
258,3,265,11,269,270,16,145,144,22,151,150,152,155,158,159,32,160,163,165,168,42,51,187,189,198,71,330,208,87,90,221,225,244,251
257,7,10,13,270,16,144,18,20,277,155,157,158,160,161,167,41,172,173,302,175,179,180,181,51,312,194,198,202,209,87,217,90,225,227,229,242,249
2,3,4,13,142,271,144,20,148,151,154,155,158,160,290,292,293,166,167,170,172,174,175,304,177,179,180,310,184,323,196,200,330,227,234,242,251,255
261,144,18,275,20,148,24,154,155,157,158,160,289,161,163,166,167,299,172,173,175,179,180,51,181,316,189,209,87,88,217,220,221,103,236,116,117,246,118
2,261,142,144,16,18,275,20,281,155,157,158,160,289,161,163,168,296,173,301,175,178,179,180,51,307,312,316,317,189,330,207,87,217,221,236,117,118,121
261,135,144,146,147,148,23,154,155,158,287,160,294,167,296,297,166,172,175,176,178,307,179,309,182,180,184,312,316,195,196,206,88,115,122
5,134,7,142,144,148,152,282,155,157,158,160,292,166,295,296,41,167,172,174,175,306,307,179,308,310,180,184,64,70,198,205,226,106,113,249
5,265,13,142,144,145,146,18,148,154,155,157,158,160,161,167,168,41,170,172,173,175,50,178,179,180,181,312,313,316,317,189,198,87,90,221,229,110,253
4,11,13,144,17,146,148,149,154,27,155,157,158,160,34,293,294,167,296,166,42,297,172,301,175,179,180,181,55,57,192,65,326,77,87,90,229,108
4,135,142,144,146,147,148,149,23,155,156,158,159,161,38,297,169,170,44,172,174,175,178,180,309,54,310,195,77,206,92,105,122
3,5,6,264,265,144,17,145,16,150,151,152,22,27,155,158,159,160,161,163,165,168,42,51,180,182,64,198,70,72,73,209,85,87,90,225,229,108,253
134,265,141,144,145,146,147,148,149,150,152,153,154,155,158,160,292,293,166,167,296,41,172,175,177,306,307,179,180,310,314,85,90,226,126
3,5,265,142,144,18,148,155,157,158,160,163,40,41,168,170,172,173,174,175,179,180,309,181,189,317,319,198,330,205,209,215,87,221,106,116,121
134,12,142,144,148,155,158,292,295,167,170,299,172,173,174,303,175,177,179,307,180,310,311,184,202,330,226,231,104,251,124,126
128,270,142,144,18,20,148,149,154,155,158,32,160,292,166,167,41,170,172,174,175,179,180,310,184,189,319,198,75,86,217,121,226,111,242,249,250
261,265,269,142,270,13,145,18,275,150,151,152,30,158,32,289,35,165,37,167,168,44,173,174,303,175,50,179,52,311,316,189,73,330,207,88,89,221,234,117
258,3,265,269,270,144,275,150,151,152,155,158,159,161,34,163,165,168,43,51,180,179,189,319,198,73,202,209,85,87,217,89,225,229,235,111,112,117,251
134,265,141,144,145,148,149,154,155,158,159,160,293,166,167,41,42,172,174,175,305,50,307,179,180,310,51,312,313,182,183,316,317,198,87,221,94,225,226
134,7,135,141,142,144,148,152,154,155,158,160,292,293,166,167,295,170,171,172,173,174,175,307,179,180,310,312,184,316,189,318,226,126
4,135,7,144,147,20,23,155,157,158,160,289,161,38,167,297,172,173,302,175,178,179,180,309,182,181,51,195,196,206,82,87,88,217,115,122,255
2,261,265,269,142,144,18,275,147,146,155,29,157,158,159,160,161,294,167,41,172,174,175,50,179,180,51,307,312,184,58,316,317,198,87,94,227,110,117
134,141,16,144,148,150,151,152,154,155,158,287,159,291,292,293,165,295,296,167,168,171,299,172,303,175,306,307,179,51,310,180,182,186,87,226,126
128,2,265,269,144,18,20,155,157,158,160,38,296,41,298,173,175,179,180,181,51,307,189,61,63,64,198,70,85,87,217,90,93,94,225,111,117,121,250,253
261,142,144,18,275,148,149,278,154,155,158,160,289,292,166,167,170,172,173,174,175,303,179,180,310,312,313,184,316,319,198,327,207,221,94
135,265,142,144,17,146,148,27,155,157,158,160,32,297,170,172,174,175,304,178,179,180,181,57,62,192,65,64,329,74,330,77,82,87,88,90,225,227,229,244
134,7,266,144,147,20,148,149,151,152,154,155,158,160,162,292,293,294,167,166,299,172,174,303,175,179,307,180,308,312,184,189,319,203,209,213,87,216
129,135,7,269,144,17,146,147,20,23,155,157,158,160,33,32,161,167,169,42,173,302,175,179,180,181,182,51,57,65,87,90,92,225,229,105,112,244
5,7,264,265,144,148,282,154,155,157,158,160,161,163,293,167,41,42,172,173,175,179,180,181,51,57,314,64,194,198,70,87,90,225,106,108,249,253
266,270,144,148,277,154,155,157,158,160,161,163,166,167,172,173,175,179,180,51,181,312,185,189,64,198,203,75,213,85,215,87,217,97,249,109,111,121,250
128,3,266,270,20,148,151,158,159,32,162,165,168,171,172,175,50,51,311,61,189,193,203,209,81,212,85,215,87,217,90,95,109,111,114,250
7,144,273,146,147,275,21,23,155,157,158,159,160,161,167,173,175,49,179,180,181,51,63,321,65,68,87,92,105,110,112,115,117
261,144,275,148,149,152,153,154,155,158,287,160,289,292,293,166,295,167,170,299,172,173,171,174,175,307,179,180,310,51,312,316,317,207,87,221,94,226
259,4,263,268,274,18,20,147,146,150,151,152,155,158,159,165,167,168,41,42,175,50,179,51,182,56,313,316,62,198,74,205,211,87,99,124,125
134,144,145,148,149,152,153,154,155,158,32,160,292,293,166,167,296,42,171,172,174,175,50,307,179,180,310,51,312,316,192,326,198,330,87,221,226
260,135,270,142,144,146,147,20,148,155,158,159,32,160,168,297,170,172,173,174,175,178,179,180,309,310,192,196,330,77,87,88,90,225,227,229,244,122
134,141,142,144,148,149,152,154,155,158,287,160,292,293,166,295,167,41,170,299,172,174,175,306,307,179,180,310,312,184,316,226,126
128,257,258,130,131,5,132,7,133,134,135,136,138,139,270,140,16,20,288,291,41,189,319,70,73,202,213,215,89,225,229,123,113,249,122,251,124,126,127
128,129,130,131,132,133,5,134,135,136,138,139,140,144,17,146,285,286,288,290,168,42,180,56,192,65,221,225,229,122,123,125,127
128,129,2,130,131,132,134,133,135,136,139,140,148,152,286,287,288,290,291,292,293,295,299,303,49,307,310,56,58,220,221,226,122,123,124,126,127
128,130,131,132,5,134,7,133,135,136,138,139,140,145,152,287,288,289,290,291,292,293,40,41,172,306,307,310,189,202,221,226,122,123,124,126,127
128,130,131,3,5,133,7,132,134,135,136,140,138,139,16,20,285,286,288,290,41,43,189,319,73,202,205,215,229,122,123,125,126,127
128,130,131,4,132,135,8,137,138,139,140,17,146,21,23,27,160,289,34,161,164,166,42,44,178,180,57,192,65,92,229,105,244,123,127
128,130,131,132,133,3,5,134,135,136,138,140,139,20,285,158,286,287,289,290,288,189,319,213,217,221,236,122,123,125,127
128,129,130,3,131,5,132,133,264,265,134,135,136,139,140,146,286,160,288,290,161,168,41,42,314,187,319,198,75,76,205,90,221,225,229,121,122,123,127
128,129,130,131,4,132,133,134,135,136,138,139,140,17,23,27,285,286,160,288,34,290,296,42,49,178,180,55,57,192,65,64,76,77,82,108,122,123,125,127
128,130,131,132,133,134,135,136,139,140,141,152,154,286,32,288,291,292,293,295,167,299,171,172,303,306,307,179,310,95,226,122,123,124,126,127
128,129,130,131,4,132,133,134,135,136,11,12,139,140,17,146,23,27,285,286,32,288,290,291,168,42,178,187,192,326,71,77,208,214,244,122,123,125,127
128,130,3,131,5,132,133,134,135,266,136,138,139,270,140,16,20,151,288,291,165,50,311,189,73,202,329,81,216,225,229,234,123,239,122,251,126,127
128,129,130,131,132,133,134,135,136,139,140,141,152,154,287,288,290,291,292,293,167,296,295,171,172,306,307,179,310,213,226,122,123,124,126,127
128,129,130,131,132,261,133,134,135,136,138,139,140,142,273,275,24,285,158,286,288,289,290,172,173,56,313,316,317,320,205,207,221,222,117,122,123,125,127
128,129,130,131,132,3,133,5,134,135,136,139,140,138,20,285,286,288,289,290,41,189,319,205,215,221,122,123,125,127
128,129,130,131,3,133,132,134,135,136,139,140,12,270,20,285,286,288,289,290,291,40,319,330,90,221,222,229,122,123,125,127
128,129,2,130,131,132,133,134,135,136,138,139,140,145,146,24,285,286,288,290,168,42,49,187,319,209,221,122,106,236,242,244,116,121,250,123,125,127
128,129,130,131,132,261,133,134,135,136,137,138,139,269,142,140,275,20,286,288,289,290,173,312,316,189,319,198,330,205,207,221,117,121,122,123,127
128,129,2,130,131,132,133,134,135,136,138,139,140,145,146,18,24,285,286,32,288,290,49,56,65,321,68,72,78,221,236,244,117,122,123,125,127
128,257,258,129,130,131,132,7,133,134,266,135,136,137,138,139,140,20,277,26,286,288,289,290,37,167,318,64,197,70,199,202,213,89,240,113,248,122,123,127
128,129,130,131,132,133,134,135,136,139,12,140,152,286,287,288,290,291,292,293,295,167,40,299,172,173,303,307,310,207,226,122,123,124,126,127
128,130,131,132,133,134,135,136,139,140,18,20,285,286,288,289,290,43,173,189,319,217,221,222,122,123,125,127
128,129,130,131,4,132,133,135,134,136,139,140,17,146,147,23,27,160,288,42,44,178,180,55,57,63,192,65,197,77,82,92,105,244,122,123,127
128,129,130,131,132,133,2,3,134,135,136,138,140,139,18,20,24,285,286,288,290,319,75,217,221,122,116,121,250,123,125,127
128,129,130,131,132,5,133,134,264,265,135,136,138,139,140,285,158,286,288,289,290,41,50,312,313,189,319,198,199,212,213,249,234,116,121,122,123,253,127
128,129,130,131,4,132,133,135,134,136,139,140,17,146,147,23,27,285,286,287,288,290,296,49,180,55,57,192,65,196,328,77,206,82,122,123,125,127
128,130,131,132,133,3,5,134,135,136,139,140,285,286,288,289,290,291,41,319,215,221,225,229,122,123,124,125,127
128,129,130,131,132,133,134,135,136,137,138,139,140,270,18,275,20,285,286,32,289,288,290,173,311,319,73,202,75,221,122,231,123,242,117,250,251,126,127
128,129,130,131,132,133,134,135,136,139,140,145,152,286,288,290,291,292,293,168,296,40,171,306,179,307,310,75,92,226,122,123,124,126,127
128,129,130,131,132,133,134,135,136,139,140,152,154,285,286,287,288,289,290,292,293,295,167,299,172,306,307,179,310,312,56,316,221,226,122,123,126,127
5,264,265,9,270,27,158,32,41,42,314,187,189,319,191,194,197,70,199,200,201,202,75,205,208,209,210,212,213,215,87,249,242,121,250,253
133,137,12,19,278,30,158,288,167,170,43,51,311,186,187,191,194,197,199,200,73,202,329,201,205,207,208,209,210,212,213,87,215,216,227,231,251,255
5,7,264,13,160,41,312,314,186,187,191,64,194,324,197,70,198,199,200,201,202,205,206,207,80,209,210,208,212,213,215,216,229,106,113,249,253
261,270,20,158,173,51,312,186,187,316,189,319,191,194,197,198,199,201,202,75,205,207,208,209,210,212,213,87,215,216,221,249,242,116,121,250
257,260,5,7,266,145,276,158,287,41,312,187,189,318,319,191,194,323,197,70,199,201,202,203,205,208,209,210,213,215,87,89,249,253
5,264,266,158,160,32,41,51,314,187,189,319,64,191,194,197,70,198,199,201,202,75,205,207,208,209,210,213,214,215,87,249,121,253
258,3,5,264,270,20,158,41,312,314,187,189,318,319,191,194,197,198,199,72,201,202,74,205,207,208,209,210,213,215,87,249,242,121
7,10,266,12,270,16,145,275,151,158,167,51,311,312,186,187,189,191,194,322,197,327,199,73,202,201,205,207,208,81,209,210,213,87,216,215,239,251
257,266,11,270,16,20,158,32,312,187,189,319,191,192,194,197,326,199,73,202,201,205,207,208,81,209,210,213,214,215,87,244,249,251
3,137,266,12,20,32,167,187,189,319,64,191,192,194,322,197,198,199,327,73,202,201,205,207,208,210,213,214,215,89,218,217,231,113,251
3,5,265,269,41,173,312,313,187,316,317,189,318,319,191,322,195,194,197,198,199,201,202,205,208,209,210,211,213,215,87,217,225,245
257,262,266,11,13,16,17,152,282,27,158,34,187,191,194,324,197,70,199,72,73,202,201,205,78,208,209,210,213,87,215,89,94,225,229,249,253
5,264,265,266,9,270,158,32,42,51,187,316,189,319,191,194,197,70,199,201,202,75,205,207,208,209,210,213,87,215,216,92,221,121,242,116,249,253
258,3,137,270,142,20,167,41,314,187,189,319,64,191,194,197,198,70,199,201,205,207,208,210,213,215,87,217,90,225,121,249,251
258,260,262,11,17,158,32,165,41,42,57,187,191,192,64,194,197,199,328,201,202,205,207,208,209,210,82,213,87,215,90,94,225,229,241,245,123,254
261,134,18,275,24,288,289,172,173,50,51,312,58,187,316,191,322,194,197,199,201,202,205,207,208,209,210,80,213,215,88,87,221,103,245,246
261,142,18,275,20,158,289,172,173,312,313,187,316,317,318,319,191,322,194,67,197,198,199,201,202,205,208,209,210,213,87,215,217,221,94,96,121
256,3,5,265,13,15,146,150,158,32,34,42,306,51,180,55,314,186,187,191,65,194,197,199,201,202,205,207,208,209,210,85,213,214,87,215,239,112,253,127
265,146,288,40,168,42,49,307,56,186,187,316,319,191,194,195,197,326,199,200,201,330,202,205,206,207,208,209,210,212,213,215,216,92,221,105,236
257,258,3,5,7,13,158,41,51,312,186,187,191,64,194,324,197,70,199,201,202,205,207,208,209,210,212,213,87,215,89,216,106,113,249
3,5,265,20,158,32,41,312,187,316,189,319,191,192,194,197,198,199,326,201,202,204,205,208,209,210,213,214,215,87,221,225,229,249,253,127
4,135,17,146,147,148,23,281,27,155,158,159,176,304,51,183,57,186,187,191,192,65,194,195,197,199,201,202,205,207,208,209,210,213,87,215,227,125
2,132,18,275,274,19,278,24,158,288,289,290,38,173,302,301,51,53,186,187,191,194,197,199,201,202,205,207,208,209,210,213,87,88,217,215,221,103
5,7,13,142,17,18,146,290,41,51,312,187,316,189,318,319,64,65,322,191,194,195,198,197,199,201,202,205,208,81,210,211,209,213,87,215,221,107,127
257,5,7,264,13,276,26,282,158,160,32,41,51,312,186,187,189,191,64,194,197,198,70,199,201,202,205,207,208,209,210,213,214,87,215,106,249,253
259,4,263,135,268,146,147,156,158,31,33,48,187,191,192,66,194,196,197,199,201,74,202,205,207,208,209,210,211,213,87,215,217,216,99,124,125,255
261,274,18,275,24,289,173,302,305,50,51,187,316,191,320,194,67,197,198,199,201,202,205,207,209,210,213,215,88,87,220,221,94,96,103,246
257,266,13,270,16,17,20,26,163,51,187,63,64,191,321,194,197,199,329,73,75,201,202,204,205,208,209,210,85,213,87,215,217,89,90,225,229,249
2,266,270,277,158,32,51,312,186,187,189,319,191,194,197,198,199,201,202,203,75,205,207,208,209,210,213,87,215,217,89,249,109,111,242,121,250
134,145,275,20,158,289,173,51,311,312,186,187,316,189,318,319,191,194,197,199,73,202,201,205,207,208,209,210,212,213,87,215,221,236,249
3,142,275,158,289,173,51,312,186,187,317,189,319,191,322,194,197,198,199,73,202,201,205,207,208,209,81,210,213,87,215,216,221,222,229,121,127
2,13,142,146,275,20,18,290,166,53,312,59,316,187,319,191,321,65,322,68,194,198,197,326,199,201,205,210,213,214,215,221,103,107,117,127
3,5,11,13,26,28,34,164,41,314,186,187,191,64,192,194,324,197,326,199,200,201,202,205,206,207,208,209,210,212,213,215,216,113,243,254
3,7,266,20,163,51,187,61,189,191,64,63,194,197,199,73,201,203,202,204,205,208,209,210,213,85,215,87,217,89,93,221,97,111,250
5,7,13,276,26,282,156,158,160,41,51,187,189,191,64,194,324,197,70,198,199,328,201,203,202,205,207,208,209,210,213,215,87,106,113,249,253
256,257,5,7,10,13,16,282,26,28,158,41,186,187,188,191,64,194,324,197,70,199,201,202,205,207,208,209,210,213,87,215,89,93,97,106,113,249
9,270,18,20,151,158,32,186,187,61,319,191,194,197,199,201,202,77,205,207,208,209,210,85,86,213,87,217,218,215,216,225,111,240,242,116,249,250,127
257,258,7,10,16,167,40,42,177,51,311,187,188,189,191,194,197,70,199,198,73,202,329,201,205,81,209,210,213,87,215,89,218,231,113,119
261,18,275,20,158,289,173,51,312,313,186,187,316,317,189,319,191,194,324,197,198,199,201,202,205,207,208,209,210,213,87,215,221,94,117,121,127
266,270,20,277,158,173,51,312,186,187,316,189,318,319,191,194,197,198,199,201,202,75,205,207,208,209,210,213,215,87,216,242,249,250,127
261,265,18,275,25,158,32,289,41,172,50,51,56,312,313,187,316,317,318,319,191,322,194,197,199,201,202,205,207,208,209,210,213,214,87,215,94,225
5,158,41,51,312,313,314,187,60,316,189,319,191,193,194,325,197,199,201,202,205,207,208,209,210,213,215,87,221,242,116,121
2,18,19,274,278,24,281,29,159,289,34,302,183,56,187,316,191,194,67,197,198,199,201,202,205,207,208,209,210,213,215,87,217,221,222,94,96,117
259,263,135,11,268,146,27,158,31,41,42,51,57,186,187,191,192,66,194,196,197,198,199,201,74,202,205,207,208,209,210,211,213,87,215,225,229,124,125
4,135,147,148,23,155,158,41,42,176,51,183,57,186,187,191,192,194,195,196,197,198,199,201,202,205,207,208,209,82,210,213,87,215,227,122,125,255
259,4,135,268,271,147,156,158,169,304,177,187,316,62,191,192,66,323,196,194,324,197,200,199,328,201,202,77,205,79,208,209,210,213,87,215,94,227,255
2,261,18,20,158,301,173,51,52,312,186,187,316,189,317,319,191,194,197,198,199,201,202,75,205,207,208,209,210,85,213,87,215,217,221,104,242,121,250
258,5,265,9,270,17,158,32,40,168,42,187,319,192,63,191,194,322,197,199,201,202,205,207,208,209,210,213,87,215,92,221,98,229,105,117,121
137,266,270,275,20,158,167,170,173,51,311,312,186,187,189,319,191,194,197,326,199,73,202,201,205,207,208,209,210,213,214,215,87,231,242,251
3,261,12,142,18,275,20,24,289,173,312,313,187,316,189,60,319,191,194,325,198,327,197,199,201,202,205,207,208,209,210,213,85,215,217,221,117
3,133,137,10,12,19,278,158,288,167,170,43,51,311,186,59,187,191,194,197,199,73,202,329,201,205,207,208,209,210,212,213,87,215,216,218,231,251
7,266,270,16,20,277,158,51,311,312,186,187,189,319,191,194,197,199,73,202,75,201,205,207,208,209,210,212,213,85,87,215,89,216,229,249,253,127
256,3,5,264,265,13,15,146,150,158,41,51,55,314,186,187,189,191,193,194,197,199,201,202,205,207,208,209,210,212,213,87,215,216,239,242,243,253
258,5,264,11,13,282,158,160,32,41,51,314,187,189,191,64,194,325,70,198,197,199,201,202,205,207,208,209,210,213,214,215,87,106,113,249,253
256,257,264,266,13,282,26,160,41,186,187,191,64,192,194,197,70,198,199,200,201,203,202,205,206,207,208,209,210,212,213,85,215,216,89,106,248,249,253
3,133,137,12,142,270,158,288,32,170,51,181,186,315,187,191,194,197,199,200,73,330,201,202,205,207,208,209,81,210,213,214,87,215,227,231,251
5,264,265,270,20,158,32,41,51,312,186,187,316,189,319,64,191,194,197,198,70,199,201,202,75,205,207,208,209,210,213,214,87,215,249,242,121,253
261,275,20,158,289,173,51,312,313,186,187,316,189,319,191,194,325,198,327,199,197,201,202,205,207,208,209,210,213,87,215,217,242,116,121,250
258,3,5,262,134,11,13,16,17,158,34,41,42,51,187,191,64,319,194,324,197,70,199,73,201,202,75,205,76,207,208,209,210,213,87,215,93,229
2,261,18,275,24,32,289,39,173,301,47,312,58,187,316,191,192,194,323,197,199,201,330,202,205,207,208,209,210,213,214,215,88,87,221,103,246
3,4,133,138,12,271,25,158,167,170,43,304,177,51,186,187,191,194,323,197,199,200,201,74,202,205,207,208,209,210,213,214,87,215,216,218,91,237,255
133,5,265,17,25,158,32,41,42,51,186,187,319,192,64,191,194,197,199,201,202,205,207,208,209,210,213,214,215,87,217,90,225,229,238
5,11,151,32,168,42,51,182,57,187,189,191,192,194,197,326,71,199,201,330,202,77,205,208,209,210,213,214,215,87,90,229,244
2,12,269,142,18,19,146,20,24,32,290,172,173,187,191,192,194,67,197,198,199,71,201,330,202,205,208,210,213,214,215,87,221,96,227,244,117
128,3,12,145,18,275,20,22,151,32,163,173,312,187,316,189,319,191,192,321,194,198,199,201,330,202,204,205,208,209,210,213,214,215,221,123,244,251
270,15,20,277,151,158,173,51,312,313,187,189,318,319,191,322,194,197,199,201,202,205,207,208,209,210,213,215,87,217,242,116,249,250
259,4,263,135,268,146,147,155,156,31,172,313,187,189,191,192,66,195,196,194,198,197,199,201,74,202,205,208,209,210,211,213,215,87,99,124,125,255
3,133,137,12,142,18,19,278,30,158,288,290,167,170,43,51,186,187,319,191,194,197,199,329,330,201,202,205,207,208,209,210,212,213,87,215,216,227,231
5,264,266,270,20,277,158,41,51,312,186,187,189,319,64,191,194,197,198,199,70,201,202,75,205,207,208,209,210,212,213,215,87,216,242,249,253
256,257,3,266,270,16,277,163,51,312,187,189,318,63,64,191,194,197,199,201,202,203,75,204,205,208,209,210,85,213,215,87,89,249,250,253
133,138,10,12,271,20,280,158,290,177,51,311,315,59,187,189,191,194,197,199,200,73,328,201,202,205,207,208,209,210,213,87,215,218,91,234,237,119,251
261,275,20,158,289,173,51,53,311,312,186,187,189,319,191,194,197,326,199,73,201,202,205,207,208,209,210,213,214,215,87,217,221,231,236,242,117,251
261,12,275,20,24,288,289,290,173,51,311,312,187,189,318,191,194,195,197,199,73,330,201,202,205,207,208,81,210,211,209,213,87,215,221,222,231,237,251
3,5,134,265,11,17,20,26,158,160,32,41,42,53,314,187,319,64,191,194,197,70,326,199,201,202,205,208,209,210,213,214,215,87,90,225,229,118,253
256,257,266,277,158,179,51,186,187,318,191,194,197,70,199,201,202,203,205,207,208,209,210,212,213,85,87,215,89,216,93,97,109,240,113,248,249,250
256,257,3,5,262,266,13,15,16,151,26,158,51,54,55,186,187,191,64,194,197,199,73,201,202,205,207,208,209,210,212,213,87,215,89,216,93,97,243
2,261,142,18,19,275,278,282,289,173,302,301,51,187,316,189,191,194,67,197,199,201,202,205,207,208,209,210,213,87,215,217,221,94,222,96,227,104,117
2,3,12,145,20,151,24,158,287,173,312,187,61,189,319,191,194,325,197,199,327,201,202,205,208,209,210,213,87,215,217,221,223,236,251
3,137,142,20,277,32,167,312,187,189,319,64,191,194,197,198,199,73,201,202,205,207,208,209,210,213,215,217,218,117,121,251
4,135,9,271,143,147,156,158,32,38,169,304,177,187,62,191,192,66,323,196,194,197,199,200,328,201,202,77,205,79,208,209,210,213,214,215,87
