0,1,66,131,5,133,197,329,19,22,23,218,27,28,222,30,32,95,35,229,231,232,106,43,170,44,52,317
256,257,260,261,262,7,328,329,73,269,81,87,88,89,219,28,221,31,225,34,106,236,109,46,116,245,118,56,122,61
129,130,131,321,134,198,328,327,6,9,16,24,27,220,221,222,224,225,34,291,226,293,233,234,43,238,50,58,187,317,127
256,257,322,323,258,260,3,71,328,7,205,22,89,219,221,287,31,225,38,42,236,46,48,245,53,56,57,122,315,60,61,318
64,66,131,5,6,327,200,199,201,329,13,20,30,222,32,33,34,35,37,230,231,40,234,43,44,45,52,54,312,189
256,322,323,324,258,3,4,200,328,198,12,213,24,89,281,223,34,312,39,233,43,239,47,118,55,248,122,315,317,318,319
0,129,66,5,6,327,329,9,27,222,30,224,32,230,234,43,44,45,238,46,51,54,187,317,62
0,1,64,198,327,329,15,271,17,18,19,21,27,30,94,224,225,32,33,229,233,234,43,44,187,238,51,314,251,317
0,66,6,198,327,9,20,23,24,220,222,224,226,35,293,232,234,43,46,238,50,56,58,187
0,66,3,5,198,326,8,265,204,19,85,281,223,289,227,230,39,231,233,234,43,41,110,238,118,253,314,317
256,129,321,195,66,261,197,5,135,203,206,209,19,212,278,23,155,222,224,32,228,230,234,45,111,240,51,54,190
256,257,322,258,131,260,64,1,200,0,17,213,22,89,218,27,221,30,287,32,34,35,229,230,232,43,236,238,52,315,318,319
257,258,322,260,323,66,71,5,13,213,89,221,222,287,224,33,32,30,228,229,230,234,44,45,237,51,245,54,62,122,315,318,319
66,323,5,200,73,329,74,140,266,10,16,81,275,218,224,34,230,231,233,234,43,59,237,238,239,54,311,312,58,251
128,129,321,194,132,64,1,3,8,203,12,15,212,277,22,23,218,27,93,285,30,33,227,228,229,35,232,109,46,240,52,54,59
0,3,4,5,6,12,207,24,222,223,224,34,100,101,231,39,233,234,43,238,239,175,47,55,314,317
128,66,5,6,198,327,9,266,21,222,30,224,32,230,231,234,43,45,238,239,51,54,313,187,317,62
66,5,327,201,329,203,20,222,32,224,34,37,230,231,233,234,43,235,44,174,49,50,51,54,313,314,317,189
256,257,322,131,258,6,7,267,145,213,219,221,287,31,225,34,97,229,230,38,236,46,48,56,122,315,61,318,319
256,322,323,66,5,200,73,329,138,10,140,74,266,81,275,222,160,32,224,230,231,234,44,237,239,49,51,53,54,312,319
320,66,5,6,327,136,198,9,17,24,222,224,229,230,231,234,43,238,239,50,54,314,187,317
0,3,4,200,329,138,10,140,73,12,16,81,275,55,22,24,27,223,34,231,39,233,43,237,46,239,47,311,251,63
128,129,195,196,132,7,209,83,212,19,278,215,90,154,285,31,32,162,105,235,111,240,112,115,117,53,57
256,259,261,69,263,264,265,269,271,79,81,274,276,87,89,283,106,109,241,242,243,244,249,123,252,253,254
256,259,68,69,261,5,264,265,75,268,269,271,81,87,89,98,313,106,123,109,305,242,243,248,249,251,188,127
69,261,264,75,269,271,79,81,85,87,89,283,32,98,249,106,109,110,241,242,243,248,313,251,252,253,254
256,259,326,71,72,8,202,76,269,77,79,208,274,21,214,23,216,27,283,32,99,166,42,188,244,245,187,316,253,254
256,257,258,259,260,5,262,71,136,202,269,77,208,276,213,89,283,32,98,123,187,114,244,245,122,315,188,318,127
256,257,259,69,198,72,73,267,269,80,81,16,275,276,84,87,280,89,88,283,103,107,109,51,244,116,246,247,251,253,254
257,258,259,68,261,7,72,71,76,77,269,268,15,276,84,278,86,280,91,247,283,219,93,291,107,242,244,116,119,253,254
256,69,261,264,75,269,270,271,81,85,89,283,92,32,97,106,109,110,242,243,114,248,249,251,252,253,254
256,257,322,258,260,261,262,69,200,267,270,271,81,213,87,89,248,109,242,243,245,312,249,122,251,318
260,261,69,135,264,263,75,269,270,81,277,278,85,87,89,92,93,95,97,107,109,242,243,117,120,250,251
256,260,69,261,263,264,73,329,202,269,270,271,81,275,87,89,283,248,231,106,109,242,243,246,312,249,250,251
259,69,326,264,265,328,269,273,274,280,217,89,283,284,100,101,41,106,110,304,241,50,308,119,252,253,254,255
259,69,72,265,264,76,269,276,280,217,283,284,289,99,100,101,227,41,106,107,50,243,244,182,119,253,254
259,68,261,69,72,267,268,269,79,80,274,275,276,86,280,88,281,283,284,99,100,103,39,106,47,51,116,246,253,254
256,259,325,326,69,72,265,74,261,268,269,76,264,75,81,276,84,87,89,283,284,97,98,101,109,248,316,253,190,255
256,69,261,264,75,269,271,143,81,79,277,87,283,106,109,241,242,243,120,250,251,252,253,254
256,257,258,322,260,259,262,261,199,201,269,13,213,88,89,283,93,30,32,34,35,37,44,52,245,248,122,318,319
256,257,258,322,260,261,262,199,269,13,213,88,89,283,93,30,32,34,35,37,44,45,180,245,52,248,122,315,318,319
256,257,258,259,260,322,262,81,213,278,89,287,248,34,230,295,108,109,245,312,249,122,318,319
256,257,258,322,260,262,267,269,275,213,87,89,281,221,287,225,34,249,39,47,48,245,248,185,122,315,318
256,257,258,259,261,69,262,264,269,271,79,81,276,278,87,283,93,100,106,242,243,248,249,251,252,253,254
256,257,258,322,260,261,262,69,203,267,271,81,213,87,89,248,34,109,112,245,312,249,122,251,318,319
65,259,260,263,72,264,74,266,268,269,76,77,270,211,276,278,25,283,99,107,47,48,241,251,244,250,123,253,254,255
260,69,261,263,264,265,75,269,270,271,79,81,87,283,96,98,313,106,110,242,243,249,250,251,252,253,254
66,68,71,72,265,76,269,271,79,276,213,86,280,90,283,284,289,100,101,103,41,106,107,302,50,116,119,253,254
256,2,70,199,326,201,266,263,269,207,81,275,85,217,283,92,160,97,34,36,237,49,114,189,121,314,317,62
256,257,258,322,260,262,267,80,213,87,88,89,184,287,248,225,34,97,51,245,246,312,249,122,318,319
66,259,69,263,72,74,268,76,269,272,81,211,276,87,283,31,99,100,232,107,48,242,125,124,253,255
256,65,259,261,326,69,72,71,76,269,77,208,274,275,276,214,281,283,32,163,39,42,47,244,121,316,253,254,255
256,257,258,322,260,262,263,264,270,271,81,213,89,282,248,250,117,245,312,249,122,251,318,319
256,259,323,261,69,264,265,329,200,268,269,142,271,81,84,87,89,98,100,106,109,177,242,243,248,249,251
66,259,68,263,72,71,74,268,269,271,272,211,276,86,283,31,99,100,101,106,107,48,116,121,122,255
65,261,69,328,264,269,77,79,273,274,275,278,87,280,283,100,101,106,111,176,304,243,244,117,118,308,252,253,254
192,66,259,72,268,77,76,269,78,142,274,83,276,82,214,19,280,90,283,94,96,32,99,100,102,103,39,108,113,244,253,254
323,71,200,73,266,138,329,74,199,202,269,81,209,275,87,281,94,36,231,39,172,237,239,47,48,246,185,251,189
256,259,68,70,7,72,71,76,77,269,268,79,276,84,86,87,91,247,283,219,289,99,100,101,106,107,244,116,119,121,253
261,69,264,75,203,269,270,271,81,84,277,278,85,87,89,92,248,97,98,106,109,110,242,243,120,250,251
0,1,261,69,263,265,75,269,141,81,19,84,85,278,87,281,283,27,285,94,92,185,110,111,242,243,117,249,250
0,259,261,264,269,142,271,79,81,210,84,20,279,281,283,157,225,98,39,104,106,170,301,110,175,242,243,118,249,251,254
259,261,69,264,265,269,271,79,81,85,87,280,216,283,98,100,106,110,241,243,244,119,250,252,253,254
259,261,133,198,72,265,268,269,204,142,274,275,276,279,280,89,281,283,285,159,225,39,106,47,244,117,245,118,124,253,254
65,259,68,261,262,71,200,70,269,270,271,79,81,86,282,283,94,121,106,108,109,110,111,177,242,116,117,249,251,254
256,259,261,326,69,72,265,71,76,269,77,208,274,276,213,214,283,32,42,187,241,244,251,316,253,254,191
255,69,261,264,265,269,271,79,81,87,283,284,98,313,106,109,110,241,242,243,249,251,252,253,254,191
128,129,130,131,132,133,134,135,136,266,139,140,85,285,286,288,289,290,291,125,123,317,127
128,129,130,131,132,133,134,135,136,137,139,140,285,286,288,289,290,291,123,124,125,127
128,129,130,131,132,133,134,136,139,140,221,286,287,288,289,34,291,225,290,285,122,123,124,126,127
128,129,130,131,132,133,134,135,136,138,139,140,285,286,288,289,290,291,123,125,127
128,66,259,195,133,130,131,132,137,138,139,136,140,286,289,290,291,107,124,122,123,316,125,126,127
128,130,131,132,133,134,136,137,138,139,140,285,286,288,289,290,291,107,123,59,124,125,126,127
128,66,130,259,131,133,134,132,137,138,139,268,136,140,207,211,286,288,289,290,291,123,124,125,126
330,142,16,147,148,156,158,292,293,167,296,295,170,299,172,302,175,303,174,306,307,308,310,311,184
141,148,149,153,154,157,158,292,293,165,294,296,297,167,299,172,171,302,175,300,174,306,307,308,303,179,310,184
330,141,144,150,153,155,157,158,293,294,165,296,297,299,300,172,174,175,302,305,306,307,308,301,179,180,184
257,258,322,260,145,148,213,89,221,158,34,292,295,168,297,167,170,236,172,174,175,303,110,179,307,309,310,245,184,315,318
330,142,143,144,146,147,148,82,153,155,157,158,293,294,296,297,300,301,302,175,177,178,307,308,179,180,184
257,258,322,260,262,144,145,213,88,155,157,158,34,293,294,295,296,297,301,173,175,178,179,180,309,310,245,248,181,122,318,319
330,142,144,146,147,149,153,155,157,158,160,161,165,167,296,298,299,170,172,302,175,304,174,178,307,308,173,179,180,181
330,142,146,148,153,157,158,161,292,165,293,295,296,170,299,172,173,302,175,174,303,178,307,308,310,184
330,141,142,146,147,148,149,150,152,153,154,157,158,99,167,296,300,172,302,175,174,305,306,307,308,177,179
129,1,71,330,144,146,278,155,285,94,158,163,164,293,294,104,296,297,171,170,301,302,175,168,304,114,307,308,179,127
65,66,265,144,146,153,155,157,158,160,161,289,164,296,41,297,299,170,301,302,175,304,173,178,307,308,180,181,179,255
330,142,148,183,156,158,292,293,166,167,296,231,170,299,172,302,303,175,305,177,307,308,174,310,311,184
197,330,142,143,208,144,146,147,153,27,155,156,29,158,164,296,169,298,42,297,301,302,175,304,307,308,180,181
5,330,141,142,144,146,149,153,154,155,157,158,160,98,296,170,299,300,172,302,175,174,305,178,306,308,179,180,186,127
141,142,146,147,82,148,150,152,153,154,157,158,292,167,169,299,300,172,174,175,177,306,307,308,305,179
328,330,142,143,146,148,149,153,157,158,160,292,294,296,298,299,172,302,175,174,307,308,309,310,179,184
328,330,142,146,147,148,153,157,158,292,294,296,298,170,300,172,302,175,304,174,307,308,309,310,179,184
328,330,142,146,147,148,149,153,155,158,160,294,296,297,298,299,170,172,174,175,307,308,309,180,184
257,322,260,262,330,145,148,213,184,158,34,292,295,167,297,170,299,236,172,174,303,175,179,307,309,310,248,249,318
73,10,330,140,271,16,81,144,275,146,23,155,156,94,158,160,292,231,169,170,237,303,239,175,242,49,178,180,179,311,251
256,257,322,323,324,131,194,197,200,328,329,199,201,202,204,205,209,210,213,215,191,34,312,103,187,248,186,315,317,318,319
66,259,194,195,197,199,201,74,202,268,205,208,209,210,211,213,215,31,232,48,124,125,313,186,187,316,317,190,191
320,191,193,194,324,197,326,327,200,201,329,199,205,208,209,210,213,214,215,317,43,314,187,60,189,190,319
192,257,258,322,323,260,71,328,200,199,201,202,205,208,210,213,22,89,221,30,287,32,35,187,52,245,122,315,318,319
194,195,323,259,326,199,328,329,76,205,208,209,210,211,213,214,215,283,96,162,165,186,316,314,187,188,317,190,191
256,257,322,323,258,194,324,197,328,200,199,201,191,205,206,14,209,210,213,215,89,217,221,34,187,312,122,315,317,318,319
256,257,322,258,260,320,194,195,328,200,199,205,208,81,210,211,209,213,215,89,221,34,36,187,245,181,312,122,315,318,319
256,257,322,258,324,191,326,262,328,200,329,194,197,199,201,202,205,208,209,210,213,215,312,187,248,314,315,317,318,319
320,194,197,326,198,328,329,199,203,201,202,205,207,208,209,210,213,214,215,283,314,190,316,186,187,188,317,318,191
128,321,129,195,193,68,194,203,204,205,209,210,19,212,278,215,90,28,285,95,166,171,111,114,115,117,185
256,257,322,258,323,260,324,199,200,328,201,202,327,205,209,210,211,213,215,89,217,30,32,34,35,236,52,312,315,318,319
322,323,194,197,199,200,329,201,203,202,205,271,207,81,208,209,210,213,215,312,231,186,110,251,242,248,313,314,187,317,191
256,191,322,323,324,194,326,197,200,328,198,199,201,202,205,208,209,210,213,214,215,94,34,315,312,314,187,317,318,319
193,194,191,325,197,327,199,201,202,203,205,207,208,209,210,212,277,278,87,213,215,93,97,228,109,111,179,54,120,187,61,255
192,191,194,323,195,326,199,328,200,202,205,208,209,210,213,214,215,283,186,187,244,53,316,122,315,188,317,319
256,191,322,65,324,194,325,327,200,329,199,201,202,205,208,81,209,210,213,214,215,231,251,312,313,314,187,319
323,195,259,326,196,328,72,330,269,205,206,209,210,211,214,215,283,155,94,307,244,308,316,309,186,187,188,317,191
191,194,323,326,199,200,329,73,328,202,11,205,209,210,275,213,215,216,90,26,34,104,46,239,188,189,312,187,316,317,319
256,259,323,261,262,69,200,73,74,329,77,269,271,81,275,85,87,89,283,94,98,100,41,106,109,177,242,116,54,246,251
256,261,69,200,73,74,10,329,202,269,271,16,81,275,277,119,280,89,87,94,98,231,237,109,239,242,246,311,251
261,69,264,73,329,202,269,270,271,16,81,275,277,87,89,94,98,231,109,48,242,243,246,311,248,249,251
0,64,3,5,134,200,329,10,73,140,138,8,12,16,81,275,19,183,120,292,230,231,39,232,59,43,237,239,311,312,251
0,320,64,3,198,8,265,11,12,16,17,19,21,22,23,26,27,29,159,225,34,227,33,39,232,42,110,59,317,63
256,322,131,324,258,262,3,12,16,145,213,22,223,225,34,312,161,229,226,35,289,297,122,236,310,248,185,58,60,63,318,319
0,66,195,5,6,327,329,9,207,145,24,27,222,287,224,230,231,233,234,43,236,59,238,313,187,317
66,2,5,70,199,326,201,266,265,207,217,157,289,35,230,231,41,43,173,238,53,54,189,121,314,317
259,4,3,7,72,74,268,269,12,80,274,276,88,24,247,283,219,223,34,103,233,43,47,239,51,246,55,253
64,66,5,199,200,329,10,201,140,73,13,81,275,20,156,222,30,32,33,35,229,37,231,167,230,40,44,237,45,303,52,54
131,67,5,199,200,329,201,7,140,16,81,275,222,57,31,34,38,231,230,42,237,46,239,48,50,61,53,56,121,60,189
0,66,5,326,328,9,265,267,13,214,23,27,222,32,224,34,230,234,43,44,238,188,51,244,54,187,316,317
0,66,195,5,329,9,144,211,84,23,216,218,27,28,91,222,224,102,234,43,46,238,188,180,59,316,317,63
0,320,66,5,326,329,11,13,19,23,27,222,30,32,224,34,228,230,40,106,234,44,45,237,51,316,54,313,314,187,188,317
256,66,323,131,5,200,329,74,73,266,13,81,275,20,222,32,224,34,37,230,231,234,43,44,237,242,51,54,312,251
129,66,131,5,201,266,13,88,282,284,222,224,33,34,32,228,37,230,231,313,234,44,45,237,51,54,121,314,317,190,255
128,129,321,1,132,261,64,66,5,203,16,19,212,85,278,21,22,218,285,224,162,230,232,233,234,43,238,51,117,54,317,63
0,1,66,67,4,5,326,7,72,149,22,23,27,221,31,38,230,42,46,47,48,60,188,50,244,53,61,56,186,187,316,317
128,0,66,5,328,9,203,16,274,22,24,218,27,220,222,224,291,233,234,43,59,187,238,244,308,123,63
66,3,131,4,136,12,205,16,22,24,221,223,34,233,234,43,42,238,47,48,239,55,314,123,317
3,4,327,329,10,12,271,16,81,275,22,24,28,311,93,223,34,231,233,42,43,46,239,47,242,55,312,251,63
256,257,322,131,258,64,1,0,200,16,213,22,89,218,27,221,30,32,34,35,229,230,232,43,236,238,52,312,122,315,318,319
128,129,66,132,5,9,10,18,218,27,220,285,222,224,34,230,231,233,234,43,106,238,111,304,117,54,188,127
320,66,131,5,198,6,136,9,12,142,271,17,275,24,220,222,30,224,230,231,40,234,43,45,238,187,317,62
0,1,5,70,199,201,266,13,142,22,218,27,222,30,32,35,36,37,229,231,167,232,43,44,173,237,240,52,53,54,189
129,2,66,5,70,199,200,201,266,207,275,217,222,224,36,230,234,43,173,51,53,54,189,121,317
255,4,3,326,12,16,18,214,24,26,159,223,34,39,233,106,43,42,302,47,239,242,55,58,315,190,191
66,3,326,12,268,16,17,211,22,26,223,31,289,225,161,38,39,168,42,238,47,48,60,125,316,187,124,317,63
0,64,66,131,3,5,326,8,11,12,16,22,23,27,286,32,33,227,232,233,42,123,43,238,47,244,316,59,188,317
0,66,5,135,72,138,202,10,208,16,214,23,279,218,91,284,157,227,230,231,39,233,41,43,238,182,246,59,253,126
64,2,3,135,200,73,10,329,140,74,12,207,16,81,275,156,292,230,231,232,233,59,43,237,239,303,311,251
0,1,66,130,4,5,72,16,149,22,23,218,27,289,100,38,39,233,43,46,238,239,50,55,186,59,317,63
0,320,64,3,5,198,6,9,204,12,82,19,23,24,27,222,224,230,231,232,59,234,43,238,46,187,317
64,66,2,5,6,327,135,201,329,266,216,218,222,30,224,98,58,230,231,233,234,43,59,238,244,54,314,317,188,189,127
128,129,66,131,132,5,198,1,136,8,16,17,85,22,218,28,285,222,224,225,227,230,231,233,234,43,42,238,314,317,63
0,129,66,131,128,5,3,64,329,12,16,19,22,23,218,27,285,222,33,34,230,231,232,233,43,238,110,314,59,317,63
257,322,131,260,5,328,142,16,17,213,22,218,221,225,34,229,230,231,232,233,42,43,236,238,309,312,122,315,63,318,319
64,66,131,323,5,134,200,329,73,138,140,16,81,275,222,224,34,228,230,231,233,234,43,237,238,239,51,54,251,254
129,66,195,323,259,196,263,5,74,268,206,209,211,212,85,23,91,155,222,32,224,230,234,235,44,115,51,54,122,125
0,66,5,133,8,329,266,218,30,222,224,227,230,231,233,234,43,106,170,110,45,238,54,314,187,317,62,191
64,2,3,5,198,327,8,329,266,135,12,81,85,30,222,224,33,227,230,231,232,233,234,43,110,238,243,54,313,59,317
66,5,327,329,266,201,13,215,222,30,224,121,32,37,230,231,234,43,44,237,239,49,243,51,54,313,314,251,189
65,3,259,4,326,263,10,12,269,268,276,24,25,283,223,34,233,43,110,47,48,239,117,118,55,316,255
0,1,66,131,5,143,16,19,20,22,23,218,27,28,29,30,288,33,34,185,230,231,233,42,43,238,125,313,314,317,63
0,129,66,195,131,5,326,328,13,79,23,27,222,32,289,224,101,37,230,234,44,60,51,308,316,54,122,187,188,317,190
0,66,3,2,5,198,67,7,329,135,6,85,27,219,57,31,38,232,234,43,46,48,240,50,61,53,56,313,187,60,317
320,3,5,198,329,12,15,17,19,21,27,222,224,225,34,32,230,40,233,234,43,238,51,54,187,317
67,327,7,329,10,138,140,16,81,275,56,219,28,221,31,163,38,231,236,237,46,239,48,50,53,311,312,57,251,60,61
2,5,198,135,200,329,10,140,16,81,275,218,222,224,292,230,231,233,234,43,59,237,238,239,246,311,54,58,251
64,0,66,2,3,197,5,327,72,204,145,213,284,227,126,230,231,39,233,232,43,124,182,56,313,186,59,316,317,190
3,4,200,73,10,329,140,74,12,16,81,275,55,22,24,223,34,292,231,233,43,237,239,303,47,311,248,58,251,63
256,129,66,195,323,5,321,196,203,206,209,212,23,155,285,222,32,224,37,230,232,317,234,44,51,244,54,122,187,189
0,65,66,195,67,5,197,326,72,68,214,218,92,32,33,34,162,230,166,186,107,44,187,174,51,54,314,59,316,317,190
129,66,5,198,329,203,11,90,26,222,223,224,34,98,230,231,232,39,233,43,238,54,55,118,314,187,317,127
256,322,323,324,5,66,200,329,74,13,81,275,213,23,222,30,32,224,37,230,231,234,43,44,237,242,51,54,312,314,251
128,64,66,131,3,5,198,266,12,85,23,285,222,224,33,32,230,232,59,234,43,110,238,51,54,314,187,317,62
66,323,5,200,329,10,73,140,266,81,275,222,30,224,32,228,37,230,231,234,44,237,45,239,51,54,311,312,251,62
128,129,194,0,132,196,2,3,5,135,203,145,83,212,85,278,215,19,93,285,157,97,227,230,39,231,233,43,109,238,240,54,59
128,129,64,195,66,5,329,266,203,145,19,212,85,285,222,30,224,32,228,230,234,43,108,45,110,44,51,54,317,62
5,134,200,73,10,329,140,74,16,81,275,218,94,222,226,35,230,231,233,59,43,237,238,239,303,54,311,312,58,251,126
128,320,0,131,3,5,1,136,8,15,16,17,19,22,26,27,218,28,222,224,227,230,231,233,234,43,42,238,46,63
66,131,5,327,266,13,81,30,222,32,224,228,37,230,231,313,234,43,44,45,110,242,51,52,54,121,314,251,317
0,1,66,323,195,5,326,65,11,12,14,16,19,22,25,26,283,27,29,41,42,43,187,238,47,244,58,123,188,317
261,69,265,75,269,81,274,83,84,85,278,87,281,282,283,89,92,94,248,97,98,106,109,110,111,242,117,120,249,253,254
256,192,259,324,261,69,264,265,269,79,81,274,276,85,87,280,283,94,289,41,106,110,243,252,117,316,253,254,255
256,257,258,322,260,68,262,261,71,271,81,278,86,89,93,248,225,229,106,242,243,116,312,249,122,251,318
256,323,69,261,264,265,200,75,76,269,271,81,84,87,89,26,97,98,100,106,109,177,242,243,248,250,251,254
256,261,69,264,267,268,269,76,271,80,274,276,88,283,100,165,103,168,41,106,108,174,243,51,246
2,69,70,199,201,266,268,207,81,275,87,217,121,35,36,231,173,53,313,314,189
69,261,264,265,266,269,271,79,81,85,87,283,285,160,100,101,106,237,110,49,242,243,120,251,252,253,254
259,261,69,264,265,76,269,271,273,276,119,280,217,283,284,289,227,100,101,165,41,106,174,50,243,247,127,253,254,255
65,259,261,326,69,264,269,79,273,274,275,276,279,281,283,32,165,39,106,174,47,243,186,316,253,254,255
256,257,258,260,261,262,69,263,73,329,74,264,269,270,271,16,81,275,87,89,283,231,104,109,48,246,312,250,251
69,261,264,266,75,11,269,271,79,81,277,87,89,283,32,249,231,313,106,109,241,242,243,121,250,251,252,253,254
256,259,261,69,73,329,74,138,269,268,271,16,81,202,275,276,84,87,89,283,94,97,98,109,115,246,248,75,251
129,68,261,69,135,138,269,81,83,85,278,87,89,92,285,94,95,289,98,101,105,109,111,112,114,115,178,117,118,247,122,127
256,259,68,261,69,262,70,135,200,71,269,271,79,278,86,89,283,99,100,101,106,111,177,242,243,116,117,121,250,253,254
256,259,261,69,73,74,329,268,202,269,271,16,81,275,87,89,218,91,94,98,231,107,109,242,246,248,251,254
259,261,69,264,75,269,271,79,81,85,87,89,283,157,32,98,106,109,241,242,243,252,249,251,316,253,254
259,68,326,71,72,8,70,76,269,77,274,85,214,21,280,86,283,98,99,164,166,41,42,106,241,244,116,121,188,253,254
68,69,261,70,264,265,71,269,271,79,274,277,214,279,280,89,86,283,98,106,110,241,243,116,117,119,121,251,252,253,254
256,68,261,69,70,264,329,266,74,71,269,76,12,79,275,86,279,283,34,106,111,242,243,116,121,251,316,189,190
256,321,68,261,262,71,70,75,203,79,212,85,278,86,87,90,92,95,100,104,106,109,111,112,114,115,116,117,121,250
256,257,258,322,260,259,262,324,68,71,70,79,213,86,89,248,121,34,106,242,116,245,312,249,122,251,318,319
65,259,69,72,265,264,269,81,274,85,280,89,282,283,284,32,99,165,106,109,110,174,243,252,182,316,253,254,255
256,258,260,261,69,263,264,73,329,10,270,271,16,81,275,87,94,231,172,242,243,180,246,312,249,250,251,189
65,259,323,195,326,72,265,76,269,77,206,276,280,281,283,155,32,289,101,41,107,47,305,115,244,182,119,122,253,254
69,261,70,264,265,141,269,271,79,273,85,279,280,87,283,98,100,106,42,298,110,242,243,117,249,250,252,253,254
256,257,258,322,260,261,262,69,68,70,71,269,271,79,275,213,86,89,281,248,121,34,100,41,106,47,116,117,312,249,122,318,319
256,259,68,326,71,72,8,9,269,77,274,276,21,214,86,87,27,283,32,99,164,166,42,106,47,244,116,188,253,254
256,257,258,323,260,322,71,200,269,77,275,89,281,283,221,32,39,47,48,245,248,249,122,315,318
256,323,259,326,71,72,328,199,201,269,13,142,271,214,22,23,88,89,283,27,221,30,32,35,37,40,44,244,52,122,315,188,253,254
256,257,258,323,260,322,262,71,328,77,269,213,89,281,283,221,32,289,187,178,244,245,248,249,122,315,318
256,257,258,322,260,262,71,328,202,77,269,208,213,89,283,221,32,187,243,244,245,248,249,122,315,318,319
256,257,258,67,260,6,71,328,7,9,269,14,89,283,221,31,289,47,48,178,244,245,53,254,56,57,122,315,60,253,318
256,192,323,259,261,326,71,72,73,328,200,76,269,77,268,202,271,208,276,218,283,32,114,244,245,187,253,254
69,326,72,328,8,269,77,17,81,21,214,87,89,27,283,221,99,164,166,42,109,47,188,178,244,182,187,316,253,254
256,323,260,68,326,71,8,70,76,269,77,79,21,86,89,283,221,99,164,166,106,111,244,116,117,121,122,315,188,253
256,257,258,259,260,69,326,262,328,73,267,76,269,213,87,89,283,94,225,34,297,188,244,245,248,249,122,316,318
256,0,259,69,326,72,8,73,269,77,17,274,19,276,21,214,87,27,283,94,99,166,39,42,47,178,244,182,120,188,253,254
256,323,260,69,326,72,8,138,269,17,274,21,214,87,27,283,221,289,99,166,168,42,46,47,178,244,182,122,188,253,254,127
256,192,259,69,326,71,72,8,73,76,269,77,81,276,21,214,89,283,91,94,98,99,166,168,42,109,47,178,244,188,253,254
256,257,258,259,260,69,261,73,329,138,202,269,16,81,275,87,89,283,98,237,109,246,312,251,188,254,319
256,257,322,258,260,69,262,328,81,213,89,283,221,34,98,42,43,109,245,248,249,122,315,316,318,319
66,259,68,263,71,74,268,76,269,272,274,211,276,86,87,280,283,31,98,99,100,101,107,48,116,254,255
256,257,258,323,260,261,322,67,200,199,201,269,13,18,22,88,89,283,94,30,96,32,34,35,37,44,244,117,52,316,318
128,66,259,261,6,72,265,269,209,85,278,87,280,217,90,283,92,289,99,100,41,107,112,50,244,117,182,119,57,253
256,257,258,322,260,69,262,328,73,267,14,213,87,89,221,94,225,245,248,249,122,315,317,318,319
256,261,69,263,264,75,269,270,271,81,84,85,278,277,87,89,92,97,98,109,111,242,243,117,248,249,250,251
258,259,261,69,198,264,265,269,85,278,277,280,217,283,284,289,227,100,101,41,106,107,112,50,243,117,119,253,255
256,257,258,322,260,259,262,69,261,267,269,81,213,87,89,90,248,313,108,109,245,312,249,122,318,319
256,261,69,73,74,329,138,202,269,271,16,81,82,275,87,89,94,248,98,231,237,109,246,311,312,54,251
256,259,326,72,8,329,76,269,77,208,17,274,276,84,277,21,87,189,283,27,99,166,40,42,49,178,244,316,182,188,253,254
256,68,326,71,72,8,9,76,269,77,274,21,214,86,280,27,283,32,99,164,166,42,47,188,243,244,116,119,316,253,254
192,65,326,71,72,8,9,76,269,77,274,276,21,214,280,283,32,99,164,166,42,188,244,187,316,253,254
256,66,69,261,200,73,329,74,138,269,202,271,16,81,275,85,87,89,283,94,34,98,109,46,239,242,246,251
192,256,65,259,260,69,326,70,8,76,269,77,17,274,81,276,85,214,21,87,89,283,27,99,164,166,42,109,178,244,182,253
256,66,261,262,69,73,329,267,269,271,16,81,80,275,276,87,88,89,91,231,103,106,109,243,51,246,311,251
256,257,258,322,260,324,262,69,330,267,81,213,87,89,248,34,109,245,309,312,249,122,318,319
65,66,259,68,263,72,71,74,268,77,76,269,272,211,276,86,279,280,283,31,99,106,107,176,48,116,247
65,259,326,71,72,76,77,269,80,208,276,214,88,89,281,283,92,32,97,96,42,107,47,114,51,244,247,316,253,254
2,259,70,199,72,201,266,138,267,269,207,80,275,276,280,88,217,283,91,97,173,51,244,53,246,184,121,254,127
68,69,261,71,264,265,70,269,271,79,85,86,279,283,100,165,106,110,174,242,243,116,117,121,251,253,254
68,261,69,264,75,269,81,84,85,278,277,86,87,89,92,93,95,248,97,98,106,109,110,111,112,117,54,120,249
259,261,262,69,72,264,267,269,79,80,274,276,87,280,89,88,283,100,103,106,111,51,244,243,246,247,249,253,254
195,68,261,326,71,72,9,76,269,77,13,274,276,85,278,86,283,92,32,42,106,47,114,244,117,116,245,187,253,254
256,257,258,322,0,261,1,69,200,73,74,329,202,141,81,275,19,89,281,283,27,93,94,98,237,109,312,251
256,257,258,322,260,66,262,200,267,80,209,276,213,212,88,89,225,51,245,246,248,249,122,316,318,319
256,257,322,258,260,261,262,69,267,271,81,84,213,87,89,248,109,245,312,249,122,251,318,319
256,69,261,263,264,265,266,269,271,79,81,87,283,98,106,109,110,241,242,243,252,251,316,253,254
256,259,261,326,71,72,135,9,76,269,77,79,208,274,276,278,280,153,283,284,32,296,106,42,177,244,117,116,247,253,254,255
256,257,259,71,72,73,138,202,267,269,77,271,80,81,275,276,84,88,89,283,32,301,51,244,245,246,247,126
192,68,69,261,70,264,265,72,71,329,269,79,274,86,279,280,283,100,106,107,301,111,244,117,116,119,121,250,188,189,254,127
68,69,261,71,264,265,70,75,74,269,270,271,79,81,86,279,283,121,36,122,106,110,111,112,242,243,116,117,249,250,251
66,259,69,263,72,74,268,76,269,272,211,276,87,88,283,284,31,99,297,48,178,253,124,125,254
256,257,258,322,260,259,262,326,69,135,8,269,208,213,21,89,283,156,99,164,36,166,169,250,304,178,244,245,181,122,315,253,318
256,0,1,259,261,69,264,265,269,141,271,19,279,281,283,27,157,94,106,110,241,243,117,120,122,251,254,255
256,261,69,73,329,74,202,269,271,16,81,207,275,84,87,89,98,231,109,239,242,246,311,248,249,251
259,69,326,263,72,264,268,269,81,274,280,89,281,283,32,99,100,165,168,106,107,109,174,243,244,252,316,253,254
256,257,258,259,260,4,262,326,72,131,267,76,213,89,283,225,104,297,245,310,248,249,122,315,253,254,319
256,257,259,260,326,71,72,8,267,76,269,77,80,276,88,89,283,32,99,51,244,245,246,248,122,315,60,253
256,259,68,70,71,72,73,329,138,10,269,271,79,81,275,276,86,216,283,99,106,111,244,116,117,121,251,253,254,255
256,68,261,70,71,329,269,79,277,278,85,21,86,283,92,93,94,97,106,234,109,110,111,243,244,117,116,120,121,188,189
256,2,70,71,72,199,266,74,201,269,207,79,275,276,217,283,95,35,36,173,244,116,53,189,121,253,254
259,69,72,265,264,268,269,77,271,270,274,276,85,280,89,282,283,284,98,100,106,241,243,116,117,182,252,253,254
66,259,69,263,72,74,268,76,77,272,81,211,276,84,87,280,91,31,99,100,102,232,107,48,125,119,124,253,254
256,260,261,69,262,263,73,329,264,269,270,271,16,81,18,275,276,87,89,283,109,242,246,312,250,251,254
257,68,69,261,70,264,265,71,269,270,271,79,85,86,87,279,283,121,100,106,110,111,242,243,116,117,249,122,251,254
257,258,259,260,261,262,69,73,267,269,80,81,276,85,278,87,88,89,283,91,92,103,168,109,51,118,246
256,318,320,259,66,261,69,73,329,74,269,77,271,16,81,275,85,87,283,94,98,231,109,239,116,246,251,254
0,259,69,261,264,75,204,268,142,271,274,20,278,279,280,281,283,157,227,100,39,106,175,242,243,114,178,118,250,251,124,254
256,65,259,69,326,71,72,76,269,77,208,274,276,84,214,283,32,42,107,305,244,245,186,187,316,253,254
65,259,195,196,262,135,72,265,76,269,77,268,206,79,147,276,280,283,155,100,297,106,107,112,176,115,244,309,182,119,184,122,253,254
69,261,264,73,75,269,270,271,81,89,283,94,32,98,106,109,110,242,243,117,249,250,251,252,253,254
65,259,196,69,263,135,264,269,79,273,274,85,279,280,87,282,283,92,94,97,106,110,111,241,114,243,117,118,123
256,261,69,73,329,202,269,271,16,81,275,87,89,281,283,120,94,231,39,109,47,48,242,243,246,248,185,251
256,257,258,322,69,262,261,329,73,74,202,269,271,16,81,275,87,89,283,34,312,98,237,46,109,246,248,251
257,259,69,72,265,264,267,269,80,276,88,89,217,283,284,289,227,100,103,41,107,50,51,246,119,248,253,255
261,69,264,265,73,75,269,271,81,84,85,278,87,89,92,94,248,97,98,106,109,110,242,243,117,120,249,250,251
256,65,326,71,72,8,202,76,269,77,208,274,276,21,87,283,32,99,166,42,47,178,244,245,187,253,254
256,69,261,264,266,75,269,270,271,79,81,277,87,89,283,231,313,106,107,109,241,242,243,121,250,251,252,253,254
256,257,322,258,260,261,262,263,264,267,270,81,213,87,89,248,225,34,250,245,312,249,122,251,318,319
68,261,133,69,75,269,81,277,278,85,280,87,279,218,92,284,94,162,104,106,170,109,301,111,112,117,250,255
256,69,261,264,265,75,267,269,81,84,85,278,87,89,283,92,284,97,98,106,109,110,243,117,248,249,250,251,255
261,69,264,265,269,271,79,81,83,85,279,87,282,283,26,249,106,107,109,110,241,242,243,313,251,252,253,254
259,69,72,265,264,76,269,217,89,283,284,289,227,100,41,106,241,50,243,182,119,252,253,254,255
256,257,258,322,260,318,262,69,267,269,81,213,87,89,283,248,34,109,245,312,249,122,254,319
256,67,68,261,69,70,264,265,71,200,269,271,79,273,18,84,86,283,96,34,101,249,106,110,111,242,116,117,121,316,253,254
256,257,258,322,260,262,72,73,267,16,81,213,89,248,34,229,122,245,312,249,58,253,318,319
256,257,322,258,324,260,262,131,200,69,75,76,267,81,213,150,87,89,248,34,245,312,249,122,318,319
256,257,258,322,260,262,199,201,13,213,88,89,93,30,248,225,34,32,35,37,44,52,245,119,312,122,315,318,319
256,259,195,261,196,135,72,73,74,76,269,206,81,275,276,84,147,23,86,91,283,155,294,297,176,115,244,309,182,184,122,253,254
256,259,261,69,73,329,74,202,269,271,16,81,275,87,89,94,248,98,231,107,237,109,242,246,311,312,251
256,257,259,67,261,262,69,200,267,269,271,80,209,274,18,276,212,21,87,88,81,96,100,103,168,106,243,51,246,251
256,257,258,322,260,261,262,259,267,269,213,87,89,283,287,248,34,230,295,115,245,312,249,122,318,319
256,259,261,262,69,269,81,276,84,278,85,87,89,283,92,287,34,98,230,295,106,109,111,117,248,316,254,255
256,65,259,69,326,70,72,8,76,269,77,17,274,81,21,87,89,27,283,287,99,166,295,109,47,178,244,182,316,253,254
256,257,258,259,260,322,262,328,265,267,213,89,283,91,287,225,34,230,295,41,245,248,249,122,315,318
256,259,261,69,200,73,329,202,269,271,81,209,275,87,89,283,94,287,312,98,230,231,295,106,109,246,248,249,251
256,257,258,259,260,261,262,66,69,264,269,271,79,81,276,87,89,283,295,106,107,241,243,254,248,249,252,253,318
256,257,258,322,260,261,262,259,264,269,213,89,283,287,248,225,34,96,230,295,109,241,245,312,249,122,252,318,319
256,259,68,69,261,71,264,329,75,269,79,81,86,279,283,121,98,230,169,106,110,49,242,243,116,311,249,250,251,188,189,254
256,257,258,322,260,68,262,71,328,269,275,213,86,89,281,283,225,34,39,105,106,47,48,116,245,248,249,122,318,319
256,259,69,72,264,11,76,269,77,271,79,273,274,81,84,87,280,281,283,99,100,106,107,241,243,244,252,253,254
0,1,68,261,69,71,265,75,268,269,141,271,79,273,19,276,86,281,283,27,94,122,41,106,110,242,243,244,116,250,251,253
257,258,259,260,66,262,69,264,267,269,80,81,274,87,88,89,283,91,103,106,109,51,243,246,118,252,253
66,259,263,72,74,267,268,269,76,80,272,211,276,88,283,31,99,103,107,48,51,125,246,124,253,254
68,261,69,71,264,265,329,75,269,271,79,81,86,279,281,283,223,289,121,39,41,106,110,242,243,116,249,250,251,188,189,254
256,68,261,69,70,71,73,74,329,10,271,79,81,275,277,278,86,94,231,168,313,106,111,242,243,116,117,311,248,121,251
256,65,259,261,263,72,71,9,76,269,77,12,271,79,274,208,276,214,283,156,32,100,106,107,42,244,116,247,253,254
256,320,195,261,69,265,75,269,271,81,146,85,278,87,89,283,92,98,166,106,109,110,242,243,178,117,311,250,251,318
256,257,258,322,260,261,262,69,267,271,81,213,87,89,248,107,109,245,312,249,122,251,318,319
256,259,68,326,262,72,71,8,70,76,269,79,274,276,213,214,21,86,89,283,99,164,166,106,111,178,244,116,117,121,253,254,319
256,69,261,264,75,269,270,271,79,81,85,87,89,283,98,249,106,109,46,241,242,243,248,313,250,251,252,253,254
259,68,69,70,71,264,265,11,269,271,79,274,86,279,280,283,98,100,165,106,174,111,242,243,116,121,251,253,254
256,68,261,69,264,75,269,81,212,85,278,84,87,89,90,92,94,95,288,97,98,100,104,109,111,112,114,117,248,250
256,259,326,71,72,8,202,265,76,269,77,17,274,276,21,214,23,283,27,32,99,164,166,40,114,178,244,182,253,254
256,258,259,69,326,263,72,264,11,76,269,268,79,274,276,87,283,99,100,106,107,241,242,243,244,182,252,253,254
256,68,261,69,71,70,265,75,269,270,271,143,81,79,85,278,86,283,92,121,100,106,110,111,242,116,117,249,250,251
68,69,261,133,264,265,71,75,70,269,271,79,276,86,279,280,218,283,98,100,165,106,170,174,242,243,116,121,251,254
256,259,69,326,263,72,71,9,76,269,77,79,208,274,276,214,283,32,42,107,106,244,116,122,187,253,254
256,321,68,261,69,75,269,81,212,85,278,87,90,91,92,95,162,166,103,107,174,111,112,114,115,117,184,250,125
256,259,261,69,263,264,269,81,274,276,85,278,84,280,87,89,283,88,92,98,100,101,105,109,115,243,117,248,249,253,254
256,259,69,326,72,8,75,76,269,17,274,81,276,21,87,89,154,283,27,99,166,109,241,305,178,244,182,253,254
259,261,262,69,264,267,268,269,270,271,141,80,274,276,279,88,100,165,103,168,106,300,174,48,51,179,243,246,251
256,259,69,261,264,329,73,202,269,271,16,81,275,87,89,94,98,231,106,107,109,242,243,246,248,249,251
256,261,69,73,329,74,202,269,271,16,81,275,87,89,284,94,248,98,231,106,109,242,243,246,312,251,255
256,261,69,264,75,269,270,271,143,81,84,277,278,85,87,89,92,93,248,97,98,109,242,243,120,249,250,251
0,129,261,69,264,329,265,203,75,269,271,81,19,84,85,278,87,89,91,92,248,97,98,100,109,117,120,313,187,316,317
259,261,69,329,73,202,269,270,271,16,81,275,87,89,282,94,231,108,237,109,239,242,114,117,246,311,248,251
67,68,261,69,260,264,70,263,75,71,269,270,271,18,85,278,86,94,96,104,106,110,242,243,116,121,250,251
256,261,69,200,73,74,329,202,269,78,271,16,81,275,87,89,94,98,231,237,109,239,246,311,249,251
320,318,68,69,261,71,264,265,269,271,79,275,85,86,279,281,283,94,165,39,106,110,47,242,243,116,121,251,254,255
256,257,258,318,260,68,326,262,328,71,269,275,276,213,86,89,281,283,225,39,106,47,48,244,245,116,119,248,249,122,254
69,261,264,265,269,271,79,81,85,87,280,89,283,32,98,101,106,109,241,242,243,119,251,252,253,254,255
256,321,129,261,69,264,203,75,269,81,212,85,278,277,84,87,90,89,91,93,92,95,97,98,231,109,111,114,115,117,248
256,67,68,261,70,71,265,76,269,271,79,18,82,278,86,87,283,94,96,100,106,110,111,242,244,117,116,121,251,253,254
261,198,69,264,269,271,15,273,17,85,278,279,21,87,283,94,225,229,233,106,110,238,242,243,117,118,252,253,254
256,68,69,261,262,264,329,70,263,71,269,271,79,81,276,278,86,279,283,312,313,106,107,242,243,116,248,121,251
256,65,68,261,326,71,72,9,76,269,77,79,208,274,276,86,279,89,283,95,32,106,42,301,244,117,116,253,254
65,259,68,261,69,325,264,327,75,269,271,280,98,162,100,101,290,166,103,59,106,107,45,110,174,114,243,117,184,250,251,125
69,261,264,75,269,270,271,81,274,84,277,85,87,89,92,248,97,98,163,104,109,242,243,117,120,249,250,251
256,67,261,262,69,264,329,74,269,271,81,18,84,87,281,56,89,94,96,97,290,98,101,104,106,109,110,111,242,117,248,255
261,69,264,265,266,75,269,271,81,213,278,85,88,87,283,92,160,98,106,298,237,49,242,243,117,120,313,250,251,191
256,68,69,5,70,264,265,71,76,269,271,79,81,274,86,283,98,100,106,111,242,243,116,117,312,121,250,251,188,254,127
256,260,261,70,199,264,201,266,74,329,269,263,207,270,81,275,280,217,283,173,244,53,119,121,250,251,316,189
259,69,264,265,8,269,270,271,81,85,87,282,283,284,98,59,106,108,109,110,242,243,117,249,251,252,317,254
256,66,261,69,264,329,73,202,269,271,16,81,275,87,89,248,98,231,106,109,46,242,243,246,312,249,251
256,68,261,262,69,73,329,11,74,203,268,271,16,81,269,275,86,279,87,88,94,100,106,109,116,246,251
318,259,195,68,72,137,76,77,268,81,211,276,19,280,94,290,162,100,101,166,103,107,174,114,119,184,253,122,59,125,126
256,261,69,200,73,74,329,266,202,268,271,16,81,205,275,210,209,87,280,215,94,231,237,109,239,242,246,119,251
256,65,259,68,326,71,72,8,70,269,79,273,274,276,21,86,280,89,283,99,164,166,106,111,244,117,116,121,253,254,319
256,259,68,261,69,71,72,265,269,271,79,144,146,276,86,279,283,29,95,100,106,111,112,242,180,117,244,116,121,188,253,254
66,259,263,72,265,74,268,76,269,272,211,276,280,217,283,284,31,289,99,100,101,102,107,48,50,119,253,255
69,261,264,265,75,11,269,270,271,79,81,85,87,280,89,283,32,100,106,109,110,241,242,243,249,250,251,252,253,254
256,259,68,261,69,9,75,269,79,274,275,276,278,86,281,90,283,98,99,39,106,47,241,242,116,182,247,249,253,254
256,259,261,69,264,265,269,270,271,79,81,84,87,281,283,126,106,124,241,242,243,249,250,251,252,253,254
128,261,69,263,264,266,75,203,269,270,81,212,85,278,277,84,87,89,92,285,97,98,104,109,242,243,248,249,250,251
259,68,70,71,72,73,138,10,76,77,269,81,84,276,86,216,283,91,290,102,106,107,46,244,116,247,121,251,253
259,195,196,135,72,265,268,269,77,76,206,274,147,91,283,155,289,99,100,41,107,176,115,244,309,182,248,122,253,254,255
259,68,70,7,72,71,76,77,268,270,276,84,277,86,280,282,283,247,91,219,99,100,106,107,242,244,117,116,119,121,253
256,66,259,68,261,71,72,263,74,268,269,76,77,79,272,211,276,86,283,31,95,99,100,101,106,107,48,116,253,254
256,192,323,259,261,326,71,202,269,77,79,208,274,85,214,278,281,283,92,32,114,244,245,62,187,253,254
256,259,69,326,8,76,269,77,142,81,274,276,21,278,87,280,89,283,98,99,100,101,166,168,109,178,244,126,124,253,254
256,129,321,257,258,261,69,203,269,81,212,85,278,215,84,89,90,87,92,285,93,95,98,109,111,112,114,115,117,248,313
256,68,261,69,71,264,70,10,75,269,270,79,277,86,279,28,94,97,165,104,106,109,242,243,116,121,250,251,188
256,68,69,261,70,264,265,72,71,269,141,271,77,79,19,276,85,86,280,283,94,98,100,101,106,111,113,116,117,121,122,251,254
256,69,261,262,264,5,71,269,142,271,79,81,212,87,89,26,283,95,248,98,106,123,109,305,242,243,312,249,251,188,127
256,326,72,8,269,142,17,274,275,20,21,214,23,279,27,283,157,225,36,164,166,42,178,244,118,119,188,253,254
257,259,261,263,73,267,269,142,79,80,20,279,88,89,281,283,157,225,103,39,241,51,244,118,246,123,253,254
256,257,68,261,262,70,71,73,329,138,10,75,270,271,16,81,79,275,276,86,89,282,283,100,106,111,244,116,246,117,121,251
69,261,264,73,329,74,202,269,271,16,81,275,87,89,220,98,231,109,239,242,243,244,246,311,248,251
259,69,72,265,264,76,77,268,269,81,146,276,84,21,280,217,283,284,91,32,289,100,41,107,50,243,119,253,254
256,259,260,69,326,72,8,76,269,77,17,274,81,276,213,21,23,87,89,27,283,99,164,166,109,178,244,182,253,254
258,259,261,69,203,269,81,212,85,278,215,277,84,87,89,92,93,95,248,98,105,108,109,114,115,51,117,243,180,120,250
256,67,68,70,71,265,76,79,144,18,146,278,86,280,283,96,100,101,106,107,111,112,180,117,116,119,121,190,253,254
69,261,264,265,330,75,269,271,79,80,81,19,276,87,280,283,98,100,101,106,60,243,117,309,250,252,253,254
256,68,70,71,72,73,74,8,268,269,79,84,21,214,86,216,283,91,28,99,164,166,106,111,178,244,116,117,121,251,188,253,254
69,264,265,74,75,203,269,271,272,81,87,26,283,98,249,165,231,168,106,110,174,242,243,120,313,250,251,252,253,254
256,257,259,260,261,326,69,72,71,76,269,77,208,274,214,89,283,32,106,42,241,244,245,252,187,316,253,254
130,259,69,264,265,269,79,81,84,87,280,153,26,283,284,28,288,103,106,109,241,243,182,249,251,252,253,254
69,261,264,75,268,269,270,271,79,81,278,87,283,289,106,241,242,243,178,249,250,251,252,253,254
256,66,259,261,69,263,264,74,268,269,271,79,273,274,81,279,87,283,106,241,242,243,123,252,253,254
0,1,259,69,72,265,264,137,268,269,77,76,75,141,19,276,280,281,218,283,27,94,289,100,101,103,41,106,107,243,119,253,254
256,68,261,69,70,71,265,200,76,269,271,79,275,278,86,87,283,100,105,106,110,111,177,242,116,117,121,251,254
256,259,261,69,265,74,329,76,269,81,276,85,278,84,213,87,89,283,92,98,101,168,106,298,109,112,243,117,316,191
261,69,264,265,267,269,271,80,81,274,85,88,283,32,100,103,106,109,110,242,243,51,246,248,249,251,252,253,254
143,208,145,146,144,155,156,157,158,164,293,36,167,169,297,300,301,302,175,304,177,306,173,180,181,310
2,135,330,142,144,145,146,147,148,149,18,153,155,157,158,160,161,294,167,296,170,172,302,175,174,179,180,184
321,193,203,146,147,18,212,278,149,148,153,90,154,157,158,159,162,167,171,300,301,302,175,172,305,114,179,308,182,185
142,146,148,153,158,292,165,293,294,296,170,299,300,172,171,175,174,302,306,307,308,301,177,179,184,310
330,142,144,146,147,148,149,153,154,155,157,158,161,167,296,170,299,172,302,175,174,177,306,307,308,179,183
141,272,146,147,150,152,153,155,157,158,293,296,170,299,300,172,174,175,301,305,306,307,308,177
329,330,141,16,145,275,148,28,156,184,158,292,231,167,170,299,172,300,302,303,175,239,177,307,308,174,179,311,310,251
330,142,271,145,146,147,148,153,155,156,158,292,293,296,169,297,170,172,302,175,174,177,303,307,308,309,310,180,184
330,11,142,17,146,148,149,150,151,22,152,157,159,160,32,34,162,165,296,168,298,299,42,302,175,178,307,308,182
65,330,142,143,16,144,155,156,157,158,160,292,293,297,298,299,169,170,302,303,175,305,173,307,308,179,310,311,180,181
330,141,148,153,158,292,293,167,295,170,299,300,172,302,175,303,177,305,307,308,179,310,174,184
68,261,71,269,142,144,273,81,147,86,119,87,89,88,157,158,31,161,165,294,296,169,299,300,109,302,175,307,308,116,118,183,184,253
198,330,142,143,144,145,146,148,149,153,281,155,157,158,160,161,164,167,296,39,168,173,302,175,178,307,308,118,55
330,142,143,146,147,148,149,88,153,154,155,157,158,160,294,167,296,297,299,300,172,302,175,176,178,307,308,309,179,184
137,141,142,148,157,158,292,165,293,167,296,295,299,172,300,302,175,174,303,306,307,308,179,310,184
330,141,142,144,145,146,147,155,157,158,160,165,293,296,168,170,299,300,172,302,175,304,305,306,307,308,178,179,180
330,142,144,146,148,149,153,154,155,157,158,160,161,293,294,167,296,297,172,301,302,175,174,178,307,308,179
330,142,146,147,148,149,153,155,92,311,158,161,296,297,298,299,169,170,302,175,172,174,178,307,308,309,54,310
72,73,330,142,144,146,148,150,151,152,153,157,159,160,161,162,163,165,296,168,302,175,174,178,307,308,182,55,185
141,142,146,147,149,150,152,153,154,155,157,158,160,161,167,296,299,300,172,302,175,177,306,307,308,179,305
330,142,144,146,147,148,149,153,155,157,158,160,161,292,296,168,298,170,172,302,175,174,178,307,308,309,310,184
330,142,145,148,158,292,293,165,295,170,299,172,300,302,175,303,177,174,307,308,306,310,184
128,330,142,148,153,154,158,292,165,293,167,296,170,299,172,171,302,175,174,305,303,179,308,307,54,310,184
323,134,135,73,138,329,142,16,275,150,151,152,30,32,34,35,165,167,168,300,44,302,303,239,174,175,308,52,182,311,126,254,127
0,129,2,3,196,330,12,19,150,151,152,154,285,159,161,162,34,165,168,171,43,46,111,112,175,307,308,182,55,185,316
330,142,144,146,148,149,153,154,158,159,160,161,294,167,296,171,172,302,175,174,305,178,307,308,179,182,183
330,141,142,148,158,292,293,167,169,170,299,172,171,174,175,303,306,179,308,307,310,311,184
65,143,144,147,20,88,155,156,157,158,32,161,160,164,294,167,169,298,297,170,173,302,175,178,307,180,53,179,181
141,144,145,146,147,149,155,157,29,158,159,165,293,294,296,297,298,299,300,172,302,175,174,304,178,307,308,180,179,184
7,329,266,11,271,16,81,275,19,150,151,152,28,159,292,293,165,167,168,172,46,303,239,302,175,47,308,179,182,311,186,251,316
2,4,330,142,144,146,147,148,153,155,157,94,93,160,161,158,294,38,296,298,173,302,175,178,307,308,181,180,61
330,141,142,148,149,150,153,158,292,293,167,295,170,299,172,300,174,175,302,305,306,307,308,303,310,179,184
330,142,144,146,148,88,153,155,157,158,161,296,297,170,299,300,172,302,175,174,305,178,307,308,306,309,310,184
329,10,16,145,81,147,148,149,154,156,184,158,292,293,294,231,167,171,172,237,174,303,239,177,175,307,308,179,311,312,251
129,65,330,142,144,146,147,153,155,157,311,158,165,296,169,299,173,302,175,112,178,307,308,180,179,181,184
330,141,142,144,146,147,148,149,153,155,157,158,160,161,294,296,41,170,169,300,173,302,175,176,307,179,180,181,183,184
321,330,203,144,154,155,157,158,160,161,162,163,293,166,167,170,171,172,301,299,175,302,305,173,179,308,180,181,311,185
1,193,321,4,330,203,268,142,209,148,212,150,87,151,153,158,95,32,162,165,294,168,171,175,114,115,307,309,50,61
68,261,71,330,269,142,144,146,147,148,149,86,87,153,281,155,31,160,161,296,106,302,110,112,178,307,308,180,116
257,322,258,324,262,145,148,213,149,89,153,154,221,158,34,312,166,295,167,297,170,171,172,301,174,175,177,179,310,248,318,319
4,330,142,146,211,148,149,147,150,151,153,152,155,157,29,31,160,159,99,165,296,168,302,47,175,178,307,308,179,182,183,62
330,142,143,147,148,149,153,154,157,158,160,167,296,298,171,300,172,302,175,174,177,178,307,308,179,310,184
330,142,144,145,146,147,148,88,153,155,29,158,297,170,299,172,301,302,175,174,306,243,308,178,310,184
330,141,142,148,150,158,292,293,165,295,296,167,170,299,172,171,174,175,303,306,179,308,307,310,184
128,130,131,132,133,134,135,200,329,138,10,140,136,139,16,81,275,286,288,291,231,123,237,239,311,251,124,126
128,130,131,132,133,134,135,136,137,138,139,140,23,285,286,288,289,290,291,123,59,124,125,127
128,129,321,195,132,130,134,131,136,133,139,140,278,285,286,288,289,290,291,117,123,124,126,127
128,130,323,131,133,134,135,328,329,138,73,136,132,139,140,216,286,287,288,225,290,291,124,122,123,316,126,127
128,130,131,132,133,134,135,136,329,138,73,140,11,139,16,275,285,286,288,290,291,231,239,123,125,126,127
128,130,131,133,326,8,137,138,139,136,77,140,17,21,23,27,221,286,289,42,178,244,122,123,188,127
128,129,130,131,132,133,6,136,138,139,140,285,286,287,288,289,290,291,123,125,127
128,0,66,130,131,129,132,133,136,265,137,134,135,139,140,144,28,285,286,288,289,290,291,123,50,55,59,125,127
128,130,131,132,133,134,135,136,137,138,139,140,23,285,286,288,289,290,291,122,123,124,125,126,127
128,129,130,323,131,133,326,134,328,137,138,132,136,139,140,285,286,288,289,290,291,124,244,122,123,316,317,126
128,130,323,131,133,132,135,136,137,138,139,134,140,285,286,288,289,290,291,244,122,123,124,125,126,127
128,130,323,131,133,134,135,200,329,73,138,140,74,136,139,81,275,151,216,132,285,94,286,288,290,291,239,123,124,126
128,129,130,323,131,133,134,135,132,137,138,139,136,140,285,286,288,289,290,291,122,123,124,125,126,127
128,129,130,131,323,132,133,135,136,138,139,140,285,286,288,290,291,122,123,124,125,127
128,130,131,132,133,134,135,136,137,138,139,140,285,286,288,289,290,291,123,124,125,126,127
128,129,130,131,132,133,134,136,203,140,139,285,286,288,289,290,291,231,313,123,125,127
128,129,130,323,1,66,131,132,133,137,138,139,76,136,134,140,209,285,286,288,289,290,291,122,123,124,125,126,127
128,130,195,131,133,132,135,136,137,138,139,140,286,288,289,290,291,122,123,124,125,126,127
128,129,130,131,132,133,134,136,137,138,139,140,285,286,288,289,290,291,107,124,122,123,316,125,126,127
128,129,130,131,132,195,323,133,136,137,138,139,140,278,285,286,288,289,290,291,122,123,317,127
128,129,321,131,132,323,261,130,133,134,136,203,139,140,212,85,278,285,286,288,290,291,111,54,123,124,126,127
128,2,130,131,132,70,199,136,201,266,135,133,139,140,207,217,285,286,288,290,35,173,53,125,123,124,189,127
128,130,195,131,132,133,135,72,137,197,139,136,140,23,27,285,286,288,289,290,291,42,44,244,122,123,124,125,126,127
128,129,130,131,132,133,134,136,266,138,140,139,15,285,286,288,290,232,234,239,125,121,123,189,127
256,129,322,323,131,258,260,318,200,128,130,132,133,136,139,140,212,213,221,285,287,288,286,290,123,236,122,315,127,125,126,319
128,130,131,132,133,134,135,136,137,138,139,140,23,285,286,287,288,289,290,291,59,122,123,124,125,126,127
128,130,131,132,133,136,138,139,140,285,286,288,289,290,291,123,124,125,127
128,129,130,131,132,133,134,135,200,329,138,73,140,136,139,81,275,285,94,286,288,290,231,123,239,251,125
128,129,2,130,131,133,70,199,136,201,266,134,132,139,140,207,217,285,286,288,290,291,173,123,124,189,126,127
128,65,130,131,132,133,134,136,137,138,139,140,285,286,287,288,289,290,291,233,123,122,59,124,125,126,127
194,324,197,326,327,5,329,199,203,200,9,201,205,208,209,210,212,213,214,215,27,106,242,312,313,314,187,317,190,191
194,324,319,197,327,200,329,199,201,202,205,207,16,81,208,275,209,210,212,213,215,216,231,186,237,187,239,311,312,313,314,251,191
191,194,324,197,326,327,5,329,199,328,204,201,202,205,207,80,209,210,208,213,214,215,186,312,314,187,316,317,190,319
191,194,324,5,326,327,197,329,199,203,201,202,205,207,208,209,210,212,213,214,215,216,186,314,187,317,190,319
256,318,322,323,258,260,194,259,328,199,205,209,145,210,213,215,89,221,287,236,187,245,122,315,316,126,319
191,194,324,5,326,327,197,329,199,136,201,202,205,208,209,210,145,213,214,215,314,189,312,313,186,187,316,317,190,319
256,257,322,258,324,323,191,194,200,328,197,199,72,74,201,205,209,210,213,215,89,221,34,312,187,248,314,315,317,318,319
256,191,322,323,194,197,134,327,200,329,73,138,74,199,201,202,205,81,207,275,208,209,210,213,215,283,94,231,187,312,186,251,316,319
192,191,322,323,194,197,326,199,200,329,138,328,73,202,201,205,207,208,209,275,210,213,214,215,221,315,188,187,316,319
192,322,323,195,326,199,200,201,328,71,327,202,205,207,208,210,214,215,217,167,315,244,189,187,316,317
256,191,322,323,195,194,199,328,202,205,209,210,211,213,215,217,221,126,230,187,245,316,313,122,315,188,318,319
191,194,324,197,326,199,328,329,200,72,201,202,205,78,209,210,275,213,214,215,216,152,283,94,46,316,312,314,187,188,317,319
194,324,5,197,327,199,329,201,203,9,202,205,207,208,209,210,213,214,215,216,231,317,312,313,314,187,189,190,191
194,319,326,199,329,201,266,205,207,208,209,210,213,214,215,217,283,167,317,316,314,187,188,189,190,191
322,323,194,197,326,199,328,329,201,202,205,208,209,210,82,213,214,215,283,94,190,241,244,316,314,187,188,317,318,191
257,322,258,260,191,194,3,134,199,328,267,201,205,209,210,213,215,88,89,221,287,229,230,187,51,245,122,315,318,319
256,322,323,324,194,67,197,200,329,198,203,199,201,205,271,78,209,210,18,213,215,96,251,242,312,313,314,187,317,318,191
320,195,323,197,326,68,328,261,69,71,269,205,79,209,81,210,214,86,87,88,89,283,98,186,106,109,188,116,314,187,316,317,190
320,194,195,197,326,199,328,329,201,202,269,205,207,208,209,210,213,215,283,34,314,190,316,312,186,187,188,317,318,191
194,324,196,326,327,197,329,199,203,328,201,202,205,207,209,210,208,212,213,215,314,312,313,186,187,316,317,190,191
192,321,194,323,195,326,199,328,200,138,202,204,205,208,209,210,213,214,215,32,122,187,190,188,314,315,316,317,318,191
194,195,197,326,199,265,201,202,204,205,207,208,209,210,148,213,214,215,227,186,176,183,314,187,188,317,191
129,2,323,195,194,326,199,200,201,329,197,135,202,205,207,208,209,210,275,212,213,215,38,317,314,187,316,189,190,191
65,194,195,191,197,326,199,328,329,201,205,209,81,211,210,213,189,215,289,291,107,190,316,182,186,187,188,317,318,127
320,194,259,197,326,199,328,329,201,202,205,207,208,209,210,211,213,214,215,186,316,312,314,187,188,317,190,191
66,195,259,194,326,197,72,199,201,205,207,209,210,211,213,214,215,216,217,289,41,107,119,186,187,316,317,190,191
256,194,67,261,262,198,199,201,267,269,205,271,80,81,78,209,18,210,213,215,88,284,96,103,106,187,51,246,248,249,251,191
128,321,129,195,196,194,326,197,328,199,201,203,202,204,205,207,208,209,210,212,213,278,215,285,114,117,187,188,191
321,129,195,196,193,323,194,197,199,201,203,202,205,207,208,209,210,212,213,278,215,89,285,111,112,114,117,312,186,187,191
256,191,322,323,194,197,326,199,328,329,200,73,138,201,202,205,145,210,209,213,214,215,216,287,236,315,314,187,316,319
256,191,322,323,194,197,199,200,329,73,138,202,201,205,207,208,81,210,275,209,213,215,231,237,239,312,186,187,318,319
192,2,195,194,68,326,72,137,328,77,205,209,210,211,213,214,215,216,289,290,166,103,107,187,53,119,186,59,316
320,194,324,197,326,5,328,329,199,201,204,202,205,207,208,209,210,211,212,213,215,186,316,314,187,188,317,190,191
1,194,195,323,129,326,321,328,197,199,201,202,204,205,208,209,210,211,213,214,87,215,89,232,61,187,316,317,190,191
320,256,191,321,324,194,326,327,197,329,199,203,328,201,202,205,209,210,212,213,214,215,156,188,189,314,187,316,317,319
256,191,194,323,197,326,199,200,329,138,74,73,201,10,202,205,209,210,275,213,214,215,216,28,46,305,188,312,186,187,316,319
129,321,323,195,196,194,197,328,199,201,203,202,9,206,77,205,209,207,208,212,210,278,214,273,213,215,285,291,244,117,187,316,191
191,322,194,327,200,329,73,10,74,199,202,201,16,81,205,275,210,209,213,215,231,40,42,237,187,239,177,311,312,251,188,189,319
256,257,322,258,324,323,260,326,328,200,194,197,198,199,201,202,205,208,209,210,275,213,215,89,191,34,187,312,315,318,319
256,321,322,323,324,194,197,199,200,328,329,203,201,202,205,207,208,209,210,212,213,215,191,186,312,314,187,317,318,319
320,194,197,326,199,328,329,201,202,269,205,207,208,209,210,213,214,215,25,283,314,47,188,244,186,187,316,317,190,191
193,129,194,325,197,327,200,201,199,203,202,205,207,208,209,210,212,213,215,222,231,234,189,314,187,60,317,191
256,129,194,323,68,261,67,197,200,198,199,203,75,201,205,209,18,210,212,85,213,215,94,159,96,34,110,312,314,187,317,191
191,66,259,195,197,194,199,72,328,74,201,268,204,202,205,208,209,207,211,210,213,214,215,216,31,186,187,319
194,195,197,326,319,72,329,328,199,201,202,205,207,208,209,210,211,148,213,214,215,186,176,316,183,314,187,188,317,191
191,194,323,324,197,326,5,328,329,200,74,199,201,205,209,210,211,213,214,215,94,314,187,316,319
321,129,323,194,261,197,199,201,202,203,75,205,208,209,210,212,85,278,213,215,94,104,301,111,114,52,117,250,187,316,317,191
320,322,194,324,197,326,5,199,329,9,201,205,208,209,210,211,213,214,215,98,190,314,187,316,317,318,191
322,194,319,197,327,200,329,73,10,326,199,201,202,205,81,207,275,208,209,214,210,213,215,231,237,187,239,311,312,186,251,191
318,0,322,323,324,195,326,194,328,200,3,325,327,12,205,209,210,213,85,215,223,289,34,60,315,122,187,316,317,190,319
191,322,323,194,197,199,200,329,73,138,74,328,201,202,16,81,205,275,207,213,208,209,210,212,215,216,231,237,239,312,186,187,319
256,191,322,323,194,197,199,200,73,138,329,74,140,202,201,205,81,207,275,208,209,210,212,213,215,216,231,237,239,312,186,187,319
256,257,322,258,324,194,262,197,200,329,328,199,201,202,205,207,208,209,210,213,215,221,191,312,236,187,248,186,315,318,319
194,324,197,5,327,326,329,325,199,201,202,205,207,208,209,210,211,213,214,215,283,186,106,312,314,187,316,317,190,191
129,194,323,195,197,326,199,328,201,202,205,206,207,208,209,210,212,213,214,278,215,216,283,285,188,244,186,187,316,317,190,191
320,194,324,5,197,327,199,329,201,203,202,205,207,208,209,210,213,214,215,222,186,43,312,313,314,187,317,191
193,194,324,197,326,327,200,329,199,203,201,202,205,271,207,208,209,210,212,213,214,215,30,224,317,237,314,187,189,191
193,194,129,324,325,197,327,200,199,201,203,202,205,207,208,209,210,212,85,277,215,214,213,186,109,54,312,314,187,191
194,323,326,135,72,329,138,328,199,202,75,207,208,209,205,76,145,210,214,213,216,150,215,287,236,187,315,188,126,319
192,322,323,260,194,326,328,202,205,208,209,210,275,213,214,215,89,221,39,187,47,48,245,185,122,315,188,317,318,319
322,323,194,197,199,200,201,266,327,329,10,202,328,205,207,208,275,209,210,213,215,222,231,237,239,53,314,187,189,191
128,129,194,197,198,326,200,329,266,265,199,201,202,205,207,208,209,210,85,214,213,215,279,225,234,43,238,314,187,317,191
192,191,322,323,195,194,326,71,200,328,202,205,208,209,210,213,214,215,279,283,32,315,244,182,187,188,189,319
256,192,194,323,195,196,326,67,328,200,202,269,205,208,209,18,210,213,214,215,282,283,221,96,315,244,122,187,188,189
320,129,128,195,321,192,326,194,328,202,204,205,208,209,210,213,214,23,215,22,27,42,123,314,188,186,187,316,317,190
256,322,323,194,261,197,199,200,201,202,205,270,15,208,209,210,275,213,86,215,100,111,112,242,116,313,126,187,318,191
66,259,195,194,326,199,72,268,205,204,209,210,211,275,213,214,215,216,217,289,107,172,119,313,186,187,316,189,191
256,191,322,194,324,197,327,200,328,199,201,202,205,207,208,209,210,213,214,215,222,34,300,187,312,314,315,317,318,319
320,194,324,197,326,327,199,329,201,203,202,205,207,208,209,210,212,85,214,215,213,216,186,234,312,313,314,187,317,191
128,321,129,193,132,194,197,199,201,202,203,204,205,207,208,209,210,19,212,85,278,215,213,89,285,240,117,314,187,191
191,194,131,323,197,327,200,329,199,328,201,202,205,271,209,210,275,213,215,156,34,231,43,46,239,189,312,314,187,317,319
256,191,322,323,324,194,197,326,200,329,74,73,199,201,202,205,207,81,208,275,209,213,210,214,215,231,237,187,312,186,251,318,319
256,191,322,323,194,195,71,200,73,329,138,328,199,202,201,205,81,210,275,211,213,209,215,221,237,187,312,315,189,318,319
191,194,197,326,199,72,329,328,201,202,205,208,209,210,211,213,214,215,216,283,186,53,316,118,314,187,188,317,190,255
193,129,321,196,195,194,197,199,201,202,203,205,207,208,209,210,212,85,278,215,213,216,285,117,186,187,317,190,191
128,129,194,196,261,326,198,197,199,266,203,201,202,205,207,208,209,210,212,85,213,215,216,285,186,314,187,317,190,191
256,129,1,323,195,196,326,194,328,200,74,67,197,199,201,205,78,209,210,18,213,214,215,282,96,112,316,122,187,188,189,190,191
256,191,194,323,322,325,258,324,200,328,327,199,205,209,145,210,213,214,215,221,287,236,187,315,318,319
194,199,200,201,266,327,205,207,208,209,210,275,213,214,215,217,222,121,231,167,43,173,117,189,313,314,187,317,191
192,194,323,195,326,199,328,200,9,202,205,208,209,210,213,214,215,216,217,221,186,187,316,122,315,188,317
