196,710,205,206,208,912,401,53,55,887,952,570,155,444
153,742,41,267,43,602,886,567,150,151,154,603,604,831
832,33,193,579,902,669,1036,396,496,721,1074,949,28,989,862
194,195,197,201,912,881,753,723,949,760,62
292,742,267,155,283,602,567,153,154,603,604,222,831
416,417,1025,673,1062,903,904,1064,713,207,571,796,797,191
261,422,743,142,238,570,1045,213,852,278,729,314,1084,343
161,776,46,47,688,178,307,308,52,310,344,345,347,985,222
704,705,33,708,37,70,68,267,715,429,380,381,703
139,300,140,177,179,724,756,757,147,632,57,638
516,299,140,301,139,177,147,756,757,179,57,635,639
34,35,139,300,140,177,147,179,757,724,756,57
194,195,197,199,201,207,912,881,58,62
194,195,197,199,201,207,881,210,58,62
35,517,299,460,301,44,335,830,177,50,147,179,56,57,382
35,299,44,177,50,179,147,56,57
227,170,493,494,847,178,211,1079,347,348,349,223
354,868,870,845,316,281,314,317,860,861
225,227,228,102,424,233,493,494,847,211,917,347,223
257,603,39,40,47,48,79,306,659,569,602,59,63
257,39,40,47,48,79,240,306,569,602,603,604,63
416,417,673,1025,196,1062,711,903,713,207,208,796,797,191
194,195,739,197,199,201,912,881,848,723,572,62
198,489,491,492,622,112,947,1044,981,1047,95
287,614,743,42,92,307,729,90,411,412,447
96,65,934,551,678,682,268,365,238,175,176,21,540,95
194,195,197,201,912,753,210,723,564,982,572,62
603,70,39,46,47,48,688,124,307,308,120,602,59,604
603,39,40,41,46,47,48,688,308,120,602,59,124
70,41,43,267,47,48,688,659,310,120,59,124
70,39,41,43,47,48,659,308,310,120,59,124
194,643,1060,195,197,199,201,809,207,730,989,62
34,515,35,139,177,50,724,757,632,57,636
198,678,169,682,491,492,267,947,1044,1047,958
36,324,166,295,167,168,169,204,334,303,624,625
194,195,643,197,199,201,239,207,58,62
227,228,102,488,233,40,493,494,495,847,211
800,801,170,394,108,812,811,340,344,345,347,348,349,799
192,513,866,546,547,548,550,49,593,664,665,762,763
420,135,776,425,845,206,918,984,985,219,1084,829,222
33,711,809,107,205,721,722,145,888,949,54,381,760,380,989
800,801,811,812,780,347,1084,798,799
800,801,811,108,812,780,347,1084,798,799
108,109,178,340,344,345,346,347,348,349
194,195,740,739,197,199,201,848,721,755,62
868,870,871,776,845,918,984,985,314,1085,222
354,869,871,872,873,425,426,1072,1073,499,212,984,378,222
257,743,40,79,240,569,659,729,90,411,92,412,63
257,743,40,79,240,569,307,659,729,90,411,412,63
224,225,161,228,102,488,233,872,495,278
954,323,41,970,43,48,498,310,55,120,601,698,59,124,63
353,354,868,453,845,917,377,378,316,317,318
258,933,294,357,235,910,911,336,305,339,948,248,61
6,934,810,908,909,304,117,1022,889,89,126
64,258,259,583,173,336,948,245,152,60,127
224,225,161,228,102,488,233,495,278,222
356,106,107,203,205,123,145,433,436,502,155
356,1061,551,106,107,203,205,145,433,436,502,155,286
65,103,652,401,594,595,596,597,598,599
229,230,231,168,169,104,12,16,18,20,1013,405,413
160,71,72,74,46,688,307,52,59,158,159
320,321,322,325,326,327,521,76,77,876,877,144,319
160,71,72,74,46,307,52,59,158,159
929,674,579,580,581,599,554,496,598,23,890,862
160,159,71,72,74,46,52,59,158,63
160,72,74,46,688,307,52,59,158,159
353,354,424,845,917,377,316,317,318
224,225,355,966,102,998,361,488,495,21,56,222
281,776,1072,1073,212,918,984,985,314,1084,222
929,258,1059,6,583,296,250,236,336,339,980,88,1018,60,127
704,224,1090,1050,998,103,715,366,113,49,851,952,794,795,93
108,109,178,344,345,346,347,348,349
320,321,322,325,326,327,521,76,77,876,877,144,319
868,869,870,281,871,845,918,984,985,314,1085,222
868,870,281,871,845,918,984,985,314,1085,222
320,322,227,228,326,327,521,233,876,493,494,847,211,344,319
609,931,260,358,935,936,937,363,112,246,535
108,109,178,344,345,346,347,348,349
414,615,616,574,631,459,80,247,445,446,415
673,389,741,903,747,749,750,751,752,149,150,189,190
71,1051,297,75,46,48,307,52,310,120,59,124
257,961,964,743,40,79,569,306,659,729,90,411,412,63
704,1088,481,68,37,69,356,555,51,436,380,702,31
642,199,200,1001,1002,1003,620,1009,373,374,1016,284
352,193,740,741,903,748,749,750,751,752,755,148,149,150,151
193,711,203,155,267,107,205,283,433,145,567,154,123
1057,194,912,881,753,723,564,949,982,210,595,764,351
160,71,74,46,688,307,52,158,159
832,577,581,103,201,912,49,753,564,1048,313,507,351
545,1029,1030,987,235,977,18,20,822,827,990,1087
99,963,101,968,939,271,272,84,88
97,99,101,939,271,272,84,85,86,88,1050,255
98,99,101,968,939,271,272,83,84,85,88,1050,255
97,99,963,101,968,939,272,84,85,86,88,1050,255
98,99,963,101,968,939,83,84,85,88,1050,255
99,963,101,965,968,939,84,85,87,88,1050
963,100,101,232,939,366,84,85,86,87,88,89
3,229,38,230,104,231,14,403,1014,374,413
416,193,417,903,904,748,749,750,751,752,148,149,150,567,151
545,1029,1030,1032,235,976,977,18,20,987,990,1087
2,4,10,13,341,24,26,91,93
898,163,420,135,842,206,691,307,984,985,411,412,829
324,167,457,395,204,303,209,275,539
324,167,168,169,395,204,622,303,209,275,405
672,265,621,496,113,435,121,220,669,670,671
673,292,742,711,368,854,476,604,477,478,959
2,4,332,13,341,24,26,91,1052,93
353,354,868,453,424,845,917,377,316,317,318
481,356,106,203,205,433,243,436,502,122,123
99,100,101,963,968,939,83,84,85,88
97,98,99,963,101,968,939,84,85,88,89,540
609,355,260,358,966,936,937,586,588,627,246,537
387,68,37,69,902,484,555,718,17,51,852,380,381
225,227,228,102,488,233,493,494,495,847,211
41,43,47,48,688,310,120,473,602,59,124
160,71,72,74,46,307,52,59,158,159
480,2,484,4,489,171,11,13,17,273,439,24,25
320,321,322,325,326,327,521,876,524,77,877,144,319
576,674,131,579,70,617,618,45,334,496,732,415
608,160,159,323,71,688,659,307,308,120,441,59,158,63
268,365,238,301,176,757,21,635,126,639
128,129,135,489,427,972,398,529,530,371,370,342,24
514,392,393,137,138,140,236,141,335,146,639
382,35,1028,299,555,331,78,1070,372,311,830,927
672,33,454,136,266,492,15,496,82,760,27,28,29,30
128,129,547,548,549,648,427,972,398,370,371,155
196,844,621,15,208,29,856,530,30,792,27,573,286
672,807,808,621,286,880,220,791,121,27,28,669,30,671
672,704,37,669,807,621,49,220,791,792,27,28,573,30,671
353,868,869,871,872,873,918,919,378
356,106,203,107,205,145,433,243,436,502,123
929,582,584,586,619,174,175,627,371,1012,606,607
292,154,747,749,751,752,148,149,150,151,602,604,477,478
515,516,645,712,202,299,1068,1004,1010,19,756,757,724,1013,632
0,1,8,9,10,171,19,115,26,93
193,356,106,203,1036,205,107,433,145,243,436,949
32,226,1063,360,873,234,956,142,14,1042,378,316,317
96,678,551,682,268,365,238,140,176,21,410,95,639
832,205,28,433,145,723,286,29,30,351
353,868,869,871,872,425,873,919,212,215,186,253
353,868,453,869,871,917,919,376,377,378,316,318
258,357,294,328,619,173,336,948,1012,566,312
258,294,173,175,336,948,566,312,443
258,357,294,328,173,336,627,948,245,443,60
704,102,776,495,271,690,818,213,1045,278,314,860,375
640,34,515,35,300,461,177,179,724,756,757,636,637,638
641,515,516,140,626,632,634,635,638,639
640,515,516,299,140,335,626,724,757,632,636,637,638
609,355,260,358,966,935,937,938,971,246,537
224,327,776,872,937,40,314,845,270,752,538,406,281,378,222
416,417,1025,196,1062,903,713,207,208,53,571,796,797
416,673,417,1025,389,677,111,817,149,119,699,189,190
640,516,140,268,301,176,724,633,635,636,637,639
615,616,585,459,80,790,247,445,446,415
257,743,39,79,240,569,306,659,729,63
672,33,7,136,266,811,396,781,812,15,798,49,82,28,30
673,417,676,389,677,111,815,817,404,820,118,189,190,479
1057,194,195,197,201,713,239,207,881,572,62
1057,194,195,197,903,201,239,207,881,572
1057,650,107,879,239,912,881,982,567,313,572,350,863
2,4,332,13,341,24,26,91,93
384,256,482,389,237,464,465,241,467,242,285
420,389,390,135,107,174,111,116,119,602,829,190
545,132,932,235,459,910,399,911,80,61,247,248,445
160,71,73,46,688,307,52,59,158,159
32,803,804,616,585,909,1038,496,401,1042,598,23,250,221
700,420,743,135,42,206,111,116,984,985,412,829,158
160,71,72,74,46,307,52,158,159
258,932,357,294,583,328,173,336,948,245,566,61
162,421,166,295,235,459,910,399,309,470,248,444
160,71,46,688,307,52,59,158,159
32,131,617,618,937,44,45,496,497,247,56,445
609,355,260,358,966,936,937,105,246,537
1091,36,163,166,295,168,169,330,204,334,624,625,275
897,675,743,520,447,279,693,182,183,280,700,287
897,700,743,71,520,462,182,183,280,729,279,447
160,71,74,46,688,307,52,59,158,159
167,457,395,204,622,303,209,275,947,539
164,165,166,168,169,395,622,944,625,947
165,295,168,169,167,395,622,943,624,625,944,947,539
1091,132,133,134,585,330,459,399,309,790,247,445
132,133,134,615,616,585,330,399,80,790,247,445,446
163,324,165,169,457,204,334,303,209,275,947,405
776,40,845,985,1085,375,281,314,860,861
167,295,457,395,622,303,209,275,539
353,868,869,872,873,917,316,317,318
96,481,356,106,107,203,205,526,433,402,436,123
902,330,716,109,178,347,722,277,693,309,600,888,315,222
868,869,871,872,873,212,918,378,1085,318
704,707,37,70,267,715,429,432,283,852,567,154,155,830
515,516,139,140,300,301,626,724,632,635,639
515,516,138,140,141,301,460,626,632,635,639
608,451,263,264,16,18,628,20,30,282,27,573,286
451,387,165,263,264,266,274,438,441,282,284
480,484,489,11,172,171,110,813,81,17,273,115
642,68,267,123,155,19,342,567,571,154,283,381
6,810,908,909,1071,304,117,1022,89,443,126
481,391,203,1036,205,15,400,243,502,22,122,123
963,100,232,366,83,84,86,87,88,89
64,66,259,294,583,236,31,442,152,250,60,61,127
993,418,932,133,132,134,966,619,844,511,910,948,573,607
897,743,520,447,279,182,183,280,729,954,700,287
256,385,482,389,237,464,465,242,467,241,466
167,457,395,204,303,209,275,947,539
416,1025,417,673,387,451,903,266,490,236,274,403,282
1025,417,387,266,490,274,403,438,441,282
868,453,872,425,426,499,984,378,219,767
215,773,37,425,619,819,822,375,185,186,219,253
258,357,294,936,584,173,336,627,1012,245,948,60
481,391,203,107,781,15,243,502,22,122,123
320,322,325,326,327,40,875,876,344,319
320,321,322,325,326,327,40,876,319
320,322,325,326,327,40,876,877,319
320,321,322,325,326,327,521,876,877,319
3,229,38,230,231,14,274,1014,413,94
642,199,200,1033,1034,1001,620,431,434,373,374,284
323,199,200,1001,620,434,1074,883,373,374,274,282,156
864,832,1057,835,574,201,145,210,49,913,914,30,761,27,286
578,294,168,264,394,12,16,849,340,566,374,94
256,390,749,143,465,466,755,116,469,242,467,285,190
870,776,40,845,1085,375,281,314,860,861
453,423,424,425,788,789,215,376,377,252
768,769,770,868,869,872,425,426,377,378,254,767
192,226,354,997,262,679,361,330,234,145,82,956,958,63
32,67,261,262,44,365,142,304,117,213,126
615,585,459,80,247,445,446,415
615,585,459,80,247,445,446,415
608,1029,1030,1031,987,977,18,1080,859,125,990
320,321,322,325,326,327,876,877,524,319
320,321,322,325,326,327,521,876,144,319
912,753,723,725,982,863,761,313,764,350,351
423,425,378,919,499,214,215,185,186,219,253
423,455,456,778,779,780,781,184,185,219,253,254,799
449,450,291,289,833,519,333,435,437,1081
224,225,228,102,488,233,493,495,240,211
899,772,773,774,771,377,425,375,217,218
771,772,773,774,781,1072,214,375,217,218
705,3,229,38,230,14,274,1014,441,156,413,94
603,742,711,368,440,602,379,604,477,478
934,551,968,810,268,365,238,973,176,974,408,409,540
705,706,707,708,37,70,68,267,337,379,380,703
414,585,459,399,80,309,247,445,446,415
352,740,1033,748,749,750,431,751,148,373,374,149,284
576,577,580,294,328,173,49,1042,566,312,443,60
576,577,580,328,173,49,1042,566,247,312,443,60
868,453,423,425,426,499,214,215,378,251,254
868,453,423,425,426,499,212,214,215,378,251,254
320,321,322,325,326,327,521,877,144,319
452,1029,977,595,180,181,887,408,857,1080,987,990,1087
320,322,325,326,327,521,875,876,877,76,319
641,515,516,140,335,626,632,633,635,639
414,585,459,399,80,247,445,446,415
832,33,32,652,753,881,723,564,598,599,570,925,350
414,615,574,585,631,459,846,80,880,247,445,446,415
261,262,6,314,268,142,176,917,213,117,378,316,126
353,868,869,871,872,873,426,425,919,378
139,300,301,140,1075,724,757,635,638,639
753,723,725,982,761,313,764,350,351
33,196,420,135,206,380,53,984,440,985,476,829,478,959
486,519,487,265,332,621,28,942,113,121,27,220,670,671
672,807,265,431,113,435,628,121,220,670,671
258,357,294,583,328,173,336,948,566
998,743,715,1037,814,718,824,851,821,822,469,216,534,794,827
198,678,682,491,492,912,625,946,1044,1047,95
482,390,111,143,464,242,467,116,276,465,466,468
192,258,613,1003,364,173,1009,404,948,374,950,60,1053
108,340,1079,344,345,346,347,348,349
108,109,178,340,1079,344,345,347,348,349
108,109,178,340,1079,344,345,346,347,348,349
108,109,178,340,1079,344,345,347,348,349
108,109,178,340,344,345,346,347,348,349
453,423,424,425,787,917,215,376,377,252
768,769,770,868,869,453,872,425,426,873,378,254
418,963,964,1058,874,363,511,366,662,88,127,255
162,535,937,938,459,235,727,399,247,536,537,538,444,445,415
867,739,741,652,750,848,594,755,595,949,725,924,863
248,258,644,933,1038,910,911,305,370,339,1048,61
675,805,743,663,520,744,690,697,691,694,695,183,667,700,733
732,68,742,574,588,880,629,380,153,154,379,604,381,926,831
515,300,301,140,626,724,634,635,638,639
516,299,460,301,302,141,632,635,638,639
897,700,743,472,520,79,659,182,183,280,279,63
258,1030,359,936,937,7,336,114,18,735,757,857,987,1087
33,556,557,558,911,561,498,563,532,533,691,531,182
265,621,496,113,401,435,121,570,220,669,670,671
606,108,109,175,315,596,277,724,1079,344,345,347,638,607
1025,385,323,652,879,912,753,594,595,723,725,949,118,863
705,68,708,37,70,267,429,496,49,497,438,23,441,380,703
2,4,9,13,341,24,26,91,93
108,178,340,1079,344,345,346,347,348,349
800,801,170,394,108,109,812,340,347,348,349,798,799
995,387,37,708,1001,266,267,490,429,431,274,282,703
963,100,232,939,366,83,85,86,87,88,89
34,35,139,300,177,179,147,757,724,756,57
865,389,1033,1034,1036,1069,751,1074,949,981,887,760,989,862
480,1,8,489,10,171,11,172,110,17,273,115,439,24
453,423,424,425,917,215,376,377,252,317,318
453,774,423,424,425,917,376,377,252,317
353,964,453,422,423,424,782,917,376,377,252
353,453,423,424,425,782,784,917,376,377,252
344,772,773,774,327,40,345,694,375,696,217,218
768,770,868,869,453,872,425,426,215,378,254,767
868,453,422,964,872,425,426,214,378,254
1025,33,39,40,556,557,1036,752,529,498,531,532,533,55,923
353,453,423,424,812,1084,917,376,377,378,316,318
128,129,548,648,427,972,398,529,370,371,94
385,673,386,389,111,914,118,119,189,190
385,386,389,111,862,118,119,189,190
108,178,340,344,345,346,347,348,349
225,226,167,328,361,234,233,142,334,977,220,570,956
832,546,547,548,549,912,401,753,723,596,570,220,925,350
1029,1032,1066,1067,1037,976,474,987,1052,990,1087
388,645,486,487,104,5,430,369,503,504
194,867,739,741,740,750,848,754,755
416,417,1025,673,903,904,1064,711,684,54,796,797
416,417,1025,673,903,1064,904,684,942,54,796,797
416,417,673,1025,902,903,1064,904,722,886,887,888,761,831
257,484,39,40,79,240,569,306,19,405,729,186,411,412,63
96,995,678,712,202,682,1068,400,402,1010,474,95
673,1025,742,711,902,684,721,722,949,854,888,476,478
121,969,396,941,846,1039,976,496,113,273,1048,761,27,30,831
828,742,711,604,47,48,854,959,476,477,478,479
608,905,586,1067,1037,1052,14,1013,441,474,156,125
248,740,644,548,910,911,528,305,401,339,566,1048,61
417,642,742,267,1069,283,886,567,863,153,154,155,831
832,1057,599,652,912,564,982,598,761,925,350,351
995,1001,1003,1004,1005,1006,431,1007,1009,1010,1015
420,870,860,776,135,829,845,206,984,985,1084,1085
641,515,299,301,302,626,632,634,635,638,639
34,35,516,299,139,633,177,179,756,757,50,632,57
385,386,389,237,111,242,118,119,189,190
385,386,389,111,149,118,119,189,190
385,386,389,989,689,149,118,119,189,190
641,515,139,140,177,626,147,756,757,179,632,57,636
516,299,300,139,140,177,147,756,757,179,57,635,639
832,1057,642,1036,398,753,210,949,758,600,761,570
514,392,393,140,301,146,635,639
897,700,743,520,447,79,182,183,280,729,279,63
672,929,103,648,329,265,332,435,437,1081,220,670
322,344,582,966,422,327,586,40,588,1085,406,630,536,345,701
1088,353,579,166,615,585,874,556,558,878,919,981,407,444,701,415
736,992,960,582,934,1000,968,980,661,408,1017,410
736,418,1058,419,584,874,662,1017,1018
448,608,356,396,909,145,882,210,433,693,436,983,761,891,892,125
480,484,489,202,11,171,172,110,813,17,81
736,609,418,419,994,1058,874,661,662,1017,1018
356,68,106,203,107,205,433,436,981,123,92
576,674,579,580,581,554,306,403,438,23,441,282
99,100,934,551,968,365,974,408,409,540
865,995,1001,1034,267,1035,855,1009,434,1074,404,602,1046,567,154
414,932,616,459,926,247,444,445,446,415
193,33,356,106,203,107,205,1036,433,145,436
159,257,293,743,39,46,79,569,306,52,729,411,63
356,106,203,1036,205,107,879,433,145,436,123
384,673,417,482,1060,903,465,242,467,276,468,466,116,989,190
354,870,776,845,1084,316,281,314,860,861
354,776,845,985,316,984,281,314,860,861
1091,677,998,1001,458,330,814,432,1009,817,851,853,986
164,165,166,167,168,169,204,622,334,624,625,944
160,71,72,46,688,307,52,308,158,159
609,355,260,358,966,937,971,401,246,537
673,742,711,368,854,154,476,604,477,478,959
256,193,385,389,199,620,750,464,241,465,466,242,467
934,551,968,365,238,974,973,408,409,540
294,583,328,173,336,948,566,312,443,60,926
484,485,489,11,171,110,176,273,17,371,115
224,225,161,228,102,488,233,845,495,1084
384,256,389,237,431,464,465,466,467,241,242
482,741,750,464,465,242,467,466,468,1046,567,374,118,190
384,482,389,237,464,241,465,467,242,466,285,190
609,418,966,967,937,586,905,727,535,1017,1018,475
833,289,449,450,519,332,333,437,1054
960,929,484,648,606,584,619,174,175,1012,926,607
513,67,452,551,938,1003,528,595,180,181,982,408,409,857
37,741,331,750,78,593,914,469,311,664,665,987,380,381
108,109,178,340,1079,344,345,346,347,348
382,68,37,299,331,78,1070,338,372,311,830,927
929,613,678,7,712,359,682,940,367,400,402,114,735
832,323,549,652,1036,687,531,532,533,598,599,923,350
1024,33,929,583,648,265,1038,401,1042,339,566,1048,250,220
33,451,454,264,937,266,397,15,496,49,274,282,286
384,385,482,464,465,466,467,241,242,285
416,417,1057,1025,1062,903,1064,1033,1034,849,1074,567,571,796,797
193,1027,516,483,517,250,299,236,403,311,154,381
576,579,580,581,3,554,274,403,438,23,441,282,732
453,454,455,456,424,784,785,376,377,219,253
453,454,455,456,424,783,784,376,377,219,252
453,454,455,456,424,425,782,783,376,377,219
453,454,455,456,424,425,782,783,376,377,219,252
193,739,613,7,364,750,431,848,61,374,568,1053,62
514,392,393,137,301,302,141,146,635,639
194,261,262,199,552,142,628,213,917,117,155,220,126
97,98,963,934,810,365,974,366,304,87,88,89
1001,906,1003,1034,1033,1009,434,404,373,1046,759,440,154,381
867,739,741,740,750,848,977,755,725,924
576,802,579,580,581,391,554,400,243,244,22,188,383
769,868,869,453,774,425,426,499,215,378,219,252,767
288,449,450,289,833,518,519,333,437,1015,1054
224,420,390,135,206,111,529,116,149,984,985,829
614,743,447,42,79,92,90,411,412,157,287
641,515,301,626,757,632,635,638,639
673,482,741,464,241,242,467,465,468,886,567,466,154,285
96,678,712,682,526,367,400,402,95
645,38,229,104,230,202,1067,231,997,1014,504,1052,413
672,121,552,976,977,496,113,628,857,858,987,669,670,1087
672,121,996,552,496,977,113,628,1048,857,858,669,670,1087
388,5,486,487,430,369,503,504,1052
480,2,4,202,171,11,13,17,273,439,24,25,91
683,716,651,462,591,560,686,717,759,920,1051
96,928,678,682,526,400,402,244,95
929,484,645,388,487,1066,1067,1003,1037,1009,503,474,1052
929,388,645,486,484,104,202,1067,1066,1037,1003,1009,503,474,1052
928,994,452,551,365,180,181,408,409,987,1052
1033,1034,1035,203,951,1074,404,950,855
352,193,1025,417,740,741,748,749,750,881,755,148,150
384,256,482,163,389,464,241,242,467,116,276,466,465
164,165,166,168,169,457,395,204,622,334,303,209,275,1082
36,165,166,295,168,167,169,204,334,622,303,947,1082
36,165,166,295,324,330,204,334,275,1082,539
324,166,167,169,204,622,303,334,209,943,275,624,625,944
167,457,395,204,303,209,275,539
167,168,457,169,395,303,209,275,539
352,193,748,749,750,751,596,564,598,599,148,149,150,351
193,482,741,389,749,750,465,466,242,468,149,467,284
193,1060,741,749,750,751,752,148,149,150,989,862
384,482,389,237,464,241,242,467,465
743,447,42,92,79,729,90,411,412,157,287
515,460,301,141,302,626,1075,757,632,635,638,639
513,546,550,924,753,881,723,725,572,925,350,351
481,226,354,323,361,234,494,243,502,122,956
1088,64,258,68,69,328,715,173,51,245,566,312,60,31
160,71,46,688,307,52,308,59,158,159
97,98,99,963,101,939,271,272,83,86,87,88,89
97,98,99,963,101,271,272,83,86,87,88,89
97,98,99,963,101,939,83,86,87,88,89
1,2,4,13,341,24,26,91,93
417,739,740,741,903,749,750,751,848,755,730
193,417,739,740,741,903,749,750,751,755,148
417,193,739,740,741,903,749,750,751,848,755
576,929,674,579,580,581,578,577,554,528
576,929,674,579,580,581,577,578,937,554
322,227,228,776,233,40,493,494,178,277,347,1085,223
576,929,674,579,580,581,577,578,554,1009,1018
576,929,674,579,580,581,577,578,648,554,23
573,574,844,846,880,630,791,792,793,732,605,926
574,844,846,910,880,629,791,792,793,732,573,926
582,907,908,588,909,1071,305,629,1078,792,793,732,1022
614,743,447,42,92,90,411,412,157,287
98,582,966,937,907,908,909,1071,339,1048,732,1022
867,739,236,750,848,16,754,1013,150,151,154,478
929,1018,580,581,937,978,979,980,505,506,508
576,929,992,960,580,648,554,654,528,980,507,509,510,511
576,929,992,579,960,648,654,528,881,980,507,509,510,511
929,1018,580,937,978,979,980,505,506,508,733
449,450,289,833,518,519,333,437,1054
960,929,992,510,937,619,978,980,507,509,926,511
960,929,992,510,807,937,1011,980,1016,1018,509,926,511
960,929,1018,992,807,808,926,980,1015,991,509,510,511
929,1018,674,580,581,978,979,980,505,506,508
384,385,482,1088,515,464,241,465,242,276,467,632,285
512,553,649,589,687,1041,1043,916,728,575
322,325,326,327,521,876,877,144,319
480,1,484,8,489,9,171,11,10,110,17,273
673,742,711,902,1064,684,721,722,831,886,888,761,863
576,577,929,579,580,581,578,674,554,926
292,742,154,711,368,602,603,604,478,959
576,929,578,579,580,577,388,648,554,430,503
292,742,154,711,368,602,603,604,478,959
742,154,368,854,602,603,604,477,478,959
576,929,578,579,580,674,577,388,648,554,430,503
576,929,674,579,580,581,577,578,648,554
673,389,742,711,684,242,189,886,567,568,118,699,989
673,323,1061,742,711,389,684,242,189,118,119,568,699,989
673,742,711,759,684,717,692,886,567,568,478,959
1089,1090,545,676,677,1066,1067,1037,402,725,1013,1052,957
225,227,167,233,457,108,495,303,213,1045,278,314,347
574,844,846,880,629,630,631,793,732,926,607
631,574,844,846,880,630,791,793,732,926,607
288,449,450,289,291,833,518,519,333,437,1054
631,574,844,846,880,629,630,791,793,732,926
414,574,938,844,846,880,791,792,793,732,926
631,574,844,846,880,630,791,792,793,732,926
631,574,844,846,911,630,791,793,732,605,926,607
414,631,574,938,844,846,629,791,792,793,732,926
609,355,966,935,936,937,586,358,588,967,661,662,535,246
934,551,968,365,238,974,973,408,409,540
960,992,544,736,994,1000,653,654,926,991,542,543
544,992,960,961,993,994,619,653,654,991,542,543
494,847,178,1079,344,345,346,347,223
960,993,992,961,994,1000,937,586,936,653,654,541,991
387,490,306,403,755,373,374,950,438,441,282,284,735
736,418,419,874,586,588,661,662,1017,1018
193,930,259,679,296,169,685,720,209,405,343
1025,33,867,1060,548,520,239,529,530,564,598,599,700,29
928,929,802,803,577,578,579,452,648,1038,529,530,374
446,936,937,574,459,846,880,627,629,631,732,926
611,843,683,557,556,559,560,878,562,563,558,561
416,1057,417,1025,903,713,239,207,881,912,913,572
611,683,556,557,558,878,843,559,561,563
611,683,843,557,556,559,560,878,562,563,558,561
611,612,843,683,557,556,559,558,878,562,563,561
1026,611,683,556,557,558,878,559,561,562
512,675,553,589,687,719,1041,1043,697,575
611,843,683,557,878,559,560,556,558,563,561,562
611,612,843,683,557,556,559,558,878,562,658,561
683,556,557,558,878,843,559,651,561,562
193,930,259,679,296,169,685,720,209,405,343
610,611,612,834,680,683,556,941,557,687,697,955
611,612,836,683,556,557,561,660,693,663,697,667
192,546,548,709,550,590,879,591,593,664,665,925
548,955,550,590,591,592,593,693,600,665,922,923
192,513,546,548,550,298,593,595,664,665,925
513,546,548,550,593,753,725,664,665,923,924,925
546,547,548,549,550,596,597,599,600,601,924,925
832,546,547,548,549,550,753,599,924,925
832,546,547,548,549,550,753,564,599,600,925
548,955,549,550,590,591,592,600,922,923,925
324,166,167,296,204,685,303,720,209,404,405,828
1001,1004,1005,1006,1007,1008,1009,1010,434,1011,404,828
609,935,936,937,938,619,727,535,536,537,538
609,935,936,937,938,727,627,535,536,537,538
609,933,935,936,937,938,727,535,536,537,538
609,535,933,935,936,937,938,727,537
955,940,941,590,591,592,693,600,601,954,923
512,675,612,553,589,687,658,1043,663,697,667,575
832,546,547,548,549,550,599,664,665,924,925
673,1060,389,464,465,466,242,468,276,467,241,568,989,190
865,738,741,806,903,198,1033,1034,1069,750,1074,855
866,709,879,753,723,949,982,762,763
866,709,37,879,753,723,949,982,762,763
866,709,879,753,723,982,762,763,764
704,866,709,879,753,723,949,982,762,763
866,709,879,753,723,982,762,763
641,515,516,140,626,724,632,633,634,638,639
641,515,516,300,140,626,632,634,635,638,639
515,139,300,301,140,302,460,626,632,635,638,639
194,195,546,548,201,606,750,401,305,339,982,1048,926
416,417,642,193,199,200,204,620,622,750,238,405,373,374
193,1027,483,516,299,140,236,78,403,311,632,153,635,381
258,932,644,933,936,937,586,588,910,911,627,1012
548,955,550,941,590,591,592,593,665,600,601,922,923
737,835,650,652,716,1039,595,596,725,982,887,761
865,738,806,1063,1033,1034,1003,1069,1009,1074,155
1057,716,1036,717,913,914,692,949,758,759,760,831
567,599,650,716,717,594,595,596,597,758,759,761,831
567,716,717,887,594,595,596,597,758,759,760,761,831
323,567,716,717,594,595,596,597,758,759,760,761,831
192,513,546,548,550,879,593,664,665,924,925
192,866,709,298,879,593,594,595,596,597,664,665,762,763
320,322,325,326,327,521,875,876,144,319
192,866,709,879,593,594,595,596,597,664,665,762,763
868,869,871,872,873,425,212,378,318
832,737,546,547,548,549,759,596,597,598,599,350
832,737,546,548,549,759,596,597,598,599,564,350
481,106,203,107,205,145,433,243,436,502,122,123
160,614,42,92,79,90,411,412,157,447
929,546,737,548,648,759,401,596,597,598,599
929,546,737,648,759,401,596,597,598,599,23
484,489,171,273,17,115,19,371,342,1013,24,283
651,683,556,557,878,843,558,559,561,562
512,675,612,553,589,687,1041,1043,663,667,575
759,1036,692,949,831,887,760,761,758,1021,863
1036,652,1039,879,912,753,723,725,982,313,764,351
1057,1036,652,1039,879,753,912,723,210,725,982,313,764,351
832,1036,1039,912,881,753,723,725,982,949,313,570,764,62
832,58,313,1036,1039,912,753,723,949,982,761,570,572,62,351
675,647,657,658,693,663,728,697,666,667,731
899,675,647,649,657,658,916,731,728,697,667,894
675,647,719,657,658,915,916,693,663,728,697,666,667,731
675,646,680,714,719,657,658,915,916,728,697,667,731
675,899,680,649,719,657,658,1041,915,916,728,697,731
897,287,743,520,447,79,182,183,729,90,700,63,159
675,646,647,649,714,657,658,915,697,667,988
608,195,196,710,70,201,206,879,208,53,380,831
609,582,966,586,587,588,844,880,497,661,662,791,574
576,577,580,615,616,585,330,80,247,445,446,415
960,992,993,961,994,542,1000,937,653,654,926,991
992,960,993,994,961,1000,937,653,654,542,991
673,1060,837,1061,1063,809,942,886,730,989
647,680,695,686,657,983,693,694,663,600,697,667
834,675,610,680,657,658,915,693,663,728,697,667,731
675,891,647,680,1083,714,719,693,663,697,667,731
647,649,746,651,683,878,558,561,660,920,667,668
1026,999,744,649,746,651,690,660,693,920,667,668
647,649,746,651,556,683,660,663,920,698,667,668
608,451,164,263,264,266,15,113,30,282,27,29,286
131,617,618,937,106,205,45,433,145,729,732,286
545,229,230,231,997,38,816,1014,825,413
545,229,230,231,997,38,816,1014,825,827,413
545,229,230,231,997,38,816,1014,825,827,413
1064,650,716,914,692,949,758,887,760,761,734,831
675,805,680,649,744,719,561,690,691,658,657,885,920,697
675,805,744,1034,971,719,728,657,690,691,658,920,697
132,615,616,585,459,80,790,247,445,446
641,515,516,140,626,632,635,638,639
992,609,929,994,933,584,938,619,1012,606,607
929,609,994,355,584,937,936,619,938,1012,606,607
833,449,289,450,291,519,333,1054
576,929,388,486,648,1003,528,1009,339,597,598,1048,607
545,676,677,229,230,231,997,235,814,816,820,20,824,825,413
292,27,568,906,458,434,30,950,471,440,154,379,604,478
896,899,836,612,841,1065,663,667,1020,894,895
896,899,675,1065,683,557,560,563,693,920,697,698,1020,894,895
870,776,811,845,917,984,985,314,1084,1085,222
320,321,322,325,326,327,521,522,877,144,319
320,321,325,326,327,521,523,524,525,877,144,319
320,321,322,325,326,327,521,523,524,525,77,144,319
1057,546,713,1036,239,207,881,912,913,949,923,572
675,680,686,590,728,693,694,695,696,697,731
675,647,680,746,651,557,686,560,563,663,920,697,698,668
902,711,760,721,722,949,54,887,888,761,831
675,663,680,686,728,657,693,694,695,696,697
615,616,585,330,459,80,247,445,446,415
257,700,743,79,240,306,659,182,279,729,411,412,183,63
641,515,140,301,626,632,635,638,639
641,515,140,301,626,632,635,638,639
388,645,486,487,5,430,369,503,504
675,647,649,719,657,658,663,728,697,667
675,680,1083,651,719,657,658,693,663,697,667,668
673,600,1036,717,949,759,760,761,955,1021,863
675,836,647,649,657,658,693,663,728,697,667
832,737,546,548,652,753,723,564,598,599,925,350
676,677,527,815,817,820,821,824,825,826
609,582,966,586,587,588,846,880,791,573,574
416,417,1025,292,904,1033,1034,1069,750,1074,468,565,568,154
673,759,1036,914,692,949,887,760,761,1021,863
864,292,568,1069,468,565,471,472,473,602
864,292,568,237,1069,468,565,854,471,472,473
292,568,684,1069,468,565,471,472,473,478
868,869,871,872,873,212,918,378,1085,318
292,742,154,684,717,1069,434,565,759,568,153,602,603,796
864,568,1036,717,692,886,887,760,761,54,797,831
292,742,1069,434,468,565,341,568,473,26,477,478
1024,324,167,40,457,1038,303,209,275,405,343,120,90,92
320,321,325,326,327,521,523,76,525,77,877,144,319
675,836,647,680,714,686,657,658,693,663,697,667,731
650,759,716,717,849,914,692,886,758,699,734,831
704,705,706,707,708,37,429,80,702,703
900,840,1021,882,1076,885,1077,890,891,893
37,70,331,1070,78,337,914,150,311,379,380,381,62
704,705,706,707,708,37,70,429,380,701,702,703
704,705,706,707,708,37,70,429,573,702,703
226,36,230,231,360,361,234,108,272,378,956,29
641,515,516,140,301,626,1075,633,634,635,638,639
641,515,140,301,626,632,635,638,639
673,902,684,760,721,722,949,886,888,730,989
865,1033,1034,1035,855,1074,434,404,951,735
865,1033,1034,1035,855,1074,404,950,951,735
1029,998,1030,1032,1001,458,1003,330,1033,969,527,432,1009,851
675,646,714,719,728,658,915,916,663,920,697,667
675,647,714,719,728,657,915,916,693,663,920,697,666,667
897,898,675,901,838,842,690,691,884,693,667
897,898,675,901,838,842,691,884,693,667,703
897,898,901,838,842,690,691,884,693,703
683,556,651,878,557,560,558,561,563,559
388,5,486,487,1067,430,369,503,504,1052
194,643,1060,837,1061,1063,809,942,949,886,54,730,154,989
641,515,516,140,626,632,633,634,635,638,639
672,265,621,113,435,121,220,669,670,671
672,265,621,113,435,121,220,669,670,671
672,265,621,113,435,121,220,669,670,671
672,265,621,113,435,121,220,669,670,671
672,265,621,113,435,121,27,220,669,670,671
97,99,963,964,939,272,83,85,86,87,88,89,1050,255
641,515,140,301,626,632,635,638,639
640,641,515,300,140,626,632,635,636,637,638,639
675,899,900,649,714,657,1041,915,916,663,728,697,667,731
99,100,101,551,232,365,366,84,85,89
352,193,417,740,741,711,747,748,749,750,751,755,148,567
609,582,574,937,586,587,588,938,846,1018,926
676,677,814,815,816,817,820,821,823,824
676,677,814,815,816,817,818,819,820,821,823,824
934,968,810,908,973,909,974,1071,401,1022,121,570,926
782,783,784,785,786,787,788,789
834,839,1021,882,885,983,600,889,890,891,892,893
834,610,839,680,840,687,882,885,1077,983,891,892,1021
772,773,774,695,686,375,344,217,218,765,766
839,988,559,1021,882,562,1076,885,1077,890,892,893
193,930,642,679,296,685,720,625,946,945,343
193,930,642,296,685,173,720,625,946,947,343
834,675,839,840,1021,882,885,1077,697,890,891,892,893
193,930,642,296,685,720,625,946,947,945,343
839,714,893,658,915,1076,1077,885,889,890,892,1021
899,900,649,893,657,882,1076,1077,885,728,955,1021
899,900,649,893,882,1077,885,728,955,1021,731
574,937,586,938,846,880,629,792,793,732,926
673,1060,837,1061,1063,809,942,886,54,730,989
574,937,586,844,846,880,629,792,793,732,926
576,674,131,578,70,616,617,618,585,45,1038,1081
782,783,784,785,786,787,788,789
782,783,784,785,786,787,788,789
782,783,784,785,786,787,788,789
782,783,784,785,786,787,788,789
772,773,774,422,776,345,845,375,344,217,218,765,766
673,902,684,721,722,831,54,887,888,761,886,730,863
675,805,744,714,719,657,690,691,663,920,697,698,667,668
768,769,770,771,772,773,774,377,845,375,217,218,767
768,769,770,771,772,773,774,377,845,375,217,218,767
768,769,770,772,773,774,377,845,375,344,217,218,767
768,769,770,771,772,773,774,377,214,375,217,218,767
35,555,331,78,177,50,179,372,57,382,927
865,194,195,197,1033,1034,1036,1074,981
899,772,773,774,422,425,845,781,375,217,218
899,772,773,774,422,845,781,375,217,218
899,772,773,774,422,40,345,845,375,344,217,218
576,929,578,579,580,1056,605,520,554,699,627,507,1083,733,926
865,1033,1034,489,1036,813,1074,981,949,155,862,863
896,899,675,836,840,841,1065,719,697,891,894,895
1060,837,809,759,1036,717,849,914,692,886,758,568,989
834,675,839,840,882,885,1077,983,697,890,891,892,1021
899,649,746,651,683,560,660,920,698,667,668
326,782,783,784,785,786,787,788,789
326,782,783,784,785,786,787,788,789,319
650,1036,717,656,849,914,692,949,758,759,760,699,734
322,327,782,783,784,785,786,787,788,789
1064,650,716,914,692,949,758,887,760,761
800,801,811,780,109,108,812,781,349,798,799
800,801,811,108,780,109,812,781,348,798,799
800,801,811,780,109,812,344,345,347,798,799
800,801,811,780,109,108,812,781,347,798,799
800,801,811,108,780,109,812,781,347,798,799
896,899,675,900,836,649,1065,841,657,697,1020,894,895
800,801,780,812,781,340,344,345,347,798,799
896,899,836,675,1065,714,841,697,1020,894,895
832,737,549,652,879,564,725,982,599,925,350
610,834,680,941,590,591,687,592,912,723,753,693,697
471,292,747,749,750,751,752,148,149,150,151,154,604,478
257,293,743,569,79,240,306,659,729,411,412,63
287,743,42,92,79,691,884,90,411,412,447
322,325,326,327,521,876,877,144,319
773,775,776,777,778,779,845,984,985,378,219,1084
421,870,775,776,860,777,778,779,845,984,281,219,1084
773,775,776,777,778,779,845,984,985,378,219,1084
864,650,759,717,887,692,863,567,886,761,54,699,831
772,870,775,776,777,281,779,845,984,985,314,219,1085
870,775,776,860,777,778,779,845,984,281,219,1084
612,839,840,1021,882,1076,1077,885,983,889,890,893
900,839,893,882,1076,1077,885,889,890,1051,892,1021
1057,673,835,1060,837,650,1036,684,1039,913,914,725,758,761,572
166,169,204,622,943,624,625,944,947,946,334,1082
839,893,1076,1077,885,889,890,1051,892,1021
900,839,557,1021,882,1076,885,1077,889,890,1051,892,893
769,771,772,773,774,776,345,845,375,344,217,218,767
930,36,166,295,679,296,330,235,685,334,814,720,343
899,675,900,649,714,1065,657,1041,728,697,731,894,895
747,651,683,556,1036,752,557,878,558,561,751,150,600
747,651,1036,557,558,752,751,690,691,878,149,150,151,600
935,936,937,727,938,627,535,536,537
576,929,388,486,648,937,554,1003,528,1009,597,1048,607
641,515,300,301,626,724,632,634,635,638,639
163,324,167,296,204,569,688,404,405,215,185,828,479
896,899,675,351,313,841,1065,719,753,723,597,697,894,895
897,898,675,901,838,649,842,691,884,693,697,703
897,898,901,838,842,690,691,884,693,663,697
832,546,599,652,879,912,595,564,982,598,925,350
714,843,683,651,558,559,560,878,658,562,660,920
514,392,393,137,301,302,141,146,635,639
896,611,612,675,841,683,556,557,941,560,697,955
287,614,743,71,447,42,92,79,90,411,412,159
832,674,554,652,912,564,596,982,599,597,761,598,351
481,998,490,715,718,434,851,501,469,534,216
832,896,674,549,590,591,687,531,533,599,922,923
864,608,387,68,69,70,484,267,1070,718,338,51,249,381
382,1028,299,555,300,78,331,830,1070,50,311,958
641,515,516,626,632,633,634,635,638,639
37,198,491,492,622,946,947,1044,1047,538,860
167,457,395,204,303,209,275,539
675,805,744,1070,719,657,690,691,663,920,697,667
614,743,447,42,92,79,729,90,411,412,287
166,169,204,622,943,624,625,946,947,944,334,1082
166,169,204,622,943,624,625,946,947,944,334,1082
864,742,650,568,1036,717,692,831,54,887,760,761,796,863
416,417,673,1025,903,1064,904,722,888,797
995,807,808,552,431,272,435,1011,1015,1016,957
995,807,808,552,1002,431,435,1011,1015,1016,957
835,744,650,656,849,914,692,758,887,699,734,831
776,845,349,1072,1073,918,344,281,314,860,1085,222
641,515,301,302,626,883,757,632,635,638,639
98,99,963,101,6,968,810,304,83,85,86,87,88,89
992,67,419,260,358,105,874,654,655,497,246,249,1018
480,484,489,9,171,11,172,110,813,17,81,439
352,193,200,748,749,750,751,752,373,374,149,150,284
512,226,290,361,234,170,394,687,1040,1041,726,377,378,575
290,226,868,262,361,170,394,314,845,1041,726,378,575
934,551,968,810,409,653,654,974,973,304,537,540
672,265,621,496,113,1081,435,121,220,669,670,671
1027,483,515,78,830,951,311,632,57,381,958
256,3,390,237,14,143,241,403,116,19,276,94
933,936,937,586,619,653,654,627,1012,535,1018,605,926,607
517,460,461,301,335,302,141,1075,724,635,638,639
933,936,937,586,619,588,653,846,911,627,535,605,926,607
864,292,472,684,1069,174,468,565,568,473,602,603
673,902,684,760,721,722,54,886,888,761,730,831
162,130,132,421,541,235,653,654,790,247,1049,442,445,446
677,814,815,817,818,819,820,821,823,824
814,817,818,819,820,821,823,824,825
64,66,259,583,236,152,88,60,127
64,66,259,583,236,152,88,60,127
64,258,66,294,583,173,653,654,336,152,60,127
162,132,421,134,585,459,653,399,790,247,470,88,511
355,67,419,105,874,654,655,661,662,1018
64,66,259,583,236,152,88,60,127
832,513,547,549,652,753,723,564,725,598,599,925,350,351
646,680,695,686,658,983,693,694,663,920,697,667,988
675,680,663,686,719,696,693,694,695,920,697,731
162,130,132,421,399,309,470,1049,442
162,130,132,421,399,309,470,248,1049,442
993,162,130,1000,235,653,654,399,470,790,1049,442
64,258,583,173,653,654,336,127,948,152,88,60,511
739,740,741,998,715,750,718,850,755,851,469,1046,534,216
613,715,107,203,718,431,23,373,374,469,216,1016,284,221
416,417,673,1025,903,904,711,1064,684,722
416,417,673,1025,1061,903,711,904,1064,684,722
35,520,331,1070,78,50,179,958,403,311,57,380,381,830
704,705,708,68,37,715,844,429,496,721,926,630,1051,380,702,703
704,414,708,68,37,715,429,271,818,792,987,380,702,703
704,705,706,707,708,37,70,715,267,429,703
704,705,706,707,708,37,70,715,267,429,702,703
803,804,328,937,936,619,173,948,566,312,510,1055
803,804,936,937,328,619,173,948,566,312,509,1055
704,705,707,708,37,70,267,715,429,380,702,703
704,706,387,708,37,70,574,429,981,701,702,703
998,715,718,850,851,373,374,1046,469,534,380,958,216
802,195,391,205,15,367,243,22,30,761,122,123,29,286,383
739,740,741,995,387,490,750,951,755,403,469,501,855,534,1053
609,966,967,937,905,535,536,1017,1018,475,926
480,1057,387,392,905,202,750,879,239,110,81,19,342,282
388,5,486,487,430,369,503,504
1001,1003,1035,1004,1005,431,855,849,434,1010,404,950,951,154,155
680,746,651,683,719,560,690,691,660,920,697,698,668
833,289,449,450,519,332,333,437,1054
546,548,550,1036,590,591,592,593,664,665,955,924
577,580,599,103,648,616,585,49,401,596,597,23,509,510
1091,998,814,718,850,851,819,853,821,469,216
480,484,489,171,172,813,110,17,81,273,24
1033,1034,1035,431,951,849,1074,950,855,735
1033,1034,1035,951,1074,434,404,950,855,735
833,289,450,449,519,332,333,1054
814,817,818,819,820,821,823,824
814,527,817,818,819,820,821,823,824
676,814,816,817,818,819,820,821,823,824
736,609,418,1058,936,874,661,662,1017,1018
814,817,818,819,820,821,823,824
814,817,818,819,820,821,823,824,826
814,817,818,819,820,821,823,824
677,814,815,816,817,820,822,825,826,827
677,814,815,816,817,819,822,825,826,827
675,646,999,680,714,719,658,915,916,728,697,731
677,814,815,816,817,820,821,822,825,826,827
675,899,680,649,970,719,657,658,1041,915,916,728,697,731,894
677,814,815,816,817,820,822,823,825,826,827
676,677,814,815,816,817,820,822,825,826,827
677,814,815,816,817,820,821,822,825,826,827
680,649,651,971,719,728,658,915,660,693,916,920,697,667,731
388,5,486,487,1067,430,369,503,504
673,1060,1061,837,684,942,886,758,730,989
673,1060,1061,837,684,942,886,758,730,989
929,584,936,574,619,938,654,1012,732,606,607
1026,843,683,557,878,559,556,558,561,562,660
416,417,1025,1061,903,904,1064,684,54,571,796,797
1029,987,1030,1032,1031,977,857,858,859,990,1087
859,1029,1030,1031,1032,977,857,858,987,990,1087
416,673,417,1025,742,711,684,722,949,854,886,888,730,476,478
929,388,5,486,487,430,369,503,504
929,388,5,486,487,430,369,503,504
609,935,936,937,586,938,727,627,535,536,537
609,994,355,935,936,937,938,727,535,536,537
995,997,1001,458,1003,1068,1034,1033,432,1009,373,1046,855
935,936,937,938,727,535,536,537,538
1029,987,1030,1032,1031,976,977,857,858,859,990,1087
545,814,817,818,819,820,821,823,824,794,795
795,794,815,816,822,825,826,827
608,1030,1031,987,977,18,1080,859,125,990,1087
673,1060,1061,837,684,942,886,758,730,989
609,935,936,937,727,938,535,536,537
673,1060,1061,837,684,942,886,730,989
931,260,582,358,936,937,586,938,399,112,627,246,538
646,714,719,658,915,916,693,728,697,667,988,731
417,1057,739,740,741,1062,903,1064,713,750,848,755,567,154,831
839,1021,882,1076,1077,885,889,890,892,893
162,1091,998,330,814,718,399,850,851,853,821,309,248
900,840,1021,882,1041,1076,885,1077,890,893
258,932,933,644,937,619,910,911,336,537,605,543
932,933,644,606,619,910,911,605,926,607
1091,998,814,432,850,851,853,822,921,986,827
418,644,582,967,936,937,586,587,588,627,1017,926
72,73,74,43,46,47,688,689,307,52,310,120,59,158,159
929,674,932,648,937,329,269,1038,528,339,727,1081,733
576,929,580,1009,978,979,980,505,506,508
929,580,937,978,979,980,23,505,506,508
99,934,551,968,973,974,408,409,540
715,204,622,718,945,850,947,851,501,534,469,216
1060,1061,837,1063,711,809,942,886,54,730,989
705,292,773,742,297,906,48,434,150,440,154,477,478
548,955,550,941,590,591,592,593,600,601,923
166,169,204,622,943,944,625,945,946,624,947
166,169,204,622,943,624,625,946,944,945,947,334,1082
166,169,204,622,943,944,625,624,946,945,947,334,1082
896,899,675,836,841,1065,657,663,698,697,954,1020,894,895
166,169,622,943,624,625,946,944,945,947,334
574,937,846,880,627,629,630,631,793,732,926
960,544,736,961,992,542,1000,653,654,991,541,926,543
960,961,992,993,936,874,653,654,627,991,541,543
960,961,544,992,993,653,654,991,541,542,543
993,932,933,644,936,653,910,911,627,339,535,732,991
609,355,966,967,936,937,586,582,588,905,662,475
736,609,966,967,582,937,586,936,905,627,535,536,475
166,169,622,943,624,625,946,947,944,334,945,1082
546,547,548,955,549,550,590,591,593,949,600,922,923,925
99,934,551,968,973,974,408,409,540
128,129,579,323,581,427,972,398,370,371,564,761,989,94
1001,1002,1003,1004,1005,1006,1007,1008,1009,1010,1015,1016
1001,1002,1003,1004,1005,1006,1007,1009,1010,1011,1015,1016
1001,1002,1003,1004,1005,1006,1007,1008,1009,1010,1015,1016
995,1004,1005,1006,1007,1008,1068,1010,431,1015
1003,1004,1005,1006,1007,1008,1068,1010,1011,1015
995,1004,1005,1006,1007,1008,1068,1010,1015
1003,1004,1005,1006,1007,1008,1068,1010,1011,1015
995,1004,1005,1006,1007,1008,1068,1010,1011,1015
1004,1005,1006,1007,1008,1068,1010,1011,1015
995,1004,1005,1006,1007,1008,1068,1010,1015
995,1001,1003,1004,1005,1006,431,1007,1009,1010,1015
995,1001,1003,1004,1005,1006,431,1007,1009,1010,1015
995,1004,1005,1006,1007,431,1008,1010,1015
673,742,711,902,684,604,721,722,888,476,478,959
1036,882,697,885,693,760,761,890,1051,1021,889,863
99,101,934,551,968,973,974,304,85,408,409,540
993,934,551,1000,968,973,974,408,409,540
675,923,891,953,840,940,941,590,601,600,697,954,955
859,1029,1030,1031,1032,976,977,857,987,990,1087
1029,1030,1031,1032,976,977,857,987,990,1087
1029,1030,1031,1032,976,977,987,990,1087
1029,1030,1031,1032,976,977,987,990,1087
1029,1030,1031,1032,976,977,987,990,1087
1029,1030,1031,1032,976,977,987,990,1087
1029,1030,1031,1032,976,977,857,987,990,1087
612,1019,681,649,298,841,589,590,591,592,1043,1076,1077,923
576,929,577,579,388,581,648,937,430,528,503,732
294,583,328,648,173,336,528,1042,948,566,312
292,154,747,749,751,752,148,149,150,151,568,602,604,478
736,609,418,1058,419,936,874,661,662,1017,1018
736,609,1058,418,419,874,586,661,662,1017,1018
568,1036,914,949,758,863,760,761,1051,1021,831
1028,299,300,331,78,1070,830,372,311,927,56,958,31
923,940,941,590,557,601,600,953,954,955
675,923,955,900,649,940,657,600,697,954,953,893,575
960,992,961,994,993,936,937,874,653,654,535,1018,991
960,992,994,993,961,936,937,1000,653,654,627,541,991
960,993,992,994,961,1000,937,936,586,653,654,541
992,993,960,994,961,542,1000,937,653,654,926
745,428,12,339,500,693,856,697,187,732,94
745,428,12,658,339,500,693,856,697,187,94
745,428,12,879,339,500,693,856,697,187,94
745,428,12,915,500,693,339,856,697,187,94
162,421,166,330,814,815,816,399,309,822,470,248,825,826,827
1057,1036,1039,1040,881,913,949,758,760,761,572
745,428,12,658,339,500,693,856,697,187,94
193,555,331,78,1070,958,372,311,31,830,927
2,4,10,13,24,26,91,93
1028,299,715,331,78,1070,338,372,311,927,830,31
99,963,101,964,100,551,968,939,973,974,85,88,89
99,964,101,963,100,968,551,939,973,974,84,85
99,964,965,100,101,968,939,973,84,85,87,89
99,100,101,939,84,85,86,87,88,89,1050,255
934,551,968,939,973,974,408,409,540
160,159,71,46,688,307,52,59,158,63
995,964,1068,1005,1006,1007,1008,1004,1010
1056,1057,835,650,1036,716,1039,1040,913,914,725,758,761,570,572
579,359,7,940,114,499,18,757,857,953,954,987,735
198,491,492,625,946,947,1044,565,1047,538,574
96,678,712,682,526,367,400,402,95
737,995,807,808,520,1002,431,595,1011,693,1015,1016,957
96,678,712,682,526,367,400,402,95
96,678,682,526,367,400,402,95
859,1029,1032,969,975,976,977,1080,987,990
1029,1030,1032,969,975,976,977,1080,987,990
1029,1030,1032,969,975,976,977,1080,987,990,1087
96,678,712,682,526,367,400,402,95
162,130,421,585,459,399,309,470,1049,442
416,1057,417,1025,1036,239,207,881,913,758,572
1067,1037,977,474,987,1052,858,990,1087
1067,1037,975,474,977,858,987,1052,990,1087
1029,1067,1037,977,1080,474,859,1052,858,990,1087
610,834,923,680,940,941,590,687,600,601,955
512,553,1036,589,687,1040,1039,601,913,1043,600,761,572,575
960,992,584,937,1000,619,926,1012,605,606,607
675,899,680,649,719,657,658,1041,915,916,728,697,731
992,993,960,961,994,1000,653,654,991,541,542,543
577,581,907,908,909,1071,880,496,792,763,28,573,1022
577,907,908,909,1071,880,496,629,1022,791,792,28,573,574
512,899,553,649,1041,1043,916,728,697,575
548,955,953,940,941,590,591,600,601,923
923,940,941,590,591,601,600,953,954,955,889
419,260,355,67,105,874,654,655,249,1018
609,932,933,644,936,937,910,911,627,535,1018,61
3,923,955,681,298,14,600,697,922,1019,667,94
512,1057,553,1036,687,1040,1039,691,1043,758,761,572,575
992,993,544,994,961,1000,653,654,910,537,991,542,543
995,645,202,1004,1068,1005,431,1006,1010,404,1013,374,1015,735
641,515,516,140,301,626,1075,632,633,634,635,638,639
993,584,937,1000,619,627,1012,732,605,606,607
736,993,1058,418,967,1000,874,586,662,1017,1018
992,355,260,419,67,105,874,655,271,497,246,249
2,4,10,13,341,24,26,91,93
672,265,496,113,435,121,220,669,670,671
613,490,364,855,431,849,950,951,374,726,1053,735
162,1091,997,998,421,166,295,814,399,851,853,821,309,248,825
353,453,423,424,425,426,917,376,377,378,252
162,1091,421,998,235,718,399,850,851,853,469,921
509,583,328,511,366,336,566,312,506,507,60,152,510,445
929,1059,583,328,395,173,1038,1042,948,566,250
517,299,300,301,140,626,724,634,635,638,639
928,96,802,391,1067,1037,526,367,243,244,22,95
928,802,579,580,122,1067,15,188,243,22,1018,1052,383
736,1018,1059,874,236,661,662,1017,250,60
289,450,329,332,653,333,401,220,572,1081,570,28,510
1029,1030,1032,969,975,976,977,1080,987,990,1087
512,553,589,557,687,1041,1043,697,575
480,484,485,489,171,11,813,110,17,115,439
480,485,489,11,171,813,110,17,273,115,439
480,489,171,11,813,110,172,17,81,439
485,489,11,171,110,17,273,115,371,342
480,485,489,11,171,813,110,17,273,115,371,342,439
576,480,579,484,580,489,11,172,813,110,175,273,17,115,383
772,102,774,845,687,1072,1073,212,884,375,344,377,572,222
0,1,480,4,8,9,10,19,341,26,93
0,1,480,8,9,10,11,172,13,17,93
0,1,2,4,8,9,10,11,17,341,26,93
0,1,4,8,9,10,11,17,341,26,93
122,871,872,425,362,106,618,205,426,145,499,212,919,378,123
288,833,289,450,449,291,519,333,1054
288,449,450,289,833,519,332,333,437,1081,1054
631,844,880,497,629,791,792,793,732,573,574
1091,998,718,850,659,851,853,822,855,248,921,735
480,484,485,489,11,813,110,463,17,19,115,439
609,385,937,907,908,1071,401,1078,118,1048,570,220,1022
33,803,804,936,937,648,328,173,948,566,732,509,1055
650,717,656,849,914,692,886,758,568,699,734,831
1057,673,1060,351,1036,684,722,888,949,758,760,761,831
98,99,964,963,100,934,939,85,86,87,88,89,1050,255
423,424,425,919,499,214,215,186,252,318
288,289,450,449,291,833,518,519,333,437,1054,1023
68,69,70,37,422,39,743,267,40,429,338,947,852,920,380
1088,704,68,69,70,37,229,267,429,51,852,413
675,646,680,714,719,658,915,916,728,697,731
96,678,682,526,367,400,402,95
962,802,452,1067,1037,977,1014,474,987,1052,1087
160,71,297,75,46,688,307,52,90,59,158,159
294,583,168,1002,173,431,336,404,948,374,1015,1016,566,60,735
928,96,391,526,367,243,244,22,502,122,123,95
289,833,449,965,329,265,332,333,87,670,671
866,709,298,879,753,594,595,723,725,763
1033,1034,1035,1036,750,1009,1074,849,951,855,761,862,735
258,357,294,936,328,727,173,627,948,245,535,537
998,458,267,715,718,431,850,851,853,469,855,216
1029,1030,1031,1032,976,977,857,987,990,1087
71,46,307,52,693,308,663,310,697,59,158,159
229,38,230,104,231,997,14,1014,413
248,162,1091,997,229,230,231,1002,1005,1007,432,399,1015,1016,413
700,743,447,42,697,729,90,411,412,157,287
736,418,419,582,874,586,661,662,1017,1018
576,929,580,581,648,937,874,978,979,980,23,1086,505,506,508,510
1091,1068,1005,1006,1007,1008,1004,1010,432,986
227,170,108,494,847,344,345,347,348,349,223
705,3,1033,12,14,274,403,438,374,441,282,156,94
640,33,996,516,299,140,204,335,1075,724,757,635,636,637,639
416,417,673,1025,738,806,903,1064,904,241,242,759,796,797
1089,1090,452,712,1001,202,1067,1068,1037,1004,508,1010,1052
1089,1090,452,712,1001,202,1067,1068,1037,508,49,1010,474,1052
288,449,450,289,833,518,519,333,1011,437,1016,1054
802,580,581,936,937,15,367,243,22,535,122,188,383
65,103,912,49,594,595,596,597,598,599,763
33,553,106,556,557,558,623,529,433,563,530,155,988
866,709,330,879,593,594,595,309,567,664,665
166,296,169,622,943,624,625,946,945,334,944,1082
257,163,293,743,569,79,729,90,411,92,63
96,678,391,682,526,367,400,95
897,898,901,838,743,520,842,884,182,183,700
928,382,802,391,555,526,402,243,958,244,22,56,830
193,742,711,391,122,123,15,243,22,150,760,502,154,379,477
480,484,489,11,171,172,110,17,273,115,439,24
