320,1,0,5,133,138,15,213,22,218,27,222,30,224,225,32,35,95,229,231,232,234,43,170,44,52,54,312,317,190
2,324,5,261,7,329,73,269,271,81,275,276,87,88,26,219,28,221,31,231,106,236,237,46,109,116,246,56,61,191
3,4,198,327,328,200,8,6,12,9,14,16,17,213,24,220,222,223,224,225,34,227,226,229,293,233,234,43,238,50,58,187
322,3,5,6,7,8,12,205,17,21,22,23,219,221,31,34,229,230,38,42,236,46,47,48,53,55,56,57,315,60,61
320,0,64,66,5,13,14,210,20,213,30,222,223,224,225,32,33,228,229,35,231,37,230,234,40,44,45,238,52,54,316
322,3,4,5,324,198,12,14,213,24,281,223,225,34,229,230,39,233,43,239,47,118,55,122,315,317
320,0,66,5,9,12,17,219,222,30,224,225,32,228,229,37,231,230,234,43,44,45,238,51,54,313,187,62
320,0,1,3,64,69,5,12,14,15,17,19,21,27,222,223,224,225,32,33,228,229,94,233,234,44,238,51,54
3,4,5,198,327,6,9,12,14,17,24,220,222,223,224,226,35,34,293,231,232,234,43,237,238,239,47,50,55,58,187
64,0,66,2,3,5,198,8,265,13,281,218,222,223,289,225,227,228,230,231,39,41,233,43,238,52,118,55
321,1,66,193,195,5,135,203,206,210,19,23,215,155,222,32,33,224,228,230,232,234,45,51,54,61
0,64,1,5,261,12,271,17,213,22,89,218,27,222,30,224,225,34,35,32,229,230,231,232,234,43,238,52,318
257,258,322,260,5,262,71,66,267,12,13,271,89,222,30,224,225,34,33,32,229,230,228,234,44,45,237,51,245,54,248,62
66,4,5,199,200,10,11,138,14,16,275,213,88,218,222,224,35,229,230,231,233,234,43,59,237,238,239,54,58,251
64,1,3,261,8,12,14,17,22,23,218,27,30,223,225,33,227,228,229,35,232,233,234,238,239,52,54,59
320,0,3,4,12,14,207,17,213,24,223,225,34,100,229,101,231,39,233,234,43,238,239,175,47,55,317
320,66,3,69,261,5,9,14,271,21,222,30,224,225,32,229,230,231,234,43,45,238,239,51,54,187,62
257,322,66,324,5,262,261,271,20,213,89,222,32,225,312,224,229,230,37,233,234,235,44,174,239,49,50,51,54,248,249,317
66,322,323,5,6,7,267,12,145,213,23,27,219,221,31,287,97,37,230,38,236,237,46,48,49,56,315,61,319
66,5,73,10,329,138,266,271,81,275,26,219,222,160,32,224,37,230,231,234,44,237,239,303,49,51,53,246,54,251
3,4,5,6,136,9,12,17,24,222,223,224,225,226,229,230,231,232,234,43,238,50,54,313,187
0,3,4,10,138,12,271,16,22,24,27,223,225,34,229,231,39,233,43,237,238,239,47,246,55,251,63
1,321,195,196,5,193,129,132,7,203,206,209,19,212,83,215,154,285,31,33,162,105,235,111,240,112,51,117,53,57
257,69,262,263,264,269,271,79,273,81,87,89,281,283,99,106,109,241,243,117,118,123,252,253,254
259,68,69,262,263,5,261,268,269,271,272,273,81,87,89,98,99,109,241,242,243,305,188,118,248,313,123,252,127
257,260,69,262,261,264,269,271,79,81,279,87,89,283,32,98,106,109,241,243,117,245,248,249,252,253,254
256,257,258,259,262,71,8,202,267,76,77,269,79,208,21,216,89,283,32,99,166,244,245,246,187,253,254
256,257,258,259,260,5,262,71,136,202,267,269,77,271,208,89,283,32,98,187,114,243,244,245,248,123,188,127
257,258,259,261,262,71,69,73,74,10,198,267,269,271,80,81,16,275,87,88,89,91,103,109,51,116,246,248,251
257,258,259,68,261,7,71,73,74,267,76,77,268,79,80,15,276,278,86,280,247,91,92,219,93,99,291,105,112,242,116,119
257,258,260,261,262,69,264,267,269,271,81,279,89,283,92,32,97,106,109,110,114,243,245,246,248,249,252,253,254
256,257,258,259,260,261,262,69,71,200,267,271,81,213,279,87,89,109,243,245,248,249,122
260,261,69,135,264,263,75,269,270,81,277,85,278,87,89,92,93,95,97,105,107,109,114,115,117,120,250,251
257,260,69,262,263,264,73,74,266,10,202,270,271,269,81,275,87,89,283,231,237,109,243,246,248,250,251
259,69,263,264,265,328,267,269,77,79,273,280,281,217,283,284,89,41,304,241,50,308,117,119,252,253,254
69,72,265,264,267,269,77,79,80,280,281,217,283,284,289,99,227,41,106,241,50,243,182,119,253,254
68,69,267,269,79,80,273,275,86,280,89,281,283,88,99,39,106,47,241,51,116,118,119,246,252,253,254
259,325,69,71,263,261,74,266,268,264,75,271,272,269,81,84,85,87,88,89,284,97,98,109,243,118,248,249,190,255
256,320,261,69,264,266,269,271,143,273,79,275,81,277,85,87,283,106,109,110,241,243,116,248,249,252,253,254
256,257,258,259,260,261,262,71,322,199,201,267,13,271,88,89,93,30,32,34,35,37,44,243,52,245,248,249,318
256,257,258,259,260,261,262,71,322,199,267,13,271,88,89,93,30,32,35,37,230,44,45,243,180,245,52,248,249,122
256,257,258,259,260,261,262,71,267,271,213,278,89,287,230,295,108,109,243,245,246,248,249,122,252
256,257,258,322,260,261,262,71,267,269,271,275,87,89,281,185,39,47,48,241,243,245,248,249,122,318
257,258,260,261,262,69,264,71,267,269,271,79,81,278,87,89,283,93,106,241,243,245,248,249,252,253,254
256,257,258,260,261,262,69,267,203,271,81,213,87,89,109,112,243,245,246,118,248,249,122,251
65,259,260,263,264,74,266,268,76,77,270,272,278,280,281,25,99,100,101,109,47,48,241,251,250,123,252,254
260,69,261,263,264,269,270,271,79,273,86,279,87,281,283,96,98,106,241,243,118,249,250,251,252,253,254
66,68,71,72,265,266,74,267,77,269,79,276,213,86,280,281,90,283,284,103,41,106,302,50,116,119,253,254
256,2,70,71,199,265,266,74,73,201,268,207,79,275,88,217,92,160,97,36,263,237,49,114,121,251,62,255
257,258,260,69,262,261,267,271,80,87,88,89,184,287,97,122,243,51,245,117,118,248,249,246,252,254
66,259,69,263,74,267,268,77,76,271,272,79,81,211,87,31,99,101,232,109,48,242,115,124,125,255
256,69,326,71,267,76,77,269,79,208,274,275,276,214,89,281,283,32,163,39,42,47,244,245,117,121,252,253,254
257,258,260,69,262,261,264,263,267,270,271,213,89,282,250,243,116,245,117,248,249,122,251
256,257,258,259,260,69,262,323,261,73,74,267,200,264,142,271,269,81,275,84,87,89,98,109,177,243,245,246,248,251
66,259,68,263,71,74,267,268,271,272,80,211,276,86,280,31,99,100,101,106,48,116,246,247,121,122,254
69,262,261,264,328,76,77,269,271,79,273,279,87,281,283,106,176,241,304,243,308,117,118,246,252,253,254
256,192,66,259,263,267,268,269,77,79,78,142,274,83,82,19,281,90,283,94,96,32,99,102,103,39,108,113,244,254
257,69,262,71,73,74,10,267,202,269,271,81,209,275,84,87,89,281,91,36,39,172,47,48,243,246,185,251,189
256,259,68,70,7,71,73,74,76,77,269,79,80,276,84,86,87,280,91,92,219,289,100,101,105,106,109,116,246,247,121
69,261,264,75,269,81,84,85,277,278,87,89,92,93,95,248,97,98,105,109,114,243,116,117,120,249
0,1,261,69,263,141,273,81,19,84,85,278,277,87,281,27,92,93,94,105,109,111,112,114,51,117,118,185,252
0,69,262,264,269,142,271,79,273,210,84,20,279,89,281,283,157,225,39,104,170,106,301,175,241,243,117,118,245,248,249,252
69,262,264,269,270,271,79,273,81,85,87,280,119,216,283,98,106,241,243,116,117,118,244,249,252,253,254
69,133,263,71,198,267,204,269,142,79,80,273,275,279,280,89,281,283,285,159,225,99,39,47,124,241,245,118,252,253,254
65,259,68,5,262,71,263,73,74,200,76,268,77,79,271,272,275,84,86,282,91,70,106,108,109,177,116,246,121
256,69,326,71,267,76,77,269,79,208,274,213,214,89,281,283,32,42,187,241,244,245,251,252,253,254,191
255,69,261,262,264,269,79,271,81,85,279,87,282,283,284,106,109,241,243,117,246,249,252,253,254,191
128,129,130,131,132,133,134,135,136,138,139,140,19,285,286,288,289,290,122,123,124,125,127
128,129,130,131,132,133,134,135,136,137,138,139,140,285,286,287,288,289,290,122,123,124,125,127
128,129,130,131,132,133,134,135,136,137,139,140,285,286,287,288,289,290,291,122,123,124,126,127
128,129,130,131,132,133,134,135,136,137,138,139,140,285,286,288,289,290,291,122,123,125,127
128,66,130,131,133,132,135,136,137,138,139,140,286,287,289,290,291,48,122,123,124,125,126,127
128,130,131,132,133,134,135,136,137,139,140,285,286,287,288,289,290,291,233,107,122,123,124,125,126,127
128,129,130,131,132,133,134,135,136,137,138,139,140,286,287,288,289,290,291,48,122,123,124,125,126,127
73,330,142,145,147,148,156,184,158,292,295,297,298,170,172,237,302,303,299,177,306,307,308,174,175,311,310,251
143,144,145,146,147,148,149,154,157,184,158,292,293,294,167,295,169,296,171,172,302,174,304,177,305,307,308,175,303,179,310
330,144,146,147,150,153,154,155,158,160,293,294,296,297,298,171,299,301,174,175,305,306,307,308,179,180,183,184
258,267,143,145,148,89,156,184,158,292,295,168,297,169,299,167,170,302,303,175,172,174,307,308,309,310,110,179
330,144,145,82,148,149,153,154,155,158,293,294,295,296,169,298,299,297,301,302,174,175,177,307,308,179,180,184
330,141,143,144,145,149,88,155,156,157,158,164,293,294,295,296,297,169,301,173,303,175,305,178,307,177,309,310,179,180,181
330,144,145,147,148,149,154,155,156,157,158,160,161,167,296,169,298,171,170,172,302,174,175,173,306,307,180,179,181,183
330,142,143,144,145,148,153,158,160,292,294,295,296,169,170,299,172,173,302,303,174,175,307,308,310,184
330,141,147,148,149,150,152,153,154,157,158,99,167,169,300,172,302,175,174,177,305,307,308,309,306,179,184
71,141,144,146,147,149,154,155,158,95,164,293,294,167,104,297,170,171,172,301,168,296,302,305,306,179,177,307,180,183,304
65,143,144,145,146,147,155,156,157,158,160,161,164,296,169,170,299,171,173,302,175,301,177,304,179,180,181,184
330,10,142,145,147,148,183,156,158,292,166,167,231,295,170,299,172,237,173,303,174,177,175,307,308,309,310,311,184
197,330,141,143,208,144,146,147,149,155,156,29,158,164,169,298,171,301,302,175,304,177,178,307,180,308,181
5,330,141,142,144,146,147,149,150,154,155,158,160,98,296,169,170,300,172,302,175,174,305,177,307,308,306,178,179,180,186,127
330,141,82,147,148,149,150,152,153,154,158,164,292,167,169,298,171,300,172,175,304,177,306,307,305,308,179
328,330,141,145,147,148,149,153,158,164,292,294,295,296,169,300,172,174,175,177,305,307,308,309,310,179,184
328,330,141,147,148,153,158,292,294,295,296,169,170,299,300,172,174,175,177,305,307,308,309,310,179,184
328,330,141,142,145,147,148,153,155,158,294,295,296,169,170,299,300,172,174,175,177,305,307,308,309,180,184
258,330,141,143,145,148,154,158,292,295,167,297,170,171,299,172,174,303,175,177,305,307,179,309,310,184
73,10,11,140,330,144,81,146,275,23,155,156,158,160,292,231,167,169,170,237,303,175,177,306,49,178,180,246,311,179,251
320,318,322,194,324,319,197,199,200,328,327,201,202,204,205,209,210,213,215,103,187,312,186,315,316,317,190,191
192,193,194,195,324,323,197,199,201,202,203,268,205,208,209,210,211,212,213,215,48,124,313,187,316,190,191
320,193,322,194,324,197,319,327,199,201,205,208,209,210,213,214,215,60,316,189,313,314,187,188,317,190,191
192,322,323,324,326,199,328,200,201,202,205,208,210,213,214,22,30,32,35,315,52,312,187,188,317,318,319
320,322,194,324,327,199,200,328,76,205,208,209,210,212,213,215,96,162,165,186,187,313,314,317,316,189,190,191
322,194,324,319,197,327,200,199,328,201,205,206,14,209,210,213,214,215,217,315,316,312,314,187,188,317,318,191
320,318,322,323,324,194,195,199,200,328,205,208,81,210,211,209,213,215,312,36,315,181,248,187,316,317,190,319
320,322,194,324,319,197,199,200,328,201,202,205,208,209,210,213,215,315,316,312,314,187,188,317,318,191
320,322,194,324,325,197,327,199,201,202,205,207,208,209,210,212,213,214,215,190,187,313,314,317,316,189,318,191
192,321,193,195,196,323,324,194,68,201,203,204,205,206,209,210,212,213,215,28,95,166,171,114,185,61,190
322,323,324,199,200,328,329,201,202,327,205,209,210,211,213,214,215,217,30,32,35,315,52,312,314,187,317,318,319
191,322,323,324,194,197,199,200,329,201,202,205,207,208,209,210,212,213,215,190,188,313,186,187,316,317,318,319
191,322,194,324,325,197,199,200,329,198,328,201,202,205,208,209,210,213,214,215,94,190,187,313,315,316,317,318,319
320,191,194,322,324,325,196,327,197,199,201,202,205,207,208,209,210,277,213,214,215,93,228,54,314,187,316,61,255
192,191,322,323,324,194,326,199,200,202,205,208,209,210,211,213,214,215,216,187,53,315,188,319
320,65,322,194,324,325,327,199,201,202,205,208,209,210,213,214,215,316,189,313,314,187,188,317,191
191,322,323,196,195,199,328,201,200,330,205,206,208,209,210,213,214,215,155,94,188,307,308,309,314,315,316,190,319
191,322,194,324,199,200,329,202,11,205,208,209,210,213,214,215,216,90,26,231,104,188,189,187,316,317,319
257,259,323,69,262,263,200,73,74,267,268,77,269,271,272,81,275,85,87,89,98,41,109,177,116,246,54,251,252
257,258,69,262,71,73,74,10,202,269,271,16,81,275,277,87,280,89,91,98,237,109,243,245,246,119,251
257,69,262,261,73,10,74,266,202,269,271,16,81,275,277,87,89,91,98,231,237,109,48,243,246,248,251
0,64,3,5,8,73,10,138,12,329,271,16,81,17,275,19,229,230,231,39,232,59,43,237,239,246,183,120,251
64,3,69,5,8,11,12,14,15,16,17,21,22,23,26,224,225,33,227,229,39,232,233,234,42,238,59,63
3,5,12,14,271,16,17,145,22,223,225,226,34,35,229,230,231,161,289,234,122,238,239,185,58,60,63
66,195,2,5,6,199,9,12,14,207,145,19,213,24,222,287,224,225,227,228,230,231,233,234,43,236,59,238,187
66,2,5,199,201,265,266,14,207,217,157,222,35,37,230,231,41,42,43,173,238,52,53,54,55,189
3,4,5,7,12,14,17,276,213,88,24,26,219,247,223,34,40,41,42,232,233,43,47,239,51,55
320,64,66,5,10,12,13,16,275,20,222,30,224,225,32,33,35,229,37,231,230,40,234,44,237,238,239,45,52,54,251
320,67,5,199,200,7,10,138,16,275,213,222,31,37,38,231,230,234,42,237,238,239,46,48,50,53,56,57,251,60,61
322,66,5,9,265,267,12,13,21,214,23,27,222,32,224,34,230,40,234,43,236,237,238,44,315,51,54,187,188,319
0,66,195,4,5,9,12,144,211,84,216,219,91,222,224,102,231,232,40,234,43,236,237,46,238,49,180,55,59,63
320,66,324,5,69,199,13,213,23,222,30,224,225,32,228,230,231,40,234,44,45,237,51,54,313,316,317,190,191
66,3,5,200,12,13,14,271,20,213,222,224,225,32,229,230,231,37,234,43,44,237,238,239,51,54
66,5,13,14,17,213,88,284,222,223,224,225,32,228,229,230,231,37,234,44,45,238,237,51,54,190
128,320,64,66,261,5,16,210,19,212,21,22,215,218,222,224,225,162,228,229,230,231,233,234,43,238,51,54,63
192,1,66,2,323,5,67,4,7,9,12,208,149,22,23,27,28,221,31,38,230,42,46,47,48,49,50,53,55,56,60,61
66,5,328,9,203,12,16,17,274,19,22,24,218,222,224,225,227,229,230,231,232,233,234,43,238,308,55,187,63
66,3,4,12,205,14,16,22,24,221,222,223,225,34,232,41,42,233,43,238,47,239,55,313,190
3,4,5,138,10,12,14,16,17,22,24,28,93,223,34,229,231,233,42,43,237,238,239,47,55,63
64,1,0,324,5,261,12,16,17,19,213,22,89,218,27,222,30,224,225,34,35,32,229,230,231,232,234,43,238,52,54
66,5,328,9,10,12,14,17,18,19,218,222,223,224,225,34,227,229,230,231,233,234,43,238,304,188,54,252,127
320,0,3,5,69,9,12,14,142,271,17,275,24,222,223,224,225,34,30,229,230,231,40,234,43,45,238,187,62
320,1,0,3,5,13,14,15,142,17,213,22,218,27,222,30,32,225,227,228,37,229,231,35,232,234,42,43,44,52,54
66,5,70,199,201,266,207,213,88,217,222,224,225,228,37,36,231,230,234,173,51,53,54,121,189
3,4,5,324,12,16,24,26,223,225,34,39,41,42,43,233,238,47,239,55,313,58,315,191
66,2,3,5,203,268,12,272,16,17,211,212,22,26,31,223,289,225,161,39,168,41,42,238,60,48,63,125,313,316,61,191
64,3,4,5,8,11,12,14,16,17,22,23,222,223,32,225,34,33,227,229,230,232,233,42,43,238,47,55,59
0,66,5,265,138,201,12,10,16,17,279,218,157,225,227,229,230,231,39,233,41,43,237,238,55,253
64,2,3,5,135,73,10,11,329,12,138,74,16,81,207,275,292,230,231,232,233,59,43,237,239,303,246,251
0,64,66,2,4,5,1,265,16,149,22,218,27,28,100,38,39,41,233,43,238,239,50,52,55,56,63
320,0,64,3,5,9,12,204,14,17,82,24,28,222,224,225,227,229,230,231,232,233,234,43,59,238,54,187
0,64,66,130,2,5,198,135,17,23,216,218,27,28,98,230,231,233,42,43,238,244,54,55,58,59,188,127
320,1,261,5,8,14,16,17,210,213,22,218,28,222,223,224,225,227,228,229,230,231,233,234,42,43,238,54,63
64,3,5,261,12,16,17,19,213,22,23,218,222,223,225,34,227,33,229,230,231,232,233,234,43,238,110,59,63
322,3,5,200,12,142,16,17,213,22,218,222,223,225,34,229,230,231,232,233,234,42,43,238,309,63
64,66,5,73,10,138,11,271,16,81,275,222,224,228,229,230,231,37,233,234,43,237,238,239,303,51,246,54,251,254
1,66,195,323,321,193,5,203,12,206,19,23,91,155,222,32,33,224,228,230,232,234,235,236,44,51,54,55,122
324,5,69,198,261,8,133,26,218,30,224,225,227,229,230,231,233,234,43,170,45,238,54,55,317,62,191
320,0,64,2,3,5,69,198,8,135,138,12,282,222,224,225,33,227,229,230,231,232,233,234,43,238,54,313,59
320,66,5,327,199,13,213,215,222,223,224,225,32,30,228,37,230,231,234,43,44,237,49,51,54,312,313,316,317
320,3,4,263,10,12,269,14,17,276,24,25,223,225,34,229,233,234,43,238,47,239,48,55,313,314
1,66,5,12,14,143,16,19,20,213,22,218,28,222,223,224,33,225,34,229,230,231,233,42,43,238,185,125,63
0,1,66,5,12,13,79,23,222,223,224,225,34,32,289,37,230,231,234,44,237,51,308,54,55,122,60
321,2,66,67,5,6,7,135,203,19,212,215,219,31,33,228,38,39,41,42,46,48,240,50,51,53,56,57,60,61,63
5,12,15,17,21,213,23,222,224,225,34,32,229,230,231,40,233,234,43,236,237,238,51,54,187
67,5,327,7,329,10,12,16,216,26,219,221,31,226,163,38,231,236,237,46,239,238,48,50,53,56,57,60,61
2,5,198,327,199,135,10,138,12,14,16,213,218,222,224,229,230,231,233,234,43,59,237,238,239,246,54,58,251
320,64,2,0,324,5,198,3,138,145,213,218,29,224,225,227,230,231,39,233,232,43,54,313,59,124,126,191
3,4,200,10,12,14,16,213,22,24,223,34,229,231,232,233,42,43,237,239,47,55,58,63
321,66,195,1,193,323,196,5,201,203,206,209,210,212,23,217,155,222,32,33,224,228,37,230,234,44,51,54,122
0,1,66,64,67,5,6,2,68,19,217,218,92,32,33,162,230,166,107,44,237,174,49,51,52,54,59
322,4,5,324,198,329,11,12,14,213,90,26,222,223,225,34,98,228,230,231,39,233,43,237,238,118,55,54,188,317,127
320,66,3,5,200,12,13,14,271,213,23,222,223,224,225,32,30,229,230,231,37,234,43,44,237,238,51,54
64,66,3,5,12,14,17,23,222,223,224,225,33,227,32,229,230,232,233,234,238,241,51,54,62,59,190
66,5,199,329,10,138,271,81,275,213,222,30,224,32,228,229,230,231,37,234,44,237,238,239,45,51,54,251,62
0,2,3,196,5,261,135,12,17,210,19,212,145,278,215,157,223,224,225,227,229,230,39,231,233,43,238,51,117,54,59
64,1,66,261,5,198,145,19,212,85,215,222,30,224,225,32,228,230,234,108,45,44,240,51,117,54,62,63
5,134,329,10,138,140,11,73,74,16,81,275,213,26,218,226,35,230,231,233,59,43,237,238,239,303,54,311,58,251,126
1,2,324,5,261,8,15,16,17,19,22,26,219,218,28,224,225,227,229,230,231,233,42,43,238,313,63,191
66,5,199,266,13,14,210,213,23,88,222,30,32,225,224,228,37,230,231,42,234,44,45,51,52,54,121,317,189
0,1,65,323,4,8,11,12,14,208,17,16,19,214,23,22,25,26,27,29,223,41,42,43,238,47,55,58,187,188
261,69,75,269,271,273,81,83,84,277,85,278,87,89,92,93,248,97,98,105,109,243,117,120,249
192,324,69,262,264,269,271,79,273,81,279,87,89,283,94,289,41,106,241,243,117,118,249,252,253,254
256,257,258,260,261,262,69,68,71,267,271,278,86,89,93,225,229,106,243,116,245,248,249,122,318
257,323,69,262,261,200,73,74,264,268,76,269,271,272,81,79,275,84,87,89,97,98,109,177,243,116,246,248,249,251
69,261,264,267,76,269,271,80,273,277,85,279,88,283,249,165,168,41,106,108,174,241,243,51,117,118,246,121,252,254
2,69,70,199,71,265,266,264,201,268,207,81,279,88,217,87,35,36,173,53,189,121,251,253,254
69,261,264,266,269,79,271,273,85,279,87,281,283,285,160,106,237,241,49,243,117,120,252,253,254
255,69,71,264,265,76,269,77,79,273,280,89,217,283,284,289,227,165,41,174,50,243,117,119,252,253,254,127
69,261,264,269,79,271,273,275,85,279,281,283,32,165,39,106,174,47,241,243,117,118,316,186,252,254
257,260,69,262,71,263,73,10,74,264,269,270,271,81,275,87,89,231,104,237,109,48,243,246,248,250,251
69,264,266,11,269,270,271,79,273,81,85,279,87,89,283,32,98,106,109,241,243,117,118,121,252,253,254
69,262,71,73,74,266,10,138,202,271,75,81,269,275,276,84,87,88,89,91,97,98,231,109,115,246,248,121,251
261,262,69,135,138,269,271,273,81,85,278,277,87,89,92,95,289,98,105,109,111,112,178,243,117,118,249,122,252,127
256,257,258,259,68,262,71,70,73,74,267,135,77,200,271,79,86,89,99,106,111,177,243,116,245,246,121,250,253
259,69,262,71,261,73,74,267,202,269,271,16,81,275,84,276,87,280,89,218,91,98,107,109,246,248,251,253,254
261,69,262,264,76,269,79,271,81,85,279,87,89,282,283,157,32,106,109,241,243,117,246,249,252,253,254
68,262,71,8,70,267,76,77,269,79,80,274,85,21,86,281,283,98,99,164,166,41,106,112,244,245,116,121,253,254
68,69,70,71,267,79,80,85,277,279,280,89,282,214,119,86,98,106,241,243,116,117,246,118,121,252,253,254
257,258,68,69,261,71,262,199,266,267,70,264,76,271,12,269,79,275,86,279,88,89,106,111,242,243,116,246,121,255
68,261,262,71,70,75,79,85,278,277,86,87,92,93,95,97,100,105,106,109,111,112,114,115,116,117,120,121
256,257,258,260,261,262,69,264,68,71,267,70,271,79,86,89,121,106,243,116,245,248,249,122,251,254
259,69,264,267,76,269,79,80,81,276,280,281,282,283,284,89,32,99,165,106,109,174,241,243,182,119,252,253,254
257,258,260,69,261,262,263,73,10,138,264,270,271,81,275,87,89,282,106,172,243,180,246,249,250,251,189
256,323,195,72,265,267,269,77,79,80,206,274,280,281,283,284,155,32,101,41,47,305,115,182,119,122,252,253,254
69,261,70,264,141,270,271,79,273,269,85,277,279,87,283,98,42,298,106,243,116,117,118,249,252,253,254
257,260,69,262,261,264,68,70,71,269,271,79,275,85,86,279,89,281,121,100,41,106,47,243,116,117,246,245,248,249,122
256,257,68,71,8,73,74,267,9,77,269,79,274,21,86,87,89,283,32,99,164,166,106,244,245,246,116,253,254
256,257,258,259,260,262,71,267,269,77,271,275,89,281,283,32,39,47,48,243,244,245,248,249,122
256,257,258,259,262,71,199,201,266,267,74,269,77,13,142,271,22,23,88,89,283,27,30,32,35,37,40,44,244,245,52,253,254
256,257,258,259,260,262,71,267,269,77,271,89,281,283,32,289,178,244,245,248,249,122,187
256,257,258,259,260,262,71,202,267,269,77,271,208,89,283,32,243,244,245,248,249,122,187
256,257,258,67,260,262,71,6,73,74,267,7,269,77,271,9,14,89,56,283,221,31,289,47,48,178,244,245,53,248,57,60
256,257,258,259,192,323,262,71,326,73,74,267,200,269,77,271,202,208,89,218,283,32,187,114,244,245,251
69,71,8,74,267,76,77,269,271,80,79,17,81,21,87,89,283,27,99,164,166,109,178,244,245,246,182,188,253,254
257,68,262,71,8,73,74,267,70,269,77,271,79,275,21,86,89,283,99,164,166,106,111,244,245,246,116,117,121,251,188,253,254
256,257,258,259,260,69,262,71,73,74,267,76,269,77,271,79,213,87,89,283,94,244,245,248,249,122,188
0,69,71,8,73,74,76,77,269,271,81,17,275,19,21,87,89,283,94,99,166,39,178,244,245,246,182,120,251,188,253,254
257,69,262,71,8,73,74,267,138,269,77,271,81,17,275,21,87,283,289,99,166,168,46,178,244,245,246,182,122,251,188,253,254,127
192,257,69,262,71,8,73,74,267,76,269,77,271,81,276,21,89,283,91,94,98,99,166,168,109,178,244,245,246,247,188,253,254
257,69,261,71,73,74,202,269,271,16,81,275,84,276,87,89,91,283,98,237,109,244,245,246,251,188,254
256,257,258,259,260,261,262,71,69,74,267,271,81,213,89,283,98,42,43,109,243,245,246,248,249,122
66,259,68,263,71,74,267,268,76,77,79,272,80,211,86,87,280,31,99,100,101,107,109,48,116,119,254
257,258,67,261,69,262,199,200,266,201,13,271,18,22,88,89,30,96,32,35,37,106,44,110,243,116,117,118,52,248,121
128,66,259,261,6,265,74,267,76,77,79,80,85,87,217,92,289,99,41,109,112,114,115,50,117,182,119,57,253,254
256,257,258,259,260,261,262,71,69,73,267,14,271,85,213,87,89,94,243,245,117,248,249,122,317
256,261,69,263,264,269,81,84,85,278,277,87,89,92,93,248,97,98,105,109,111,112,114,115,243,117,120
258,69,198,264,265,269,77,79,80,85,278,277,280,217,283,284,289,227,105,41,106,111,112,50,243,117,119,252,253
256,257,258,259,260,69,262,261,264,267,271,275,213,87,89,90,313,108,109,243,245,248,249,122,318
257,258,261,262,71,69,73,74,266,10,202,269,271,16,81,82,275,87,89,98,231,109,246,54,248,251
256,71,8,329,267,76,77,269,79,80,208,274,17,276,277,21,87,189,283,27,99,166,40,49,178,244,245,182,247,188,253
257,68,262,71,8,73,74,266,267,77,269,9,21,86,119,280,89,283,32,99,164,166,243,244,245,246,116,251,188,253,254
256,192,259,71,8,9,267,76,77,269,79,80,274,85,21,280,283,32,99,164,166,114,244,245,187,253,254
66,69,262,71,261,73,74,10,266,138,202,271,272,81,269,275,16,85,87,89,282,91,98,231,109,46,246,249,251
69,262,71,70,8,74,267,76,269,77,271,80,17,81,276,21,87,280,89,283,27,99,164,166,109,178,244,245,246,247,182,253,254
257,66,69,262,73,266,74,267,269,271,80,81,275,87,88,89,91,231,103,106,109,110,51,246,248,251
256,257,258,259,260,261,262,69,71,330,267,271,81,213,87,89,109,243,245,309,248,249,122,318
66,259,68,263,71,74,267,268,79,272,211,276,86,279,280,31,99,101,106,109,176,48,242,116,119,254
71,72,267,76,77,269,79,80,208,274,276,85,88,281,283,92,32,97,96,47,114,51,244,245,247,316,253,254
2,5,70,71,199,265,266,201,267,207,80,79,88,217,91,97,173,110,51,117,246,53,184,121,253,254,255
68,69,261,262,71,70,264,76,77,269,79,271,85,86,279,89,165,106,110,174,241,243,116,117,248,121,252
261,69,264,75,269,81,84,85,277,278,87,89,92,93,95,248,97,98,105,109,111,112,114,243,117,120,249
259,69,264,267,76,269,77,79,80,276,85,87,88,283,103,106,111,241,51,244,117,246,247,243,249,252,253,254
68,261,71,9,77,269,79,13,85,86,283,92,32,105,106,109,112,114,244,117,245,116,187,252,254
0,257,1,69,262,73,74,10,202,141,271,81,275,276,19,89,281,91,27,93,94,98,237,109,243,245,246,248,251
256,257,258,66,260,69,262,71,261,200,267,271,80,209,212,88,89,225,243,51,245,246,118,248,249,122,316
256,257,258,260,69,262,261,264,267,271,81,84,213,279,87,89,98,109,243,245,248,249,122,251
257,69,262,261,264,263,266,269,271,79,273,81,85,87,89,283,106,109,241,243,117,118,251,252,253,254
257,69,262,71,261,135,9,267,269,77,271,79,208,89,153,283,284,32,296,106,42,177,243,116,117,245,252,253,254,255
256,262,71,73,74,267,202,77,269,271,80,81,275,84,276,88,283,91,32,301,51,244,246,251
192,68,69,70,71,264,329,269,79,80,273,274,189,86,279,280,281,283,98,106,301,111,241,188,243,116,117,119,121,252,253,254
68,69,261,262,264,71,70,74,269,271,79,273,85,86,279,283,121,36,106,111,112,241,243,116,117,118,249,122,252,254
66,259,69,263,74,268,76,77,79,272,80,211,276,87,280,88,284,31,99,101,297,109,48,178,119,124,125
256,257,258,259,260,69,262,71,135,8,267,269,77,271,208,21,89,283,156,99,164,36,166,169,304,178,243,244,245,181,248,250,253,318
0,1,69,262,261,264,141,269,271,273,19,85,279,281,27,120,283,157,94,104,106,241,243,117,246,118,248,122,251,252,255
257,69,262,261,73,74,266,10,202,269,271,207,81,16,275,84,87,89,91,98,237,109,243,245,246,248,251
259,69,262,264,267,269,77,79,81,280,89,281,283,32,99,165,168,106,109,174,112,241,243,247,252,253,254
256,257,258,259,260,4,262,71,131,267,269,77,79,271,213,280,89,283,225,104,297,245,310,248,249,122
256,257,258,259,262,71,8,267,269,77,79,80,88,89,283,32,99,51,244,245,246,248,122,60,253,254
259,68,70,71,73,74,267,76,77,10,79,81,275,84,276,86,91,99,106,111,116,117,246,247,121,251,253,254,255
68,261,325,70,71,329,79,189,277,85,87,21,86,92,93,94,97,228,105,234,106,109,110,244,117,54,116,120,121,188,61
2,261,69,71,199,70,266,201,271,79,207,88,89,217,95,35,36,106,173,110,116,117,246,53,121,251,189
257,258,69,262,264,267,269,77,79,270,85,280,89,282,283,98,106,241,243,116,117,249,252,253,254
66,259,69,263,73,74,267,268,76,79,272,271,81,211,84,87,280,91,31,99,102,232,109,48,246,119,124,125
257,260,69,262,263,264,73,74,269,270,271,272,81,80,275,79,18,87,89,98,109,243,117,246,250,251
257,68,69,261,70,264,71,269,271,79,85,277,86,87,279,283,121,98,106,111,241,242,243,116,117,249,122,254
69,261,262,267,269,271,80,273,81,85,278,279,277,89,87,88,91,92,97,103,104,168,109,243,51,117,246,118,254
320,257,258,259,66,69,262,73,74,10,266,77,269,271,81,275,84,85,87,89,91,94,98,237,109,116,246,251,318
0,257,260,69,262,263,264,268,204,142,271,273,20,279,281,89,157,227,39,175,124,241,242,243,114,117,118,178,252,254
259,69,326,71,267,76,269,77,79,208,273,274,214,280,89,281,283,32,42,241,305,244,245,186,187,252,253,254
259,195,196,262,71,135,267,76,269,77,79,206,147,280,89,281,283,155,99,297,106,112,241,114,176,115,309,182,184,122,252,253,254
69,261,264,73,269,270,271,273,81,85,89,283,94,32,106,109,241,243,116,117,118,249,251,252,253,254
259,196,69,262,263,135,264,269,79,273,274,87,280,89,281,92,97,98,99,106,241,114,243,117,118,123,252,253,254
257,258,69,262,73,74,10,202,269,271,81,275,87,89,281,91,120,231,39,237,109,47,48,243,246,248,185,251
257,258,260,69,262,261,73,74,10,202,269,271,16,81,275,87,89,91,98,231,237,46,109,243,246,248,251
69,70,71,264,265,266,74,267,269,77,79,80,88,217,283,284,289,227,41,50,51,246,119,248,121,253,254
261,69,264,73,75,269,81,84,277,85,278,87,89,92,93,95,248,97,98,104,105,109,111,112,117,120
71,8,202,267,76,77,269,79,80,208,85,21,87,281,283,32,99,166,112,178,244,245,117,187,253,254
69,261,71,264,262,266,269,271,79,81,275,87,88,89,283,106,107,109,241,242,243,121,251,252,253,254,255
256,257,258,260,261,262,69,71,263,264,267,270,271,213,87,89,250,243,245,246,248,249,122,251,318
261,69,133,75,269,271,273,81,85,278,277,87,279,218,92,284,94,95,162,104,170,301,109,114,243,115,117,250,255
261,69,264,267,76,269,81,84,85,278,277,87,89,92,284,97,98,105,109,110,111,112,241,114,51,115,117,246,248,254,255
69,261,264,76,269,79,273,81,275,83,87,282,26,283,106,107,109,241,243,116,117,246,118,249,252,253,254
256,259,69,264,265,267,76,77,269,79,276,280,281,217,283,284,89,289,227,41,106,241,50,243,119,252,253,254
256,257,258,259,260,69,262,261,71,267,269,271,81,213,87,89,109,243,245,248,249,122,252
256,257,258,67,260,261,262,69,71,68,70,267,200,271,79,18,84,86,89,96,121,106,111,243,116,245,117,248,249
256,257,258,322,260,261,262,71,72,73,267,271,16,213,89,34,229,122,243,245,248,249,58,253,318
257,258,260,261,262,69,267,75,76,271,81,275,213,150,87,89,106,243,245,246,117,248,249,122
256,257,258,259,260,261,262,71,69,322,199,267,201,13,271,88,89,93,30,32,34,35,37,44,243,52,245,119,248,249,252
259,195,196,262,71,135,73,74,267,77,206,271,81,275,84,276,147,23,280,86,91,155,294,297,237,176,115,309,246,182,184,122,251
69,262,71,261,73,74,10,202,269,271,16,81,275,276,84,87,89,91,98,231,107,237,109,303,246,248,251
67,68,261,69,200,75,267,271,80,273,209,18,212,21,81,279,88,87,96,121,103,168,106,110,51,118,246,248,249,252,255
256,257,258,259,260,261,262,69,322,267,271,213,87,89,287,230,295,243,115,245,248,249,122,318
257,259,261,262,69,269,271,79,81,84,85,278,87,89,283,92,287,98,230,295,109,243,117,245,248,249,252
256,257,258,259,69,262,71,70,8,267,269,77,79,17,81,21,87,281,89,283,27,287,99,166,295,109,178,244,245,182,253,254
256,257,258,259,260,261,262,71,322,267,271,213,89,91,287,230,295,41,243,245,248,249,122,318
257,258,259,260,69,262,71,73,74,10,267,202,269,271,81,209,275,87,89,91,287,98,230,295,109,246,248,251
257,258,66,260,69,262,261,71,259,264,267,269,271,79,81,87,89,283,295,106,107,241,243,245,248,249,252,253,254
256,257,258,259,260,261,262,71,322,264,267,271,89,287,96,230,295,109,241,243,245,248,249,122,252,318
256,257,258,259,260,261,262,69,71,68,329,267,271,79,86,279,89,121,230,169,106,49,243,116,245,246,311,248,249,188,189
256,257,258,260,261,262,69,71,68,267,269,271,275,86,89,281,39,105,106,47,48,241,243,116,245,248,249,122,252
256,259,69,263,264,267,76,269,77,79,80,273,11,271,81,84,87,280,281,283,99,106,241,243,252,253,254
0,1,68,69,262,261,71,141,271,79,273,19,86,279,88,281,27,94,41,106,110,241,243,116,117,246,121,122,251,254
66,69,262,264,267,76,269,79,80,273,271,81,87,88,89,281,283,91,106,109,241,51,243,117,246,247,252,253,254
66,259,263,74,267,268,76,79,272,80,211,276,280,88,247,31,99,101,109,48,51,246,119,124,125
68,69,262,71,264,329,269,79,271,273,85,86,279,281,283,223,289,39,41,106,241,188,243,116,117,118,189,121,252,253,254
257,258,68,262,70,71,73,74,10,266,271,79,81,275,84,277,86,89,91,313,168,106,237,111,116,117,246,311,121,251
256,257,65,71,263,9,267,76,77,269,79,12,271,274,208,89,281,283,156,32,106,42,244,245,116,252,253,254
320,195,261,69,269,271,272,81,146,212,85,278,277,87,89,92,311,95,98,166,104,109,111,114,51,115,117,118,178,318
256,257,258,260,261,262,69,267,271,81,275,213,87,89,106,107,109,243,116,117,246,245,248,249,122
256,257,258,259,68,262,71,8,70,74,267,269,77,271,79,21,86,89,283,99,164,166,106,111,178,244,245,116,117,121,253,254
256,260,69,262,264,269,79,273,81,85,279,87,281,89,283,98,106,109,46,241,243,116,118,249,252,253,254
68,69,261,71,264,70,11,269,271,79,275,85,86,279,282,121,165,106,174,111,241,243,116,117,246,118,249,253,254
257,260,261,262,69,264,73,75,269,271,273,81,275,84,85,278,87,89,92,288,97,98,109,117,246,118,248,252
257,262,71,8,73,74,267,265,77,269,17,275,21,23,89,283,27,32,99,164,166,40,178,244,245,246,182,251,253,254
258,259,69,263,264,267,11,269,268,79,80,273,279,280,281,87,283,99,106,241,242,243,117,182,252,253,254
68,261,69,262,71,70,269,271,143,79,277,85,278,86,89,92,93,97,100,105,106,109,111,112,114,243,116,117,121
259,68,69,262,133,71,70,264,269,79,271,276,85,86,279,280,281,218,283,165,170,106,174,241,116,246,247,121,252,253,254
256,69,326,71,9,267,76,269,77,79,80,208,214,89,283,32,106,42,110,241,244,245,116,122,187,252,253,254
68,261,69,269,271,81,85,278,277,87,91,92,95,97,162,166,103,105,107,109,174,111,112,114,51,117,184,125,255
259,261,69,264,74,76,77,269,79,80,81,84,85,87,88,89,92,97,98,99,105,109,111,112,114,115,243,117,248,249
256,69,71,8,267,76,269,77,79,80,17,81,21,87,281,89,283,154,27,99,166,109,241,305,178,244,245,182,247,253,254
260,69,262,264,267,141,269,271,80,273,279,88,281,89,165,168,106,300,174,48,241,243,51,117,118,246,248,179,252,254
259,69,262,71,261,73,74,266,268,10,202,271,269,81,16,275,276,87,89,91,98,107,237,109,243,246,248,251
257,258,69,262,71,261,73,74,266,10,202,269,271,16,81,275,87,89,284,98,231,237,109,243,246,248,251,255
256,261,69,264,75,269,143,81,84,277,85,278,87,89,92,93,95,248,97,98,105,109,112,114,115,117,120
261,69,264,75,268,269,81,84,85,277,278,87,89,91,92,93,248,97,98,105,109,114,243,51,117,54,120
257,259,69,262,73,74,10,266,202,270,271,269,81,275,84,87,89,282,91,108,109,114,243,117,246,251
67,68,69,261,262,260,70,263,75,264,71,270,271,269,18,85,86,89,94,96,121,106,243,116,117,118,249,250,251
257,258,69,262,261,200,73,74,10,202,269,78,271,16,81,275,276,87,89,91,98,237,109,245,246,248,249,251
320,318,68,69,261,71,262,264,266,269,271,79,275,86,279,88,89,281,165,39,106,47,241,243,116,246,121,251,254
257,68,69,262,71,267,269,271,273,275,86,279,281,89,39,106,47,48,241,243,116,117,245,119,248,249,122,252,254
69,262,264,269,270,271,79,273,81,85,279,87,119,89,283,32,98,106,109,241,243,117,118,245,249,252,253,254
261,69,264,75,269,271,81,84,85,278,277,87,89,91,92,95,97,98,231,105,109,111,112,114,115,51,117,118,248
257,67,68,261,69,262,70,71,76,270,271,272,79,18,275,82,86,87,89,94,96,121,100,106,111,243,116,117,118,249
260,69,261,262,198,264,269,271,15,273,17,21,87,89,283,225,229,233,234,106,238,241,243,117,118,252,254
257,68,261,69,71,262,264,266,70,263,269,271,79,275,278,86,88,89,279,121,313,106,107,243,116,117,246,249,254
68,326,71,9,267,76,269,77,79,80,208,274,86,279,89,283,95,32,106,42,301,112,244,245,116,187,253,254
65,68,69,325,327,264,269,270,79,271,273,85,279,98,162,290,166,103,107,45,174,114,243,117,118,184,249,59,252,125,254
261,69,264,75,269,271,273,81,84,85,277,278,87,89,92,95,248,97,98,163,104,109,111,242,243,117,118,120
257,67,69,261,262,264,269,270,271,81,18,84,85,86,279,87,89,56,96,97,290,98,104,109,243,116,117,118,246,248,255
261,69,264,266,269,81,277,85,278,88,213,87,283,92,93,95,160,97,105,298,109,237,111,112,49,114,243,117,120,191
257,258,260,69,262,68,5,70,71,267,76,269,77,271,79,86,89,283,121,98,312,100,106,111,188,243,116,245,117,248,249,252,127
260,261,70,71,199,69,266,265,264,201,263,207,271,270,88,280,217,167,231,173,110,53,246,119,121,250,251,189,255
259,69,261,264,8,269,270,79,272,273,85,87,281,282,283,106,108,109,110,241,243,117,246,59,252,253,254
257,66,69,262,261,73,74,10,202,269,271,79,81,16,275,84,276,87,89,91,98,237,109,46,243,246,248,251
68,69,262,71,261,73,74,10,138,203,268,271,272,81,269,275,84,16,86,87,88,282,91,109,243,116,246,249,251
256,259,195,68,72,74,267,76,79,80,81,211,276,19,280,247,94,290,162,100,101,166,103,107,109,174,112,114,119,184,59,125,318
257,258,69,262,71,73,74,10,266,202,268,271,205,81,210,275,209,87,280,89,215,91,231,237,109,242,246,119,251
256,257,259,68,262,71,8,70,74,267,269,77,271,79,21,86,89,283,99,164,166,106,111,243,244,245,116,117,121,253,254,319
256,259,68,261,69,71,74,267,76,269,79,271,144,146,276,85,86,279,283,92,29,95,105,106,110,112,180,244,116,121,188
66,259,263,265,74,267,268,77,79,272,80,211,280,217,284,31,289,99,100,101,102,109,48,50,119,253
69,261,262,264,11,269,271,79,273,81,85,279,87,89,283,32,98,106,109,241,243,116,117,118,249,252,253,254
68,69,262,264,9,75,269,270,79,273,275,86,279,281,90,283,98,99,39,106,47,241,243,116,182,247,253,254
69,262,261,264,269,270,271,79,81,275,84,277,87,89,281,283,249,106,124,241,243,116,117,246,121,126,251,252,253,254
261,69,263,264,266,75,269,81,84,277,85,278,87,89,92,93,95,248,97,98,104,105,106,109,111,116,117,120
68,70,71,73,74,266,267,77,10,271,81,275,84,276,86,216,89,91,290,102,106,46,116,246,247,121,251
256,259,195,196,71,135,74,267,269,77,79,80,206,147,280,281,283,155,91,289,99,41,112,176,115,309,182,248,122,252,253,254
256,259,68,70,7,71,73,74,267,76,77,268,79,80,270,276,84,277,119,280,86,282,91,219,106,109,242,116,117,246,247,121
66,259,68,263,71,74,268,79,272,80,211,86,280,31,95,98,99,100,101,106,109,48,242,116,253,255
192,259,261,326,71,202,267,76,77,269,79,208,85,283,92,32,105,109,112,114,244,245,117,187,62
256,257,69,262,71,8,267,269,77,271,142,81,85,21,87,89,283,98,99,166,168,109,178,244,245,246,118,126,124,253,254
257,258,261,69,262,269,271,273,81,84,85,278,87,89,92,93,98,109,111,112,114,115,51,117,118,248,313,252
68,261,69,262,71,70,264,10,75,269,79,271,85,277,87,86,279,283,28,95,97,165,106,109,188,116,117,121,252,254,255
257,68,261,262,71,69,70,267,141,77,271,79,275,19,85,86,89,94,98,106,110,111,113,116,246,248,121,122,251
257,69,262,261,5,71,269,142,271,79,273,81,212,87,281,89,95,98,109,241,305,243,188,117,118,123,252,253,254,127
262,71,8,267,76,77,269,79,80,142,274,17,275,20,21,119,23,281,279,283,27,157,225,36,164,166,112,178,244,245,246,118,253,254
69,262,263,267,269,142,271,79,273,80,20,279,88,89,281,283,157,225,39,241,243,51,117,118,244,246,123,252,253,254
257,258,260,68,262,70,71,73,74,10,75,270,271,79,81,275,84,86,89,282,91,100,106,237,111,116,117,246,248,121,251
257,69,262,261,73,10,74,266,202,269,271,16,81,275,87,89,91,220,98,231,237,109,243,244,246,248,121,251
259,69,72,265,74,267,264,77,269,79,80,81,146,21,280,281,217,283,284,91,32,289,41,50,243,119,252,253,254
256,257,258,259,69,262,71,8,267,76,269,77,17,81,21,23,87,281,89,283,27,99,164,166,109,178,244,245,182,253,254
258,259,69,261,269,273,81,84,85,278,277,87,89,92,93,95,98,105,108,109,111,112,114,51,243,117,118,180,248,249
256,259,68,67,70,71,74,267,77,269,79,144,18,146,86,280,89,283,96,106,111,112,114,180,117,116,121,253,190,255
69,261,264,330,269,79,271,273,80,81,19,85,279,87,283,106,60,241,243,117,118,309,249,252,253,254
257,258,68,262,71,8,73,74,267,70,269,77,271,79,276,21,86,89,283,99,164,166,106,111,178,244,245,246,116,117,121,253,254
69,261,262,264,74,203,269,271,79,273,272,277,279,87,283,120,165,168,106,174,241,243,116,117,248,249,252,253,254
256,257,258,259,69,326,71,266,267,74,269,77,271,79,208,214,88,89,283,32,42,241,244,245,187,252
69,264,76,268,269,79,80,271,81,276,85,84,87,280,153,282,91,283,106,109,241,243,246,119,182,252,253,254
69,261,262,264,268,269,270,271,79,273,81,85,279,87,283,289,106,241,178,243,116,117,118,242,249,252,253,254
66,259,69,263,264,268,269,271,272,273,79,274,81,87,281,283,98,99,106,241,242,243,118,123,252,253,254
0,1,259,69,72,265,264,267,76,137,75,79,269,141,19,276,280,281,218,247,284,27,94,289,99,100,101,41,106,107,243,119,253,254
257,68,261,262,69,70,71,74,200,76,271,79,85,278,86,87,89,100,105,106,109,111,112,177,243,116,117,246,248,121,251
261,69,269,271,81,84,277,85,278,213,87,89,283,92,93,95,97,98,168,105,298,109,112,243,117,118,120,191
261,69,262,264,267,269,271,80,273,81,85,279,88,283,32,106,109,110,241,243,51,117,118,246,248,252,253,254
330,141,208,144,146,147,155,156,157,158,164,36,167,173,169,298,171,300,301,302,175,304,177,305,307,180,308,310,179,181
2,135,330,143,144,145,146,147,148,18,153,155,157,158,160,161,294,167,296,169,170,299,172,302,175,179,180,184
193,321,203,141,143,146,147,212,149,148,154,158,159,167,169,298,171,172,175,304,305,177,179,180,307,308,114,182,185
330,144,146,147,148,153,154,156,158,292,293,294,296,170,171,172,301,174,175,305,306,307,177,179,310,311,184
330,142,144,147,148,149,150,153,154,155,156,158,167,296,169,298,171,299,170,302,172,174,177,306,175,179,183
141,272,147,149,150,152,153,154,155,157,158,296,169,298,171,300,172,170,301,175,305,177,307,308,306,180
73,10,330,141,81,148,149,156,184,158,292,231,167,170,299,172,237,174,303,175,177,306,307,300,309,310,311,246,179,251
330,142,271,144,145,147,148,149,155,156,158,161,292,295,296,169,298,299,171,170,302,303,172,177,175,307,174,309,310,180,184
330,11,143,145,147,148,149,150,151,22,152,159,32,160,162,164,165,296,169,298,297,168,42,175,304,305,178,307,308,180,309,182
65,10,330,144,145,147,155,156,157,158,160,292,167,231,297,295,171,169,170,173,303,304,177,306,302,175,179,310,311,180,181,251
330,141,147,148,158,292,293,167,169,170,299,300,172,174,303,175,177,305,307,308,309,179,311,184,310
68,261,71,141,269,144,145,273,147,81,149,86,87,88,153,89,156,158,31,160,296,169,298,299,171,173,302,109,305,307,116,118,119,253
198,142,143,144,145,149,281,155,156,157,158,160,161,164,167,296,169,298,171,39,173,302,168,304,177,175,307,180,181,178,308,118
144,145,146,147,148,149,88,153,154,155,156,158,294,167,296,169,298,299,297,172,302,175,176,178,307,180,179,309,184
137,330,141,142,146,147,148,153,155,157,158,292,295,296,169,300,172,302,303,175,305,177,307,308,174,310,179,184
330,141,142,144,145,146,155,156,157,158,160,164,167,296,169,168,171,300,170,302,303,175,177,305,307,178,308,304,179,180
143,144,145,146,147,148,149,153,154,155,158,160,293,294,167,296,169,170,299,298,297,302,175,172,301,174,179
142,143,144,145,146,147,149,155,156,92,311,158,161,295,296,297,298,299,169,171,170,172,175,174,309,310,54
72,73,143,144,145,146,147,148,150,151,152,153,155,159,160,161,162,163,165,294,168,169,170,299,173,302,175,174,182,184,185
141,144,145,146,147,148,149,150,152,153,154,155,156,158,160,294,167,296,169,298,299,300,172,302,175,177,306,179,305,183,184
330,142,144,145,147,148,149,153,154,155,157,158,160,292,296,169,298,171,299,168,170,175,172,174,306,307,180,309,310,183,184
330,141,142,147,148,158,292,293,167,295,170,299,172,300,302,303,174,177,305,307,308,309,310,175,184
128,330,141,142,147,148,277,87,154,158,228,292,167,169,170,171,300,172,299,174,175,305,303,179,307,308,310,184,185,61
330,141,142,150,151,152,156,30,32,35,292,165,167,168,169,300,173,44,303,174,177,305,307,308,309,180,311,184,175,52,182
3,12,144,145,147,149,150,151,152,154,159,160,161,34,162,165,296,169,298,171,299,173,168,43,111,305,112,179,180,175,182,183,184,185
143,144,145,146,147,148,149,153,154,158,159,160,294,167,296,169,298,299,171,173,302,172,174,175,305,179,182,183,184
330,141,142,148,149,157,184,158,299,292,167,169,170,171,172,300,173,174,304,305,177,307,308,180,175,303,179,310
65,143,144,145,146,147,88,155,156,157,158,160,161,167,295,169,297,171,170,173,302,303,304,177,175,178,179,180,181
141,143,144,145,146,147,149,155,29,158,159,160,294,298,299,174,175,304,305,306,307,180,177,310,308,184,179
10,266,141,147,19,149,150,151,152,156,159,292,165,167,168,186,172,237,303,304,177,306,307,305,180,175,311,47,179,182,251,316
2,144,146,147,148,149,153,154,155,156,157,94,93,158,38,296,169,170,171,299,298,302,173,175,307,180,179,308,181,184,61
330,141,142,147,148,150,184,158,292,167,295,169,298,299,172,300,174,171,170,305,177,307,308,309,175,303,179,310
330,142,144,146,147,148,149,88,155,184,158,167,296,297,298,171,170,172,174,175,304,305,306,307,308,180,177,183,178,309,310
73,10,329,74,81,275,147,148,149,154,156,158,292,294,231,167,297,171,172,237,174,303,175,177,306,307,308,179,311,184,251
129,65,330,143,144,145,146,147,153,155,311,157,158,160,296,169,170,173,302,175,304,305,112,307,308,180,179,181
330,141,144,145,146,147,148,153,155,157,158,160,161,294,296,169,170,299,41,173,302,175,300,179,180,181,184
330,141,144,147,149,154,155,157,158,160,161,164,166,167,298,171,172,301,170,173,304,305,177,179,307,175,180,181,185
193,321,203,144,145,146,147,209,149,212,150,151,153,154,158,95,162,165,296,169,298,171,299,168,302,175,114,179,180,50,184,61
68,261,71,269,143,144,145,146,147,148,149,86,87,281,155,31,160,296,169,298,299,171,106,302,110,112,178,180,116,183
141,143,145,148,149,153,154,158,166,295,296,297,167,171,170,172,301,303,174,177,305,307,306,309,310,311,175,179
4,143,144,146,147,211,150,151,152,153,155,29,159,160,99,165,294,295,168,169,170,299,171,302,175,177,179,182,62
330,141,143,144,145,148,149,153,154,184,158,164,167,296,169,298,171,172,302,174,175,305,178,307,180,308,177,179,310
330,142,143,144,145,146,147,148,149,88,155,156,157,29,158,295,296,169,298,299,171,297,302,170,172,301,175,174,180,178,310,184
330,141,142,147,148,150,184,158,292,295,296,169,298,167,172,300,174,170,299,305,177,307,308,309,310,175,303,179
128,130,131,132,133,134,135,136,138,10,140,139,16,285,286,288,289,291,231,122,123,124,126,127
128,130,131,132,133,134,135,136,137,139,140,285,286,287,288,289,290,291,122,123,124,125,126,127
128,129,130,195,132,131,134,135,136,133,138,139,140,19,285,286,288,289,290,291,122,123,124,126,127
128,129,130,131,132,133,134,135,136,138,139,140,286,287,288,289,290,291,122,123,124,126,127
128,130,131,132,5,134,135,133,329,138,10,140,136,139,16,285,286,288,290,231,123,237,122,251,124,125,126,127
128,129,130,131,132,133,135,8,137,138,139,136,140,17,21,23,27,286,287,288,289,124,178,122,123,188,127
128,130,131,132,133,135,136,137,138,139,140,285,286,287,288,289,290,291,122,123,124,125,126,127
128,129,130,131,132,133,134,135,136,137,265,139,138,140,285,286,287,288,289,290,291,33,122,123,124,125,126,127
128,130,131,132,133,134,135,136,137,138,139,140,285,286,287,288,289,290,291,122,123,124,125,127
128,129,130,131,132,133,134,135,136,137,138,139,140,285,286,287,288,289,290,291,122,123,124,126,127
128,130,131,132,133,134,135,136,137,138,139,140,285,286,287,288,289,290,291,122,123,124,125,126,127
128,130,131,132,5,133,135,134,329,138,10,140,73,136,139,81,275,151,285,286,288,290,291,292,231,123,237,246,311,251,126,127
128,129,130,131,132,133,134,135,136,137,139,140,285,286,287,288,289,290,291,122,123,124,125,126,127
128,129,130,131,132,133,134,135,136,137,138,139,140,285,286,287,288,289,290,122,123,124,125,127
128,130,131,132,133,134,135,136,137,139,140,285,286,287,288,289,290,291,122,123,124,125,127
128,129,130,131,132,133,134,135,136,137,138,139,140,285,286,288,289,290,291,122,123,125,127
128,129,130,131,132,133,134,135,136,137,139,140,285,286,287,288,289,290,291,122,123,124,125,126,127
128,129,130,131,132,133,135,136,137,138,139,140,286,287,288,289,290,291,122,123,124,125,126,127
128,129,130,131,132,133,134,135,136,137,139,140,285,286,287,288,289,290,291,122,123,124,125,126,127
128,129,130,131,132,261,134,5,133,136,138,139,137,140,19,285,222,286,288,225,289,290,231,110,122,123,127
128,129,130,131,132,133,134,135,136,137,138,139,140,285,286,288,289,290,291,122,123,124,126,127
128,130,131,132,133,135,136,137,138,139,201,140,217,285,286,287,288,289,290,291,173,122,123,124,125,127
128,129,130,131,132,133,197,135,136,137,138,139,140,285,286,287,288,289,290,44,122,123,124,125,127
128,129,130,131,132,133,134,136,138,139,140,285,286,288,289,290,228,127,125,54,123,124,61,63
128,129,130,131,132,133,135,136,137,138,139,140,212,285,286,287,288,289,290,122,123,125,127
128,130,131,132,133,134,135,136,137,138,139,140,285,286,287,288,289,290,291,122,123,124,125,126,127
128,129,130,131,132,133,134,135,136,138,139,140,285,286,287,288,289,290,291,122,123,124,125,127
128,129,130,131,132,133,134,135,136,138,10,140,139,285,286,287,288,289,290,239,122,123,124,125,126,127
128,130,131,132,133,134,135,136,138,139,140,285,286,287,288,289,290,291,122,123,124,125,126,127
128,130,131,132,133,134,135,136,137,138,139,140,285,286,287,288,289,290,291,122,123,124,125,126,127
320,322,194,324,325,197,327,199,200,9,201,205,208,209,210,212,213,214,215,27,316,313,314,187,188,317,190,191
320,322,194,324,197,327,199,329,202,201,205,207,208,209,210,212,213,215,216,186,187,316,312,313,314,317,188,189,191
192,191,322,194,324,197,199,328,329,202,201,205,207,208,80,209,211,210,213,214,215,216,186,188,314,187,316,190,319
320,322,194,324,325,326,327,319,197,199,203,201,202,205,207,208,209,210,211,212,213,215,216,186,187,316,317,191
192,322,323,324,195,194,199,328,201,260,259,205,208,209,145,210,213,214,215,287,236,315,312,187,188,319
320,322,194,324,325,197,327,199,136,201,202,205,208,209,210,145,213,214,215,187,316,313,314,317,188,189,190,191
322,194,324,325,319,327,200,197,199,72,328,74,201,205,209,210,213,214,215,221,315,316,312,313,314,187,188,317,318,191
322,194,324,197,199,200,329,202,10,327,201,205,207,208,209,210,275,213,215,231,251,188,312,186,187,316,317,191
192,191,322,323,194,197,326,199,200,329,202,201,205,207,208,209,210,213,214,215,216,187,315,188,319
192,322,323,326,199,200,201,327,202,205,207,208,210,213,214,215,217,167,187,315,188,189,319
192,191,322,323,324,195,194,199,328,200,202,203,205,209,210,211,213,214,215,217,315,245,312,313,187,317,318,319
320,191,322,194,324,197,199,200,329,72,201,202,205,78,209,210,213,214,215,216,152,94,187,188,314,317,316,189,190,319
320,322,194,324,325,197,327,200,199,9,201,202,205,207,208,209,210,213,214,215,216,316,313,314,187,188,189,190,191
320,194,324,319,199,327,201,205,207,208,209,210,213,215,217,167,316,189,313,314,187,188,317,190,191
320,322,195,324,194,197,199,200,328,201,202,205,208,209,210,82,213,214,215,94,189,313,314,187,316,317,190,191
320,191,322,323,324,194,3,199,200,328,134,201,205,209,210,213,214,215,221,287,315,51,245,312,314,187,317,318,319
320,318,322,194,324,325,198,199,200,67,197,201,205,78,209,210,18,212,213,215,96,187,313,314,317,316,189,190,191
192,195,324,323,326,68,261,201,69,203,71,269,205,79,208,209,81,210,213,214,86,216,87,88,89,98,106,187,109,116,186,315,188,319
320,192,322,194,324,195,197,327,199,328,201,202,205,207,208,209,210,211,213,214,215,186,316,313,314,187,188,189,190,191
320,191,322,194,324,196,197,199,328,201,202,203,205,207,208,209,210,212,213,215,186,314,187,316,189,190,319
192,321,322,323,324,194,326,199,328,200,202,191,204,205,208,209,210,213,214,215,32,187,312,314,315,188,319
192,322,195,324,323,197,319,194,199,201,202,205,207,208,209,210,211,148,213,214,215,187,176,183,186,315,316,191
320,322,195,324,325,2,194,200,197,199,203,135,201,202,205,207,209,210,208,213,214,215,38,316,314,187,188,189,190,191
192,322,194,324,197,319,195,328,201,199,203,204,205,209,81,211,210,213,214,215,107,188,182,186,187,316,189,318,191
320,322,194,324,5,198,199,327,197,201,202,205,207,208,209,210,213,214,215,314,316,312,313,186,187,188,317,190,191
192,191,194,323,195,196,326,66,197,201,199,203,204,205,209,210,211,213,214,215,216,217,289,41,187,186,315,188,319
320,322,194,324,67,198,327,200,199,201,205,78,209,210,18,212,213,215,96,187,51,246,312,313,314,317,316,189,190,191
192,321,322,195,324,194,197,199,328,329,201,203,202,204,206,205,207,208,210,209,212,213,214,215,313,187,316,190,191
320,321,322,195,324,194,197,199,200,328,201,203,202,205,207,208,209,210,212,213,215,89,186,312,314,187,316,189,190,191
192,191,322,323,194,197,199,200,201,202,205,208,209,145,211,210,213,214,215,216,287,236,315,187,188,319
322,323,324,194,197,199,200,329,202,201,205,207,208,81,210,275,209,213,215,216,237,188,246,312,186,187,316,317,191
192,2,323,196,197,324,319,194,201,68,203,204,205,326,209,210,211,213,214,215,218,290,100,166,103,59,107,53,186,187,188,191
192,320,194,324,197,198,326,327,199,328,201,202,205,207,208,209,210,211,212,213,215,186,188,313,314,187,316,317,190,191
192,321,193,194,196,325,195,324,197,199,201,203,202,204,205,191,208,209,210,211,213,87,215,89,109,186,187,188,61,319
320,321,322,194,324,197,198,199,200,329,328,201,202,205,208,209,210,212,213,215,156,190,188,189,313,314,187,316,317,318,191
322,323,324,194,198,199,200,329,202,197,201,10,205,208,209,210,213,214,215,216,28,305,188,186,187,316,317,191
321,193,195,196,323,324,194,328,197,199,203,201,202,9,77,205,209,210,207,212,213,214,215,208,273,188,187,316,190,191
322,323,324,194,199,200,73,329,202,10,201,205,81,210,275,209,213,215,216,231,40,42,237,187,177,251,188,189,191
191,322,194,324,197,198,199,200,328,201,202,205,208,209,210,275,213,214,215,315,316,312,314,187,188,317,318,319
318,321,322,323,324,194,197,199,200,328,201,203,202,205,191,207,208,209,210,213,215,315,312,186,187,316,317,190,319
320,322,194,324,197,327,200,199,201,202,205,207,208,209,210,213,214,215,25,47,189,313,314,187,316,317,190,191
320,321,322,193,324,325,194,199,200,197,201,203,202,205,207,208,209,210,212,213,215,60,314,187,316,189,190,191
320,321,322,67,324,325,194,199,200,197,198,203,201,205,209,210,18,212,213,215,159,96,34,189,187,316,317,190,191
192,191,194,323,196,195,324,197,199,201,328,203,202,205,207,208,209,210,211,213,214,215,216,188,186,187,316,319
192,194,323,324,197,326,319,199,201,202,203,204,205,207,208,209,210,211,148,213,214,215,176,316,183,186,187,188,191
191,322,323,324,194,326,198,200,199,197,328,201,205,209,210,211,213,214,215,94,187,316,313,315,188,317,319
320,194,322,324,325,197,327,199,201,202,203,205,208,209,210,212,213,215,104,317,301,52,313,314,187,316,189,190,191
320,322,194,324,325,327,199,9,201,205,208,209,210,213,214,215,98,316,313,314,187,188,317,318,191
322,194,324,197,326,199,200,329,202,201,205,207,208,209,210,275,213,214,215,216,231,237,187,188,312,186,251,316,191
318,0,322,323,324,194,3,327,328,200,325,12,205,206,209,210,213,214,85,215,223,289,187,60,188,312,314,315,316,190,319
322,194,324,197,199,200,329,10,327,202,201,205,207,208,209,210,275,212,213,215,216,231,316,312,186,187,188,317,191
191,322,323,324,194,197,199,200,329,73,202,10,201,205,207,208,209,210,275,212,213,214,215,216,237,312,186,187,188,319
192,322,194,324,319,197,327,200,199,328,201,202,205,207,208,209,210,213,214,215,315,188,312,186,187,316,317,318,191
320,191,322,194,324,325,197,327,199,329,201,202,205,207,208,209,210,213,214,215,283,316,312,313,187,188,317,190,319
320,321,192,194,324,196,319,197,328,199,201,203,202,205,206,207,208,209,210,212,213,214,215,216,316,186,187,188,190,191
320,322,194,324,5,197,327,199,329,201,202,205,207,208,209,210,213,214,215,186,54,312,313,314,187,316,317,190,191
320,322,194,324,197,327,199,201,202,205,207,208,209,210,212,213,214,215,237,189,313,314,187,316,317,190,191
320,194,322,324,325,196,327,197,199,201,203,202,205,207,208,209,210,212,213,215,186,316,313,314,187,188,191
192,322,323,324,194,199,329,202,201,75,205,76,208,145,210,209,213,214,150,216,215,287,236,315,186,187,188,319
192,322,323,324,194,326,328,200,201,202,205,208,209,210,275,213,214,215,39,47,48,315,185,314,187,188,319
191,322,323,324,194,197,199,200,328,329,201,202,205,207,208,209,210,213,214,215,216,315,312,187,188,189,190,319
320,322,194,324,197,327,199,201,202,205,207,208,209,210,213,214,215,279,187,316,313,314,317,188,189,190,191
192,191,322,323,324,194,326,328,201,202,205,208,209,210,213,214,215,216,279,32,187,188,182,314,315,316,189,319
192,322,323,324,194,326,199,200,67,202,205,208,209,18,210,213,214,215,216,282,96,187,315,188,189,319
192,193,128,323,196,324,326,321,194,202,203,204,205,206,208,209,210,213,214,215,22,123,187,315,188,319
320,322,194,324,325,197,327,199,329,201,202,205,270,15,208,209,210,213,215,126,187,312,313,314,317,316,189,318,191
192,193,321,195,323,196,194,66,199,201,191,203,205,209,210,211,275,213,214,215,216,217,172,313,186,187,188,189,319
320,318,322,191,324,194,197,199,200,327,328,201,202,205,207,208,209,210,213,215,300,312,314,187,316,317,190,319
320,194,324,325,198,327,197,199,201,203,202,205,207,208,209,210,212,213,215,216,186,313,314,187,316,317,190,191
320,321,193,194,324,325,196,197,199,201,202,203,204,205,207,208,209,210,212,213,215,89,313,187,316,317,190,191
320,322,323,324,194,197,199,200,329,328,201,202,205,209,210,213,214,215,156,188,189,312,313,314,187,316,317,190,191
322,194,324,197,326,199,200,329,202,327,201,205,207,208,209,210,275,213,214,215,216,231,186,188,312,314,187,316,317,191
322,323,324,319,194,195,200,329,202,73,199,201,205,208,81,210,275,211,213,214,209,216,215,237,187,188,189,318,191
320,322,194,324,325,197,327,326,199,201,202,205,208,209,210,212,213,214,215,216,187,53,118,313,314,317,316,189,190,191
320,321,194,324,325,196,197,199,201,202,203,205,207,208,209,210,212,213,215,216,186,313,314,187,316,317,190,191
320,194,324,325,196,327,197,199,201,203,202,205,206,207,208,209,210,212,213,215,216,186,313,314,187,316,190,191
192,321,193,323,195,196,194,67,197,201,199,203,191,205,78,208,209,210,211,18,213,214,215,216,217,282,96,187,188,189,319
192,193,191,323,196,325,195,324,194,201,327,203,328,199,205,208,209,210,145,213,214,215,287,236,187,315,188,319
320,322,194,324,199,327,201,205,207,208,209,210,213,214,215,217,121,167,117,316,313,314,187,188,189,190,191
192,322,323,195,194,326,199,200,201,9,202,205,208,209,210,211,213,214,215,216,217,187,315,188,319
