0,128,1,131,2,5,6,133,266,11,13,22,27,28,30,32,34,35,37,167,170,43,44,45,46,52,54,313,314,59,317,64,66,70,199,329,201,207,88,89,218,222,95,229,230,231,232,233,234,238,127
256,260,5,262,135,261,7,138,267,269,14,275,28,31,34,38,46,48,56,61,318,319,323,324,68,69,70,200,73,202,328,71,79,80,81,84,213,214,86,216,87,88,219,89,221,225,97,98,106,236,237,109,244,116,248,121,122
0,129,130,3,5,134,6,136,9,137,10,14,16,17,18,148,22,24,154,289,291,293,166,167,42,43,172,175,50,179,58,187,188,317,63,320,321,324,198,327,328,219,220,222,224,225,226,233,234,236,238,127
256,257,258,3,260,131,262,6,7,267,11,12,14,16,22,287,31,32,34,288,163,38,295,297,42,46,47,48,50,53,312,57,56,315,60,317,318,319,61,322,323,324,67,200,328,205,213,89,219,221,225,229,230,236,240,245,248,122
128,5,6,266,140,13,20,22,23,30,32,33,34,35,36,37,40,43,44,173,45,49,51,52,53,54,313,314,57,189,62,64,66,199,200,201,327,71,81,215,88,218,222,224,228,230,231,234,237,239,121
256,1,258,3,4,131,9,10,12,14,16,275,22,24,281,25,28,34,39,297,42,43,47,55,312,313,314,58,316,317,318,319,190,315,322,323,324,63,198,200,328,81,213,89,223,225,229,231,233,239,118,248,249,122
0,129,2,5,6,9,13,14,24,27,30,32,37,293,40,43,44,45,46,48,50,51,52,54,313,57,187,317,62,64,66,195,198,327,329,222,224,228,230,231,105,234,237,238
0,128,1,5,13,141,15,16,17,275,19,21,20,23,281,26,27,30,32,33,163,37,168,41,42,44,45,46,48,51,54,313,314,187,316,317,64,321,66,323,324,198,327,326,200,210,214,219,222,94,225,229,233,234,238,110,244
0,128,2,130,6,134,136,9,10,12,16,17,20,148,22,23,24,27,28,289,35,293,166,167,40,42,43,172,46,175,50,179,55,313,58,187,317,63,320,66,198,327,220,222,224,226,232,233,234,238,239,127
128,0,3,5,8,13,142,19,20,279,281,26,157,30,33,39,41,42,43,46,175,48,50,178,182,54,56,313,314,58,316,59,190,64,65,66,195,197,198,201,204,79,85,218,222,223,224,227,230,231,233,234,238,118,253
128,129,1,5,135,13,147,278,23,155,30,32,37,297,43,44,45,176,51,52,54,182,184,57,321,66,195,196,323,203,206,209,212,85,214,215,222,224,228,230,231,232,105,234,235,237,240,114,115,244,122
256,257,258,131,260,5,129,262,0,1,13,16,17,19,22,23,27,30,287,288,32,34,33,35,37,42,43,44,52,312,315,318,319,63,64,322,324,199,200,201,213,215,89,218,221,222,229,230,231,232,233,234,236,238,245,248,122
256,258,259,260,5,13,20,30,287,32,33,34,36,37,295,40,43,44,45,51,52,54,57,315,318,62,319,64,322,66,323,324,200,221,222,224,225,228,229,230,231,105,234,236,237,238,248,122
1,4,5,9,138,10,266,14,15,16,18,275,22,25,26,28,34,37,42,43,46,54,311,312,314,58,59,189,63,66,199,200,73,329,74,201,202,81,213,215,218,222,224,230,231,233,234,237,238,239,251
128,129,2,3,132,5,6,0,1,8,138,12,13,142,16,17,19,277,22,23,27,285,30,32,33,34,35,37,42,44,46,52,309,54,56,185,59,63,64,321,193,199,201,203,210,212,218,222,227,228,229,231,232,234,238,240,121
128,0,130,3,132,5,131,6,136,1,4,11,12,16,17,19,22,24,26,27,28,285,34,39,42,43,47,175,55,313,314,189,63,66,198,199,201,329,207,218,222,223,224,227,100,101,230,231,233,234,238,239
128,0,5,6,9,13,21,24,30,32,37,293,40,43,44,45,46,48,50,51,52,54,56,313,314,187,57,317,62,189,64,66,198,327,199,200,201,210,222,224,228,230,231,105,234,237,238
128,0,5,266,138,13,142,275,20,157,30,32,37,39,43,44,45,174,175,49,50,51,52,178,54,313,314,189,64,66,195,196,198,199,327,201,200,207,208,81,210,214,215,222,224,225,228,230,231,233,234,235,237
256,129,2,131,5,6,7,267,145,287,31,34,37,38,295,43,46,48,50,53,54,312,56,57,315,60,317,318,319,61,322,67,324,200,328,72,213,218,219,221,222,225,97,229,230,233,234,236,238,122
256,5,135,138,10,266,13,16,275,20,30,32,160,33,36,37,43,44,45,46,49,51,52,53,54,311,319,64,66,323,199,200,73,329,74,202,201,207,81,222,224,228,230,231,105,234,233,235,237,238,239,251
0,128,5,6,136,9,10,16,17,18,24,27,37,293,43,46,50,54,313,314,187,60,189,317,58,320,321,66,59,198,327,329,201,210,218,220,222,224,226,229,230,231,233,234,238,239,127
0,1,3,4,5,6,10,138,140,266,12,11,16,15,17,275,22,24,26,27,28,34,163,39,42,43,46,47,55,311,313,58,189,63,199,200,329,202,73,201,81,222,223,229,231,232,233,234,237,238,239,251
128,129,1,132,5,6,7,13,19,278,154,285,31,32,162,38,43,46,48,50,51,52,53,54,56,57,60,61,321,66,195,196,323,67,206,209,210,83,212,215,222,230,105,234,235,111,240,112,114,115,117
259,261,262,263,264,269,270,273,274,275,276,279,281,282,283,32,69,73,75,77,79,81,84,87,89,120,92,97,98,99,106,107,123,109,110,241,242,243,244,246,248,249,251,252,253,254
130,259,261,5,263,264,265,268,269,141,271,272,274,278,280,283,300,305,313,188,65,68,69,73,74,75,81,84,85,87,88,89,92,248,121,98,97,106,107,123,109,110,111,242,243,244,117,120,249,251,127,254,255
261,264,269,273,275,276,278,279,281,283,32,313,69,73,75,79,81,84,85,87,88,89,91,120,92,94,121,98,97,100,101,104,106,107,109,110,111,241,242,243,244,117,248,249,250,251,252,253,254,255
256,259,263,8,265,269,17,274,275,276,21,278,22,280,281,283,284,27,32,166,42,178,182,187,192,69,326,71,72,202,77,79,208,81,214,119,87,216,99,100,107,109,110,241,114,243,244,245,247,253,254,255
256,257,258,259,260,261,262,263,5,136,266,267,268,269,9,274,276,278,22,283,32,42,305,187,188,192,69,326,71,74,202,76,77,330,208,81,213,214,87,89,98,100,106,109,114,243,244,245,246,248,249,123,254,127
256,257,259,261,262,263,264,10,267,268,269,271,16,275,276,278,280,283,51,68,69,198,71,73,74,202,77,80,81,86,119,88,87,89,91,98,100,249,103,106,107,109,111,243,244,116,246,247,248,121,251,254
256,257,258,259,261,262,263,7,265,268,269,15,274,275,276,278,279,280,283,284,291,65,68,70,71,72,73,74,76,77,79,84,86,87,89,247,91,219,93,95,99,100,101,105,106,107,110,111,242,244,116,246,119,117,121,253,254
261,264,265,266,269,270,274,275,281,283,32,69,72,73,75,77,79,81,84,85,87,89,91,92,120,94,93,97,98,104,106,107,109,110,111,241,242,243,244,117,114,248,249,250,251,252,253,254,255
256,257,258,131,260,261,262,264,267,269,270,271,275,276,282,283,34,310,312,318,319,322,324,69,200,73,75,81,84,213,87,89,120,97,98,107,109,110,242,243,245,248,249,122,251,254
260,261,135,264,263,269,270,275,277,278,283,68,69,73,75,81,84,85,87,88,89,91,92,93,94,95,248,97,98,100,104,107,109,111,112,114,243,115,117,242,120,249,250,251,252,253,254,255
259,260,261,262,263,264,268,269,270,271,16,275,278,283,311,313,69,73,329,74,75,202,81,84,87,88,89,91,120,92,94,97,98,231,106,107,109,110,242,243,244,117,246,248,249,250,251,254,255
259,263,264,265,268,269,273,274,275,276,280,281,283,284,32,289,41,302,304,50,308,182,65,66,69,72,328,77,79,80,81,87,217,89,90,98,227,100,101,103,106,107,109,110,241,243,244,119,252,253,254,255
259,261,263,264,265,268,269,274,275,276,279,280,283,284,32,289,41,302,50,182,65,66,69,72,76,77,79,81,87,217,90,247,89,98,99,100,101,227,106,107,109,110,241,114,243,244,119,248,252,253,254,255
259,261,263,264,265,267,268,269,273,274,275,276,279,280,281,283,284,39,47,48,51,182,185,65,68,69,70,71,72,77,79,80,86,119,87,88,99,100,103,106,107,111,241,243,244,116,246,247,117,121,252,253,254
256,259,261,263,264,265,266,268,269,276,278,280,283,284,190,68,69,325,72,73,74,75,76,77,81,84,86,87,88,89,247,91,92,94,120,97,98,100,101,105,107,109,112,243,115,116,119,248,249,252,253,254,255
256,261,264,266,268,269,143,271,273,277,278,279,281,283,32,69,73,75,79,81,84,85,87,89,93,94,248,97,98,100,249,104,106,107,109,111,241,242,243,244,117,120,121,250,251,252,253,254,255
256,257,258,259,260,261,262,1,265,267,268,13,271,276,20,278,22,283,30,32,33,34,35,36,37,167,44,45,52,312,57,318,319,64,322,69,199,200,73,74,201,81,213,88,89,93,229,106,243,244,245,248,249,122,251,254,255
256,257,258,1,260,261,262,265,267,269,13,276,20,278,22,281,283,30,32,34,35,36,37,167,44,45,180,52,312,57,318,319,62,64,322,69,199,200,73,201,81,213,88,89,93,229,243,244,245,117,248,249,122,251,254
256,257,258,259,260,261,262,131,264,267,269,276,278,283,287,295,312,318,319,322,324,69,73,75,81,84,213,87,89,97,98,230,106,108,109,111,242,243,244,245,117,248,249,122,251,254
256,257,258,131,260,261,262,267,269,273,274,275,276,281,282,283,34,39,47,48,310,312,185,315,318,319,322,324,68,69,71,200,73,81,213,86,87,88,89,225,230,109,116,245,247,248,249,122,253
257,258,259,261,262,264,265,268,269,271,273,276,278,279,280,281,283,32,69,73,75,79,81,84,85,87,89,120,93,94,121,98,97,100,101,104,106,109,110,112,241,242,243,244,117,248,249,250,251,252,253,254,255
256,257,258,259,260,261,262,131,264,265,267,268,269,271,276,278,283,310,318,322,324,69,73,203,75,81,84,213,87,89,120,97,98,109,110,112,242,243,244,245,246,117,248,249,122,251,254
256,257,259,260,263,264,265,266,268,269,270,272,273,275,276,278,280,281,25,283,31,47,48,65,66,69,72,73,74,77,80,81,211,119,87,89,98,99,101,232,107,123,109,241,114,244,125,247,250,251,124,253,254
259,260,261,263,264,268,269,270,273,274,275,278,279,281,283,32,313,69,73,75,79,81,84,85,87,89,120,93,96,97,98,249,104,106,109,110,241,242,243,244,248,121,250,251,252,253,254,255
256,259,261,263,264,265,268,269,276,279,280,283,284,289,41,302,50,182,65,66,68,69,70,71,72,74,76,77,79,213,86,87,217,90,247,98,227,100,101,103,105,106,107,111,112,243,244,117,116,119,121,253,254,255
256,2,259,261,263,265,266,268,269,275,276,278,283,160,35,36,173,49,53,313,189,62,69,70,199,71,73,74,201,75,77,207,81,84,87,88,217,89,92,94,248,97,98,237,109,114,243,244,120,121,254,255
256,257,258,259,260,261,262,131,267,269,276,278,280,283,287,34,297,51,310,312,184,318,319,322,324,68,69,328,73,80,81,213,86,87,88,89,225,97,103,109,116,245,246,248,249,122,254
256,259,261,263,264,265,268,269,271,272,276,278,280,283,284,31,48,65,66,69,72,73,74,75,76,77,81,211,84,87,89,92,248,97,98,99,100,101,232,105,107,109,112,242,243,244,119,120,249,124,125,254,255
256,259,261,263,264,265,11,268,269,274,275,276,278,280,281,283,32,163,39,42,47,48,307,185,187,192,65,69,326,71,72,330,202,76,77,208,214,247,98,100,101,106,107,112,114,243,244,117,245,119,121,253,254,255
256,257,258,259,260,261,262,131,263,264,267,269,270,271,274,275,282,283,312,318,319,322,324,69,200,73,75,81,84,213,85,87,89,97,98,122,109,110,242,243,245,117,248,249,250,251
256,259,261,262,263,264,265,267,268,269,142,271,272,276,278,283,284,177,65,323,69,200,73,74,75,81,84,85,87,88,89,91,120,92,97,98,100,101,106,107,109,112,242,243,116,246,248,249,251,252,253,254,255
256,259,261,263,265,268,271,272,276,278,280,283,284,31,168,48,65,66,68,69,70,71,72,74,76,77,79,81,211,86,87,91,95,99,100,101,232,105,106,107,111,242,243,116,117,246,119,121,122,124,125,254,255
261,262,263,264,269,270,273,274,275,276,278,279,280,281,283,176,304,308,316,65,68,69,71,328,73,77,79,80,81,86,87,88,89,94,248,98,99,101,106,109,111,241,114,243,244,117,246,247,118,116,252,253,254
256,0,259,263,265,268,269,142,273,274,19,276,20,279,280,281,283,284,157,32,165,39,42,175,178,182,187,192,65,66,326,72,74,76,77,78,208,82,83,214,90,94,96,225,99,100,101,102,103,227,107,108,110,113,244,118,247,253,254
261,263,265,266,269,270,16,273,274,275,276,281,282,283,36,39,172,47,48,185,316,189,65,194,323,68,69,71,200,73,328,202,329,205,79,81,209,210,85,86,87,88,215,94,109,110,111,241,243,244,116,246,247,248,251,253
256,259,261,262,263,7,265,268,269,272,276,278,279,280,282,283,284,289,168,65,68,69,70,71,72,73,74,76,77,79,81,84,86,87,89,247,91,219,95,99,100,101,105,106,107,109,110,111,112,114,244,116,117,119,121,253,254
261,264,266,269,270,275,277,278,283,313,68,69,71,72,73,75,81,84,85,86,87,88,89,91,92,93,94,120,121,98,97,100,104,106,107,109,110,111,112,242,243,116,117,244,115,248,249,250,251,252,253,254,255
0,1,261,263,264,269,141,275,19,277,278,281,283,27,313,185,69,73,75,81,84,85,87,88,89,92,94,248,97,98,100,104,105,107,109,110,111,112,114,243,115,117,244,242,120,249,250,251,255
0,3,261,262,263,264,137,268,269,270,271,142,274,275,20,278,279,281,282,283,157,162,165,39,170,301,175,178,313,65,68,69,70,71,75,79,81,210,84,86,218,225,98,227,121,104,106,110,242,243,244,117,116,118,248,249,251,253,254
259,261,264,265,268,269,273,276,278,279,280,281,283,32,69,73,75,79,81,84,85,87,216,89,92,248,97,98,100,101,104,106,109,110,111,112,241,242,243,244,117,119,120,249,250,251,252,253,254,255
0,257,259,3,261,262,263,133,265,264,137,268,269,142,274,275,276,20,278,279,281,283,285,157,159,165,39,174,47,175,48,178,182,185,65,69,198,73,204,81,223,225,98,227,106,110,111,241,242,243,244,117,245,118,251,124,253,254,255
259,261,262,263,265,269,270,271,272,273,274,275,276,279,280,281,282,283,177,65,323,68,69,70,71,200,73,76,79,81,86,87,92,94,95,121,98,99,100,101,105,106,108,109,110,111,112,241,242,243,244,117,116,248,249,251,253,254
256,259,261,263,264,265,11,268,269,274,275,276,278,22,280,283,32,42,307,187,191,192,69,326,71,72,330,202,76,77,208,213,214,119,87,98,99,100,101,106,107,112,241,114,243,244,245,247,251,252,253,254,255
259,261,264,265,269,273,276,278,279,281,26,283,284,32,182,313,191,68,69,73,75,79,81,84,85,87,89,248,121,98,97,100,101,106,107,109,110,112,241,242,243,244,117,120,249,250,251,252,253,254,255
128,129,130,131,132,133,134,135,136,137,138,139,140,12,266,16,275,22,23,281,285,286,287,288,289,290,291,163,160,168,56,66,198,85,222,234,122,123,124,125,126,127
128,129,130,131,132,133,134,135,136,137,138,139,140,12,265,22,23,285,286,287,288,289,290,291,42,299,172,46,56,66,195,198,122,123,124,125,126,127
128,129,130,131,132,3,134,135,136,137,138,139,140,133,267,141,5,285,286,287,288,289,290,291,34,295,300,324,200,220,225,98,122,123,124,125,126,127
128,129,130,131,132,133,134,135,136,137,138,139,140,5,147,278,23,285,286,287,288,289,290,291,163,46,313,314,188,66,195,98,238,122,123,124,125,126,127
128,129,130,131,259,133,132,135,136,137,138,139,265,134,140,276,284,285,286,288,289,290,291,178,192,66,195,72,86,121,100,101,116,119,253,122,123,124,125,126,127
128,129,130,131,132,133,134,135,136,137,138,139,140,23,285,286,287,288,289,290,291,293,166,46,56,59,65,66,68,218,103,233,107,122,123,124,125,126,127
128,129,130,259,131,5,132,135,133,137,138,139,268,134,136,140,285,286,287,288,289,290,291,31,48,57,192,66,195,323,200,74,207,209,211,214,99,232,247,122,123,124,125,126,127
135,142,143,144,147,148,149,153,154,155,158,292,293,164,167,296,169,170,299,172,294,174,175,303,298,306,307,308,179,310,311,178,184,180,309,166,330,295,171,177
141,142,147,148,149,150,153,154,157,158,292,293,294,167,296,166,298,299,172,301,300,175,171,177,306,179,308,307,178,174,184,310,305,330,295,297,170,303,176,304
141,142,143,144,146,147,148,149,150,153,154,155,157,158,160,161,293,294,165,296,167,170,299,172,300,174,175,301,302,306,307,308,178,179,305,180,181,184,330,297,298,171,173
256,257,258,260,4,262,267,142,144,145,148,149,153,154,155,283,158,287,34,292,166,295,168,297,167,170,299,172,171,175,303,174,177,307,308,309,310,179,312,184,180,315,318,319,322,324,200,330,213,89,221,236,110,248,122
142,143,144,146,147,148,149,153,154,155,157,158,160,161,293,294,167,296,169,298,299,172,300,302,175,174,176,178,307,308,180,306,55,184,183,177,179,181,330,82,297,170,171,173,301
256,257,143,144,145,148,149,154,155,156,157,158,160,161,34,164,293,294,295,296,297,298,169,299,300,302,175,304,170,178,307,180,309,310,311,312,308,179,181,319,167,330,213,88,172,173,301,248,122
142,143,144,146,147,148,149,153,154,155,157,158,160,161,164,293,294,167,296,169,298,170,299,42,302,175,304,174,178,307,180,308,306,183,184,177,179,181,310,330,171,172,173
141,142,143,144,146,147,148,149,153,154,283,155,157,158,160,164,293,294,292,296,166,170,299,172,298,302,175,174,303,178,307,308,306,180,183,184,177,309,310,179,167,330,295,171,300,173,126
141,142,144,146,147,148,149,150,152,153,154,155,157,158,160,292,293,165,294,296,169,298,299,300,301,302,175,172,177,306,307,308,305,178,309,184,180,179,310,166,167,330,170,171,99,174,303,304
129,1,144,18,146,148,149,279,154,155,156,157,158,160,161,163,164,293,294,167,296,169,170,171,172,301,302,175,47,305,178,307,308,179,304,180,181,321,71,330,168,212,85,297,90,94,173,104,114,250,124
2,4,265,143,144,146,147,148,149,153,154,155,156,157,158,160,161,289,164,293,167,296,41,298,299,172,169,302,47,48,170,178,307,180,301,182,55,175,304,179,181,190,65,66,67,330,214,297,171,223,173,174,255
52,142,143,145,146,147,148,149,153,154,158,30,32,35,292,293,294,167,296,166,170,299,172,295,302,175,303,174,306,307,308,180,310,311,178,184,177,179,309,183,68,330,171,44,231,239,305
4,142,143,144,146,147,149,155,27,157,158,156,29,159,160,161,164,36,167,296,169,298,43,300,173,302,175,304,47,178,307,180,308,306,309,184,55,179,181,59,318,197,330,207,208,170,172,301,110
5,141,142,143,144,146,147,148,149,153,154,155,157,158,160,161,165,293,167,296,170,299,300,172,302,175,47,305,178,306,308,307,180,179,311,184,181,309,186,330,171,98,173,301,174,117,127
141,142,144,146,147,148,149,150,152,153,154,155,157,158,160,161,164,293,165,167,296,169,298,299,300,172,166,175,304,177,306,307,308,179,305,178,310,180,184,292,294,330,82,170,171,174,47,303
141,142,143,144,146,147,148,149,153,154,155,157,158,160,164,165,294,292,296,293,170,299,172,300,302,175,298,304,178,307,308,306,309,180,184,177,310,179,166,328,167,330,295,171,174,303
141,142,143,144,146,147,148,149,153,154,155,157,158,160,164,292,294,167,296,169,170,299,300,172,302,175,298,174,306,307,308,178,309,180,184,177,310,179,166,328,330,295,171,303,304
141,142,143,144,146,147,148,149,153,155,157,158,160,161,164,292,294,167,296,169,170,299,298,172,174,175,300,302,178,307,308,309,306,180,184,305,310,179,181,328,330,295,297,303,176
141,142,143,144,145,148,149,150,153,154,155,158,160,34,292,293,164,295,296,297,169,299,172,294,174,303,175,177,306,307,308,309,310,304,179,184,180,166,167,330,213,170,171,300,248
10,138,11,140,142,16,144,146,275,147,148,149,23,153,154,155,28,156,157,158,160,161,34,292,293,167,169,170,43,171,172,46,303,173,177,174,175,180,49,178,311,179,181,323,200,73,329,202,74,330,81,213,231,237,239,242,246,251
256,206,207,34,186,312,313,314,315,316,187,188,317,318,319,322,323,324,189,191,199,200,328,329,203,202,327,192,201,204,209,210,194,205,213,214,215,195,208,212,216,197,198,103,248,249,122
259,263,205,268,272,31,48,189,313,186,187,188,317,190,314,192,316,66,195,323,196,197,191,200,194,74,202,203,198,206,207,208,209,201,211,204,213,214,210,212,215,216,232,199,328,124,126
204,5,205,206,207,186,60,313,314,187,316,317,189,190,188,193,320,191,324,197,323,327,200,201,199,319,326,198,192,318,208,209,210,211,194,213,214,215,195,212,216,328,202
256,257,258,260,262,13,22,30,287,32,34,35,37,44,52,312,315,188,187,318,319,192,191,322,323,324,194,197,71,200,328,326,199,201,202,205,208,209,210,213,214,215,89,221,225,229,230,236,245,248,122
204,205,162,165,189,312,313,186,314,188,187,316,317,192,190,319,323,324,197,326,196,328,195,200,199,318,202,206,329,208,209,207,211,194,213,214,210,216,212,215,191,96,201,76
256,14,34,186,189,312,314,315,316,317,318,319,192,187,322,323,324,188,326,199,200,328,201,191,197,202,205,206,208,209,194,207,210,213,214,215,195,217,212,216,221,225,230,236,248,122
256,257,258,260,262,156,34,36,164,186,169,181,312,314,187,315,316,318,319,192,317,322,323,324,191,326,320,328,200,194,195,197,199,201,202,208,209,205,211,207,213,214,215,81,89,210,212,216,225,245,248,122
256,206,207,34,186,189,312,313,314,187,316,317,318,319,315,190,322,323,324,194,326,327,200,328,202,329,199,191,192,201,208,209,210,204,205,213,214,215,195,212,216,197,198,248,249,251
205,206,207,186,189,312,313,314,187,316,317,190,318,320,192,321,191,188,324,326,327,198,199,328,203,204,197,200,201,208,209,210,211,194,213,214,215,195,212,216,202
128,132,17,19,278,28,290,166,171,174,313,314,187,316,317,185,191,320,321,193,195,324,196,198,323,328,194,68,203,197,199,206,201,202,209,210,204,212,85,205,215,207,208,213,90,95,234,107,238,111,114,115,117,125
256,257,258,260,262,13,30,32,34,35,37,44,52,312,314,315,187,317,318,319,316,186,322,323,324,191,326,194,200,328,202,197,199,201,327,205,207,209,208,210,211,213,214,215,212,89,216,217,221,225,236,245,248,249
204,5,205,138,206,207,312,313,314,187,316,317,318,319,189,186,194,323,324,322,326,327,200,329,202,199,197,328,191,192,208,209,210,193,212,213,214,215,195,211,216,198,231,201,251
204,207,34,186,189,312,313,314,187,316,317,190,318,319,315,322,323,324,194,326,199,200,328,327,198,202,203,201,192,208,209,210,205,206,213,214,215,195,212,216,94,191,197
204,135,206,207,277,278,179,54,313,314,187,186,61,189,191,192,193,194,321,196,325,324,323,200,327,328,203,195,197,199,201,202,209,210,205,212,213,214,87,215,208,216,93,97,228,198,326,109,111,120,255
256,259,32,289,190,53,189,186,187,188,315,316,317,192,319,314,323,195,324,326,318,328,200,202,197,204,191,206,207,208,209,194,211,205,210,214,212,213,215,216,198,199,235,244,201,122
204,205,206,207,186,312,313,314,187,316,189,190,191,317,193,188,319,324,325,197,199,327,200,201,329,202,326,318,198,208,209,210,211,194,213,214,215,322,195,323,212,216,192,65,328
155,156,307,308,309,189,313,186,314,188,187,316,317,192,190,319,323,196,195,326,197,328,324,202,200,318,205,206,207,208,209,204,211,194,213,214,215,216,210,94,191,199,201,122,330
129,204,5,138,11,16,26,28,312,313,314,187,316,188,189,319,191,186,192,194,195,197,198,327,200,329,202,73,203,199,328,201,208,81,205,211,206,213,214,207,216,209,210,212,215,90,231,104,237,239,251
256,259,261,263,264,265,266,268,269,271,275,276,278,283,41,177,54,323,69,200,73,74,75,77,81,84,85,87,88,89,91,120,92,94,121,98,97,100,231,107,109,111,242,243,244,117,246,116,248,249,251,254,255
256,261,262,264,266,10,138,269,16,275,277,278,280,283,37,44,311,69,71,200,73,74,202,75,81,84,87,88,89,91,120,93,94,92,121,97,98,231,107,237,109,239,242,243,246,119,248,249,251,254
259,261,264,266,268,269,271,16,275,276,277,278,283,48,69,73,74,75,202,81,84,85,87,88,89,91,120,93,94,92,121,98,97,100,231,104,106,107,109,242,243,246,248,249,250,251,252,253,254,255
0,3,5,134,135,8,10,138,140,12,16,275,19,22,23,33,34,37,39,43,46,52,54,311,312,183,58,59,319,64,66,323,199,200,329,73,202,201,81,218,222,224,227,230,231,232,233,234,237,238,239,120,251
0,1,3,5,8,11,12,15,16,17,21,22,23,24,26,27,28,29,159,33,34,163,38,39,41,42,46,47,48,55,313,314,59,316,187,317,58,64,320,65,318,324,63,198,326,204,223,225,227,232,234,110,238
0,129,1,131,3,4,6,9,10,11,12,13,14,15,16,145,18,17,22,23,25,26,28,30,161,34,35,289,39,40,297,42,43,46,50,310,312,313,185,58,60,318,63,320,324,213,220,223,226,229,232,234,238,248,122
0,129,2,5,6,135,9,267,17,145,24,27,287,293,37,295,43,46,50,54,313,314,187,59,317,188,58,320,315,66,195,319,198,327,72,329,207,218,220,222,224,226,230,231,233,234,236,238,127
128,129,2,5,265,266,13,16,285,157,289,33,35,36,41,43,173,46,50,53,54,56,57,314,313,58,189,317,59,66,70,199,201,207,217,218,222,227,230,231,233,234,238,119,121,253
0,259,4,3,263,7,266,267,10,11,12,16,273,274,275,276,22,24,281,26,34,39,41,42,43,47,48,51,55,314,58,190,63,65,323,200,73,74,80,88,219,223,103,233,239,246,247,253
129,5,10,138,140,13,275,20,22,23,30,32,33,34,35,36,37,40,44,45,49,51,52,53,54,311,313,57,189,62,64,66,323,199,200,329,201,73,81,88,218,222,224,230,231,234,237,239,121,251
128,131,132,5,6,7,138,266,140,16,31,34,35,163,37,38,168,42,43,46,48,50,52,53,54,56,313,314,57,60,189,61,66,67,199,200,201,329,81,218,219,221,222,230,231,233,234,236,237,238,239,240,121
0,129,2,5,6,9,265,267,13,20,24,27,32,37,293,43,44,45,46,50,51,52,54,57,187,188,317,319,192,64,66,195,323,198,327,207,214,218,222,224,228,230,231,234,235,236,237,238,244
0,128,1,2,3,5,6,135,8,9,12,13,144,146,23,24,27,40,43,46,52,180,313,314,59,188,317,316,187,192,63,66,195,64,198,329,211,84,216,218,91,222,224,227,102,231,230,233,234,232,238
0,128,129,132,5,13,20,21,23,27,285,30,32,33,36,37,40,43,44,45,51,52,54,313,314,188,189,62,320,64,66,195,198,199,201,329,208,210,218,222,224,228,230,231,105,234,233,106,237,238,121
129,5,138,13,271,20,30,32,33,36,37,43,44,45,46,177,49,51,52,54,311,313,64,66,323,199,200,73,202,74,81,210,215,222,224,228,230,231,105,234,235,233,237,238,244,251,127
128,131,132,5,266,140,13,20,21,282,284,30,32,33,34,36,37,40,43,44,45,48,51,52,53,54,56,313,314,189,317,190,64,62,66,199,200,201,215,222,223,224,228,230,231,105,234,233,237,238,255
128,1,131,132,5,6,3,13,15,16,19,21,22,23,26,28,285,32,33,162,37,39,42,43,44,46,51,54,56,313,314,59,316,317,63,64,321,66,195,198,210,212,85,215,218,222,224,230,231,233,234,237,238,240
1,2,4,5,6,7,11,13,149,22,27,31,32,289,163,38,42,43,46,60,48,50,61,53,54,56,57,314,59,188,316,317,187,192,313,66,67,323,195,326,198,214,218,219,221,222,230,231,233,234,236,238,240,244
0,128,1,131,5,6,136,9,139,15,16,17,274,22,24,26,27,28,290,39,42,43,46,50,308,54,56,314,59,187,317,316,63,321,66,198,328,203,218,220,222,224,226,230,231,233,234,238,244
128,0,2,3,4,5,131,263,130,1,266,11,12,15,16,17,274,275,22,24,281,26,27,28,34,39,42,43,47,48,54,55,313,314,63,65,66,201,205,218,221,222,223,225,230,231,233,234,238,239,124,125
0,1,3,4,5,10,11,12,140,15,16,17,275,22,24,26,27,28,34,163,293,39,41,42,43,46,47,55,311,313,314,58,316,317,63,198,327,200,329,202,73,81,93,222,223,229,231,233,234,110,239,238,251
256,257,258,131,260,5,129,0,1,13,271,16,19,22,23,27,30,287,32,33,34,35,37,40,42,43,44,52,312,57,315,318,319,63,64,322,66,324,199,200,201,213,89,218,221,222,229,230,231,232,233,234,236,238,248,249,122
128,0,130,132,5,137,9,10,16,17,273,18,22,23,27,285,291,42,43,304,305,308,54,313,314,59,58,317,188,63,321,66,195,65,328,207,210,218,220,222,224,98,230,231,233,234,235,237,238,111,244,117,123,127
0,129,128,3,131,5,6,136,9,10,142,271,17,18,275,23,24,27,30,293,40,43,45,46,48,50,54,314,58,60,187,59,62,320,66,195,198,327,218,220,222,224,226,230,231,233,234,238,127
0,1,5,266,140,13,142,22,27,30,32,34,35,36,37,167,43,44,173,45,52,53,54,309,189,64,66,70,199,71,201,200,330,81,88,89,218,222,228,229,230,231,232,234,237,238,239,121,127
128,2,5,6,266,13,275,30,32,290,35,36,37,43,44,173,46,45,51,52,53,54,56,313,314,317,189,66,323,70,199,200,201,207,217,222,224,228,230,231,105,234,237,121
0,1,3,4,9,266,10,12,11,14,16,18,275,22,24,25,26,28,159,32,34,39,41,42,43,302,47,305,178,180,55,311,313,314,58,315,189,190,63,200,202,81,85,214,223,98,227,231,233,106,239,242,243,255
0,129,2,3,1,5,11,12,268,15,272,17,16,22,24,26,27,28,29,31,289,161,163,34,165,185,39,168,41,42,47,48,50,55,313,58,187,60,314,190,316,192,65,66,63,326,198,211,223,225,229,232,238,124,125
128,1,130,0,131,5,3,8,9,139,12,13,11,15,16,17,21,22,23,26,27,28,285,32,33,39,42,43,46,47,54,56,314,59,188,63,64,192,66,204,218,222,227,230,231,232,233,234,238,123
128,129,130,0,260,5,134,135,3,9,138,139,10,16,275,19,20,279,157,162,291,39,41,170,43,42,301,175,52,182,54,57,58,59,66,323,195,70,202,80,218,222,224,225,227,230,231,233,234,237,238,244,122,124,253,126
2,3,5,135,8,10,138,140,266,12,16,145,275,23,32,33,292,37,43,46,303,52,54,311,58,59,189,64,66,199,200,329,73,74,202,207,81,218,222,224,227,230,231,232,233,234,237,238,239,251
0,1,2,128,130,5,129,4,11,12,13,15,16,17,149,22,23,26,27,28,285,289,290,163,38,39,41,42,43,46,50,54,55,56,57,58,59,63,192,66,72,204,218,227,100,230,231,233,234,238,239,124,125
0,128,2,3,5,6,8,9,12,13,17,23,24,27,33,293,38,43,46,50,54,56,313,314,59,187,317,58,320,64,66,198,327,204,82,218,222,224,226,227,230,231,232,233,234,238
0,128,2,130,5,6,135,9,266,10,13,16,145,22,23,27,30,34,35,37,42,43,45,305,54,56,313,314,58,59,189,317,188,64,63,66,199,200,201,216,218,222,224,98,230,231,233,234,237,238,244,123,127
128,0,130,131,132,5,3,1,136,8,139,12,13,11,15,16,17,22,23,24,26,27,28,285,34,163,39,41,42,43,46,48,54,55,56,313,314,59,58,317,63,66,198,85,218,222,224,225,227,230,231,233,234,238
128,0,1,3,132,5,131,129,130,8,11,12,15,16,17,22,23,26,27,28,285,33,163,39,42,43,46,54,55,56,313,314,59,63,64,66,198,199,210,85,218,222,224,227,230,231,232,233,234,238,110
0,1,131,5,11,142,15,16,17,22,26,27,28,287,288,34,163,39,295,42,43,46,309,54,55,312,314,187,317,318,319,320,321,66,63,324,328,200,330,210,213,218,220,222,225,229,230,231,232,233,234,236,238,122,127
128,131,5,138,140,13,16,275,20,23,32,33,34,163,36,37,168,43,44,45,46,51,54,313,314,59,317,64,66,323,199,200,73,329,201,81,210,218,219,222,224,225,228,230,231,233,234,237,238,239,251,254
1,129,259,5,263,135,268,13,274,147,23,155,31,32,37,43,44,48,176,51,309,54,182,184,192,66,323,195,196,200,74,206,207,209,211,212,85,215,217,91,92,222,224,230,232,234,235,237,114,115,122
0,129,130,128,132,5,131,1,133,8,138,9,10,13,11,16,18,22,26,27,285,30,291,37,39,42,43,170,45,54,57,314,59,58,62,63,66,329,207,218,222,224,227,230,231,233,234,238,127
128,0,2,3,132,5,135,8,266,11,140,12,16,145,22,23,26,285,30,33,34,37,39,42,43,52,54,313,58,59,64,66,70,327,199,201,81,85,218,222,224,227,230,231,232,233,234,237,238,239,243,121,251
128,5,6,266,13,20,23,30,158,32,33,34,36,37,43,44,45,49,51,52,54,313,314,189,317,62,64,66,198,199,327,201,329,81,85,215,218,222,224,228,230,231,105,234,233,235,237,238,239,243,121,251,127
0,3,4,5,259,263,9,266,10,12,268,11,269,16,274,275,18,276,22,279,24,25,282,26,28,34,39,41,42,43,47,48,55,313,314,58,190,63,65,200,211,85,223,100,101,233,106,239,242,255
128,0,130,131,132,5,1,3,136,11,13,143,16,17,15,20,22,23,24,26,27,28,285,30,288,34,163,39,42,43,46,48,54,55,313,314,185,58,317,59,63,66,198,218,222,224,230,231,233,234,238,125,127
0,129,1,128,131,5,3,138,12,13,20,23,27,285,30,32,289,33,36,37,41,43,44,45,46,51,308,54,182,313,314,60,190,64,65,66,195,328,79,85,215,222,223,224,228,230,231,234,235,237,238,244,121,122
2,3,5,6,7,135,14,145,274,26,31,32,165,38,41,42,46,174,48,60,50,61,53,54,182,56,313,314,187,316,317,57,59,64,65,66,194,323,324,198,326,67,191,69,79,208,214,219,221,222,223,227,234,106,236,240,113
128,0,3,131,5,6,9,12,13,15,17,20,21,27,32,34,37,40,43,44,45,46,48,50,51,54,313,314,187,59,317,320,321,66,198,327,220,222,224,225,228,229,230,231,233,234,236,237,238
1,5,6,7,10,138,140,11,15,16,22,26,28,31,160,33,163,292,37,38,168,42,43,46,48,50,53,311,56,313,57,60,61,319,63,64,67,327,200,329,73,202,81,213,219,221,222,231,234,236,237,239,240,121,251
128,1,2,5,6,135,9,10,266,140,138,14,16,145,18,22,25,28,37,167,42,43,46,52,54,311,313,58,59,189,63,66,198,199,200,329,201,327,81,218,222,224,230,231,233,234,237,238,239,246,121,251
0,128,2,1,3,5,135,8,266,12,13,145,19,20,23,157,30,33,39,42,43,45,175,52,54,56,57,313,59,58,190,64,66,195,197,70,327,201,204,207,213,218,222,227,230,231,232,233,234,238,124,126
1,3,4,9,10,138,266,12,14,15,16,17,18,275,22,24,25,26,28,34,292,37,39,41,42,43,44,46,303,47,177,311,55,58,63,200,73,329,202,74,81,223,231,233,237,239,113,242,246,248,251
129,2,5,135,13,147,20,23,155,32,37,294,297,43,44,46,176,51,309,54,182,184,57,314,316,317,189,192,66,323,195,196,199,200,201,206,207,209,212,217,222,224,230,231,232,234,235,237,115,244,122
5,13,279,30,32,33,162,37,166,170,43,44,174,51,54,182,184,313,314,59,316,187,190,192,65,66,67,195,197,198,326,323,201,196,199,68,207,208,214,217,218,92,222,224,230,231,103,104,234,235,107,237,114
0,129,2,5,138,11,16,22,281,26,27,285,34,39,43,305,54,313,314,58,188,317,189,63,59,66,198,329,203,207,211,213,90,218,222,223,224,98,230,231,232,233,234,237,238,239,244,117,118,121,123,127
129,5,138,13,271,20,23,30,32,33,36,37,43,44,45,177,49,51,52,54,311,312,313,314,189,319,64,66,323,324,199,200,329,202,73,81,209,213,215,222,224,228,230,231,105,234,233,237,238,251,127
128,130,3,132,5,136,139,12,13,23,285,30,29,32,33,163,37,41,42,43,44,45,46,48,51,54,56,313,314,59,62,64,66,198,85,218,222,224,225,227,228,230,231,232,233,234,237,238,123
129,5,10,138,140,13,20,21,23,30,32,33,36,37,40,43,44,45,46,51,52,53,54,311,189,62,64,66,323,199,200,329,73,201,81,218,222,224,228,230,231,105,234,233,237,238,239,251
128,129,0,2,132,5,261,3,135,137,266,142,16,145,19,20,278,22,285,157,291,39,43,175,178,54,313,58,59,193,66,195,196,199,201,203,210,83,212,85,215,218,92,222,224,227,230,231,233,234,238,111,240,115,118,124
128,5,13,145,20,21,23,30,32,33,36,37,40,43,44,45,46,48,51,52,54,56,314,317,62,64,66,323,195,324,194,198,200,199,83,212,85,215,222,224,96,228,230,231,105,234,233,108,237,238
5,134,138,10,140,266,16,275,22,34,35,292,37,166,167,42,43,172,46,303,179,54,311,312,313,314,58,59,63,66,199,200,73,329,201,74,81,218,222,224,226,230,231,233,234,237,238,239,121,251,126
128,0,130,3,132,5,131,1,136,8,11,12,13,15,16,17,19,22,23,24,26,27,28,285,34,163,39,42,43,46,54,55,56,313,314,59,187,58,63,66,198,218,222,224,227,229,230,231,233,234,238
5,266,140,13,20,21,23,30,32,33,35,36,37,167,40,44,173,46,45,49,51,52,53,54,313,314,189,190,317,64,62,66,199,200,201,79,81,222,224,225,228,230,231,105,234,106,235,237,239,121,251
0,128,1,131,258,5,9,11,12,14,15,16,17,19,22,23,25,26,27,28,29,32,39,41,42,43,46,47,48,314,59,188,317,316,187,192,58,66,195,323,63,326,65,214,218,222,94,230,231,233,234,238,244
261,263,264,265,269,270,273,274,275,281,282,283,316,65,69,72,73,75,77,81,83,84,85,87,89,91,92,93,94,120,96,97,98,107,109,110,111,241,243,244,117,119,248,249,250,251,252,253,254
261,264,265,266,269,273,274,275,276,278,279,281,282,283,32,289,41,192,65,324,69,75,79,81,84,85,87,89,94,248,97,98,100,101,106,109,110,241,243,244,117,120,249,250,251,252,253,254,255
256,257,258,260,261,262,267,270,278,283,34,168,297,312,318,319,322,324,69,68,70,200,73,71,76,79,81,213,86,87,89,93,225,98,121,100,229,104,105,106,110,111,242,243,116,245,117,248,249,122,251
259,261,264,265,268,269,271,272,278,283,284,177,313,323,68,69,200,73,74,75,76,77,81,84,85,87,88,89,91,92,248,97,98,100,249,101,104,106,107,109,110,112,242,243,116,117,120,121,250,251,252,253,254,255
259,261,263,264,266,267,268,269,142,274,276,278,279,283,32,165,168,41,174,51,69,73,76,79,80,81,85,87,88,89,93,94,98,100,101,103,106,108,109,241,242,243,246,247,120,121,251,252,253,254,255
256,2,255,261,264,266,268,269,275,278,283,35,36,173,53,313,314,189,68,69,70,199,201,73,75,207,81,84,87,217,89,94,248,97,98,249,231,106,107,109,242,243,244,117,120,121,251,254,127
261,264,265,266,269,273,274,275,276,278,279,280,281,283,285,160,32,49,65,69,75,77,79,81,84,85,87,89,120,94,97,98,100,101,106,237,110,109,241,242,243,244,117,246,248,249,251,252,253,254,255
259,131,261,134,264,265,266,138,268,269,273,275,276,278,280,283,284,289,165,168,41,174,50,182,65,66,69,76,77,79,81,85,87,217,247,94,98,227,100,101,106,127,112,241,242,243,119,121,122,252,253,254,255
261,263,264,265,266,269,273,274,275,276,278,279,281,283,30,32,165,39,174,47,48,185,186,316,191,65,68,69,70,71,75,76,79,81,85,86,94,98,100,101,106,110,241,242,243,116,117,121,250,252,253,254,255
256,257,260,261,262,263,264,265,269,270,271,16,275,276,278,283,48,311,69,73,74,75,202,81,84,87,88,89,120,92,94,121,98,97,231,104,106,107,109,242,243,244,117,246,248,249,250,251,254,255
261,264,266,11,269,270,273,274,275,277,278,279,281,282,283,32,313,69,73,75,79,81,84,85,87,88,89,92,94,248,97,98,249,104,106,107,109,110,111,241,242,243,244,117,120,121,250,251,252,253,254,255
256,259,261,263,264,265,268,269,271,275,276,280,283,284,69,72,73,74,202,75,77,81,84,87,89,91,92,94,248,97,98,100,101,106,107,109,243,244,115,246,120,249,251,252,253,254,255
261,135,264,138,269,270,273,275,276,277,278,280,281,282,283,289,178,65,68,69,73,75,79,81,83,84,85,86,87,88,89,91,92,93,94,95,120,97,98,248,100,101,249,107,109,111,112,114,115,116,117,242,247,243,118,122,252,254,127
256,259,261,262,263,135,265,269,271,272,275,276,278,279,280,282,283,40,177,182,323,68,69,70,71,200,73,76,79,81,86,87,94,95,121,98,99,100,101,105,106,110,111,241,242,243,244,117,116,248,249,250,251,253,254
256,259,261,263,264,265,268,269,271,272,16,275,276,283,284,69,72,73,74,202,76,77,75,81,84,87,88,89,218,91,92,248,97,98,99,100,231,106,107,109,112,242,243,116,246,119,120,249,251,252,253,254,255
259,261,264,266,269,273,275,276,278,279,281,282,283,284,157,32,313,65,69,70,73,75,77,79,81,84,85,87,88,89,92,94,248,121,98,97,100,106,107,109,110,112,241,242,243,117,120,249,251,252,253,254,255
256,259,263,8,265,268,269,17,274,276,21,278,279,280,283,284,164,166,40,41,178,182,68,69,70,71,72,76,77,79,85,86,87,247,95,98,99,100,101,105,106,107,110,111,241,114,243,244,117,116,119,121,253,254,255
261,264,265,269,272,274,275,276,277,278,279,280,281,282,283,284,65,68,69,70,71,75,76,79,81,214,86,87,89,94,95,121,98,100,101,105,106,110,111,241,242,243,244,117,116,119,248,249,250,251,252,253,254,255
256,261,264,265,266,12,269,275,276,278,279,280,281,282,283,313,68,69,70,71,74,75,76,79,81,85,86,87,94,95,121,98,100,101,105,106,109,110,111,241,242,243,116,117,248,249,250,251,252,253,254,255
261,262,265,269,272,277,278,279,280,282,283,321,68,69,70,71,75,76,79,81,85,86,87,88,247,92,93,94,95,121,98,100,101,104,105,106,109,110,111,112,114,243,242,117,115,244,120,249,250,251,116,254,255
256,257,258,259,260,261,262,265,267,268,271,276,278,280,283,284,297,312,318,319,68,69,70,71,72,73,76,79,81,213,86,87,89,95,121,98,100,105,106,110,111,243,244,245,116,117,248,249,122,251,254,255
259,261,263,264,265,269,270,142,274,275,276,280,281,282,283,284,32,165,168,174,182,65,69,73,75,79,81,84,85,87,89,92,94,248,97,98,99,100,106,107,109,110,241,242,243,244,120,252,253,254,255
256,258,259,260,261,262,263,264,266,10,268,269,270,271,16,275,276,278,283,284,172,180,311,189,69,73,74,75,329,202,81,84,87,89,120,94,121,98,97,100,231,106,107,109,242,243,246,248,249,250,251,255
256,259,261,263,135,265,269,274,147,276,275,23,280,281,283,284,155,32,39,41,297,47,176,305,309,182,184,65,323,195,196,326,71,72,76,77,206,208,84,214,247,99,100,101,102,107,110,241,243,244,115,119,122,253,254,255
261,264,265,141,270,271,269,273,275,278,279,280,281,283,42,298,68,69,70,71,75,79,80,81,85,86,87,88,89,94,98,106,109,110,111,112,241,242,243,244,117,116,248,249,250,251,252,253,254,255
256,257,258,260,261,262,7,265,267,269,271,272,275,276,278,279,280,281,155,34,297,41,47,312,318,194,68,69,70,71,76,79,81,213,86,89,94,95,121,98,100,101,105,106,110,111,242,243,116,245,117,248,249,122,251,254
256,259,263,8,265,9,269,273,274,275,276,17,21,22,280,281,283,284,32,164,166,40,182,187,316,192,65,68,326,70,72,71,76,77,79,86,119,87,99,100,105,106,107,110,111,241,114,243,244,117,116,247,245,121,253,254
256,257,258,260,262,263,267,269,273,274,275,276,22,281,283,32,39,42,47,48,185,315,187,318,319,322,323,324,326,71,200,73,202,77,208,87,89,221,225,241,114,244,245,248,249,122,253,254
256,257,258,259,1,263,8,265,266,269,13,142,271,274,275,276,20,22,23,280,281,283,27,30,32,35,36,37,167,40,44,45,52,188,192,64,326,199,72,200,74,201,71,77,214,88,89,99,107,241,114,244,245,247,122,253,254
256,257,258,259,260,262,267,269,275,276,22,281,283,32,289,178,312,315,187,318,319,192,322,323,69,326,71,328,73,200,202,77,208,213,214,87,89,221,114,244,245,247,248,249,122,253,254
256,257,258,259,260,261,262,267,268,269,276,278,22,283,32,312,187,315,318,319,192,322,69,326,71,72,73,74,202,77,208,81,213,214,87,89,221,109,114,243,244,245,248,249,122,254
256,257,258,260,262,263,6,265,7,267,9,269,14,273,274,275,276,280,281,283,31,32,289,38,46,47,48,178,50,53,56,57,316,60,61,67,68,70,71,72,73,77,79,86,89,221,94,121,106,107,240,241,243,244,245,116,247,248,249,253,254
256,257,258,259,262,263,265,268,269,142,271,274,275,276,22,280,283,32,168,177,187,319,192,323,69,326,71,72,73,74,200,202,77,330,208,81,84,214,87,89,218,98,99,100,107,109,241,114,244,245,246,247,248,251,253,254
256,259,261,263,8,265,264,269,17,274,273,276,21,23,281,27,283,164,166,178,182,314,187,316,188,317,192,69,326,72,328,73,75,77,81,84,214,87,88,89,92,248,97,98,99,235,107,109,241,114,243,244,247,120,249,253,254
256,260,263,8,265,269,272,273,274,275,276,17,21,279,280,281,283,27,164,166,40,178,182,188,192,65,68,326,71,72,73,70,76,77,79,86,87,89,95,99,100,101,105,106,110,111,241,114,244,116,117,247,248,121,122,253,254
256,257,258,259,131,260,262,263,261,265,264,267,268,269,271,276,283,284,182,310,186,188,192,322,324,69,72,73,74,75,76,77,81,84,213,214,87,89,120,94,97,98,100,109,244,245,247,248,249,122,253,254,255
256,257,0,259,261,263,8,265,264,269,273,274,275,276,17,19,21,280,281,23,283,27,164,166,39,178,182,188,316,192,65,69,326,72,73,75,77,81,84,214,87,89,120,94,97,98,99,107,109,241,114,244,247,248,249,253,254
256,259,260,261,263,8,265,264,138,269,142,273,274,275,276,17,21,23,281,283,27,289,164,165,166,168,46,178,182,188,316,192,65,323,69,326,72,73,202,81,84,214,87,89,97,98,99,109,241,114,244,247,248,122,253,254,127
256,257,259,260,261,263,8,265,264,269,142,273,274,275,276,17,21,280,281,283,166,168,178,182,188,192,65,69,326,72,73,75,77,81,84,87,89,91,92,94,248,97,98,99,107,109,241,114,244,245,247,120,249,122,253,254
256,257,258,259,261,262,264,138,267,269,271,16,275,276,283,311,188,319,69,71,73,202,74,329,77,75,81,84,213,214,87,88,89,91,120,92,97,98,231,107,237,109,243,244,245,246,248,249,251,252,253,254
256,257,258,259,260,261,262,264,265,267,269,276,280,281,283,42,43,312,316,318,319,322,324,69,328,73,75,81,84,213,87,89,120,92,97,98,107,109,243,244,245,117,247,248,249,122,254
259,261,263,265,268,271,272,276,278,280,283,284,31,168,48,65,66,68,69,70,71,72,74,76,77,79,211,86,87,95,98,99,100,101,232,105,106,107,111,112,242,243,244,116,117,119,121,124,125,254,255
256,257,0,258,260,261,262,263,1,265,266,269,13,273,18,275,276,20,278,22,23,281,283,27,30,32,33,34,35,36,37,167,44,45,49,52,57,316,317,318,64,322,67,68,199,200,73,201,81,88,89,94,96,241,114,243,244,117,248,249,253,254
256,128,259,261,6,263,264,265,269,274,275,276,278,280,283,284,289,41,302,50,182,57,65,66,69,72,75,77,81,84,85,87,217,90,247,92,89,248,97,98,99,100,101,227,107,109,112,114,244,117,119,120,253,254,255
256,257,258,259,260,131,262,263,261,265,264,267,268,269,14,276,283,310,312,316,317,318,319,322,324,69,326,72,73,74,75,81,84,213,87,89,120,94,97,98,109,244,245,248,249,122,253,254,255
256,261,263,264,269,270,275,277,278,283,68,69,73,75,81,84,85,86,87,88,89,91,92,93,94,253,248,97,98,100,104,105,107,109,110,111,112,114,243,115,117,242,244,120,249,250,251,116,252,254,255
258,259,261,263,264,265,269,274,275,276,277,278,279,280,281,283,284,32,289,41,302,50,65,66,69,198,72,77,79,81,85,87,217,90,247,92,89,94,98,227,100,101,106,107,109,111,112,241,243,244,117,119,252,253,254,255
256,257,258,259,260,261,262,131,264,267,269,271,278,34,310,312,313,318,319,322,324,69,74,75,81,84,213,87,89,90,120,93,121,98,97,106,108,109,242,243,245,248,249,122,251,254
256,259,261,264,266,138,268,269,271,16,275,276,278,283,54,311,69,73,74,329,202,75,81,82,84,87,88,89,91,120,92,94,121,98,97,100,231,107,109,242,243,244,246,248,249,251,252,253,254,255
256,259,261,263,8,265,269,17,274,275,276,277,278,21,280,281,23,283,27,164,166,40,49,178,182,188,189,65,68,69,326,71,72,73,329,77,80,208,81,84,86,87,88,89,99,100,101,107,109,111,241,114,243,244,116,247,248,253,254,255
256,259,263,8,265,266,9,269,273,274,275,276,21,22,280,281,283,32,164,166,40,182,187,192,65,68,326,70,72,71,76,77,79,214,119,86,87,99,100,106,107,110,111,241,114,243,244,117,116,247,245,121,253,254
256,259,261,263,8,265,9,268,269,274,276,21,278,280,283,32,164,166,168,178,182,187,192,65,68,70,71,72,202,76,77,79,208,84,86,121,99,100,101,106,107,111,112,114,243,244,117,115,247,116,245,253,254,255
256,261,262,264,265,266,269,271,16,275,278,281,283,46,311,313,66,69,73,74,329,202,75,81,84,85,87,88,89,91,120,92,94,97,98,231,107,109,110,242,243,244,117,246,248,249,251,252,253,254,255
256,259,261,263,8,265,264,269,273,17,275,276,21,278,23,280,281,283,27,164,166,178,182,192,65,69,70,72,73,74,75,76,77,81,84,119,87,89,88,92,248,97,98,99,100,101,107,109,241,114,243,244,117,247,120,249,253,254
257,259,261,262,263,264,267,268,269,270,271,16,275,276,283,51,311,66,69,73,74,202,75,80,81,84,85,87,88,89,91,92,94,248,97,98,231,103,106,107,109,241,242,243,244,246,120,249,251,253
256,257,258,259,260,261,262,131,264,267,269,276,283,34,309,310,312,318,319,322,324,69,73,330,75,81,84,213,87,89,120,97,98,106,109,110,242,243,245,248,249,122,251,254
256,259,263,268,269,272,276,278,279,280,283,31,168,176,48,65,66,68,69,70,71,72,74,76,77,79,211,86,119,87,92,95,98,99,100,101,232,105,106,107,111,114,242,244,117,243,247,116,121,125,124,253,254,255
256,259,263,265,267,269,273,274,275,276,278,280,281,283,287,32,39,42,47,51,187,316,192,65,69,326,71,72,202,330,76,77,80,208,214,88,89,92,96,97,107,241,114,244,245,246,247,249,253,254
256,2,259,5,261,263,266,267,269,274,275,276,21,278,280,283,35,36,173,51,53,184,189,68,69,70,199,72,73,201,77,207,80,81,86,87,88,217,91,92,97,100,103,235,109,241,244,116,246,247,121,254
261,264,265,269,274,275,278,279,280,282,283,165,168,174,65,68,69,70,71,75,76,79,81,85,86,87,94,95,121,98,100,104,105,106,110,111,241,242,243,244,117,116,249,250,251,252,253,254,255
261,264,269,270,275,277,278,282,283,68,69,71,72,73,75,77,79,81,83,84,85,86,87,88,89,91,92,93,94,95,248,97,98,107,109,110,111,112,114,115,243,117,116,242,120,249,250,251,252,253,254,255
259,261,262,263,264,267,268,269,273,274,276,278,279,280,281,283,51,68,69,71,76,77,79,80,81,86,87,88,247,92,98,100,103,106,107,109,111,241,243,244,116,246,119,248,249,251,252,253,254
259,261,263,265,9,268,269,13,274,275,276,278,22,280,283,32,168,187,192,65,68,70,71,72,326,202,76,77,79,208,85,86,87,92,100,101,106,235,107,111,112,114,115,244,117,116,247,245,121,253,254,255
256,257,0,259,1,261,262,263,264,266,269,270,271,272,141,275,276,19,281,282,283,27,69,73,74,202,75,81,84,85,87,89,120,93,94,92,97,98,107,237,110,109,241,242,243,246,248,249,251,254
256,257,258,259,260,261,262,265,267,268,269,142,271,276,278,283,284,168,51,316,318,319,66,69,200,73,80,81,209,212,213,87,88,89,225,98,100,103,106,109,243,245,246,248,249,122,251,254
256,257,258,259,131,261,262,260,264,265,267,268,269,271,272,276,152,284,310,318,322,324,69,72,73,74,75,76,77,81,84,213,87,89,120,92,97,98,100,107,109,242,243,245,248,249,122,251,254,255
261,263,264,266,269,273,274,275,276,278,279,281,282,283,32,313,69,73,75,79,81,84,87,89,120,93,94,121,98,97,100,106,107,109,110,241,242,243,117,248,249,250,251,252,253,254,255
256,257,258,259,260,262,263,135,265,9,269,273,274,275,276,278,279,280,281,153,283,284,32,296,42,177,187,316,68,69,326,71,72,328,70,330,77,79,208,86,119,214,89,106,107,111,241,114,244,117,116,247,245,121,253,254,255
256,257,259,262,263,9,138,267,268,269,271,16,274,275,276,148,278,22,280,283,32,42,301,51,187,192,326,71,73,202,74,77,80,81,208,84,214,87,88,91,100,101,103,235,107,112,114,244,245,246,247,251,254
261,264,265,269,271,272,274,278,279,280,283,301,313,188,189,192,65,68,69,70,71,329,75,76,79,81,86,87,95,121,98,100,101,105,106,107,110,111,112,242,243,244,117,116,119,249,250,251,254,255
261,264,269,270,272,274,275,278,279,280,281,282,283,36,313,68,69,70,71,74,75,76,79,81,86,87,94,95,98,100,249,101,122,104,105,106,110,111,112,242,243,116,117,248,121,250,251,252,253,254,255
256,259,261,263,264,265,268,269,272,274,276,280,283,284,31,297,48,178,65,66,69,72,74,75,76,77,81,211,84,87,88,89,247,92,248,97,98,99,100,101,232,107,109,242,243,244,125,119,120,249,124,253,254,255
256,257,258,259,260,261,262,263,135,265,8,264,269,17,274,275,276,21,23,281,283,27,156,164,36,166,169,304,178,181,182,316,318,319,192,69,326,72,77,208,81,84,87,89,97,98,99,250,109,241,114,244,245,247,248,122,253,254
256,0,1,261,262,263,264,265,269,141,271,273,274,275,276,19,278,279,281,283,27,157,32,65,69,73,79,81,84,87,89,92,120,94,98,104,106,109,110,241,243,244,117,248,249,122,251,252,253,254,255
261,264,266,268,269,271,16,275,277,278,283,311,313,69,73,74,75,329,202,207,81,84,85,87,88,89,91,120,92,94,121,98,97,100,231,106,107,109,110,242,243,116,246,248,249,250,251,252,253,254,255
256,259,261,262,263,264,265,268,269,142,272,276,278,280,281,283,284,32,165,168,174,69,72,73,74,75,77,79,81,84,87,89,247,92,248,97,98,99,100,101,106,107,109,241,243,244,246,119,120,249,252,253,254,255
256,257,258,259,260,131,262,263,4,265,267,268,276,280,283,284,288,34,297,309,310,312,318,319,322,324,68,71,72,74,76,77,213,86,89,225,99,100,101,230,104,106,107,112,244,245,116,119,248,249,122,253,254
256,257,258,259,260,262,263,8,265,267,269,276,21,280,283,32,166,178,51,187,60,71,72,202,76,77,80,208,119,88,89,225,99,100,101,107,241,114,244,245,246,247,248,249,122,253,254
256,259,261,263,265,10,268,269,274,275,276,279,280,283,284,40,182,68,69,70,71,72,73,74,202,76,77,79,81,84,86,87,91,94,95,99,100,101,105,106,109,110,111,241,243,244,116,246,117,121,251,253,254,255
261,263,265,266,269,272,273,275,277,278,21,279,281,282,283,280,188,189,68,69,70,71,329,75,76,79,81,85,86,87,92,93,94,95,121,100,101,105,234,106,109,110,111,112,241,114,243,244,117,116,120,249,250,251,254
256,2,259,265,266,268,269,274,275,276,280,283,284,35,36,168,173,53,189,65,68,69,70,71,72,73,74,199,201,77,76,207,79,81,86,87,217,95,100,105,106,109,110,111,243,244,116,117,248,121,251,253,254,255
259,261,264,265,268,269,270,271,273,274,276,279,280,281,282,283,284,32,182,69,72,75,77,79,81,84,85,87,89,248,97,98,100,106,109,110,241,242,243,244,116,117,119,120,249,251,252,253,254,255
256,259,261,263,264,265,268,269,272,276,280,283,284,31,48,66,69,72,73,74,75,76,77,81,211,84,87,89,247,92,91,248,97,98,99,100,101,102,232,105,107,109,112,243,125,246,119,120,249,124,253,254,255
256,257,259,260,261,262,263,264,265,268,269,270,271,16,18,275,276,278,283,69,73,74,202,75,81,84,87,88,89,120,92,94,97,98,106,107,109,110,241,242,243,244,246,248,249,250,251,253,254
257,261,264,265,269,270,272,274,275,276,278,279,280,281,282,283,68,69,70,71,75,76,79,81,85,86,87,94,95,98,100,249,101,105,106,110,111,112,241,242,243,116,117,248,121,122,251,252,253,254,255
256,257,258,259,260,261,262,263,264,267,269,142,273,276,278,279,280,281,283,165,168,51,69,73,75,80,81,84,85,87,88,89,91,92,120,248,225,97,98,101,103,107,109,114,243,244,117,246,247,118,249,122,253,254
256,259,261,264,265,269,271,16,275,276,278,283,318,320,66,69,73,74,75,202,77,81,84,85,87,88,89,91,92,94,248,97,98,231,106,107,109,110,111,242,243,244,117,246,116,120,249,251,254,255
0,3,261,264,137,268,269,270,271,142,273,274,276,20,278,279,280,281,283,157,291,39,175,178,65,68,69,75,204,77,79,81,85,87,94,225,98,227,100,101,104,106,235,111,124,242,243,244,117,115,114,118,251,252,253,254,255
256,259,262,263,264,265,11,268,269,274,276,22,280,283,284,32,42,305,307,186,187,192,65,69,326,71,72,330,202,76,77,79,208,84,214,87,247,91,99,100,101,106,107,112,241,114,243,244,245,119,252,253,254,255
256,259,261,262,263,135,265,264,268,269,147,276,278,23,280,279,283,284,155,165,294,297,174,176,309,182,184,65,195,196,323,69,68,72,71,74,70,76,77,206,79,84,86,247,99,100,101,106,107,112,241,243,244,115,116,119,121,122,253,254,255
261,264,268,269,270,271,278,280,283,32,313,65,68,69,72,73,75,77,79,81,84,85,87,89,91,92,94,248,121,98,97,100,104,106,107,109,110,111,112,241,242,243,244,117,120,249,250,251,252,253,254,255
261,263,135,264,269,270,273,274,275,278,279,280,281,282,283,65,68,196,69,71,79,81,85,86,87,88,92,94,97,98,99,101,106,109,110,111,241,242,243,114,117,244,247,118,116,123,252,253,254
261,262,264,266,269,271,16,275,276,278,281,283,39,47,48,311,185,69,73,74,75,329,202,81,84,87,88,89,91,92,120,94,97,98,100,249,231,106,107,109,110,242,243,246,248,121,251,254,255
256,257,259,261,262,264,265,269,271,16,275,276,278,283,46,69,73,74,329,202,75,81,84,87,88,89,91,120,92,94,97,98,231,106,107,237,110,111,109,242,243,244,117,246,248,249,251,252,253,254,255
259,263,264,265,267,269,273,274,275,276,280,281,283,284,289,41,302,50,51,316,65,66,69,326,72,73,79,80,81,87,88,217,90,247,89,94,225,227,101,103,106,107,109,241,243,244,246,119,248,252,253,254
261,264,266,269,270,274,275,277,278,281,282,283,313,69,72,73,75,77,81,84,85,87,89,91,92,93,94,120,97,98,104,107,109,110,111,241,242,243,115,117,244,119,248,249,250,251,252,253,254,255
256,257,260,263,8,265,269,273,274,275,276,17,21,22,280,281,283,27,32,166,42,178,182,187,316,318,192,65,69,326,71,72,202,330,77,208,81,214,119,87,89,225,99,109,241,114,244,245,247,248,122,253,254
261,264,266,268,269,270,271,273,277,278,279,281,283,32,313,69,73,74,75,79,81,84,85,87,88,89,92,93,94,248,121,98,97,231,104,106,107,109,110,241,242,243,244,117,120,249,250,251,252,253,254,255
256,257,258,259,260,261,262,131,263,264,267,269,270,281,283,34,310,312,318,319,322,324,69,73,75,81,84,213,87,89,120,94,225,97,98,250,109,242,243,245,248,249,122,251,254
261,133,264,269,270,276,277,278,279,280,283,284,162,170,301,68,69,73,75,81,84,85,87,88,89,218,91,92,93,94,248,97,98,100,101,249,104,105,106,107,109,111,112,242,243,115,117,120,121,250,251,255
128,261,264,266,267,269,270,274,275,277,278,281,282,283,284,313,314,65,68,69,73,75,81,84,85,86,87,88,89,91,92,120,94,97,98,107,109,110,243,244,117,116,248,249,250,251,252,253,254,255
261,264,266,269,270,273,274,275,278,279,281,282,283,26,32,313,68,69,73,75,79,81,83,84,85,87,89,120,92,94,121,98,97,104,106,107,109,110,241,242,243,244,116,248,249,250,251,252,253,254,255
259,261,264,265,268,269,273,274,276,279,280,283,284,32,289,41,302,50,182,65,66,69,72,75,76,77,79,81,84,87,217,89,90,98,227,100,101,106,107,109,112,241,243,244,119,248,251,252,253,254,255
256,257,258,259,260,261,262,131,264,267,269,271,276,278,283,310,318,322,324,69,73,74,75,81,84,213,87,89,120,92,97,98,106,107,109,242,243,244,245,117,248,249,122,251,254,255
256,261,263,264,265,269,270,271,272,273,18,275,276,278,279,280,281,282,283,65,67,68,69,70,71,200,75,76,79,81,84,86,87,94,95,96,121,98,100,101,105,106,110,111,112,241,242,243,244,117,116,248,249,250,251,253,254
256,257,258,259,260,261,262,4,264,9,10,267,269,271,16,276,278,22,26,283,34,42,43,312,58,318,319,63,322,69,72,73,81,213,87,89,98,229,109,242,243,245,246,248,249,122,251,253,254
256,257,258,131,260,261,262,264,265,267,269,271,275,278,150,282,283,34,310,312,318,322,324,69,73,75,76,81,84,213,87,89,120,94,97,98,106,109,110,242,243,245,248,249,122,251,254
256,257,258,259,260,261,262,1,265,267,269,13,276,20,22,281,283,27,30,32,33,34,35,36,37,167,44,45,52,312,57,318,319,64,322,324,199,200,73,201,81,213,88,89,93,98,229,106,242,243,245,119,248,249,122,254
256,259,261,263,135,265,10,268,269,274,275,276,147,278,23,280,283,155,294,297,176,309,182,184,195,196,68,323,71,72,73,74,70,76,77,206,79,81,84,86,91,94,121,100,106,107,111,243,244,115,246,119,116,117,122,251,253,254,255
256,259,261,264,266,269,270,271,16,275,278,283,311,69,73,74,329,202,75,81,84,85,87,88,89,91,120,92,94,97,98,231,106,107,237,110,111,109,242,243,244,116,246,248,249,251,252,253,254
259,261,263,264,267,269,270,142,273,274,275,276,18,278,21,280,281,283,165,168,51,67,69,200,73,75,80,81,209,212,85,84,87,88,89,94,96,97,98,248,100,103,109,241,243,244,117,246,247,120,249,251,253,254
256,257,258,259,260,261,262,131,264,267,269,278,281,283,287,34,295,312,318,319,322,324,69,73,75,81,84,213,87,89,120,97,98,230,109,242,243,244,245,117,115,248,249,122,251,254
256,259,261,262,264,269,275,276,278,280,281,283,287,295,182,65,68,69,73,75,81,84,85,87,88,89,91,92,120,94,97,98,101,230,107,109,111,112,114,243,244,117,242,115,248,249,116,252,253,254,255
256,257,259,261,263,8,265,264,269,17,274,276,21,23,280,281,283,27,284,287,289,164,166,295,178,182,192,65,69,326,70,72,75,77,80,81,84,119,87,89,248,97,98,99,101,230,107,109,241,114,243,244,247,120,249,253,254,255
256,257,258,259,260,261,262,131,264,265,267,269,271,276,280,281,283,287,295,41,316,318,319,322,324,69,72,73,75,77,81,84,213,87,89,91,97,98,230,109,243,244,245,247,248,249,122,254
256,259,261,262,264,266,269,270,271,16,275,276,278,281,282,283,287,295,311,69,73,74,202,75,81,209,84,85,87,88,89,91,120,92,94,97,98,230,106,107,109,110,242,243,244,246,248,249,251,254
256,257,259,261,262,264,265,266,268,269,271,273,276,278,279,281,283,287,32,295,66,69,75,79,81,84,87,89,120,94,121,98,97,100,230,106,107,109,110,241,242,243,245,117,248,249,251,252,253,254,255
256,257,258,259,260,261,262,131,264,267,269,271,276,278,283,287,295,312,318,319,322,324,69,73,81,84,213,87,89,96,97,98,230,106,109,241,242,243,245,117,248,249,122,251,252,254
259,261,264,265,269,275,276,278,279,280,281,283,287,295,169,49,311,188,189,68,69,70,71,73,329,75,76,79,81,86,87,94,95,121,98,100,230,104,105,106,110,111,242,243,244,117,116,248,249,250,251,254,255
256,257,258,260,261,262,263,265,267,269,275,276,278,281,283,39,297,47,48,185,318,68,69,70,71,72,76,79,81,86,87,89,94,95,121,98,100,105,106,107,111,241,243,244,245,116,117,248,249,122,251,254
256,259,261,263,264,265,11,268,269,271,273,274,276,278,279,280,281,283,32,182,69,72,73,75,77,79,81,84,87,89,247,248,97,98,99,100,106,107,109,110,241,242,243,244,117,119,120,249,252,253,254,255
0,1,261,263,264,265,266,268,269,141,273,274,275,276,19,278,279,281,283,27,41,68,69,70,71,75,76,79,81,85,86,87,94,121,98,100,122,104,106,110,111,241,242,243,244,117,116,248,249,250,251,252,253,254
257,258,259,260,262,263,264,267,269,273,274,275,276,279,281,283,32,51,66,69,73,75,79,80,81,84,87,88,89,91,92,120,94,225,97,98,103,106,107,109,241,243,246,247,248,252,253,254
256,259,261,263,265,267,268,269,272,276,280,283,284,31,48,51,65,66,68,69,71,72,74,77,80,81,211,86,119,87,89,88,92,99,100,101,103,232,105,107,109,111,241,116,125,246,247,248,124,253,254
261,263,264,265,269,270,275,276,278,279,280,281,283,289,39,41,188,189,68,69,70,71,329,75,76,77,79,81,86,87,94,223,95,121,98,100,101,105,106,107,110,111,241,242,243,244,117,246,116,249,250,251,254,255
256,261,262,266,10,269,271,275,276,277,278,279,280,283,168,311,313,68,69,70,71,73,74,76,79,81,85,86,87,89,93,94,95,121,98,100,101,231,105,106,237,110,111,109,242,243,116,117,246,248,249,251
256,259,261,263,265,9,268,269,12,271,274,275,276,278,279,280,283,156,32,42,187,65,68,69,326,71,72,70,330,76,77,79,208,84,86,119,214,94,100,101,106,107,111,114,243,244,117,116,247,245,121,253,254,255
256,261,263,264,266,269,146,275,278,281,283,166,178,311,313,314,318,320,65,195,69,73,75,81,84,85,87,88,89,91,92,94,248,97,98,104,107,109,110,111,114,243,244,117,115,242,120,249,250,251,252,254,255
256,257,258,259,260,261,262,263,131,265,264,267,268,269,271,272,283,310,312,318,319,322,324,69,72,73,74,75,81,84,213,87,89,120,92,97,98,106,107,109,242,243,245,248,249,122,251,254
256,257,258,259,262,263,8,265,269,17,274,276,21,279,280,281,283,284,164,166,40,178,182,65,68,69,70,71,72,74,76,77,79,81,86,119,87,89,95,121,99,100,101,105,106,107,109,110,111,241,114,244,245,116,247,248,117,253,254
256,261,264,269,270,273,274,275,277,278,279,281,283,32,46,54,313,316,69,73,75,78,79,81,84,85,87,89,92,94,248,97,98,104,106,107,109,110,111,241,242,243,115,246,120,249,250,251,252,253,254,255
259,261,264,265,11,268,269,276,278,279,280,282,283,165,168,174,65,68,69,70,71,72,75,76,79,81,85,86,87,95,121,98,100,101,105,106,110,111,241,242,243,244,117,116,248,249,250,251,252,253,254,255
261,264,269,275,276,277,278,280,283,288,65,68,69,71,73,75,81,84,85,86,87,88,89,91,92,120,94,95,97,98,100,101,249,104,106,107,109,111,112,114,243,244,117,115,242,248,116,250,251,252,253,254,255
256,259,263,8,265,269,17,274,276,21,278,22,280,23,283,27,32,164,166,40,178,182,187,192,65,69,326,71,72,202,76,77,208,81,214,119,87,98,99,100,101,107,109,241,114,243,244,117,245,247,253,254,255
256,258,259,261,263,264,265,266,11,268,269,273,274,275,278,279,280,281,283,32,182,69,72,75,77,79,81,84,87,89,248,97,98,99,100,106,107,109,241,242,243,244,117,120,252,253,254,255
261,265,269,270,143,272,275,277,278,279,280,282,283,65,68,69,70,71,75,76,79,81,85,86,87,88,247,92,94,95,121,98,100,101,104,105,106,110,111,112,242,243,244,117,114,116,249,250,251
259,261,133,264,265,268,269,271,276,278,279,280,283,284,165,168,170,174,65,68,69,70,71,72,76,77,79,81,84,86,87,218,247,95,98,100,101,105,106,107,110,111,112,243,244,117,246,119,116,121,252,253,254
256,259,261,263,264,265,9,268,269,274,275,276,279,280,281,283,32,42,307,187,65,68,69,326,71,72,70,330,202,76,77,79,208,81,214,119,86,100,101,106,107,110,111,241,114,243,244,117,116,247,245,121,122,253,254,255
256,261,264,269,276,277,278,280,281,283,162,290,166,174,184,321,65,68,69,75,203,81,212,85,84,87,88,89,91,92,94,95,248,97,98,101,103,104,105,107,109,111,112,114,115,242,117,243,244,116,249,250,125,255
259,261,263,264,265,269,273,274,275,276,278,280,281,283,68,69,71,73,74,75,80,81,84,85,86,87,88,89,92,94,248,97,98,99,100,101,105,106,107,109,111,241,243,115,117,116,120,249,252,253,254,255
259,261,263,264,8,266,269,17,274,275,276,21,278,23,154,283,27,164,166,305,178,182,69,72,73,75,76,77,81,84,87,89,92,248,97,98,99,100,106,107,109,110,241,242,243,244,118,120,249,253,254,255
257,259,261,262,263,264,267,268,141,269,271,142,274,276,278,279,280,283,32,165,168,300,174,48,51,179,69,77,79,80,81,87,88,89,247,98,100,103,106,107,109,241,242,243,246,118,249,251,252,253,254
259,261,264,266,268,269,270,271,16,275,278,283,311,69,73,74,75,202,81,84,85,87,88,89,91,120,92,94,121,98,97,231,106,107,109,110,242,243,244,117,246,116,248,249,250,251,252,253,254,255
256,261,264,268,269,271,16,275,276,278,283,284,311,69,73,329,75,74,202,81,84,85,87,88,89,91,120,92,94,97,98,100,249,231,106,107,109,110,242,243,244,117,246,248,121,251,252,253,254,255
256,261,264,268,269,270,143,277,278,283,68,69,71,73,74,75,81,84,85,86,87,88,89,91,92,93,94,253,248,97,98,100,104,107,109,111,112,114,243,115,117,242,244,120,249,250,251,116,252,254,255
261,264,266,268,269,275,277,278,283,313,65,68,69,71,72,73,75,77,81,84,85,86,87,88,89,91,92,120,94,253,121,98,97,100,104,106,107,109,110,111,112,242,243,115,117,244,114,248,249,250,251,116,252,254,255
256,259,261,264,269,270,271,16,275,278,282,283,311,69,73,74,75,202,329,81,84,85,87,88,89,91,92,94,248,97,98,231,106,107,108,109,110,242,243,244,117,246,114,120,249,251,255
260,261,263,264,265,266,269,270,271,18,276,278,279,280,283,284,168,67,68,69,70,71,75,76,79,81,85,86,87,94,95,96,121,98,100,101,104,105,106,109,110,111,112,242,243,116,117,249,250,251,254,255
256,257,259,261,262,264,265,268,269,271,16,272,275,276,283,311,69,200,73,74,329,202,75,78,81,84,87,88,89,91,120,92,94,97,98,100,231,107,237,109,242,243,246,248,249,251,252,253,254
256,261,264,265,266,269,275,276,278,279,281,283,165,39,168,174,47,48,185,318,320,65,68,69,70,71,75,79,81,84,85,86,87,94,121,98,100,101,106,111,242,243,244,117,116,248,249,250,251,252,253,254,255
256,257,258,259,260,261,262,263,265,267,269,273,275,276,278,280,281,283,39,297,47,48,185,65,68,70,71,76,77,79,86,87,89,247,121,100,122,105,106,107,110,111,241,243,244,117,245,119,248,249,116,253,254
261,264,269,271,273,274,275,276,278,279,281,283,32,313,69,73,75,79,81,84,85,87,88,89,92,94,248,97,98,100,104,106,107,109,110,111,112,241,242,243,244,117,119,120,249,250,251,252,253,254,255
261,264,269,275,277,278,283,321,68,69,71,72,73,75,203,81,212,85,84,86,87,88,89,91,92,93,94,95,248,97,98,253,231,104,107,109,110,111,112,114,243,115,117,242,244,120,249,250,251,116,252,254,255
256,261,263,265,269,270,272,273,18,275,276,278,279,280,281,282,283,67,68,69,70,71,73,76,79,81,82,85,86,87,88,94,95,96,121,98,100,101,105,106,110,111,112,241,242,243,244,117,116,247,248,249,251,253,254
261,263,264,266,269,270,15,273,274,275,17,21,278,279,281,282,283,32,65,68,69,198,79,81,84,85,87,89,94,225,98,97,229,233,106,109,110,111,238,241,242,243,244,117,248,249,251,252,253,254,255
256,261,263,264,265,269,275,276,278,279,280,281,283,312,313,316,68,69,70,71,73,75,76,79,81,86,87,94,95,121,98,100,101,105,106,107,110,111,241,242,243,116,117,248,249,251,252,253,254,255
256,261,263,265,9,11,269,274,275,276,278,279,281,283,32,42,301,307,187,65,68,69,326,71,72,70,330,76,77,79,208,85,86,214,87,94,95,121,100,101,106,110,111,242,243,244,114,116,247,245,117,253,254,255
261,264,269,270,275,278,280,283,32,162,290,166,45,174,184,59,65,321,68,69,325,327,75,79,81,84,85,87,89,94,98,100,101,103,104,106,107,109,110,111,241,242,243,244,117,114,125,249,250,251,252,253,254,255
261,264,269,270,274,275,277,278,282,283,163,65,68,69,71,72,73,75,81,84,85,86,87,88,89,91,92,93,94,95,248,97,98,104,107,109,110,111,242,243,115,117,244,116,120,249,250,251,252,253,254,255
256,261,262,264,269,271,273,274,275,276,18,278,281,282,283,290,56,67,324,68,69,73,75,81,84,87,88,89,91,92,120,94,95,96,97,98,104,107,109,110,111,242,243,244,117,114,116,248,249,251,252,253,254,255
261,264,266,269,270,275,277,278,283,160,298,49,313,191,68,69,71,75,80,81,85,213,87,88,86,89,92,93,94,248,121,98,100,104,106,109,110,111,112,237,242,243,116,117,120,249,250,251,254,255
256,259,261,5,7,265,268,269,271,272,144,276,278,279,280,282,283,155,182,312,188,65,194,68,69,70,71,74,76,77,79,81,86,95,121,98,100,101,105,106,123,110,111,112,242,243,244,117,116,247,248,249,251,127,254,255
256,2,259,260,261,263,264,266,268,269,270,275,276,278,280,283,35,36,168,173,53,313,189,68,69,70,199,71,73,74,75,201,207,79,81,86,87,217,98,100,231,106,111,112,242,243,244,117,116,119,121,250,251,254,255
259,261,264,265,8,269,270,273,274,275,279,281,282,283,32,182,59,68,69,72,75,79,81,84,85,87,89,94,97,98,104,106,108,109,110,241,242,243,244,117,248,249,250,251,252,253,254,255
261,264,269,270,271,16,275,278,283,46,311,313,66,69,73,329,75,74,202,81,84,85,87,88,89,91,120,92,94,97,98,231,104,106,107,109,110,111,242,243,117,246,248,249,250,251,252,253,254,255
259,261,262,263,264,10,268,269,270,271,272,16,274,275,281,282,283,311,316,68,69,70,71,200,73,74,202,329,203,79,80,81,84,85,86,87,88,89,92,94,98,249,106,237,110,109,111,242,243,116,246,248,121,251,253
256,259,260,263,265,137,268,269,142,19,276,280,283,290,162,166,168,174,184,59,318,65,321,195,68,69,72,73,74,75,76,77,80,81,211,84,87,89,247,94,248,97,98,99,100,101,103,107,109,114,244,125,119,120,122,253,254
256,259,261,264,266,268,269,16,275,276,278,280,283,313,187,191,69,199,328,73,74,329,202,205,81,210,209,84,213,87,215,89,94,121,98,97,231,109,110,111,242,243,244,117,246,119,248,249,251,254,255
256,257,259,263,8,265,269,272,273,274,275,276,17,21,279,280,281,283,27,164,166,40,178,182,319,65,68,326,70,72,71,76,77,79,86,119,87,89,95,99,100,101,105,106,107,110,111,241,114,243,244,117,116,247,248,121,253,254
259,261,263,264,265,268,269,144,272,146,275,276,278,279,280,283,29,180,188,65,68,69,70,71,76,77,79,81,86,87,92,95,121,100,101,105,106,107,110,111,112,242,243,244,117,114,119,116,249,251,253,254
259,261,263,265,268,269,271,272,274,276,280,283,284,31,289,41,302,48,50,65,66,69,72,74,76,77,81,211,84,87,217,90,247,89,98,99,100,101,227,103,102,105,232,107,109,112,242,243,125,119,124,253,254,255
261,264,11,268,269,270,271,273,274,275,278,279,280,281,282,283,32,313,69,73,75,79,81,84,85,87,88,89,92,94,248,97,98,100,104,106,107,109,110,111,241,242,243,244,117,120,249,250,251,252,253,254,255
261,264,265,9,269,270,275,278,279,281,282,283,165,39,168,40,174,47,48,182,185,65,68,69,70,71,75,79,81,85,86,90,93,121,98,99,106,110,111,241,242,243,116,117,247,248,249,250,251,253,254,255
259,261,264,265,268,269,270,273,275,276,278,279,280,281,283,32,313,69,73,74,75,79,81,84,87,89,92,94,248,97,98,126,100,106,107,109,110,111,112,241,242,243,244,117,252,120,249,250,251,124,253,254,255
261,263,264,266,269,277,278,283,321,68,69,71,73,75,203,81,212,85,84,86,87,88,89,91,92,93,94,95,248,97,98,104,105,107,109,111,112,114,115,243,117,242,116,120,249,250,251,252,253,254,255
256,259,263,265,10,268,269,275,276,279,280,283,290,46,68,69,70,71,72,73,74,202,76,77,79,81,84,86,119,216,87,91,94,95,100,102,105,106,107,109,110,111,241,244,116,246,247,117,121,251,253,254
259,261,263,135,265,264,268,269,274,275,276,147,23,280,281,283,155,32,289,165,294,41,297,176,309,182,184,65,195,196,69,323,72,76,77,206,81,85,91,98,99,100,101,106,107,109,110,243,244,115,119,248,122,253,254,255
256,257,259,262,263,7,265,267,268,269,270,272,276,277,279,280,282,283,284,68,69,70,71,72,73,74,76,77,79,84,86,87,247,91,92,219,95,99,100,101,105,106,107,110,111,112,114,242,244,116,246,119,117,121,253,254
259,261,263,268,271,272,276,278,279,280,283,284,31,48,66,68,69,70,71,72,74,76,77,79,81,211,85,86,87,95,98,99,100,101,232,105,106,107,110,111,112,242,243,116,117,119,121,251,124,125,254,255
256,259,261,263,269,142,273,274,275,276,278,22,281,283,32,168,187,316,62,192,65,69,326,71,73,202,330,77,79,208,81,84,85,214,87,89,92,94,97,98,99,109,111,241,114,115,244,117,245,247,248,253,254,255
256,257,259,260,261,262,263,8,265,264,269,142,273,274,275,276,17,278,21,280,281,283,27,166,168,178,182,69,72,73,75,77,81,84,87,89,120,92,97,98,99,100,101,107,109,241,114,243,244,245,247,248,249,126,124,253,254,255
257,258,259,261,263,264,269,274,275,278,281,283,51,313,65,321,68,69,73,75,81,212,85,84,87,88,89,91,92,93,94,95,248,97,98,100,107,109,110,111,112,114,115,244,117,243,116,120,249,251,252,253,254,255
256,259,261,264,10,268,269,271,275,276,277,278,279,280,283,28,165,168,174,188,68,69,70,71,73,74,75,76,79,81,86,87,93,94,95,100,101,105,106,111,112,242,243,114,117,115,244,116,121,251,252,253,254,255
256,259,261,262,264,265,269,141,272,19,276,278,279,280,282,283,68,69,70,71,73,74,76,77,79,81,85,86,87,94,95,121,98,100,101,105,106,107,110,111,112,113,242,243,244,117,116,248,249,122,251,254,255
130,261,262,5,264,265,269,142,271,141,275,276,278,280,283,300,305,188,65,69,71,73,75,79,81,212,84,87,89,120,92,95,97,98,100,101,106,107,123,109,110,111,112,242,243,244,117,246,248,249,251,127,253,254,255
256,0,259,3,263,8,265,137,269,142,273,274,275,276,21,278,17,280,281,20,283,23,279,27,157,36,164,166,39,175,178,182,188,65,68,326,70,72,71,77,214,86,119,225,99,100,101,106,107,241,114,244,117,116,247,118,121,253,254
0,259,3,261,262,263,264,137,267,269,142,273,274,275,276,20,278,279,280,281,283,157,165,39,174,175,178,51,69,73,79,80,81,88,94,225,227,100,103,106,235,110,241,243,244,117,246,118,123,253,254,255
256,257,258,259,261,262,263,265,10,269,270,272,273,16,275,276,278,279,280,282,283,156,68,69,70,71,73,74,75,76,79,81,86,87,89,94,95,121,98,100,101,105,106,110,111,112,241,243,244,117,246,247,248,249,116,251,254
261,264,268,269,270,271,16,275,278,283,311,69,73,74,75,202,81,84,85,87,88,89,91,220,120,94,92,121,98,97,100,231,104,106,107,109,110,111,242,243,244,117,246,248,249,250,251,252,253,254,255
256,259,263,264,265,268,269,274,275,276,146,21,280,281,283,284,32,289,41,50,316,65,66,69,72,74,75,76,77,79,81,84,119,87,217,89,91,97,98,99,100,101,227,103,106,107,109,241,243,244,247,248,252,253,254,255
256,257,258,259,260,261,262,263,8,265,264,269,17,274,276,21,23,280,281,283,27,164,166,178,182,316,192,69,326,72,73,75,77,81,84,119,87,89,88,120,92,97,98,99,107,109,110,241,243,244,247,248,249,253,254
258,259,261,264,266,269,275,277,278,283,180,68,69,73,75,203,81,84,85,215,87,88,89,91,92,93,94,95,248,97,98,100,104,105,107,108,109,111,112,114,115,243,117,242,116,120,249,250,251,252,253,254,255
256,259,261,265,268,269,144,273,18,275,276,272,278,146,280,279,282,283,180,190,65,67,68,69,70,71,76,77,79,86,87,247,92,94,95,96,98,100,101,105,106,107,110,111,112,114,243,244,117,116,119,121,253,254
261,264,265,266,269,273,275,276,19,278,279,280,281,283,32,309,60,69,330,75,79,80,81,84,85,87,89,120,94,121,98,97,100,101,106,109,110,112,241,242,243,117,248,249,250,251,252,253,254,255
256,257,259,263,8,265,269,17,274,275,276,21,279,280,281,283,284,164,166,40,178,182,188,192,68,69,326,70,72,73,74,71,76,77,79,81,84,214,86,87,89,95,99,100,101,105,106,107,109,110,111,241,114,244,116,117,247,121,253,254
261,264,265,266,268,269,270,142,272,273,274,275,279,281,283,32,165,168,174,313,69,73,74,75,203,79,81,84,85,87,89,120,94,121,98,97,231,104,106,109,110,241,242,243,244,117,248,249,250,251,252,253,254,255
256,257,259,261,262,263,264,265,266,11,269,274,275,276,278,22,281,283,284,32,42,307,187,192,65,69,326,71,72,73,330,202,77,79,208,81,214,87,89,94,106,241,114,243,244,117,245,248,249,251,252,253,254,255
259,261,264,265,269,270,273,274,275,276,279,280,153,282,283,284,281,32,182,65,69,73,75,76,77,79,81,84,87,89,92,248,97,98,100,103,106,107,109,110,241,242,243,246,120,249,251,252,253,254,255
259,261,264,268,269,271,273,275,278,279,281,283,284,32,289,178,69,73,75,79,81,84,85,87,89,94,248,121,98,97,100,104,106,109,110,111,112,241,242,243,244,117,120,249,250,251,252,253,254,255
259,261,263,264,268,269,272,273,274,275,278,279,281,282,283,32,313,65,66,69,73,74,75,79,81,84,87,89,94,248,97,98,99,106,123,109,110,241,242,243,244,117,120,249,251,252,253,254
0,1,259,261,263,264,265,137,268,269,141,19,276,278,279,280,281,283,284,27,32,289,41,65,69,72,74,75,76,77,79,81,84,119,87,89,218,91,94,98,100,101,103,106,107,109,112,241,243,244,115,247,248,252,253,254,255
256,259,261,262,263,265,268,269,271,272,274,275,276,278,279,280,282,283,177,323,68,69,70,71,200,73,74,76,79,81,86,87,88,94,95,121,98,100,101,105,106,110,111,112,242,243,244,117,116,247,248,249,251,254
256,259,261,263,264,265,269,275,276,278,280,281,283,168,298,191,68,69,71,73,74,75,81,84,85,213,87,88,89,86,91,92,94,248,97,98,100,101,106,107,109,110,111,112,114,243,244,117,116,120,249,254,255
261,263,264,266,267,268,269,270,274,275,276,278,281,283,32,51,65,69,73,75,79,80,81,84,85,87,88,89,92,94,248,97,98,100,103,106,107,109,110,241,243,244,246,120,249,251,252,253,254
5,143,144,145,146,148,149,154,155,156,157,158,160,161,34,164,293,37,167,36,169,297,43,300,298,173,301,304,177,306,305,180,309,310,311,175,179,181,318,330,208,170,220,171,222,172,231,234,174,239,302
2,135,142,143,144,145,146,147,148,149,18,153,154,155,157,158,160,161,164,165,294,167,296,298,299,172,170,302,175,174,304,178,307,180,308,176,183,184,55,177,179,181,310,330,171,173
144,18,147,146,148,278,149,153,154,155,157,158,159,162,292,293,166,167,296,169,171,300,301,174,175,172,305,306,179,308,177,182,180,310,185,184,321,193,196,203,209,212,85,90,95,111,240,114,115,117
141,142,146,147,148,149,150,153,154,155,157,158,160,292,165,293,294,296,167,170,299,172,298,174,175,301,300,306,307,308,178,302,180,184,179,177,310,166,330,295,297,171,303,176,304
268,141,142,144,146,147,148,149,150,153,154,155,157,158,31,160,161,292,293,294,167,296,169,298,171,172,300,302,175,299,177,306,307,308,178,180,183,36,179,310,184,187,330,170,174,303
5,141,142,143,272,144,146,147,148,149,150,152,153,155,157,158,160,161,293,165,167,296,170,299,300,172,174,175,301,177,306,307,308,305,178,183,184,180,179,181,330,74,173,302,127
7,10,11,141,142,16,145,144,147,148,149,153,154,155,28,158,292,293,166,167,296,169,295,170,172,299,302,175,303,177,306,307,308,179,310,311,180,309,184,329,73,330,91,171,300,231,174,237,239,245,251
142,143,271,144,146,147,148,149,153,154,155,157,158,160,161,292,293,294,295,296,169,298,170,172,167,302,175,304,177,303,307,308,180,306,311,184,309,178,310,179,181,200,330,299,173,174
11,12,141,142,143,16,17,146,147,148,149,150,151,22,153,152,155,26,157,158,159,160,32,162,163,164,165,293,39,296,168,42,299,172,300,302,175,47,304,178,307,308,306,180,182,305,187,326,330,208,214,170,43,221
10,11,138,142,143,16,144,148,149,154,155,28,157,156,158,160,161,292,293,164,167,297,298,169,299,170,302,303,175,177,178,305,180,306,310,311,179,181,65,329,73,330,81,171,172,231,173,301,174,239,251
128,141,142,144,145,148,149,150,153,154,155,158,160,292,293,294,167,296,297,170,299,172,300,301,175,303,177,306,307,308,179,310,305,311,309,178,164,184,180,166,330,295,171,174,302,123
261,265,141,142,143,144,269,273,147,149,153,154,28,157,158,31,160,161,164,293,294,296,169,298,299,170,300,302,175,172,178,307,308,180,306,183,184,68,70,71,73,330,75,79,80,81,84,86,87,88,89,97,98,99,106,109,116,117,118,119,120,121,253
0,2,3,4,141,142,143,144,145,146,149,153,281,155,157,158,160,161,290,164,165,293,167,296,169,298,299,172,173,302,47,175,304,178,307,308,180,306,55,179,181,190,39,198,330,168,170,225,300,118,255
141,142,143,144,146,147,148,149,153,154,155,157,29,158,160,159,292,293,294,167,296,169,298,299,300,172,302,175,170,297,178,307,308,180,306,309,184,182,177,179,310,166,330,88,171,174,176,304
137,141,142,143,148,149,150,153,154,155,157,158,292,293,165,167,296,294,295,299,172,300,174,175,303,302,306,307,308,179,310,305,183,184,178,309,330,170,171,177
4,141,142,143,144,145,146,147,148,149,150,153,154,155,157,158,160,161,164,293,294,167,296,169,165,299,172,300,302,175,173,305,306,307,308,178,180,183,304,179,181,310,330,168,170,171,174
142,143,144,146,147,148,149,153,154,155,157,158,160,161,292,293,294,167,296,297,298,299,170,300,302,175,174,172,178,307,308,180,301,183,184,55,177,179,181,310,166,330,169,171,173,303
4,142,143,145,146,147,148,149,153,155,157,29,158,160,161,159,164,292,294,38,296,297,298,299,169,170,302,175,304,172,178,307,180,309,308,310,306,49,54,311,184,330,295,92,105,174,303
4,142,143,144,16,146,147,148,149,150,151,152,153,22,155,157,158,159,160,161,162,163,164,165,294,296,168,298,299,172,170,302,175,47,42,178,307,308,180,182,55,184,183,179,56,185,63,64,72,73,330,225,99,174
141,142,144,146,147,148,149,150,152,153,154,155,157,29,158,160,161,159,292,165,294,293,296,166,298,299,172,300,302,175,167,177,306,307,308,178,180,183,184,179,305,310,330,171,174,304
179,135,142,143,144,146,147,148,149,153,154,155,157,158,160,161,164,292,294,295,296,169,170,299,298,168,302,175,174,172,178,307,308,180,306,183,184,55,309,310,181,167,330,173,232,303
141,142,143,144,145,146,147,148,149,153,154,155,157,158,160,292,293,166,295,296,169,170,299,172,300,302,175,303,177,306,307,308,179,310,311,305,178,180,309,184,294,167,330,171,301,174
128,141,142,144,146,147,148,149,150,153,154,155,158,160,292,293,165,167,296,294,170,299,172,171,301,175,174,305,306,179,308,307,178,310,303,177,164,309,184,180,166,330,295,300,302,123
4,135,138,10,13,142,16,273,275,148,149,150,151,152,22,154,30,159,32,34,35,292,164,165,167,296,169,37,168,300,44,302,303,46,174,178,307,308,180,182,311,175,179,52,64,323,199,200,73,330,201,81,88,172,45,231,237,239,251,254
0,128,2,3,132,4,12,143,144,273,146,148,149,150,151,152,154,155,285,157,158,159,161,162,160,164,165,34,167,296,168,170,171,172,173,302,175,47,46,178,307,308,180,179,55,181,182,185,321,196,330,85,43,111,112
4,142,143,144,146,147,148,149,153,154,155,157,158,159,160,161,164,165,294,292,296,41,298,299,172,293,302,175,174,170,178,307,308,180,303,183,55,184,305,179,182,310,166,167,330,171,177
135,141,142,143,144,145,148,149,150,153,154,155,158,292,293,164,167,296,169,166,299,172,300,301,175,303,177,306,179,308,307,310,311,178,305,180,309,184,330,295,170,171,174,304
129,2,4,266,142,143,144,147,20,148,149,154,155,156,157,158,32,161,160,164,167,169,298,297,170,173,302,47,304,172,175,307,180,53,181,55,178,179,189,190,65,199,201,330,207,214,88,171,232,235,301,174,255
2,135,141,143,144,145,146,147,148,149,150,153,154,155,157,29,158,160,159,161,293,165,294,296,297,298,299,172,300,302,175,304,170,178,307,308,180,306,174,310,179,181,184,167,330,173,110
0,4,134,7,138,11,266,16,275,19,148,149,150,151,152,154,153,28,158,159,162,292,293,294,167,165,168,299,172,171,46,303,175,302,47,307,308,178,182,311,306,177,179,310,184,186,316,63,329,73,219,231,174,239,126
2,4,142,143,144,146,147,148,149,19,153,154,155,156,157,158,160,161,164,294,38,296,167,170,169,172,298,302,175,47,46,178,307,308,180,309,55,183,176,181,179,61,330,297,93,94,173,301,244
141,142,143,144,146,147,148,149,150,153,154,155,158,292,293,166,167,296,169,170,299,172,300,174,175,303,177,306,307,308,178,310,302,184,305,179,309,180,330,295,171
179,141,142,143,144,146,147,148,149,153,155,157,158,160,161,164,293,292,165,296,295,170,299,172,300,302,175,174,47,178,307,308,306,180,304,184,305,309,310,181,330,169,297,88,298,173,301,303
10,11,271,16,145,144,147,148,149,153,154,155,156,158,160,161,292,293,37,167,294,169,166,171,172,301,296,303,170,177,306,179,299,174,310,311,175,307,308,180,184,200,329,73,74,330,81,213,231,237,239,242,251
129,141,142,143,144,146,147,148,149,153,154,155,156,157,158,160,161,164,165,294,167,296,169,298,299,300,172,302,175,47,305,178,307,308,180,306,182,184,49,179,181,311,65,330,297,170,173,301,174,112
141,142,143,144,146,147,148,149,153,154,155,156,157,158,160,161,164,293,294,167,296,41,298,299,172,170,302,175,176,174,178,307,180,308,173,183,184,55,179,181,330,169,297,171,300,301
141,142,144,146,147,148,149,153,154,155,157,158,160,161,162,164,293,165,166,296,167,169,171,172,301,299,175,300,305,178,179,308,307,306,180,177,185,181,310,184,321,330,203,85,170,173,174
1,259,4,142,146,147,148,150,151,152,153,155,158,159,162,165,294,296,168,170,171,172,302,175,174,178,307,308,309,182,55,50,310,184,185,61,193,66,323,321,330,203,206,209,82,212,85,90,95,232,114,115,249,253
261,141,142,143,144,269,146,147,148,149,153,281,155,28,157,158,31,160,161,294,296,169,298,299,172,170,302,175,300,304,178,307,180,308,306,183,184,68,70,71,330,76,79,81,86,87,88,89,95,98,100,105,106,109,110,112,116,117,121
257,258,260,262,267,141,144,145,148,149,153,154,155,158,160,34,292,293,166,295,167,297,294,299,300,172,170,171,301,177,306,174,175,309,310,311,312,179,180,307,184,318,319,322,324,200,330,296,213,89,225,245,303,248,249,122
4,141,142,14,146,147,148,149,150,151,152,153,154,155,157,29,31,160,159,162,165,294,38,296,167,168,299,172,300,302,175,48,47,178,307,308,180,306,183,304,177,179,182,310,184,62,326,330,211,171,223,99,174,110,125
141,142,143,144,146,147,148,149,150,153,154,155,157,158,160,161,32,164,293,292,166,296,167,298,299,300,172,302,175,47,305,178,307,308,180,306,309,184,177,179,310,294,330,170,171,174,303
141,142,143,144,146,147,148,149,153,155,157,29,158,160,159,164,292,294,295,296,297,170,299,172,169,302,175,304,301,306,307,308,309,180,178,184,310,179,330,88,174,303,125
141,142,144,146,147,148,149,150,153,154,155,157,158,292,293,165,294,296,166,295,299,172,300,174,175,303,171,306,307,308,179,310,178,305,184,177,309,180,167,330,170,301
128,129,130,131,132,5,134,135,133,137,138,139,140,136,10,16,275,285,286,287,288,289,290,291,46,313,323,195,200,329,202,201,81,213,216,237,122,123,124,125,126,127
128,129,130,131,132,133,134,135,136,137,138,139,140,144,16,146,23,285,286,287,288,289,290,291,163,46,180,56,65,66,195,198,112,122,123,124,125,126,127
128,129,2,131,132,5,134,135,130,137,138,139,133,136,14,140,285,286,287,288,289,290,291,166,167,172,46,175,179,321,323,195,324,200,210,212,225,234,122,123,124,125,126,127
128,129,130,131,4,132,134,135,133,137,138,139,140,136,142,275,20,285,286,287,288,289,290,291,157,46,174,175,182,314,319,323,324,328,73,200,204,219,225,231,236,237,122,123,124,125,126,127
128,129,130,131,132,5,134,135,136,137,138,139,140,133,16,275,285,286,287,288,289,290,291,29,163,160,168,46,56,200,219,231,237,239,122,123,124,125,126,127
128,129,130,131,132,133,134,135,8,137,138,139,136,140,17,21,23,27,285,286,288,289,290,291,161,164,44,178,315,188,192,323,326,328,92,230,244,122,123,124,125,126,127
128,129,130,131,132,133,134,135,136,137,138,139,140,2,5,267,145,23,285,286,287,288,289,290,291,46,56,66,72,201,219,221,236,122,123,124,125,126,127
128,129,130,2,132,5,131,135,133,137,138,139,265,134,136,140,263,274,150,284,285,286,287,288,289,290,291,33,161,41,46,50,53,56,57,185,59,66,75,76,207,214,217,103,122,123,124,125,126,127
128,129,130,131,132,133,134,135,136,137,138,139,140,12,1,17,23,27,285,286,287,288,289,290,291,44,56,59,63,192,66,326,122,123,124,125,126,127
128,129,130,131,132,5,133,135,134,137,138,139,140,136,274,148,149,285,286,287,288,289,290,291,32,41,42,307,317,66,323,326,200,214,95,234,244,122,123,124,125,126,127
128,129,130,131,132,133,134,135,136,137,138,139,140,17,23,27,285,286,287,288,289,290,291,44,56,63,192,66,323,230,122,123,124,125,126,127
128,129,130,131,132,133,134,135,136,137,138,139,140,10,16,151,28,285,286,287,288,289,290,291,162,165,46,50,311,73,329,202,81,91,231,123,237,239,122,251,124,125,126,127
128,129,130,131,132,133,134,135,136,137,138,139,140,263,285,286,287,288,289,290,291,166,48,179,57,313,66,323,195,326,206,213,225,118,122,123,124,125,126,127
128,129,130,131,132,133,134,135,136,137,138,139,140,266,273,275,285,286,287,288,289,290,291,32,39,314,189,190,323,199,201,207,220,223,122,123,124,125,126,127
128,129,130,131,132,133,134,135,136,137,138,139,140,16,22,23,285,286,287,288,289,290,291,163,293,160,168,46,56,66,323,195,219,122,123,124,125,126,127
128,129,130,131,132,261,134,135,136,137,138,139,140,133,16,147,278,23,22,26,285,286,287,288,289,290,291,163,160,168,46,313,210,85,231,234,238,122,123,124,125,126,127
128,129,130,131,259,4,132,135,133,137,138,139,140,13,134,136,7,10,144,19,155,285,286,287,288,289,290,291,169,49,57,192,66,323,195,194,74,207,209,232,122,123,124,125,126,127
128,129,130,131,132,133,134,135,136,137,138,139,140,285,286,287,288,289,290,291,158,32,192,66,195,323,205,207,210,220,232,233,122,123,124,125,126,127
128,129,130,131,1,133,2,135,136,137,138,139,134,132,140,7,280,285,286,287,288,289,290,291,48,59,328,218,221,103,104,233,107,122,123,124,125,126,127
128,129,130,131,132,5,134,135,136,137,138,139,140,133,261,23,285,286,287,288,289,290,291,158,32,195,323,198,210,212,85,215,92,231,232,234,122,123,124,125,126,127
128,129,130,131,132,261,133,135,134,136,138,137,140,139,147,278,285,286,287,288,289,290,291,166,167,172,179,54,313,321,193,323,195,196,200,203,78,209,210,83,212,85,215,231,234,111,240,115,122,123,124,125,126,127
128,129,130,131,2,132,133,135,136,137,138,139,266,140,134,285,286,288,289,290,291,35,173,53,56,70,199,201,207,217,122,123,124,125,126,127
128,129,130,131,2,133,132,135,136,137,138,139,134,8,140,17,21,23,27,285,286,288,289,290,291,164,44,178,56,57,59,63,192,66,197,326,122,123,124,125,126,127
128,129,130,131,132,133,134,135,136,137,138,139,140,266,16,22,285,286,30,288,289,290,291,287,163,160,168,46,53,56,189,63,199,201,222,234,122,123,124,125,126,127
256,129,130,131,128,132,134,135,133,137,138,136,140,139,5,141,285,286,287,288,289,32,291,290,37,169,297,305,57,188,319,322,323,71,200,212,213,221,98,230,236,237,122,123,124,125,126,127
128,129,130,131,132,133,134,135,136,137,138,139,140,1,17,21,23,27,285,286,287,288,289,290,291,44,56,59,63,192,326,122,123,124,125,126,127
128,129,130,131,132,133,134,135,136,137,138,139,140,12,0,3,23,285,286,287,288,289,290,291,157,39,56,204,225,233,238,122,123,124,125,126,127
128,129,130,131,132,133,134,135,136,137,138,10,140,139,146,275,285,286,287,288,289,290,291,164,301,302,304,311,323,200,73,329,202,81,215,222,231,123,237,239,116,121,122,251,124,125,126,127
128,129,130,131,132,2,134,135,136,137,138,139,140,266,133,285,286,30,287,289,288,291,290,173,46,53,56,189,199,201,207,217,122,123,124,125,126,127
128,129,130,131,2,133,134,135,1,137,138,139,136,132,14,140,280,285,286,287,288,289,290,291,166,167,179,59,65,218,221,103,233,107,122,123,124,125,126,127
5,9,206,207,27,312,313,314,187,188,189,316,317,190,191,186,194,324,197,198,327,200,329,202,203,326,204,199,192,208,209,210,211,205,213,214,215,195,212,323,216,328,201
205,206,207,186,312,313,314,187,316,317,189,191,319,188,194,323,324,193,192,327,200,329,202,199,203,201,197,198,208,209,210,81,204,213,214,215,216,195,211,212,231,326,237,328,251
205,206,207,189,312,313,314,187,316,317,190,318,319,188,186,323,324,197,326,192,200,328,327,202,204,191,198,203,208,209,193,211,194,213,214,195,216,80,210,196,212,215,199,201
204,205,206,283,186,189,313,314,187,316,317,190,191,192,193,194,195,196,324,198,327,200,326,197,203,329,199,319,201,208,209,210,321,212,213,214,215,207,211,323,216,328,202
256,257,258,259,260,267,145,278,287,312,186,315,188,316,318,319,192,187,322,323,324,191,326,194,328,200,202,197,199,201,206,207,72,209,205,211,208,213,214,210,212,89,215,216,221,230,236,122,126
136,205,206,145,312,313,186,314,316,187,188,189,192,190,191,317,196,197,326,327,199,329,201,203,204,202,320,207,208,209,193,211,194,213,214,215,195,210,212,216,324,198,200,328
256,258,262,206,34,186,312,313,314,187,315,317,318,319,190,316,322,323,324,194,191,199,200,328,202,203,327,192,197,72,74,209,210,205,207,213,214,215,195,208,212,216,221,201,248,249
256,204,138,206,207,275,283,211,187,312,313,314,186,316,317,318,319,192,188,322,323,324,189,326,191,200,73,202,329,328,74,197,198,327,81,209,194,205,213,214,195,216,208,210,212,215,231,199,237,201,248,251
205,138,32,186,312,313,314,315,188,187,316,317,192,318,319,323,324,189,326,199,200,328,202,329,195,196,206,207,208,209,194,211,204,213,214,210,216,212,215,191,197,198,244,201
256,2,4,266,32,167,186,187,312,313,314,315,316,189,317,318,192,319,188,323,324,195,326,199,328,200,201,191,197,327,206,207,208,209,194,202,205,322,214,210,212,217,213,215,216,221,230,122
256,257,186,187,312,57,313,315,188,316,317,318,192,319,322,323,195,324,191,194,328,200,74,197,199,201,206,202,205,209,207,211,208,213,214,215,210,217,212,216,221,230,235,236,245,122,126
137,78,206,275,152,186,46,312,313,314,187,188,316,317,319,192,189,318,323,324,196,326,199,200,329,202,328,73,327,204,207,208,209,210,194,205,213,214,195,216,212,215,94,191,197,198,72,244,201
5,9,206,186,313,314,187,316,188,190,191,189,319,194,317,196,197,192,327,200,329,202,201,199,326,328,207,208,209,204,211,205,213,214,195,216,210,323,212,215,198,106
2,265,269,283,167,186,173,46,53,312,313,314,187,316,317,318,190,192,319,188,323,324,189,326,199,328,201,191,194,204,197,202,207,200,209,205,211,206,213,214,208,210,217,212,215,216,244,121,253,254
263,205,206,207,275,186,312,313,314,187,188,316,190,317,192,318,319,323,324,189,326,198,328,200,191,202,199,329,327,201,208,209,194,211,204,213,214,215,195,210,82,212,216,94,197,241,244,123
256,257,258,3,260,262,134,138,267,287,51,312,314,315,316,186,318,319,187,191,322,323,324,192,326,194,328,200,197,199,201,202,205,206,80,209,207,208,210,213,214,212,88,89,215,216,221,225,229,230,245,246,248,122
204,205,78,206,18,207,208,282,186,190,312,313,314,187,316,317,318,319,189,188,322,323,324,197,326,327,200,328,67,203,199,201,193,191,321,209,210,211,212,213,214,215,194,195,216,96,192,198,246,202
261,269,17,28,31,215,182,312,313,186,314,316,187,188,318,192,191,317,195,324,197,326,190,328,323,196,203,204,205,320,71,321,209,208,211,75,213,214,68,79,80,81,210,69,84,86,87,88,89,92,97,98,106,107,109,73,244,116,120,121
4,206,207,281,34,189,312,313,314,187,188,316,317,318,192,319,186,323,324,197,326,198,328,200,191,203,204,205,199,201,202,209,210,211,212,194,214,195,216,208,213,215,223,225,104
5,205,206,186,298,312,313,314,187,316,317,189,190,188,321,193,195,196,324,198,327,323,197,200,203,204,191,326,192,208,209,210,211,212,194,214,215,207,213,216,234,199,328,201,202
204,205,138,206,32,186,315,312,313,314,187,316,317,318,188,189,190,192,323,324,196,326,199,200,328,202,201,195,319,203,207,208,209,210,211,321,213,214,215,194,212,216,191,197
5,9,13,148,176,48,183,189,314,186,316,187,188,317,192,190,319,195,324,197,326,198,323,200,327,66,204,205,206,191,208,209,194,211,207,210,214,212,213,215,216,199,328,201,202
2,5,135,205,38,46,188,313,314,187,316,189,317,190,186,193,321,323,324,195,196,199,200,201,327,194,326,203,206,191,208,209,210,202,212,204,214,215,207,213,216,222,197,192,198,234,328
3,137,280,289,291,186,59,182,189,312,314,187,188,315,316,317,192,318,319,323,324,197,326,65,328,195,321,191,199,205,201,202,200,209,194,211,206,207,214,208,81,210,218,213,212,221,215,216,103,107,329,122
205,206,207,189,312,313,186,314,188,187,316,317,192,320,190,191,324,197,326,198,327,329,202,203,318,204,328,199,208,209,210,211,193,213,214,195,194,212,215,216,200,201
259,289,41,315,189,314,186,316,317,187,319,192,190,66,323,195,197,326,324,328,72,318,191,204,205,206,207,208,209,194,211,210,212,214,213,216,217,215,198,199,200,201,202,253
256,259,260,263,267,269,206,18,275,208,281,282,283,51,312,314,315,316,186,318,319,187,189,191,323,324,192,326,194,200,328,73,67,195,197,198,199,80,209,201,211,205,78,214,207,88,89,210,212,213,215,216,96,225,103,246,202,122,253
129,204,132,205,278,163,186,63,189,314,187,316,188,318,317,192,321,193,195,196,324,326,323,328,320,191,203,197,198,206,199,201,209,210,83,212,194,214,215,207,208,213,216,225,235,111,240,200,114,202
204,262,205,278,186,312,313,314,187,316,317,189,318,319,321,193,195,196,324,323,326,200,328,199,203,191,192,206,198,201,209,210,83,212,194,214,215,207,208,211,213,216,89,197,111,240,114,117,202
256,204,138,145,287,289,186,41,190,46,312,314,187,188,316,317,318,192,319,315,323,324,196,326,197,200,329,202,328,195,73,191,207,208,209,194,211,205,213,214,206,216,210,212,215,199,72,236,201
256,129,205,138,10,206,207,275,37,311,312,313,314,186,187,189,318,319,191,192,322,323,324,196,194,199,200,329,202,73,203,197,198,201,328,81,209,210,204,213,195,215,216,208,212,214,211,231,326,237,251
2,259,137,280,289,290,291,166,53,314,186,188,59,316,187,192,317,319,323,195,197,326,196,328,72,191,194,204,205,206,199,321,209,201,211,207,208,214,68,216,217,218,210,212,213,215,103,107,200,119,202
186,190,189,312,313,314,187,188,316,317,318,192,320,319,323,324,197,326,198,328,195,321,203,200,201,204,327,205,209,210,211,193,194,214,206,207,208,212,213,215,216,191,199,202
262,208,289,186,46,48,188,63,189,313,314,187,316,61,317,190,192,321,194,323,195,324,326,319,328,200,318,196,204,205,206,191,199,209,201,211,212,207,214,215,216,217,210,213,89,197,198,202
204,205,138,206,207,156,186,190,189,312,313,314,187,316,188,317,318,192,321,319,320,324,323,326,198,200,327,328,203,197,193,191,199,208,209,210,211,212,213,214,215,194,195,216,201,329,202
205,138,10,206,28,186,305,312,313,314,187,316,189,188,317,319,192,190,323,195,196,191,327,200,329,202,328,73,199,197,207,208,209,194,211,204,213,214,215,216,210,212,198,231,244,201
128,204,77,205,9,273,275,278,288,313,314,187,316,317,186,191,192,321,193,323,195,196,324,326,328,200,198,203,197,199,206,207,201,209,210,194,212,85,214,215,208,213,216,111,114,115,244,117,202
204,10,138,206,207,275,40,42,177,311,312,313,314,187,188,189,318,319,186,191,322,323,324,196,192,199,200,329,202,327,73,201,197,198,328,81,210,194,205,213,214,215,195,208,209,212,216,231,237,239,251
256,258,204,260,275,34,186,189,312,313,314,187,315,316,317,318,319,188,322,323,324,192,326,199,200,328,191,194,197,198,201,202,205,209,206,207,208,213,214,215,195,89,210,212,216,221,225,248,122
204,205,206,207,186,190,188,312,313,314,187,316,189,317,318,319,193,321,323,324,196,195,327,200,199,328,203,326,198,191,192,208,209,210,194,212,213,214,215,322,211,216,197,201,202
204,205,206,25,39,186,190,47,312,313,314,187,316,189,188,317,192,318,319,323,324,197,326,320,328,329,191,203,202,200,199,207,208,209,194,211,212,213,214,195,210,215,216,198,201
5,6,206,279,186,54,313,314,187,60,317,189,190,316,193,194,195,196,325,324,327,200,201,199,203,198,191,192,202,208,209,210,204,212,205,214,215,207,211,213,216,222,197,326,234,328
205,78,206,18,275,207,281,282,159,34,186,190,312,313,314,187,316,317,318,319,192,321,193,323,324,67,326,198,200,328,68,203,196,197,191,199,201,209,194,211,212,213,214,215,195,208,210,216,96,246,202
259,268,31,298,189,313,314,186,316,187,188,319,192,317,190,323,195,197,196,326,328,66,202,74,204,205,72,207,208,209,206,211,194,210,214,212,216,213,215,191,198,199,200,201
129,259,9,148,176,183,313,314,186,316,187,188,317,192,319,189,195,196,197,326,323,200,329,324,203,204,205,206,207,208,209,194,211,210,213,214,212,215,216,191,198,199,328,201,202
205,138,206,186,190,312,313,314,187,188,316,317,318,192,319,189,323,324,197,326,191,200,328,202,329,196,201,199,207,208,209,194,211,204,213,214,195,215,210,212,216,94,198
204,205,207,186,190,301,52,312,313,314,187,316,189,317,318,188,321,193,323,324,196,326,195,200,328,199,203,197,198,206,191,192,209,210,211,212,213,214,215,194,208,216,104,201,202
204,205,9,206,207,186,189,312,313,314,187,316,317,318,190,191,193,188,323,324,197,326,327,200,329,202,203,196,192,199,320,208,209,210,211,212,213,214,215,322,194,195,216,98,328,201
204,205,206,207,186,311,312,313,314,187,316,317,318,319,191,189,190,323,324,197,326,327,200,329,202,73,199,203,325,192,193,81,209,210,194,213,214,215,195,208,211,212,216,198,231,328,201,251
0,3,205,12,289,34,186,60,315,312,313,314,187,316,317,318,319,190,189,322,323,324,195,326,327,200,328,196,202,199,192,206,191,208,209,210,194,212,213,214,215,207,85,216,223,197,325,201
204,205,138,206,186,315,312,313,314,187,188,189,318,319,316,317,322,323,324,196,193,199,200,329,202,328,203,73,327,191,192,209,210,194,212,213,195,215,207,208,211,214,216,197,198,231,326,237,201
204,205,138,206,207,311,312,313,314,187,188,189,318,319,186,191,192,323,196,324,193,327,200,329,202,73,203,199,328,198,208,209,81,210,194,213,214,215,195,211,212,216,197,231,326,237,239,201,251
256,257,258,206,186,297,189,312,314,187,315,188,318,319,192,316,322,323,324,190,195,191,200,328,202,329,197,199,201,204,208,209,210,194,205,213,214,215,207,212,216,221,198,230,248,122
206,207,283,312,313,314,187,188,316,189,190,320,191,317,186,324,197,198,327,200,329,202,203,204,318,199,192,208,209,194,211,205,213,214,215,195,210,319,212,216,325,326,328,201
204,205,283,186,190,189,312,313,314,187,188,315,316,317,192,321,318,323,324,195,326,319,328,200,196,203,191,193,206,207,199,209,210,211,212,194,214,215,208,213,216,217,197,225,198,244,201,202,122
204,205,206,186,313,314,187,188,189,190,191,317,193,316,323,196,197,195,199,327,201,202,200,329,203,328,207,208,209,210,211,194,213,214,215,212,216,319,324,192,198,326
5,186,188,313,314,187,316,317,189,191,190,193,194,323,324,197,326,327,200,201,329,202,199,198,204,207,208,328,210,205,212,206,214,215,195,217,209,213,216,192,234,237
204,205,206,207,186,313,314,187,316,189,190,317,191,193,194,323,196,325,324,327,200,201,321,203,199,329,198,192,208,209,210,202,212,85,214,215,213,195,216,211,197,326,328
256,205,138,206,145,150,287,186,312,313,314,315,187,188,316,319,192,318,317,323,324,190,326,196,200,329,202,328,73,191,197,207,208,209,194,211,75,213,214,195,216,210,212,215,231,199,72,236,244,201,76
269,275,281,39,186,187,47,48,312,185,314,315,188,316,317,318,192,319,322,323,324,195,326,190,328,200,202,196,204,191,206,199,208,209,194,211,205,207,214,215,210,213,216,197,225,230,201,122
138,206,32,37,188,53,312,313,314,187,186,189,318,319,317,193,194,323,324,322,191,199,200,201,202,327,71,192,197,198,208,209,210,204,212,205,195,215,207,217,211,213,214,216,222,326,234,237,328
128,5,17,275,21,279,41,48,56,313,314,187,316,317,188,186,192,189,191,323,195,197,198,326,200,328,327,202,324,199,201,204,208,194,205,206,207,209,214,210,212,213,215,216,222,225,233,234,238
5,138,206,207,275,279,32,186,190,182,189,312,313,314,187,316,188,317,318,192,319,315,323,324,195,326,196,200,328,202,197,204,191,199,201,208,209,210,211,194,205,214,215,216,212,213
256,205,18,282,283,186,189,312,314,187,188,315,316,318,192,319,317,323,324,196,326,195,328,200,202,322,191,197,206,199,208,209,194,211,212,67,214,78,207,210,213,215,216,221,96,225,244,201,122,253
128,22,23,42,315,313,314,187,188,316,317,190,192,321,186,323,324,195,326,198,328,197,318,196,204,205,206,203,208,209,210,211,212,194,214,215,207,213,216,191,199,200,244,201,202,123
206,270,15,207,275,277,54,312,313,314,186,316,189,318,319,187,191,194,323,324,322,325,199,200,71,202,327,196,192,197,198,208,209,201,204,205,213,86,215,85,195,210,212,214,216,111,242,328,116,248,124,126
259,268,275,289,172,48,189,313,186,187,316,317,188,319,192,314,66,323,195,197,326,190,328,72,74,196,204,205,206,207,199,209,194,211,208,210,214,212,216,217,213,215,191,198,200,201,202
131,205,206,207,20,34,186,300,312,313,314,187,315,316,317,318,319,188,322,323,324,189,326,199,200,328,201,198,193,327,191,192,208,209,210,194,204,213,214,215,195,212,216,197,225,248,202
204,205,206,207,186,312,313,314,187,316,189,317,191,190,193,194,321,196,324,198,327,200,199,329,203,195,320,326,192,208,209,210,202,212,85,214,215,213,211,216,217,197,234,328,201
128,204,132,262,205,163,186,188,63,312,313,314,187,316,317,189,318,320,321,193,195,324,196,198,326,327,200,328,203,323,191,206,192,199,209,210,194,212,85,214,215,207,208,213,216,89,197,234,201,202
5,205,138,206,271,207,275,156,312,313,314,187,316,188,317,319,318,186,189,323,324,195,191,327,200,329,328,203,202,199,192,193,201,209,210,194,204,213,214,215,216,208,211,212,197,198,231,326,251,127
204,205,138,206,207,186,311,312,313,314,187,316,189,318,319,188,191,190,323,324,192,193,327,200,329,202,199,73,203,201,326,208,81,209,210,194,213,214,215,195,211,212,216,197,198,231,328,251
135,138,10,206,275,312,314,315,188,189,318,319,186,187,322,323,324,195,194,199,200,329,202,73,328,201,204,191,192,209,210,205,212,213,214,215,207,208,81,196,211,216,197,198,236,237
53,313,186,314,188,187,316,317,192,190,189,195,324,197,326,327,328,329,202,191,204,205,319,207,208,209,194,211,206,210,214,212,216,217,323,196,91,213,215,198,199,200,201,118
204,205,278,186,312,313,314,187,316,189,317,318,190,321,193,195,196,324,323,199,200,328,319,203,326,191,206,192,201,209,210,211,212,194,214,215,207,208,213,216,217,197,198,111,240,202
128,204,205,206,275,186,313,314,187,316,189,317,190,192,321,194,323,324,196,198,326,200,199,195,318,203,327,193,201,208,209,210,202,212,85,214,215,207,211,213,216,217,191,197,328
205,78,18,282,186,190,189,312,314,315,187,316,317,318,319,188,192,323,324,195,326,196,200,328,321,197,203,202,206,204,208,209,67,211,212,194,214,215,207,217,210,213,216,191,96,199,201,329
256,267,145,207,287,32,295,312,314,315,186,187,318,319,190,193,194,323,324,325,322,199,200,201,327,328,196,191,206,202,208,209,210,205,212,213,214,215,195,216,221,197,230,72,236
2,6,266,167,173,53,312,313,314,187,316,189,317,190,319,318,186,323,324,191,192,199,200,201,327,329,195,197,326,207,208,194,210,202,205,213,206,215,209,217,212,214,216,222,231,234,328,117,121
9,32,289,189,186,315,314,187,316,317,192,319,188,323,195,324,326,197,200,328,202,196,204,205,206,318,208,209,207,211,194,210,214,212,216,217,213,215,191,198,199,235,244,201
