1251,739,1062,1223,359,136,234,464,1073,628,1273,538,1244
1248,1282,741,70,1285,1287,1098,172,626,723,1212,185,540,1277,543
928,740,329,973,1200,208,50,569,443,572,573
742,1127,40,810,1226,1004,686,718,497,178,852,1173,1174,727,889
224,707,199,744,968,844,1046,152,217,862,1215
1189,357,747,76,589,811,941,821,437,317,447
1218,1157,806,746,43,1194,1006,849,1202,822,663,1212,349
289,547,100,102,232,749,14,467,246,22,539,505,155,60,477
389,910,911,368,752,658,179,595,1045,594,922,990
1282,675,996,359,585,586,970,753,723,852,694,920,697,509,1118
652,621,559,945,722,755,756,754,851,1143,1209,1274,1245,1119
961,1225,1098,587,893,718,48,433,760,1272,1275,93,606,703
960,966,40,362,810,1098,266,588,432,53,86,983,1242,311,447
1189,747,1259,589,941,430,272,1233,821,86,796,317,734,447
355,453,808,1161,426,845,1006,31,957,703,823,794,796,349,606,639
321,675,323,69,41,363,684,107,686,654,1174,607
608,1056,771,772,1126,777,812,115,948,1075,347
609,97,351,648,908,1133,1102,1007,594,438,1048,826,444,1182,1119
357,741,806,40,613,362,718,849,1212,723,540,893
930,872,968,1258,410,1170,411,1046,1015,600,1146,1179,1116,639
614,6,872,779,972,975,976,178,628,885,820,436
580,229,196,421,934,969,1227,686,497,757,54,1109,314,924,1150
804,103,1068,847,82,660,758,185,667,1278
130,482,706,37,199,295,968,1130,815,977,1110,1111,217,410,411,1215
70,486,40,811,460,893,718,464,723,983,760,538,540,509
121,1145,579,260,550,1098,812,913,850,371,979,1013,761,991,799
931,836,614,873,779,460,621,847,976,124,1267,828,767
706,676,772,777,791,1198,1263,814,1203,1075,115,631,956,254
608,1056,611,771,777,812,204,60,1230,917,218,956
448,609,770,668,263,648,616,1169,273,531,308,444
768,354,1155,741,1157,1287,357,422,234,1201,241,125,350
32,34,291,1031,1004,686,785,371,852,567,761,219,860,223
931,229,614,6,873,779,975,628,885,436,313,828,767
1056,608,611,771,777,956,204,1230,917,60
1122,991,773,561,850,1203,694,761,442,412,1279
1097,908,909,1133,911,1007,378,594,495,1269,791,1208,1209,602,826
1282,610,1285,440,7,773,171,172,723,952,920,697,1277,1279
1250,419,933,1256,1259,1260,1261,430,433,434,787,119,893
1121,1217,453,394,206,399,1233,786,660,663,26,794,796,317
356,1222,231,1211,1006,718,760,24,795,1117,798
960,1217,1027,40,811,589,718,271,399,983,248,794,252,831
453,1222,231,808,1211,845,718,624,1232,850,795,252,1117,798
1217,206,271,399,304,786,1205,248,794,861,831
801,355,356,357,806,613,616,360,1006,497,785,886,952,669
289,802,771,517,425,777,525,1198,305,1108,791,247,317
121,807,40,552,1098,1003,718,751,497,371,799,761,893,1279
800,706,67,249,230,841,778,812,972,850,1042,597,761
1216,642,293,809,106,139,473,980,408,1209,698,475,605,1246
1218,1157,810,362,1260,1006,1234,538,468,306,661,474,1148,989
355,613,806,1006,783,822,663,760,794,1083,1212,349
1272,1121,808,845,13,269,1232,918,119,760,729,952,1211
1249,227,387,1127,135,169,777,683,236,1068,816,1168,954
1217,835,676,1188,589,1198,206,1233,1235,821,1206,631,317,447
641,451,357,362,811,460,589,656,178,723,983,185,1212,509
418,194,549,265,329,814,55,375,1210,412,414,1023
448,993,609,261,658,1238,759,827,637,478,575
1248,1281,836,229,873,779,436,600,1210,1179,828,767
355,227,613,806,805,746,426,822,663,1083,1212,349
545,1282,1098,300,460,495,625,850,371,401,178,723,825,283,509
705,1154,355,613,1064,1161,426,1290,303,624,498,531,604,669
960,864,98,609,738,585,618,715,12,586,725,1176,634,989,671
259,580,451,41,1227,366,303,111,403,276,1209,1210,988,670,607
708,776,1064,1066,1112,173,1076,1268,885,727,221,1242,667,797,1055
289,419,682,718,14,1205,246,439,1272,665,90,284,157,126
420,905,170,682,906,364,1009,593,723,212,597,894
769,194,418,100,1126,743,680,204,534,55,310,218,765,703
322,227,708,167,231,203,140,205,685,144,626,532,1205,1113,445,543
323,259,69,675,41,107,684,363,654,686,607
674,1219,1220,908,909,621,911,559,80,594,1269,342,406,118,1119
672,1030,646,297,713,811,267,974,659,821,796,447
1219,1221,678,838,759,908,1133,814,1007,627,438,1238,441,1119
675,323,69,451,840,41,107,684,363,654,607
131,356,491,1068,268,1071,112,1136,690,374,23,24,601,379,29
866,227,1124,1222,1063,1127,203,760,691,309,918,280,1113,700
1217,1287,1064,618,727,1198,497,692,1205,533,1206,885,58,1112,667
1281,675,259,451,40,107,1004,684,686,654,497,852,1109,22
864,960,640,1284,966,1286,715,751,687,657,725,989
2,707,98,709,325,674,744,645,621,815,688,977,211,694,1215
1113,801,386,153,1127,616,203,685,845,689,693,918,280,281,379
98,1209,359,715,780,267,143,723,920,792,697,1051,763
197,1190,711,428,237,1011,500,115,534,120,1048,954,699,254
644,884,1142,887,537,890,701,222
1185,67,676,1284,1286,841,1228,1263,657,1203,631,731,702,1183
641,1282,1285,70,1287,40,173,718,626,723,983,185,187,1277,509,543
288,0,1282,640,1124,773,325,332,301,1263,625,1203,694,631
704,257,1092,1125,424,427,620,1039,338,213,696,954
386,453,933,1127,712,1063,377,807,968,464,690,1272,409,379,318
960,710,359,326,300,336,178,435,179,723,1012,627
898,227,708,1157,963,900,679,1192,233,427,432,338,950,954,667
705,1121,1154,967,392,1098,1290,433,371,1267,1109,1077,436,666,1275,604
704,387,1093,518,1127,365,816,338,372,373,86,1080,1084
40,619,1259,331,430,433,119,1207,1272,1177,893,703
1027,1220,908,621,110,559,652,722,754,755,851,406,1119
418,549,999,1001,536,1034,720,976,978,375,152,1179,157
322,355,387,612,1161,746,393,588,269,719,53,822,1271,918,661
439,1250,1252,1032,1260,1261,119,1272,90,893,318,703
323,675,69,840,40,684,654,718,592,1174,607
1282,541,1285,359,1287,297,716,460,1232,723,468,1045,1277
640,161,98,1284,715,621,687,1040,657,725,631,185,702
928,1,0,4,46,1200,1041,1016,1049,927
771,454,1128,777,714,606,845,941,798,760,24,794,957,958
802,425,305,627,660,757,247,728,665,346,443
1121,322,967,8,616,1067,1231,624,306,1141,918,24,729,1112
329,649,875,1263,1200,1203,309,726,983,920,668,1183
608,677,748,237,781,623,177,436,310,727,1275
1113,322,899,452,324,281,327,249,814,724,693,153,346,766
640,864,98,960,618,715,687,657,725,631,730
908,621,1134,1007,944,346,722,755,723,115,438,629,1016,441,1210
960,673,359,906,300,723,179,435,151,920,697,1051,509,638
737,834,355,357,646,43,1006,1201,1202,659,661,663,1212,349
98,738,5,359,648,585,586,715,687,657,723,1273,634,1021,638
996,1128,1259,430,1140,1236,1207,1177,31,1277,734,703
1248,1282,454,743,551,487,587,750,623,660,794,347,606,735
738,1027,1284,1286,905,1274,682,906,621,1040,629,634,1276,733
640,864,98,1284,1286,874,715,687,657,340,725,854,730,1021
1282,1283,132,732,456,970,1098,460,461,142,723,697,730,540
160,128,258,736,706,643,707,709,493,894,122,1020,158,286
960,864,290,636,98,359,970,1098,234,46,209,946,1012,1020
1113,153,1127,203,685,845,626,693,1205,918,281,379,445
1251,359,1223,1195,460,143,1073,723,628,885,1012,1274,1244,509,351
677,748,172,1230,623,812,177,1037,469,1275
705,1058,1121,967,392,1064,624,402,666,604
738,98,678,1286,585,586,1100,687,1045,629,634,636,415
1184,1120,418,771,636,549,1190,777,1258,1132,880,1172,952,1020,1149,414
1186,968,844,1198,124,625,853,1046,919,1210,1052,639
257,1125,421,424,1065,427,338,23,632,1086
866,903,617,10,11,139,621,841,809,1073,1011,1108,473,1213
1284,1286,134,874,618,1040,1106,467,211,630,505,477,1183
960,0,674,1027,485,585,586,970,621,723,883,342,406,697,698,638
0,640,928,869,1133,622,1007,943,1041,915,438,342,694,444,127
1252,40,797,619,1261,430,433,119,983,252,893,703
481,322,677,1290,427,620,13,1230,1232,626,374,187,221,543
1218,1155,355,1157,357,1159,362,43,1167,1202,659,663,1212
448,770,647,648,906,1102,944,273,656,723,308,695
772,1221,1190,551,137,493,120,655,1263,209,920,218,1020,1183
323,259,69,675,840,107,684,363,654,607
248,1153,709,902,105,970,270,1039,433,852,821,662,696,665
515,535,806,646,1161,266,303,61,20,661,22,503,344,1212,349
193,37,549,232,1210,781,814,879,916,660,346,155,861
676,645,966,935,631,797,751,497,211,1268,1043,727,989
160,736,258,706,643,707,709,1102,410,720,1137,122,158,1020,894
641,1127,236,13,685,845,1232,1168,690,280,281,379
514,606,1131,1102,1263,1137,597,823,1176,794,731,957,638,223
352,384,358,650,1163,1164,1069,1166,889,955,25
385,833,673,97,647,648,1002,1102,273,1009,593,885,695
960,1027,585,970,586,9,1100,721,723,920,697,638,415
1187,649,841,1131,875,1263,1200,1137,561,1203,983,630,726,920,731
224,482,706,1124,37,199,968,1130,1258,1046,1111,1110,217,410,411,1215
835,645,935,874,907,1106,1043,883,854,1206
962,869,329,1226,1195,12,973,46,1200,432,799,927
486,460,13,141,495,464,1232,626,723,538,187,540,509,543
640,98,1284,966,359,1286,680,715,525,1040,657,723,725,695
709,199,744,872,968,844,976,720,1046,217,862
738,1027,1220,1158,359,1210,267,723,629,1016,634,733,415
738,1027,1218,585,586,970,671,1079,634,638,415
1184,482,199,968,1001,1130,1132,815,276,1110,1111,1046,217,410,411
224,130,162,706,37,295,968,458,410,499,1110,1111,1046,122,411,1215
3,229,614,1258,972,975,976,1042,885,859,863
418,872,1034,346,878,976,720,978,375,600,1146,1179,1116
960,1154,326,1290,464,1232,626,179,178,1077,723,983,187,604,540
640,1183,292,1255,839,874,1228,1263,1011,630,854,892,1151
34,964,583,615,872,1004,1108,1015,985,924,1017,830
928,0,962,5,869,839,620,1200,1041,1016,927
1252,1256,1260,1261,430,433,119,439,1272,90,893,318,703
439,1250,619,1260,1261,433,787,119,1207,1272,893,703
608,1056,611,771,764,1126,777,812,917,218,347,60
871,1160,971,1262,1264,819,599,856,830,959
960,1282,1188,453,1157,297,334,1232,1233,1266,179,723,1212,317
608,33,100,1255,812,1230,115,1267,789,952,1114,60,765
224,291,37,871,232,971,1262,1264,819,856,155,959
1248,929,580,1253,6,1223,872,968,1139,436,1115,639
448,1249,960,355,616,409,1006,624,816,626,277,216,729,187,445
674,1219,1220,707,262,682,621,468,117,1045,533,58,475,1276
804,103,811,1068,82,818,660,758,185,1278
121,1279,260,773,552,1098,497,371,799,761,283,223
1280,1089,418,1061,1070,1110,1111,89,411,476,1213,446,351
35,1220,293,1002,652,369,594,851,342,58
1219,1220,908,652,1007,559,945,80,851,438,1143,406,1274,1245,1119
1217,1282,1188,453,1222,1287,68,297,1232,1233,1266,1205,1277,382
962,869,1158,839,973,942,1200,1270,1048,1273
1284,966,934,1288,70,970,77,751,16,1267,888,1209,989,1150
930,872,1258,1034,878,410,1170,978,1108,1268,600,1146,1179,1116,639
1282,1188,1222,1287,941,334,1232,1233,1266,1277,317,382
834,646,616,43,974,1167,334,783,1202,659,663,1242,1212,349
1282,1285,741,7,1287,172,460,174,1199,723,852,440,1277
389,909,658,595,594,602,1269,922,990
709,199,968,744,1258,844,976,1268,1110,1046,217,1179,862
225,1251,675,451,486,1210,141,1199,16,178,1267,628,723,538
960,769,803,804,764,807,776,1194,784,788,1076,1271,1242,1244,797
640,673,98,770,5,359,647,648,525,1014,695,634,1273,58
290,1219,1220,674,1133,1007,118,438,406,441,1182,1119
384,1057,291,535,805,517,102,264,1161,1162,426,498,467,374,22,539
960,161,98,676,40,618,893,718,751,211,854,631,408,989,1183
1217,26,206,399,271,974,786,304,1233,794,317,382
224,706,37,232,1130,60,815,410,977,411,1110,1111,122,155,956,1215
674,1219,1220,99,361,621,1135,368,751,1045,343,826,1214
1248,929,1251,1253,6,1223,173,370,436,1268,1115
1248,929,1253,6,1223,614,1139,436,1115,639
1282,1188,1285,1222,1287,297,460,1198,1232,1266,723,1205,1277
674,1220,838,359,460,621,179,723,1045,343,1209,1274
899,567,934,903,1160,1224,1004,398,1199,686,627,852,599,985,219
224,418,194,772,999,232,1130,812,109,60,1198,310,55,155,956,157
772,1195,1196,879,1072,1106,531,1075,344,285,957,254,1183
1218,355,1194,43,362,784,849,626,663,1242,187,1148
357,806,1157,1189,746,43,1202,306,822,663,1083,1212
608,795,194,611,231,1098,172,812,1198,371,660,310,55,1211,1117
1248,1281,934,6,972,18,55,919,1210,828,1150
418,229,1258,1034,847,976,124,978,1170,600,1146,1179,1116,639
1282,1188,1285,1287,297,460,1198,1232,1266,1205,1277
834,355,612,1157,806,1189,775,1006,1266,659,437,663,1212,349
806,646,1194,1006,1167,1148,849,1234,659,661,663,1212,349
834,1155,612,1157,806,1189,266,589,1167,659,437,663,1212,349,447
834,1189,646,357,1190,941,974,1230,272,1233,53,86,796,447
835,645,935,874,907,1106,1043,883,854,1206,630
160,865,258,418,772,197,1190,493,655,120,122,1020,158
320,101,1288,328,362,1231,1077,1141,825,1178,1211,348
290,1219,1220,361,1133,1007,559,594,342,118,438,1182
257,641,1125,421,1065,1037,697,23,727,632,1273,667,1086
608,1056,610,611,737,965,1126,812,1037,1198,782,660,948,340,347,60
1219,1220,908,559,594,851,117,342,118,406,1213,1119
1056,1121,1058,967,1064,392,402,1077,952,666,1112,1242
1024,1185,642,870,1129,1002,841,874,113,1010,531,408,121,1018,351
35,36,293,396,909,1133,1135,911,369,594,80,915,342,438
704,705,1218,227,547,1127,423,169,393,186,814,918,822,346,445
1248,964,872,744,968,1258,844,1108,1046,600,1146,1179,862,639
1282,1188,1285,359,1287,297,1098,1128,460,1232,179,723,1277,541
1218,1252,1254,1032,619,1261,430,433,1272,1177,893
1218,1194,746,1006,1148,849,1202,659,1234,663,1212,349
1282,1188,1285,359,1287,297,460,1198,1232,1266,723,187,1277
0,1273,839,234,653,942,1200,660,1014,1049,93,927
739,643,1189,1190,614,1223,172,1196,1230,469,859,1244,285,1183
896,931,899,710,934,264,1224,44,463,627,308,124
130,482,706,199,295,968,815,688,977,1110,1111,217,410,411,1215
1024,961,802,390,391,454,1225,587,48,1232,919,440,1052,223
960,225,451,836,40,585,10,1227,718,723,314,509
0,835,1188,1222,297,334,974,1232,1233,1266,630
960,359,585,970,586,460,1073,723,662,1213,697,1210,509,638
960,545,966,359,488,715,460,525,46,495,178,723,725,509
960,1284,1286,874,618,1040,1106,467,630,407,505,477,1183
1092,1095,679,717,1072,950,696,345,954,1053
1248,673,674,1220,359,647,621,525,1102,944,656,723,725
1113,322,227,1127,200,777,522,685,693,918,760,281,379
994,838,710,264,43,908,909,1007,911,594,659,1269,602
385,1284,1286,702,1102,494,1040,1137,722,657,695,477,894
65,899,931,710,903,1070,1265,1011,627,308,1213,95
899,710,903,264,1224,44,1199,463,627,124,95
359,682,906,780,525,751,723,533,792,1051,894,763
1163,1164,1069,1166,1078,376,25,955,221,889
480,227,835,231,233,874,302,207,340,886,854,988,190
771,454,777,1037,1263,879,404,917,630,189,888,793,861,1183
640,835,1226,525,1198,974,1233,882,1204,1206,630,218,636,989,1183
581,1031,584,583,852,567,568,1241,985,574
864,960,1185,1284,1286,359,1002,874,1102,1040,1137,695,698,1209,1018,894
834,1155,1218,1159,775,1006,1167,974,783,849,659,306,661,349
576,1025,260,1098,750,560,850,565,825,570,283,1085,1022,223
1272,280,1252,808,426,845,718,685,439,760,1211,893,319
804,6,872,1258,718,410,847,976,978,82,758,185,858,411,1278
321,323,69,840,41,40,107,684,654,718,607
800,67,932,773,249,841,778,812,850,597,895,761,799
34,836,964,1224,924,779,1004,1227,1199,627,219,828,767
1220,838,621,559,945,1143,343,1245,1119
199,968,844,410,880,1046,1111,152,217,1110,411,862
266,810,588,1261,399,304,1202,659,53,661,831
834,612,357,40,1242,1098,811,1212,147,983,440,215,252,540,671
390,391,72,423,650,1163,1164,1069,1166,646,1076,373,950,889,955
224,771,739,37,1062,232,777,60,1198,1075,115,789,1244,155,956,1215
356,453,1222,231,1211,750,718,814,24,795,1117,798
608,579,1285,550,168,812,60,1198,814,1199,1013,567,1114,155,412
389,361,909,910,911,368,595,1269,1045,602,826,990,922
896,545,40,105,1039,657,338,443,696,56,1275,667,861
356,1060,1156,612,169,426,525,1231,912,1011,20,1141,24,892,1151
1284,1273,359,970,715,687,143,657,1012,725,792,697,1051,638
672,1189,1030,267,76,941,974,399,271,659,821,1174,796,447
3,1029,71,168,1001,265,972,528,276,309,536,155,1215
512,706,130,482,199,295,968,815,977,1110,1111,217,410,411
832,0,1189,1226,76,589,941,336,1233,178,821,1242,1212,958
960,864,98,225,451,1062,618,12,1021,1265,725,1270,823,989,638
418,163,549,999,1210,1001,1034,14,720,466,276,375,536,346,92
864,674,1027,738,678,648,1226,621,687,497,727,634,415
418,325,1001,206,304,1073,625,371,276,1110,375,410,284,414,1023
1024,833,1286,1129,9,1040,1137,1010,593,721,1011,1018,894
988,460,525,461,621,49,818,723,468,1012,533,182,636,541
32,1153,567,583,1160,615,1004,398,599,568,1017,985,830
834,355,1218,806,646,1006,849,306,659,1234,661,663,1212,349
611,777,812,109,237,748,1008,177,1037,469,310,88
993,994,359,909,910,911,1238,727,602,667,637,575
994,1092,293,264,267,908,1133,909,1007,911,594,438,1055
859,614,872,1258,976,978,863,375,600,1146,1179,1116,639
1250,259,996,1259,1260,430,787,53,1207,1177,734,703
385,673,833,870,647,1129,1002,905,1102,1137,593,1009,695,1018
3,5,649,329,875,1200,726,983,920,1209,413,895
153,227,281,1127,169,203,492,301,79,150,984,1113
1113,1089,227,486,169,233,207,1232,760,20,886,984,153,988
609,514,420,841,1131,1102,1263,1040,1137,597,1176,249,895
992,801,198,486,40,141,686,718,176,464,341,661,22,538
706,67,420,1123,963,1160,841,1197,1137,339,723,597,1180
580,901,421,1004,558,723,852,758,895,151,923,60,509,639
288,1185,642,1216,516,292,161,839,73,1226,695,698
770,1187,935,874,1263,1200,156,1265,1203,1043,630,731,668
1059,776,1192,778,843,829,782,1073,949,1047,1242,764,797,766
833,673,97,870,905,1002,170,364,593,1009,1137
608,1282,1285,677,812,237,1230,177,115,1075,469,500,185,1242,1275
161,98,418,676,835,359,874,618,751,371,883,854,631,730,989
677,748,237,1230,623,177,534,727,1275
34,964,872,744,985,1108,1015,1017,1179,924,830
674,293,1002,652,621,945,851,406,1143,1209,58,1245,1119
168,265,874,1263,1203,883,309,1206,854,122,1020,477,1183
0,610,738,325,807,1098,651,206,784,625,304,371,852,983,823
160,258,707,709,199,493,462,410,151,217,122,158,509,30,286
385,1284,1286,106,267,1102,687,1040,751,695,1049,698,1213,894
805,394,43,395,397,1194,746,1006,783,849,659,663,380,381,382
1216,642,293,134,969,170,106,364,505,267,494,1169,851,408,1209
1059,102,1192,843,782,949,182,1047,539,829,766
439,1254,1032,1259,1260,430,1207,1272,1177,893,734,703
224,482,130,706,37,2,199,1130,815,688,977,1111,217,410,411,1215
1184,706,549,968,1001,1130,1132,410,276,1110,1111,536,217,1046,411
835,1209,874,907,1106,467,883,1043,1206,630,854,505,477
835,1189,454,76,397,941,271,1233,53,821,1206,317,989,958,447
609,4,1284,1286,1051,906,1102,1040,1137,723,695,1176,731,223
770,869,553,554,1228,1263,1041,1203,694,630,1176,731,668,254
288,1185,642,1216,516,293,121,839,73,106,408,1209,698
131,504,238,1136,112,498,600,1146,1116
3,1029,71,265,972,975,528,466,276,309,536,92,1215
418,229,1258,1034,847,976,124,978,1170,600,1146,1179,1116,639
928,1,1195,973,46,1200,208,1041,1048,346,93,254,927
705,1058,774,967,1064,1161,392,683,489,1168,1077,1112,666
194,771,994,805,777,1005,1038,1133,400,242,244,917,762,220,1246
385,1284,1286,702,1102,494,1040,1137,722,657,695,477,894
928,0,483,4,5,869,1226,1200,1041,1016,1049,927
962,611,771,777,1037,1008,404,309,917,1270,888,793,1279
1184,194,418,549,999,1001,1130,1034,1132,814,720,276,55,375,346
896,65,963,906,273,818,116,1208,249,635,1180
224,772,37,232,635,956,879,1043,1235,115,249,346,155,60,861
928,0,1226,973,942,1200,1041,1016,1049,93,927
865,418,1153,938,1107,1044,863,600,313,1146,859,1116,639
288,928,418,1221,869,1228,1041,467,1204,630,407,1206,505,477,254
896,418,904,600,346,814,1103,1180,1208,249,1146,635,1116
1184,706,968,1001,1130,1132,410,276,1110,1111,536,217,1046,411,92
1216,1185,642,121,516,293,98,73,106,761,408,1209
1184,418,549,1034,1132,976,720,978,124,375,600,1146,1179,1116
418,1187,869,1255,1228,1263,467,1011,1203,630,1204,505,346,477,1183
928,0,973,46,942,1200,1041,1016,1049,93,927
1184,418,194,3,265,1130,1001,1132,1198,276,309,310,55,414,1023
1272,419,1254,40,718,433,119,440,90,893,703
355,1156,453,1161,1162,269,719,1231,464,1141,822,1271,409,669
933,1254,1256,1032,439,1272,1177,893,318,1207
1248,872,968,844,815,410,977,411,1046,1015,1017,1146,1179,1116,862,639
439,1259,1260,1261,430,433,1207,1272,1177,90,893,703
512,128,706,130,482,295,199,968,815,977,1110,1111,217,410,411
928,962,869,1158,839,973,942,1270,1273,254
512,128,706,130,295,199,968,458,815,977,1110,1111,217,410,411
962,839,936,973,1200,817,881,1048,1050,254,927
706,482,130,199,968,815,688,977,1110,1111,217,410,411,1215
546,1160,219,111,398,1103,403,1174,154,123
928,839,936,973,814,817,881,1048,1050,254,927
34,164,229,860,1258,45,639,1171,1108,284,600,1146,476,351
1216,1185,288,642,676,384,98,293,407,267,631,408,1209,698
770,869,1228,1263,1041,1203,1043,630,407,1176,731,668,477,254
512,128,706,130,482,295,199,968,815,977,1110,1111,217,410,411
1184,1120,418,1124,772,1029,1001,1130,265,1132,115,1172,309,217,700
1185,418,899,668,903,912,1265,208,1021,823,698,892,957,606,1151
962,869,1158,839,973,942,1200,1048,254,927
668,1187,839,907,1228,46,1200,211,630,407,731,156,254
928,962,839,936,973,942,817,881,1048,1050,254
928,0,1187,973,46,1200,1041,1016,1049,93,927
1091,1095,679,345,1096,717,950,1078,376,633,954
896,546,1160,219,1103,848,785,818,1174,599,154,123
931,614,873,969,779,972,15,976,1267,628,828,767
1216,1185,642,288,516,292,839,73,1263,695,1048,698,254
1153,3,932,229,6,779,972,976,1042,498,628,919,639
928,0,962,973,46,942,1200,1041,1016,1049,93,927
640,407,869,1228,1263,1106,467,883,1204,630,627,505,477,1183
224,706,37,232,1130,60,815,410,977,411,1110,1111,122,155,956,1215
962,869,1158,839,973,942,1270,1273
896,546,635,41,219,1103,686,1174,921,154,123
224,963,37,232,635,60,879,818,1043,1235,249,346,155,956,861
1248,199,968,844,880,1046,1111,1110,217,410,411,862
224,130,162,706,37,968,458,410,499,1110,279,1111,1046,122,411,1215
1124,168,265,874,1106,467,883,309,630,1206,854,1020,1183
706,420,1284,1286,906,75,1179,1197,47,339,149,597,87,315
227,771,1127,169,777,236,429,749,816,1011,245,409,346,827
706,162,2,37,458,1130,815,688,977,499,1110,1111,410,411
224,513,706,484,37,1126,709,232,528,723,212,122,155,509,1215
1252,1254,1032,1260,1261,430,433,439,1272,1177,893,318
896,963,1134,848,818,1011,627,1208,249,635,1180,861
834,1218,612,1157,775,362,810,1006,849,306,661,1212,349
224,706,37,232,1130,815,410,977,411,1110,1111,217,122,155,956,1215
1120,1184,418,771,611,1001,1130,777,1132,115,1172,1011,375,89,346
292,839,554,1228,1263,912,467,1011,93,630,505,892,477,254,1151
835,874,907,618,1106,883,854,1206,630,1183
835,935,874,907,1106,467,883,1043,854,630,505,477
1056,769,611,764,777,204,60,948,917,412,956
512,130,482,706,199,295,968,458,815,977,1110,1111,217,410,411
928,962,869,839,973,942,1041,1270,1016,1273,254
1059,102,1192,843,782,949,1047,539,829,766
928,0,973,46,1200,1041,1016,1049,93,927
865,3,771,265,972,975,1042,309,859,926,863
224,482,706,199,1130,60,815,410,977,1110,1111,217,122,411,956,1215
1216,288,642,161,516,1185,293,73,106,267,408,1209,698
293,1002,652,1135,369,594,851,533,342,58,1214
1220,838,110,1135,368,911,910,752,178,1045,851,52,723,1214
194,100,999,1001,172,109,660,789,310,55,952,88,220
930,872,968,1258,410,1170,411,1046,1015,600,1146,1179,1116,639
40,618,108,525,1197,718,893,1267,468,533,1268,723,628,1274,541
323,259,69,41,363,107,684,654,686,607
704,387,227,72,650,1163,632,1231,114,691,1141,280,954,955
833,870,905,1002,878,912,49,113,1073,1009,593,892,1213,1151
131,872,238,1136,112,600,601,1146,1116
866,196,772,777,846,111,403,1111,567,1175,1241,154,670
320,101,454,1288,77,1231,850,1267,1141,825,1178,1211,348
224,33,859,100,37,232,956,115,21,789,1114,155,60,765,863
674,99,1220,838,361,1260,1133,909,1135,911,369,1182,1214
928,962,839,936,1200,817,881,1048,1050,254,927
1216,642,418,293,134,969,170,106,364,505,267,494,1169,408,1209
704,705,227,771,328,105,169,777,816,245,1080,604,540
1184,418,739,104,1001,651,1132,81,276,89,413,414,1023
804,103,714,1068,82,818,660,758,185,1278
1059,102,1192,843,782,949,1047,829,766
1113,129,280,1028,650,1163,632,685,1164,1074,1078,376,153,221,25
131,872,238,1136,112,600,601,1146,1116
194,642,195,901,1222,201,875,299,204,141,374,919,442,311,126
448,289,770,483,548,519,648,74,622,814,273,308,444,127
287,135,457,268,78,529,83,191
482,199,968,1197,47,815,880,149,1110,1111,1046,217,410,411,1017
355,486,136,841,169,236,141,527,497,337,918,1113,606,63
224,1283,132,37,773,456,461,1134,142,563,564,155,732
642,483,164,293,134,170,74,906,106,267,494,848,17,408,121
439,419,1252,1254,619,430,119,1272,90,893,703
610,963,835,197,1190,711,874,428,46,818,920,854,120,249
674,1219,1220,262,652,621,851,1045,117,1209,1274,475,1276
290,1219,1220,674,1133,1007,117,438,118,441,1213,1182,1119
192,1248,1251,931,70,1224,108,44,178,1267,1268,340,538,124
768,354,741,422,234,241,30,158,125,350
579,260,550,561,913,979,761,1013,121,991,283,1085,223
160,258,482,707,709,199,744,493,410,30,217,122,411,158
515,68,228,739,1222,100,808,298,172,398,1232,1205,21,952,88
1249,66,386,355,194,612,1094,616,1194,236,13,1006,1168,29,349
641,323,451,675,69,259,40,107,684,718,686,654,852
640,98,67,674,359,715,651,621,525,460,723,1045,374,727,1081
227,646,423,72,391,390,427,691,1076,213,950
480,1222,231,70,454,1288,302,16,1267,1141,886,825,571,1052,190
2,643,1251,707,706,1257,1258,977,1268,87,151,410,411,509
833,1284,1286,905,170,906,364,1040,1009,1010,593,657,723,695,1051,894
963,548,485,74,267,494,283,273,17,531,212,1267,121,635
325,776,1098,718,751,1039,497,371,1109,885,727,56,1112,667,797
451,196,325,359,1223,651,139,525,1073,1109,55,1210,988,1023
1249,1218,705,709,1127,1193,1194,1211,849,723,440,825,59,1148,607
227,708,679,72,233,1095,491,1068,950,374,57,954,1212,221
2,227,708,200,233,489,1257,460,240,723,278,23,248,59,61
1056,737,932,965,1126,60,782,948,917,790,956,765
64,1248,481,827,771,39,872,777,210,411,855,410,27,639
509,227,708,1252,421,1223,613,72,777,173,950,538,221,63
834,1218,806,646,72,746,1194,1006,849,1202,437,349
1248,1186,195,387,418,771,549,777,875,844,852,85,346,827,862
1157,266,1197,272,1233,432,149,86,53,821,311,447
1056,739,748,109,1230,237,48,1037,660,789,310,952,88
1120,1184,418,549,1130,1132,115,1172,276,1110,55,1111,346,157,375
161,676,1284,5,1286,713,695,1097,1102,1071,1040,631,408,1207,1053
439,1250,419,1252,1254,1256,1259,1260,119,1272,90
480,1089,771,1156,1061,356,612,454,231,777,207,340,886,1052,190
544,899,903,1289,944,1265,178,1210,507,668,1213,95
96,418,227,612,772,1127,236,690,115,693,281,378,189
960,1,97,705,359,234,525,46,16,1169,178,723,725,1173,509
1189,1193,395,76,397,941,271,821,26,381,382
547,102,1288,264,267,491,77,142,1265,146,498,348,539,508,159
191,292,457,268,812,237,78,850,83,56,761,698,285,287
153,281,1223,108,492,301,79,976,150,984,1113,314,767
481,642,516,293,517,710,264,73,1135,80,342,535,474,826,1119
418,3,860,104,777,81,1105,1108,276,310,410,411,220,830,1023
804,103,1068,847,82,660,916,758,185,1278
322,287,135,457,268,543,78,529,83,191
1154,1093,1064,1161,1162,683,781,1231,1168,624,1141,1271,1112
992,675,451,357,198,40,522,718,1231,208,178,562,1109,885,1141
352,384,358,650,1163,1164,1166,950,889,955,25
898,195,482,771,1186,199,777,875,844,299,217,442,862
1155,646,1159,811,941,1167,1233,1202,659,437,311,447
1184,194,418,549,999,681,1130,777,844,310,55,346,828,862
486,1161,1162,651,460,173,495,464,1168,178,179,468,723,538,221
192,418,194,324,681,1001,459,92,466,276,116,310,55,476,862
960,193,98,70,781,113,626,723,340,983,187,509,543
287,135,457,268,78,529,83,191
1056,771,1156,324,454,520,777,683,1231,338,1141,377,378,190
1185,642,771,676,4,134,809,1037,1232,627,788,888,1209,189,223
960,1027,1155,70,326,1159,1162,460,464,1168,626,179,178,723,983,509
1250,963,548,102,777,1260,209,19,1173,21,1047,249,188
1025,1145,579,550,750,913,979,565,405,1013,566,825,283,1085,1022,991
322,153,281,203,620,685,492,693,918,760,1113,187
352,358,650,1163,1164,1069,1166,889,955,25
1089,1156,1061,167,46,207,1231,245,886,1141,693,409,186
834,1155,994,1159,1194,908,1167,659,821,349,447
1121,1058,774,967,392,1064,624,402,1077,1112,666
641,737,804,103,1193,82,758,983,185,540,1278
449,1059,843,782,401,1212,372,949,1047,183,1084
153,227,771,169,777,203,180,532,245,23,984,1113,918
449,40,1164,1165,1166,336,1106,53,885,727,1112,889,667,252,1277
992,291,323,451,198,686,785,1267,852,181,1174,885
0,1153,737,98,1191,329,653,113,1268,1077,920,540,541,671
704,801,227,487,200,491,492,365,242,338,1043,216,1208
612,357,1157,40,811,1212,147,723,983,440,185,215,252,540,671
1082,679,72,1065,1072,338,213,950,954,1053,1086
960,737,1186,585,586,970,329,778,460,625,723,501,697,285,638
1153,964,100,262,924,47,592,273,639,149,214,985,284,894,351
1248,1153,34,866,964,1191,846,919,1015,1108,596,1175,924,639
1187,676,645,408,631,907,1200,211,1206,407,630
964,742,583,968,1004,844,878,1199,1169,1173,1046,985,571,862
960,545,1282,359,585,970,586,300,460,495,210,723,178,475,509
668,1219,389,361,1169,595,1173,1238,759,406,922,827,444,575
864,707,710,10,46,209,188,19,723,312,58,475,1020
1,4,292,1158,740,1226,208,1200,146,1048,569,698,572,573,927
227,1219,1253,1063,135,520,203,205,814,346,144,691,278,760,666
1152,1089,227,679,169,233,590,207,886,982,1240,1239,187,1144,543
933,1256,619,1260,787,119,439,1272,1177,318,1207
165,167,1063,457,203,140,685,78,144,496,83,693,1113,319
1251,739,677,1062,807,776,1073,625,628,1076,790,823,1242,1244,285
1217,325,40,362,970,718,206,304,849,399,1233,983,248,540,671
834,355,805,646,1194,43,1202,663,1242,1083,1212,349
1248,872,968,844,815,976,977,410,411,1046,1015,1017,1146,1179,862,639
1184,418,549,872,1001,1130,1034,1132,276,1110,1111,536,217,375
608,1056,769,611,803,764,777,812,204,115,917,60,765
160,258,771,772,197,1190,655,1047,120,699,1020,158
704,227,487,200,491,1071,79,1232,242,338,529,216
736,2,643,707,709,1257,815,977,946,151,410,411,509,1215
1089,153,281,1222,203,301,79,144,20,693,150,984,1113
736,160,258,643,610,709,647,651,946,634,30,1014,122,158
668,418,1187,907,1134,1041,630,407,182,282,156,447
1,4,517,1158,292,838,169,818,147,468,1204,249,698,540,189
1282,1123,996,5,359,970,618,300,460,146,723,1012,988,638
153,227,281,169,492,301,79,150,822,984,1113
96,705,227,387,771,72,521,489,777,1068,13,683,148,822,378
97,519,648,905,460,1102,1135,143,273,723,308,697,695,441,1051,1182
1282,1283,132,456,618,461,142,182,472,58,732
995,292,359,234,555,12,46,912,1137,145,252,348,892,1151,1246,223
65,518,167,1063,41,203,140,491,15,144,532,116,504,1113,62
640,288,835,676,631,874,883,1206,854,408
994,1219,838,139,908,909,911,1232,1269,1209,602,475,1119,575
166,102,456,138,44,463,531,533,470,539,123,284
608,1113,613,486,1127,136,141,497,822,22,153,538,63
1113,227,1123,167,203,140,460,144,691,532,180,245,374,153,1052
192,996,102,39,618,906,176,497,468,533,539,541
677,748,237,623,1008,177,469,534,1275
35,652,1135,1007,945,911,369,594,179,406,1143,342,1245
288,408,567,872,1131,855,1263,1040,1137,597,407,1176,731
896,931,904,1224,44,463,178,1267,627,124,1150
153,281,1127,1222,777,79,689,20,918,984,1113,24
193,66,827,1127,616,777,426,650,1163,685,174,690,918,379,252,29
704,1089,227,1156,1061,486,169,492,429,207,175,1231,1141,886,1113
1089,322,227,771,1061,452,167,454,169,327,203,777,13,144,1232
1089,227,771,1061,169,777,527,760,691,245,918,23,984,1113
865,418,931,229,969,1258,938,108,847,976,720,978,1267,1179,924
1056,739,771,100,611,999,1001,777,204,172,14,109,917,952
737,610,961,39,618,172,48,497,626,468,500,340,58,475
224,482,706,1124,37,199,968,1130,1258,1046,1111,1110,217,410,411,1215
835,874,907,1106,883,1043,630,1206,854,505
160,258,707,709,199,744,493,410,411,217,122,158,30,286
227,294,1127,1063,231,169,203,301,429,144,690,180,761,918,1113,795
544,289,771,132,166,456,138,490,526,15,212,470,507,923
832,613,1094,1093,712,778,1194,785,52,958,952,729,667,1278,1087
257,1091,1125,679,424,1065,717,633,950,632,345,954,1086
260,807,1098,560,850,371,825,952,121,283,1085,223
1090,1091,1096,1066,717,1074,950,1078,376,633,1083,1053,1086
835,1187,935,874,907,1106,1043,854,1206,630
1090,1091,1028,679,1095,1096,1072,950,376,633,954,1053,1054
865,1251,614,938,972,1042,1107,1044,313,859,863
1089,153,227,1028,1061,169,1097,1071,497,950,1113,383
1088,832,808,616,1066,1055,115,1114,379,1084,958,319
771,454,712,1065,777,1067,393,365,650,1195,338,1080,1082,1086
1028,1095,1096,679,1074,950,1078,376,1053
1091,1028,1095,679,717,950,1078,376,345,954,1053
129,1090,1028,679,1099,717,633,1074,950,376,345
675,741,1194,778,1073,626,723,372,373,1080,1242,187,1084,540,543
1095,679,1096,717,1072,213,1078,950,376,954,1083,1053
129,280,355,1252,613,806,1189,426,235,1006,540,663,632,1212,349
954,679,1099,717,1072,338,213,345,1082
954,227,1097,393,365,1071,633,1081,378,383
1248,966,359,682,715,525,1102,751,944,1039,656,723,697,1051
1248,865,418,3,614,1258,938,972,1108,1044,600,313,1146,1179,1116,639
546,196,1160,41,219,1103,398,1174,599,154,123
1090,1082,679,1095,1099,717,1072,338,950,345,954
738,292,1114,1255,1100,461,1137,629,1015,504,473,634,1017,415
1248,865,614,872,938,1107,1044,600,313,1146,859,1116,863
643,131,902,1223,872,937,940,1104,112,1107,628,1109,601
1248,706,872,968,815,410,977,411,1110,1111,600,1046,1146,1179,1116
546,196,964,581,574,686,1105,276,598,1174,219,860,1149,830
1092,1125,679,424,1095,1096,1099,717,1039,696,345,954
704,1092,1093,1094,1080,328,775,1067,1052,1039,696,26,636,1087
1281,776,872,1034,727,878,1073,436,1268,885,567,1210,667,828,1055
576,260,807,1098,850,371,761,825,121,283,1085,223
1028,679,1096,1065,1095,1072,950,345,954,1053,1086
1097,393,365,1071,633,242,918,1081,378,383
66,227,1093,1094,261,328,523,269,1087,56,377,346,29,255
1120,549,999,1001,1130,651,777,1172,276,1243,412,157
1121,58,967,472,137,522,468,533,182,184,1118,282,475,510
1,292,553,554,1037,237,879,274,692,1048,698
1184,551,1001,1130,1258,1132,956,276,789,536,92,414
514,567,872,1131,855,1263,1137,1203,597,407,1176,223
160,513,963,484,133,1020,1134,814,17,753,182,249,827,1180
960,641,1121,545,1282,1290,460,1138,179,723,1077,178,983,1179,509
1059,1192,776,1064,843,782,1073,371,1268,1047,60,829
355,613,806,805,1194,43,362,1006,624,784,663,1242,349
355,805,806,1194,43,1006,1202,659,663,1242,1212,349
1121,1058,39,1064,1112,145,402,179,1077,727,184,377,666,27,540
835,1209,874,618,462,1106,467,1043,630,1206,854,505,477,1183
1248,929,1253,6,1223,173,689,370,436,1268,1115
1248,929,1153,1253,6,1223,1139,1108,436,1115,639
32,964,567,1160,41,492,813,219,398,599,1241,1147,985,830
580,923,964,583,1147,1004,686,846,366,592,54,568,219,1149,830
418,229,934,828,1210,938,972,1116,15,600,1146,124,1150
960,1153,541,325,1191,329,1098,178,371,723,1077,540,509,671
224,418,3,1029,999,71,1001,232,265,299,528,309,155,1215
1121,1154,613,38,967,1290,1162,624,604,669
1155,646,1159,811,941,1167,1233,659,437,311,447
1122,556,558,561,401,947,980,566,986,605,1247
1248,929,1251,1253,6,1223,1139,628,1109,436,1115
1128,168,1225,879,1106,307,660,1140,1236,1277,734,31
320,834,355,612,1156,806,101,716,1165,1006,1231,1141,663,1083,1212,349
482,199,968,1001,1130,536,815,410,276,1110,1111,152,217,1046,411
644,884,1142,887,537,890,701,222
1184,482,199,968,1001,1130,1132,815,276,1110,1111,1046,217,410,411
1248,929,964,1253,6,872,1139,1108,436,600,1115,639
963,1255,892,170,525,912,1011,52,1019,1180,861,1151
321,546,69,840,41,107,684,654,592,219,607
196,580,325,1223,686,497,852,1109,54,568,1241,1210,1115
609,994,995,1220,838,908,1133,652,1007,369,594,438,1182
995,579,998,550,1003,556,558,561,980,1237,1013,991
1248,1153,964,567,581,580,1000,1160,583,398,599,574
1184,1120,549,325,999,1130,1034,1132,814,720,1172,276,375
1,1217,737,359,1193,234,1195,525,46,1200,723,185,187,541
899,931,261,710,1224,456,138,264,44,463,178,1267,1208
865,1153,3,938,639,1107,1044,313,859,863
32,196,567,1031,1033,1035,876,111,855,1241,219
288,928,418,1221,869,1228,1263,1041,467,1204,630,1206,505,477,254
1184,1120,610,549,551,1132,1172,276,1108,952,953,414,1023
896,418,963,249,904,265,814,1103,1208,89,346,635,1180
800,193,773,956,972,781,850,1042,660,916,347,60,797
418,1031,1033,1035,876,1147,686,846,592,54,855,985,219
897,34,866,964,686,846,111,596,54,1015,1241,924
675,357,1194,1167,849,1202,659,306,821,723,663,53,26,317,447
567,1031,1033,1035,876,592,852,855,1241,154,219
960,737,675,359,585,970,586,1199,16,723,1267,52,852,697,509
576,762,1038,560,400,565,570,1022
960,225,451,326,460,464,178,435,723,179,51,983,509,1215
1185,649,1131,875,1263,1200,1137,1203,726,983,920,1209,731
1024,385,353,419,548,297,1002,1040,1010,787,919,1018,1052
896,546,1160,219,398,1103,818,1174,598,154,123
928,1,0,4,5,1190,1195,46,1200,1041,1016,927
1,2,573,4,740,359,1257,1098,50,569,443,572,797,223
1024,418,292,4,678,745,1133,879,1137,1010,695,1018,252
34,583,968,1258,1004,398,1108,1046,1015,1017,410,411,985,830
833,870,905,170,1002,364,113,49,1009,593
641,610,961,900,651,524,48,497,468,500,533,953,475,285
34,580,1241,964,615,583,1139,568,985,1181
1057,355,806,582,1161,1162,171,1006,947,373,247,986,379,1246,1247
1056,769,611,803,764,777,204,60,948,917,956,765
1121,1058,967,392,1064,1098,778,401,1073,371,402,1077,184,666
1248,872,968,844,815,977,411,1046,1015,1017,410,1179,862,639
928,1,193,642,329,1226,10,46,1134,1041,753,1011,726,346,1213,927
673,610,98,551,585,10,11,970,171,586,878,723,1268,953,1149
931,68,614,710,1224,108,44,463,976,178,1267,628,124
1090,1091,1028,679,1095,1096,717,1072,950,633,954,1053,1054
704,1028,1242,778,266,338,372,373,1080,1209,1082,1084,797,1055
1250,419,1252,1256,619,1260,1261,1259,430,787,1272,90,893
1250,710,1260,460,209,19,115,117,1047,312,249,346,188,375
930,872,968,1258,410,1170,411,1046,1015,600,1146,1179,1116,639
1249,227,421,70,1191,169,815,688,824,20,245,984,24,729
224,100,37,295,232,488,299,500,21,533,311,534,155,92,1215
679,1095,717,1072,950,345,954,1053
257,227,1125,421,679,520,427,816,23,632,954
1248,872,968,844,815,976,977,1108,411,1046,1015,1017,410,1179,862,639
704,1089,227,1061,1063,327,169,393,1067,365,144,1081,954,1052,383
1120,1184,610,1001,1130,1132,1172,276,953,1243,412,413
98,485,261,647,648,1064,1226,16,497,885,533,727,1112,667,478
1248,34,580,196,583,615,844,1109,568,1115,1181,862,639
1059,102,1192,843,782,949,1047,539,829,766
224,130,931,163,229,133,92,18,498,628,885,466,919,536,1052
1186,226,195,898,771,549,875,844,346,1041,567,601,858,28,862
960,290,326,1097,365,525,1071,1073,723,435,983,1081,378,187,540,383
679,1095,1096,717,1072,950,345,954,1053
64,771,997,1222,39,27,777,639,1168,1138,1011,438,987,1246,223
453,1222,454,1162,1165,1006,734,1106,1236,1205,1140,794,957,606,31
1248,706,872,968,815,410,977,411,1110,1111,600,1046,1146,1179,1116
66,227,1127,426,1068,268,690,723,278,23,918,24,29,319
385,807,759,621,957,1073,371,117,1079,826,1213,446,1119
192,642,132,356,472,1289,1267,468,531,182,1208,24,58,221
383,776,1097,1068,365,1071,372,373,1078,950,376,633,1081
609,546,867,196,291,939,332,943,852,823,441,154,219
352,358,650,1163,1164,1069,1166,889,955,25
26,1193,394,395,397,1073,381,786,1242,380,957,382
1280,418,166,138,909,1070,911,1171,1108,470,1048,284,1213,351
358,650,1163,1164,1069,1166,1165,889,955,25
545,674,509,1220,166,10,460,1070,495,178,723,1045,470,1213,351
992,1121,613,38,808,492,686,495,624,760,661,184,56,766
1121,1058,967,1064,392,624,402,374,1112,377,666
224,482,706,1124,37,199,968,1130,1258,1046,1111,1110,217,410,411,1215
257,1092,1125,679,424,1065,717,696,633,950,632,345,954,1086
323,69,1254,840,40,363,107,718,654,592,433,891,607
1088,1090,1091,1028,679,1096,1066,1099,717,633,950,1078,345,954
1248,64,835,39,872,976,1233,1138,436,630,1209,858,27,989,862,639
771,388,376,393,777,1067,650,365,338,950,1078,1080,374
33,292,168,346,1230,623,627,883,469,534,854,1114,347,60
128,706,130,249,295,968,841,815,688,1110,1111,217,410,411,286
32,546,581,1031,584,686,431,601,852,598,567,1241,219,985
1216,36,809,267,396,909,911,915,1238,761,826
1089,153,227,452,1061,327,169,620,1232,918,760,1113
35,909,1135,911,369,945,594,179,1143,342,791,406
865,1251,614,938,972,1107,1044,600,313,1146,859,863
1113,1089,153,227,452,1061,1156,1063,327,169,650,1231,691,1141,409
449,1059,1192,843,782,53,917,1047,949,829,766,831
34,291,1191,1258,1004,914,1108,219,860,1149,830,639
704,193,450,227,393,169,491,427,620,816,338,632,59,348
389,909,911,594,595,1045,602,922,990
451,675,323,69,40,107,684,363,718,654,626,1267,852,1174
1113,322,452,932,327,779,144,626,693,280,153,187,445,543
385,36,965,359,809,396,915,1011,1079,953,826,956,957
1282,1188,453,1285,1287,297,460,1198,1232,1266,1277
1056,769,803,611,948,917,790,1242,764,765
960,1,675,454,359,714,1199,16,626,1267,723,179,178,989
1056,608,193,739,781,60,109,115,660,916,789,956,797
1157,294,135,455,460,301,113,626,55,150,1238,440,57,474,1212
416,417,34,546,891,41,1004,1229,219,686,1101,591,921,923,830
224,1283,132,773,456,232,461,1134,694,1111,1110,155,732
1248,1153,1026,418,964,229,1258,335,976,628,820,214,919,639
609,1209,1220,678,814,1135,401,178,1045,759,1208,441,1210,1119
736,738,643,964,709,647,744,493,946,1045,1014,151,634,924,509
773,618,988,460,1232,145,49,113,468,533,182,1012,723,442,1180,1208
416,34,546,923,891,41,1004,1229,1101,591,1108,985,921,219,830
740,1200,881,50,93,569,443,572,573,731,927
1184,549,551,681,1130,1001,1132,466,276,536,1243,92,413,414
609,993,549,263,423,346,1055,308,1238,1048,1050,827,444,734,575
451,675,291,40,939,718,686,943,925,852,823,797
1248,929,1253,6,614,872,370,1139,436,1115,639
452,1223,173,13,301,685,689,626,845,1109,693,1205,538,445
673,5,647,585,10,11,586,715,366,46,1232,723,531,1213,446
1189,747,941,589,432,272,1233,821,53,86,317,311,447
896,65,1281,934,828,904,1210,463,124,627,1150,284,62
960,448,1249,359,618,525,49,179,468,1012,628,953,1274,989,478,351
1059,102,1192,843,782,949,1047,829,766
1248,1153,34,932,229,1258,779,972,976,1042,498,1267,639
1216,1250,419,1254,1193,297,619,1260,525,783,434,787,178,53,90
644,884,1142,887,537,890,701,222
40,1098,797,619,331,718,1261,430,433,119,252,893,703
614,872,972,975,976,178,562,628,436,885,820,859,863
644,884,1142,887,537,890,701,222
1248,929,1153,6,614,872,1258,972,1139,436,601,1115,639
644,884,1142,887,537,890,701,222
960,326,359,299,300,336,1232,435,179,723,627,541
960,585,586,460,1133,1007,723,1045,438,1274,187,540,509,1182
355,612,1157,806,357,1189,746,941,1006,1266,437,661,1212,349
544,546,34,923,41,123,1004,219,507,921,154,891
439,808,1032,1225,777,1067,845,532,119,440,729,1211,348,318
1250,933,1256,1259,1260,787,439,1272,1177,893,318,1207
292,454,1255,1228,525,912,1137,1011,1019,892,1151
802,357,1158,520,425,683,305,692,247,728,443
1248,800,418,771,872,841,639,880,1108,214,249,346,1179,476,895
257,1125,421,424,1065,338,23,632,1086
897,4,168,1193,813,846,272,596,54,1176,827,1052
509,227,1028,773,679,72,427,173,113,338,950,23,696,221
1184,898,195,482,771,199,1132,878,1073,1110,1111,217,1213,223
225,389,1287,40,426,718,497,594,595,703,150,538,990,922
1248,900,549,196,872,844,814,1104,880,1008,601,858,956,862,639
439,1250,1259,619,331,430,433,119,1207,1177,734,703
131,902,1146,937,940,1104,112,1136,600,601,858,1116
928,0,1255,777,1228,973,46,1041,1011,1016,93,927
544,197,837,1222,1226,971,428,461,1232,882,627,531,507,1047,699
833,963,870,905,170,1002,364,593,1009,1180
834,357,1189,76,974,432,1233,1202,659,723,821,26,796,509,447
65,262,905,682,139,460,906,525,170,364,848,465,468,475
389,658,595,594,602,1269,922,990
32,546,291,866,899,422,492,686,431,115,852,598,219
769,803,965,1062,776,797,782,60,1073,948,790,1242,764,765
610,999,232,1001,1130,660,1110,1111,953,1243,412,413
545,417,923,678,359,460,525,1229,1101,591,723,468,507,921,475
384,1,1216,1187,676,960,966,618,907,46,1106,725,630,407,408
867,871,971,1262,1264,819,823,856,959
1217,1122,227,421,807,328,1098,236,429,270,175,371,245,409,316,543
768,354,612,741,422,234,845,241,626,125,350
1219,1220,293,652,851,1269,406,1143,118,602,1245,343,1119
191,1218,228,646,423,72,298,365,1233,1202,147,57,282,31
1248,859,931,614,1224,395,972,976,627,863,919,1179,828,381,382,639
544,417,545,359,618,525,1101,1229,591,723,468,507,921,923,638
257,1125,421,901,424,1039,1234,1109,23,632
1121,1058,774,967,392,1064,624,402,1077,1112,666
805,1193,394,395,76,397,26,380,381,382
867,291,567,939,686,943,852,981,823,925
1217,40,811,589,718,1037,271,399,211,983,248,794,252,831
737,419,1254,40,970,586,718,787,119,90,893,703
387,771,393,650,1067,777,365,1166,1071,1078,950,376,1080
643,1190,359,871,651,971,1198,1262,1264,1073,178,723,1012,1209,959
805,1193,394,395,76,397,26,380,381,382
771,292,168,777,974,847,115,404,309,917,823,888,793,223
674,35,727,621,751,1135,179,1045,406,885,1081,667,1119
1121,1058,774,967,1064,392,402,1077,727,1112,184
576,986,1247,995,998,556,560,561,947,1013,566,570,991
196,1033,393,111,760,403,276,598,567,918,1241,154,1181,670
512,130,131,902,295,232,937,940,1104,1136,112,601
704,801,387,1095,1097,650,137,365,1071,242,950,1081,955
867,291,599,1160,939,398,943,852,22,823,925
386,387,418,454,1127,72,777,650,203,236,13,812,281,954,379
131,964,902,937,940,1104,1136,112,1108,601,858,639
385,1064,1097,727,1071,1073,381,1079,952,667,380,1213,382
867,291,939,332,943,981,823,154,219,925
384,352,1252,650,1163,1069,1166,407,408,25,955
1121,1058,774,967,392,1064,402,1077,1112,666
449,834,355,1059,613,806,357,843,829,1047,949,183,1212,349
384,390,391,72,1163,1164,1069,1166,1072,1079,1078,950,376,955
646,390,72,391,778,1098,423,1062,1275,371,1076,950,1242,667,797
1056,965,1126,60,948,917,952,347,956,957
96,388,520,393,1067,365,1039,338,1080,377,346,827,1081
1056,100,965,172,1005,109,1075,948,917,21,952,88,956,765
954,1057,386,355,712,1067,240,115,1075,693,1271,760,377,1080,379
610,549,551,1023,1001,651,49,500,953,1243,413,1215
704,227,1097,377,427,365,1071,1081,378,383
1028,679,1095,1096,717,1078,950,376,633,954
96,1125,424,712,1065,489,683,1039,338,632,377,378,667,1086
801,1121,193,483,806,967,777,109,624,1138,1213,951,184,827,797
1091,1095,383,393,1097,365,1071,950,374,376,633,1078,918,1081
954,1125,679,1097,365,1071,338,1081,378,383
960,1059,966,1062,807,839,1098,1037,782,957,371,788,983,1244,797
805,1193,394,43,76,395,397,26,380,381,382
1189,747,397,941,399,432,589,317,958,447
1193,394,395,76,397,26,380,381,382
384,358,650,1163,1164,1069,1166,950,889,955,25
805,394,395,397,334,26,380,381,382
1056,769,611,803,204,948,917,790,347,764,765
359,472,618,282,780,525,894,1045,792,1273,58,763,184
800,706,354,67,963,249,841,778,239,688,336,121,283
769,803,804,776,778,826,1073,1244,788,1076,790,1242,764,765
355,1156,612,805,1161,426,362,43,1006,1231,784,1141,663,1242,349
1056,769,803,611,948,917,790,764,765
193,225,227,355,613,806,1218,8,13,1234,242,692,723,187,1212
608,1056,769,803,611,764,812,1020,60,1075,115,917,956,765
704,1097,393,1068,365,1071,372,373,1078,374,376,1081,383
705,1058,1121,774,967,392,1064,402,1077,1112,666
954,450,679,72,105,169,650,1039,1202,86,221,250,1212,540
804,103,776,1068,82,660,916,758,185,1278
1,1153,963,4,869,1191,839,329,46,468,1206,58,541
736,769,1056,803,965,204,948,917,790,764,765
706,770,899,709,828,1001,1130,124,754,346,1179,956,509,542,639
1145,260,807,394,1098,371,979,917,952,121,956,1085,223
704,1024,355,547,708,549,612,685,1231,240,624,1141,918,249
1218,355,805,394,362,1194,784,1234,952,1242,380,381,382,1055
771,134,263,487,1001,777,600,848,276,468,533,952,1146,1116,157
98,359,780,525,878,113,1268,1045,792,697,763,894
677,748,237,1037,623,177,469,534,1275
608,1056,769,803,764,956,812,1230,1075,115,789,790,412,60,765
481,387,491,1099,717,474,338,372,373,1078,535,376,345,1082
769,382,997,965,969,395,972,495,784,1011,917,823,987,797,1246,223
801,136,1067,492,527,464,497,337,20,277,1080,538,63
37,1062,487,488,232,137,1036,1230,688,530,115,1075,155,1020,189
32,546,291,196,1033,686,431,283,850,403,852,598,825,219,223
193,287,135,457,777,268,78,529,83,691,918,191
545,98,291,1160,682,1004,460,398,785,852,1109,599,1209
1089,227,771,1061,169,777,203,180,532,245,984,1113,316
545,161,131,618,600,460,525,238,1136,112,468,504,1146,475,1116,989
963,326,40,74,138,463,1232,530,531,852,117,435,1208,635,541
1121,1154,967,392,522,624,468,918,666,510
833,963,870,905,170,906,364,1009,593,732,1213
994,389,908,909,911,594,595,602,922,990
387,261,135,231,521,393,683,520,777,346,691,148,918,760,378
389,909,911,559,594,595,1269,602,990,922
961,1186,195,968,1001,299,844,587,524,48,1110,1111,476,862
897,866,291,583,1004,877,846,596,54,567,985,219
704,355,387,1156,612,454,520,1194,523,492,1006,918,760,349,255
1120,1184,610,1132,1172,660,157,953,1243,412,413,414
515,228,68,1251,1223,453,614,298,716,1232,1107,628,760,252
576,762,556,1038,560,561,400,565,570,1022,991
706,514,3,1031,1131,600,112,1137,852,436,567,1176,601,1116,223
98,1273,359,780,525,1197,878,894,1268,792,697,763,478
704,1090,227,1186,520,393,491,875,620,338,691,442,1054
518,631,328,460,270,495,178,723,1268,1110,23,886,475,988,509
1056,611,803,771,764,777,956,204,60,948,917,412
131,872,238,1136,112,600,601,1146,1116
96,418,227,676,521,203,683,365,492,148,631,1081,378,508
544,546,34,41,123,1004,1229,219,507,921,154,891
389,909,910,911,594,595,602,1269,922,990
576,762,1003,556,558,1038,560,561,400,1237,566,570,603
98,675,408,522,139,686,497,1109,1077,54,184,1209,510
705,1154,1121,613,967,1290,624,666,604,669
1248,706,872,968,815,410,411,1110,1111,600,1046,1146,1179,1116,862
833,963,870,905,170,1002,364,1009,593,1180
1217,1218,796,1157,296,1232,1202,437,502,407,408,86,1212,540
96,1156,613,39,616,651,1231,175,497,719,147,1141,501,503,540
545,963,132,868,905,682,618,460,818,468,533,597,1208,475
1185,292,677,711,237,1230,274,115,1075,500,698,1114,60
546,867,291,34,133,102,41,123,140,531,22,539,154,219,61
643,707,709,199,744,493,720,151,217,122,1179,509
547,227,1156,613,489,1231,1232,148,1141,501,503,540
897,866,567,1160,877,398,111,846,596,852,599,1241
545,902,1098,108,460,495,976,498,1267,468,1268,371,723,178,988,509
891,995,41,123,1004,1105,914,81,1022,1241,219,860,830
736,2,643,707,1257,815,688,977,946,1268,151,410,411,509
771,900,549,772,777,814,847,880,1104,1043,692,375,858,411
771,1127,1063,393,777,203,13,144,496,691,280,1113,319
900,968,905,844,601,977,116,1046,600,857,862
486,136,235,108,141,459,79,464,497,498,533,278,538
928,839,936,973,817,881,1048,569,1050,573,927
859,74,138,682,267,494,972,273,113,753,212,1208,635,127
897,866,34,583,615,1004,877,1108,596,54,1015,568,985
195,841,969,844,1197,110,495,880,339,86,791,1208,858,315,862
1031,1033,1035,876,592,1075,276,1108,855,154,219
545,963,900,490,460,879,124,818,1235,1208,249,1180,861
482,709,199,1197,880,339,149,86,217,122,315,286
1186,898,968,649,875,844,299,983,1046,726,920,442,862
546,291,867,866,582,840,41,492,366,718,592,852,1241,154,219
835,935,874,1106,467,883,1043,854,630,1206,505,477
224,608,37,1126,487,488,232,1004,113,21,789,533,60,861
704,96,489,1161,683,457,1162,1168,240,822,378
229,871,1160,971,1262,1264,819,856,959
481,129,1028,378,1074,535,474,187,988,221
355,676,486,136,141,685,527,173,497,464,822,631,63
1219,36,361,778,909,911,752,368,658,915,788,826,957
480,929,135,231,200,460,207,529,691,723,886,91,190,191
448,770,261,263,648,235,1102,915,885,827,444,478,255
867,291,842,939,686,943,852,22,823,925
192,418,968,1116,410,498,1046,600,601,1146,476,639
1184,418,610,549,1191,999,1258,1034,1132,375,824,410,414,1023
674,618,139,525,751,468,1045,533,472,473,58,475,539
481,609,233,427,1099,717,474,338,1076,535,345,1082,221
1248,1026,1253,934,263,969,335,820,628,885,919,757,1210
963,487,476,906,848,465,1011,533,1208,249,635,1180,861
160,484,549,1258,1036,461,525,1041,1011,1208,473,158,1149,30
32,546,964,41,1004,813,219,492,567,1241,154,1147,985,830
548,263,139,911,496,273,146,498,1015,472,1017,444,475,284,637
321,323,69,1160,41,107,684,654,398,1262,819,599,249,607
100,1221,488,777,495,1233,465,627,149,1238,471,952,1118
866,567,1031,1033,1035,876,592,596,855,1241,154,219
771,132,166,456,777,138,44,461,526,212,116,470,635
737,1282,440,871,234,971,651,1262,1264,819,920,856,697,959
224,1056,771,611,37,232,1001,1130,777,237,917,469,88,155,1215
897,866,196,583,877,846,111,686,596,54,985
609,418,771,614,263,648,777,919,308,885,468,1079,952,533
453,1126,136,1161,1162,141,269,464,497,538,789,218,155,60,606
224,130,162,706,37,295,968,458,410,499,1110,1111,1046,122,411,1215
963,487,906,848,465,818,1011,533,1208,249,476,1180
65,710,102,264,41,455,44,463,498,535,539,219,62
835,874,907,1106,1043,467,883,630,854,505,477
546,291,675,771,840,41,842,777,686,654,366,592,1174,154,219
1282,1283,132,456,460,461,142,723,1012,1045,732
34,964,583,615,924,1004,914,1108,985,860,830,639
608,224,900,549,326,969,1130,459,495,115,627,21,789,825,60
1120,1184,418,549,1130,651,1132,1172,1243,412,1023
287,135,457,268,543,78,529,83,191
960,864,1282,737,359,460,723,1012,628,284,440,1209,1274,540,509,1023
576,121,260,560,850,405,825,570,283,1085,1022,223
512,706,130,482,199,295,968,815,977,1110,1111,217,410,411
1058,1251,739,1062,776,727,1073,628,885,790,788,1079,1244,285
1184,1120,549,1130,1258,1132,814,1008,1041,276,1172,375,824,346,862
288,1216,642,640,676,516,928,1185,73,854,631,408,698
579,998,550,556,561,913,564,1013,1237,1145,991
287,135,457,268,78,529,83,191
290,1219,361,1133,1135,559,369,117,342,118,1182
1184,771,549,551,999,681,1001,777,1132,115,276,760
289,828,873,1004,972,15,18,212,600,313,1146,859,1116,863
1152,552,1003,557,561,563,564,1237,566,982,1240,1239,991
1185,611,292,168,1193,237,1008,786,274,309,1270,695,698,794,957
291,675,325,326,70,451,651,939,943,946,1268,22,823,1273,538,925
928,1,0,4,1195,973,46,1200,1041,1016,1049,927
512,130,706,2,295,1257,977,946,151,664,410,411,509
704,801,294,135,231,457,203,236,78,690,691,242,918,537,222
1282,1188,324,68,1287,1128,297,334,1232,1266,1205,475,1277
1218,355,834,1157,296,43,235,1202,661,502,663,1212,540
1184,608,1124,1029,71,968,841,1130,299,1132,115,1075,1046,952,1215
128,515,68,356,1222,548,426,298,1232,1266,1205,87,24,152
132,261,166,456,74,138,44,494,814,16,470,827,127
1219,67,262,908,621,814,1007,110,117,1143,1276,1245,1214
385,97,418,611,454,263,648,777,1102,627,308,468,533,952,441
931,934,710,264,1224,1004,44,1199,463,178,851,1267,1150
357,806,646,447,266,810,304,1202,659,757,86,1212,831
672,0,1027,932,1030,40,970,267,718,881,983,1273,893
1186,227,1028,1063,520,969,393,270,495,691,532,245,23,249,316
1217,1189,747,76,941,589,399,271,397,796,317,447
962,869,1158,839,1226,1195,12,973,46,799,1048,927
357,1189,76,974,272,1233,1202,659,1212,821,796,317,447
97,289,963,1219,648,1129,74,814,847,273,308,1208,827,508
801,66,198,294,492,269,527,337,497,275,503,760,665,29
448,193,1249,1061,70,231,169,302,207,340,277,886,988,351
931,261,902,6,872,779,108,847,436,278,601,858,827,828,767
129,227,1127,236,685,632,845,760,690,918,280,1113,445,958
1113,153,227,66,1127,236,685,301,693,918,984,281
963,484,1146,902,968,937,940,1134,1104,977,1011,600,282,1116
451,326,1210,1098,139,651,301,1198,179,723,1045,244,311,184,1242,988
196,581,584,846,852,54,567,1241,219,574
1092,796,397,941,399,272,974,1084,243,885,86,22,344,156,1055
866,581,582,584,1160,244,852,567,1241,571,574
705,1282,1157,487,200,1039,1232,242,1267,178,216,1277,1208,543
577,194,578,872,1130,299,844,1110,1111,151,375,862,1215
768,354,741,422,234,241,1205,158,125,350
865,706,130,295,841,745,938,493,1108,279,122,1020,286,375
580,1241,964,615,583,1139,567,568,985,1181
344,250,206,271,304,399,786,1173,248,794,831
544,545,417,98,891,359,585,586,525,1101,1229,591,723,468,921,507
2,707,643,325,709,999,744,1034,720,946,246,151,509,375
581,1031,840,1033,41,1035,876,363,107,592,855,1241,219,574,607
802,771,934,425,777,555,305,1011,247,665,346,991
1153,580,615,583,1004,1139,567,568,985,1181,830
1282,7,40,585,586,810,460,718,1199,723,245,409,1210,540,509
196,581,584,1147,846,852,567,568,1241,923,574
928,962,869,1158,839,1196,942,274,1270,1049,957,254
740,329,973,942,208,50,569,443,572,573
227,1127,1063,135,492,559,251,945,690,180,245,1143,379,316,1245
928,740,329,973,208,1041,50,569,443,572,573,927
960,1027,234,12,1037,460,46,178,179,435,723,983,538,252,540
928,740,973,942,208,50,1011,569,443,572,573,927
419,1080,227,423,619,331,399,304,119,248,985,250,794,703
581,582,584,969,823,852,567,1241,571,574
993,1098,727,751,371,1045,1238,885,888,1273,1112,667,637,575
259,675,69,107,684,654,366,686,303,852
160,736,258,707,709,199,493,410,720,30,217,122,411,158,286
1184,577,578,872,1001,1130,844,1132,276,1110,1111,151,375
257,1125,421,901,424,1065,632,723,23,696,1086
1215,66,1093,775,810,523,1165,13,719,783,1168,52,341,255
196,581,582,584,852,1109,567,1241,571,574
227,1028,679,72,1065,427,1072,338,1053,213,950,954,221
576,121,260,560,850,761,405,825,570,283,1085,223
1152,998,556,590,561,563,564,982,1239,1144,1240,991
1056,608,771,803,965,764,777,956,204,1230,1075,948,917,218,60
675,678,585,586,1193,621,562,179,723,1045,178,500,1274,187,509
1251,931,614,972,975,976,628,436,859,828,863
482,199,968,1197,47,815,880,149,1110,1111,1046,217,410,411,1017
1184,194,968,681,1130,1001,1132,777,844,862,276,1046,375,220,414
579,550,590,913,561,979,1013,1240,1145,1144,991
96,509,227,460,173,464,626,178,723,475,187,1212,221,543
1241,580,615,583,1139,567,568,985,1181
515,68,228,1188,1156,1222,298,1231,1232,1266,1205,1141,760,670
581,599,584,1160,398,852,567,1241,574
576,579,998,556,560,561,566,570,1022,991
225,1251,675,1223,1227,141,718,178,723,628,1267,314,1244
192,224,226,163,133,37,232,155,17,22,536,476,28,862
1152,995,998,1003,556,590,561,563,564,982,1239,1240,1144,991
1248,964,583,615,985,1108,1015,1017,410,411,1116,830,639
481,1282,517,359,233,234,460,1198,178,723,468,474,475,988
576,1247,995,998,556,560,561,947,371,570,566,986,991
768,4,422,359,1226,234,525,46,241,723,468,1273,125,350
292,553,554,555,1037,208,753,274,1011,1019,991
3,229,828,872,1258,124,978,1171,1170,214,600,1146,1179,1116,639
292,553,554,555,1037,274,1043,93,407,573,254
98,325,70,231,326,1098,1198,302,626,371,723,340,886,1211
928,1,1187,292,553,554,555,1037,274,698,254
199,968,844,410,880,1046,1111,152,217,1110,411,862
706,67,420,549,1159,841,137,239,339,597,1175,249,315,1118
576,579,550,1038,400,560,570,1237,566,1013,762,991
227,230,491,972,173,1039,240,113,338,626,818,822,23,543
994,389,908,909,559,911,945,595,1143,922,1245
1145,579,998,550,556,561,979,564,1013,1237,1144,121,1085,991
227,421,294,1127,377,203,236,685,430,816,693,280,281,445
608,748,237,1230,1008,177,1075,115,469,88,1114,60
1152,991,762,552,557,1038,590,400,561,947,982,1239,1144,986,1240,1247
992,806,360,810,492,495,785,371,661,341,761,121,1212
1185,98,4,359,234,460,525,46,178,723,468,1209,509,223
1218,355,1194,362,784,849,306,1234,661,663,1148,540
361,908,909,911,1135,369,594,368,80,342,406,826,1214
1121,509,356,1222,1289,426,268,1233,402,24,1117,798
354,1273,741,234,778,336,241,727,697,667,125,350
352,358,650,1163,1164,1069,1166,889,955,25
477,355,357,646,455,264,266,974,463,467,53,663,505,1084,349,542
225,929,1251,486,6,1223,614,972,173,370,1268,436,1115,1244
35,1220,909,1135,911,369,594,179,658,342
704,1097,1067,365,1071,1106,372,373,950,633,1084,1055
704,1028,1097,365,1055,1071,1106,372,373,950,1084,383
291,259,901,582,739,1273,366,303,942,244,1049,219,93,670
321,323,675,69,451,41,107,363,684,654
674,389,460,1199,368,16,658,179,595,1045,1232,1267,723,922,540
1,962,4,548,1158,359,869,839,973,1102,367,942,1169,542,223
992,1121,64,226,1156,357,198,686,1231,1168,341,1109,1141,27
35,1220,293,361,1135,80,369,594,342,118,1182,1119
1220,838,1007,559,945,118,1143,1245,343
1121,705,1058,967,392,1290,624,402,1077,666,604
0,737,960,354,675,646,72,1193,970,336,1202,723,1045
1089,227,1061,1127,169,527,1231,337,242,1141,918,216,281
954,679,1099,717,366,338,213,950,345,1082
193,675,70,231,812,207,143,497,723,340,277,120,1209,988
768,354,741,422,234,241,1106,125,350,927
1280,385,229,1210,909,1070,911,627,214,410,411,476,351
352,384,325,40,1163,301,718,751,1039,1267,885,727,56,538,989,703
353,1250,419,1260,1261,433,1202,787,119,1207,1272,893,703
611,325,40,1098,141,718,847,976,723,660,346,1211,220,893,1182
1056,965,1126,230,956,781,1230,782,1075,948,917,347,60
320,450,101,454,77,1052,1231,1265,850,1141,760,348,1085
834,355,806,775,13,1006,849,1234,659,306,661,663,1212,349
322,227,452,327,169,236,460,685,144,374,187,606,543
35,326,359,651,300,299,495,336,179,435,723
1250,837,1032,1256,330,1259,428,1261,1260,787,893,734
610,707,325,999,1001,1098,1034,681,1198,720,1110,1111,953,1023,375
194,611,324,1188,297,460,1198,1232,401,1266,1233,980,723,469
323,69,840,107,684,363,654,686,592,607
704,322,518,167,1063,457,203,140,685,491,78,144,1113,543
321,451,675,40,41,718,592,723,852,1174,607
320,101,454,1288,77,1231,850,1267,1141,825,1178,1211,348
1026,1223,460,1198,335,46,723,628,820,790,919,920,1209
1217,974,334,1167,1233,1266,659,206,53,317,382
1064,1112,618,267,301,333,751,145,497,468,1045,727,888,475,667
0,451,325,40,1033,939,332,686,943,1200,723,852,823,797
290,1027,40,331,430,718,433,179,1012,119,983,1272,893,703
353,1250,837,454,330,428,1260,434,787,312,734
928,548,869,262,167,329,521,1134,46,1041,498,180,541,927
704,227,1125,1158,328,105,424,1290,338,662,86,1080,604
1218,646,775,362,1006,1148,849,306,1202,659,1234,661,663,1212,349
353,1128,72,297,1165,1106,307,852,53,1140,1236,794,734
646,266,810,206,974,304,399,271,659,53,248,794,831
425,727,1230,305,177,497,665,469,885,247,1273,1275,667,671
512,706,130,482,199,295,968,815,977,1110,1111,217,410,411
193,705,773,70,231,423,391,1194,302,272,19,340,249,188
867,259,69,840,1160,492,686,303,943,398,852,661,599,1177
1089,612,1063,1127,8,426,203,650,300,685,429,144,588,845,20,24
1252,933,1254,1256,1259,1261,439,1272,1177,318,1207
153,165,281,39,618,301,179,1012,468,1268,150,440,1113,984,541
1217,1282,1188,297,334,206,1232,1233,1266,786,317
832,227,356,1126,426,203,845,685,1271,760,281,379,958,319
225,194,859,1253,614,872,265,1227,1005,976,820,314,1211,863
706,420,1284,1286,906,75,1179,1197,47,339,149,597,87,315
1217,1282,545,509,357,362,811,460,1232,849,178,723,821,663,540,311
407,1250,418,841,777,1260,1020,209,19,787,309,1047,312,188
448,770,519,648,263,273,308,441,346,827,444,189
194,970,300,1037,1198,748,371,469,310,55,888,88,540
