1251,739,1062,1223,628,1273,538,1244
768,1282,741,1285,723,983,185,187,1277
740,50,569,443,572,573
742,1127,40,1004,718,497,1173,727,924
744,968,844,1046,862
1189,747,76,589,941,821,437,447
1157,746,1194,849,1202,822,663,1212,349
100,102,749,467,789,22,539,60,285
389,752,658,594,595,922,990
675,996,970,171,753,723,1012,852,638
652,559,945,722,755,756,754,851
737,1225,587,718,48,760,606,703
768,960,266,588,432,1077,311,252,638,447
1189,747,941,589,430,1233,821,86,734,447
453,808,845,1006,703,794,31,349,606,639
321,323,675,69,363,684,607
608,771,1126,777,812,115
609,648,1133,1102,1007,594,1048,351
613,357,806,616,40,718,1212,893
930,1258,1179,878,1170,410,411
614,6,779,972,975,178,628,885
580,934,969,1004,497,757,1109,924,1149
804,103,82,758,185,1278
224,706,37,232,1130,1110,1111,410,411
40,811,718,464,723,760,187,540,893
1145,579,260,550,1098,371,1013,761,223
931,229,873,779,1267,828,767
1,772,777,1198,1263,1203,1075,115,956
608,1056,611,771,777,60,917,218,956
448,609,770,648,616,308,668
768,741,422,1287,234,241,125,350
32,291,583,1031,1004,785,852,860,830
229,614,779,313,828,767
1056,611,771,777,60,917,956
773,561,850,694,761,442,1279
908,909,911,495,594,791,1208,1209,826
1282,1285,7,171,172,983,952,1279
1250,419,1259,1260,1261,433,787,893
453,394,206,1233,786,26,794,796,317
356,1222,231,1211,24,795,1117,798
1217,76,589,718,271,399,211,983,794,796
453,231,1211,750,850,795,1117,798
206,399,271,304,786,794,831
801,613,806,616,360,269,783,785
802,425,777,1198,305,247,728
121,1098,1003,893,371,761,285,799
800,706,67,230,841,778,972,597
1216,642,809,106,139,473,1209,475
1157,810,362,1234,661,535,474,1148
355,613,806,822,1083,1212
808,172,845,13,269,760,1211
1249,227,1127,169,683,236,816,1168,954
1217,76,589,1233,821,317,447
768,811,589,723,983,185,1212,509
194,418,549,999,814,660,375,1210,412
993,1238,759,827,637,575
1248,1281,229,779,1210,828,767
355,613,806,746,822,1083,1212
1282,1098,460,625,850,371,178,723,509
1154,613,426,1290,303,624,604,669
960,609,585,586,715,618,725,730,671
675,259,40,41,366,1210,988,670,607
708,1064,1066,1194,173,727,632,667
289,682,718,14,147,116,662,246,665
420,682,170,364,906,212,597,894
769,100,743,680,204,534,55,310
322,167,203,140,685,144,626,1205,543
323,259,69,107,684,654
674,1220,909,621,559,594,406,118,1119
672,1030,297,811,267,974,659,796
1220,678,814,627,1238,759,441,1119
675,69,840,107,684,654,686
1091,131,356,1068,268,690,503,601,29
480,1089,227,1124,1061,691,309,760,700
1217,1064,618,497,692,533,727,1112,921,1148
675,259,41,107,684,686,654,852,510
960,640,864,1284,687,657,725
709,645,458,815,688,977,211,253
1113,801,153,685,689,693,918,280,281,379
161,1209,715,143,723,697,1051
197,1190,711,237,1075,1011,699,254
644,884,887,537,890,701,222
676,1284,1286,841,1228,631,702,1183
96,768,1282,1285,718,626,723,187,1277,543
288,0,1186,773,1001,301,625,694
704,257,1092,1125,1039,338,213,696
453,1127,712,807,527,464,337,281,318
710,359,326,336,178,435,179,1267
708,1157,679,1192,203,338,950,667,28
705,1121,967,392,1290,1077,666,604
704,365,372,373,86,1080,1084
1259,619,430,1207,1177,893,703
1220,621,559,722,754,851,755,406,1119
999,1001,1034,720,978,375,1179
322,612,43,588,269,719,822,1271,918
1250,419,1032,1261,433,1272,893,318
69,840,40,684,654,718,607
1282,541,1287,716,1232,179,468,1277
1185,98,715,621,687,1040,657,185
928,1,46,1200,1041,1016,927
453,454,1128,777,714,606,845,798
802,425,305,247,728,665
1121,322,7,967,8,1067,624,918,729
649,875,309,726,983,920
677,623,436,534,727,310,1275
322,324,327,814,724,693,153,346
960,618,715,687,657,725,730
1220,621,346,944,369,722,629,1016,1210
1,359,585,586,723,920,697,509,638
737,646,1201,1202,659,661,1212,349
738,5,359,585,586,656,1021,638
996,430,1140,1236,1207,1177,31,734,703
1248,769,610,454,743,587,623,347,735
673,1284,682,1040,629,1274,1276,733
640,1284,1286,874,715,687,657,725,730
1283,132,732,456,970,142,730,540
160,736,258,643,709,894,122,158
0,864,98,10,234,46,209,946,1020
153,685,845,626,693,918,281,445
1251,1195,143,178,370,628,723,1274,1244
677,812,1037,623,469,534,1275
705,1121,967,392,624,666,604
738,1027,1100,629,634,636,415
1184,418,771,1190,1132,952,636,1149,414
1248,1186,229,968,625,853,1046,639
257,1125,421,23,632
866,1288,617,10,11,841,809,1213
1286,618,874,1106,467,505,477,1183
674,485,585,970,586,621,883,983,698,638
0,869,909,622,911,943,915,694,444
1252,619,1261,893,703
481,322,677,620,1232,626,187,543
1155,1157,1159,362,1167,1202,659
770,648,906,1102,944,273,656
1190,168,137,488,655,120,218,1020
323,69,840,107,684,654
328,105,970,270,1039,852,662,665
515,535,266,303,20,53,661,1173,22
224,193,37,549,781,916,660,155
676,645,935,1043,211,631
736,258,643,707,709,122,158,1020,894
641,708,1127,685,79,1232,280
606,1131,1137,597,823,794,731,957,638,223
352,384,358,650,1163,1069,955
833,647,648,1102,273,593,1009,695
585,586,970,9,1100,721,723,697
649,1131,875,1137,726,983,920,731
224,37,232,968,1130,1046,1111,410,411,1215
835,645,935,874,907,1043,854
962,869,1226,1195,12,973,799,927
13,464,1232,626,723,187,540,543
640,1284,1286,359,715,1040,657,725,695
968,744,844,1046,862
738,1027,1210,629,1016,634,733,415
738,1027,585,586,629,634,415
999,968,1001,1130,844,276,1110,1111,410
706,37,232,137,968,688,1110,1111,410,411
932,614,972,975,1042,859,863
872,1034,976,720,978,375,1179
1154,1290,179,723,1077,187,540,604
640,292,839,553,554,1228,1206,854,1183
964,872,1108,1015,1017,924,830
928,0,5,620,1041,1016
933,1256,433,439,1272,893,318,703
1250,619,1260,1261,433,787,1272,893
608,611,771,777,812,789,917,347
871,1262,1264,819,959
960,1157,966,334,1233,1266,179,1077,540,317
611,100,1255,812,1230,115,789,952,765
224,37,871,1262,1264,856,959
1248,929,1253,6,1223,1139,436,1115
448,1249,355,236,816,337,216,281,445
674,1220,262,468,117,533,58,1276
804,103,82,758,185,1278
260,773,1098,371,799,285,1279
1280,1089,1061,1070,81,1213,351
35,293,1002,652,369,851,342,58
994,1219,652,1133,1007,851,438,406,1274,1119
1282,1188,1287,1232,1205,1277,382
962,869,839,973,942
934,1288,970,77,751,1209,1274,1150
930,229,1258,878,1170,1268,1179,639
1282,1188,1222,941,1233,1277,317
616,974,783,1202,306,1242,1212,349
1282,1285,7,172,1199,723,852,540
389,658,595,602,922,990
968,744,1258,844,1046,862
1251,675,451,141,1199,178,1267,628
0,769,804,1194,784,983,1271,797
673,770,4,359,647,525,1014,634,58
290,1219,1220,1133,438,118,1182,1119
1155,646,102,264,1161,1162,498,535,539,126
960,98,676,893,718,630,631,408,989
1217,206,271,399,786,794,382
232,1130,815,410,411,1111,122,155,956,1215
674,99,1220,1219,361,1045,826,1214
929,1253,6,1223,436,1115
929,1253,6,614,1223,1139,1115
1282,1188,1222,1287,1232,468,1277,541
674,1220,838,621,343
899,934,583,903,1224,1004,398,1199,568
418,194,999,1001,1198,660,948,310,55,956
772,1195,1196,531,957,254
1218,355,1194,43,362,849,663,1242
1157,806,746,1202,822,663,1212
608,795,611,231,812,789,310,55,1211
1281,934,1210,828,1150
229,1258,1034,976,978,1179,124
1282,1188,1287,297,1205,1277,541
834,612,1157,1189,43,1006,1266,663,1212,349
1194,1006,1167,849,306,659,661,1148,349
1157,1189,43,589,659,437,663,1212
834,1189,646,941,974,272,1233,86,796
645,935,874,907,1043,854
197,1190,655,948,120,122,1020
320,101,1288,1178,1211,348
290,1219,361,1133,118,342,1182
257,1125,421,1065,632,1273,1086
608,611,965,1126,812,782,948,789,347,60
1219,1220,621,559,117,118,406,1119
1121,967,402,1077,184,666
642,1129,1002,841,113,1010,408,121,1018
36,396,1135,911,369,594,80,915,1045
704,227,1127,423,814,816,690,918,445
1248,872,744,968,844,878,1046,862,639
960,1282,359,1287,1128,1232,179,1277,541
1218,1252,1254,1032,619,1261,433
1218,1006,1167,849,306,659,1234,1148,349
1282,541,1188,1285,1287,1232,1277
0,1273,942,1200,1014,1049,93
225,1189,614,172,1196,1230,628,285
931,899,264,1224,44,463,627,124
706,232,815,688,977,217,410,411
1024,454,1225,587,48,1076,440,223
225,290,451,836,1227,435,723,314,540
1188,334,974,1232,1233,1266,630
1027,585,586,970,723,662,1210,1213,638
1,966,359,488,460,46,435,723,509
960,874,618,1106,467,505,477,1183
679,717,1072,950,954,1053
674,647,621,525,1102,944,656,723,725
322,1127,200,693,918,760,281
994,838,908,1007,594,659,438
1284,1286,1102,1040,657,695
899,931,903,1265,627,95,1023
899,264,1224,1199,463,627,124
682,906,780,525,723,792,763,894
1163,1164,1166,25,955,889
231,874,302,207,340,886,854,988,190
771,777,879,1235,404,888,793
640,0,974,882,725,630,1206,989
581,584,852,567,1241,574
864,960,1284,1286,1102,1137,695,1209,1018
1218,1159,1006,974,1167,849,306,661,349
576,750,560,850,825,283,1085,223
280,808,845,718,760,1211,319
229,872,847,82,758,185,410,411,1278
321,69,840,40,107,684,654,718
800,706,932,773,841,778,597,761
34,836,964,779,1227,1199,627,767
1220,838,559,945,1143,1245,343
968,844,880,1046,1111,862
266,810,588,304,1202,661,831
834,612,357,362,849,1212,215,540
390,391,72,1076,1078,950,955
771,1062,777,60,1075,948,789,115,956
356,1222,231,1211,795,1117,798
608,1285,550,812,60,814,1199,1114,412
361,909,910,911,368,1269,1045,602,826,922
896,257,40,105,1039,338,696,540,861
356,1060,1289,525,912,22,1271,892,1151
4,715,687,143,657,697,1051,763
672,1030,267,399,659,796,447
1029,71,999,1001,265,528,309
706,199,968,815,688,977,410,411
832,0,76,589,336,1233,821,1242,1212
960,225,1021,1265,725,1270,989,638
418,999,1001,1034,14,720,246,375,92
864,738,1027,687,497,634,478,415
418,325,1001,276,1110,375,284,414,1023
1024,1286,1040,1137,1010,1018
132,460,525,461,621,49,818,468,1012
615,583,1004,1015,568,1017,985
43,1006,849,306,659,661,663,349
611,777,748,237,1037,1008,88
993,911,1238,667,637,575
994,1092,267,908,1007,594,438
229,614,872,1258,976,978,375,1179
996,1259,430,787,1207,1177,734,703
673,833,1002,1102,1137,1169,593,1009,695
649,875,726,983,920
153,169,301,79,150,984,1113
486,169,207,1232,20,984,1113,988
609,514,420,841,1131,1137,1176,895
992,801,291,198,464,341,661,538
706,67,420,1123,1197,597,1180
901,723,895,23,151,923,509,639
1185,642,516,292,73,695,698
1187,935,874,907,630,731,668
1059,1192,843,782,1047,829,766
833,673,293,1002,1009,593,1018
677,1285,1230,115,1075,500,185,540
161,418,98,835,359,874,371,883,854
677,748,623,115,727,1275
964,872,1004,1108,1015,1017,924
1220,293,652,621,851,1209,58
168,265,1263,309,630,1206,854,1183
610,325,651,206,784,625,304,983,636
160,258,709,30,151,217,122,509,158
1284,1286,267,1102,751,687,695
43,397,1167,783,849,1202,659,53,663
1216,642,293,969,106,695,408,1209
1059,102,1192,843,782,1047,539,829
1254,1032,1259,430,1207,1177,703
224,706,2,37,232,815,688,977
999,1001,1130,276,1110,1111,536,410,411
835,874,467,883,1043,854,505,477
76,941,397,271,989,1233,821,317
609,1284,1286,906,1102,1137,695,1176,731
553,1131,1228,1263,1041,1203,731,668
288,1185,642,516,839,73,106,121,698
131,504,238,1136,112,600,601,1146,1116
1029,71,999,265,528,276,309
229,1258,1034,976,978,1179,124
928,973,1200,1041,346,254,927
967,392,489,683,624,1168,1077,666
194,771,805,777,1005,917,952,220,382
1284,1286,1102,494,1040,695
0,928,483,1226,1041,1049,927
777,1037,1008,688,404,888,793,1279
194,418,999,1130,1034,1132,276,55,375
963,818,1208,249,635
224,37,879,1043,1235,249,346,155,861
928,0,1200,1041,1049,927
865,938,1107,1044,313,859,863
288,1221,869,1041,467,1204,1206,407,254
896,963,904,1208,249,346,635
999,1001,1130,276,1110,1111,536,410,411
1216,121,642,516,293,106,408,1209
418,999,1034,878,976,720,978,375,1179
1187,869,1228,467,1204,1206,477,1183
928,0,973,1200,1041,1016,927
418,194,999,265,1001,310,55,414,1023
1254,40,172,718,433,119,90,893
355,616,269,1231,464,1141,822,1271
933,1254,1256,1032,439,1272,318
1248,872,968,844,815,977,1046,410,411
1259,1261,430,1207,1272,1177,893,703
512,706,130,239,1110,1111,664,410,411
962,869,839,973,942,1273
512,706,130,295,1110,1111,664,410,411
936,881,817,1048,1050
706,199,815,688,977,410,411
546,219,1103,403,154,123
936,881,817,1048,1050
34,229,860,1258,45,1171,1108,476
1216,1185,384,98,676,407,631,408
553,1131,1263,1041,1203,1176,731,668
512,706,130,239,1110,1111,664,410,411
1120,418,1124,1001,1130,265,1172,309,700
292,903,1265,1021,405,698,668,957,735
962,869,1158,839,973,942
1187,907,1228,1200,630,407,731,668
936,881,817,1048,1050
928,1200,1041,1016,93,927
1095,679,717,950,376,633,954
546,219,818,1174,154,123
931,614,873,969,15,1267,828
1185,642,516,292,839,73,1048,698
1153,932,229,6,1223,972,1042,639
928,973,1200,1041,1049,93,927
1106,467,883,1204,1206,407,477,1183
224,232,1130,815,688,410,1111,122,411,956
962,869,1158,839,973,1270,1273
896,546,219,1103,1174,154,123
224,963,488,879,1235,249,155,861
968,844,880,1046,1111,862
706,37,232,137,968,688,1110,1111,410,411
1124,168,467,309,1206,854,630,1183
420,906,1197,47,339,149,597,315
227,169,777,429,749,816,245,346,827
706,232,1130,815,688,977,410,411
224,513,484,709,232,723,122,155,1215
1252,1254,1032,433,1272,1177,893
963,818,1011,1208,249,861
1157,775,1006,849,306,661,663,1212,349
224,232,1130,815,410,411,1111,122,155,956
1120,418,777,1130,115,1172,375,89,346
1187,292,1228,912,467,1011,1206,892,477,1151
835,874,907,1106,883,1206,854,1183
835,935,874,467,1043,854,505,477
1056,611,777,204,917,956
706,232,815,688,977,410,411
962,869,839,973,942,1273
1059,1192,843,1047,829,766
928,973,1200,1041,1016,93,927
3,265,972,1042,309,859,926
232,1130,815,688,410,1111,122,411,956,1215
642,516,293,73,106,267,408,1209,698
293,652,1135,369,851,342,58
1220,110,1135,910,752,851,1045,1214
194,100,109,660,789,310,55,952
930,1258,1179,1170,410,411
290,108,1197,718,468,1268,628,1274,541
259,69,107,363,684,654
704,227,650,632,114,691,280,954,955
170,364,878,49,113,1073,1018,1213
131,238,1136,112,600,601,1146,1116
866,196,772,846,111,403,154,670
320,101,1288,77,750,1231,348
224,33,100,37,21,789,1114,155,765
99,1220,1260,1135,911,369,1214
936,881,817,1048,1050
1216,642,293,106,267,695,408,1209
704,328,169,105,777,245,604
1184,418,104,1001,651,1132,81,413
804,103,82,758,185,1278
1059,843,782,1047,829,766
481,129,280,1028,650,1164,1074,632,221
131,238,1136,112,600,601,1146,1116
642,901,1222,875,204,141,311,126,862
448,289,770,548,648,74,622,127
287,135,457,268,78,83,191
968,1197,815,880,977,149,1110,1111,410,411
486,136,141,497,918,538,606
224,1283,132,773,456,461,732
642,293,134,170,267,364,145,408,121
419,1254,119,90,893,703
197,1190,711,428,120,249,1208
674,262,621,117,475,1276
290,1219,1220,1133,438,118,1182,1119
931,1224,178,1267,628,340,124
354,422,234,241,125,350
579,260,550,552,761,1013,121,283
160,258,709,199,30,217,122,411,158
577,578,68,100,48,1232,1107,21,952,88
1249,66,386,194,612,1094,1006,503,29
323,451,675,69,40,107,684,718
640,674,67,715,651,621,723,1045,374
227,646,423,72,390,391,691,213
480,70,231,1288,302,1267,340,825,571,190
128,162,2,42,1258,977,1268,410,411,509
1284,1286,905,906,1040,657,1010,695
132,548,485,456,74,267,494,273
707,265,1039,497,1268,727,56,601,667
418,451,325,525,1268,1109,55,1210,988
1249,1218,705,709,775,849,825,59,540
954,129,227,679,72,491,950,57,474
2,775,200,233,489,148,248,59,61
1056,965,1126,782,948,917,347,60
64,39,872,777,210,601,27
708,613,1223,72,777,173,538,221,63
1218,806,646,72,1194,849,1202,349
1186,195,549,777,844,852,85,346,862
266,272,1233,432,86,311,447
109,1230,48,789,310,952,88
418,999,1001,1130,115,276,1111,346,157,375
1284,695,713,1097,1071,1040,631,408,1207
419,1254,1259,787,119,90
480,356,231,777,207,340,886,91,190
544,899,903,944,1265,1210,507,95
96,227,612,1127,690,115,378
960,1,97,359,525,46,16,1169,723,1173
1193,395,76,397,271,26,381
547,102,1288,264,77,750,146,539,348
287,268,78,529,83,698,191
153,1223,79,150,984,1113,538
481,293,517,1135,80,369,342,535,826
418,860,104,1001,81,220,830,1023
804,103,82,758,185,1278
135,457,268,543,78,529,83,191
1154,1161,1162,683,781,1168
992,357,198,40,522,718,208,178,885
352,650,1163,1164,1166,889,955
898,195,771,777,875,844,299,862
1155,1159,811,974,1167,1233,659
194,418,549,999,844,310,55,862
768,1161,1162,460,464,1168,179,1267,723,252
192,194,418,324,999,844,55,862
960,193,1,98,70,723,340,983
287,135,457,268,78,83,191
771,1156,454,777,1231,377,378,190
1185,642,809,106,1037,1232,788,1209,189
768,1155,1162,811,1168,178,179,723,983,187
548,209,19,1173,21,1047,188
260,750,913,979,565,566,1145,283,1085,991
322,153,281,620,693,918,1113,187
1163,1164,1166,25,955,889
1089,1061,207,693,245,1141,886,186
994,1155,1159,1167,659,349
1121,967,392,624,1077,666
804,103,82,185,540,1278
449,1059,843,244,949,1047,183
1113,167,169,180,532,245,984,153
1164,1165,1166,1106,211,53,889,667,252
992,291,323,198,40,785,181,1174
1153,98,1191,329,1077,730,541,671
704,801,487,200,491,242,216
834,612,1157,357,362,849,215,1212,540
679,72,1072,338,213,954,1053
1186,585,970,586,778,625,628,501,285,638
964,229,924,639,182,214,985,284,351
1248,1153,964,229,1191,1108,1175,924,639
1187,676,645,907,211,1206,631
964,742,1160,844,398,1169,1173,1046,599
359,585,586,970,460,210,723,178,509
993,1219,1169,1173,759,827,444,575
864,707,10,1020,209,723,312,188
1,869,1158,208,1041,569,698,572,573
1253,135,520,203,205,814,691,148,760
1152,1089,1061,233,169,207,982,1239,1240
933,1256,433,787,439,1272,318
165,167,203,140,144,496,83,319
225,1251,739,1062,1223,628,1076,1244,285
1217,357,362,718,206,304,849,399,821,796
355,43,1202,663,1242,1212,349
1248,968,844,815,977,1046,410,411,862
999,1001,1130,276,1110,1111,536,375
608,1056,611,803,764,812,204,115,60,765
197,1190,655,1047,120,1020
704,200,491,1232,529,242,216
736,707,643,709,815,977,946,410,411,509
153,301,79,20,693,984,1113
736,160,258,122,647,946,634,158,30
1187,907,1134,182,282,156
1,4,292,147,468,1204,247,540,189
1282,1123,996,5,970,146,636,638
153,79,150,984,1113
521,489,683,777,148,822,378,1212
609,648,460,143,273,697,308,695,441,1051
1283,132,456,618,142,732
4,359,234,1131,555,46,145,252,223
65,518,167,203,140,144,116,1113,62
835,676,408,874,883,1206,631,854
993,1219,139,909,1209,475,1119,575
166,456,138,44,470,539
1113,613,486,136,141,497,822,153
1113,167,203,140,460,144,532,153,1052
39,618,906,176,468,533,541
677,748,237,623,177,534
35,652,945,369,179,406,1143,1245
288,514,1131,1137,855,1176,731
931,463,178,1267,124,1150
153,1127,689,20,984,1113
193,66,777,426,685,174,690,950,252,29
1089,227,169,492,429,175,207,1231,1141
1089,322,771,452,167,169,777,203,1232
1089,227,771,1061,169,777,918,984
577,865,418,229,614,1258,847,976,370,1267
1056,100,777,204,172,1230,109,789,917,952
961,7,172,48,468,533,150,500,475
224,37,232,968,1130,1046,1111,410,411,1215
835,874,883,630,1206,854
160,258,709,199,410,30,122,411,158
165,294,1127,203,301,429,144,180,918,795
544,289,166,138,526,212,470,507,923
613,1094,712,785,52,185,667,1278,1087
257,1125,679,1065,717,632,345,1086
260,807,1098,371,121,283,1085
1090,1091,1096,717,1074,950,376,633
1187,835,874,907,1043,854,1206
1090,1091,1028,679,1072,950,633,954
865,1251,614,938,1107,313,859,863
1089,153,1061,169,1097,497,950,1113
1088,832,616,1066,845,115,667,319
771,777,393,1067,1039,338,950,1080
1028,1095,679,1096,950,1078,376
1095,679,717,950,1078,376,345
129,1028,679,717,1074,345
704,723,372,373,1080,187,1084
1095,679,1078,950,376,954,1083
129,355,613,235,1006,540,1212,349
679,1099,717,338,345,1082
954,1097,365,1071,1081,378,383
1248,4,359,525,1102,944,656,697
1248,865,418,229,614,938,1044,639
546,219,1103,1174,154,123
679,1099,717,338,950,345,1082
1255,1100,629,695,504,1114,1020,415
865,938,1107,859,863
1251,902,872,937,940,1104,1107
968,844,880,688,1046,1110,1111,410,411
196,574,876,1105,598,860,1149,830
1092,1125,679,1095,1039,696,954
1092,1093,1094,775,328,696,1052,1087
1281,776,872,1034,1073,885,727,1210,828
260,1098,850,371,121,283,1085
679,1096,1065,950,345,954,1086
1097,365,1071,1081,383
1093,1094,261,328,269,503,377,1087
1120,999,651,1172,276,1243,412
967,472,137,468,533,184,1118,510
292,553,554,1131,1037,237,274
1184,999,551,1001,1132,276,789,414
514,1131,855,1263,1137,407,1176
513,963,484,456,1134,182,249,827
960,290,1282,1290,460,1138,179,723,983,1179
1059,102,1192,782,1047,539,829
355,805,1194,43,362,1006,784,663,349
355,1194,43,663,1242,1212,349
1058,1064,145,402,1112,377,666,184
874,1106,467,1043,854,505,477,1183
1248,1253,6,1223,436,1115
1248,929,1153,6,1139,1115,639
32,291,964,813,219,1241,1147,1149
580,583,813,846,592,54,1147,1149
418,229,934,828,972,124,1150
1153,1223,1191,329,370,723,628,541
1029,71,999,1001,265,299,528
1121,1154,613,1290,624,604,669
1155,1159,811,974,1167,1233,659
1122,558,401,980,566,605,1022,991
929,1251,1253,6,1223,1139,1115
1128,1106,307,1236,1140,1277,734
320,834,355,1156,1006,1231,1141,663,1083,349
999,968,1001,1130,844,276,1110,1111,410
644,884,887,537,890,701,222
999,968,1001,1130,276,1046,1110,1111,410
1248,929,964,6,1139,1115,639
912,1011,1019,892,1151
546,69,41,684,654,592,219,607
196,580,325,583,852,1109,568,1210
1220,908,1133,1007,369,438
579,550,1003,556,561,1237,566,1013,991
964,599,1000,1160,398,567
1184,549,325,999,1130,1034,276,375
1,1217,1193,234,46,1200,723,187,541
931,264,1224,138,44,463,1267
865,3,938,1107,1044,859
567,1031,1033,1035,876,855
1221,869,1041,467,1204,1206,477,254,1183
1184,610,551,1132,276,414,1023
896,904,818,1208,249,346,635
773,972,781,660,916,347,797
1031,1033,876,846,592,54,855,985,1147
897,877,846,596,54,1241
357,849,1202,659,723,821,53,663,447
567,1031,1033,1035,876,855
1,359,585,586,970,1199,16,1267,52,852
576,1025,762,558,560,565,566,570,1022
225,451,51,435,179,723,540,1215
649,1131,875,726,983,920,731
1024,353,1102,1010,787,1018,636
546,219,1103,1174,154,123
928,1,1190,46,1200,1041,1016,927
50,569,443,572,573
1024,418,292,1133,1137,1010,1018
1248,34,968,1108,1015,1017,410,411
833,905,170,364,49,113,1009,593
224,961,48,468,789,500,475,155
580,583,615,568,985,1181
1057,355,1161,947,822,247,986,379,1247
1056,611,803,764,777,204,917,956
1121,1058,967,392,1098,371,1077,184,666
1248,968,844,815,977,1046,410,411,862
928,193,10,973,46,1041,1011,346,1213,927
610,970,586,10,11,171,878,1268,953
931,1224,463,1267,628,124,767
1090,1028,679,1072,950,633,954,1054
1194,338,372,373,1080,1084,1055
1250,419,1252,619,1261,787,893
460,209,19,117,1047,312,188,375
930,1258,1179,878,1170,410,411
1249,70,169,688,20,245,984,24
224,100,37,232,488,500,21,311,155
679,717,1072,950,345,954,1053
257,1125,421,23,632
1248,968,844,815,977,1046,410,411,862
327,712,365,409,954,1052,1081,383
1120,610,999,1172,953,1243,412,413
647,1064,298,16,145,885,727,1112,478
1248,580,196,583,615,844,1109,568,862
1059,1192,843,782,1047,829
130,931,163,1223,92,18,919,536,284
226,195,898,771,549,844,601,28,862
290,365,1073,435,983,1081,378,187,540,383
679,1095,717,1072,950,954,1053
64,1222,39,1168,1138,1011,27
453,1222,454,334,1140,1205,1236,734,31
968,844,688,880,1046,1110,1111,410,411
66,227,690,822,503,24,29,319
385,965,1073,117,759,1213,446
356,262,472,1289,524,468,1208,24,58
383,776,1068,365,950,376,633,1081
609,546,867,196,939,332,852,441,154
352,358,1163,1164,1069,1166,889,955,25
1,26,359,1193,394,395,786,725,1242
166,138,909,1070,911,1171,284,351
1163,1164,1166,25,955,889
10,460,1070,178,697,1012,723,89,351
226,613,38,808,492,495,624,184
1121,1058,967,1064,624,402,1112,666
224,37,232,968,1130,1046,1111,410,411,1215
257,679,1065,717,696,950,632,1086
323,675,840,40,363,718,592
1088,1091,679,1066,717,633,950,345,954
64,1248,835,39,872,1138,630,27
388,393,777,1067,950,374,376,1080
33,292,168,346,1230,627,1114,347
706,841,239,688,1111,664,249,410,411
32,546,1031,431,785,598,567,985,219
36,809,396,909,911,1169,915
1089,452,1061,327,169,1232,760,1113
35,1135,369,179,342,406
865,1251,614,938,1107,313,859,863
1113,1089,452,1061,1063,327,1141,153,186
449,1059,843,949,1047,831
34,1191,1258,1004,112,914,860,830
704,450,393,491,620,816,632,59
389,909,911,594,595,922
451,675,40,107,684,718,654,852
1113,322,452,327,693,153,445,543
36,809,396,915,1079,826,956
1282,1188,453,1287,297,1277,541
1056,769,611,803,777,172,917,790,765
1,70,454,714,1037,1199,178,1267,187
1056,608,193,781,660,948,916,956,797
1218,294,455,113,533,150,1238,55,1148
923,1229,219,1101,591,921,891,1149
224,1283,132,456,461,694,732
1248,1026,418,335,1139,820,919
609,1220,1198,814,369,759,441,1210,1119
736,643,964,709,647,946,1045,151,924
773,618,524,460,1232,145,723,89,442
416,34,923,1229,219,591,985,891,1149
50,569,443,572,573
1184,999,551,1001,1130,1132,276,1243
609,993,263,423,1238,1048,346,827,444
451,675,40,718,943,852,823,925
1248,929,6,370,1139,436,1115
452,1223,173,685,144,626,693,474,445
5,585,586,10,171,715,366,723,446
941,432,272,821,53,311,317,447
934,828,627,1210,923,284,1150
448,1249,770,525,308,628,1274,541,478
1059,1192,843,782,1047,829,766
1248,1153,932,229,779,972,1042,639
1250,419,1193,619,525,434,787,178,53
644,884,887,537,890,701,222
40,619,430,433,252,893,703
1251,614,972,975,178,562,628,885
644,884,887,537,890,701,222
1248,929,1153,229,6,1139,436,1115,639
644,884,887,537,890,701,222
4,326,300,336,627,435,179,541
674,585,586,621,1133,1007,723,438,187,1182
612,1157,806,43,1266,437,1212,349
544,546,923,219,154,891
808,1032,1225,777,1067,440,729,1211,893
933,1256,787,439,1272,318
912,1011,1019,892,1151
802,425,305,247,728
1248,418,229,880,214,895,249,346,639
257,1125,421,424,1065,338,632,1086
897,482,813,846,596,54
227,679,72,427,338,950,221,543
898,195,1073,1111,87,217,1213,223
1218,389,426,718,1234,628,922,1148,703
1248,900,229,549,872,601,858,639
619,1259,430,433,1207,1177,734,703
902,937,940,1104,601,858
928,1255,1228,46,1041,1011,1016,927
544,197,837,428,461,627,507,1047,699
833,870,905,170,364,1009,593
357,432,1233,1202,659,723,821,796,447
262,682,906,170,364,848,468,1208
389,594,595,658,922,990
32,259,291,431,115,852,598,123
803,965,1062,782,60,948,790,347,764,765
610,999,1111,953,1243,413
545,417,359,586,525,1229,591,921,923
407,384,1216,1187,408,907,1206,631,630
871,1262,1264,819,959
96,1217,1122,270,175,245,409,187,316,543
768,354,741,422,845,241,125,350
1220,293,652,559,851,406,118,1119
1218,228,646,423,72,298,1202,191
1248,229,614,969,972,627,757,859,828,863
417,1101,1229,591,921
257,1125,421,424,23
1121,967,392,624,1077,666
1193,394,395,76,26,380
867,291,939,943,981,823,925
0,1217,76,589,718,271,399,248,796,317
419,585,586,970,810,718,787,119,90,540
393,650,1067,777,365,1078,950,376,1080
418,871,971,651,1262,1264,1111,953,959
394,395,76,974,26,380
772,292,777,847,404,917,888,793
674,1220,1135,179,406,727,1081,1119
1121,1058,967,392,402,727,184,666
998,556,560,561,947,566,986,1022,1247
196,111,403,598,760,154,1181
902,937,940,1104,601,282
704,387,1095,137,365,1071,950,955
867,291,939,943,823,925
386,418,454,1127,203,812,144,281,954
229,902,937,940,1104,1136
385,727,1071,1073,1079,952,1213
867,291,939,943,823,925
384,352,650,1163,1069,407,955
1121,1058,967,392,624,1077,666
449,613,806,843,1047,949,183,1212
390,391,72,1069,1166,1079,955
390,391,646,72,371,1076,667
965,1126,60,948,917,347,956
827,388,1067,365,1080,377,667
100,172,1005,109,948,917,952,88,956
355,712,1194,240,115,693,1080,954,379
610,551,651,953,1243,413
1097,365,1081,378,383
1095,679,1078,950,376
1125,1065,683,1039,632,377,378,1086
801,193,967,1162,109,1213,951,184,797
1091,1095,383,393,365,950,374,633,1081
365,1071,338,1081,378,383
966,1062,807,957,371,1244,1077,983,252,1277
1193,395,76,206,26,380,381,382
747,76,941,397,589,317,958,447
1193,395,76,26,380,381,382
384,358,1164,1069,1166,950,955
1193,394,76,974,26,380,381,382
608,769,611,803,743,812,917,790,347,765
1,4,472,780,792,763,894
800,706,354,841,778,239,249
769,764,776,778,788,1076,1242,826
355,805,43,1006,784,663,349
1056,769,803,917,764,765
193,225,355,227,613,1218,8,1234,1212
608,1056,769,803,764,812,60,115,956,765
704,1068,365,373,950,1078,376,1081,383
1121,1058,774,967,392,402,666
954,450,679,72,169,250,540,349
804,103,82,758,1278
1,869,1191,329,46,468,921,541
960,1056,769,803,966,435,953,764,765
706,899,999,754,660,346,1179,124,542
260,807,1098,371,121,283,1085
704,355,547,613,708,549,685,624,918
355,805,1194,43,362,784,1242
999,263,1001,487,777,468,533,246,952
98,4,780,792,921,763,894
677,748,237,177,469,534,1275
769,803,764,812,60,660,948,790,956,765
481,1099,717,338,213,535,345,474
965,969,397,495,1075,1011,917,60,797
801,136,1067,527,464,497,538,63
1062,487,137,1036,688,530,115,1020
32,291,196,686,850,403,598,825,1149
287,135,457,268,78,529,83,191
98,291,1209,1160,460,398,599,601
1089,771,1061,203,180,532,245,984,1113
1,131,4,618,1136,112,468,504,1146,1116
326,40,138,74,531,468,117,1208,541
1121,967,392,522,624,510
833,870,905,170,364,1009,593
389,908,911,594,595,922,990
231,521,777,683,346,148,918,378,508
389,559,594,595,602,990,922
961,1186,898,968,844,524,48,1110,1111,862
897,1004,846,596,54,985
704,355,612,520,523,783,918,825,255
1184,610,999,953,1243,413
515,1251,453,1223,1232,628,760,538,252
576,1025,1038,400,561,565,566,762,1022
706,514,1131,112,1137,852,567,1176,601
780,525,1197,792,697,763,894
1090,1186,520,491,691,442,1054
518,618,460,270,178,723,532,662,475
1056,803,771,965,764,204,948,917,956
131,238,112,1136,600,601,1146,1116
96,521,683,492,365,148,378,508
544,546,41,219,507,154,891
389,594,595,602,990,922
576,762,558,560,561,566,570,603,1022,991
675,522,139,686,852,1209,510
1154,613,1290,624,666,604,669
968,844,815,688,880,1046,1110,1111,410,411
833,870,905,170,364,593,1009
1217,1218,296,1232,1234,437,502,796,540
96,613,39,464,147,501,150,503,540
545,963,868,618,682,460,468,1208
292,237,1230,274,1075,115,500
291,867,140,943,531,981,22,823,539
707,709,744,720,946,122,1179,509
64,613,39,489,1232,501,503,27,540
897,866,877,111,596,852,567,1241
1223,108,460,498,1267,1268,723,601,988,509
41,1004,1105,914,1022,219,860,830
2,1257,1258,815,977,946,1268,410
900,549,902,777,940,814,847,858
153,771,393,203,685,144,496,1113,319
194,968,844,601,857,862
486,136,235,141,464,497,538
936,881,817,1048,1050
132,138,74,267,494,113,212,127
897,583,877,596,54,1015,985
841,844,495,880,339,791,1208,858,315
1031,1033,1035,876,276,855
545,963,900,490,879,1235,1180
482,199,844,880,339,217,122,315
1186,649,875,844,983,1046,726,920,862
259,867,291,582,840,41,492,718,852,1241
935,874,1106,883,467,854,477
608,1126,488,113,21,789,60
704,1161,489,683,1168,148,378
871,971,1262,1264,819,959
481,1028,1074,535,474
486,136,141,685,464,497,63
361,909,911,368,915,788,826
480,929,460,207,691,91,190,191
448,770,261,648,915,827,478,255
867,291,939,943,823,925
192,968,1258,1116,1046,600,410,476,862
418,610,549,1191,1258,1034,1132,824,601
262,139,525,468,533,472,58,475
481,609,717,338,213,535,474
1026,614,934,969,335,820,919
963,487,906,848,465,533,1208
132,456,1258,1036,1041,1208,473,1149
32,291,964,813,219,1241,1147,1149
263,139,496,472,1017,475,444,637,126
321,291,323,69,1160,684,398,819
100,1221,488,1134,495,627,471,952
567,1031,1033,1035,876,855
166,456,777,138,44,526,212,470
1282,871,971,1262,1264,920,856,959
224,1056,771,37,232,777,237,21,469,155
897,877,846,596,54,1149
609,1026,614,263,648,468,885,533
608,1126,269,464,497,789,538,606
706,37,232,137,968,688,1110,1111,410,411
487,906,848,465,818,533,1208,249
710,102,264,44,463,539,62
835,874,907,1106,1043,467,854,505,477
546,291,675,840,842,654,592,852,154
1283,132,618,461,142,1012,732
964,860,1004,914,985,924,830
224,549,326,969,1130,459,495,115,21,60
1120,651,1172,1243,412
191,135,457,268,78,529,83,287
960,864,1282,1011,1012,723,628,1209,1274,284
260,750,560,850,570,283,1085,1022
706,199,968,815,688,977,410,411
1251,804,739,1062,628,727,1244,285
549,999,1130,1258,814,276,375,824,346
288,1216,640,642,516,73,631,408,698
579,550,561,564,1013,566,1022,991
287,135,457,268,78,529,83,191
290,1219,1220,369,117,118,1182,1119
771,549,551,999,681,1132,115,276
289,873,138,972,627,212,313,859,863
1152,991,552,557,590,400,982,1144,762,1240
771,292,1193,777,237,786,698,794,957
291,675,925,943,989,946,468,1268,823,541
928,1,46,1200,1041,1016,927
512,706,130,295,977,664,410,411,509
801,294,135,816,690,242,148,537,222
1282,1188,1287,297,1232,1266,1205,1277
1218,355,834,616,296,43,235,502,1212,540
1124,1029,71,968,299,844,115,1075,1046
356,1222,426,298,1205,87,24,152
261,166,138,74,44,494,16,470
262,814,559,110,945,117,1276
454,263,648,777,468,308,533,441
931,264,1224,44,1004,463,1199,178
266,810,304,1202,659,757,86,1212,831
672,1027,932,1030,267,983,1273
1186,135,969,393,270,495,532,249,1052
76,941,589,271,399,796,317,447
928,869,1158,839,1195,12,973,927
357,1189,974,272,1233,659,821,796,447
289,963,648,74,814,273,1208,827
801,198,294,492,269,527,337,275,503,29
448,1249,231,207,340,277,988,351
931,902,6,108,847,498,436,278,601,827
129,236,685,845,760,918,280,445
322,153,281,693,918,984,1113
900,902,937,940,1011,282
1,139,651,525,145,468,244,1210,988,541
581,584,567,1241,574
1092,397,272,1169,243,885,1079,1084,1055
581,582,584,852,567,1241,571,574
487,200,491,1039,1232,242,216
577,194,578,999,872,1130,844,375,151,1215
354,422,234,241,125,350
865,706,130,745,841,1108,375,122
580,615,583,568,985
344,271,304,399,248,250,794
544,545,891,359,1229,1101,591,507
707,709,325,999,1034,720,946,1268,375
581,1033,1035,876,363,592,855,1241,574
802,934,425,777,305,247,728,665
580,583,615,568,985
328,40,460,653,718,723,245,409,540
581,584,567,1241,574
0,869,1158,839,1196,1273,254
740,50,569,443,572,573
227,1127,945,180,245,251,316,1245
928,740,1041,569,443,572,573
12,46,179,435,723,983,538,252,540
928,740,973,569,443,572,573
250,619,331,304,119,248,1080,794
581,582,584,852,567,1241,571,574
993,657,1238,727,888,1273,637,575
259,107,684,686,366,303,654,670
160,258,707,709,199,30,217,122,158
577,578,999,1001,1130,276,1110,1111,375
257,1125,421,424,1065,632,1086
66,1093,775,810,523,719,1168,52,255
581,584,567,1241,574
1028,679,72,427,1072,213,950,954,221
260,560,850,825,570,283,1085,223
1152,590,561,563,564,982,1239,1240,991
608,1056,771,764,1126,204,917,218,60
674,675,1193,621,562,179,723,759,634,187
1251,614,972,975,859,828,863
199,968,1197,815,977,149,1110,1111,410,411
194,999,968,1130,1132,844,276,375,220,862
579,550,913,979,1013,1145
96,227,460,173,464,178,723,187,1212
580,583,615,568,985
515,1251,228,68,1223,1156,1231,1141,760,670
581,584,852,567,1241,574
576,556,560,561,566,570,1022,991
225,1251,1223,1227,141,718,178,628,314
192,224,226,133,17,22,28,862
1152,998,552,590,561,564,982,1239,1240,991
964,615,1108,1015,1017,985,830
545,481,517,233,460,178,723,468,474
1247,995,998,556,561,371,947,566,986,991
0,768,1226,234,241,125,350
292,553,554,555,1037,274
229,1258,124,978,1138,1171,1179,828
553,554,555,1200,274,93
70,231,1098,302,340,886,1211
292,553,554,555,1037,274
968,844,880,1046,1111,862
706,67,137,841,239,597,1175,249
576,550,560,400,570,1237,762
173,240,113,626,338,818,474,543
559,911,945,1143,1245,990
579,998,550,561,563,564,1013,991
294,1127,236,430,816,693,280,281,445
748,237,1230,1008,177,115,1075
1152,552,557,561,564,566,982,1239,991
806,360,616,492,495,785,661,1212
1,98,4,359,234,525,46,178,723
1218,357,775,362,810,784,849,1234,1148
361,1135,911,369,594,368,826,1214
1121,356,1222,1289,24,1117,798
354,234,778,241,667,125,350
352,358,650,1163,1164,1166,955
357,646,455,264,266,463,467,244,53,1212
225,929,6,1223,370,1267,436,989
35,1220,1135,369,594,342
704,1071,372,373,950,1084,1055
704,1028,365,372,373,1084,1055
259,291,582,366,303,942,93,670
323,675,69,363,107,684,654
389,1199,368,16,658,595,1267,723,922
962,839,973,942,367
992,226,198,746,1231,341,661,1141
642,35,516,1220,73,1135,594,342,1182
1220,838,559,945,1143,1245,343
1121,1058,967,392,624,666
0,737,646,72,336,1202,723,1148
227,1061,1127,527,1231,337,242,1141
1099,717,338,213,950,345
70,231,812,207,497,723,340,277,988
768,354,422,241,125,350
229,1210,1070,627,214,410,411,351
352,1,384,265,106,1163,173,301,1039,727
353,1250,1260,1261,433,787,119,1207,893
325,40,141,718,847,720,346,412,893
608,965,1126,1230,1075,115,948,347,60
320,101,77,750,1231,1141,348
355,43,1006,1234,659,661,663,349
322,327,685,693,374,281,606,543
1,326,359,300,336,435,179
1250,837,330,1260,1261,787,893
610,325,999,1001,1111,953,1023
194,611,324,748,1232,723,895
323,69,107,684,654
704,322,203,140,685,144,1113,543
321,451,675,40,41,852,607
320,101,1288,77,1141,1178,348
1026,643,1223,335,723,820,919
334,974,1233,1266,659,317
1064,618,524,333,145,497,533,727,667
0,451,70,939,332,943,179,852,252
290,331,435,179,119,1272,893,703
353,837,330,428,787,734
928,548,869,329,1041,498,180,541
704,328,105,1039,338,662,86,540
1218,775,1006,849,1202,306,661,663,349
353,1128,72,297,1106,307,53,734
266,206,399,304,271,786,831
425,727,1230,305,497,469,247,1275,667
706,968,815,688,977,217,410,411
193,70,231,423,302,19,340,188
867,259,69,840,492,366,303,1177
1089,1127,426,203,650,300,685,429,588,20
933,1256,439,1272,318
153,39,301,145,468,150,984,1113
1282,1188,334,1233,1266,786,317
832,227,356,685,845,527,760,379,319
577,225,859,614,872,1227,314,411,828
420,906,1197,47,339,149,597,315
1217,1282,362,811,460,1232,849,723,311,540
1250,418,841,787,19,309,1047,312,188
448,770,519,308,827,444,189
0,970,300,1037,469,310,55,88
