195,196,197,710,711,201,206,208,598,1048,155,496,433,53,55,952,444,62
267,397,914,150,151,473,154,155,604,153,478,283,292,742,41,43,1069,886,567
832,193,323,70,1036,396,721,722,28,989,350,669,862,33,1060,496,497,1074,119,888,444
194,195,197,201,912,210,723,982,351,753,313,58,764,62
267,717,153,602,154,603,604,155,283,864,349,222,292,742,434,567,379
1025,196,903,904,713,207,208,276,730,796,797,862,416,417,1060,1062,806,1064,571,191
642,261,262,142,401,852,1045,213,278,598,281,214,343,860,422,743,238,502,314
776,277,598,599,55,281,347,222,159,161,297,46,495,47,688,307,308,52,310,1079,314
704,705,706,707,708,68,70,267,715,331,403,33,37,429,58,380,381,702,703
640,641,139,140,147,724,57,34,743,177,179,756,757,632,633,636,638
641,516,139,140,335,147,57,300,301,175,177,179,756,757,759,633,638,639
640,641,139,140,335,147,34,743,177,179,756,757,57,636,637,638
194,195,643,197,199,201,207,912,723,239,753,58,764,62
194,195,197,199,201,207,912,210,723,740,239,881,753,58,62
517,460,147,35,299,44,300,175,177,50,179,56,57,639
517,147,35,299,44,555,300,175,177,50,179,56,57
847,211,340,345,347,349,223,227,228,170,108,109,494,493,178,1079
776,845,984,281,860,861,222,354,868,314,317,316,1085
847,211,277,917,223,225,227,228,102,488,233,424,493,494,1085,318
257,79,659,92,479,293,39,40,47,48,240,688,306,569,59,63
257,79,659,90,92,293,39,40,41,47,48,240,306,569,59,63
196,902,903,904,201,713,207,208,796,797,1062,1064,684,750,239,53,55,888,571,191
194,195,197,199,201,848,723,739,740,741,750,753,755,764,62
198,903,1044,981,1047,95,96,163,867,678,489,682,491,492,622,946,1082
79,90,411,412,92,159,160,287,614,743,42,46,307,308,59,447
65,6,268,21,88,409,95,96,99,101,678,551,682,365,238,175,176
194,195,197,201,912,401,848,723,596,597,598,739,753,564,764,62
602,479,159,39,40,41,43,46,47,48,124,688,307,308,52,120,59,828
602,479,159,39,40,41,43,46,47,48,688,307,308,52,120,569,59,124
897,659,39,40,41,43,46,47,48,688,307,308,310,183,120,59,124
897,659,39,40,41,43,46,47,48,688,307,308,310,183,120,59,124
194,643,195,197,199,201,713,207,730,989,1060,809,58,62
640,641,515,516,139,461,724,57,34,35,177,50,756,632,633,636,637
198,267,269,1044,534,1047,473,96,738,678,682,491,492,947,436,501,1082
324,395,204,334,80,405,163,36,166,295,167,296,169,168,624,625,944
193,194,195,643,197,199,201,713,207,912,239,58,62
322,847,211,278,918,225,227,228,102,39,488,233,40,493,494,495
394,340,344,345,346,347,281,349,798,799,800,801,170,811,108,109,812,178,1079
192,513,835,593,664,665,601,925,351,866,546,547,548,549,550,941,313,763
135,776,777,779,829,845,206,918,984,985,860,861,222,420,870,314,1085
902,711,205,145,722,914,403,989,864,673,33,806,809,106,107,684,54,886,888,380,381
780,781,340,345,347,798,799,800,801,170,811,108,109,812,178,1079,1084
780,781,340,347,348,349,798,799,800,801,170,811,108,109,812,1079,1084
340,344,345,346,347,348,349,223,108,109,178,1079
194,195,197,199,201,848,912,210,982,351,739,740,750,755,313,764,62
776,845,918,984,281,860,861,222,868,869,870,871,314,1085,318
212,984,222,354,868,869,871,872,873,425,426,366,1072,1073,499,378
257,79,659,533,729,90,92,159,160,293,743,40,42,240,569,59,63
257,79,659,533,729,90,92,158,159,160,293,743,40,42,240,307,569,59,63
776,211,539,222,224,225,161,227,228,102,488,233,495,1073,375
71,74,183,120,159,41,43,46,48,688,498,307,52,308,182,55,310,59,124
453,917,214,919,353,354,868,872,425,424,377,378,316,317,318
258,328,910,911,336,339,248,932,357,933,235,236,173,305,948,312,443,60,61
6,907,908,909,268,21,1022,89,99,232,365,366,1071,304,117,889,126
64,259,583,328,336,152,357,294,173,948,245,566,312,443,60,127
776,211,539,222,224,225,161,227,228,102,488,233,495,1073,375
203,205,145,155,356,106,107,433,243,436,502,122,123
203,205,145,286,356,551,106,107,433,243,436,502,122,123
65,652,912,401,594,595,596,597,598,599,929,103,564
264,12,16,18,20,413,164,229,230,231,104,169,168,750,1013
71,72,74,158,159,160,46,688,307,308,52,59
320,321,322,325,326,327,521,76,77,144,875,876,877,319
71,72,74,158,159,160,46,307,308,52,120,59
576,577,579,580,581,398,598,599,23,862,554,496,564,1076,1077,889,890
71,72,74,158,159,160,46,307,52,308,120,59
71,72,74,158,159,160,46,688,307,308,52,120,59
453,845,917,861,353,354,868,423,424,377,378,316,317,318
1090,966,21,726,661,222,224,225,866,102,1062,488,361,998,495,49,56
776,777,845,212,918,984,281,985,860,222,870,314,1072,1073,378,1085
259,6,583,1042,980,88,415,929,1059,357,296,236,312,250,443,127,445,446,511
1090,135,525,984,602,794,795,1050,735,224,356,998,230,103,366,304,113,114,49,952,60
340,344,345,346,347,348,349,108,109,178,1079
320,321,322,325,326,327,521,76,77,144,875,876,877,319
776,845,918,984,281,860,861,222,353,868,869,870,871,314,1085,318
776,845,918,984,281,860,861,222,353,868,869,870,871,1073,314,1085,318
322,327,522,524,847,211,344,345,347,349,227,228,233,876,493,494,1073,319
260,582,966,399,535,609,931,357,358,935,937,938,363,112,245,246
340,344,345,346,347,348,349,108,109,178,1079
132,574,585,459,846,80,414,415,926,615,616,631,247,445,446
256,385,389,148,149,150,862,352,747,237,750,751,749,752,119,189,190,191
75,90,92,159,297,46,47,688,48,307,308,310,120,569,59,124
257,961,964,79,659,216,729,90,422,743,40,39,240,306,569,63
704,1088,68,69,70,267,337,31,481,356,37,484,106,555,171,51,436,380,702
642,199,200,1035,1046,855,284,995,1001,490,1002,620,434,1074,373,374,1015,1016
193,389,148,149,150,151,352,740,741,107,747,748,750,751,749,752,755
193,203,267,205,145,154,155,283,106,107,433,243,567,122,123
832,194,195,197,201,652,912,210,723,595,594,982,598,351,753,564,313,763,764
71,72,74,92,158,159,160,46,688,307,308,52,59
832,577,581,912,401,723,598,350,351,929,103,554,49,753,564,313,507,764
1030,1031,80,977,18,20,859,987,990,545,235,815,816,822,825,826,827,444
963,965,271,272,84,85,87,88,89,1050,97,98,99,101,939
963,271,272,83,85,86,88,1050,97,98,99,101,939,255
963,271,272,83,84,85,88,1050,97,98,99,101,939,255
963,271,83,84,85,86,87,88,89,1050,97,98,99,101,939,255
963,968,271,83,84,85,86,87,88,89,1050,97,98,99,101,939,255
963,965,84,85,86,87,88,89,1050,97,98,99,101,939,255
963,84,85,86,87,88,89,99,100,101,232,939,366
3,263,14,403,413,94,545,165,38,229,104,230,231,997,748,1014,441
193,195,848,148,149,150,151,352,867,740,739,741,747,748,749,750,751,752,755
1029,1030,1031,1032,969,976,977,18,20,857,987,990,545,164,235,444
0,1,2,4,9,10,13,341,24,25,26,91,93,480
135,206,529,530,984,985,163,420,556,557,559,562,563,116,307,52,829
324,457,395,204,209,275,405,539,167,169,303,1082,828
324,457,395,204,209,275,405,167,168,169,303,828
265,401,220,669,670,671,672,621,496,113,435,121,570
711,854,602,603,604,477,478,476,673,292,742,684,368,565,886,959
0,1,2,4,8,10,13,341,24,25,26,91,93,480
453,845,917,214,860,861,353,354,868,423,424,377,378,316,317,318
391,203,205,145,155,481,356,106,107,433,243,436,502,122,123
963,964,965,83,84,85,86,87,88,89,97,98,99,100,101,939,255
963,964,84,85,86,87,88,89,97,98,99,100,101,939
260,966,586,588,910,655,537,609,355,358,936,937,497,246
704,387,68,69,70,267,11,78,718,17,852,608,484,37,555,51,371,380,381
776,847,211,278,225,227,228,102,488,233,40,493,494,495
479,39,40,41,297,43,46,47,48,688,307,308,310,120,59,124
71,72,74,158,159,160,46,307,52,308,59
2,4,11,13,17,273,342,24,25,26,91,93,480,484,489,171,110,439
320,321,322,325,326,327,521,76,524,77,144,875,876,877,319
576,577,578,131,70,334,1051,732,157,28,862,415,617,618,45,688,496,497
257,71,659,158,159,160,46,47,688,240,48,307,308,52,120,59,63
268,140,595,21,598,408,606,365,238,301,176,756,757,635,126,639
128,129,135,972,398,529,530,342,163,484,489,427,111,370,371,115
514,516,392,393,137,138,140,141,460,335,146,147,296,236,301,639
382,1028,68,331,78,338,147,927,555,1070,372,311,56,830
454,7,136,266,396,15,82,28,29,30,477,33,745,428,492,496,500,760,187
128,129,972,398,401,23,155,547,548,549,106,427,370,371,564
196,7,200,266,844,15,208,529,530,856,27,28,29,30,286,496,573,382
265,329,27,28,669,670,671,672,29,121,220,30,286,621,496,435,1081
704,265,266,27,28,669,670,671,672,121,220,30,286,37,621,49,435,1081
212,918,919,353,354,868,869,870,871,872,873,425,426,378,1085
203,205,145,155,356,106,107,433,243,436,502,122,123
645,584,846,791,792,793,732,926,606,607,489,619,174,175,371,1012,629,630,883,574
148,149,150,151,153,154,602,603,604,477,478,352,284,292,747,748,749,751,368,752
515,516,645,712,137,202,140,147,19,1068,1004,1005,1006,1007,626,1010,756,757,1013,638,639
0,1,2,4,8,9,10,13,19,26,93,480,171,115
203,205,145,148,155,286,30,356,106,107,433,243,436,502,123,62
954,956,142,14,1042,726,278,32,226,1063,360,873,234,361,362,679,378,316
202,268,140,595,21,408,410,95,96,678,682,365,238,176,756,757,639
832,205,15,145,210,723,155,28,29,30,351,286,433,753,313
212,919,215,353,354,868,869,871,872,873,425,499,185,186,253,318
453,917,919,353,354,868,869,871,424,873,376,377,316,317,318
192,258,583,328,336,357,294,173,948,245,566,312,443,60
258,583,328,584,336,1042,357,294,619,173,175,948,566,312,443
64,258,328,336,475,357,294,173,948,245,566,312,443,60
704,771,776,271,1045,278,277,213,860,228,102,870,233,495,561,690,818,375
640,641,515,461,147,724,34,35,50,179,756,757,626,632,633,636,637,638
641,515,516,140,301,626,632,633,634,635,638,639
640,641,515,516,140,141,461,335,147,724,299,626,632,633,636,637,638,639
260,966,971,655,537,609,355,419,358,936,937,105,938,497,246
322,327,776,845,270,277,406,344,281,538,347,222,223,224,227,40,178,377,314,1085,319
195,196,710,201,713,207,208,597,598,796,797,416,740,1062,1064,239,755,53,191
389,149,730,221,862,416,417,676,1061,677,111,815,817,820,119,699,189,190,191
640,515,140,268,460,335,461,724,301,238,176,756,757,635,636,637,639
132,585,459,80,790,414,415,615,616,496,247,445,446
257,79,659,729,293,743,40,39,240,306,569,63
136,266,396,781,780,15,82,665,28,30,286,672,33,798,799,811,812,49,435,56
389,527,464,404,149,676,677,111,815,817,306,1074,242,432,118,820,821,189,190
194,195,197,201,713,207,912,210,1057,239,881,572,62
194,195,197,201,207,912,1057,740,239,881,753,755,572
709,203,912,723,982,350,351,1057,107,879,239,881,753,313,763,764,572
0,1,2,4,8,9,10,13,341,24,25,26,91,93
384,256,389,464,465,466,467,276,468,285,482,236,237,241,242
256,389,390,135,189,149,163,356,106,107,237,174,111,242,116,118,119,829,190
132,644,134,585,910,399,911,80,790,545,932,421,933,235,61,247,248,444,445
71,73,79,92,158,159,160,46,688,307,308,52,59
576,577,580,585,909,1038,401,1042,598,23,599,733,350,221,32,804,616,496,564,62
135,206,529,530,984,985,163,420,743,42,46,111,498,307,116,308,59,700,829
71,72,74,158,159,160,46,307,52,308,59
192,258,644,583,328,336,357,294,173,948,245,566,443,60,61
132,134,459,399,470,1049,415,162,421,166,295,235,309,248,444
71,72,74,158,159,160,46,688,307,308,52,59
576,577,578,131,1038,411,732,32,617,618,44,45,688,496,247,56,445,446
260,966,586,846,537,475,609,355,358,935,105,937,497,246,249
1091,132,324,134,330,204,334,399,163,36,998,166,295,168,169,624,625,944,945,1082
897,520,279,280,287,611,743,553,182,183,891,700,447
897,71,72,520,74,659,279,280,729,287,743,182,183,59,700,447
71,72,74,158,159,160,46,688,307,308,52,59
324,457,395,204,334,209,275,539,167,303,943,946,828
395,275,163,164,165,166,167,168,169,622,943,944,625,946,624,1082
324,395,204,539,163,165,295,168,169,167,622,943,944,625,946,624,1082
1091,132,133,134,330,399,80,790,414,415,309,247,444,445,446
132,133,134,585,330,399,80,790,415,421,615,616,247,444,445,446
324,457,395,204,334,209,275,405,163,165,166,167,296,169,303,943,1082
322,776,845,984,281,344,860,861,222,870,40,375,314,1085
324,457,395,204,334,209,275,539,167,295,303,946
453,917,919,353,354,868,869,872,873,378,316,317,318
203,526,402,96,481,356,106,107,365,238,942,176,433,243,436
902,330,716,722,340,277,345,347,348,349,222,109,887,178,309,949,1079,888,315
212,918,354,868,869,870,871,872,873,425,378,1085,318
704,707,68,708,70,330,267,715,80,337,852,153,154,155,283,37,429,567,380,830,703
640,641,515,516,139,140,724,301,626,632,633,635,636,637,638,639
641,515,516,138,140,460,141,335,21,301,626,632,635,639
451,263,264,266,15,16,18,20,282,27,28,29,286,735,608,30,164
451,387,263,264,266,15,274,19,282,284,484,165,38,438,1014,441
11,81,17,273,480,484,485,489,171,172,813,110,115
642,68,267,79,849,19,342,153,154,155,283,604,759,1069,434,567,571,381
6,907,908,909,268,21,1022,408,89,1050,98,365,1071,304,176,117,126
391,203,205,15,145,402,22,155,481,226,106,107,367,243,502,122,123
963,964,965,271,83,86,87,88,89,1050,97,98,100,232,366,255
64,66,259,583,152,88,31,1059,294,296,236,173,442,250,443,60,61,127
132,133,134,966,967,586,459,588,80,414,415,607,929,418,619,247,445,446,511
897,520,659,279,280,729,287,743,182,183,700,447
256,384,389,464,465,466,467,285,482,237,241,242
324,457,395,204,334,209,275,539,163,165,166,167,169,303
451,387,1091,902,263,266,15,274,722,403,282,29,30,33,490,748,236,888
3,387,451,263,266,274,403,282,155,989,94,30,490,748,438,441
768,769,770,453,984,219,354,868,869,872,425,426,873,499,378,254,767
257,773,453,777,659,216,219,375,37,422,425,619,240,819,822,183,184,185,186,253
64,258,328,336,357,294,173,948,245,566,312,443,60
391,203,205,15,145,22,481,802,226,356,106,367,243,436,502,122,123
320,322,325,326,327,522,76,77,144,344,345,40,233,875,876,319
320,321,322,325,326,327,76,344,345,40,875,876,877,319
320,321,322,325,326,327,521,344,40,875,876,877,319
320,321,322,325,326,327,521,144,40,875,876,877,319
3,390,14,274,282,26,156,413,94,545,229,38,230,231,997,1014,438,441
642,199,200,1033,1034,274,403,1046,282,284,1001,748,749,620,434,373,374
642,199,200,14,274,282,156,284,1001,748,620,1074,373,374,438,441
832,835,1036,205,15,145,913,210,914,27,29,30,286,351,1057,433,881,764
578,394,12,16,849,340,150,346,94,223,864,292,294,168,169,109
256,390,143,465,466,467,276,469,468,285,482,749,237,242,116
322,776,845,984,281,344,860,861,222,870,40,375,314,1085
453,774,787,788,917,214,215,789,353,423,424,425,376,377,252,317,767
768,769,770,766,214,215,868,869,871,872,425,426,873,378,765,254,767
963,261,142,145,82,958,726,224,226,290,997,360,361,234,873,883,956,702
67,261,262,6,268,653,142,654,213,32,360,44,365,176,117,442,126
134,585,330,459,80,414,415,615,616,247,444,445,446
132,134,585,330,459,80,414,415,615,616,247,445,446
1029,1030,1031,969,909,976,977,18,404,857,987,859,990,608,125
320,321,322,325,326,327,523,76,524,875,876,877,319
320,321,322,325,326,327,521,522,76,144,876,877,319
709,716,912,913,210,723,350,351,863,879,753,761,313,762,764
453,214,215,919,354,868,423,872,425,426,186,424,499,185,378,253
455,456,777,779,780,781,214,799,800,801,185,423,425,184,377,378,253,254
833,450,449,519,333,1054,672,289,291,621,435,437,1081
211,277,278,224,225,228,102,488,233,40,493,365,495,240
768,769,770,771,772,773,774,781,217,218,425,1072,375,767
768,769,770,771,772,773,774,781,217,218,1072,375,767
768,705,769,3,14,274,282,413,94,229,38,230,231,1014,438,441
711,150,151,602,603,604,477,478,476,542,292,742,368,959
6,968,202,268,973,974,21,408,89,409,540,934,551,365,238,176,126
704,705,706,707,708,68,70,337,853,37,379,380,701,702,703
585,459,399,80,414,415,615,309,247,248,444,445,446
200,1033,403,148,149,1046,150,284,352,740,748,749,750,751,752,1074,755,373,374
576,577,578,580,581,583,328,1042,357,294,173,49,566,312,443,60,1021
576,577,580,581,583,328,1042,357,294,173,49,566,312,443,60,1021
453,214,215,354,868,869,423,872,425,426,186,499,378,251,316,317
453,214,215,354,868,869,423,872,425,426,873,499,377,378,251,316,317
320,321,322,325,326,327,521,522,144,875,876,877,319
1089,452,1029,1032,969,976,977,408,409,987,990,551,180,181,1080,1087
320,321,322,325,326,327,521,76,77,875,876,877,319
641,515,516,140,335,301,626,632,633,634,635,638,639
585,459,399,80,414,415,615,309,247,248,444,445,446
832,323,652,723,598,599,925,350,351,32,33,753,564,764
574,585,459,846,80,414,415,926,615,616,631,880,630,247,444,445,446
261,262,6,268,142,917,471,281,868,358,873,378,176,304,117,314,316,317,126
453,214,919,353,354,868,869,871,872,873,425,426,378
641,139,140,147,724,300,301,302,1075,756,757,635,638,639
709,716,912,723,982,350,351,863,866,313,879,753,761,762,764
196,135,206,208,403,22,984,985,604,221,478,33,420,368,53,55,379,380,829
519,265,401,27,220,669,1054,670,672,671,28,486,487,621,942,435,121,126
265,27,220,669,670,671,672,995,103,807,808,621,431,496,113,435,628,121
192,258,644,583,328,336,357,294,173,948,245,566,312,443,60
715,718,850,659,851,469,534,279,216,794,411,412,859,795,998,743,41,43,182,183,700
198,712,1044,534,1047,95,96,678,682,491,492,622,238,625,946,501,1082
256,384,390,143,464,465,466,467,276,468,285,482,237,749,111,242,116
192,258,200,328,336,1053,739,867,613,1003,364,173,1011,948,373,374,1015,566,60
322,340,344,345,346,347,348,349,40,108,109,178,1079
340,344,345,346,347,348,349,108,109,178,1079
322,340,344,345,346,347,348,349,108,109,178,1079
340,344,345,346,347,348,349,223,108,109,178,1079
340,344,345,346,347,348,349,108,109,178,1079
453,774,787,788,917,214,215,789,353,423,424,425,376,377,252,317
768,769,770,453,776,766,214,354,868,869,872,425,426,873,378,765,254,767
963,964,965,511,662,88,89,1050,97,98,418,1058,874,363,366,249,127,255
459,399,535,727,1049,536,537,538,414,415,162,421,615,935,936,937,938,247,248,445
652,848,594,595,723,725,924,925,863,867,739,740,741,1069,750,753,755,949,887
129,644,1038,398,910,401,911,339,596,598,599,1048,548,933,235,305,370,248,61
897,520,280,733,287,1056,805,743,999,744,43,690,691,182,183,694,699,700
573,586,588,914,473,154,153,732,478,926,742,368,880,629,758,886,630,379,381,574,831
641,515,140,335,300,301,302,626,1075,632,633,634,635,638,639
641,515,517,140,460,141,299,300,301,302,626,632,634,635,638,639
897,71,520,79,659,279,280,183,472,729,287,743,52,182,55,700,447
3,1030,7,1031,977,18,216,857,987,94,990,96,735,38,359,114,306,309,757,248
911,531,532,533,600,606,607,33,610,612,556,557,558,559,878,561,562,563,498,182
265,401,220,669,670,671,672,621,496,113,435,121,570
517,340,277,724,345,347,606,607,161,227,170,300,109,493,175,178,1079,315,638
832,385,323,650,716,912,594,595,723,600,863,866,887,753,882,949,118,759,761,763
707,708,68,70,585,1034,267,337,852,23,37,429,496,49,497,438,441,380,703
0,1,2,4,10,13,341,24,25,26,91,93,480,171
322,340,344,345,346,347,348,349,108,109,178,1079
394,780,340,345,347,348,349,798,223,800,801,799,170,811,108,109,812,1079
387,68,707,70,458,267,266,274,403,852,855,282,995,37,1001,490,429,431,951
963,964,965,83,85,86,87,88,89,98,99,100,232,366,255
640,641,516,139,140,335,147,57,34,35,177,179,756,757,632,633,636,637
389,1033,1034,149,981,23,862,865,740,806,237,750,751,1069,1074,189,190,191
1,8,9,10,11,17,273,24,25,480,484,489,171,172,110,115,439
453,774,917,214,215,353,423,424,425,316,376,377,252,317,318
453,774,782,783,784,917,214,215,353,423,424,425,376,377,252,317
964,453,782,784,785,786,917,214,353,354,422,423,424,376,377,252,317
453,782,783,784,785,786,917,214,215,353,354,423,424,425,376,377,252
768,769,770,322,772,773,774,327,344,217,218,345,40,1072,375,251,767
768,769,770,453,766,214,354,868,869,871,872,425,426,873,378,765,254,767
769,770,964,453,776,214,215,868,869,422,872,425,426,873,378,254
323,329,332,398,531,532,533,55,600,33,612,39,40,683,556,557,560,561,498,563,887
453,1084,917,214,919,353,354,423,424,811,812,377,316,317,318
128,129,972,398,14,529,530,94,547,548,549,935,427,370,371,564
385,386,389,119,155,989,237,750,887,111,241,242,118,759,1078,189,190
256,385,386,389,149,285,237,111,118,119,189,190
322,340,344,345,346,347,348,349,108,109,178,1079
457,956,334,275,155,225,226,167,360,361,234,362,1003,233,303,887,570,444
832,652,912,401,723,596,597,598,599,925,350,546,547,548,549,753,564,570
1029,1030,1031,1032,1037,976,977,857,474,987,1052,858,990,104,1066,1067,431,1087
388,5,518,645,975,340,486,487,1066,430,369,503,504,1023
194,197,902,201,848,863,739,740,741,867,750,754,755,887
1025,903,904,711,796,797,416,417,673,1064,684,886,54,699,831
1025,903,904,711,796,797,416,417,673,1064,684,942,886,54,571,831
1025,902,903,904,711,722,797,416,673,417,1064,684,949,886,887,888,831
257,79,659,405,729,90,479,293,39,40,236,240,306,569,186,63
391,712,526,400,402,95,96,928,678,682,1068,1004,1005,367,1010,1013
1025,902,711,462,721,722,854,476,863,864,673,416,1060,742,684,886,888,831
709,1029,1031,969,396,273,27,28,669,990,30,866,941,496,113,628,1080,121,762,955
1024,711,75,854,90,603,476,604,477,479,478,742,39,40,47,48,124,368,828,959
3,1037,14,527,404,474,156,1052,608,104,1066,1067,1068,113,1010,1013,1014,438,441,125
644,648,201,1038,398,528,401,910,339,596,911,598,1048,548,933,235,305,248,61
642,267,914,279,153,154,155,796,283,863,673,567,684,1069,887,886,759,831
832,652,912,723,596,597,598,23,599,925,350,351,549,564,764
995,807,1001,1003,1004,1005,1006,431,1008,1009,1010,1011,1007,1068,1015
135,776,829,845,206,984,281,985,860,861,222,420,870,314,1085
641,515,516,140,300,301,302,626,1075,632,633,634,635,638,639
640,641,516,139,724,57,34,35,177,50,179,756,757,632,633,636,637,638
256,385,386,323,389,149,1063,237,111,242,118,119,1078,189,190
256,385,386,323,389,149,989,237,111,118,119,1078,189,190
256,385,386,389,149,989,237,111,689,118,119,1078,189,190
641,139,140,147,57,300,301,177,179,756,757,632,633,635,638,639
641,139,140,147,57,300,301,177,179,756,757,633,635,638,639
832,642,650,1036,398,656,912,914,863,1057,673,684,949,758,887,760,761,570,831
514,392,137,393,140,146,301,1075,756,635,638,639
897,520,79,659,279,280,729,287,743,182,183,59,700,63,447
329,265,332,220,669,1054,672,929,289,291,103,621,175,435,437,1081
322,1091,772,327,330,334,1038,852,406,344,345,36,166,422,40,41,233,43,870,247,444,1085
1088,701,458,334,1038,981,407,919,729,353,166,747,556,558,878,561,946,1074,247,445,446
960,968,654,974,980,727,408,410,605,992,736,1058,98,97,99,934,551,365
644,967,654,661,662,736,993,994,418,1058,419,874,880,1017,1018
448,125,1036,396,909,983,608,864,356,433,882,1076,885,1077,436,760,889,890,891,892,893,761
11,17,81,273,480,484,485,171,172,813,110,115,439
644,654,661,662,736,992,994,419,1058,418,874,1017,1018
203,780,909,469,92,798,481,356,806,106,490,107,433,436,501,502,123
576,577,578,579,580,581,403,23,282,674,554,174,306,438,441
6,968,973,974,271,408,409,540,99,100,934,551,365
200,1034,1035,404,1046,855,865,1001,490,1003,1008,1009,434,1074,1011,951,950,759
585,459,399,80,1021,414,415,932,615,616,247,444,445,446
193,203,205,145,155,30,286,356,106,107,433,243,436,502,123
257,71,79,90,92,158,159,160,293,39,40,46,306,52,569,59,63
203,205,145,155,30,286,356,106,107,433,243,436,502,123
384,256,389,390,465,466,467,276,468,149,285,482,749,242,116,190
776,779,845,984,281,860,861,222,354,314,375,378,317,316,1085
776,845,984,281,860,861,222,354,314,378,317,316,1085
1091,458,527,851,853,986,676,997,998,677,1001,814,815,432,817,820,825,826
324,204,334,163,165,166,168,169,296,622,943,624,625,946,944,945,1082
71,72,74,158,159,160,46,688,307,308,52,59
260,966,971,655,537,609,355,419,358,935,105,937,938,497,246
711,854,473,602,603,604,477,478,476,864,673,742,684,368,565,886,959
256,385,384,389,464,465,466,467,276,468,482,620,237,241,242
6,968,973,974,271,408,409,540,99,100,934,551,365,238,255
583,328,336,357,294,173,948,245,566,312,443,60
11,973,974,273,17,408,480,484,485,489,171,813,110,115,371
776,395,908,211,275,222,224,225,161,228,102,488,233,495,375
256,384,389,464,465,466,467,276,468,285,482,237,241,242
256,464,465,466,467,468,276,404,285,482,237,749,242,116,118
384,256,389,464,465,466,467,276,468,285,482,237,241,242
644,966,967,905,586,846,535,727,536,475,732,607,609,418,937,938,619,1017,574
833,449,450,519,332,333,220,1054,289,291,437,1081
960,577,581,584,844,846,791,605,606,607,992,929,619,174,175,371,1012
1089,1090,67,452,6,268,408,409,857,987,858,859,551,365,180,181
707,331,78,593,913,469,534,664,665,987,927,741,613,37,298,750,755,311,381
340,344,345,346,347,348,349,108,109,178,1079
382,1028,68,331,78,338,927,483,1070,50,372,311,57,830
7,712,526,15,400,402,95,96,929,735,613,678,359,935,682,367,114,53
896,832,323,652,531,532,533,598,599,601,923,925,350,547,549,687,564,887
576,577,1024,580,581,648,328,265,1038,528,401,1042,220,929,33,804,554,628,566
451,454,136,264,266,397,15,913,274,82,282,286,33,492,496,49,382
384,385,256,389,464,465,466,467,285,482,620,237,241,242
1025,1033,1034,713,849,914,796,797,416,1057,417,1062,1064,759,750,239,1074,567,571,191
193,1027,517,140,78,403,724,153,927,483,741,552,299,236,311,250,381,830,639
576,577,578,579,580,581,3,274,403,23,282,674,554,174,306,438,441
453,454,455,456,782,783,784,785,786,917,253,354,424,377,378,252,317
453,454,455,456,782,783,784,785,786,917,215,219,424,377,378,252
453,454,455,456,782,783,784,785,786,917,215,424,425,377,378,252
453,454,455,456,782,783,784,785,786,917,215,424,425,377,378,252
193,707,7,848,665,1053,221,867,739,613,740,741,364,750,755,568,61,62
514,392,393,137,138,140,141,146,301,302,756,635,638,639
261,262,268,142,213,281,155,552,873,106,314,942,495,628,117,378,126
963,964,965,6,83,86,87,88,89,1050,97,98,101,810,366,304
1033,906,1034,849,404,1046,473,154,153,1001,171,368,434,1074,950,759,440,381
848,725,924,925,863,867,739,740,741,750,881,754,755,949,887,831
576,577,578,579,580,581,391,1038,15,400,22,481,802,554,243,244,122,188,383
768,769,770,453,774,214,215,354,868,869,872,425,426,378,499,377,186,252,765,767
833,450,449,5,518,519,333,220,1054,288,291,486,487,430,1015,437,503
256,390,135,206,143,529,530,149,984,985,224,163,420,356,111,116,829
71,72,79,90,411,92,412,158,159,160,287,157,614,42,46,52,59,447
641,515,516,140,301,626,632,633,634,635,638,639
256,384,389,464,465,466,467,276,468,285,482,620,749,241,242,116
391,712,526,400,402,95,96,928,678,682,367,382
388,202,413,545,229,38,487,104,489,486,230,231,997,1013,1014,504
977,220,669,670,671,672,996,807,552,808,1002,1003,621,496,1009,113,627,628,1015,121
977,220,669,670,671,672,996,807,552,1002,1003,621,496,1009,113,627,628,1015,1016,121
388,5,518,645,288,929,486,487,1066,430,369,1009,503,504
2,4,11,13,17,273,341,24,25,91,93,480,484,489,171,110,439
838,716,717,462,591,147,920,1051,349,734,683,686,687,560,561,563,759,1020
391,712,526,400,402,95,96,928,678,682,367,244
388,645,712,474,929,484,486,487,104,1066,1003,430,369,1009,503,504
388,645,712,975,480,929,484,486,487,104,1066,1003,430,369,1009,503,504
1089,1090,452,268,908,408,409,474,987,928,802,551,1066,365,180,181,692,759
1033,1034,1035,203,1046,855,865,1001,1003,1069,1009,1074,1011,1015,951,950,759
193,389,148,149,150,155,989,416,352,739,740,741,748,749,750,751,755
384,389,390,464,465,466,467,276,468,482,241,242,116
457,395,204,334,209,275,163,164,165,166,168,169,296,622,303,625,946,947,1082
324,457,204,334,209,275,36,165,166,167,295,168,303,625,946,947,1082
324,134,204,334,399,275,539,36,165,998,166,295,421,303,947,1082
324,457,395,204,334,209,275,405,539,166,167,169,622,303,943,624,625,944
324,457,395,204,334,209,275,405,539,166,167,303,828
324,457,395,204,209,275,343,539,167,296,169,233,303
193,195,203,205,145,148,149,150,155,350,352,106,107,748,749,747,751,752,564
384,256,389,465,466,467,276,468,284,285,482,620,749,237,241,242,116
389,148,149,150,151,862,1060,740,741,747,749,750,751,942,752,189,190,191
256,384,464,465,467,468,285,482,620,237,241,242,118
79,659,729,90,411,92,412,157,287,614,743,42,46,182,569,447
641,138,140,460,141,21,301,302,1075,632,633,635,638,639
513,652,912,593,210,723,665,924,925,350,351,550,879,753,313
707,211,726,481,226,290,422,360,361,234,233,243,502,183,122,123,956
1088,64,706,68,69,708,328,927,31,173,51,948,245,312,443,60
71,72,74,90,158,159,160,46,688,307,308,52,59
963,965,271,272,83,84,86,87,88,89,97,98,99,100,101,939
963,271,272,83,84,85,86,87,88,89,97,98,99,100,101
963,964,84,85,86,87,88,89,97,98,99,100,101
0,1,2,4,8,10,13,341,24,25,26,91,474,93
193,716,848,148,150,416,673,739,740,741,867,748,749,750,751,755
193,848,148,150,863,352,739,740,741,867,1069,750,749,751,755,758
193,848,148,150,863,416,673,739,740,741,867,748,749,750,751,755
576,577,578,579,580,581,648,528,929,674,554
576,577,578,579,580,581,648,528,23,792,929,674,554
322,327,776,847,211,277,347,227,228,40,233,170,493,494,178,315,1085
576,577,578,579,580,581,648,528,792,929,674,554,1003,1009
576,577,578,579,580,581,528,23,929,674,554,629,506,508
844,846,791,792,793,926,880,629,630,573,574
844,846,910,791,792,793,732,926,880,629,630,573,574
907,908,909,1022,792,793,28,926,1071,880,496,305,629,1078,121,574
90,411,92,412,157,287,160,611,614,743,42,46,307,59,447
907,908,844,909,339,1022,792,1048,732,993,97,98,1071,880,304,496,629,574
848,16,150,471,151,478,863,867,739,292,236,1069,750,368,754,1013
576,577,579,580,581,978,979,980,23,792,992,929,554,505,506,508
576,577,578,960,581,510,648,653,846,654,528,980,541,992,554,505,507,509,574,511
576,577,578,579,960,581,653,846,654,528,980,598,541,992,554,505,507,509,510,511
576,577,580,581,846,528,978,979,980,23,733,992,929,554,505,506,508
449,450,833,518,519,332,333,1054,288,289,291,437,1081
960,577,581,844,978,979,980,791,607,992,929,736,1000,619,630,507,509,510,511
577,581,844,980,926,607,992,929,995,807,808,554,1011,630,1016,507,509,510,511
577,581,844,528,980,926,607,992,929,995,807,808,431,630,1015,507,509,510,511
577,580,581,528,401,978,979,980,23,929,554,505,506,508,511
384,256,385,464,465,466,467,276,209,285,482,620,237,241,242
512,899,649,589,1041,657,1043,916,728,731,553,687,690,575
320,322,325,326,327,521,76,144,40,875,876,877,319
0,1,8,9,10,11,17,273,480,484,485,489,171,110,115,439
902,711,716,721,722,863,673,742,1064,684,888,949,886,887,760,758,761,831
576,577,578,579,580,581,844,23,792,926,606,992,674,554,630
711,150,471,473,154,602,603,604,477,478,476,153,292,742,368,959
576,577,578,579,580,581,388,648,528,980,929,554,430,503
711,471,473,154,602,603,604,477,478,476,153,292,742,368,959
711,854,471,473,154,602,603,604,477,478,476,292,742,368,959
576,577,578,579,580,581,388,648,528,929,674,554,430,503
576,577,578,579,580,581,648,528,401,596,597,929,674,554
389,711,119,730,989,673,1060,1061,742,684,242,886,118,568,699,189,190,831
389,711,119,989,673,1060,1061,742,684,242,886,759,568,758,118,699,189,190
711,716,717,959,476,477,478,673,742,759,684,887,368,692,886,567,568,831
1089,1090,5,518,645,1037,402,1052,288,545,676,677,103,1066,1067,1068,430,49,1013,503,504
776,457,275,213,1045,278,277,345,347,539,225,228,167,233,170,493,109,303
844,846,791,792,793,732,926,607,880,629,630,631,574
844,846,911,791,792,793,732,926,607,619,880,629,630,631,573,574
449,450,833,518,519,333,1054,288,289,291,437,1081,1023
446,844,846,791,792,793,732,926,619,880,629,630,631,573,574
844,846,791,792,793,732,926,414,938,880,629,630,631,573,574
844,846,791,792,793,732,926,619,880,630,631,573,574
844,846,911,791,792,793,732,926,607,619,880,629,630,631,573,574
844,846,791,792,793,732,926,414,938,619,880,629,630,631,573,574
260,966,967,661,662,535,536,537,609,994,355,358,935,936,937,938,874,246,1017,1018
6,968,973,974,271,21,408,409,540,99,100,934,551,365,238
960,961,844,653,654,541,926,542,992,993,994,544,543,991,1000,630
960,961,653,654,541,542,543,992,544,994,993,991,1000,619,629
847,344,345,346,347,348,223,228,40,233,170,109,494,178,1079
960,961,653,846,654,792,732,541,542,991,992,993,994,1000,937,629,1017,1018
387,266,274,403,282,284,156,735,739,483,490,748,364,750,306,373,374,438,441
661,662,791,792,538,736,609,1058,418,419,1059,874,880,1017,1018,574
193,259,324,395,204,720,209,405,343,735,930,167,296,169,168,679,236,685,303,754
903,904,520,529,530,531,598,599,730,155,989,29,416,33,867,1060,1061,106,239,700
577,578,579,452,581,648,398,529,530,598,23,599,474,929,802,33,427,370,1014,1015
446,459,844,846,791,792,793,732,926,415,880,629,630,631,573,574
843,612,683,556,557,878,559,558,561,562,563,560
713,650,1036,207,912,913,723,1057,313,239,881,753,949,761,762,572,831
843,610,683,556,557,558,878,559,561,562,563
843,612,683,556,557,878,559,558,561,562,563,560
843,612,683,556,557,878,559,558,561,562,563,890
843,612,683,556,557,558,878,559,561,562,563
512,589,719,1041,657,1043,915,663,728,675,553,687,882,697,575
843,612,683,556,557,878,559,558,561,562,563,560
843,610,612,683,556,557,878,559,558,561,562,563,890
843,610,612,683,556,557,558,878,559,561,562,563
193,259,324,395,204,720,209,405,343,735,930,167,296,169,679,236,685,303,754
834,610,611,612,680,683,556,557,941,559,687,561,562,558
836,843,663,667,610,611,612,683,556,557,558,559,561,562,563,885
192,513,709,590,591,592,593,594,664,665,925,866,546,548,550,941,879,763
590,591,592,593,983,600,601,664,923,665,546,548,549,550,940,941,954,955
192,513,709,590,592,593,595,664,665,924,925,866,546,548,550,298,879,762,763
513,590,593,723,664,665,924,925,546,547,548,549,550,879,753
832,590,596,597,598,599,600,665,601,924,925,546,547,548,549,550,564
832,652,598,599,665,924,925,350,737,546,547,548,549,550,564
832,652,596,598,599,600,601,925,350,546,547,548,549,550,564
590,591,592,593,600,601,922,923,925,546,547,548,549,550,940,953,954,955
324,457,395,204,720,209,275,404,405,930,166,167,296,685,303,947,828
404,405,1046,1001,1004,1005,1006,1007,1008,1068,434,1074,1010,374,950,828
846,535,536,537,538,727,609,935,936,937,938,619
966,844,535,536,537,538,727,609,935,936,937,938,880
966,846,535,536,537,538,727,609,933,935,936,937,938
966,846,727,535,536,537,538,609,935,936,937,938,619
590,591,592,983,600,601,922,923,548,940,941,693,953,954,955
512,836,647,589,657,658,1043,1041,663,667,612,553,687,697,575
832,513,652,593,599,664,665,924,925,546,547,548,549,550,564
256,384,389,464,465,466,467,468,276,149,237,1069,241,242,116,568,190
198,1033,1034,1046,855,865,738,740,741,806,1063,1069,750,1074,755,951
709,210,594,595,723,982,664,665,866,879,753,761,762,763,764
709,594,595,210,723,982,664,665,866,37,879,753,762,763,764
709,594,595,210,723,982,664,665,866,879,753,762,763,764
704,709,594,595,210,723,982,664,665,866,879,753,762,763,764
709,594,595,210,723,982,664,665,866,879,753,761,762,763
641,515,516,140,335,301,626,632,633,634,635,638,639
641,515,516,140,335,301,626,632,633,634,635,638,639
516,139,140,460,141,335,57,300,301,302,1075,632,633,635,638,639
194,201,844,398,401,339,596,598,599,1048,926,606,546,548,305,564,630,570
642,199,200,204,973,867,740,169,620,622,750,238,751,946,947,755,373,374
193,1027,516,517,140,78,465,147,403,724,153,483,552,236,381,755,311,636,637,639
644,966,584,586,588,910,911,606,994,1058,932,933,938,627,1017,1018
590,591,592,593,600,601,665,923,664,546,548,549,550,940,941,953,954,955
835,709,650,652,716,595,596,725,982,597,924,351,737,550,879,761,764
1033,1034,1046,855,154,865,738,740,741,806,1063,1069,750,1074,755,951
835,650,716,717,1036,913,914,797,286,1057,759,887,692,758,567,886,761,831
323,650,716,717,914,594,595,596,597,599,598,723,759,887,758,567,761,831
650,716,717,914,594,595,596,597,599,598,863,759,887,758,567,761,831
323,650,716,717,914,594,595,596,597,599,598,759,887,758,567,761,831
192,513,709,590,593,594,595,664,665,924,925,866,546,548,550,879,762,763
192,709,593,594,595,210,723,725,596,597,664,665,866,879,753,762,763
320,321,322,325,326,327,521,76,77,144,875,876,877,319
192,709,593,594,595,210,725,723,596,597,664,665,866,879,753,762,763
318,845,212,222,354,868,869,870,871,872,873,425,247,378,1085,446,445
832,652,401,596,597,598,599,23,925,350,737,546,564,759
832,401,596,597,598,599,23,925,350,737,546,548,549,564,759
193,203,205,145,22,155,481,106,107,433,243,436,502,122,123
71,72,74,90,411,92,412,157,159,160,287,611,614,42,46,307,59,447
832,401,594,595,596,597,598,599,23,925,737,546,548,564,759
832,912,401,595,596,597,598,599,23,925,737,546,548,564,759
128,273,19,342,24,25,283,480,484,485,489,171,110,115,371,1013
843,612,683,556,557,878,558,559,561,562,563,560
512,836,589,1041,1043,663,667,675,612,553,687,885,697,575
650,1036,716,717,914,1051,863,759,692,949,887,760,761,1021,831
1036,912,210,723,595,725,982,351,313,879,753,887,761,762,763,764
832,709,1036,912,913,210,723,982,351,313,879,753,949,887,761,764
832,1036,912,723,595,982,350,863,351,753,564,761,887,313,763,764,62
832,1036,652,912,210,723,982,925,350,351,313,753,564,761,58,764,62
647,719,657,658,915,663,728,666,667,731,675,680,686,693,695,697
899,900,647,649,657,658,916,728,667,731,675,680,690,697
647,649,719,657,658,915,916,663,728,666,667,731,675,680,686,693,695,697
646,649,714,719,657,658,915,916,728,667,988,731,675,680,690,691,697
899,649,719,657,658,1041,916,915,728,666,731,667,675,680,690,691,697
897,520,79,659,279,729,287,743,182,183,700,63,447
646,647,714,657,658,915,663,728,667,988,731,675,680,690,697
832,195,196,197,710,70,201,206,208,608,879,368,1009,53,1013,380,381,62
582,966,586,844,588,846,661,662,791,792,926,609,418,874,880,497,249,573,574
576,577,578,132,580,134,581,585,330,80,414,415,615,616,554,247,445,446
960,961,844,653,654,541,926,607,992,993,994,542,991,1000,938,630,1017
960,961,966,844,653,654,541,926,607,992,993,994,542,991,1000,630,1017
837,711,717,722,730,989,673,1060,1061,1063,1064,809,684,942,886,568
647,657,663,600,728,983,667,988,675,680,686,693,694,695,696
834,647,719,657,658,915,916,663,728,667,731,610,675,680,686,695,697
647,840,1083,714,719,657,658,663,728,667,731,675,680,686,695,697,891
647,651,971,657,658,660,920,667,668,746,683,878,558,560,561,690,691,698
1026,651,971,657,658,660,916,920,666,667,668,999,680,744,746,560,690,691,698
647,651,657,660,663,920,731,668,680,746,683,556,558,878,560,690,691,698
451,259,263,264,7,266,15,274,282,27,29,30,735,608,164,61,127
577,131,205,145,216,411,155,412,30,286,617,618,106,107,45,433
14,216,794,795,413,545,229,230,231,997,38,816,822,1014,826,827
14,794,795,413,545,229,230,231,997,38,815,816,820,822,1014,827
14,216,794,795,413,545,229,230,231,997,38,815,816,1014,825,827
711,650,716,914,734,863,1064,887,692,949,758,886,760,761,831
646,714,843,657,658,920,731,667,675,805,680,744,561,690,691,885,697,698
646,1034,971,657,658,660,920,728,731,988,805,744,690,691,884
132,134,585,330,459,80,790,414,415,615,616,247,445,446
641,515,516,140,301,626,757,632,633,634,635,638,639
584,910,846,926,606,607,609,994,992,355,933,937,938,619,1012
584,606,607,992,609,994,355,933,936,937,938,619,1012,629,1018
833,449,450,519,333,401,220,1054,289,291,621,437
577,580,581,388,645,648,528,401,980,598,599,607,929,486,487,554,1003,619,1009
18,20,413,545,676,677,229,230,231,997,38,235,814,815,816,820,1014,824,825,826,827
906,458,150,471,154,602,603,604,478,27,29,30,286,292,1064,368,434,950,440,379
896,899,836,647,841,589,663,667,612,1065,885,1020,894,895
899,836,647,841,777,651,1043,663,920,675,1065,683,557,560,563,698,1020,894,895
776,845,917,984,281,860,222,870,811,812,1073,314,1084,1085
320,321,322,325,326,327,521,522,523,524,525,144,875,877,319
320,321,325,326,327,521,523,524,525,144,875,876,877,319
320,321,322,325,326,327,521,523,524,525,76,77,144,875,876,877,319
1025,835,713,650,1036,207,912,913,723,1057,239,881,753,949,761,572,831
647,719,657,915,663,728,667,731,675,680,686,693,694,695,696,697
647,651,660,663,920,668,675,680,746,683,557,560,690,691,563,695,698,1020
902,903,711,721,722,989,673,1060,1064,684,949,54,887,888,761,831
647,719,657,915,663,728,667,731,675,680,686,693,694,695,696,697
1091,134,585,330,459,80,790,414,415,615,616,247,444,445,446
897,257,76,79,659,279,729,90,743,495,240,306,182,183,569,59,700,63
641,515,140,335,300,301,626,1075,756,632,633,634,635,638,639
641,515,140,335,300,301,626,1075,756,632,633,634,635,638,639
388,5,518,645,975,929,486,487,1066,430,369,503,504,1023
647,719,657,658,915,663,728,667,731,675,680,693,695,697,1083
647,651,719,657,658,663,667,668,675,680,690,691,695,697,698,1083
650,1036,717,914,1051,863,568,759,887,692,949,567,760,761,1021,831
836,647,714,719,657,658,915,663,728,667,731,675,680,693,695,697
832,652,596,597,598,599,925,350,737,547,548,549,564
527,676,677,815,816,817,818,819,820,821,823,824,825,826
582,966,586,587,588,844,846,791,538,926,609,937,880,573,574
1033,1034,1035,914,468,154,673,865,292,742,806,684,1069,750,368,1074,565,886,567,568
650,1036,717,716,914,1051,863,887,692,949,759,760,761,1021,831
468,471,472,473,154,602,603,604,864,292,1069,565,757,568,124
468,471,472,473,154,602,603,604,864,292,1069,565,568,124,253
193,468,471,472,473,602,604,157,478,292,742,1069,565,568,124
212,222,354,868,869,870,871,872,873,425,378,1085,318
717,468,473,154,603,153,796,478,734,864,292,742,1069,692,565,759,568
1036,717,914,983,797,734,863,864,568,887,882,692,758,759,760,761,54,831
468,341,150,471,26,603,604,477,478,292,742,492,1069,368,565,54,568
1024,324,457,395,1038,209,275,405,343,90,539,92,167,42,303,124,310,120,828
320,321,325,326,327,521,523,524,77,525,76,144,875,876,877,319
836,647,714,657,658,663,728,666,667,731,675,680,686,693,694,695,697
650,716,717,656,849,914,734,863,759,887,692,758,567,886,761,699,831
704,705,706,707,708,70,80,37,429,444,380,701,702,703
839,840,983,882,1076,885,1077,889,890,891,892,1021
1027,70,331,78,22,150,857,154,221,364,1070,368,434,758,311,379,380,381,62
704,705,706,707,708,70,80,37,429,380,701,702,703
704,705,706,707,708,1088,70,573,80,543,37,429,1006,380,701,702,703
272,726,29,226,36,422,230,360,361,234,873,362,233,169,495,1008,378,956
641,515,140,335,300,301,626,1075,632,633,634,635,638,639
641,515,140,335,300,301,626,1075,756,632,633,634,635,638,639
1025,902,711,903,721,722,730,989,673,1060,684,54,886,888,831
1033,1034,1035,404,1046,855,862,735,865,490,759,951,1074,434,1011,950,1015
1033,1034,1035,404,1046,855,862,735,865,490,759,951,1074,434,1011,950,1015
1091,1029,134,1030,1031,1032,458,330,1033,969,976,851,997,998,1001,1003,432,1009,370,309
646,714,719,657,658,915,916,663,920,728,667,988,731,675,680,690,691,697
647,649,719,657,658,915,916,663,920,728,666,667,731,675,680,686,693,695,697
897,898,901,838,842,589,1043,805,744,752,690,691,884,563
897,898,901,838,842,589,667,988,805,744,687,690,691,884,703
897,898,901,838,842,589,988,805,744,687,560,690,691,884,703
1026,843,920,683,556,557,878,558,559,561,562,563,560
388,5,518,645,929,486,487,1066,430,369,1009,503,504,1023
194,643,837,197,711,848,154,730,989,740,741,1060,1061,1063,809,750,942,886,758,54
641,515,140,335,301,626,1075,632,633,634,635,638,639
265,329,27,220,669,670,671,672,621,496,113,435,628,121
265,329,401,27,220,669,670,671,672,621,496,113,435,121
265,329,332,401,27,220,669,670,671,672,621,496,113,435,121,570
265,329,332,401,27,220,669,670,671,672,621,496,113,435,121,570
265,329,401,27,220,669,670,671,672,621,496,113,435,121,570
963,964,965,271,272,83,84,85,86,87,88,89,1050,97,98,99,939,255
641,515,140,300,301,626,1075,632,633,634,635,638,639
640,641,515,140,300,301,626,1075,632,633,634,635,636,637,638,639
899,900,647,649,719,657,658,1041,916,915,663,728,666,731,667,675,680,697
963,84,85,21,88,89,409,99,100,101,551,232,939,366
711,722,148,150,284,989,416,673,352,740,741,747,748,749,750,751,755,887,888
582,966,586,587,588,846,732,926,609,937,938,880,629,574
676,677,814,815,816,817,819,820,821,823,824,825
676,677,814,815,816,817,818,819,820,821,823,824,825
907,908,909,974,973,401,1022,408,409,934,551,365,1071,121,570,126
322,772,782,783,784,785,786,787,788,789,344,347,799,801
834,839,840,1021,983,600,882,1076,885,1077,889,890,891,892,893
834,839,840,1021,983,610,680,882,1076,1077,885,889,890,891,892,893
769,772,773,774,776,845,781,344,217,218,422,1072,375,765,766,767
834,839,843,1021,983,988,559,882,562,1076,1077,885,889,890,891,892,893
193,642,720,343,930,679,296,685,622,173,625,946,947,945,948,1082
193,642,720,343,930,679,296,685,622,173,625,946,947,945,948,566,1082
834,839,840,1021,983,553,882,885,1077,889,890,891,892,893
193,642,720,343,930,679,296,685,622,173,625,946,947,945,948,1082
900,646,839,714,1021,658,915,983,882,1076,1077,885,889,890,891,892,893
899,900,839,649,893,657,983,728,731,882,1076,1077,885,890,892,1021,894
834,899,900,839,649,1021,657,1041,983,728,731,882,1076,1077,885,890,892,893
844,846,791,792,793,732,926,994,937,938,880,629,573,574
837,711,730,989,673,1060,1061,742,1063,1064,809,684,942,886,54,568
844,846,791,792,793,732,926,938,880,629,630,573,574
576,577,578,131,580,581,70,585,1038,674,931,615,616,617,618,45,628,1081
782,783,784,785,786,787,788,789,799,800,801
322,772,782,783,784,785,786,787,788,789,344,347,799,801
782,783,784,785,786,787,788,789,799,800,801
782,783,784,785,786,787,788,789,799,800,801
772,773,774,776,845,344,217,218,345,347,861,422,40,1072,375,765,766
1025,902,711,903,721,722,730,673,1060,684,54,886,888,831
657,658,663,920,667,731,668,675,805,744,560,690,691,697,698
768,769,770,771,772,773,774,845,217,218,422,425,1072,375,767
768,769,770,771,772,773,774,845,217,218,422,1072,375,767
768,769,770,771,772,773,774,776,845,344,217,218,345,422,1072,375,767
768,769,770,771,772,773,774,845,217,218,422,1072,375,767
382,391,331,78,338,147,927,35,555,1070,177,50,179,372,57,830
194,195,197,1033,1034,201,848,981,855,865,739,740,741,750,1074,755
768,769,770,772,773,774,845,781,217,218,861,422,425,1072,375
768,769,770,772,773,774,845,781,217,218,861,422,1072,375
772,773,774,776,845,781,344,217,218,345,347,861,422,40,1072,375
576,577,578,579,580,581,520,528,656,980,23,733,605,1056,929,554,627,507,1083,699
1033,1034,981,862,865,356,741,806,489,813,750,111,751,1074,116,439
896,899,836,840,841,719,663,667,675,1065,693,697,891,1020,894,895
837,717,849,914,730,796,989,1060,1061,1063,809,568,759,684,242,692,886,887,758,831
834,839,840,719,1021,983,882,885,1077,889,890,891,892,893
646,649,651,660,916,920,728,666,667,731,668,746,683,558,878,560,698
326,782,783,784,785,786,787,788,789,223,800,801,799,109
326,782,783,784,785,786,787,788,789,799,800,801,109,319
650,716,717,656,849,914,734,692,758,759,760,761,699,831
322,326,327,782,783,784,785,786,787,788,789,344
650,716,656,914,863,1064,887,692,949,758,886,760,761,699,831
394,780,781,340,347,348,349,798,223,800,801,799,170,811,108,109,812
394,780,781,340,347,348,349,798,799,800,801,170,811,108,109,812,178,1079
780,781,340,344,345,347,798,799,800,801,170,811,108,109,812,178,1079
780,781,340,344,347,348,349,798,799,800,801,170,811,108,109,812,1079
780,781,784,340,344,347,348,349,798,799,800,801,170,811,108,109,812,1079
899,836,900,647,649,841,657,1041,916,731,675,1065,1020,894,895
780,781,340,344,345,346,347,798,799,800,801,170,108,109,812,178,1079
896,899,836,647,841,777,778,779,663,667,675,1065,1020,894,895
832,323,652,210,725,598,599,925,350,737,547,549,564
834,589,590,591,592,912,658,1043,723,923,351,610,680,553,687,753,691,697,575
148,149,150,471,151,472,154,602,603,604,478,352,292,747,748,1069,749,751,752,126
257,79,659,216,729,411,412,293,743,40,39,240,48,306,569,63
71,90,411,412,92,159,160,287,743,42,46,307,52,59,447
320,321,322,325,326,327,521,76,77,144,876,877,319
773,775,776,777,778,779,845,215,984,281,222,354,869,870,421,425,1073,378,1085
773,775,776,777,778,779,845,918,984,281,860,222,421,870,425,314,1073,378,1085
773,775,776,777,778,779,845,214,215,984,281,222,354,870,425,378,1085
650,716,717,914,863,864,742,1064,759,887,760,761,886,567,758,54,699,831
772,775,776,777,779,845,214,984,985,281,222,870,40,425,314,378,251,1085
773,775,776,777,778,779,845,214,984,281,860,222,870,424,425,314,378,1085
839,840,1021,983,1051,612,882,1076,1077,885,889,890,892,893
900,839,840,1021,983,1051,882,1076,885,1077,889,890,891,892,893
1025,835,837,650,1036,1040,913,914,723,722,725,1057,673,1060,684,753,758,888,761,572
204,334,166,167,169,622,943,624,625,946,947,944,945,1082
900,839,1021,983,1051,988,559,882,562,1076,1077,885,889,890,892,893
900,839,893,1043,983,1051,557,882,1076,1077,885,889,890,892,1021
768,769,770,771,772,773,774,845,344,217,218,345,422,1072,375,766,767
1091,132,330,334,399,80,720,343,930,36,166,295,679,998,296,685,309,444
899,836,900,647,649,841,657,658,1041,916,728,731,1065,894,895
651,149,150,668,747,683,556,558,557,752,561,560,563,878,751
878,148,149,150,151,747,683,556,558,559,752,561,557,563,562,560,749,751
584,535,727,536,538,537,992,609,355,935,936,937,938,627
577,580,581,388,645,648,528,401,596,598,599,607,929,486,487,554,1003,619,1009
641,515,140,724,300,301,626,1075,756,632,633,634,635,638,639
324,457,204,209,275,404,405,215,218,163,167,296,303,688,569,252,376,185,828
896,899,836,647,841,912,723,596,597,663,667,351,675,313,1065,879,753,697,894,895
897,898,901,838,842,915,1043,805,744,687,560,690,691,884,703
897,898,901,838,842,587,589,1043,805,744,560,690,691,884
832,652,912,723,596,597,598,599,925,350,351,547,549,564
843,920,683,556,557,558,559,560,561,562,563,878
514,517,392,393,137,138,141,146,301,302,756,635,638,639
896,841,590,719,610,611,612,675,683,556,557,559,560,561,562,563,697
71,79,90,411,92,412,158,159,160,287,614,42,46,307,308,52,59,447
832,709,652,912,210,723,596,597,598,599,925,351,548,879,753,564
256,715,718,850,851,469,534,216,740,741,998,490,237,750,1074,755,501
896,832,323,652,590,591,592,531,533,600,601,922,923,350,549,553,687
704,387,68,69,70,267,718,852,283,608,484,37,555,51,249,380,381,702
382,1028,331,78,338,958,927,555,1070,943,372,311,830
641,515,516,140,301,626,1075,632,633,634,635,638,639
198,71,204,1044,405,1047,538,860,37,491,492,622,625,946,1082,574
324,457,395,204,334,209,275,405,539,166,167,303,828
643,714,657,658,915,663,920,667,731,675,805,744,1070,690,691,698
79,90,411,92,412,157,287,160,614,743,42,46,307,52,59,447
204,334,720,166,168,169,622,943,624,625,946,947,944,945,1082
204,334,720,930,166,168,169,622,943,624,625,946,947,944,945,1082
650,1036,717,914,796,734,863,864,742,568,759,949,758,887,760,761,54,831
1025,902,903,904,721,722,796,797,416,417,673,1060,1064,684,888
272,670,995,613,230,807,808,1002,431,1011,435,1015,1016,957
594,725,924,670,995,613,807,808,1002,431,1011,1015,1016,957
835,650,716,1036,656,849,914,913,734,863,692,758,887,886,699,831
776,845,212,918,344,281,345,860,861,222,349,870,1072,1073,314,1085
641,515,516,140,301,302,626,1075,883,757,632,633,634,635,638,639
963,6,83,85,86,87,88,89,1050,97,98,99,100,101,232,366,304,255
67,971,653,654,655,661,662,992,1058,419,358,105,874,497,246,249
11,17,81,25,480,484,489,171,172,813,110,115,439
193,200,148,149,150,151,284,221,352,165,747,748,749,750,751,752,755,373,374
512,455,776,456,394,589,1041,1043,726,290,226,361,234,233,553,170,687,377,378,575
512,776,394,845,1041,726,860,290,226,360,361,234,170,553,378,687,314,575
968,653,973,974,271,408,89,409,540,97,98,934,551,810,939,304,126
265,401,27,220,669,670,671,672,621,496,113,435,121,1081
1027,1028,331,78,849,338,958,927,483,1070,951,311,381,830,255
256,3,390,14,143,274,403,276,282,94,748,237,174,241,116,373,441
653,846,654,605,926,607,992,994,932,933,936,937,619,627,1012,629,1017,1018,574
517,140,460,141,335,724,299,300,301,302,1075,635,638,639
653,846,911,910,536,538,605,926,607,993,994,933,936,937,619,627,1018,574
468,150,471,472,473,602,603,604,158,292,1069,174,565,568
1025,902,711,903,721,722,730,864,673,1060,684,54,886,888,831
960,130,585,459,653,654,470,790,88,1049,541,992,162,421,247,442,445,446
676,677,814,815,817,818,819,820,821,823,824,825
677,814,815,816,817,818,819,820,821,823,824,825
64,66,259,963,583,328,511,87,152,88,357,236,60,61,127
64,66,259,963,965,583,511,152,88,236,60,61,127
64,66,259,583,328,653,654,336,152,541,357,294,173,127,566,443,60,511
130,132,134,585,653,654,399,80,470,790,88,1049,415,162,421,247,511
67,653,654,655,661,662,419,358,105,874,497,246,249,1018
64,66,259,963,583,511,152,88,357,236,443,60,61,127
832,513,652,598,599,665,924,925,350,351,547,549,879,564
647,657,658,663,983,920,667,988,675,680,686,691,693,694,695,696
657,658,663,728,920,731,667,675,680,686,690,691,693,694,695,696,697
130,132,134,585,399,470,790,1049,162,421,166,295,309,248,442
130,132,134,459,399,470,1049,162,421,166,615,295,309,248,442
130,132,134,653,654,399,470,790,88,1049,541,162,421,442,445,511
64,963,583,653,654,336,152,88,541,357,294,173,127,948,312,443,60,511
200,715,718,848,850,851,469,534,1046,216,221,739,740,867,741,998,1001,750,755,501
200,1033,203,718,469,1046,23,216,284,221,613,1002,107,749,1011,373,374,1015,1016,190
1025,903,904,711,722,416,417,673,1060,1064,684,886,888
1025,903,904,711,722,416,417,673,1060,1064,684,886,888
1028,68,520,331,78,830,849,338,657,403,728,927,1070,311,380,381,958
704,705,706,707,68,708,70,715,844,721,1051,606,926,607,37,429,496,630,379,380,702,703
704,706,707,68,708,70,715,271,792,793,1051,987,414,37,938,429,818,380,701,702,703
704,705,706,707,708,70,715,267,37,429,380,702,703
704,705,706,707,708,70,267,715,37,429,380,702,703
576,577,581,583,328,910,528,401,336,1055,929,33,803,804,173,948,566,312,570
576,577,581,583,328,910,528,401,336,1055,929,33,803,804,173,948,566,312,570
704,705,707,708,68,70,267,715,852,37,429,49,380,701,702,703
704,706,707,708,68,70,387,574,267,852,981,926,429,880,629,380,701,702,703
387,715,718,850,851,403,469,1046,534,855,216,735,998,179,373,374,501,57,958,639
193,7,391,15,400,22,27,29,30,286,928,802,367,243,122,382,383
387,266,848,403,469,534,855,735,865,739,740,741,1001,490,750,755,501,951
966,582,967,905,588,535,536,793,538,475,926,609,1058,937,938,874,1017
387,516,392,202,81,274,19,342,282,480,1057,484,165,489,110,757
388,5,518,202,288,486,487,1066,430,369,1013,1014,503,504
1035,849,404,1046,855,154,1001,364,1004,1005,1006,368,1008,434,1074,1007,1010,950,951
651,657,658,660,920,728,731,668,988,680,746,683,560,690,691,698
833,450,449,518,519,332,333,220,1054,289,291,437,121
709,1036,590,591,592,593,210,664,665,924,925,546,547,548,550,879
576,577,578,580,581,648,585,401,597,598,599,23,1048,929,103,616,49,564,509,510
1091,132,391,458,715,718,850,851,853,469,534,216,997,998,432,820,821,823
11,81,273,17,24,480,484,489,171,172,813,110,115,439
1033,1034,1035,849,1046,855,735,865,490,1074,434,950,951
1033,1034,1035,203,850,853,1046,855,735,1003,1009,1074,1011,951,950,759,1016
833,450,449,519,332,333,220,1054,289,291,437,121
676,677,814,815,816,817,818,819,820,821,823,824,825,826
527,677,814,815,816,817,818,819,820,821,823,824,825,826
676,677,814,816,817,818,819,820,821,823,824,825
588,653,661,662,792,793,736,1058,418,1059,419,874,629,1017,1018
677,814,815,816,817,818,819,820,821,822,823,824,825
677,814,815,816,817,818,819,820,821,823,824,825,826
676,677,814,815,816,817,818,819,820,821,823,824,825,826
676,677,814,815,816,817,819,820,821,822,823,825,826,827
676,677,814,815,816,817,819,820,821,822,823,825,826,827
646,647,649,714,719,658,915,916,663,728,666,667,731,675,999,680,695,697
676,677,814,815,816,817,818,820,821,822,823,825,826,827
899,647,649,970,719,657,658,1041,916,915,728,666,731,667,675,680,695,697
676,677,814,815,816,817,818,819,820,821,822,823,825,826,827
676,677,814,815,816,817,818,820,821,822,823,825,826,827
676,677,814,815,816,817,819,820,821,822,823,825,826,827
646,647,649,651,971,719,657,658,915,660,916,920,728,666,667,668,731,680,693,697
388,5,645,10,474,93,929,486,487,430,369,503,504
1025,837,711,730,989,673,1060,1061,684,942,886,758,54,831
1025,837,711,730,989,673,1060,1061,684,942,886,758,831
584,586,653,846,654,732,606,607,994,936,938,619,627,1012,629,574
1026,843,660,683,556,557,558,559,878,561,562,563
1025,903,904,711,796,797,416,417,673,1060,1062,1064,684,54,571
1029,1030,1031,1032,969,977,857,858,987,859,990,1080,1087
1029,1030,1031,1032,969,977,857,858,987,859,990,1080,1087
1025,902,711,903,462,722,854,730,1051,476,416,673,417,742,684,884,886,888,831
388,5,518,220,929,486,487,1066,1003,430,369,1009,503,504
388,5,518,220,929,486,487,1066,1003,430,369,1009,503,504
846,727,535,536,537,538,609,355,933,935,936,937,938
727,535,536,538,537,926,609,994,355,935,936,937,938,880,629
1033,458,1034,404,855,997,1001,1002,1003,1004,1005,1006,1008,1009,432,951,1015,1016
727,792,535,536,537,538,475,609,935,936,937,938
1029,1030,1031,1032,969,975,976,977,857,858,987,859,990,1087
1042,794,795,545,36,814,817,818,819,820,309,821,823,824
14,794,795,1052,36,295,1067,815,816,309,822,825,826,827
1030,1031,969,976,977,18,404,987,990,608,104,1080,125
1025,837,711,730,989,673,1060,1061,809,684,942,886,758,831
910,535,727,537,538,536,609,935,936,937,938,573
837,711,730,989,673,1060,1061,1064,809,684,942,886,758,831
260,966,967,905,399,538,475,415,609,993,931,358,936,937,1000,938,112,246
646,647,649,714,719,657,658,915,916,663,728,666,667,988,731,675,691,697
903,713,716,207,848,914,797,863,416,739,740,741,1062,750,239,881,755,949,758,831
834,900,839,1021,983,1051,988,882,1076,885,1077,889,890,892,893
1091,132,134,330,718,399,850,851,853,470,162,421,998,309,248,444
834,900,839,1041,1021,983,882,1076,885,1077,889,890,892,893
258,644,910,911,336,727,607,543,994,932,933,935,937,619,627,61
960,644,910,911,727,605,926,606,607,932,933,1000,619,627
1091,850,851,853,855,921,986,998,814,432,817,818,820,821,822,823
644,582,967,966,586,587,588,846,792,793,732,926,418,629,1017,574
257,75,914,659,183,120,422,41,43,46,47,688,689,307,182,55,310,59,124
576,577,578,580,581,648,329,269,1038,528,733,929,932,554,1081,507,510
576,580,581,528,978,979,980,23,929,554,1003,1009,505,506,508,511
576,580,581,528,978,979,980,23,88,992,929,554,505,506,508,511
6,968,973,974,84,85,408,409,540,99,101,934,551,304
715,718,848,850,851,469,534,1046,216,221,867,740,739,998,490,622,750,946,755,501
643,837,711,730,989,673,1060,1061,1063,809,684,942,886,54,380
705,770,769,773,906,717,150,472,473,154,602,478,864,292,742,297,48,434,565,440
590,591,592,593,600,601,665,923,664,546,548,550,940,941,953,954,955
204,334,163,166,168,169,622,943,944,625,946,945,624,947,1082
204,334,720,930,166,168,169,622,943,944,625,946,624,945,947,1082
204,334,163,166,168,169,622,943,944,625,946,624,947,945,1082
896,899,836,647,841,657,1043,663,675,1065,560,698,697,954,953,1020,894,895
204,334,163,166,168,169,622,943,944,625,946,624,945,947,1082
446,844,846,791,792,793,732,926,880,629,630,631,573,574
960,961,844,653,654,541,542,543,992,993,736,926,991,994,1000,630
960,961,653,654,536,792,541,926,542,991,993,992,994,1000,936,880,629
960,961,964,653,846,910,654,541,991,992,993,994,935,1000,937,936
644,584,653,910,911,846,654,606,993,932,933,936,937,1000,235,627,629
966,967,584,905,586,588,661,662,475,609,993,355,358,935,936,937,1000
966,967,905,844,654,535,536,538,475,736,993,609,418,1000,937,936,938,880,1017
204,334,166,168,169,622,943,944,625,946,947,624,945,1082
590,591,592,593,600,601,922,923,925,546,547,548,549,550,940,954,955
6,968,973,974,84,85,408,409,540,99,100,101,934,551,304
832,129,128,972,398,14,23,94,547,548,549,935,427,370,371,564
1001,1002,1003,1004,1005,1006,1007,1008,1009,1010,1011,1068,431,1015,1016
1001,1002,1003,1004,1005,1006,1007,1008,1009,1010,1011,1068,431,1015,1016
1001,1002,1003,1004,1005,1006,1007,1008,1009,1010,1011,1068,431,1015,1016
995,1001,1002,1004,1005,1006,1007,1008,431,1010,1011,1068,1015,1016
37,1002,619,1004,1005,1006,1007,1008,431,1010,1011,1068,1015,1016
995,1001,1002,1003,1004,1005,1006,1007,1008,1068,1010,1011,431,1015,1016
995,1001,1002,1003,1004,1005,1006,1007,1008,1068,1010,1011,431,1015,1016
272,1002,1003,1004,1005,1006,1007,1008,1068,1010,1011,431,1015,1016
272,1002,1003,1004,1005,1006,1007,1008,1068,1010,1011,431,1015,1016
995,1001,1002,1003,1004,1005,1006,1007,1008,1009,1010,1011,1068,431,1015
1001,1002,1003,1004,1005,1006,1007,1008,1009,1010,1011,431,1068,1015
458,1001,1002,1003,1004,1005,1006,1007,1008,1009,1010,1011,1068,1015,1016
995,807,1001,1004,1005,1006,431,1007,1008,1010,1011,1068,1015,1016
902,711,721,722,959,604,477,478,673,1060,742,684,888,949,886,887,568,831
838,839,1036,462,914,983,1051,889,863,759,882,1076,885,1077,949,760,761,890,1021
968,973,974,84,85,408,409,540,99,100,101,934,551,304
968,973,974,85,408,409,540,993,99,100,934,551,1000,365,304
891,840,590,591,600,601,923,548,940,941,882,953,954,955
1029,1030,1031,1032,969,975,976,977,18,987,859,990,1080,1087
1029,1030,1031,1032,969,975,976,977,857,987,859,990,1080,1087
1029,1030,1031,1032,969,975,976,977,859,987,990,1080,1087
1029,1030,1031,1032,969,975,976,977,987,859,990,1080,1087
1029,1030,1031,1032,969,975,976,977,859,987,990,1080,1087
1029,1030,1031,1032,969,975,976,977,987,859,990,1080,1087
1029,1030,1031,1032,969,975,976,977,857,859,987,990,1080,1087
841,589,590,591,592,657,1043,663,600,612,681,298,683,558,560,563,1076,1077,953,1019
577,578,579,580,581,388,648,584,528,401,980,929,554,430,1012,503,570
258,583,328,648,336,528,1042,357,294,173,948,566,312,443
148,149,150,151,154,602,603,604,478,352,292,164,742,747,748,1069,749,751,368,752
966,967,661,662,792,732,736,609,1058,418,419,874,629,1017,1018,574
966,967,661,662,732,736,609,1058,994,419,418,874,1017,1018,574
650,1036,717,914,1051,863,568,435,692,949,758,887,760,761,886,1021,831
1027,1028,68,331,78,830,338,927,299,44,300,1070,372,311,56,958
590,591,1043,600,601,923,548,940,941,557,563,953,954,955
900,590,591,592,1041,600,601,923,940,941,1077,953,954,955,893,575
960,961,653,846,654,792,541,991,992,993,994,933,936,1000,937,629,1017
960,961,653,846,654,541,926,991,992,993,994,1000,936,938,629,1017,1018
960,961,653,654,846,541,991,992,993,994,1000,936,938,880,574
960,961,966,844,653,654,846,541,926,607,992,993,994,991,1000
266,12,339,856,792,475,990,94,484,808,745,428,691,500,693,187,574
266,12,339,600,856,792,990,94,484,808,745,428,690,500,693,187,957
640,12,594,339,600,856,605,990,94,808,745,428,500,693,187,636,637
640,898,901,7,266,12,339,600,856,94,745,428,500,693,187,636,637
1091,132,134,330,458,459,399,470,162,997,998,166,421,295,309,248,444
832,835,1036,1039,1040,913,912,723,1057,753,881,949,758,887,761,572
266,12,339,856,792,990,94,484,745,428,690,691,500,693,694,884,187
382,1028,331,78,830,338,147,927,555,1070,372,311,958
1,2,4,8,10,13,341,24,26,91,474,93,1080
382,1028,331,78,830,338,147,927,555,1070,372,311,56,958
963,964,965,968,973,974,271,84,85,88,89,409,99,100,101,551,232,939,366
963,964,965,968,973,974,271,84,85,88,89,409,97,99,100,101,551,939,255
964,965,968,973,974,84,87,409,1050,97,98,99,100,101,551,939,255
963,964,965,968,271,83,86,87,88,89,1050,97,98,99,100,101,939,366,255
6,968,973,974,85,408,409,540,99,100,934,551,939,365,304
71,72,74,90,158,159,160,46,688,307,308,52,59
964,458,404,1001,1068,1005,1006,1007,1008,1004,1010,1011,432,431
835,650,1036,716,1040,913,914,723,725,1056,1057,673,1060,684,753,758,761,572
1030,7,977,18,404,216,857,987,990,95,96,735,359,114,306,244,757,309,499,446
198,269,910,1044,405,1047,473,538,682,491,492,622,946,947,565,1082,574
391,712,526,400,402,95,96,928,678,682,367,382
835,520,652,594,595,725,22,1048,737,867,807,808,103,1002,1011,692,1015,1016,957
391,712,526,400,402,95,96,928,678,682,367,382
391,712,526,15,400,402,22,95,96,928,678,682,367
1029,1030,1031,1032,969,975,976,977,987,859,990,1080,1087
1029,1030,1031,1032,969,975,976,977,987,859,990,1080,1087
1029,1030,1031,1032,969,975,976,977,987,859,990,1080,1087
391,712,526,400,402,22,95,96,928,678,682,367,382
130,132,585,459,399,470,790,1049,415,162,421,166,309,248,442
1025,713,650,207,912,913,723,1057,239,881,753,949,758,887,761,572,831
969,1037,975,977,857,474,859,858,987,1052,990,1067,1080,1087
1030,969,1037,975,977,857,474,859,858,987,1052,990,1067,1087
1030,969,1037,975,977,857,474,859,858,987,1052,990,1067,1080,1087
834,590,591,600,601,923,610,548,680,940,941,687,953,954,955
512,835,1036,589,1039,1040,913,1041,723,1043,1057,553,687,753,761,572,575
960,584,844,910,911,605,606,926,607,992,1000,937,619,627,1012,630
899,647,649,970,719,657,658,1041,916,915,728,666,731,675,680,690,691,697
960,961,844,653,654,727,541,926,542,992,993,994,991,1000,630,1017
577,907,908,844,909,1022,791,792,28,672,1071,880,496,1074,630,121,573,574
577,574,907,908,844,909,791,792,28,1071,880,496,629,62,121,573,1022
512,899,900,649,589,1041,1043,916,728,731,553,687,690,575
590,591,592,600,601,922,923,548,940,941,953,954,955
590,591,592,600,601,923,889,546,548,940,941,953,954,955
67,260,653,654,655,661,662,992,419,358,105,497,246,249,1018
644,584,910,911,535,606,991,932,933,935,936,937,235,627,248,61
3,899,1019,590,591,14,600,601,922,923,667,94,681,298,940,697,953,954,955,894
512,835,1036,589,1039,1040,913,1043,1057,553,687,881,758,761,572,575
960,961,653,910,654,792,541,542,543,544,993,994,991,935,936,1000,573
645,202,404,735,1004,1005,1006,1007,1008,1068,1010,115,1013,950,374
641,515,516,140,34,301,626,1075,632,633,634,635,638,639
584,653,910,846,732,605,606,607,544,993,936,937,1000,619,627,1012,629
644,967,661,662,792,736,609,994,1058,418,419,874,629,1017,1018,574
67,260,655,271,661,662,992,419,105,874,497,246,249
0,1,2,4,8,9,10,13,341,24,25,26,91,93
265,401,220,669,670,671,672,621,496,113,435,121,570
193,203,848,726,855,279,1053,735,739,867,613,490,364,750,1074,434,950,951
1091,132,459,399,851,853,470,162,997,998,166,421,295,432,309,248,444
453,784,785,917,214,215,353,423,424,425,426,376,377,378,251,252,317
1091,132,330,718,399,850,851,853,469,534,216,921,415,421,998,247,444,445,446
583,328,511,336,1042,980,88,294,236,173,366,566,507,312,506,443,60,509,510,127
134,583,328,585,395,80,336,1042,415,929,1059,615,236,173,948,566,312,250,445,446
641,515,517,140,335,724,300,301,302,626,1075,632,634,635,638,639
452,391,526,400,22,95,928,96,802,678,682,367,243,244,122
576,577,578,579,580,581,391,15,22,928,802,554,367,243,502,122,188,383
395,1042,661,662,152,736,609,418,1059,874,250,236,1017,1018,60,511
329,332,333,654,401,980,27,220,1054,672,289,929,621,1081,570,572,511
1029,1030,1031,1032,969,975,976,977,987,990,1080,1087
512,647,589,1041,658,1043,728,731,553,170,557,687,690,563,575
11,17,342,24,480,484,485,489,171,172,813,110,115,439
11,17,342,480,484,485,489,171,172,813,110,115,439
11,17,81,24,25,480,484,489,171,172,813,110,439
11,273,17,342,480,484,485,489,171,110,115,371,1013,439
11,273,17,342,24,480,484,485,489,171,813,110,115,371,439
576,577,580,581,11,273,17,480,802,484,485,489,171,172,813,110,174,175,115,439,383
768,769,772,774,845,212,344,345,222,102,488,233,1072,1073,752,884,375,314,124
0,1,2,4,8,9,10,11,19,341,26,91,93,480
0,1,2,8,9,10,13,463,19,26,93,480,172,115
0,1,2,4,8,9,10,13,341,26,91,93,489,115
0,1,2,4,8,9,10,11,13,19,341,26,91,93,480,489
212,919,860,868,869,871,360,425,362,234,873,618,426,617,499,436,184,378,254
833,450,449,519,333,220,669,1054,288,289,291,437,1081
449,450,833,518,519,332,333,1054,288,289,291,437,1081
844,846,791,792,793,732,926,880,497,629,631,573,574
1091,458,718,850,851,853,470,855,921,735,997,998,490,432,309,951
11,463,17,342,480,481,484,485,489,171,172,813,110,115,439
385,386,905,907,908,401,792,220,926,609,1071,879,1078,118,190,189,1022
576,577,578,580,581,583,648,328,528,336,1055,929,33,803,804,173,948,566,312
520,650,717,656,849,914,797,734,863,864,568,1070,692,758,887,886,699,831
650,1036,716,913,914,722,863,673,1060,684,888,949,758,887,886,761,831
963,964,965,968,84,85,86,87,88,89,1050,97,98,99,100,101,934,939,255
453,214,215,919,354,868,869,423,872,425,186,424,426,499,185,378,253
449,450,833,518,519,333,857,859,1054,288,289,291,486,487,437,504,1023
704,68,708,70,69,330,267,337,852,920,222,37,422,39,743,40,429,947,380,702,703
1088,704,707,68,69,70,267,852,413,37,229,429,51,823,826,380,702
646,647,649,714,719,658,915,916,728,666,731,988,675,680,690,691,697
391,712,526,400,402,95,96,928,678,682,367,244
1089,962,452,712,1037,474,1052,928,802,38,1066,1067,1014,375
71,75,90,158,159,160,297,46,688,48,307,308,52,59
583,328,336,404,1016,735,357,294,1002,236,173,114,1011,948,566,1015,312,443,60
391,526,15,400,22,95,928,96,682,367,243,244,502,122,382
833,449,965,519,329,265,332,333,87,1050,220,1054,671,289,103,1081
709,594,595,723,725,351,866,298,879,753,762,763,764
1033,1034,1035,849,855,862,735,865,740,741,490,750,1009,1074,755,434,951,759
258,336,727,536,537,357,294,936,173,948,245,566,443,60
704,68,70,458,267,715,718,850,851,852,469,534,855,216,735,998,432,951,380,701,703
1029,1030,1031,1032,969,976,977,857,987,859,990,1080,1087
71,72,74,158,159,160,46,307,308,52,310,59
3,10,14,156,413,545,229,38,230,104,231,997,1014
1091,132,458,399,413,545,162,997,166,998,229,230,231,1001,421,432,309,248,444
897,520,279,280,729,90,411,412,157,287,614,743,42,182,183,700,447
844,661,662,538,736,992,1058,994,418,419,1059,874,1017,1018,574
576,577,578,579,580,581,528,978,979,980,23,732,929,554,506,629,505,250,508,1086
1091,458,853,986,676,997,998,1004,1005,1006,1007,432,1008,1010,1068,814,821,825,444
847,344,345,347,348,349,223,227,170,108,109,494,493,178,1079
705,769,3,770,390,1033,12,14,143,274,403,282,156,94,748,438,374,441,767
640,516,137,140,460,204,335,461,146,724,33,34,996,299,301,50,1075,757,636,637,639
903,904,711,717,796,797,416,673,417,738,806,1062,1064,759,684,241,242,886,118
1089,1090,452,712,202,908,268,665,474,1001,1066,1068,1004,1005,1010,180,181,1013,508
1089,1090,452,712,202,908,268,665,474,1001,1066,1068,1004,1005,49,1010,180,181,508
449,450,833,5,518,519,220,1054,288,291,486,487,430,1011,437,503,1016
576,577,578,579,580,581,391,1038,15,22,481,802,554,367,243,502,122,188,383
65,652,912,594,595,596,597,598,599,929,103,49,564
323,205,529,530,600,155,33,610,553,106,556,557,558,623,878,561,433,563,700
709,134,330,593,594,595,210,664,665,415,866,615,879,309,762,763,444
204,334,930,166,296,168,169,622,943,944,625,946,945,947,624,1082
257,79,659,729,90,411,92,159,160,163,612,293,743,40,569,59,63
391,526,400,402,851,95,96,928,678,682,367,244
897,898,901,838,520,842,659,280,287,743,884,182,183,700,447
1028,68,391,15,830,402,22,928,802,555,44,179,243,244,56,122,382
711,391,15,22,150,154,478,864,481,292,742,367,368,243,886,758,502,122,123,382
11,17,81,273,24,25,480,484,485,489,171,172,813,110,115,439
