0,1,5,133,13,22,26,27,30,32,35,37,170,43,44,52,54,312,313,316,317,191,320,324,327,218,219,222,95,229,231,232,234,238,240,243
5,261,7,269,16,275,276,26,28,31,40,46,56,61,63,191,324,68,329,202,74,79,81,86,87,216,88,219,221,106,236,237,109,116,246
3,6,9,12,16,17,23,24,288,34,293,166,42,43,50,179,58,187,317,319,323,198,327,328,200,213,220,222,224,225,226,229,233,234,236,238,123
258,3,4,7,11,12,22,23,31,32,34,38,40,42,46,47,48,50,53,56,57,315,187,60,61,319,322,323,67,205,219,221,229,230,236,245,122
0,5,13,271,20,30,32,33,34,35,36,37,40,44,45,51,52,54,312,316,317,62,320,64,322,66,324,199,200,213,222,224,225,229,230,231,238,243
258,3,4,12,16,19,24,281,34,39,43,47,55,58,315,317,318,319,322,323,324,198,213,221,223,225,229,230,233,239,118,122
0,261,5,9,30,32,37,43,44,45,50,51,54,313,187,316,62,320,66,327,210,212,213,219,222,224,228,229,230,231,234,237,238,121
0,1,3,261,15,17,19,21,23,281,27,158,32,33,37,44,51,54,313,314,316,317,320,64,324,327,213,222,223,94,225,229,233,234,238,243,121
5,6,134,136,9,16,23,24,34,35,293,40,43,50,179,53,55,58,187,317,198,327,199,213,220,222,224,226,231,232,234,238,121
0,2,3,5,6,8,265,144,19,281,284,157,289,39,41,299,43,302,50,54,56,64,66,198,209,218,90,223,227,230,231,233,238,118,253
5,6,135,19,23,155,32,297,44,45,51,54,55,61,321,193,195,196,323,66,203,206,209,87,222,224,228,230,232,234,236,109,114,122
0,257,258,1,260,261,262,5,12,271,16,17,22,27,30,32,33,34,35,43,52,318,64,322,200,89,218,222,224,225,229,230,231,232,238,248
257,258,259,260,5,262,267,12,13,271,30,287,32,33,34,37,295,43,44,45,51,54,315,318,62,322,323,66,89,222,224,228,229,230,234,237,245,248,122
5,138,10,140,266,11,16,275,22,43,303,54,311,58,59,63,66,200,329,73,81,218,222,224,230,231,233,234,237,238,239,246,251
0,1,3,261,8,12,17,22,23,27,30,32,33,34,35,43,44,52,54,59,61,63,320,64,194,324,218,223,227,228,229,232,233,238,117,120
0,3,4,136,12,16,17,24,34,39,42,43,175,47,55,314,317,320,324,200,207,213,223,225,100,229,101,233,234,238,239
261,5,9,271,21,30,32,43,44,45,51,54,313,187,317,62,320,66,324,69,327,222,224,225,228,229,230,231,234,106,237,238,239,240,243
257,258,260,261,262,5,13,271,20,32,37,43,44,174,49,50,51,54,312,317,318,322,66,324,89,222,224,225,229,230,233,234,235,237,243,245,248
258,6,7,267,12,145,23,287,31,34,38,39,40,295,42,46,48,53,56,315,187,60,61,319,322,323,71,219,221,97,230,236,122
5,135,10,138,140,266,13,16,275,160,32,292,37,43,44,303,49,51,53,54,188,66,73,74,329,81,91,222,224,230,231,234,237,239,246,251,126
3,5,6,136,9,17,24,26,34,43,50,54,313,187,66,324,327,200,203,212,213,222,223,224,226,229,230,231,232,233,234,238,121
0,3,4,135,10,138,140,12,271,16,275,22,24,26,27,28,34,39,42,43,47,55,63,329,73,81,223,229,231,233,237,239,246,251
128,1,129,132,261,7,19,278,154,285,31,162,53,56,57,321,193,195,196,203,206,209,83,212,230,105,235,111,240,112,114,117
257,259,260,263,264,269,273,274,279,280,281,283,32,69,79,81,87,89,225,98,99,230,106,109,241,243,117,123,252,253,254
256,130,259,261,262,263,5,268,269,141,271,274,26,300,177,305,313,188,324,69,68,81,87,89,95,98,99,109,241,242,243,248,123,127,255
257,258,260,261,262,264,269,271,275,279,283,32,312,317,318,322,324,69,79,81,87,89,98,106,109,241,243,245,248,249,251,252,253,254
8,12,269,274,21,23,27,283,32,34,166,40,42,178,187,188,323,326,71,202,77,79,208,214,216,99,114,244,245,253
256,257,258,260,5,262,136,267,12,269,271,274,283,32,34,305,315,187,188,192,322,326,71,202,77,208,89,98,114,244,245,248,123,127
257,261,262,135,10,138,267,269,271,16,275,276,51,68,69,198,73,74,329,202,80,81,84,86,87,88,91,103,237,109,239,116,246,251
257,258,259,261,7,268,269,15,274,276,278,280,283,291,68,70,71,72,73,74,79,80,84,86,91,92,247,219,93,105,106,112,242,116,246,119,121,253
256,257,258,259,260,261,262,264,267,269,271,283,32,318,322,324,69,81,87,89,92,225,97,98,229,106,109,110,241,114,243,245,248,252,253,254
256,257,258,259,260,261,262,267,269,271,275,312,317,318,322,324,69,200,81,213,87,89,98,106,109,243,245,248,249,122
260,261,135,264,263,269,270,277,278,171,193,69,203,81,212,85,84,87,89,92,95,248,97,98,107,109,112,240,114,115,117,120,250,251
260,261,262,135,263,264,10,266,138,269,270,271,16,275,283,292,303,311,69,73,74,329,202,81,87,89,98,231,237,109,239,246,250,251
259,263,264,265,269,273,274,280,281,283,284,289,41,304,50,308,66,69,328,79,217,90,89,227,108,241,243,119,252,253,254
259,264,265,269,274,276,280,281,283,284,289,41,50,182,66,69,72,77,79,119,87,217,90,99,227,106,241,243,247,252,253,254
263,267,269,273,274,275,279,280,281,283,39,47,48,51,68,69,71,79,80,86,88,89,90,99,106,241,244,245,116,119,246,252,253,254
259,261,263,264,266,268,269,271,284,190,325,69,71,74,75,81,84,85,87,88,89,120,95,97,98,249,104,109,110,114,115,243,117,248,121,251,255
256,261,264,266,269,143,271,277,283,30,32,320,324,69,76,79,81,85,87,89,120,121,98,104,106,109,110,241,243,116,117,248,249,252,253,254
256,257,258,259,260,261,262,267,13,271,278,22,30,32,34,35,37,44,52,318,322,71,199,200,201,88,89,93,229,243,245,248,122
256,257,258,259,260,261,262,267,13,271,30,287,32,34,35,37,44,45,180,52,315,318,322,71,199,201,88,89,93,229,230,245,248,122
256,257,258,259,260,5,262,261,267,271,278,287,295,315,318,322,69,71,213,87,89,229,230,108,109,245,248,249,122
256,257,258,259,260,261,262,267,269,271,275,281,34,39,47,48,312,185,318,322,213,87,88,89,229,243,245,248,249,122
256,257,258,260,261,262,264,269,271,278,283,312,318,322,324,69,79,81,87,89,93,229,106,109,241,243,245,248,249,251,252,253,254
256,257,258,259,260,261,262,267,269,271,34,312,318,322,324,69,203,81,213,87,89,98,229,109,112,243,245,248,249,122,251
259,260,263,264,266,267,268,270,272,274,278,280,25,31,47,48,65,74,79,211,99,232,123,109,241,115,250,251,252,253,254
260,261,263,264,269,270,273,279,283,314,316,320,69,79,81,85,87,95,96,98,249,106,109,241,243,117,120,121,250,251,252,253,254
2,265,266,274,279,283,284,289,39,41,302,50,66,67,68,69,71,72,79,213,86,217,90,227,103,106,116,119,121,253,126
2,263,265,266,275,160,36,167,173,49,53,189,62,70,71,199,201,74,73,207,88,217,92,97,231,237,114,246,121,251
256,257,258,259,260,261,262,267,271,287,34,51,312,184,318,322,324,80,213,87,88,89,97,229,103,243,245,246,248,249,122
259,263,268,269,272,276,280,31,48,313,66,69,74,79,81,211,87,89,99,232,109,242,115,247,124,125
256,267,269,274,275,276,281,283,32,163,39,42,47,315,187,69,326,71,77,79,208,214,114,244,245,121,253,254
257,258,260,261,262,263,264,267,270,271,275,282,310,312,318,322,324,69,213,87,89,122,243,245,117,248,249,250,251
256,257,258,259,260,261,262,264,10,267,269,142,271,275,177,322,323,69,200,74,75,81,84,87,89,120,97,98,229,109,239,245,246,248,251
259,263,268,14,271,272,276,31,48,313,66,68,70,71,74,79,80,211,86,99,100,232,106,110,111,116,247,121,122,251
3,261,262,263,264,269,273,278,279,281,283,288,176,304,308,69,328,77,79,81,87,88,225,106,241,243,117,118,252,253,254
256,259,263,267,269,142,274,19,20,283,157,32,39,192,66,326,71,77,78,79,208,82,83,214,90,94,96,99,102,103,108,113,114,244,245,253
135,10,138,11,269,271,16,275,281,36,39,172,47,48,311,185,189,69,73,74,329,202,81,209,210,84,87,91,231,237,239,246,251
256,259,7,269,275,276,280,283,289,168,68,70,71,73,74,79,80,84,86,119,87,91,92,219,100,101,105,106,237,109,111,116,117,246,247,121
261,264,269,277,54,324,69,73,203,75,81,212,85,213,87,84,89,92,93,95,248,97,98,249,105,106,109,243,116,117,120,121
128,0,1,261,263,141,269,19,278,281,27,51,185,321,69,203,81,83,212,85,84,87,89,92,94,95,223,105,109,111,112,240,117,120
0,257,260,261,262,142,271,273,20,279,281,283,157,162,39,170,301,175,178,69,79,210,84,89,225,104,106,110,241,117,118,245,249,252,254
261,262,264,266,269,271,276,277,279,280,283,32,191,69,79,81,85,87,216,89,247,98,104,106,109,110,241,243,244,117,119,121,252,253,254
133,263,265,267,269,142,273,274,275,20,279,281,283,285,157,159,39,47,326,198,204,79,80,89,90,223,225,99,124,241,244,245,118,119,252,253,254
259,5,262,263,268,271,275,276,280,282,26,43,177,65,68,70,71,200,74,79,80,84,86,91,100,106,108,237,109,111,116,117,246,121
256,269,274,281,283,32,42,47,315,187,188,191,69,326,71,330,77,79,208,213,214,241,244,245,251,253,254
256,5,264,269,274,276,279,282,26,284,283,32,43,191,69,76,79,81,87,89,98,106,109,110,241,243,246,252,253,254,255
128,129,130,131,132,261,134,133,135,136,138,139,140,19,278,285,286,288,162,290,193,321,203,83,212,85,223,240,117,122,123,125,127
128,129,130,131,132,133,6,134,135,265,137,136,138,139,140,285,286,287,288,289,290,39,42,55,56,57,187,192,201,217,221,236,122,123,125,127
128,257,129,131,258,260,130,132,133,134,136,267,139,140,285,286,287,288,34,290,291,322,89,220,225,229,248,122,123,124,125,126,127
128,129,130,131,132,3,134,133,136,137,135,139,140,285,286,287,288,289,290,291,320,220,225,122,123,125,127
128,130,259,131,133,132,136,137,265,139,138,140,276,286,31,287,289,290,291,288,39,41,302,48,66,209,90,122,123,124,125,126,127
128,130,131,132,133,134,135,136,137,139,140,285,286,287,288,289,290,291,175,59,218,100,103,233,107,122,123,124,125,126,127
128,130,259,131,133,132,134,135,137,136,139,268,140,285,286,31,288,289,290,291,39,41,48,66,211,232,233,123,124,125,126,127
10,138,142,16,145,275,147,148,156,158,292,295,297,170,299,172,174,303,175,305,306,178,307,308,309,311,310,179,184,73,330,237,239,246,251
143,144,145,146,147,148,149,154,155,157,158,160,292,293,294,295,296,297,169,167,300,166,302,303,304,305,299,172,308,309,174,175,179,307,310,184
141,142,144,145,146,147,148,149,150,153,155,157,158,160,161,293,294,296,297,170,171,299,301,174,175,305,306,179,180,307,308,184,330
257,258,267,142,143,145,148,158,292,295,296,297,168,299,167,170,172,303,175,174,178,307,179,309,310,184,330,89,110,245,122
144,145,147,148,149,153,155,158,160,293,294,295,296,169,297,299,170,301,302,175,174,177,307,308,180,309,179,184,330,82
257,258,267,143,144,145,149,155,157,158,160,34,293,294,295,40,297,296,170,301,173,303,175,178,307,179,309,310,180,181,322,330,88,89,221,245
142,144,145,146,147,148,149,153,154,155,156,157,158,160,161,295,296,169,298,297,167,170,302,172,173,174,306,178,180,175,179,183,181,330
142,143,144,145,147,148,149,153,158,160,161,292,294,295,296,297,169,299,170,172,302,175,303,173,174,307,308,309,310,179,184,330,126
141,144,145,148,149,150,152,153,154,158,160,167,296,169,297,299,300,171,302,175,172,305,177,307,308,309,178,174,306,179,310,184,330,99
261,144,146,147,149,154,155,157,158,163,164,293,294,168,297,170,171,172,301,296,175,302,305,306,178,180,307,179,304,71,203,95,104,124
265,143,144,145,146,147,155,157,158,160,161,164,296,169,41,299,297,173,302,175,170,301,178,304,179,180,181,65,66,330,90
10,142,145,147,148,156,158,292,166,167,295,297,170,299,172,173,174,303,175,305,178,307,308,309,177,311,310,183,184,330,237
141,143,144,145,146,147,149,155,156,157,29,158,164,36,166,296,297,169,171,301,302,175,304,173,178,307,180,308,309,306,181,197,330,208
5,141,142,144,145,146,149,150,153,154,155,158,160,165,296,170,299,300,172,302,174,175,305,178,306,308,307,179,180,186,330,98,127
141,142,145,146,147,148,149,150,152,153,154,158,292,294,167,296,298,171,300,172,174,175,303,305,178,306,180,177,179,82
141,143,145,148,149,158,164,292,294,295,296,297,169,299,300,167,170,175,172,174,178,307,308,309,180,303,184,310,179,328,330
141,145,147,148,153,158,292,294,295,296,297,169,299,300,167,170,175,172,177,305,307,308,309,174,303,184,310,179,328,330
141,142,144,145,147,148,153,155,158,294,295,296,169,297,299,300,170,172,175,174,177,307,308,309,180,310,184,328,330
257,258,260,262,142,143,145,148,154,158,34,292,295,167,297,170,171,299,172,174,175,303,179,307,309,310,308,312,184,318,322,330,89,229,248,122
135,10,138,140,11,16,144,146,275,23,155,156,157,158,160,161,292,169,170,172,303,175,49,178,179,180,311,73,329,330,81,216,231,237,246,251
257,258,260,262,310,312,186,315,187,317,318,319,191,322,194,324,197,199,200,328,201,202,204,205,207,208,209,210,213,215,89,229,103,243,248,249,122
259,263,268,26,31,48,313,186,187,191,193,66,323,324,195,194,197,199,201,202,203,205,207,208,209,210,211,213,215,223,99,232,124,126
186,314,187,316,189,188,317,320,319,322,323,324,60,191,199,200,327,201,328,193,197,202,205,208,194,210,207,209,213,214,215
257,258,267,12,22,30,32,34,35,52,187,315,317,318,319,192,322,323,71,199,200,201,202,205,208,209,210,213,214,215,89,221,230,236,245,122
162,165,314,187,316,317,189,190,320,191,186,194,324,197,198,199,327,328,201,203,76,205,208,209,210,212,213,214,215,222,223,96
257,258,260,262,267,14,34,312,315,187,317,318,319,191,322,323,324,194,197,71,200,199,328,201,202,205,206,208,209,210,213,215,217,230,245
257,258,260,261,262,34,36,181,312,315,187,317,318,319,191,320,322,194,324,195,197,199,200,328,201,205,208,81,210,211,209,213,215,89,229,230,245,248
257,262,34,312,186,315,187,316,317,318,319,314,322,191,324,194,197,327,200,199,328,201,202,205,207,208,209,210,213,215,222,225,229,243,248
43,313,314,186,316,317,189,191,320,187,318,194,324,197,198,327,199,200,201,203,202,205,207,208,209,210,212,213,214,215,216,223,117
19,28,166,171,51,185,187,61,63,321,193,195,196,323,194,68,201,203,204,205,206,209,210,212,213,215,223,95,232,114,115
257,258,260,262,30,32,34,35,44,52,312,315,187,317,318,319,322,323,324,199,200,201,202,327,205,209,210,211,213,215,89,217,229,230,245
261,12,271,34,313,314,187,188,317,318,186,320,191,322,323,324,194,197,327,200,199,201,202,205,206,207,208,209,210,212,213,215,216,223,225
261,26,34,43,312,186,187,315,317,318,319,191,193,322,323,324,194,197,198,200,329,199,203,328,201,202,205,208,207,209,210,213,215,94
277,44,54,314,186,316,60,61,187,320,321,194,193,324,325,191,197,327,199,201,202,205,207,208,209,210,212,213,87,215,216,93,97,228,109,120,255
26,42,47,53,55,187,315,188,319,192,191,194,323,197,326,199,200,201,202,205,206,207,208,209,210,211,213,214,215,216,221,236
26,53,313,314,187,188,317,316,189,320,191,186,65,324,322,194,199,327,200,201,325,197,202,205,207,208,209,210,213,214,215
155,42,307,308,309,55,314,315,188,187,316,319,191,194,323,196,195,328,201,330,200,205,206,208,209,210,213,215,220,94,233,236
138,10,140,11,16,275,26,187,188,189,191,322,194,324,197,199,329,202,73,201,205,208,81,209,210,213,215,216,90,231,104,237,239,246,251
256,257,258,259,261,262,263,10,268,269,271,275,41,177,54,323,324,69,200,73,74,77,81,84,85,87,89,98,237,109,239,116,246,248,251
261,135,10,138,140,266,269,271,16,275,277,280,292,311,69,73,74,329,202,81,84,87,89,91,98,231,237,109,239,246,119,248,251
261,264,10,138,140,266,269,16,275,277,292,303,48,311,69,73,74,329,202,81,84,87,89,91,97,98,231,237,109,239,246,248,251
0,3,5,135,8,10,138,140,12,16,275,19,292,39,43,303,311,183,59,64,73,329,74,202,81,216,227,230,231,232,237,238,239,246,120,251
0,1,3,5,8,11,12,16,17,273,21,22,23,26,28,33,39,42,59,63,320,64,69,224,225,226,227,229,232,233,238,117,252
257,258,3,262,9,10,12,271,16,145,22,161,34,289,35,42,312,185,58,60,318,63,322,324,200,213,222,223,225,226,229,238,239,248,122
2,5,6,9,145,19,23,24,287,39,40,43,49,50,57,187,59,319,66,195,323,199,72,201,207,209,221,222,224,230,231,232,233,234,236,238
2,5,6,265,266,157,289,35,36,41,43,173,50,52,53,181,54,56,189,66,70,199,201,207,209,217,230,231,238,121
3,4,6,7,12,14,276,24,26,28,34,39,40,42,43,47,51,55,58,323,80,88,219,223,232,233,239,247
3,5,13,16,275,20,26,30,32,33,34,35,36,37,40,44,45,51,52,54,317,62,320,64,66,324,199,200,329,213,222,224,230,231,234,238,239,251
5,7,10,138,140,266,16,275,31,38,42,46,48,50,53,311,56,57,60,61,320,67,199,200,329,213,219,221,222,230,231,237,238,239,121,251
5,9,265,267,12,13,21,23,27,32,34,37,40,42,43,44,47,50,51,54,187,315,188,322,323,66,71,214,221,222,224,230,234,236,237,238,244
0,6,9,144,19,39,40,43,46,49,180,313,187,59,317,63,64,66,323,195,201,208,211,84,216,219,91,222,224,102,231,234,236,238
5,13,23,30,32,37,40,43,44,45,51,52,54,312,187,316,317,191,320,322,66,324,199,327,203,210,213,222,224,228,230,231,234,237,238
3,5,10,12,13,271,16,20,32,34,37,43,44,45,177,51,54,317,64,66,323,324,199,200,329,213,222,224,228,229,230,231,234,237,238,239
5,13,14,19,284,30,32,293,37,167,43,44,45,51,54,317,190,320,66,199,210,213,88,222,223,224,225,228,230,231,234,237,238,110,121,255
128,0,261,5,16,19,21,22,32,33,162,171,43,51,54,63,320,193,321,64,66,203,210,212,85,215,218,95,223,224,230,231,233,234,238,240,117
2,4,5,7,9,12,148,149,22,23,27,286,31,38,40,42,46,47,48,50,53,55,56,57,187,60,61,192,66,323,67,326,208,219,221,230
3,9,139,12,16,17,274,19,22,23,24,39,42,43,308,55,59,187,63,66,323,328,203,218,222,224,225,227,230,231,232,233,234,236,238,252
3,4,263,136,12,268,16,22,24,26,31,34,42,43,47,48,177,55,313,190,63,66,205,212,218,221,223,225,233,238,239,241,242
1,3,4,10,138,12,140,15,16,17,275,22,24,26,28,34,42,43,47,55,63,329,93,223,229,231,233,237,238,239,246,251
0,1,5,261,12,271,16,19,22,27,30,32,33,34,35,43,52,312,317,64,193,322,324,203,89,218,222,223,225,229,230,231,232,238,240,248
3,261,5,9,10,139,273,18,19,278,288,34,43,304,308,54,188,66,69,328,210,218,220,223,224,225,98,229,230,231,233,234,238,240,241,117,252,127
0,3,132,261,5,6,9,142,271,275,24,30,40,43,45,50,54,313,314,187,317,62,320,69,327,222,224,225,229,230,231,234,238
0,1,5,6,13,142,15,22,27,30,32,34,35,37,43,44,52,54,312,314,316,317,191,320,327,330,210,213,218,222,224,226,228,229,231,232,240,249
2,5,266,32,35,36,167,173,45,51,53,54,189,66,70,199,201,207,213,88,217,222,224,225,230,231,234,238,121
3,4,5,11,12,16,22,24,26,27,34,39,41,42,43,47,55,313,58,315,191,66,324,198,203,223,225,232,233,238,239
0,2,3,11,268,12,16,17,22,26,28,31,289,161,39,168,42,48,55,313,60,61,63,191,66,198,203,209,211,212,219,223,225,232,238,125
3,4,8,11,12,269,16,17,21,22,23,26,286,32,33,34,39,42,43,47,55,56,57,59,63,64,218,219,221,225,227,232,233,236,238
0,3,5,6,135,265,138,10,16,279,26,157,289,39,41,43,301,303,54,55,57,188,66,216,218,91,227,230,231,233,236,237,238,253,126
2,3,5,135,8,10,138,140,11,12,16,275,292,43,303,311,59,64,73,329,74,207,81,91,227,230,231,232,233,237,239,246,251
0,2,4,265,16,149,22,27,284,29,28,289,38,39,42,43,50,52,55,56,63,64,66,67,204,205,209,218,100,230,231,233,238,239
0,130,3,5,8,9,12,13,19,24,28,30,33,43,54,187,316,317,59,320,64,204,82,222,224,227,230,231,232,233,234,238,110
0,130,2,5,6,7,135,16,145,23,26,27,28,37,43,54,55,56,58,59,188,317,191,64,66,198,216,218,98,230,231,233,238,244,127
128,256,1,261,5,8,15,16,17,22,24,26,28,30,42,43,54,314,63,320,324,210,213,218,222,224,225,227,228,230,231,233,106,234,238,240
128,3,261,5,8,12,16,19,22,23,33,34,42,43,59,318,63,320,64,322,323,324,200,210,213,215,218,222,223,225,229,230,231,232,233,110,238
257,258,3,260,5,12,142,16,17,22,28,288,34,42,43,309,312,317,318,63,322,200,330,213,89,218,221,222,225,229,230,231,232,233,238,248
5,135,10,138,140,11,16,275,32,33,34,40,43,303,51,54,311,64,66,73,329,74,81,218,222,224,228,230,231,233,234,237,238,239,246,251,254
1,259,5,13,19,23,155,32,37,44,51,54,61,193,66,323,195,321,196,203,206,209,212,91,222,223,224,230,232,234,235,236,237,114,115,122
130,5,261,7,133,8,9,10,276,23,26,27,30,170,43,45,54,317,62,191,66,324,198,203,218,219,224,227,230,231,233,234,238
0,2,3,5,134,135,8,12,23,282,30,33,42,171,43,306,54,59,317,191,320,64,324,198,203,218,222,227,230,231,232,233,238,240,121
5,13,275,20,30,32,37,43,44,49,51,54,312,314,316,317,191,320,66,198,327,199,200,213,215,222,224,226,228,230,231,234,237,121
3,4,263,9,10,12,269,276,24,25,34,42,43,47,48,55,313,314,58,316,320,324,69,200,210,223,225,229,232,233,106,238,239
1,5,143,16,15,19,20,22,26,28,30,288,33,34,42,43,310,54,185,63,320,322,210,215,218,222,224,225,229,230,231,233,238,125
0,3,5,6,12,13,19,32,289,34,37,39,43,44,50,51,308,54,55,314,60,317,66,323,79,219,222,223,224,230,231,232,233,234,236,237,122
2,5,6,7,135,9,145,23,26,31,37,38,39,42,46,48,50,53,56,57,60,61,63,193,321,67,324,203,206,83,212,219,221,223,236,240
5,6,12,15,17,19,21,23,32,34,40,43,44,51,54,187,317,322,323,66,200,329,221,222,224,225,229,230,231,233,234,236,238
6,7,10,138,140,16,275,26,31,163,292,38,46,48,50,53,311,56,57,60,61,67,327,329,81,216,219,221,231,236,237,239,240,246,251
2,5,135,10,138,266,16,145,275,26,40,43,54,58,59,66,198,327,200,329,213,218,222,226,230,231,233,234,237,238,239,246,121,251
0,130,2,3,5,6,7,8,12,145,284,29,30,294,39,43,306,54,55,56,313,59,191,320,64,198,203,213,218,227,230,231,232,233,124,126
3,4,10,138,12,14,16,275,22,24,26,34,40,42,43,47,55,58,63,200,329,202,81,223,231,232,233,237,239,251
5,6,13,19,23,155,32,37,44,51,54,187,61,321,66,195,323,196,193,201,203,206,209,212,217,90,222,224,230,232,234,237,114,115,122
5,6,18,19,32,33,162,166,44,174,49,51,52,181,182,55,56,57,54,59,319,64,65,66,67,68,204,205,208,217,218,92,222,224,230,234,107
261,5,11,12,19,281,26,34,39,43,54,314,58,316,188,317,320,322,324,198,200,329,213,90,219,218,222,223,225,98,230,231,233,238,118,127
3,5,12,13,14,271,20,23,30,32,34,37,43,44,51,54,317,320,322,323,324,66,200,213,222,223,224,225,228,229,230,231,232,234,237,238,239
3,5,12,14,17,23,32,33,34,293,39,44,51,54,55,59,190,62,320,64,66,200,222,223,224,225,229,230,232,233,234,236,237,238,241,252
5,138,10,140,13,16,275,30,32,37,43,44,45,303,51,52,54,311,62,66,199,200,329,73,81,213,222,224,228,230,231,234,237,239,246,251
128,0,2,3,261,5,135,145,19,20,278,157,39,43,175,51,54,59,321,193,196,203,210,83,212,218,223,225,227,229,230,231,233,238,111,240,112,117
128,261,5,13,145,19,285,30,32,37,43,44,45,51,54,317,62,63,64,321,193,66,198,203,83,212,85,92,222,223,224,228,230,234,235,108,237,240,114,115
5,134,135,138,10,140,266,16,275,35,292,43,303,54,311,58,59,329,73,74,81,213,218,226,230,231,233,237,238,239,246,251,126
1,2,5,261,8,15,16,17,19,22,26,28,39,42,43,54,317,63,193,324,203,83,218,219,92,223,225,227,230,231,233,238,240
2,3,5,266,13,14,23,30,32,35,37,167,42,44,45,51,52,54,317,62,64,66,199,200,201,71,213,88,222,224,225,228,230,231,105,234,121
0,1,4,8,11,12,269,14,16,19,22,23,25,26,27,29,32,34,41,42,43,47,55,58,187,188,65,323,326,71,208,214,218,221,233,238
261,264,269,276,278,283,69,73,75,81,83,84,85,87,89,92,93,95,248,97,98,105,107,109,111,112,114,117,120,249,252,253
256,261,264,269,273,276,279,280,283,289,41,314,316,320,192,324,69,76,79,81,85,87,89,94,249,106,109,241,243,117,121,252,253,254
256,257,258,260,261,262,267,271,278,312,318,322,68,69,70,71,86,89,93,225,121,229,106,243,116,245,117,248,249,122
261,262,264,10,268,269,271,275,277,282,292,177,311,323,324,69,200,74,75,76,81,84,87,89,248,97,98,106,109,242,243,246,120,249,251
256,261,264,267,269,273,277,279,283,165,168,41,174,51,324,69,76,80,85,87,88,95,104,106,108,109,241,243,117,246,120,121,252,254
2,265,266,268,269,35,36,167,173,53,181,314,188,189,69,70,199,71,201,327,207,81,213,87,88,217,89,109,121
261,264,266,269,273,274,276,279,281,283,285,160,49,314,69,79,81,85,87,98,106,237,109,241,243,117,120,252,253,254
256,259,264,265,269,273,274,280,283,284,289,165,41,174,50,69,71,76,79,217,90,227,106,109,127,115,243,119,122,252,253,254,255
261,264,269,273,274,275,276,279,281,283,32,165,39,174,47,186,316,324,69,79,85,106,241,243,117,252,253,254
257,260,263,264,10,138,140,266,269,271,16,270,275,292,48,311,69,73,74,329,202,81,87,89,91,98,231,104,237,109,239,246,250,251
261,264,266,11,269,273,279,281,283,32,313,314,316,320,324,69,79,81,85,87,89,98,106,109,241,243,117,121,252,253,254
261,135,10,138,266,140,269,16,275,276,26,303,311,69,73,74,329,202,75,81,84,87,89,91,248,97,98,231,237,109,239,115,246,120,251
261,262,135,264,138,269,278,289,178,51,324,69,81,83,84,85,215,87,89,92,95,248,98,105,109,111,112,240,114,115,243,117,245,118,120,122,127
256,257,258,259,262,135,10,267,12,271,274,276,40,177,322,68,70,71,200,74,79,86,89,99,100,230,106,237,111,243,116,245,246,117,121,250,253
261,135,264,10,138,140,269,16,275,292,303,311,69,73,74,329,202,81,84,87,89,218,91,97,98,231,107,237,109,239,246,248,251
256,259,5,261,134,264,138,269,274,276,279,283,284,157,32,43,317,191,324,69,198,79,81,85,87,89,98,106,109,110,241,243,117,249,252,253,254
8,12,269,274,21,27,283,32,164,166,41,42,178,187,188,68,326,71,70,77,79,80,85,214,86,98,99,106,111,244,245,116,117,121,253,254
259,5,269,274,276,277,279,280,26,282,284,191,64,68,69,198,70,71,79,80,85,214,86,89,98,106,110,111,112,241,116,117,119,121,252
256,2,261,264,265,266,12,269,279,283,167,173,317,190,324,68,70,199,71,201,200,69,76,79,213,86,88,100,231,106,111,242,243,116,117,121,255
261,262,63,321,193,68,70,71,203,75,76,79,212,85,86,87,90,92,94,95,100,104,105,106,109,111,112,114,115,116,117,120,121,250
256,257,258,259,260,261,262,267,271,312,318,322,324,68,70,71,79,213,86,89,121,229,106,111,243,116,245,248,249,122,251
256,259,264,269,274,276,280,281,282,26,283,284,32,165,168,174,182,69,79,81,84,89,90,247,98,99,106,109,241,243,119,252,253,254
258,260,135,263,264,10,138,140,269,270,271,16,275,172,180,311,312,189,69,73,74,81,84,87,89,91,231,237,109,239,246,249,250,251
256,135,265,267,269,274,276,281,283,284,155,32,289,41,47,305,182,323,195,71,72,76,77,206,79,80,90,101,103,115,245,119,122,253,254
261,264,266,141,269,273,275,277,279,281,283,42,298,54,316,320,69,70,79,85,213,87,88,98,249,106,241,243,117,121,252,253,254
256,257,260,261,262,264,269,271,275,281,41,47,318,68,69,70,71,76,79,86,89,121,100,106,111,241,243,116,245,117,248,249,122,252
256,8,9,12,269,274,21,27,283,32,164,166,40,42,187,188,68,326,71,70,202,77,214,86,87,221,99,106,244,245,116,121,253
256,257,258,259,260,262,267,12,269,271,274,275,281,283,32,39,47,48,185,315,187,322,71,77,89,244,245,248,249,122
257,258,267,12,269,13,142,271,274,22,23,283,27,30,32,35,37,40,42,44,45,52,187,315,188,319,322,323,326,71,199,200,201,77,214,88,89,244,245
256,257,258,260,262,267,269,274,281,283,32,289,34,178,315,187,319,322,71,202,77,208,89,244,245,248,249,122
256,257,258,259,260,262,267,12,269,274,283,32,34,315,187,322,71,202,77,208,89,114,243,244,245,248,249,122
256,257,258,262,6,7,9,267,12,269,14,274,283,31,289,34,40,47,48,178,50,53,56,57,315,187,60,322,67,71,77,89,221,240,244,245,116
256,258,259,267,12,269,271,274,283,32,34,177,187,315,192,322,323,69,326,71,200,74,202,77,208,214,218,114,244,245
261,8,12,269,17,274,21,23,27,283,32,164,166,40,42,178,182,187,188,69,326,71,202,77,81,214,87,89,98,99,109,244,253
257,258,8,10,269,271,274,275,21,283,164,166,40,187,188,68,70,71,73,202,74,79,81,86,87,99,100,106,237,111,244,245,246,116,117,121,253
256,257,258,259,260,262,267,269,274,283,34,42,187,188,319,322,69,71,73,76,81,213,87,89,94,109,244,245,248,249,122
0,8,269,17,274,275,19,21,27,283,166,39,40,42,178,182,187,188,69,71,73,202,77,81,214,87,94,99,237,109,244,245,246,120,253,254
8,10,11,138,269,17,274,275,21,283,27,289,166,40,168,46,178,182,187,188,69,71,73,202,81,214,87,99,237,109,244,245,246,122,251,253,127
257,262,8,269,142,274,276,21,283,166,168,42,178,187,188,192,69,71,73,202,77,81,214,87,89,91,94,98,99,109,244,245,246,247,253,254
261,135,264,10,11,138,269,16,275,303,188,69,73,74,202,329,81,84,87,89,91,98,237,109,244,245,246,248,251,254
256,257,258,259,260,261,262,267,12,269,271,275,34,42,43,319,322,69,71,81,213,87,89,98,229,109,245,246,248,249,122
259,263,268,272,274,276,280,31,48,66,68,70,71,74,76,79,211,86,87,99,101,232,106,107,109,115,116,125,119,121,253
128,256,257,3,261,266,13,18,20,22,30,32,34,35,37,167,44,45,52,64,67,68,324,69,199,200,201,88,89,96,225,229,106,110,117,121,252
128,261,6,265,269,274,283,284,289,41,50,182,57,63,66,196,69,79,80,81,85,87,217,90,92,99,109,112,114,115,119,253,254
256,257,258,259,260,261,262,267,14,271,34,315,317,318,322,69,71,73,81,213,87,89,94,229,109,245,248,249,122
256,261,263,264,269,277,278,324,69,203,75,81,212,85,84,87,89,92,95,248,97,98,105,109,111,112,240,114,115,117,120,249
258,264,265,269,274,277,278,283,284,289,41,50,66,196,69,198,79,80,83,217,90,92,227,105,106,109,111,112,114,115,243,117,119,252,253,254
256,257,258,259,260,261,262,264,267,271,275,312,313,318,322,69,81,213,87,89,90,108,109,243,245,117,248,249,122
257,258,261,264,10,266,138,269,271,16,275,54,311,69,73,74,329,202,81,82,84,87,89,91,97,98,231,237,109,239,246,248,251
8,269,17,274,276,277,21,23,27,283,32,164,166,40,42,49,178,182,187,188,189,69,326,71,329,77,79,208,214,87,99,244,253
8,9,266,10,12,269,274,21,280,283,32,164,166,40,42,187,188,68,326,71,202,77,214,86,119,99,106,237,243,244,245,246,116,253
256,8,9,12,269,17,274,21,280,283,32,164,166,40,42,47,187,192,65,68,326,71,77,214,86,99,114,244,245,116,253
261,264,138,10,266,140,269,16,275,282,46,311,66,69,73,74,329,202,81,84,85,87,89,91,98,231,237,109,239,246,248,251
256,261,262,8,269,17,274,276,21,23,26,27,283,164,166,40,306,178,182,188,191,324,69,70,71,81,87,89,98,99,109,244,245,246,247,253
256,261,134,266,10,267,269,16,275,51,311,66,69,73,74,202,80,81,87,88,89,91,98,231,103,106,109,110,239,246,248,121,251,252
256,257,258,259,260,261,262,267,269,271,309,312,317,318,322,69,330,81,213,87,89,98,229,109,243,245,248,249,122
259,263,268,272,274,276,279,31,48,176,66,68,70,71,74,79,211,86,90,99,232,106,109,116,247,121,124,125,254
256,267,269,274,276,281,283,32,39,42,47,51,187,316,326,71,72,76,77,79,80,208,214,88,90,92,96,97,114,244,245,246,254
2,5,265,266,267,21,167,42,173,51,53,184,188,189,70,199,71,201,207,80,213,88,217,91,97,246,121
256,261,264,268,269,274,276,279,165,168,174,62,324,69,68,70,71,76,77,79,85,86,106,110,111,241,243,116,117,248,121,252
261,264,269,277,278,69,73,203,75,81,212,85,84,87,89,92,93,95,248,97,98,105,107,109,111,240,112,114,115,243,117,120,249
256,259,5,261,264,267,268,269,274,276,280,283,51,69,76,77,79,80,84,85,87,88,99,103,106,111,243,244,246,247,249,252,253,254
261,9,12,269,13,274,19,283,32,47,187,195,68,326,71,70,202,77,85,214,86,90,92,106,112,114,115,244,116,245,121
0,1,262,10,138,140,141,269,271,16,275,19,281,27,311,69,73,74,329,202,81,84,87,89,91,93,94,98,231,237,109,239,246,251
256,257,258,259,260,261,262,267,275,51,312,316,318,322,66,71,200,80,209,212,85,88,89,225,243,245,117,246,248,249,122,252
256,257,258,260,261,262,267,269,271,275,277,310,312,318,322,324,69,81,84,213,87,89,98,109,243,245,248,249,122,251
256,257,259,261,262,263,264,266,269,271,273,275,276,279,283,32,320,69,79,81,85,87,89,98,104,106,109,241,243,117,251,252,253,254
256,257,261,135,9,267,12,269,17,274,153,283,284,32,34,296,42,177,187,68,326,71,77,79,208,86,225,229,106,244,245,116,252,253,254,255
256,135,10,138,11,269,267,271,16,274,275,283,32,301,51,187,71,73,74,202,77,80,81,84,88,91,237,244,245,246,251,126
266,269,273,274,276,279,280,281,283,284,301,188,189,192,68,69,70,71,329,79,86,100,106,107,111,112,241,116,117,119,121,252,253,254
261,264,269,273,275,276,279,36,314,316,320,68,69,70,71,74,76,79,85,86,87,100,106,111,112,241,243,116,117,121,122,252,253,254
259,263,268,272,276,280,284,31,297,48,178,66,69,74,76,79,81,211,87,88,90,99,103,232,107,109,124,125
256,257,258,260,261,262,135,8,267,12,269,17,274,21,283,156,34,164,36,166,169,304,178,181,182,187,318,322,69,71,208,87,89,99,244,245,248,250,253
0,1,261,262,264,269,141,271,273,19,276,279,281,283,27,157,318,324,69,85,87,120,94,104,106,241,243,117,245,246,248,122,252,254
261,262,135,264,10,138,269,271,16,275,292,311,69,73,74,329,202,75,207,81,84,87,89,91,97,98,231,237,109,239,246,248,251
259,263,264,265,267,269,142,274,276,281,283,284,32,165,168,174,319,69,326,79,81,119,89,90,98,99,106,109,241,243,247,252,253,254
256,257,258,259,260,131,262,4,267,269,283,34,297,310,315,319,322,324,71,79,213,89,225,230,104,245,248,249,122
256,257,258,259,262,8,267,12,269,274,283,32,51,315,187,60,326,71,77,80,214,88,89,99,114,244,245,246,248,249,122,253
135,10,138,16,274,275,276,40,303,319,68,70,71,73,74,202,79,81,84,86,91,99,100,106,237,111,116,117,246,121,251,253,126,255
128,261,277,21,44,54,188,61,189,63,194,68,325,70,71,329,79,85,86,87,92,93,97,228,100,105,234,106,109,110,111,244,117,116,120,121
2,261,265,266,35,36,167,173,303,53,189,324,68,70,199,71,201,207,79,86,88,217,95,231,106,110,116,121,251
256,257,258,259,130,261,262,264,269,270,274,276,280,282,283,191,324,69,198,77,79,85,87,89,98,106,241,243,116,117,252,253,254
259,263,135,10,138,268,269,272,275,276,31,48,66,69,73,74,79,81,211,84,87,89,91,99,102,232,109,237,115,246,124,125
257,260,261,262,263,264,10,269,270,271,16,18,275,276,311,69,73,74,202,79,80,81,84,87,89,91,98,237,109,239,246,250,251
257,261,264,269,273,277,279,154,313,316,320,324,69,68,70,71,76,79,85,86,87,95,100,249,105,106,111,241,243,116,117,120,121,122,252,254
128,261,262,267,269,142,273,19,278,279,168,51,69,80,81,85,87,88,89,91,92,225,98,103,104,109,114,115,117,246,248,252,253,254
135,10,266,140,138,269,16,275,292,303,311,318,320,66,69,73,74,202,77,81,84,85,87,89,91,94,98,231,237,109,239,116,246,251
0,257,3,261,262,263,137,267,268,269,142,271,273,20,279,281,157,39,175,178,69,328,204,89,225,227,106,124,241,242,114,117,118,252,253,254
259,264,265,267,269,274,281,283,32,42,305,307,186,187,69,326,71,330,202,77,79,208,214,241,114,244,245,252,253,254
256,259,262,135,267,269,274,147,23,280,281,283,155,294,297,176,309,182,184,195,196,323,71,77,206,79,90,99,106,112,241,114,115,244,122,252,253,254
261,264,266,269,275,277,279,283,32,320,69,73,81,85,87,89,94,96,98,249,106,109,241,243,116,117,120,121,251,252,253,254
259,263,264,135,268,269,273,274,278,280,281,283,196,69,79,87,92,97,98,99,106,241,114,243,117,118,119,123,252,253,254
257,261,135,10,138,140,269,16,275,281,292,39,47,48,311,185,69,73,74,329,202,81,84,87,89,91,98,231,237,109,239,246,120,251
257,261,262,264,10,138,140,269,271,16,275,46,311,69,73,329,74,202,81,84,87,89,91,97,98,231,237,109,239,246,248,251
2,264,265,266,267,269,283,284,289,41,173,302,50,51,66,69,70,71,199,201,79,80,88,217,90,227,106,243,246,119,248,121,253
261,264,269,277,278,69,73,203,75,81,83,84,85,87,89,92,93,95,248,97,98,104,105,107,109,111,112,114,115,243,117,120,249
8,12,269,17,274,21,283,27,32,164,166,42,47,178,187,192,326,71,202,77,208,214,87,99,114,244,245,253,254
261,264,266,269,275,279,283,32,167,53,324,69,71,199,200,327,201,79,81,212,213,87,88,89,95,98,231,106,107,109,241,242,243,121,251,252,253,254,255
256,257,258,259,260,261,262,263,264,267,270,271,275,312,318,322,69,81,213,87,89,229,250,109,243,245,248,249,122,251
128,261,133,269,277,278,279,284,162,170,301,69,75,81,85,87,89,218,92,94,95,248,98,104,109,112,114,115,117,120,250,255
128,261,264,267,269,19,278,284,285,51,321,196,69,203,75,81,83,212,85,84,87,89,92,120,97,98,105,109,111,240,112,114,115,117,248,249,255
261,264,269,273,275,279,26,283,30,32,54,312,320,69,76,79,81,83,85,87,89,96,98,249,106,107,109,241,243,117,121,252,253,254
256,259,264,265,269,274,276,280,281,283,284,289,41,302,50,66,69,72,76,79,217,90,89,227,103,106,241,243,119,252,253,254
256,257,258,259,260,261,262,267,269,271,34,318,322,324,69,71,81,213,87,89,98,229,230,109,243,245,248,249,122
256,257,258,260,261,262,267,271,18,34,318,322,67,324,68,70,71,200,79,84,86,87,89,96,121,100,229,230,106,111,243,116,245,117,248,249
257,258,259,260,261,262,267,271,16,34,43,312,58,315,318,322,200,72,73,213,87,89,229,230,243,245,248,249,122,253
256,257,258,260,261,262,267,269,271,275,150,312,318,322,69,75,76,81,213,87,89,229,109,243,245,117,248,249,122
256,257,258,259,260,261,262,267,13,271,22,30,32,34,35,37,44,45,52,312,318,322,71,199,200,201,88,89,93,229,243,245,119,248,122
135,10,138,16,275,276,147,23,155,156,294,297,303,176,309,182,184,195,196,68,73,74,206,81,84,86,216,91,102,237,115,244,116,246,122,251,126
261,135,264,10,138,140,11,269,16,275,303,311,69,73,74,329,202,81,84,87,89,91,97,98,231,107,237,109,246,248,251
128,261,134,267,269,18,277,21,167,168,51,67,68,69,200,78,80,209,81,212,85,87,88,89,95,96,103,104,106,109,110,113,117,246,121,252
256,257,258,259,260,261,262,267,271,287,34,295,312,318,322,69,81,213,87,89,229,230,109,115,245,248,249,122
256,257,258,259,260,261,262,264,267,269,278,287,34,295,322,324,69,75,81,84,85,87,89,92,97,98,229,230,235,109,114,245,117,248
256,259,8,267,12,269,17,274,21,23,27,283,287,34,166,295,42,178,182,315,188,319,322,69,326,71,70,81,87,89,99,230,109,244,245,253,254
256,257,258,259,260,261,262,267,271,287,34,295,41,312,315,318,319,322,69,81,213,87,89,91,229,230,245,248,249,122
257,258,259,261,135,10,138,267,269,271,16,275,287,295,303,69,73,74,329,202,81,209,87,89,91,98,230,237,109,245,246,248,251
256,257,258,259,260,261,262,264,267,269,271,283,287,295,318,322,66,69,71,200,79,81,87,89,229,230,106,107,109,241,243,245,248,252,253,254
256,257,258,259,260,261,262,264,267,271,287,34,295,312,318,322,213,89,96,229,230,109,241,243,245,248,249,122,252
256,257,258,259,260,261,262,267,271,279,169,49,311,312,188,189,318,322,324,68,69,71,70,329,79,86,89,121,229,230,106,111,243,116,245,117,248,249
256,257,258,259,260,261,262,267,269,271,275,281,287,34,39,47,48,185,318,322,68,70,71,86,89,225,121,229,230,105,106,116,245,248,249,122
256,259,263,264,267,11,269,271,274,280,281,283,284,69,326,79,81,84,119,87,89,90,99,106,109,241,243,245,247,252,253,254
256,0,1,261,262,266,141,269,271,273,19,279,281,27,167,41,324,69,68,71,79,86,88,94,229,231,106,234,110,239,116,117,248,121,122,251
262,263,264,267,269,273,274,276,279,281,283,51,66,69,71,80,81,87,88,89,91,225,229,106,109,241,243,245,246,247,252,253,254
259,263,267,268,272,274,276,280,31,48,51,66,74,79,80,211,119,87,88,90,99,103,232,109,115,246,247,124,125
261,264,269,273,274,275,276,279,281,283,289,39,41,314,188,189,68,69,70,71,329,79,86,223,106,111,241,116,117,247,121,252,253,254
135,10,138,140,11,16,275,277,292,168,303,311,313,68,70,71,73,74,329,79,81,86,87,91,100,231,106,237,239,111,116,117,246,121,251
256,263,9,267,12,269,271,274,276,281,283,156,32,42,187,65,68,326,71,76,77,79,208,214,86,106,114,244,245,116,253,254
261,264,269,146,19,278,166,178,51,311,318,320,321,195,69,203,206,81,212,85,84,87,89,90,92,95,248,98,109,111,240,114,115,117,120
256,257,258,129,260,261,262,267,269,271,275,312,318,325,69,81,213,87,89,93,98,106,107,109,243,117,245,248,249,122
256,257,258,259,262,8,267,269,271,274,276,21,283,164,166,40,178,315,319,68,70,71,79,86,87,89,99,100,106,111,244,245,116,247,117,121,253,254
256,260,262,264,269,273,279,280,281,283,32,165,46,69,79,81,85,87,89,96,225,98,106,109,241,243,117,249,252,253,254
5,264,138,11,269,271,275,276,279,282,283,165,168,43,174,317,191,320,324,69,198,68,70,71,78,79,84,85,86,121,106,110,111,243,116,117,249
257,261,262,264,269,271,273,275,278,288,69,74,75,81,84,85,87,89,92,120,97,98,104,106,109,114,115,243,117,246,248,249,252
8,265,10,11,269,17,274,275,21,23,283,27,32,164,166,40,178,182,187,188,71,73,202,77,214,99,237,244,245,246,253
256,258,259,261,263,264,11,268,269,274,281,283,182,69,326,79,80,81,87,90,99,106,109,112,241,114,115,244,242,243,252,253,254
256,257,259,261,262,267,269,271,143,277,317,324,68,69,70,71,203,76,79,83,85,86,87,89,92,93,100,105,106,109,111,243,116,117,248,121
256,133,261,264,269,274,276,279,280,281,26,283,284,165,170,174,68,69,70,71,79,80,86,218,247,92,106,111,112,243,116,117,119,121,252,254
256,9,269,274,276,283,32,42,187,68,69,326,71,76,77,79,80,208,214,86,106,110,241,114,244,245,116,122,253,254
261,269,19,278,162,166,174,51,184,321,68,69,81,83,212,85,87,89,91,92,223,95,103,105,107,109,111,112,114,115,117,248,125
1,261,264,269,274,276,283,63,69,79,80,81,84,85,87,88,89,92,97,98,105,109,111,112,114,115,243,117,116,248,249,253
256,8,269,17,274,276,21,23,154,27,283,164,166,305,178,182,188,69,326,71,77,79,80,81,214,87,89,98,99,109,244,245,247,253,254
257,3,260,262,263,264,267,141,269,273,279,280,281,283,165,168,300,174,48,51,179,69,80,88,89,225,229,106,241,243,117,118,246,248,252,253,254
259,261,135,264,10,138,140,266,269,16,275,292,303,311,69,73,74,329,202,81,84,87,89,91,97,98,231,107,237,109,239,246,248,251
261,135,264,10,138,266,140,11,269,16,275,284,292,303,311,69,73,74,329,202,81,84,87,89,91,97,98,231,237,109,246,248,251,255
256,261,264,269,143,277,278,61,194,325,69,203,75,81,212,85,84,87,89,92,93,95,248,97,98,228,109,114,115,243,117,120,249
261,264,268,269,277,54,313,314,60,316,61,320,194,324,69,327,73,203,75,81,212,85,84,87,89,91,92,223,248,97,98,109,243,117,120,249
259,261,135,10,138,140,269,270,271,16,275,282,292,311,69,73,74,329,202,81,84,87,89,91,98,231,108,237,109,239,114,117,246,251
260,261,263,264,269,270,15,18,277,67,68,69,70,71,75,79,85,86,94,95,96,121,106,111,243,116,117,120,249,250,251
261,135,264,10,138,140,269,271,16,275,292,311,69,200,73,74,329,202,78,81,84,87,89,91,98,231,237,109,239,246,248,249,251
256,261,262,266,269,271,275,279,281,165,167,39,47,48,318,320,324,69,68,327,71,199,200,70,79,86,88,231,234,106,239,243,116,121,251,254
256,257,258,261,262,267,269,273,274,275,279,281,39,47,48,185,68,69,70,71,86,89,225,121,106,241,116,245,117,119,248,249,122,252,253,254
261,262,264,269,271,273,274,276,279,283,32,316,191,69,79,81,85,87,119,89,98,104,106,109,241,243,245,118,117,252,253,254
261,264,269,278,51,321,69,203,75,81,83,212,85,84,87,89,91,92,93,95,248,97,98,231,105,109,111,112,114,115,243,117,120,249
261,270,18,276,277,278,280,282,67,324,69,68,70,200,71,76,78,79,82,86,87,95,96,100,105,106,111,243,116,117,120,121,251,252
3,261,264,269,15,273,17,21,279,283,30,314,320,69,198,200,79,81,87,88,225,229,233,106,238,241,243,117,118,252,253,254
256,257,258,260,261,262,263,264,266,269,271,278,279,283,53,313,324,69,68,71,327,200,70,79,86,88,89,229,106,107,111,243,116,117,248,121
8,9,269,274,279,283,32,42,301,47,187,188,68,69,326,71,77,79,80,208,214,86,95,106,244,245,116,253,254
261,264,269,270,273,275,276,279,162,290,166,45,174,184,314,59,316,320,65,321,68,69,325,327,85,98,103,106,107,114,243,117,249,252,125
261,264,269,274,278,163,69,73,203,75,81,84,85,87,89,90,92,93,223,95,97,248,98,105,109,111,114,115,243,117,120,249
257,261,262,264,269,270,271,18,277,279,290,56,67,69,75,81,84,85,87,89,95,96,97,98,248,249,104,106,109,243,116,117,246,120,121,251,255
261,264,266,269,277,278,283,160,298,49,54,191,324,69,68,81,83,85,213,87,88,92,93,95,109,237,111,114,243,116,117,120
256,257,258,259,260,261,262,5,7,267,271,312,188,322,68,69,70,71,76,79,85,86,89,95,98,100,105,106,111,243,116,245,117,248,121,127
128,2,260,261,263,264,265,266,270,280,35,36,167,173,53,189,70,199,71,201,207,88,217,231,110,119,121,250,251
256,259,261,8,264,266,268,269,270,273,276,280,282,283,59,69,78,79,81,85,87,106,108,109,110,241,243,117,252,253,254
261,264,10,266,269,271,16,275,276,26,46,311,66,69,73,74,329,202,81,84,87,89,91,97,98,231,237,109,243,246,247,248,251
261,135,138,10,140,268,269,16,275,276,26,311,68,69,71,73,74,329,203,81,84,86,87,88,91,231,237,109,239,116,246,248,251
259,265,19,276,280,284,290,162,166,170,174,184,59,318,65,195,68,69,72,74,79,81,211,90,218,247,94,100,103,233,107,109,112,114,115,119,125
135,10,138,140,11,268,271,16,269,275,280,311,187,69,328,73,74,329,202,205,81,210,209,84,87,215,91,231,237,109,239,242,246,119,251
262,8,12,269,274,275,276,21,27,283,164,166,40,42,187,188,319,68,326,71,70,202,79,214,86,87,99,100,106,237,111,244,245,246,116,117,121,253
256,259,261,267,269,144,146,276,279,280,283,29,180,188,324,68,69,70,71,79,85,86,92,95,105,106,109,110,111,112,114,244,116,117,247,121
259,263,265,268,272,274,284,31,289,41,302,48,50,66,74,79,211,217,90,99,102,109,115,119,253,124,125
256,261,262,264,11,269,271,273,275,277,279,283,32,324,69,79,81,85,87,89,95,98,104,106,109,241,243,117,121,251,252,253,254
262,264,9,269,273,274,275,276,279,281,165,39,47,182,316,68,69,71,75,79,86,90,98,99,106,241,243,116,117,247,252,253,254
261,262,264,269,271,275,276,277,281,283,32,316,317,320,324,69,79,81,84,213,85,87,89,106,109,112,241,243,252,117,246,254,121,251,124,253,126
128,261,263,264,266,269,277,278,51,54,69,203,75,81,83,212,85,84,215,87,89,92,95,248,97,98,106,109,111,240,114,115,243,117,120,249
135,10,266,138,275,276,290,46,303,311,68,70,71,73,74,79,81,84,86,216,91,102,231,106,237,111,116,117,246,121,251
256,259,135,265,267,269,274,147,276,280,283,284,155,289,41,297,176,309,182,184,195,196,69,326,72,206,79,80,90,91,99,112,115,119,248,122,253,254
256,259,7,265,268,269,270,275,276,277,280,282,68,70,71,73,74,79,80,84,86,119,219,91,92,100,106,237,109,111,242,116,117,246,247,121
259,263,265,268,272,274,276,280,31,48,313,66,68,70,71,74,79,211,86,90,95,99,106,109,111,242,116,121,124
256,261,267,269,274,283,32,187,62,192,69,326,71,202,77,79,208,81,83,85,214,90,92,105,109,112,114,115,244,245
256,257,258,261,262,8,12,269,142,271,17,274,21,23,283,166,40,168,178,69,71,81,84,87,89,97,98,99,109,110,244,245,246,248,124,253,126
128,257,258,261,264,269,19,278,51,313,321,69,203,75,81,83,212,85,84,87,89,92,93,95,97,98,109,111,112,240,114,115,117,248,252
261,264,10,269,270,277,279,28,165,174,188,324,69,68,70,71,75,79,85,86,87,93,94,95,97,228,104,106,109,111,114,115,116,117,243,120,121
256,261,266,141,275,19,318,62,324,68,70,71,200,77,79,85,213,86,88,87,94,98,100,106,110,111,113,116,117,246,248,121,122,251
257,130,261,262,263,5,267,269,142,271,273,274,280,283,305,188,69,71,328,79,81,212,87,89,95,98,109,241,245,117,248,123,252,253,254,127
8,269,142,17,274,275,20,21,23,279,281,27,283,157,32,36,164,166,178,187,188,326,71,77,214,225,99,112,114,244,245,118,119,253,254
256,0,263,267,142,273,274,20,279,281,283,157,39,175,304,307,308,309,51,69,330,79,80,88,89,225,106,110,241,244,118,246,123,252,253,254
257,135,10,138,140,270,271,16,275,282,303,311,68,70,71,73,74,329,75,79,81,86,87,89,91,100,106,237,239,111,116,117,246,121,251
261,264,10,138,140,266,269,16,275,292,303,311,69,73,74,329,202,81,84,87,89,91,220,97,98,231,237,109,239,244,246,248,251
259,263,264,265,267,269,274,146,276,21,280,281,283,284,32,289,41,50,69,72,79,81,217,90,91,99,227,109,243,119,252,253,254
256,257,258,261,262,8,267,12,269,17,274,21,23,27,283,164,166,178,182,315,187,322,69,326,71,77,81,214,87,89,98,99,109,244,245,248,253
128,258,259,261,264,269,277,278,285,51,180,54,69,203,75,81,83,84,85,215,87,89,92,93,95,248,97,98,105,108,109,111,240,112,115,243,117,120
256,265,144,18,274,276,146,178,180,190,67,68,70,71,79,80,86,87,90,92,96,227,100,105,106,109,111,112,114,115,116,117,121,253
261,264,269,273,19,276,279,280,283,309,316,60,320,69,330,79,80,81,85,87,89,98,106,109,241,243,117,249,252,253,254
257,258,8,10,267,269,274,275,21,283,164,166,40,42,178,187,188,68,70,71,73,202,79,86,87,99,100,106,237,111,244,245,246,116,117,121,251,253
261,264,266,269,271,272,275,277,283,165,168,174,311,324,69,74,203,79,81,87,88,120,231,104,106,241,243,116,117,248,121,251,252,253,254,255
256,257,261,266,267,269,274,283,32,40,42,187,188,323,69,326,71,199,330,202,77,208,214,88,89,236,241,244,245,252
256,133,5,264,265,268,269,274,276,280,153,26,282,284,283,32,182,69,70,76,79,81,84,87,89,218,91,98,106,109,241,243,119,252,253,254
256,261,262,264,268,269,273,277,279,283,32,289,178,316,320,324,69,79,81,85,87,89,106,109,241,242,243,117,249,252,253,254
259,263,264,268,269,273,274,281,283,32,177,313,66,69,79,81,87,89,223,99,106,109,241,242,114,243,117,123,252,253,254
0,1,259,264,265,137,269,141,19,276,280,281,283,284,27,289,41,170,69,72,75,79,218,247,94,99,100,101,103,233,106,107,109,243,119,252,253,254
261,262,271,277,278,280,177,63,323,324,68,70,71,200,76,79,83,85,86,87,120,223,95,100,105,106,109,111,112,116,117,248,121,251
261,269,277,278,283,168,298,191,324,69,80,81,212,85,84,87,213,88,89,92,223,95,97,98,248,105,109,111,112,114,243,117,120
261,262,264,267,268,269,271,273,279,283,32,51,318,320,324,69,80,81,85,88,89,106,109,110,241,243,117,118,246,248,121,252,253,254
141,144,145,146,147,155,156,157,158,160,164,293,36,167,169,170,171,300,301,302,175,304,305,178,307,308,180,309,177,179,181,330,208,173
2,135,142,143,144,145,146,147,148,18,155,284,157,158,160,161,294,295,296,167,170,299,172,173,302,175,176,179,180,181,184,330,108
143,145,146,147,148,149,154,158,159,162,167,296,171,172,174,175,304,305,179,180,309,308,182,185,321,193,330,203,209,212,95,114,115
141,142,144,145,146,147,148,153,154,158,160,292,165,294,293,167,296,170,171,172,299,301,174,175,305,306,178,303,177,179,311,307,308,310,184
142,143,144,145,147,148,149,153,154,155,156,158,160,161,294,167,296,169,298,299,170,171,302,172,174,175,306,178,180,177,179,183,330
141,142,144,272,146,147,148,149,150,152,153,155,158,160,294,296,170,299,300,301,174,175,305,178,306,180,177,307,183,308,74
135,10,138,140,141,142,16,275,148,156,158,292,167,295,170,299,172,300,174,303,175,306,179,307,308,310,311,184,73,329,74,330,81,91,237,239,246,251
10,142,271,144,145,16,147,148,149,155,156,158,161,292,295,169,297,171,170,299,172,303,175,177,306,178,174,307,180,55,311,309,310,184,330
11,143,145,147,148,149,150,151,22,152,159,32,160,162,163,164,165,295,296,297,169,299,168,42,302,303,304,175,178,307,308,309,180,47,182,330
10,138,271,16,145,144,275,155,156,157,158,160,161,292,164,297,169,170,173,302,303,175,306,179,180,181,311,65,329,73,330,81,231,237,239,246,251
141,13,142,145,147,148,158,292,293,167,296,169,295,171,300,172,170,175,299,177,305,307,308,309,174,311,184,179,310,200,330,220,303
261,265,269,142,144,145,273,147,148,149,153,158,31,160,294,296,169,297,299,302,175,303,178,180,309,68,71,81,86,87,88,89,98,106,109,116,118,119,253
0,2,142,143,144,145,146,149,281,155,156,157,158,160,161,164,167,296,169,297,42,39,173,302,168,175,306,178,180,181,307,308,179,190,198,118
144,145,146,147,148,149,154,155,156,29,158,160,161,294,295,296,169,297,299,298,167,302,175,172,176,178,179,180,309,182,184,88
137,141,142,145,146,148,153,155,157,158,160,292,295,296,169,167,171,172,299,302,303,170,305,178,306,308,307,177,311,175,179,310,184,300,174
141,142,144,145,146,155,156,157,158,160,161,164,165,167,296,169,168,170,300,172,302,303,304,305,178,307,179,175,180,311,56,330
142,143,144,145,146,147,148,149,153,154,155,157,158,160,161,293,294,295,296,169,298,299,167,297,302,175,171,172,301,174,179,108
4,142,143,144,145,146,147,148,149,155,156,158,160,161,295,296,297,298,299,169,170,172,174,175,306,178,180,309,54,310,311,330,92
142,143,144,145,146,147,148,150,151,152,153,155,158,159,160,161,162,163,165,294,295,296,169,298,299,168,173,302,175,170,174,178,180,182,185,72,73
265,141,142,143,144,145,146,147,148,149,150,152,153,154,155,29,158,160,161,294,167,296,169,297,299,300,172,302,175,177,178,306,179,305
142,144,145,147,148,149,153,155,157,158,160,292,294,295,296,168,298,171,299,170,172,175,174,303,178,306,180,309,310,181,184,330,203,232,112
141,142,144,145,147,148,158,292,293,295,167,170,299,300,172,302,303,171,305,177,307,308,309,175,174,310,179,184,330,213
128,141,142,148,154,158,292,167,296,295,170,171,300,299,172,174,304,305,175,307,308,309,179,303,184,310,61,321,330,87,228,232,109,120
142,145,150,151,152,156,30,159,32,35,292,165,37,295,296,297,169,167,300,173,168,303,304,177,305,307,308,309,178,311,175,179,52,182,330,44,174
3,12,143,144,145,146,147,273,149,150,151,152,158,159,160,161,162,34,165,296,168,170,171,299,43,302,175,305,306,179,180,178,182,185,111,112
142,143,144,145,146,147,148,149,153,154,155,158,159,160,294,167,296,169,298,299,171,173,302,175,172,174,178,305,180,177,179,182,183,310,184
141,142,145,146,148,149,154,157,158,292,293,167,295,169,170,171,172,173,302,303,304,305,306,179,180,177,174,311,175,307,308,310,184,330,299
143,144,145,146,147,155,156,157,158,160,161,164,167,295,297,169,296,170,173,302,303,304,175,178,179,180,309,181,65,71,330,88
2,141,143,144,145,146,147,148,149,155,29,158,159,160,294,296,297,298,299,170,174,175,304,305,306,178,180,307,308,179,184
266,141,145,19,148,149,150,151,152,154,156,159,292,164,165,167,168,297,171,172,303,304,305,306,178,180,307,179,311,308,182,186,316,330,47,175
2,144,145,146,147,148,149,153,155,156,157,158,160,294,295,296,169,297,299,38,298,302,175,170,173,178,307,180,308,181,179,61,93,94,109
141,142,147,148,153,154,158,292,167,296,169,295,171,172,300,174,175,304,305,177,306,308,179,307,178,309,310,184,330,170,299,303
142,143,144,145,146,147,148,149,155,157,158,292,295,296,297,170,171,299,300,302,172,304,305,178,306,180,309,308,174,175,307,310,184,330,88
135,10,138,140,16,275,147,148,149,153,26,154,156,158,292,294,167,171,172,174,303,175,177,306,307,308,179,310,311,184,73,329,74,81,237,239,246,251
129,143,144,145,146,147,148,149,153,155,157,158,160,294,295,296,297,169,299,170,173,302,175,305,178,49,180,309,179,181,311,65,330,112
141,142,143,144,145,146,147,148,153,155,157,158,160,161,164,294,295,296,169,298,299,167,173,302,175,41,170,300,172,179,180,181,330,108
141,144,148,149,154,155,157,158,160,161,162,164,166,167,170,171,172,173,175,304,305,179,180,181,54,185,193,321,330,203,210,212,215,228,240,120
145,146,147,148,149,150,151,153,156,158,162,165,296,169,168,171,299,170,302,175,178,50,180,185,61,193,321,203,209,212,95,109,114,115,249
261,269,143,144,145,146,147,148,149,153,281,155,158,31,160,294,295,296,297,298,299,302,304,178,180,68,70,71,86,87,106,110,112,116,121
257,141,143,144,145,148,149,153,154,155,158,166,295,167,297,170,171,172,301,174,175,305,177,306,178,309,310,311,312,179,184,318,322,324,248
4,142,143,144,145,146,147,148,150,151,152,153,155,29,159,160,165,294,295,296,169,298,299,297,167,302,175,168,172,178,179,182,62,211,99
143,144,145,274,148,149,153,154,155,158,32,161,164,166,167,296,297,169,299,298,171,302,172,304,174,178,307,180,175,177,179,310,184,330
142,143,144,145,146,147,148,149,155,29,158,159,160,161,295,296,297,298,299,169,170,302,172,301,174,175,307,180,309,178,310,184,330,88
141,142,148,150,154,158,292,295,296,167,170,171,172,299,174,300,175,177,305,307,308,309,310,311,306,179,178,184,330,303
128,130,131,132,133,134,135,136,138,10,140,139,16,275,26,285,286,288,290,291,292,311,329,81,216,231,123,237,239,246,251,124,125,126
128,129,130,131,132,133,134,135,136,137,138,139,140,19,285,286,287,288,289,290,291,39,55,57,66,233,122,123,124,125,126,127
128,129,130,131,132,133,134,135,136,139,140,19,278,285,286,288,162,290,291,321,193,195,203,83,212,85,90,223,111,240,114,117,123,124,125,126,127
128,130,131,132,133,134,135,136,137,138,10,140,139,16,275,286,287,288,290,291,303,311,329,73,81,216,231,123,237,246,251,124,126,127
128,130,131,132,5,134,135,133,136,138,10,140,139,16,275,285,286,288,290,311,329,73,81,216,91,231,123,237,239,246,122,251,125,126,127
128,130,131,132,133,135,8,137,138,139,12,136,140,17,21,23,27,286,287,289,164,40,42,178,187,188,192,221,236,244,123,124,127
128,130,131,132,133,6,135,134,137,136,139,138,140,145,285,286,287,288,289,290,291,39,55,319,236,122,123,124,125,126,127
128,129,130,131,132,133,5,134,135,137,265,139,136,138,140,18,284,285,286,287,288,289,290,291,39,67,227,122,123,125,126,127
128,129,130,131,132,133,134,135,136,137,138,139,140,23,285,286,287,288,289,290,291,55,57,65,236,122,123,124,125,126,127
128,256,130,131,4,132,133,134,135,136,139,12,140,23,285,286,287,288,34,290,291,40,42,187,315,319,323,71,208,122,123,124,125,126,127
128,129,130,131,132,133,134,135,136,138,139,140,12,10,23,285,286,287,288,34,290,291,40,42,188,71,221,236,244,122,123,124,125,126,127
128,130,131,132,133,134,135,136,138,10,140,139,16,275,151,285,286,288,290,291,292,311,73,329,74,81,216,91,231,123,237,239,246,251,125,126,127
128,130,131,132,133,134,135,136,137,139,140,19,285,286,287,288,289,290,291,39,48,55,123,124,125,126,127
128,129,130,131,132,133,134,135,136,137,138,139,140,285,286,287,288,289,290,291,39,328,220,225,122,123,125,127
128,129,130,131,132,133,134,135,136,137,138,139,140,19,285,286,287,288,289,290,291,122,123,124,125,126,127
128,129,130,131,132,261,134,133,136,135,139,140,19,278,285,286,288,290,291,320,203,85,225,240,117,122,123,125,127
128,129,130,131,132,133,134,135,136,137,138,139,140,19,285,286,287,288,289,290,291,39,169,55,122,123,124,125,126,127
128,130,131,132,133,134,135,136,137,138,139,140,19,285,286,287,288,289,290,291,233,122,123,124,125,126,127
128,129,130,131,132,133,134,135,136,137,138,139,140,285,286,287,288,289,290,291,39,175,59,218,227,100,233,107,122,123,124,125,127
128,129,130,131,132,261,134,5,133,136,137,139,138,140,19,23,285,286,288,289,290,318,203,85,222,225,229,231,106,110,240,122,123,125,127
128,129,130,131,132,133,134,135,136,139,140,19,278,285,286,288,289,162,290,291,51,320,203,210,212,85,215,223,240,117,123,124,125,126,127
128,2,130,131,133,132,134,135,137,265,139,136,140,285,286,287,288,289,290,291,42,173,55,56,199,201,217,122,123,124,125,127
128,130,131,132,133,134,135,136,137,8,139,140,17,23,285,286,287,288,289,290,42,44,55,57,192,197,204,236,122,123,124,125,127
128,1,130,129,131,261,132,133,136,134,138,135,139,140,277,26,285,286,288,290,44,61,63,324,203,212,223,228,232,238,120,122,123,125,127
128,129,130,131,132,261,134,133,136,137,138,139,140,135,285,286,287,288,290,291,324,212,225,238,122,123,125,127
128,129,130,131,132,133,134,135,136,137,139,140,23,285,286,287,288,289,290,291,55,56,57,204,122,123,124,125,126,127
128,130,131,132,133,134,135,136,137,139,140,19,285,286,287,288,289,290,291,293,122,123,124,125,127
128,129,130,131,3,132,134,135,136,133,138,10,140,11,139,275,26,285,286,288,290,311,231,123,239,122,251,124,125,126,127
128,2,130,131,132,133,134,136,135,266,139,140,285,286,287,288,289,290,291,167,42,53,56,199,71,201,88,217,121,123,124,125,126,127
128,130,131,132,133,134,136,137,139,140,285,286,287,288,289,290,291,55,56,59,218,100,101,233,122,123,124,125,126,127
9,27,54,313,314,187,316,317,189,191,320,186,194,324,325,198,327,200,197,199,201,202,205,207,208,209,210,212,213,214,215,106,117
10,138,16,275,26,292,311,186,187,188,191,192,194,197,327,199,329,202,73,200,201,205,206,207,81,208,209,210,212,213,215,216,231,237,239,246,251
10,26,314,187,188,317,186,319,191,322,323,324,194,326,199,198,329,202,197,328,201,200,205,208,207,80,209,210,212,214,213,216,215,236
261,186,187,316,317,61,319,191,193,321,192,324,325,326,327,198,194,197,203,199,200,201,202,205,209,210,206,212,213,85,207,208,215,216
259,260,6,145,287,315,187,317,319,191,193,322,323,195,196,194,71,197,201,199,328,205,208,209,210,213,214,215,216,221,236
136,145,26,154,158,313,314,186,316,317,187,191,320,189,194,324,325,198,327,197,199,201,202,205,207,208,209,210,212,213,214,215,243,121
262,271,26,34,312,313,314,187,315,317,318,319,191,322,323,324,325,194,327,200,197,199,72,328,74,201,202,205,208,209,210,213,215,221,243
135,10,138,140,16,275,26,292,186,187,188,191,322,194,197,327,199,329,73,202,201,200,205,207,208,81,209,210,212,213,215,216,231,237,239,246,251
135,10,11,275,40,47,186,187,315,188,319,191,192,194,323,197,326,71,199,329,202,201,205,207,208,209,210,212,213,214,215,216,237,244
32,167,40,42,47,187,315,188,189,319,192,191,322,323,326,199,71,201,327,202,205,207,208,209,210,214,215,217,236
19,312,313,315,187,317,318,319,191,193,322,323,324,196,195,199,200,201,194,203,197,328,202,205,208,209,210,211,213,215,217,235,245
137,275,152,26,314,187,188,316,317,319,320,191,322,194,324,197,199,327,329,202,200,72,201,205,78,208,207,209,210,213,215,216,94
9,313,314,186,316,189,188,317,320,190,187,191,324,325,194,327,200,199,329,201,197,202,205,207,208,209,210,212,213,214,215,216,231
2,26,167,42,53,313,314,187,316,188,189,190,320,191,319,194,324,197,198,199,327,201,202,205,207,208,209,210,213,214,215,217,121
14,47,314,186,316,189,317,190,187,191,194,197,326,199,200,198,328,201,202,205,207,208,209,210,82,213,214,215,94,223,225,236,241
257,258,3,260,262,134,287,34,51,312,315,187,317,318,319,191,322,323,324,194,197,199,200,328,201,202,205,209,210,213,215,89,221,229,230,245
14,18,26,314,187,316,317,189,190,320,318,191,194,324,67,198,199,200,327,197,201,202,205,78,207,208,209,210,212,213,215,223,96,228
261,269,31,47,186,187,315,188,319,192,191,195,196,323,326,68,69,201,71,204,205,206,79,208,209,81,210,214,86,216,87,88,89,215,98,106,236,109,116
314,187,316,188,189,319,320,186,191,194,324,195,326,327,199,328,201,197,202,200,205,207,208,209,210,211,212,213,215,216
19,314,187,316,61,186,319,320,321,193,191,196,324,198,326,199,194,197,203,328,201,202,200,205,209,210,206,212,213,207,208,215,216,223
3,12,32,34,42,47,314,187,315,188,317,319,191,192,322,323,324,321,194,71,328,200,197,326,199,201,202,204,205,207,208,209,210,213,214,215,236
9,148,149,38,39,168,298,302,176,48,183,186,187,319,191,194,195,323,197,199,328,201,202,205,207,208,209,210,211,212,213,215,216,217
2,135,38,47,313,314,187,316,61,186,191,320,321,193,323,196,324,326,194,197,199,328,203,201,202,206,205,207,209,210,211,212,208,213,215,223
133,137,280,290,291,170,175,182,186,59,187,188,189,319,318,191,194,195,324,197,199,201,202,203,204,205,209,81,211,210,213,215,218,100,101,233,107
130,5,26,43,186,314,316,188,317,191,320,187,194,324,197,198,326,199,327,200,203,204,205,201,202,208,209,207,210,212,213,214,215,216
31,289,41,302,48,55,186,187,319,191,66,323,196,195,326,194,197,201,199,202,205,207,208,209,210,211,213,215,216,217,90,99
261,15,18,282,51,312,314,187,316,317,189,191,320,193,322,321,324,323,194,327,200,67,197,203,198,199,201,202,205,78,210,208,212,213,209,215,96,246
19,186,187,191,321,193,195,324,196,326,323,328,194,197,203,199,201,206,202,208,209,210,83,212,204,205,207,213,215,216,223,225,117
3,312,314,186,316,317,190,187,320,321,193,191,324,196,194,197,328,200,199,203,201,202,205,207,208,209,210,212,213,215,216,89,223,117
6,145,26,287,186,315,187,188,319,191,194,323,197,326,199,328,201,202,329,74,205,207,208,209,210,211,213,214,215,216,236
135,10,138,140,16,275,186,187,188,191,322,194,197,199,200,73,329,202,201,205,207,208,81,210,209,212,213,215,216,91,231,237,239,246,251
2,133,137,280,153,290,166,170,53,186,59,187,319,191,194,68,326,199,201,203,204,205,209,210,211,213,214,215,218,100,101,103,233,107,119
130,26,28,43,186,187,188,316,317,191,194,324,196,326,198,327,197,199,328,204,205,201,202,208,209,206,211,207,210,212,213,215,216,200
1,48,186,187,61,63,191,321,193,195,196,194,326,198,197,199,328,203,201,202,204,205,207,209,208,211,212,210,213,87,216,215,89,223,232,109
261,23,156,43,186,187,316,317,188,191,320,321,193,323,324,189,198,194,200,329,197,203,199,328,201,202,208,205,207,209,210,213,215,106,110
135,138,10,16,275,26,28,305,186,187,188,61,191,194,323,197,199,329,202,73,201,205,207,208,81,209,210,213,215,216,231,237,239,246,251
9,273,278,288,51,314,186,187,61,191,321,193,323,196,195,194,197,328,199,201,203,202,77,206,205,207,209,210,208,212,213,215,223,109,117
135,10,138,16,275,40,42,303,177,311,187,188,189,191,322,194,197,199,200,73,329,202,74,201,205,207,208,81,209,210,213,215,216,231,237,239,246,251
257,258,260,262,275,34,312,186,315,187,317,318,319,191,322,194,324,197,198,199,200,328,201,202,205,207,208,209,210,213,215,89,229,230,245,248
257,261,12,34,312,186,315,187,317,318,319,191,321,322,323,324,194,197,199,200,328,201,202,205,207,208,209,210,212,213,215,216,223,225,229,230
25,47,314,187,316,317,189,186,320,191,194,323,324,197,326,327,328,200,199,201,202,205,207,208,209,210,212,213,214,215,216,223,225,117
314,187,316,61,186,60,320,321,193,323,324,191,194,327,200,199,197,203,201,202,205,207,208,209,210,212,213,215,216,223,232,117
15,18,277,159,34,187,189,191,320,321,193,67,324,325,68,194,200,197,198,203,199,201,202,205,78,208,210,209,212,213,215,93,96,228,116,120,121
259,268,26,31,48,55,186,187,188,319,191,66,323,196,194,198,197,199,201,328,202,200,205,207,208,209,210,211,212,213,215,216,99,232,124
148,38,176,183,186,187,317,191,319,193,194,323,324,197,326,199,201,202,203,204,205,207,208,209,210,211,212,213,215,216,233
5,26,43,55,187,188,315,316,191,317,319,322,194,324,323,326,198,197,199,328,200,204,205,201,202,208,207,209,211,210,213,214,215,94
261,301,52,313,314,186,316,187,317,191,320,193,321,194,324,325,197,327,199,201,202,203,205,207,208,209,210,212,213,85,215,216,95,104,120
9,26,43,313,314,187,316,188,317,191,320,193,322,318,324,194,198,327,326,199,197,201,202,205,207,208,209,210,213,214,215,98
10,138,16,275,26,311,186,187,188,191,194,197,326,199,200,329,73,202,201,205,207,208,81,209,210,212,213,214,215,216,231,237,239,246,251
0,3,12,289,34,314,315,187,188,317,318,319,60,322,323,191,194,325,327,328,200,199,201,205,206,209,210,212,213,85,215,220,223,236
135,10,138,140,16,275,292,311,186,187,191,192,194,197,199,200,73,329,202,74,201,205,206,207,81,208,209,210,212,213,215,216,91,231,237,239,246,251
135,10,138,140,16,275,311,186,187,188,191,192,194,197,199,200,329,73,74,202,201,205,206,207,81,208,209,210,212,213,215,216,91,231,237,239,246,251
262,34,186,312,314,187,316,315,188,319,320,317,322,318,324,191,194,327,200,197,199,328,201,202,205,207,208,209,210,212,213,215,216
5,276,26,283,314,187,316,188,317,191,320,319,186,194,324,197,198,325,199,329,201,202,204,205,207,208,80,209,210,212,213,214,215
12,281,289,42,186,187,188,319,191,321,192,194,196,197,326,199,328,200,201,203,202,205,206,207,208,209,210,212,213,215,216,223,225,236,241,254
2,6,24,154,54,312,56,313,314,316,60,317,191,320,186,187,194,324,197,327,199,200,201,202,205,207,208,209,210,212,213,214,215,216,238,121
313,314,187,316,189,188,317,320,191,186,194,324,197,326,327,199,328,201,202,205,207,208,209,210,212,213,214,215,98,237
313,314,186,316,60,187,191,320,193,194,321,324,325,196,327,197,199,201,203,202,200,205,207,208,209,210,212,213,215,216,223
135,10,138,16,145,275,150,287,187,315,188,319,191,194,323,197,199,329,202,73,74,201,75,76,205,209,210,213,214,215,216,91,236,237
12,269,275,283,32,39,47,48,185,315,187,188,317,319,192,322,323,194,326,71,328,202,205,208,209,210,213,214,215,221,236
3,12,42,314,187,188,189,186,319,191,322,323,324,194,197,199,200,328,201,327,329,202,205,207,208,209,210,212,213,215,216,239
279,314,186,316,189,188,317,320,191,187,194,324,197,326,327,328,201,199,198,202,205,207,208,209,210,213,214,215,225
12,269,279,283,32,42,47,182,314,187,315,188,189,319,192,191,322,323,194,197,326,199,328,201,202,205,208,209,210,213,214,215,236,244
12,18,282,283,32,40,42,47,187,315,188,189,319,192,191,322,323,194,67,326,199,200,201,202,205,208,209,210,213,214,215,221,96,244
128,22,42,47,187,315,188,319,192,193,321,323,196,191,326,194,199,201,202,203,204,205,206,208,209,210,213,214,215,223,114,123
270,15,275,277,312,313,314,186,316,188,317,187,191,322,194,324,325,197,327,199,329,201,202,205,207,208,209,210,212,213,215,228,116,120,126
259,6,275,31,289,172,48,313,186,187,189,319,191,321,66,195,323,196,193,194,197,201,199,203,202,205,209,210,211,213,215,217,90,124
3,5,12,300,314,187,316,317,318,319,320,186,322,191,324,194,198,199,200,327,328,197,201,202,205,207,208,209,210,212,213,215,225
313,314,186,316,61,317,191,320,321,193,187,324,192,326,198,327,194,197,203,199,200,206,201,202,209,210,205,212,213,207,208,215,216,223
278,51,186,187,316,317,191,320,193,321,194,324,196,325,197,199,328,201,203,202,204,206,205,207,209,210,208,212,85,213,215,89,223,240
3,12,14,271,279,156,313,314,187,188,317,186,189,191,194,323,324,197,199,200,328,201,202,205,207,208,209,210,213,215,223,225,238,118
135,10,138,140,11,16,275,311,186,187,188,191,194,197,326,199,200,329,73,202,201,205,207,208,81,209,210,212,213,214,215,216,231,237,239,246,251
135,10,138,11,140,16,275,187,188,189,318,191,194,195,197,199,329,73,202,74,201,205,208,81,210,211,209,213,215,216,91,237,239,246,251
24,26,158,43,53,313,314,186,316,317,190,191,320,187,194,324,197,198,327,326,199,201,203,202,205,207,208,209,210,212,213,214,215,238,118
278,313,314,186,316,61,187,191,320,193,321,194,324,196,192,197,199,200,201,203,202,205,206,207,208,209,210,212,213,215,216,223,240,117
278,51,54,186,187,316,61,191,320,321,193,192,194,197,199,200,201,202,203,205,206,207,208,209,210,83,212,85,213,215,216,223,105,109,117
18,19,282,187,188,61,189,319,191,321,193,67,323,195,196,326,200,201,194,203,197,199,206,202,208,209,80,205,78,210,213,215,96,115
6,267,145,287,187,315,61,319,192,321,191,323,196,195,326,194,325,201,197,327,328,199,205,208,209,210,213,214,215,217,221,236,109
2,266,167,42,53,314,186,188,317,189,187,320,191,194,324,197,199,327,201,202,205,207,208,209,210,212,213,214,215,217,117,121
9,42,187,315,188,319,192,191,194,323,195,197,326,199,200,201,202,328,205,208,209,210,213,214,215,216,217,236
