0,1,130,324,5,133,69,198,276,22,26,218,30,95,32,35,229,232,170,43,240,52,316
2,261,7,269,276,87,88,26,91,283,219,221,28,31,106,236,237,46,47,247,56,61
3,131,198,327,328,6,9,12,17,24,220,288,290,226,293,233,234,43,187,238,50,308,117,58,123,316
3,6,7,12,205,145,22,219,221,31,32,34,229,230,38,236,46,47,48,56,57,122,315,61
0,64,5,13,20,24,220,222,30,224,32,229,37,231,230,40,43,44,45,238,47,243,52,316,54,252,317
322,258,260,324,262,3,4,198,12,24,285,223,34,229,230,39,233,43,239,47,55,122,315,318
320,0,66,69,5,327,9,219,222,30,224,229,230,234,43,45,238,240,51,54,313,316,62
320,0,130,1,64,15,17,21,27,158,222,224,225,32,33,229,233,234,43,238,239,51,55,121,251
320,4,5,198,199,327,6,9,24,220,226,35,293,41,43,46,239,47,238,50,55,58,187,63
64,0,66,198,8,265,144,281,218,223,160,289,227,230,39,231,41,42,299,233,43,50,118,119,253
128,321,1,193,66,5,6,203,209,215,23,155,92,222,224,32,228,230,232,234,44,109,45,114,51,54,61
64,257,258,1,260,5,0,12,17,22,89,218,27,30,224,288,34,35,229,230,232,43,238,52,310,318
257,258,66,260,5,262,267,12,89,222,287,224,33,34,32,30,229,230,234,236,44,45,51,54,62,122,318
66,5,329,73,10,138,140,266,16,81,275,218,230,231,233,59,43,237,46,239,238,54,311,58,251
128,1,64,3,261,8,12,22,23,218,33,227,228,229,35,232,43,44,109,238,117,120,59,61,63
320,0,130,3,4,136,12,24,34,100,101,229,39,233,43,238,47,175,239,55,316
320,66,261,5,6,329,9,271,21,222,30,224,230,231,234,43,45,238,239,177,243,51,246,54,62
257,130,258,324,5,262,260,66,20,32,34,229,230,233,234,43,235,44,174,49,50,51,54,249,317,318
322,258,6,7,267,12,145,219,221,287,97,34,229,230,38,236,46,48,56,122,315,61
66,5,73,138,10,140,16,81,275,84,91,160,32,224,292,230,231,234,44,237,303,239,49,51,53,54
130,3,5,136,9,17,24,222,224,226,229,230,231,232,234,43,238,313,187,60,63
0,3,4,135,329,10,138,140,73,12,271,16,81,275,24,27,34,231,39,233,43,239,47,246,55,251
128,1,321,129,196,132,7,209,19,83,278,215,154,92,285,31,162,105,111,240,112,117,53,122
69,263,328,264,269,273,87,89,283,39,41,106,241,243,308,117,123,252,253,254
130,68,5,69,263,268,141,269,271,273,81,87,98,123,109,127,177,242,241,243,305,188,313,251,252,255
257,69,5,264,269,79,81,275,87,283,312,292,249,313,106,109,241,243,246,248,121,252,253,254
323,71,8,12,269,77,79,21,216,27,283,32,99,166,244,245,187,188,253
257,258,260,261,262,5,71,136,202,267,12,269,77,274,89,283,32,98,244,245,187,188,127
5,69,198,73,10,138,267,16,81,80,275,276,84,87,88,26,91,103,237,239,51,246,251
257,258,261,7,72,73,74,268,269,15,276,84,278,119,280,91,92,219,93,291,105,242,116,246,247,253
256,257,258,324,261,262,69,264,267,269,81,89,283,92,32,97,106,109,110,114,243,246,254,248,252,318
257,258,324,5,260,69,262,200,267,276,213,87,89,312,43,243,245,247,248,249,122,317,318
193,260,261,69,135,264,263,75,270,81,277,85,87,92,94,95,104,107,109,114,115,117,120,250,251
260,69,263,264,73,138,10,74,266,140,270,81,275,87,283,292,231,109,239,303,246,250,251
69,263,72,265,328,264,273,281,89,284,289,227,41,241,50,308,119,252,253,254
69,263,72,265,264,269,274,280,281,217,283,284,289,99,227,41,241,50,182,119,253,254
69,263,72,267,269,79,80,273,275,276,119,88,281,283,39,42,106,47,241,51,246,247,252,253,254
325,69,263,71,261,266,268,269,14,81,84,87,88,89,284,248,98,100,41,109,110,177,117,120,190,255
256,320,324,69,261,264,76,269,143,271,79,87,26,283,30,106,43,243,313,314,252,253,254
257,258,322,260,261,262,199,267,13,88,89,93,30,287,32,34,35,229,230,37,44,52,245,248,318
257,258,322,260,261,262,267,88,89,93,30,287,32,34,35,229,230,44,45,180,245,52,248,122,318
256,257,258,259,260,5,262,267,278,89,287,34,230,295,108,109,245,248,249,122
256,257,258,322,260,261,262,267,269,275,89,281,34,229,249,39,47,48,245,248,185,122,318
256,257,258,260,261,262,69,324,264,267,269,278,87,89,283,93,234,43,106,243,248,249,252,254
257,258,260,261,262,267,203,271,213,87,89,34,229,112,245,246,248,249,122,318
65,259,260,263,264,74,266,268,270,211,278,25,31,99,100,101,109,47,48,241,253,250,251,125
320,260,69,263,264,269,270,273,276,283,96,249,106,43,250,241,243,316,313,314,251,252,254
2,66,68,265,201,79,213,86,217,90,283,284,289,227,39,103,41,42,106,50,116,119,253,126
2,70,71,199,73,201,266,265,74,263,207,88,217,92,160,97,167,49,114,53,121,62
257,258,260,262,267,271,80,88,89,184,287,97,34,229,51,245,246,248,249,122
66,259,263,74,268,272,211,276,87,31,99,232,109,48,242,124,125
326,71,72,77,269,208,274,275,276,214,281,283,32,163,39,42,47,244,245,121,253,254
257,258,260,261,69,262,5,263,264,267,270,86,89,282,248,250,243,117,245,312,249,122,251
256,257,323,69,262,261,200,73,267,269,142,271,81,87,89,98,229,234,109,239,177,245,246,248,249,251
66,259,68,263,71,74,268,272,211,276,86,91,31,99,100,101,232,48,116,246,313,122
3,69,263,264,328,269,77,79,273,279,87,281,283,106,176,241,304,243,308,117,252,253,254
256,192,66,263,72,11,77,269,78,274,83,82,19,90,283,32,96,102,103,42,108,113,114,245,253
73,329,10,138,202,269,16,81,275,84,276,216,281,91,36,39,172,237,239,47,48,246,185,189
68,7,71,73,76,269,275,276,84,86,119,280,87,219,283,91,92,289,100,101,116,246,247,121
128,261,69,264,269,81,84,277,86,85,87,89,92,248,98,106,43,109,110,54,120,121,250,63
128,0,1,261,263,141,19,83,85,278,215,84,281,27,92,94,105,109,112,114,115,117,185
69,264,269,142,273,210,84,20,279,281,283,157,225,39,104,170,106,301,110,47,241,252,117,118,314,316,191
130,69,5,264,269,276,277,87,280,216,218,26,283,106,43,306,243,244,246,119,252,253,254
195,198,71,72,265,204,269,142,273,274,275,281,283,285,159,39,47,124,241,245,118,252,253,254
65,130,259,324,5,134,68,262,71,138,200,271,84,276,86,26,218,282,91,106,43,108,109,177,116,246
69,326,71,72,269,77,208,274,276,213,214,283,32,42,47,251,241,244,187,253,254,191
130,255,324,69,5,264,269,79,87,282,26,284,283,106,43,241,243,316,313,252,253,254,191
128,130,131,132,261,133,136,138,139,140,83,19,285,286,223,288,289,290,43,240,112,117,123,125,190
128,2,130,131,132,133,136,265,137,201,139,205,140,285,286,288,289,290,296,173,55,56,122,123,125
128,257,130,131,258,129,133,134,132,136,267,139,140,286,287,288,34,290,229,230,122,123,127
128,130,131,132,133,134,136,137,139,140,141,220,285,286,288,289,290,43,123,127
128,66,130,131,133,135,136,137,138,139,276,31,289,290,41,48,119,122,123,124,125,126,127
128,130,131,132,133,136,137,139,140,280,218,285,286,287,288,289,290,291,233,170,107,123,119,59,125
128,130,259,131,133,134,136,137,139,268,140,31,288,289,290,291,232,48,123,124,125,126
330,10,138,142,145,147,148,156,184,158,292,170,172,237,174,303,175,177,306,307,246,311,310,251
330,141,144,145,147,148,157,158,292,293,294,167,296,169,297,299,172,174,175,304,303,179,308,310,184,123
330,141,144,147,150,155,157,158,159,160,165,294,293,296,297,299,301,174,175,305,307,308,179,184
257,258,260,145,148,89,184,287,158,34,292,230,295,168,297,170,172,174,175,303,110,179,309,310,248,122
330,144,145,147,148,149,153,155,158,293,294,296,297,299,301,174,175,177,178,307,308,179,184
257,258,322,260,267,144,145,88,89,155,157,158,34,229,293,295,294,297,296,301,175,178,179,309,245,310,181
330,141,144,145,147,155,156,157,158,160,161,167,296,298,170,174,175,304,178,179,180,308,184
330,142,144,145,148,158,292,295,296,170,299,172,173,302,175,174,303,178,307,308,309,310,184
330,141,144,145,148,149,150,152,153,158,99,167,299,300,172,302,175,304,177,305,306,308,179,184
71,203,146,147,149,155,94,95,158,163,164,293,294,104,297,170,171,172,301,168,302,305,178,179
65,66,265,143,144,146,147,155,157,158,160,164,294,299,301,302,175,304,173,180,309,181,184
330,10,142,145,148,156,158,292,166,167,295,297,170,299,172,237,174,303,175,307,308,309,310,311,184
197,330,141,143,208,145,146,147,144,155,156,158,164,166,169,301,302,304,178,307,180,308,181
130,5,330,141,142,144,154,155,158,159,160,165,170,299,172,300,174,175,305,178,306,308,180,186,127
324,141,145,82,147,150,152,153,218,26,158,292,167,296,170,300,174,175,177,306,178,179,246
330,142,145,148,149,158,164,294,295,296,297,42,299,172,174,175,178,307,308,309,310,184
328,330,141,145,148,158,294,295,296,170,299,172,174,175,177,307,308,309,310,184
330,141,142,145,147,148,155,158,294,295,296,170,299,172,174,175,177,307,308,309,184
258,322,141,145,148,89,184,158,248,34,292,229,295,167,170,172,174,175,303,179,307,309,310,312,318
73,138,10,140,329,144,81,146,275,23,216,155,156,158,160,292,231,169,170,303,175,49,178,179,180,246,311
257,322,194,324,199,200,328,10,204,205,209,210,213,215,229,103,187,243,310,312,249,186,315,317,318,191
66,323,194,195,263,199,201,268,205,209,210,211,213,215,31,99,47,48,313,187,124,317,191
320,193,194,319,327,200,328,201,205,208,209,210,213,215,317,60,47,314,187,316,189,191
322,324,199,328,200,201,202,208,213,214,22,30,287,32,34,35,187,52,245,315,317,318,319
320,324,198,327,328,76,205,208,209,210,215,222,96,162,165,317,314,313,186,187,316,189,191
257,322,323,324,194,199,328,200,205,206,14,209,210,213,215,217,34,315,312,187,316,317,318,191
320,257,322,195,324,260,200,205,208,81,210,211,209,213,215,89,248,34,36,229,187,181,312,315,317,318
191,322,194,324,325,197,327,200,199,328,201,205,208,209,210,213,215,317,315,312,314,187,189,318,319
320,194,198,199,200,327,201,205,208,209,210,213,214,215,43,187,47,313,314,317,316,189,318,191
321,193,195,196,194,203,204,205,206,209,210,212,215,28,166,171,114,115,61,317
257,322,324,199,200,329,201,202,327,205,210,211,213,89,217,30,32,34,315,52,312,187,317,318,319
320,194,323,324,197,198,199,200,329,201,202,12,205,208,209,210,213,215,47,55,313,187,316,317,191
322,194,324,198,199,200,329,328,201,205,208,209,210,213,215,94,43,187,315,316,317,318,191
320,321,194,191,324,325,196,197,327,199,201,205,209,210,213,87,215,93,228,109,61,120,187,316,317,255
192,194,323,324,326,200,202,204,205,208,209,210,211,214,215,187,47,53,315,188
320,65,322,194,325,327,199,202,205,208,209,210,213,215,216,187,316,313,314,317,188,189,191
323,196,195,328,330,205,206,208,209,210,215,94,42,315,307,308,309,187,316,317,191
194,324,200,73,329,10,138,202,11,205,81,209,275,210,213,215,216,90,91,26,231,104,239,189,187,188,317
323,69,263,200,73,74,267,10,268,77,271,81,85,87,98,100,41,239,241,177,116,246,54,251
69,73,10,138,74,269,16,81,275,84,276,277,87,280,89,91,231,237,109,239,246,119,251
69,73,266,10,138,202,269,81,275,277,87,89,98,292,231,237,109,239,48,243,246,311,251
0,64,3,135,73,10,138,329,16,81,275,19,91,230,231,39,232,43,237,239,303,246,183,120,59
320,64,3,69,8,12,16,22,23,218,26,33,226,227,100,229,101,232,233,42,43,238,117,59,252,63
257,258,3,260,5,262,12,271,16,145,89,223,248,161,34,226,35,229,230,289,122,310,312,185,58,60
320,195,4,6,9,12,207,145,219,221,287,224,230,233,234,43,236,59,238,47,55,315,317
2,66,5,70,199,201,265,266,207,217,157,289,35,230,231,41,43,173,50,53,54
3,4,7,12,276,55,24,219,28,223,34,233,42,43,41,47,239,51,247
320,64,324,5,199,10,138,13,276,20,26,219,222,30,32,37,230,231,40,43,44,45,46,238,52,54,55
67,199,7,329,10,138,16,276,213,219,222,31,38,231,230,42,43,46,239,238,48,50,53,55,56,60,61
323,5,6,9,265,11,12,267,21,222,32,224,34,230,234,43,236,187,238,47,51,244,54,315,188
2,195,6,7,9,138,144,211,84,216,219,91,102,43,236,46,238,50,180,55,59,317,63
129,130,66,324,5,198,134,199,23,26,222,30,32,224,229,230,40,234,43,44,45,238,241,51,54,316,191
320,66,3,5,200,136,13,222,224,32,37,230,231,234,43,44,237,238,239,177,51,54,313
128,66,5,198,88,284,222,159,224,32,228,229,293,230,234,43,44,45,110,238,304,51,117,54,55,190,255
128,0,1,193,64,261,66,5,203,75,16,212,21,22,215,162,230,233,234,43,238,240,51,117,54,63
192,1,66,2,67,4,7,12,148,149,22,23,28,221,31,38,42,46,47,48,53,55,56,187,60,61
320,3,6,328,9,203,12,16,274,19,24,220,222,224,290,230,39,233,234,43,236,238,308,55,187
320,66,3,130,4,198,263,136,12,205,16,24,223,34,233,43,238,47,48,239,55,313
3,4,135,73,10,138,140,12,16,81,275,22,24,93,223,34,231,233,43,239,47,246,55,251
64,257,130,258,324,5,134,1,0,276,22,218,27,30,32,34,35,229,230,232,43,238,52,55,318
128,130,66,5,10,18,19,278,218,288,162,290,229,230,231,233,43,238,240,241,304,188,117,54,252,127
320,130,132,69,9,142,275,219,222,30,224,229,230,40,234,43,45,238,47,54,313,187,62
320,1,130,0,5,7,10,142,22,218,26,219,222,30,32,35,37,229,232,43,44,52,54,312,249,191
2,66,5,70,199,71,201,266,88,217,222,224,35,36,230,234,173,51,53,54,189,121,317
3,324,5,4,198,12,24,26,27,223,34,39,232,41,233,43,42,47,239,55,313,315,124,191
2,3,198,12,16,17,211,22,223,289,225,161,38,168,41,42,238,47,48,60,55,313,316,125
64,3,8,330,11,12,269,16,17,21,22,283,33,34,227,232,42,43,236,238,47,307,308,55,59,253
0,66,135,265,138,10,12,16,119,279,218,91,157,289,227,230,231,39,233,41,42,43,55,253
64,2,3,135,73,138,10,74,266,207,16,81,275,91,231,233,43,237,239,303,311,59
0,2,66,4,133,7,265,204,16,55,149,218,27,289,100,38,39,233,43,238,239,52,119,56
320,64,130,3,324,5,198,7,9,204,82,23,24,218,219,222,224,38,231,59,234,43,238,55,187,316
64,130,2,324,5,198,7,135,138,216,218,26,27,230,231,41,233,43,238,244,54,55,59,317,127
320,256,128,261,8,16,17,22,218,219,224,225,227,228,230,231,232,233,42,43,238,240,54,55,314,63
128,64,3,324,261,12,16,17,19,22,215,23,33,34,227,229,230,232,233,43,110,47,238,117,59
257,258,3,260,12,142,16,17,22,89,218,221,287,288,225,34,229,230,231,232,233,43,238,309,317,318,63
64,66,5,135,73,138,10,329,16,81,275,91,222,224,228,230,231,234,43,237,238,303,239,51,54,55
1,66,321,195,323,196,5,203,12,206,209,23,91,92,155,32,230,232,234,235,236,44,48,115,51,54
130,324,5,133,198,69,8,276,218,26,30,224,227,229,230,231,170,43,234,45,238,55,62
320,64,130,2,324,5,134,198,69,3,8,135,12,26,282,30,227,230,231,232,106,43,238,55,59,191
320,66,5,198,134,200,6,13,215,26,222,224,32,226,37,230,234,43,44,49,51,54,316,317
320,3,4,69,198,263,12,24,25,223,34,233,43,238,47,239,48,55,313,314,316
1,131,324,5,69,143,16,20,22,218,30,159,288,34,229,231,233,42,43,238,310,185,125,63
0,66,5,6,12,79,19,32,289,224,37,230,39,42,234,236,44,47,50,51,308,54,55,60,317
130,2,324,5,198,67,7,135,83,26,31,38,41,234,43,110,46,240,48,306,50,53,55,56,57,60,61
3,5,6,198,329,12,15,21,222,224,225,34,229,230,40,233,234,43,236,238,239,51,54
327,7,329,10,138,73,16,81,275,219,221,31,38,231,236,237,46,239,48,53,56,57,60,61
2,5,198,135,136,73,10,138,16,26,230,231,233,59,43,237,238,239,246,54,251
0,64,3,5,133,7,76,145,276,213,218,219,284,29,290,227,231,39,233,43,108,55,56,313,59,124,126
3,4,329,10,12,16,81,24,223,226,34,231,233,234,43,46,239,47,54,55,251
128,321,1,66,195,196,323,5,206,209,87,23,217,90,155,92,32,224,230,105,234,44,51,54,122,61
65,66,67,68,5,204,205,142,218,284,29,92,32,33,162,230,166,42,170,174,51,52,182,55,56,54
130,324,261,198,5,329,10,11,12,276,90,26,223,230,39,231,43,238,239,118,55,54,317
320,66,3,5,200,136,13,23,222,30,32,224,37,230,231,232,234,43,44,238,239,47,177,51,54,251
320,64,66,3,69,5,136,264,21,23,32,33,224,229,230,234,43,238,47,241,51,252,54,55,59,316,62
66,5,199,329,138,10,140,73,16,213,222,30,224,32,230,231,234,237,46,239,45,51,54,55,62
128,0,2,3,261,5,135,145,83,19,85,278,215,212,285,230,39,231,233,43,238,240,112,51,117,54,59
128,64,321,0,324,5,66,138,145,83,85,92,285,222,30,224,230,234,43,108,45,240,51,54,62,63
5,134,73,10,138,140,329,74,16,81,275,218,226,35,230,231,233,43,237,238,239,303,246,311,54
128,1,324,5,8,269,80,17,16,83,276,22,218,283,92,28,227,38,230,231,105,42,233,43,238,63
320,66,69,5,199,266,88,222,30,224,32,228,230,231,167,234,43,172,44,110,45,51,54,55,121,317
0,1,65,323,4,3,200,11,12,269,14,17,19,22,25,26,283,27,221,29,41,42,47,55,58,187
128,324,261,69,269,81,83,276,85,84,87,89,283,92,248,98,105,43,109,117,120,249
192,130,324,69,264,141,269,276,87,283,94,289,41,106,43,110,243,252,117,246,247,316,253,254
256,257,258,68,261,71,267,278,86,89,93,248,34,229,230,243,116,245,312,249,122,318
323,324,69,261,200,76,269,271,81,277,87,89,282,98,100,43,109,177,242,243,246,248,313,251
324,69,264,267,76,269,80,273,277,88,165,104,41,106,108,174,241,243,252,51,246,120,313,316
2,70,199,71,201,266,268,269,207,217,283,253,35,36,173,53,121,189
69,198,264,266,269,273,276,281,283,285,160,225,106,237,241,49,243,252,117,120,316,253,254
255,69,263,265,76,269,273,281,217,283,284,289,165,41,42,241,50,119,252,253,254,127
69,264,269,79,273,275,276,279,281,283,32,165,39,106,174,47,241,117,316,186,252,253,254
260,69,263,264,73,10,138,329,140,270,16,81,275,87,91,292,231,104,237,239,48,246,250,251
130,324,69,264,265,11,269,79,81,279,87,283,313,106,43,241,243,316,121,252,253,254
69,134,135,73,138,10,202,269,16,81,275,84,276,87,89,26,91,98,237,109,239,115,246,251
128,261,69,135,138,269,81,83,85,278,87,283,92,289,105,109,111,112,240,114,115,178,117,118,122,127
257,258,324,68,263,200,265,138,135,12,269,71,271,276,86,99,230,106,241,177,243,116,121,250,253,254
69,73,138,10,329,202,269,81,275,84,87,89,218,91,98,231,106,107,109,303,239,246,251
130,324,5,198,134,69,264,269,79,276,87,89,26,283,157,106,43,241,243,117,316,249,252,253,254
68,326,71,8,269,77,274,21,85,86,27,283,98,99,164,166,41,42,178,244,116,188,253,254
64,130,324,5,198,68,71,79,277,214,279,280,89,26,282,283,86,106,43,110,241,116,119,252,253,191
2,324,68,69,199,71,265,266,70,76,269,12,79,86,279,88,26,167,106,241,242,116,121,124,253,255
128,321,193,68,261,262,71,70,79,212,85,278,86,87,90,92,105,106,109,112,114,115,116,117,121,250
257,258,259,324,68,262,71,267,81,213,86,89,26,121,106,116,245,246,248,249,122,251,318
324,69,71,264,269,81,276,26,283,284,29,32,99,165,41,42,109,241,243,182,119,252,253,254
258,260,135,263,73,10,138,264,270,16,81,275,84,91,231,172,239,180,246,249,250,251,189
323,195,72,265,76,269,77,206,274,276,281,283,284,155,32,289,101,41,42,47,305,115,182,119,122,253,254
69,198,70,264,269,141,79,273,87,283,106,43,42,298,241,243,117,54,316,249,252,254
324,69,198,68,264,70,71,269,79,273,275,276,86,89,121,100,229,41,106,47,241,116,117,248,249
68,71,8,9,202,269,77,274,276,21,87,283,221,32,99,164,166,42,244,116,187,188,253
256,257,322,258,260,71,267,12,269,77,274,275,89,281,283,32,47,114,244,245,248,122,315
257,323,71,267,12,269,77,13,142,271,274,214,22,23,88,89,283,27,30,32,35,37,44,244,245,52,187
257,258,260,262,71,267,269,77,89,281,283,287,32,289,187,178,244,245,248,249,122,315
256,257,258,260,262,71,267,269,77,89,283,32,34,187,243,244,245,248,249,122,315
257,6,71,7,11,12,269,77,14,283,221,31,32,34,60,47,48,178,244,245,53,56,57,315,188
322,323,71,200,265,266,11,12,269,202,77,271,208,218,283,32,251,315,244,245,187
69,71,8,330,269,17,81,21,87,27,283,99,166,42,109,178,307,244,182,187,188,253
324,68,70,71,8,202,269,276,21,86,283,99,164,166,40,42,106,244,245,246,116,121,187,188,253
257,258,324,260,262,73,267,76,269,213,89,283,94,34,42,244,245,248,249,122,187,188
0,8,73,202,11,269,19,21,87,27,283,94,99,166,39,40,42,237,178,244,246,120,187,188,253
8,73,202,11,138,269,81,21,87,283,289,99,166,40,168,42,46,178,244,246,122,187,188,253,127
192,257,69,71,8,73,202,269,77,81,276,21,283,91,94,99,166,109,178,244,245,246,187,188,253
69,73,202,11,10,269,81,275,87,89,91,237,109,239,251,244,246,187,188,254
257,258,322,260,69,262,267,81,213,89,287,34,229,230,42,43,245,248,249,122,318
66,259,68,263,74,268,272,211,276,87,31,99,101,107,48,116,119,253,124,125
128,3,324,67,199,200,201,269,13,18,88,89,30,96,32,34,35,229,37,106,43,42,44,110,241,52,117,252
321,66,323,261,6,265,12,209,19,85,217,90,92,289,99,41,42,236,114,50,119,57,253
256,257,258,324,260,262,73,267,14,213,89,94,34,229,230,245,248,249,122,317,318
128,256,261,69,263,269,81,83,212,85,278,87,89,92,93,98,105,109,114,115,117,248,63
258,69,198,72,265,264,269,83,277,217,90,283,284,289,227,105,41,112,50,117,119,253,254
257,322,258,260,259,262,264,267,269,275,276,89,90,248,313,108,109,245,312,249,122
257,69,73,10,266,74,329,138,202,269,81,82,275,87,89,91,98,231,237,109,239,246,54,251
71,8,329,77,269,208,21,277,87,27,283,99,166,40,42,49,178,244,182,189,188,253
71,8,9,266,11,202,269,77,12,21,280,283,32,99,164,166,42,243,244,119,187,188,253
192,65,71,8,9,12,77,269,274,21,280,283,32,99,40,42,244,245,187,188,253
66,69,134,73,10,138,329,202,269,16,81,275,84,85,87,89,282,231,109,46,239,246,251
257,69,6,70,8,269,77,17,81,276,21,87,27,283,99,166,40,109,178,244,246,247,182,188,253
66,69,73,10,138,266,267,271,80,81,275,87,88,91,100,103,110,239,51,246,251
257,258,322,260,324,262,330,267,213,87,89,248,245,309,312,249,122,318
66,259,68,263,74,268,272,211,276,86,279,31,99,48,176,116,247,253,124,125
326,72,76,269,77,80,274,276,214,88,281,283,92,32,97,96,42,47,114,51,247,316,253,254
2,324,5,70,199,71,201,266,267,207,80,88,217,91,97,42,110,51,53,184,121
130,324,69,5,68,71,70,269,79,276,85,86,279,26,165,106,43,110,241,252,116,121,316,253
128,261,69,264,269,81,83,84,85,278,87,89,92,248,97,98,105,109,112,114,115,117,120
130,324,5,69,264,267,269,79,80,276,87,88,282,26,91,106,43,111,51,244,246,249,253,191
195,68,261,71,9,76,269,77,12,13,274,22,86,283,92,32,105,47,114,244,116,187
0,1,69,135,73,10,138,140,74,141,16,81,275,19,281,91,27,93,94,237,109,239,303,246,251
322,66,200,267,269,270,80,209,212,86,88,89,283,248,243,51,245,246,312,249,122,251,316,317
257,322,258,260,69,262,10,267,271,275,84,277,213,87,89,239,243,245,246,310,248,249,122,251
69,263,264,266,269,79,273,276,279,87,26,283,106,241,243,252,313,251,316,253,254
71,135,9,12,269,79,273,17,276,281,153,283,284,32,296,42,106,47,241,177,307,252,253,254,255
256,135,71,73,138,11,202,10,267,269,271,81,80,275,84,77,216,88,91,32,237,301,51,246,187
192,68,69,198,71,264,329,269,79,274,276,189,86,279,283,100,106,301,188,116,117,316,119,252,253
68,69,5,71,264,70,74,269,79,276,86,279,26,283,36,106,43,112,241,116,117,316,121,122,252,253
66,259,263,74,268,272,209,211,88,31,99,297,107,48,178,119,124,125
256,257,258,69,71,135,8,267,12,269,208,89,27,283,156,99,164,36,169,304,244,245,181,250,187,253,318
0,1,324,69,261,264,269,141,19,276,279,281,283,27,120,157,94,104,106,241,117,246,248,122
322,69,73,74,138,10,202,269,207,16,81,275,84,87,89,91,98,231,237,109,239,246,251
324,69,326,72,265,264,269,145,81,276,281,283,284,32,165,109,174,241,243,119,252,253,254
257,258,259,322,4,262,260,267,145,276,213,89,283,287,225,230,104,297,245,248,249,122,253
257,258,71,8,267,12,77,269,80,274,88,89,283,32,99,297,315,51,244,245,246,122,187,60
322,255,4,68,70,135,71,265,73,11,10,81,84,86,91,99,297,106,303,116,246,121,251,253,319
128,1,324,325,261,68,71,329,83,21,86,87,92,93,97,234,106,109,244,117,116,189,120,121,188,61
2,324,70,199,198,71,266,201,79,207,88,217,95,167,41,106,43,173,110,53,55,121,189
130,324,5,198,134,69,264,10,138,269,77,270,85,89,26,283,282,98,241,243,116,117,246,252,253,254
66,259,263,135,74,138,268,10,272,211,84,276,87,26,91,31,99,102,48,246,124,125
257,324,260,69,262,263,73,264,269,270,81,18,275,276,84,87,24,89,282,91,239,246,250,251
257,130,68,69,70,71,264,269,79,273,86,87,279,283,121,106,43,241,243,116,313,122,252,254
128,3,261,69,267,269,80,273,81,83,85,278,87,88,91,92,229,103,168,51,117,246,120,253
320,257,66,69,73,10,138,329,77,81,275,213,85,87,91,94,98,231,237,239,303,116,246,251,318
0,3,263,328,267,204,268,142,273,20,279,281,220,157,288,100,230,39,175,124,241,242,114,308,117,118,252,254
259,69,326,71,330,269,77,208,273,274,214,281,283,32,42,47,241,305,307,308,186,187,252,253,254
195,262,71,72,265,135,12,269,77,206,274,147,283,155,297,106,112,241,114,115,176,182,184,122,252,253,254
320,69,264,73,141,269,81,276,86,283,94,32,106,43,109,110,241,243,252,117,249,251,316,254
196,69,263,264,135,269,273,274,87,281,283,92,97,106,241,114,308,117,118,123,252,253,254
69,73,138,10,329,269,16,81,275,276,87,281,91,39,237,239,303,47,48,246,120,185,251
69,73,10,138,329,266,202,269,16,81,275,213,87,89,91,98,231,237,46,239,109,246,251
2,69,70,71,199,265,266,267,269,80,88,217,283,289,167,41,42,173,50,51,246,119,248,253
261,69,203,75,269,81,83,84,85,22,278,87,89,92,94,97,98,104,105,109,112,114,117,248
71,8,12,77,269,17,274,276,21,87,283,32,99,166,105,42,47,307,244,245,187,253,254
2,324,69,199,71,264,266,269,79,81,87,88,283,253,121,167,106,107,242,243,181,313,252,189,254,255
256,257,258,322,260,262,263,264,270,89,34,312,229,250,245,248,249,122,251,318
128,261,133,69,75,85,278,87,279,218,92,284,94,95,162,163,104,170,301,114,115,117,250,255
128,321,324,261,69,267,269,80,81,83,85,278,87,89,92,284,97,98,105,109,110,112,117,253,255
69,264,269,79,83,276,84,87,26,283,30,106,43,107,243,252,246,249,316,253,254
256,69,264,265,76,269,274,217,89,283,284,227,41,107,302,241,50,119,252,253,254
257,258,322,260,69,262,267,81,213,87,89,248,34,229,243,245,312,249,122,318
256,257,258,67,324,260,261,68,71,200,269,271,18,276,84,86,89,283,96,34,229,230,249,106,243,116,245,121
257,258,322,260,324,262,72,73,267,16,89,248,34,229,122,245,312,249,58,253,318
257,258,322,260,324,262,75,76,267,276,213,150,89,248,229,243,245,312,249,122,318
256,257,258,322,260,262,199,267,13,88,89,93,30,32,34,35,229,230,37,44,52,245,119,248,318
195,135,73,10,138,74,206,81,275,276,84,147,23,86,91,155,231,297,237,303,176,115,246,182,184,122
69,135,73,10,138,329,202,269,81,275,84,87,89,91,98,231,107,237,109,303,246,311,251
130,67,324,68,200,267,269,80,209,18,212,21,87,88,96,168,106,43,110,51,246,120,121,252,255
257,258,322,260,259,262,267,89,287,34,229,230,295,115,245,248,249,122,318
128,257,259,324,261,262,69,269,81,83,85,278,215,87,89,283,92,287,230,295,109,112,114,117,253
259,324,69,70,71,8,330,269,17,81,21,87,27,283,99,230,166,295,42,178,307,244,182,253,254
256,257,258,322,260,259,262,89,91,287,248,34,229,230,295,41,245,312,249,122,318
259,69,73,10,138,329,74,269,16,81,209,275,87,91,287,230,295,237,109,303,239,246,311,251
256,257,258,66,324,260,262,259,69,264,267,269,79,276,87,89,283,287,230,106,107,243,245,252,253,254
256,257,258,322,260,259,262,264,267,89,287,248,96,34,229,230,295,109,241,245,312,249,122,252,318
257,130,258,260,324,262,261,259,68,71,329,269,79,276,189,86,283,311,230,169,106,49,116,246,247,249,188,253
257,258,260,261,262,324,68,71,267,269,275,86,89,281,34,229,39,105,47,116,245,248,122,318
256,69,263,328,264,11,269,271,274,276,84,87,281,283,230,42,106,241,243,119,252,253,254
0,1,324,69,68,264,269,79,273,19,276,88,281,26,27,94,41,106,43,110,241,116,246,120,121,122
66,3,69,198,264,267,269,80,273,81,276,87,88,281,283,91,225,42,109,241,51,308,243,246,252,253,254
259,263,74,267,268,80,272,276,88,247,31,99,103,107,48,51,246,119,253,125
324,69,68,71,264,329,269,79,273,276,189,86,281,283,223,289,39,41,106,241,188,116,117,247,316,253,254
68,70,71,73,10,329,140,138,266,79,81,275,84,277,86,91,313,106,237,116,246,311,121,251
256,65,71,72,263,9,76,77,269,12,271,79,274,276,283,156,32,42,106,47,244,245,253,254
320,321,195,324,261,69,12,269,80,81,146,83,276,85,278,87,92,101,166,105,109,114,178,117,311,318
257,258,324,261,5,260,262,329,69,267,271,83,277,213,87,89,120,104,107,243,117,246,245,248,249,122
256,257,324,68,70,71,328,8,267,12,269,276,21,86,23,283,99,164,230,166,42,106,178,116,245,121,253
256,130,324,69,264,269,79,273,81,279,87,283,106,43,46,241,243,252,316,253,254
130,324,5,69,198,264,68,71,70,11,269,79,276,84,86,279,282,26,121,165,106,43,243,116,249,191
128,261,69,263,268,269,81,84,85,278,87,89,92,288,98,100,101,104,109,114,115,117,246,248
71,8,265,202,11,77,269,17,21,23,283,27,32,99,164,166,40,297,178,244,245,182,187,188,253
258,69,326,263,264,11,268,269,80,273,274,281,283,289,99,106,241,114,242,243,182,253,254
324,261,68,69,71,70,267,76,269,271,143,79,83,85,86,218,92,121,100,106,116,117,246,120,249
130,324,133,5,68,69,71,269,79,276,86,279,26,218,283,165,170,43,106,116,117,121,252,254
324,69,326,71,9,330,269,77,79,208,274,276,214,283,32,42,106,110,47,241,122,253,254
128,321,68,261,69,269,83,85,278,215,87,91,92,166,105,107,109,174,111,112,114,117,125,184,253
1,261,69,263,264,269,80,81,83,85,87,89,92,98,105,109,112,114,115,117,248,249,253,63
69,8,12,269,77,17,274,81,21,87,154,27,283,99,166,42,109,305,178,244,245,182,188,253,254
69,264,267,269,141,15,80,273,276,86,88,100,165,300,174,48,241,51,308,179,246,249,252,253,254
259,69,73,10,138,202,269,81,275,84,276,87,89,91,98,292,107,237,109,239,303,246,251
69,73,138,10,74,329,202,269,81,275,87,89,91,284,98,292,237,109,239,303,246,251,255
128,256,261,69,75,269,143,81,83,85,278,87,89,92,93,94,248,97,98,109,117,120,250,63
128,324,261,69,264,203,268,269,81,212,84,85,87,89,91,92,223,98,43,109,60,117,248,313,316
259,69,135,73,10,138,74,329,270,81,275,84,87,282,91,108,237,109,239,114,117,246,251
130,67,260,261,68,263,264,75,269,270,18,277,86,94,96,121,106,43,116,120,249,250,251
69,200,73,10,138,74,202,78,269,16,81,275,87,89,91,231,237,109,239,246,311,249,251
320,318,68,261,69,71,199,266,269,79,275,86,88,281,167,39,234,106,47,241,116,246,121,251,253,254
256,258,68,262,263,72,71,269,273,275,276,86,119,281,89,225,39,47,116,117,247,248,122,252,253,254
130,324,69,264,269,79,273,274,81,279,87,283,313,106,43,241,243,252,119,249,316,253,254
321,261,69,269,81,83,212,85,278,84,87,89,91,92,95,98,231,105,109,112,114,115,117,248
130,67,324,261,69,68,264,70,71,269,270,79,18,82,276,86,87,96,121,106,111,241,116,247,249,252
3,69,198,263,264,12,268,269,15,273,17,21,283,225,229,233,106,238,241,243,117,118,252
130,324,69,261,68,264,263,266,267,71,269,79,276,278,86,88,279,121,229,313,106,43,107,116,249
68,326,71,9,11,269,77,79,208,274,214,283,95,32,42,106,301,47,244,116,187,253,254
65,68,69,325,327,264,269,26,283,162,166,103,106,107,45,174,241,114,117,316,125,184,249,314,252,253
69,261,264,269,81,274,84,85,87,89,92,95,248,98,163,43,109,114,115,117,120,313
258,67,261,69,264,269,270,80,81,18,86,87,89,56,283,96,248,290,98,229,104,109,241,246,120,252
324,69,261,264,266,269,273,213,85,87,283,92,160,100,106,298,237,241,49,252,117,120,316,253,191
257,130,324,5,69,68,70,71,269,79,86,89,121,98,312,37,106,241,243,116,117,246,248,249,188,127
2,70,199,71,201,266,264,207,88,280,217,167,173,53,181,119,121,250,251,189
130,259,5,134,198,69,8,264,269,270,26,283,282,106,43,108,109,110,113,243,117,246,55,59,252,191
66,69,73,138,10,202,269,81,275,276,84,87,89,26,91,98,109,46,239,246,247,251
69,135,73,138,10,203,268,269,16,81,275,84,276,87,88,26,91,237,109,239,116,246,251
65,195,68,81,211,276,119,280,218,94,290,101,166,103,105,170,107,42,174,114,247,184,59,253,318
73,138,10,329,140,202,268,16,81,205,275,84,276,210,209,280,87,91,237,239,242,246,119,251
324,68,70,71,8,202,269,274,275,276,84,21,86,27,283,99,164,166,42,106,237,178,244,116,121,188,253,319
324,68,71,269,79,208,144,146,276,55,86,283,92,29,95,105,106,41,42,110,112,180,244,116,247,188,253
66,259,263,265,74,268,272,211,90,31,289,99,102,48,50,119,253
69,5,264,11,269,79,273,81,276,277,87,283,104,106,47,241,243,252,117,313,316,253,254
324,69,264,9,269,79,273,275,276,281,90,283,247,99,39,106,47,241,316,182,252,253,254
324,69,264,329,10,269,81,275,84,213,87,281,26,91,283,106,109,239,124,243,246,253,126,251,252,317,254
128,261,69,263,266,269,81,83,84,85,278,87,89,92,96,98,106,43,109,114,117,54,248,249,250,63
68,71,73,10,138,81,275,84,276,86,216,91,290,102,231,106,237,46,303,116,246
66,323,195,135,72,265,269,206,208,274,276,283,155,91,289,41,176,114,115,309,182,119,248,122,253,254
68,7,71,73,74,268,269,270,275,276,84,277,86,282,219,91,102,103,237,242,116,117,246,247,253
66,259,68,263,71,265,74,268,79,272,276,86,253,31,95,99,100,101,48,116,313,124,125
324,261,326,71,72,202,12,269,77,76,274,85,283,92,32,105,42,114,115,244,245,187,62
257,5,262,69,8,267,269,77,271,17,81,21,89,283,98,99,166,40,168,109,178,244,245,246,124,253,126
128,257,258,261,69,269,81,83,85,278,215,87,89,92,93,109,111,240,112,114,115,117,313
324,69,261,68,71,10,75,269,79,276,277,86,279,283,28,95,165,106,241,188,116,117,120,252,253
324,261,198,68,71,329,10,141,77,275,19,85,86,282,26,94,98,106,43,110,113,116,117,246,121,122
5,69,263,328,71,267,269,142,79,273,81,276,212,87,95,98,100,241,305,188,308,117,123,252,254,127
71,8,77,269,142,17,274,275,20,21,279,283,157,36,164,166,178,244,245,118,119,187,188,253
69,263,330,269,142,79,80,273,279,88,281,283,225,39,241,51,308,117,244,118,123,252,253,254
68,70,71,73,138,10,75,270,16,81,275,276,86,282,91,231,106,237,303,239,116,117,246,311,121
69,73,138,10,140,202,269,81,275,84,87,89,91,220,98,231,237,109,239,303,244,246,251
69,263,72,265,264,269,274,146,21,217,283,284,91,289,227,41,107,50,243,119,252,253,254
256,257,324,69,71,8,12,269,17,81,276,21,87,27,283,99,230,166,42,109,178,244,245,182,253,254
128,258,259,261,69,269,81,83,85,278,215,87,89,92,108,109,240,112,114,51,115,117,243,180,120
67,68,71,265,269,144,18,146,276,86,283,92,96,105,41,106,112,114,115,180,116,121,253,190
130,324,69,264,330,269,80,19,276,279,87,26,283,106,43,60,241,243,252,309,313,316,254,191
257,324,68,70,71,8,202,12,269,276,21,86,27,283,28,99,164,166,40,42,106,237,178,244,116,121,253
324,69,264,74,267,203,269,272,277,283,120,165,168,106,43,174,243,246,311,248,313,316,254
257,2,323,324,69,70,199,71,326,266,202,269,77,208,274,214,89,283,32,40,42,241,252,253
130,5,69,264,138,269,79,276,84,87,153,218,282,26,91,283,39,106,241,306,243,246,182,252,253,254
69,264,268,269,271,277,86,87,283,289,106,241,242,243,178,120,249,252,253,254
66,69,263,264,268,269,273,274,87,283,39,106,241,242,243,117,313,123,252,253,254
0,1,69,263,72,137,75,269,141,19,276,280,281,218,247,27,94,289,290,100,101,103,41,107,109,119,252,253
68,261,70,71,200,271,79,83,277,86,93,100,234,106,44,109,111,177,116,117,246,120,121,251
324,261,69,12,269,80,81,213,278,87,85,89,90,283,92,98,105,298,109,112,114,243,117,191
320,69,264,267,269,80,273,81,86,88,283,32,248,106,43,110,241,51,243,117,246,120,121,252,254
330,141,208,145,146,147,144,155,156,158,164,293,36,167,169,171,301,302,175,304,177,180,309,181
2,135,330,142,143,144,145,146,18,155,284,157,158,160,161,294,296,170,299,175,178,179,52,180,184
128,321,193,330,203,145,146,147,149,154,157,158,159,162,167,171,174,175,304,114,115,179,182,185
130,5,141,144,147,148,153,158,159,165,294,293,296,170,43,172,301,174,175,305,306,177,179,310
141,142,143,144,145,211,148,149,147,153,154,155,156,158,31,167,296,169,299,172,174,175,177,179
330,141,146,150,152,153,158,296,170,299,300,301,174,175,304,305,306,307,308,177
135,73,10,138,141,16,81,275,148,91,156,184,158,292,170,172,237,174,303,175,300,179,307,246,311,310
200,329,10,138,330,142,271,145,147,148,156,158,292,170,299,172,174,303,175,177,306,309,246,310,184,251
330,11,143,145,147,148,149,150,151,22,152,159,32,160,165,296,297,168,299,42,302,304,178,307,309,182,184
65,324,329,10,138,16,145,144,275,26,155,156,311,157,158,160,170,173,302,303,175,306,179,180,181,246,55
330,141,147,148,158,292,293,169,170,299,300,172,174,175,303,177,307,308,309,179,310,184
68,261,71,265,330,269,142,144,273,81,147,86,119,87,88,158,160,294,299,109,302,178,307,308,309,116,118,253
70,330,266,141,142,88,281,155,157,158,160,161,164,167,296,39,168,175,304,178,307,308,181,118,55,190
330,145,146,147,149,155,156,158,294,167,296,169,297,299,172,302,175,304,176,178,179,309,184
198,330,141,142,144,146,148,157,158,159,295,296,299,172,300,174,175,304,305,306,307,308,178,310,184
330,141,142,144,146,279,155,156,157,158,160,164,168,170,300,175,304,305,178,307,179,309,181,180
142,143,144,146,147,148,155,284,158,160,293,294,167,296,297,170,299,108,172,302,301,175,179
142,143,145,146,147,149,155,156,92,158,161,294,295,296,297,169,299,170,174,175,178,309,54,310
72,73,330,142,143,144,146,147,150,151,152,284,159,160,161,162,165,294,296,168,170,299,307,182,184,185
66,265,141,144,146,147,150,152,153,154,155,284,158,160,294,296,169,299,107,300,302,175,177,178,306,179,119
1,330,142,144,147,148,149,155,158,160,296,105,170,299,172,174,175,112,178,307,114,309,310,184
200,330,141,142,147,148,158,292,293,170,299,172,174,175,303,177,305,307,308,309,310,184
128,321,330,141,148,220,184,158,162,292,167,170,299,300,172,174,175,303,307,308,117,309,179,120,310,252,63
330,145,150,151,152,30,32,35,165,230,167,168,297,170,42,300,237,233,303,174,307,308,309,52,55,182
3,12,143,144,83,150,151,152,92,159,161,162,34,164,165,294,296,105,168,299,171,43,111,112,182
143,144,146,147,148,149,154,284,158,159,160,294,167,296,170,299,172,302,175,305,178,179,182,183,184
330,141,148,156,157,158,292,293,167,170,299,172,173,174,303,304,177,175,179,307,181,310,184
65,71,143,144,145,147,88,155,156,157,158,161,167,297,173,302,303,304,175,178,179,180,181
330,141,143,145,146,147,155,29,158,159,294,297,170,299,174,175,304,306,307,308,309,180,184
330,266,141,145,19,276,150,151,152,156,159,292,165,167,168,303,304,177,175,307,308,309,47,311,179,182,186,316
2,330,142,144,145,146,147,148,155,156,157,93,158,164,294,38,296,298,299,175,178,307,308,181,61
130,330,141,148,153,158,292,167,170,300,172,174,175,303,177,178,307,308,306,179,310,184
330,141,142,144,145,148,149,88,155,157,158,167,296,297,170,172,174,175,304,305,178,180,310,184
73,10,329,138,81,275,147,148,154,184,158,292,294,231,167,172,237,174,303,239,175,243,307,308,246,311,179
129,65,330,143,144,145,146,147,155,311,157,158,294,169,170,173,302,175,304,178,307,308,309,180,181
141,143,144,146,147,155,284,157,158,160,294,296,41,170,299,108,173,302,175,300,179,180,181
128,193,330,141,144,83,149,155,157,158,160,161,164,166,167,170,171,301,175,304,240,114,179,305,180,185
321,193,203,142,209,148,149,212,87,151,90,158,162,165,296,168,299,171,109,175,114,115,50,61
68,261,71,143,144,145,146,147,148,149,86,87,281,155,31,294,296,299,110,304,112,178,180,116,184
258,324,330,141,145,148,149,89,154,158,287,166,295,167,297,170,171,172,301,174,175,177,307,308,309,310,179
4,142,143,144,146,147,148,211,150,151,152,155,159,160,99,165,294,296,168,170,299,302,175,182,125,62
330,143,145,146,148,149,153,154,283,158,164,167,296,299,171,172,174,175,304,178,307,179,184
330,142,143,145,146,147,148,88,155,158,159,295,297,170,299,172,302,175,304,178,309,310,184
141,148,150,154,158,292,293,295,296,169,167,170,172,174,175,303,177,305,179,308,307,310,184
128,130,131,132,5,134,135,133,136,138,10,140,139,16,81,26,286,291,239,246,123,124,126
128,130,131,132,133,136,137,139,140,146,23,284,285,286,287,288,289,290,52,122,123,124,125,126
128,321,1,195,130,131,133,134,132,136,139,140,83,212,278,90,92,285,286,291,105,240,117,123,124,126,63
128,130,131,324,133,134,135,136,138,10,140,139,16,81,275,276,219,287,290,291,246,123,124,126,127
128,130,131,132,133,134,135,136,73,138,10,140,139,16,81,91,285,286,288,290,231,237,239,246,123,125,126
192,128,130,131,133,8,137,138,136,17,21,23,27,286,287,289,164,166,42,47,178,244,123,188,127
128,130,131,132,133,135,136,137,138,139,140,145,286,287,288,289,290,230,236,122,123,127
128,130,131,132,5,133,136,137,139,140,18,285,286,288,289,290,291,33,52,56,253,123,125,126
64,65,128,130,131,132,133,136,137,139,204,140,17,276,23,285,286,287,288,290,122,42,55,186,123,125
128,130,131,324,133,134,132,136,11,12,139,140,208,283,286,287,32,289,291,40,42,123,47,122,315,124,126
128,130,131,132,133,135,136,138,139,12,140,17,21,23,221,286,287,288,285,290,40,42,236,55,122,123,125
128,130,131,132,133,134,135,136,73,138,10,140,139,16,81,275,151,91,286,288,291,231,237,239,303,246,123
128,130,131,132,133,134,135,136,139,140,285,286,287,288,289,290,291,123,124,125,126
128,130,131,132,133,135,136,137,139,140,273,220,286,288,289,290,39,241,308,123,127
128,130,131,132,133,134,136,137,139,140,285,286,288,289,290,123,124,125
128,320,130,131,132,133,134,136,137,203,139,140,285,286,288,289,290,43,117,123,125
128,129,130,131,132,133,136,137,265,139,140,19,285,286,287,288,289,290,291,122,123,124,125
128,130,131,132,133,136,137,138,139,140,220,286,287,288,289,290,291,308,122,123,124,127
128,129,130,131,132,133,136,137,139,140,218,285,286,288,289,290,291,233,170,107,123,119,122,59,124
128,130,131,132,261,134,133,136,137,138,203,139,140,83,92,285,289,229,43,110,240,117,55,122,123,127
128,130,131,132,133,134,136,137,139,140,83,212,85,278,285,288,289,290,291,240,117,123,124,126
128,2,130,131,132,70,199,133,201,137,265,136,139,140,217,285,286,288,289,290,41,173,55,123,124
192,128,130,131,132,197,133,136,139,204,205,140,208,23,286,287,288,290,42,44,47,55,57,122,123
128,130,131,324,132,134,133,136,138,139,140,277,285,286,288,290,232,43,239,123,63
128,129,130,131,132,5,134,133,136,137,138,139,140,285,286,287,288,289,290,43,122,123,127
128,65,130,131,132,133,70,136,137,139,140,17,23,28,285,286,287,288,290,42,55,57,122,123,124
128,130,131,132,133,134,136,137,139,140,285,286,287,288,289,290,293,123,125,127
128,129,130,131,132,133,134,135,136,138,10,140,139,286,288,289,290,231,239,246,123
128,2,130,324,131,70,199,133,201,266,265,134,132,136,207,139,140,217,286,289,291,53,123,124,126
128,65,130,131,132,133,134,136,137,139,140,218,286,287,288,290,291,233,107,123,55,122,59,124,125
320,194,325,198,327,200,199,9,205,208,209,210,212,213,215,27,317,313,314,187,316,189,191
194,197,327,199,329,10,138,201,202,205,207,16,208,209,275,210,213,215,216,231,317,239,246,187,189,191
194,324,197,199,328,329,10,202,138,201,205,80,209,210,275,213,215,216,91,187,186,317,316,189,191
193,194,323,196,325,326,324,327,198,197,203,199,201,202,205,208,209,207,210,213,215,191,187,317,319
322,323,194,260,6,328,205,208,209,145,210,213,215,287,236,315,187,317,319
320,194,324,325,198,327,199,201,205,208,209,210,145,213,214,215,317,313,314,187,316,189,191
322,323,324,325,194,199,200,329,10,72,328,74,205,209,210,275,213,215,221,315,312,314,187,317,319
322,194,197,327,199,73,329,10,138,202,201,205,16,81,209,275,210,213,215,216,91,231,246,187,317,191
192,191,322,323,194,326,135,200,329,202,199,205,208,209,210,213,214,215,216,315,187,188,317,319
2,323,322,199,71,201,202,327,205,207,208,210,214,217,167,187,315,188,189
322,323,196,195,6,194,328,202,12,205,209,210,211,213,215,217,230,236,315,245,313,187,316,317,319
322,194,324,198,199,328,329,138,72,202,205,78,209,210,275,213,215,152,94,317,187,316,315,188,189,191
194,324,69,327,200,329,199,9,201,205,208,209,210,213,214,215,216,283,47,316,313,314,187,188,317,191
320,194,324,319,198,199,201,205,207,209,210,215,217,26,167,42,43,53,189,314,316,317,191
320,194,324,198,263,326,328,199,205,208,209,210,82,213,214,215,94,187,47,241,189,314,123,316,317,191
257,322,194,324,260,134,199,328,200,205,209,210,213,215,221,287,34,229,187,51,245,312,315,317,318
320,318,194,323,324,67,198,199,200,205,209,210,18,213,215,26,282,96,317,314,187,316,189,190,191
192,323,196,197,326,68,261,69,204,269,205,208,209,81,210,214,87,88,89,98,106,187,109,47,116,186,315,317
320,194,323,324,195,198,327,328,200,197,199,201,202,205,208,209,210,213,215,317,314,187,316,189,191
320,321,194,324,197,198,199,328,201,202,205,207,208,209,210,213,215,233,42,187,308,55,186,317,316,189,191
192,194,323,326,328,200,202,12,204,205,208,209,210,213,214,215,287,32,42,236,47,315,187,188,317,191
192,194,195,197,199,201,204,205,209,210,211,148,213,215,176,183,186,187,317,191
320,321,2,3,194,197,198,199,328,135,201,12,205,209,210,213,215,223,38,42,187,47,313,314,317,316,189,191
65,194,195,324,133,198,328,137,205,81,210,211,209,213,215,218,290,233,170,107,187,182,55,186,59,189,318
320,130,194,324,5,198,197,199,201,202,204,205,208,209,210,213,214,215,26,218,43,313,186,187,316,317,191
66,323,196,194,199,328,205,209,210,211,213,215,216,217,289,41,187,48,186,315,317
320,194,323,324,69,198,67,200,264,199,205,78,209,18,210,213,86,215,96,43,187,51,246,314,317,316,189
128,321,194,195,197,199,328,201,202,203,12,204,206,205,209,210,212,213,215,223,47,117,187,316,191
320,321,128,194,196,197,199,328,201,203,205,209,210,213,215,89,223,47,117,312,186,187,316,317,191
194,323,196,199,328,200,202,329,205,208,209,145,210,213,215,216,287,236,315,187,317,319
322,194,197,199,200,329,10,138,202,73,201,205,16,81,208,275,210,209,213,215,216,91,246,187,317,191
65,2,133,326,328,137,204,205,209,210,214,119,215,218,290,166,103,170,107,187,53,247,186,59
320,194,324,197,198,326,328,199,201,202,204,205,208,209,210,213,215,26,186,187,316,317,190,191
321,194,323,196,199,201,204,205,209,210,211,213,87,215,89,232,109,48,186,187,61,191
320,321,194,324,198,199,328,329,201,203,205,208,209,210,189,213,215,156,106,43,110,55,187,316,317,191
194,323,324,199,329,138,10,73,202,205,16,209,210,275,213,215,216,91,28,237,186,187,188,317,191
128,321,194,195,196,197,199,328,201,202,203,77,206,205,209,210,273,212,213,278,215,87,117,187,61,191
322,194,200,73,329,10,138,202,205,81,210,275,209,213,215,216,231,40,42,237,239,177,187,188,189
257,322,194,324,197,198,199,200,328,201,191,205,209,210,213,215,34,315,245,312,187,317,318,319
321,322,323,196,324,194,197,200,328,199,201,12,205,209,210,213,215,187,312,186,315,316,317,191
320,194,324,198,199,328,201,269,205,208,209,210,213,214,215,281,25,317,47,314,187,316,189,191
320,321,193,194,324,325,197,199,200,329,201,203,205,209,210,213,215,92,232,43,117,120,314,187,60,191
320,321,193,67,68,325,324,194,200,198,199,203,205,78,209,210,18,212,213,86,215,159,96,34,120,187,317
194,324,133,196,197,328,199,201,202,205,208,209,210,211,213,215,217,218,31,170,48,119,186,187,124,191
320,194,323,196,197,199,200,201,204,205,209,210,148,213,215,31,176,183,186,187,316,317,191
194,323,324,198,199,328,200,205,209,210,211,213,215,26,94,317,315,55,186,187,316,189,191
320,321,193,194,324,197,198,199,328,201,203,205,209,210,213,215,94,104,52,117,314,187,316,317,191
320,322,194,324,327,200,9,205,208,209,210,213,215,283,98,317,313,314,187,316,189,318,191
191,322,194,197,326,327,200,329,138,199,201,202,205,81,209,275,210,213,214,215,216,231,187,239,251,189,319
0,323,3,325,327,328,200,12,205,209,210,213,85,215,220,223,289,187,60,47,315,316,317
194,197,327,135,329,10,138,73,202,199,201,16,205,207,275,208,213,209,210,216,215,91,237,187,317,191
322,194,197,135,199,329,73,10,138,202,201,205,207,81,208,275,84,209,210,213,216,215,91,237,239,187,191
322,194,324,5,319,327,200,329,10,197,199,328,201,202,205,208,209,210,213,215,187,312,315,317,318,191
320,194,324,197,198,325,199,201,204,205,208,209,210,276,213,214,215,26,187,186,317,316,189,191
321,194,324,196,198,197,328,199,201,202,12,269,205,206,208,209,210,213,215,283,29,42,47,187,253,254,191
320,194,324,69,6,327,197,199,201,202,205,208,209,210,213,214,215,43,50,316,56,313,314,187,60,317,191
320,194,324,197,198,327,326,199,201,205,207,208,209,210,213,214,215,237,316,314,187,188,189,254,191
320,193,194,325,197,327,199,329,201,202,205,208,209,210,212,213,215,317,314,187,316,189,191
194,323,135,328,329,10,138,202,73,75,205,76,145,210,275,209,215,216,91,287,236,237,315,187,319
192,323,324,326,328,202,12,269,205,208,209,210,275,213,214,283,39,42,47,48,315,187,317
320,194,323,197,199,200,328,329,202,201,205,209,210,213,215,317,47,314,187,316,189,191
320,194,197,198,327,328,199,201,205,208,209,210,213,214,215,279,317,47,48,314,187,316,189,191
192,194,323,326,328,202,269,205,208,209,210,214,215,279,283,42,187,47,182,314,315,188,191
192,194,323,324,67,326,200,202,269,205,208,209,18,210,214,215,282,283,96,42,47,315,187,188,317
192,321,128,323,196,195,326,194,202,204,205,206,208,209,210,214,215,283,123,187,47,315
322,194,324,325,197,327,199,329,202,201,205,270,15,209,210,213,215,228,109,316,313,314,187,188,189,191
321,66,195,196,323,194,205,209,210,211,275,213,215,217,31,172,48,189,313,186,187,317
320,322,194,324,197,198,199,328,200,201,202,12,205,209,210,213,215,300,315,314,187,316,317,191
320,321,193,194,196,197,198,199,201,202,203,205,208,209,210,212,85,213,215,216,187,316,317,191
128,321,193,194,196,197,198,199,201,203,204,205,209,210,83,212,85,213,215,89,240,187,316,191
320,194,3,323,198,199,200,329,328,201,205,14,209,210,213,215,47,118,189,313,314,187,316,317,191
322,194,197,326,327,200,73,329,10,138,140,199,201,16,81,202,275,205,213,209,210,216,214,215,231,187,191
194,195,135,328,329,10,138,73,202,140,205,16,81,210,275,211,209,213,215,216,91,237,187,189,318
320,194,324,198,327,326,199,205,208,209,210,213,214,215,43,47,53,118,189,313,314,187,316,317,190,191
128,321,193,320,196,194,197,199,201,202,205,207,208,209,210,83,213,215,240,117,187,316,317,191
193,194,197,326,198,199,201,202,205,207,208,209,210,83,212,85,213,215,283,92,223,105,117,187,316,190,191
321,194,67,323,196,195,68,200,324,199,205,80,209,208,210,18,213,215,282,96,105,41,189,187,253,191
321,194,323,324,196,325,327,201,205,208,209,145,210,213,215,287,317,236,315,187,61,319
324,70,199,71,201,266,265,205,207,208,209,210,215,217,167,53,117,189,121,187,317,191
192,194,323,200,201,202,328,9,205,208,209,210,214,215,216,217,187,315,188,317
