643,196,710,711,201,205,206,208,598,1048,155,28,350,862,496,433,497,53,952,55,888,444,62
711,267,717,397,150,471,151,153,154,155,283,604,797,863,673,292,567,742,809,41,43,1069,22,886,887,568
832,193,1025,902,70,1036,205,396,80,914,28,925,989,350,669,33,862,1064,748,496,497,1074,949,54,571,444
193,194,195,197,199,201,912,210,723,982,350,351,239,753,881,949,58,764,62
267,717,845,147,854,471,473,602,154,603,604,155,153,864,283,349,222,292,742,440,434,567,568,379
1025,196,903,904,711,713,207,208,730,796,989,862,797,416,417,1062,806,1064,750,755,571,191
642,261,776,973,142,852,1045,213,599,278,598,281,214,860,343,227,422,743,362,314,238,178,1075,502,570
776,75,270,596,277,598,599,597,213,55,347,158,375,160,161,159,297,46,47,688,178,307,308,52,310,1079,314
1088,705,706,707,708,68,70,704,267,715,331,337,403,157,33,37,429,496,381,309,58,380,701,702,703
640,641,515,139,140,147,724,57,34,35,743,300,177,626,179,756,757,632,633,637,638,639
516,139,140,717,335,147,57,611,299,300,301,238,175,177,179,756,757,759,632,633,634,635,638,639
640,641,139,140,335,147,724,34,35,743,300,177,179,756,757,57,636,637,638
194,195,643,197,199,201,207,912,848,723,350,351,739,239,753,58,764,62
194,195,643,197,199,201,207,912,210,723,598,982,350,239,881,753,58,764,62
382,1028,517,69,68,331,460,337,338,147,958,35,299,44,300,175,177,50,179,56,57,830
706,517,331,338,147,35,299,44,555,300,175,177,50,179,436,56,57,701,382
847,211,340,344,345,347,348,349,223,227,228,170,108,109,494,812,493,178,1079
776,777,845,918,984,985,281,860,861,222,354,868,869,870,314,317,316,1085
453,454,456,847,211,277,278,917,223,227,228,102,870,424,233,493,494,495,1072,314,318
257,79,659,729,90,92,158,159,160,293,39,40,47,48,688,240,306,569,59,124,63
257,79,659,729,90,92,159,479,293,39,40,41,43,47,48,688,240,306,569,124,63
196,902,711,904,903,713,778,779,207,208,796,797,416,673,417,1062,1064,750,53,55,888,571,191
194,195,197,199,201,848,210,723,982,924,351,739,740,741,750,881,753,755,764,62
198,903,904,1044,981,1047,95,416,96,739,741,678,489,682,491,492,813,622,750,946,947,438,439
79,729,90,411,412,92,158,159,160,157,287,614,42,46,688,307,52,308,447
65,963,268,141,83,21,88,409,95,96,99,101,678,551,682,939,365,238,175,176,883,756,757
194,195,197,199,201,912,401,210,848,723,597,982,351,1057,739,879,239,753,564,761,764,62
659,473,602,603,604,158,159,39,40,41,43,46,47,48,688,434,307,308,52,120,59,124
659,473,602,603,158,159,39,40,41,43,46,47,48,688,434,307,308,52,120,569,59,124
897,659,55,473,602,39,40,41,43,46,47,48,688,434,307,308,52,310,759,120,59,124
897,659,55,473,602,603,41,43,684,46,47,48,688,434,307,308,52,310,759,120,59,124
193,194,643,195,197,902,199,837,201,713,716,207,912,730,989,1060,741,1063,809,58,62
640,641,515,139,461,724,34,35,300,177,626,50,756,757,632,57,636,637,638
198,903,904,267,211,1044,534,1047,473,416,417,96,867,739,741,738,678,682,491,492,300,501,635
324,330,395,204,334,80,405,163,36,166,295,167,296,168,169,303,943,624,625,944,945,1082
194,195,643,642,197,199,201,713,207,912,848,723,982,351,740,741,239,753,58,62
322,844,847,211,1085,278,791,918,344,225,161,227,228,102,39,488,233,40,493,494,495,880,573
394,780,340,344,345,346,347,348,349,281,223,800,801,798,799,170,811,108,109,812,178,1079,314
192,513,835,197,590,591,592,593,210,664,665,601,925,546,547,548,549,550,941,49,883,948,759,763
135,776,777,779,845,206,918,984,281,985,860,861,222,420,869,870,425,314,378,1084,829
193,902,711,70,205,145,722,914,403,154,989,416,673,33,1060,806,1063,809,106,107,942,54,886,888,380,381
780,781,340,917,344,345,347,348,349,798,799,800,801,170,811,108,812,109,178,1079,1084
394,780,781,340,917,345,347,348,349,798,799,800,801,170,811,108,109,812,1079,1084
340,344,345,346,347,348,349,799,223,170,108,109,812,178,1079
194,195,197,199,201,848,912,595,723,725,982,351,739,740,741,750,879,239,753,755,764,62
776,845,918,984,985,281,860,861,222,353,868,869,870,871,872,314,378,1085,318
212,214,918,984,215,222,354,868,869,871,872,873,425,426,366,1072,1073,499,378,316,317
257,79,659,533,729,90,411,412,92,158,159,160,293,40,42,46,240,306,307,52,308,569,63
257,79,659,533,729,90,411,412,92,158,159,160,293,40,42,688,240,306,307,308,569,63
776,845,211,277,278,601,539,860,348,224,225,161,227,228,102,488,233,495,375,765,766
323,647,970,659,601,120,864,681,59,759,41,43,878,46,47,48,688,498,307,308,52,55,310,698,1019,124,63
453,917,214,919,215,353,354,868,869,872,873,425,424,376,377,378,316,317,318
64,258,259,644,583,328,910,911,336,339,248,932,933,294,235,236,173,305,948,566,312,60,61,127
6,968,907,908,909,268,21,1022,408,89,1050,232,810,939,365,366,1071,304,176,117,889,126
64,259,583,328,653,336,152,357,294,173,948,245,566,312,443,60,127
776,845,211,277,539,222,224,225,161,227,228,102,488,233,686,495,1072,375,314,765,766
203,205,145,155,92,286,481,356,1061,106,107,684,433,243,436,502,122,123
203,205,145,155,286,481,356,1061,551,106,107,684,433,243,436,502,759,122,123
65,1090,648,652,528,401,912,595,596,597,598,599,594,925,929,103,366,49,564,570
264,12,16,18,20,413,223,164,229,230,231,104,168,169,741,364,997,1013,1014
71,72,74,79,158,159,160,46,688,48,307,308,52,120,569,59,63
320,321,322,325,326,327,521,76,77,525,524,144,875,876,877,319
71,72,74,158,159,160,46,688,307,308,52,310,120,569,59,63
576,579,580,581,203,398,401,598,23,599,862,929,674,803,804,554,496,564,1076,1077,889,890,508
71,72,647,74,158,159,160,46,48,688,307,52,308,120,569,59,63
71,72,73,74,411,412,158,159,160,46,688,307,52,308,120,59
453,845,917,919,860,861,353,354,868,423,424,873,316,377,378,252,317,318
1090,904,207,21,726,661,662,222,735,224,225,416,355,417,32,1062,101,102,361,998,488,495,49,56,378
775,776,777,845,212,918,984,985,281,860,861,222,870,314,1072,1073,378,1085
259,644,963,6,583,395,80,336,1042,339,980,790,88,415,929,609,1059,357,296,236,173,127,312,250,60,511
1090,133,135,583,525,728,794,1050,31,224,735,356,229,998,230,231,294,103,366,60,304,113,114,49,116,952,828
394,780,147,340,344,345,346,347,348,349,798,34,108,109,177,178,1079
320,321,322,325,326,327,521,76,77,525,524,144,875,876,877,319
845,918,984,985,281,860,861,222,353,868,869,870,871,872,873,1073,314,1085,318
845,918,984,985,281,860,861,222,353,868,869,870,871,872,873,1073,314,1085,318
322,776,522,523,524,76,847,211,344,345,347,348,349,223,227,228,233,876,493,494,1073,178,319
260,966,7,905,399,400,535,475,95,96,609,931,358,936,937,682,363,938,112,243,245,246
394,77,340,344,345,346,347,348,349,811,108,109,494,175,1073,178,1079
132,134,574,585,459,846,80,414,415,926,421,615,616,631,880,630,247,444,445,446
384,385,386,256,389,148,149,150,151,862,352,741,747,748,749,750,751,752,118,119,189,190,191
71,75,90,1051,92,159,160,297,46,47,48,688,307,308,52,310,120,569,59,124
257,961,964,79,659,216,729,90,411,412,293,422,743,40,39,47,48,240,306,182,569,63
1088,705,706,707,68,69,708,337,17,31,481,356,37,484,106,555,171,429,51,436,371,380,703
642,199,200,404,1046,855,284,995,997,1001,1002,1003,620,1008,1009,434,1074,1011,373,374,1016
193,903,148,149,150,151,155,352,740,741,107,748,747,750,749,751,752,755,122,123
193,711,203,267,205,145,468,153,154,155,283,673,356,106,107,433,567,122,123
194,709,201,912,210,723,595,594,598,599,982,925,350,351,866,239,753,881,564,949,313,763,764
71,72,74,90,92,158,159,160,297,46,688,307,52,308,120,59
832,577,581,912,401,210,723,980,1048,350,351,929,762,103,880,49,305,753,564,313,250,507,764,763
1029,1030,1031,1032,969,80,977,18,976,20,794,859,987,990,545,235,815,816,822,825,826,827,444,125
963,964,965,271,272,83,84,85,86,87,88,89,1050,97,99,100,101,232,939
963,964,965,271,272,83,84,85,86,88,89,1050,97,98,99,101,232,939,255
963,964,271,272,83,84,85,86,88,89,1050,97,98,99,101,934,232,939,255
963,968,271,272,83,84,85,86,87,88,89,1050,97,98,99,100,101,939,255
963,968,271,272,83,84,85,86,87,88,89,1050,97,98,99,100,101,934,939,255
963,964,965,83,84,85,86,87,88,89,1050,97,99,100,101,934,939,255
963,964,965,974,83,84,85,86,87,88,89,99,100,101,232,939,366
3,707,390,263,14,16,274,403,284,413,94,545,165,38,229,104,230,231,997,748,1014,374
193,642,199,848,148,149,150,151,284,352,416,867,740,741,739,747,748,749,750,751,752,755
1029,1030,1031,1032,976,977,18,20,857,794,987,859,990,545,164,235,496,827,444,1087
0,1,2,4,8,9,10,13,851,341,24,25,26,91,93,480,104,110,439
135,970,843,206,529,530,984,985,163,420,356,743,556,557,111,498,563,116,307,52,829
1024,324,457,395,204,334,209,275,405,539,166,167,296,169,168,303,1082,828
324,457,395,204,334,209,275,405,343,539,167,296,169,168,303,625,1082,828
265,401,27,28,220,669,670,672,671,621,431,496,113,435,628,121,570
711,854,471,473,154,603,604,477,478,479,602,673,476,292,742,684,1069,368,886,959
0,2,4,8,9,10,202,13,341,24,25,26,91,474,93,480,608,38,54,439,571
453,845,917,919,860,861,353,354,868,423,424,425,316,377,378,252,317,318
391,203,205,145,22,95,96,481,356,106,107,173,433,243,436,502,122,123
963,964,965,83,84,85,86,87,88,89,99,100,101,232,939,366,255
963,964,965,83,84,85,86,87,88,89,97,98,99,100,101,232,939,366
67,260,644,966,586,588,655,661,662,537,609,355,933,358,935,936,937,105,497,627,246
1088,387,68,69,11,78,718,17,338,273,852,31,608,481,484,37,490,555,44,171,51,371,380,381
322,327,776,268,847,1040,211,278,344,225,227,228,102,488,233,40,493,494,495
73,479,159,39,40,297,41,43,46,47,48,688,307,308,52,310,120,59,124
71,72,74,79,412,158,159,160,297,46,688,307,52,308,120,59
2,4,11,13,17,273,341,342,24,25,26,91,93,480,484,489,171,172,110,115,371,439
320,321,322,325,326,327,521,76,77,524,144,875,876,877,319
576,578,131,70,585,1034,334,528,411,1051,412,157,415,28,862,293,617,618,45,688,496,497,54
257,323,71,659,158,159,608,160,46,47,688,240,48,307,308,52,182,120,569,59,63
268,140,716,595,21,598,599,408,606,607,300,365,238,301,176,175,756,757,126,635,638,639
128,129,135,972,398,529,530,17,342,24,481,163,484,485,489,427,111,370,371,115,501,1013
514,515,259,392,137,393,138,140,141,460,335,146,147,296,236,301,302,626,756,757,638,639
382,1028,331,78,338,147,927,35,555,300,44,1070,299,177,179,372,311,56,57,830
454,7,136,266,458,396,523,15,721,82,856,27,28,29,30,477,33,745,428,492,496,500,760,187
128,129,972,398,529,530,401,149,598,599,23,155,546,547,548,549,106,427,107,370,371
577,382,196,263,200,844,15,208,145,82,529,530,791,792,856,27,29,286,30,880,496,49,628,573,574
265,329,844,791,27,28,669,1054,671,672,670,29,220,30,286,807,621,880,496,121,573
704,265,266,844,791,27,28,669,29,671,672,220,30,286,37,621,880,49,496,628,121,573
1085,212,918,919,353,354,868,869,870,871,872,873,425,426,378,316,701,318
203,205,145,148,155,286,481,356,106,107,433,243,436,502,122,123
645,582,584,147,535,605,606,926,349,929,607,936,937,489,619,174,175,627,1012,371,883,571
148,149,150,471,151,602,154,603,604,477,478,352,284,292,740,747,748,1069,749,750,368,751,752,755,54,379
515,516,645,392,712,202,140,335,147,19,857,1068,301,1004,1005,1006,1007,626,1075,1008,1010,431,1013,632,633,635,639
0,1,2,4,8,9,10,13,463,19,341,26,91,93,480,171,369,115,439
193,203,1035,205,145,148,155,30,286,356,106,107,433,243,436,502,122,123,62
954,956,142,14,1042,916,917,726,20,278,32,226,290,1063,360,873,234,362,361,679,378,1019,316,317
515,712,202,268,140,402,21,408,410,95,96,678,682,365,238,175,176,756,757,632,638,639
832,203,205,15,912,145,723,155,28,925,29,351,30,286,107,433,753,313,123,763
1085,212,214,215,919,353,354,868,869,871,872,425,873,426,499,185,186,253,318
453,1085,917,919,353,354,868,869,870,871,424,873,376,377,378,316,317,318
64,192,258,583,328,336,152,357,294,173,948,245,566,312,443,60
258,583,328,584,336,1042,152,606,357,294,619,173,175,948,245,566,312,443,60
64,258,583,328,905,336,152,475,357,294,173,948,245,566,312,443,60
704,771,776,843,271,277,1045,278,213,281,155,860,349,228,933,102,998,233,495,561,690,818,375,314
640,641,515,461,147,724,34,35,300,177,626,179,756,757,50,632,634,636,637,638,639
641,515,516,140,299,300,301,176,626,179,756,757,632,633,634,635,638,639
640,641,515,516,140,141,461,335,147,724,34,299,302,626,179,756,757,632,633,636,637,638,639
67,260,644,966,839,971,655,661,535,536,537,609,355,419,358,936,105,937,938,497,246
322,326,327,776,270,401,277,406,344,281,538,347,348,349,223,224,227,293,40,493,494,178,884,887,377,314,319
196,710,903,904,201,713,207,208,796,797,416,417,740,741,1062,1064,239,881,755,53,55,888,571,191
386,389,903,904,527,149,119,730,862,416,417,676,741,677,750,111,815,817,820,821,823,699,189,190,191
640,515,516,140,268,461,335,724,301,176,626,1075,756,757,632,633,634,635,636,637,639
132,134,585,330,459,399,80,790,414,415,162,615,616,496,247,444,445,446
257,71,79,659,729,90,293,743,39,40,240,306,182,183,120,569,59,63
136,266,396,781,780,15,82,982,664,28,286,351,800,33,801,798,799,103,811,812,496,49,564,56,762,764
451,389,527,530,467,404,149,862,676,677,823,111,815,817,306,1074,432,820,118,821,816,819,189,190,191
194,195,643,197,903,199,201,713,207,912,210,416,1057,239,881,761,571,572,62
194,195,197,201,713,207,912,723,925,351,416,1057,750,239,881,753,755,761,571,572
709,650,203,912,594,595,723,596,982,597,350,351,1057,866,107,879,239,881,753,313,763,764,572
0,1,2,4,8,9,10,202,13,19,341,24,25,26,91,93,104,369,634
384,256,193,389,464,465,466,467,276,468,285,482,867,620,237,236,241,242,116
256,385,386,389,390,135,203,189,149,469,163,356,106,107,174,111,116,118,119,699,829,190
132,644,134,585,910,399,80,911,336,790,545,162,932,421,933,235,305,61,247,248,444,445,446
71,72,73,74,79,411,158,159,160,46,688,307,308,52,120,59,63
576,577,580,581,648,585,909,1038,528,1042,596,597,598,23,599,925,350,221,32,929,803,804,616,496,62,511
135,520,206,79,529,530,984,729,985,159,163,420,743,42,46,111,498,307,116,308,52,700,829,63
71,72,74,79,90,158,159,160,297,46,688,307,52,308,120,59
64,192,258,644,583,328,336,357,294,173,948,245,566,312,443,60,61
130,132,134,585,459,399,470,1049,414,415,162,421,166,295,235,309,248,444
71,72,73,74,79,158,159,160,46,688,307,52,308,120,59,63
131,459,1038,334,216,411,412,415,32,617,618,44,45,688,497,496,247,56,445,446
260,966,586,588,846,655,406,727,537,475,609,355,358,935,936,105,937,497,246,249
1091,132,330,458,204,334,80,275,405,163,36,166,295,998,615,168,169,943,624,625,944,945,946,1082,827,444
897,900,520,660,279,280,183,729,287,675,611,743,680,43,686,687,693,182,695,891,700,447
897,71,72,520,74,79,659,279,280,183,729,159,287,743,46,558,182,55,59,700,447
71,647,72,74,73,158,159,160,59,46,688,307,52,308,120,569,698,1019,63
1024,324,457,395,204,334,209,275,539,163,167,295,622,303,943,944,946,625,828
457,395,334,209,275,539,163,164,165,166,167,296,169,168,622,303,943,625,946,947,944,624,1082
457,395,204,334,209,275,539,165,295,296,169,167,622,303,943,625,946,947,944,624,1082
1091,132,133,134,585,330,459,399,80,790,415,162,421,615,938,627,309,247,444,445,446
1091,132,133,134,585,330,459,399,80,790,415,162,421,615,616,627,247,445,446
324,457,395,204,334,209,275,405,163,164,165,166,167,296,169,303,943,1082,828
322,772,776,845,918,984,985,281,347,860,861,344,354,870,40,314,375,378,316,1085
324,457,395,204,334,209,275,539,163,167,295,296,622,303,943,944,946,828
453,917,919,353,354,868,869,871,872,873,423,424,377,378,316,317,318
516,68,711,203,909,526,402,469,155,96,481,356,106,107,942,238,176,433,243,436,632,123
902,776,330,716,722,147,340,277,344,345,347,348,349,34,227,108,109,887,177,178,309,949,1079,888,315
1085,212,918,919,868,869,870,871,872,873,425,426,378,316,317,318
704,707,68,69,70,708,330,267,715,830,80,852,153,154,155,283,608,37,429,567,380,702,703
640,641,515,516,139,140,461,147,724,300,301,626,179,632,633,635,636,637,638,639
641,515,516,517,138,140,141,460,21,300,301,302,176,626,1075,757,632,635,638,639
451,259,263,264,844,15,16,18,20,791,856,282,27,29,286,30,608,735,164,430,880,628,1016,573
451,387,263,264,266,274,19,403,282,284,286,30,608,484,165,38,430,373,438,1014,441
448,202,11,463,81,17,273,480,484,485,489,171,172,813,110,115,439
257,642,711,267,79,914,19,659,342,153,154,155,283,797,416,741,759,1069,942,758,567,54,571,381
6,968,907,268,909,908,973,21,1022,408,89,1050,540,232,810,365,1071,304,176,117,443,126
391,203,205,15,400,145,402,148,22,30,928,481,226,106,107,367,243,244,502,122,123,382
963,964,965,271,272,83,84,85,86,87,88,89,98,99,100,101,232,939,366,255
64,66,259,6,583,152,88,735,31,1059,357,294,296,236,173,442,312,250,443,60,61,127
962,132,133,134,966,967,265,586,844,588,910,399,80,911,791,792,795,414,607,418,932,619,880,573,511
897,71,520,447,659,279,280,729,287,743,43,560,182,183,59,700,63
256,385,384,389,390,464,465,466,467,276,468,285,482,237,241,242,116,118
324,457,395,204,334,209,275,539,163,165,166,167,296,169,303,625,946
451,387,1091,902,263,904,903,266,264,395,15,274,722,20,403,282,27,286,30,33,490,748,236,888
451,3,387,263,266,205,274,403,282,284,989,94,30,33,490,748,174,373,438,441
768,769,770,453,776,766,214,984,219,354,868,869,872,425,426,873,499,378,765,254,767
773,453,455,777,214,215,216,183,219,184,37,422,743,423,425,426,619,819,182,375,822,185,186,253,766
64,192,258,583,328,336,152,609,357,294,173,948,245,566,312,443,60
391,203,205,15,400,145,22,352,481,802,226,356,106,107,367,243,436,244,502,122,123,382
320,321,322,325,326,327,521,522,76,77,524,144,344,345,870,40,233,875,876,877,1085,319
320,321,322,325,326,327,521,523,76,77,524,144,344,345,40,875,876,877,319
320,321,322,325,326,327,521,524,76,77,344,40,233,875,876,877,319
320,321,322,325,326,327,521,522,524,76,144,344,40,875,876,877,319
3,390,14,274,403,19,282,26,156,413,94,545,229,38,230,231,997,104,1014,438,441
193,642,387,199,200,1033,1034,1035,274,403,19,282,284,94,1001,748,749,620,434,373,374,565
642,323,387,199,200,14,274,282,156,284,33,484,1001,748,620,1074,434,373,374,438,565,441
832,513,323,835,197,1036,205,912,145,210,913,914,27,29,30,286,351,1057,106,49,433,881,502,763
578,709,650,394,12,16,849,595,340,982,346,94,863,223,866,294,168,169,428,109,500,54,887,566,187
256,384,390,143,465,466,467,276,469,468,285,482,620,749,237,241,242,116,501,190
322,772,776,845,918,984,985,281,344,860,861,222,354,870,40,314,375,378,316,1085
768,769,770,453,774,456,787,788,917,214,789,353,423,424,425,252,376,377,378,316,317,318,767
768,769,770,771,776,781,766,214,215,918,219,868,869,871,872,425,426,873,378,765,254,767
704,963,707,261,262,702,145,82,958,726,87,984,985,986,224,32,226,290,997,360,361,234,883,956,126
67,261,262,6,268,653,142,654,213,541,32,873,1066,314,365,44,442,883,564,117,56,378,126
1091,132,134,585,330,459,399,80,790,414,415,615,616,247,444,445,446
132,134,585,330,459,80,790,414,415,421,615,616,247,444,445,446
1029,1030,1031,1032,969,909,976,977,18,404,857,859,987,156,990,608,1080,125,1087
320,321,322,325,326,327,521,522,523,76,77,524,144,875,876,877,319
320,321,322,325,326,327,521,522,524,76,77,144,40,875,876,877,319
716,912,210,723,982,925,350,351,863,879,239,753,949,761,760,313,764
704,453,212,214,215,919,868,869,422,423,872,425,426,186,424,499,185,378,253,254
454,455,456,777,779,780,781,214,219,798,799,800,801,185,423,425,426,499,184,377,378,253,254
833,450,449,519,329,333,401,27,220,1054,672,289,291,435,437,1081
322,268,908,594,211,278,918,729,224,225,228,102,488,233,40,493,494,495,365,240,759
768,769,770,771,772,773,774,781,217,218,425,1072,375,765,766,767
768,769,770,771,772,773,774,781,217,218,1072,375,765,766,767
768,705,769,3,770,390,774,14,274,282,156,413,94,229,38,230,231,748,1014,438,441,767
711,854,150,471,151,153,154,602,603,604,478,476,542,477,292,742,1069,368,1013,379,381,959
965,6,968,202,511,268,973,974,21,408,409,88,540,934,551,232,810,365,238,176,127
1088,705,706,707,708,68,70,704,69,701,337,853,986,37,814,379,380,957,702,703
132,134,585,459,399,80,414,415,162,166,615,616,309,247,248,444,445,446
193,200,1033,1035,403,148,149,150,855,284,221,352,740,741,613,747,748,749,750,751,752,755,373,374
576,577,258,578,580,581,583,328,1038,336,1042,735,357,294,554,173,49,566,312,443,60,1021
576,577,578,580,581,583,328,1038,336,1042,735,929,357,294,554,173,49,566,312,443,60,1021
453,214,215,354,868,869,423,872,425,426,873,186,424,499,377,378,251,316,317,254
453,776,917,214,215,354,868,869,423,424,425,426,873,186,499,377,378,251,316,317,254
320,321,322,325,326,327,521,522,523,76,77,524,144,875,876,877,319
1089,1090,452,1029,1032,969,268,975,976,977,408,409,858,987,990,551,180,181,759,1080,1087
320,321,322,325,326,327,521,522,76,77,525,144,875,876,877,319
641,515,516,140,335,724,299,301,626,1075,757,632,633,634,635,637,638,639
132,134,585,459,399,80,414,415,162,166,615,616,309,247,248,444,445,446
832,1036,652,723,596,598,23,599,925,350,351,32,33,549,753,564,949,313,570,764,702
573,132,134,574,585,459,844,846,80,414,415,926,162,421,615,616,631,880,629,630,247,445,446
261,262,6,268,142,917,471,281,353,868,869,358,424,873,378,495,176,304,112,117,314,316,317,126
318,453,214,919,353,354,868,869,870,871,872,425,426,873,378,316,1085,254
640,641,139,140,141,147,724,300,301,302,177,1075,756,757,632,57,635,636,637,638,639
716,912,210,723,982,350,351,863,313,879,239,753,949,760,761,762,764
196,710,135,829,206,208,403,149,22,472,984,985,476,221,478,33,420,368,53,55,379,380,381,959
519,265,332,401,595,27,220,669,1054,670,672,671,28,486,103,487,621,942,113,435,121,126
265,332,27,28,220,669,670,672,671,995,103,807,808,621,431,496,113,435,628,121,570
64,192,258,644,583,328,336,357,294,173,948,245,566,312,60,61
715,718,850,851,469,534,279,216,183,794,411,859,795,221,95,998,743,41,618,43,45,501,822,182,827,700
198,712,267,402,1044,534,1047,473,95,96,867,678,682,491,492,622,943,238,625,946,947,945,1082
384,256,390,143,464,465,466,467,276,468,285,482,749,111,241,242,116,829
192,258,583,200,328,848,336,1053,312,867,739,613,741,357,490,364,173,750,948,373,374,1015,950,566,60
322,394,340,344,345,346,347,348,349,40,170,108,109,812,178,1079
394,340,344,345,346,347,348,349,223,799,170,108,109,812,178,1079
322,327,394,340,344,345,346,347,348,349,223,40,170,108,109,178,1079
394,340,344,345,346,347,348,349,223,799,170,108,109,812,178,1079
322,327,394,340,344,345,346,347,348,349,223,40,170,108,109,178,1079
768,769,453,774,787,788,917,214,215,789,353,423,424,425,252,376,377,378,316,317,318,767
768,769,770,453,776,781,766,917,214,354,868,869,871,872,425,426,873,378,316,765,254,767
963,964,965,511,85,662,87,88,89,1050,736,98,418,1058,419,232,874,363,939,366,249,127,255
132,134,585,459,399,790,535,727,536,537,538,415,162,421,166,615,935,936,937,938,309,247,248,445,446
193,386,642,652,848,594,595,723,725,924,925,863,867,739,741,740,620,1069,750,239,753,881,755,949,764
129,644,1038,398,528,401,910,339,596,911,598,599,1048,336,929,546,548,933,932,235,305,370,564,248,61
897,520,656,663,279,183,733,1056,675,805,743,999,744,43,696,690,691,693,182,695,694,1083,700,699
711,650,586,588,844,914,471,791,792,154,153,604,732,478,926,742,1069,368,880,381,629,758,886,630,379,573,574,831
641,515,516,140,335,146,299,300,301,302,626,756,757,632,633,634,635,638,639
641,515,516,140,460,141,724,299,300,301,302,626,756,757,632,633,634,635,638,639
897,71,72,520,74,76,659,279,280,183,472,729,159,287,743,46,52,884,182,55,700,447
322,1030,7,1031,977,18,216,857,987,1052,94,95,96,990,735,165,38,359,1067,815,114,306,309,821,825,826
843,911,531,532,533,600,605,606,607,33,610,612,553,556,557,558,559,560,561,562,563,498,878,182
265,332,401,27,28,220,669,670,672,671,621,496,113,435,628,121,570
517,340,277,724,344,345,346,347,348,349,606,607,161,227,635,299,108,109,493,300,175,178,883,1079,315,638
832,385,323,709,650,716,912,914,595,594,725,723,600,923,863,351,866,879,753,949,118,887,761,763,189
705,706,707,708,68,70,585,1034,267,337,338,403,852,23,28,862,37,429,496,49,497,438,441,380,701,703
0,1,2,4,8,9,10,13,341,215,24,25,26,91,860,93,480,171
322,340,344,345,346,347,348,349,223,40,170,108,109,812,178,1079
394,780,340,344,345,346,347,348,349,798,223,800,801,799,170,811,108,109,812,178,1079
1088,705,706,387,708,68,266,267,274,403,852,855,282,735,995,37,997,1001,490,431,367,951,380,701,703
963,964,965,83,84,85,86,87,88,89,1050,97,98,100,232,939,366,255
640,641,515,517,139,140,335,147,349,57,34,35,175,177,179,756,757,632,633,636,637,638,639
384,385,389,1033,1034,848,464,149,981,855,23,989,862,865,741,806,1069,750,751,1074,118,189,190,191
1,8,9,10,11,17,273,24,25,480,484,485,489,171,172,813,110,115,439
453,774,782,783,784,917,214,215,353,423,424,425,252,376,377,378,316,317,318
453,774,782,783,784,785,786,917,214,353,354,423,424,425,252,376,377,378,316,317,318
964,453,455,782,783,784,785,786,917,214,353,422,423,424,425,252,376,377,378,316,317,318
768,769,453,455,782,783,784,785,786,917,214,353,423,424,425,252,376,377,378,316,317,318
768,769,770,322,772,773,774,327,776,344,217,218,345,40,1072,375,251,765,766,767
768,769,770,453,781,766,918,214,984,868,869,871,872,873,426,425,378,314,316,765,254,767
768,769,770,964,453,776,766,917,214,868,869,422,871,872,425,426,873,378,316,254,767
329,1036,332,396,398,401,531,532,533,598,599,600,923,33,611,39,40,553,556,557,752,498,947,55,1020
453,1084,917,214,918,919,353,354,423,424,811,812,316,376,377,378,252,317,318
128,129,3,710,972,398,14,529,530,599,23,600,94,546,547,548,549,935,106,427,370,371
385,386,323,389,465,914,467,149,236,111,241,242,118,119,1078,570,189,190
256,385,386,389,149,469,862,865,620,237,111,241,118,119,1078,189,190
322,340,344,345,346,347,348,349,223,40,170,108,109,812,178,1079
644,457,205,334,401,275,20,726,155,539,225,226,228,167,360,361,234,362,488,233,303,949,570,956
832,648,652,912,401,723,596,597,598,23,599,220,925,350,351,546,547,548,549,753,564,570
1089,1029,1030,1031,1032,969,202,645,1037,975,976,977,857,474,987,1052,858,990,1066,1067,431,1008,1087
388,5,645,518,975,592,591,340,288,486,487,104,1066,430,369,1009,503,504,1023
193,386,194,197,902,201,848,924,925,416,867,739,741,740,750,754,755,949,888,62
1025,837,903,904,711,650,796,989,797,416,417,673,1057,1064,684,239,886,54,758,571,699
1025,903,904,711,650,796,797,863,416,417,673,1060,1062,1064,684,942,886,887,54,571
1025,902,903,904,711,650,722,796,734,863,416,417,673,1060,1064,949,886,887,888,761,831
257,79,19,659,405,729,411,412,92,479,293,422,39,40,236,240,306,1014,569,186,63
645,7,712,391,526,400,402,95,96,928,608,678,682,1068,1004,1005,367,1006,1007,1010,1013,122
1025,902,711,650,716,462,721,722,854,730,1051,476,478,863,416,673,417,1060,742,684,888,886,760
954,835,709,1030,1031,1029,969,201,955,396,273,982,27,669,30,672,866,940,941,496,113,628,1080,121,762,763,831
1024,711,75,405,854,90,411,412,476,604,479,602,673,603,477,478,742,40,684,47,48,688,124,368,828,959
3,712,1037,14,527,403,404,474,411,1051,156,94,1052,608,104,1067,1068,1004,1071,113,1010,1013,1014,374,441,125
576,644,201,1038,910,528,401,911,339,398,336,598,1048,733,740,548,933,932,235,305,370,755,564,248,61
642,711,650,267,717,279,153,154,155,796,283,863,673,742,759,748,1069,887,886,567,568,761,831
832,201,652,912,401,595,723,596,598,599,982,597,925,350,351,674,879,753,564,313
474,995,807,808,1001,1003,1004,1005,1006,431,1008,1009,1007,1010,1011,1068,1015
135,776,777,829,845,206,918,984,281,985,860,861,222,868,420,870,314,378,1085
641,515,516,140,724,300,301,302,626,756,757,632,633,634,635,638,639
640,641,515,516,139,140,461,724,57,34,35,299,301,177,50,179,756,757,632,633,635,636,637,638,639
385,386,323,389,464,145,466,149,1061,1063,684,237,111,241,242,1074,118,119,1078,189,190
256,385,386,323,389,902,149,989,862,416,751,111,241,242,118,119,1078,189,190
256,385,386,193,323,389,902,149,989,673,106,107,237,111,689,118,119,1078,189,190
641,515,139,140,717,335,147,57,300,301,177,626,179,756,757,759,632,633,635,638,639
516,139,140,147,57,34,35,299,300,301,177,179,756,757,759,632,633,634,635,638,639
832,642,650,1036,716,398,1039,912,1040,914,925,1057,673,684,692,949,758,887,760,761,570,62,831
514,515,392,137,393,140,146,301,626,1075,756,757,632,634,635,638,639
897,71,72,520,74,447,79,659,279,280,729,287,743,43,563,693,182,183,59,700,63
965,648,329,265,332,333,401,220,28,1054,672,289,929,291,103,175,435,437,1081
322,772,966,327,649,330,906,1038,406,536,344,345,346,347,605,414,415,607,865,36,422,870,40,233,43,630,444,1085
1088,771,701,651,334,1038,981,407,1048,919,729,668,415,609,930,353,166,747,556,622,558,878,561,247,444,445,446
960,963,964,965,582,968,905,654,974,980,408,88,410,605,542,607,736,992,99,934,365,627,511
644,966,967,653,654,661,662,606,736,993,994,418,1058,609,932,419,1000,874,1017,1018,511
448,1036,396,909,908,145,983,600,889,608,864,356,558,760,433,882,497,436,693,885,761,1077,697,890,125,892,893
202,11,17,81,273,24,25,480,484,485,489,171,172,813,110,115,439
644,966,586,654,528,661,662,732,736,609,994,419,1058,418,992,874,1017,1018
516,203,140,909,469,981,155,92,608,481,356,806,1063,106,107,942,433,243,436,501,116,502,123,125
576,577,578,579,580,581,274,403,23,282,926,94,862,929,674,554,174,306,438,374,441
964,6,968,973,974,909,271,272,408,409,88,540,99,100,101,934,551,939,365
200,201,1034,1035,1033,717,849,404,1046,855,154,865,567,1001,490,1003,1008,1009,434,1074,1011,951,759,568
132,134,585,459,653,399,80,1021,414,415,932,615,631,616,235,247,444,445,446
193,203,205,145,148,155,350,30,352,286,356,106,107,433,243,436,502,122,123
257,74,79,729,90,411,92,158,159,160,293,39,40,46,306,307,52,569,63
193,203,1036,205,145,155,30,286,356,106,107,496,433,243,436,502,122,123
384,256,389,390,464,465,466,467,276,468,149,989,862,285,482,620,749,241,242,116,190,191
776,777,779,845,918,984,985,281,860,861,354,870,314,375,377,378,317,316,1085
776,779,845,918,984,985,281,860,861,222,354,870,314,375,378,317,316,1085
1091,458,527,851,853,986,676,677,998,1001,814,815,432,817,818,820,821,823,825,826
324,204,334,209,224,163,164,165,38,166,296,169,168,622,303,943,624,625,944,945,1082
71,72,74,90,92,158,159,160,46,688,307,308,52,310,120,59
67,260,644,966,971,655,727,537,609,355,419,933,358,935,936,937,105,938,497,246
257,711,717,659,854,471,473,154,603,604,477,478,479,602,673,476,742,684,368,886,568,959
384,256,385,193,642,389,464,465,466,467,276,149,468,285,482,741,620,237,241,242,116
968,973,974,271,272,21,408,409,540,99,100,934,551,810,939,365,238,176
64,192,258,583,328,336,152,357,294,173,948,245,566,312,443,60
1,9,11,973,974,909,273,17,480,484,485,489,171,172,813,110,238,115,371,439
776,395,908,211,275,277,278,280,348,224,225,161,228,102,167,488,233,109,495,627,375
256,384,385,389,390,464,465,466,467,276,468,285,482,237,241,242,116
256,384,464,465,466,467,276,404,468,285,482,620,749,241,242,116,118,568,190
256,384,385,389,390,464,465,466,467,276,468,285,482,237,241,242,116,118,190
644,582,966,967,905,586,846,399,535,727,536,538,475,732,605,926,607,609,418,936,937,938,874,627,1017,1018
833,449,450,519,332,333,401,27,220,1054,671,289,291,437,1081,570,1023
960,648,584,653,1038,911,528,605,926,606,607,929,992,484,933,937,619,174,175,371,1012,627
1089,513,67,452,6,201,969,268,528,976,595,408,409,857,987,858,859,990,551,305,180,181,1080,1087
192,706,707,708,331,78,593,913,469,534,664,665,987,927,613,37,741,552,298,364,1015,311,1016,380,381
780,340,277,344,345,346,347,348,349,798,801,170,108,109,812,178,1079
382,1028,68,331,267,78,830,338,147,927,555,1070,177,50,372,311,56,57,380,958
960,7,712,526,400,402,595,95,96,608,929,992,735,613,678,359,935,682,367,114,53,122,123
896,832,323,652,592,531,532,533,598,599,600,923,925,350,547,549,687,564,949,887
576,1024,583,648,328,265,1038,528,401,1042,339,598,23,1048,220,670,929,33,803,804,628,566,1081,250
451,454,264,266,396,397,15,1040,913,274,82,282,154,30,286,33,745,41,43,492,496,49,764
384,385,256,389,390,464,465,466,467,276,468,285,482,620,237,241,242,116
903,904,1033,650,1034,713,1035,207,849,855,796,797,416,417,1057,567,1062,1064,887,1074,434,759,571,572,191
640,193,1027,516,517,637,331,140,78,403,724,153,927,483,741,552,299,236,311,632,250,636,381,639
576,577,578,579,580,581,3,528,274,403,23,282,732,94,929,674,554,306,438,374,441
769,453,454,455,456,782,783,784,785,786,917,219,253,423,424,425,252,376,377,378,316,317,767
768,769,453,454,455,456,782,783,784,785,786,917,219,423,424,425,252,376,377,378,316
769,770,453,454,455,456,782,783,784,785,786,917,219,423,424,425,252,376,377,378,316,767
769,770,453,454,455,456,782,783,784,785,786,917,219,423,424,425,499,252,376,377,378,316,767
193,707,7,848,664,665,154,1053,221,739,867,613,741,740,364,685,750,431,755,568,380,61,62
514,392,393,137,138,140,141,460,146,147,301,302,756,757,635,638,639
67,261,262,457,268,142,917,213,281,155,360,873,552,106,314,942,495,176,628,117,378,316,317,126
963,964,965,6,973,83,86,87,88,89,1050,97,98,101,934,810,366,304
194,200,1033,1034,267,906,849,404,1046,471,473,154,153,484,1001,171,368,434,1074,373,950,759,440,381
902,201,848,595,723,725,924,925,863,416,867,739,741,740,750,881,754,755,949,887,888
576,577,579,580,581,391,15,528,400,339,22,1048,928,481,802,674,122,554,367,243,244,1018,188,382,383
768,769,770,453,774,776,781,766,917,214,215,219,868,869,425,426,873,378,499,377,186,252,765,254,767
449,450,833,5,518,519,333,220,1054,288,289,291,486,487,1015,437,503,1023
256,389,390,135,206,143,529,530,149,984,985,224,163,420,356,110,111,116,181,829,191
72,74,79,90,411,92,412,158,159,160,287,157,614,42,46,307,52,59,447
640,641,515,516,300,301,302,626,756,757,632,633,634,635,636,637,638,639
384,256,386,385,390,464,465,466,467,276,468,285,482,741,620,241,242,116,759,190
391,712,526,15,400,977,402,22,95,96,928,37,678,682,367,122,123,382
202,14,997,413,608,545,229,38,487,104,486,1066,489,748,230,231,115,371,1013,1014,504,165
1029,976,977,401,339,595,1048,220,605,669,670,672,671,996,807,552,621,496,113,627,628,1015,121,570
1029,265,976,977,401,339,595,1048,220,669,670,671,672,996,552,621,496,305,113,627,628,1015,121,570
388,5,518,645,27,220,288,929,486,487,1066,1003,430,369,1009,1014,503,504,1023
448,2,4,11,13,17,273,19,81,341,24,25,26,91,93,480,484,489,171,172,110,439
651,716,717,462,591,147,660,920,1051,476,349,734,611,805,746,683,556,557,560,759,699,1020
391,712,526,400,402,595,22,95,96,928,678,682,367,244,122,123,382
388,645,712,1037,273,474,1052,929,503,484,486,487,1066,1003,430,1008,1009,369,439,504
388,645,712,1037,975,273,474,1052,439,929,484,486,487,1066,1067,1003,430,1008,369,1009,503,504
1089,1090,452,268,717,977,1042,408,409,474,987,1052,735,928,802,551,1066,1067,365,180,181,692,759
1033,1034,1035,203,849,914,404,1046,855,865,1001,1003,759,1069,1009,1074,1015,434,950,951
193,642,385,194,389,199,716,148,149,150,284,989,416,352,740,741,748,749,750,751,752,755
384,256,389,390,464,465,466,467,276,149,468,482,749,237,241,242,116,190,191
324,457,395,204,334,209,275,163,164,165,166,168,169,296,622,303,943,625,946,947,1082
324,457,395,204,334,209,275,405,163,36,165,166,167,295,168,622,303,624,625,947,1082
324,134,457,330,204,334,209,275,405,539,36,165,166,295,622,303,947,1082,444
324,457,395,204,334,209,275,405,539,163,166,167,296,169,168,622,303,943,624,625,944
324,457,395,204,334,209,275,405,539,163,166,167,296,169,303,624,625,1082,828
324,457,395,204,209,275,405,343,539,167,296,169,168,233,303,1013,828
193,203,205,596,148,598,599,149,150,151,155,284,350,351,352,33,106,107,748,749,747,239,751,753,752
384,256,193,389,390,464,465,466,467,276,468,149,284,285,482,741,749,750,751,241,242,116,191
384,193,389,711,148,149,150,151,284,989,862,352,741,747,748,749,750,751,942,752,189,190,191
384,256,386,203,464,465,466,467,276,468,285,482,620,237,241,242,116,118,190
257,79,729,90,1051,92,411,412,159,160,287,157,614,743,42,46,688,307,52,182,59,447
640,641,515,138,140,460,141,724,21,300,301,302,626,1075,756,757,632,633,635,637,638,639
513,716,590,912,593,210,723,923,924,925,350,351,546,550,313,879,239,753,761,764
323,707,1042,659,726,183,859,990,864,481,226,360,361,234,684,494,243,502,759,1080,122,123,956
1088,64,706,708,69,68,328,338,1042,927,31,743,173,60,51,948,245,566,312,443,380,703
71,72,74,90,411,158,159,160,46,688,307,308,52,310,120,59
963,965,271,272,83,84,86,87,88,89,97,98,99,100,101,232,939,366
963,964,271,272,83,84,85,86,87,88,89,97,98,99,100,101,939,366
963,964,83,84,85,86,87,88,89,97,98,99,100,101,232,939,366
0,1,2,4,8,9,10,13,341,24,25,26,91,474,93,480,54,439
193,197,711,903,848,148,150,151,730,863,416,673,352,739,740,741,1060,748,749,750,751,755,887
193,386,711,903,848,148,150,151,989,416,352,739,740,741,1060,747,748,1069,750,749,751,755
193,197,711,848,148,150,151,989,416,673,417,739,740,741,1060,352,809,748,749,750,751,755,886
576,577,578,579,580,581,388,648,528,401,598,23,732,929,674,554,503,1018
576,577,578,579,580,581,388,648,528,401,598,23,793,926,929,674,554,430,503
322,327,776,847,211,277,344,345,281,347,227,228,870,40,233,170,493,494,109,178,315,1085
576,577,578,579,580,581,388,648,528,401,23,793,732,929,674,554,1003,1009
576,577,578,579,580,581,648,528,978,979,599,23,732,733,926,929,674,554,506,508
960,844,846,791,792,793,732,605,606,926,936,937,880,627,629,630,631,573,574
844,846,910,791,792,793,732,605,926,935,936,937,880,629,630,573,574
580,582,907,908,909,792,793,732,28,926,607,672,1071,879,496,305,629,1078,438,121,443,1022
891,74,79,90,411,92,412,158,159,160,287,157,611,614,42,46,307,52,59,447
582,584,968,586,907,908,909,339,1048,475,1051,732,926,28,97,98,936,1071,304,496,629,1078,117,1022
386,206,848,16,150,471,151,472,154,797,478,863,867,739,292,364,1069,750,236,754,1013
576,580,581,648,654,528,978,979,980,23,992,929,674,609,937,554,506,505,1018,507,508,511
576,577,960,648,653,654,528,978,980,597,598,599,925,926,541,992,929,674,505,506,507,508,509,510,511
576,577,960,648,653,654,528,401,978,980,597,598,599,732,541,926,992,929,674,505,506,507,508,509,510,511
576,580,581,648,654,528,401,978,979,980,23,732,733,992,929,674,554,506,505,1018,507,508
449,450,833,518,519,329,332,333,1054,671,288,289,291,437,1081,1023
960,648,654,978,979,980,605,926,607,606,929,992,736,1000,937,619,506,627,1018,507,508,509,510,511
960,576,518,648,528,980,605,606,926,607,929,992,995,807,936,808,431,1011,1016,1018,507,509,510,511
960,648,528,980,605,606,607,992,929,994,926,995,807,936,808,1002,431,1015,1016,1018,507,509,510,511
580,581,648,528,401,978,979,980,23,992,929,674,609,554,506,570,505,1018,508,509,510,511
384,385,386,256,464,465,466,467,276,209,468,285,482,620,237,749,241,242,116
512,899,900,649,589,1041,657,1043,916,728,731,675,553,687,690,697,893,894,575
320,321,322,325,326,327,521,523,524,76,144,40,875,876,877,319
0,1,448,8,9,10,11,17,273,81,480,484,485,489,171,813,110,115,439
902,711,903,904,650,716,721,722,989,863,416,673,1060,742,1064,684,949,886,887,888,761,831
576,577,578,579,580,581,648,911,528,23,732,605,606,926,992,929,674,607,554
153,711,150,471,854,473,154,602,603,604,478,476,479,673,797,477,292,742,1069,368,568,959
576,577,578,579,580,581,388,648,528,401,598,732,929,674,554,430,1009,503,570
153,711,854,471,473,154,602,603,604,478,476,479,673,797,477,292,742,684,1069,368,568,959
153,711,854,150,151,471,473,154,602,603,604,477,478,476,479,797,292,742,1069,368,568,959
576,577,578,579,580,581,388,648,528,401,598,599,929,674,554,430,1009,503
576,577,578,579,580,581,648,528,401,596,597,598,599,23,929,674,554,564,570
389,711,903,904,468,119,730,989,478,416,673,1060,1061,742,684,368,242,886,567,568,118,699,189,190
323,389,711,468,119,730,989,478,673,1060,1061,742,1063,759,684,368,242,886,567,568,118,699,189,190
711,650,717,959,154,603,604,476,734,477,478,673,567,742,684,887,368,692,886,759,568,831
1089,1090,5,518,645,1037,402,595,725,665,924,1052,288,545,676,677,103,1066,1067,1068,1004,879,817,1010,1013,503,504
776,457,395,275,277,1045,278,213,345,347,539,349,225,227,228,167,488,233,108,493,109,303,178,314,315
582,574,844,653,846,535,791,793,792,732,605,606,926,607,937,880,629,630,631,573,446
582,844,846,911,791,792,793,732,605,606,926,607,937,619,880,629,630,631,573,574
449,450,833,518,519,329,333,220,670,1054,288,289,291,437,1081,1023
446,586,459,844,846,791,792,793,732,926,936,937,619,880,629,630,631,573,574
582,844,846,791,792,793,732,926,414,936,937,938,619,880,629,630,631,573,574
582,844,846,535,791,792,793,732,605,926,607,937,619,880,629,630,631,573,574
582,844,846,911,791,792,793,732,605,606,926,607,937,619,880,629,630,631,573,574
704,582,844,846,791,792,793,732,926,414,936,937,938,619,880,629,630,631,1017,573,574
260,966,582,967,586,588,661,662,535,727,537,732,609,994,355,358,935,936,937,874,246,1017,1018
968,973,974,271,272,84,21,408,409,540,99,100,934,551,939,365,238,176
960,961,653,654,911,605,542,606,544,992,994,993,736,607,926,543,1000,936,541,991
960,961,653,654,605,926,542,544,992,994,543,993,541,991,936,1000,619,1017
322,847,211,344,345,346,347,348,349,223,228,40,233,170,108,109,494,493,178,1079
960,961,582,586,653,654,535,732,541,926,543,992,993,994,609,544,542,991,1000,937,936,627,1017,1018
193,386,387,200,266,274,403,282,284,1053,156,735,741,809,490,748,750,49,306,755,373,374,438,441,190
966,653,654,661,662,792,538,732,736,993,1058,994,609,418,419,1059,1000,936,874,1017,1018
193,259,324,264,457,204,720,209,275,405,343,735,930,167,296,169,679,236,685,622,303,754,61,127
1025,196,903,904,520,208,529,530,531,145,149,598,23,599,155,989,350,29,416,417,33,867,549,106,239,700
577,578,579,452,648,398,1038,528,529,530,598,23,599,474,350,928,929,802,33,804,427,433,370,1014
574,459,844,846,791,792,793,732,605,926,415,936,937,880,627,629,630,631,573,446
843,610,611,612,683,556,557,878,558,559,561,562,563,560
1025,835,764,713,650,1036,207,912,913,723,982,924,351,1057,313,239,879,881,753,949,761,572
1026,843,651,610,611,612,683,556,557,878,558,559,561,562,563
843,1043,610,611,612,683,556,557,878,559,558,561,562,563,560
1026,843,988,610,611,612,683,556,557,878,559,558,561,562,563,890
1026,843,610,611,612,683,556,557,878,558,559,561,562,563,560,747
512,896,841,649,589,719,1041,1043,915,916,600,728,675,680,553,686,687,882,697,575
843,1043,610,611,612,683,556,557,878,559,558,561,562,563,560
1026,843,988,610,611,612,683,556,557,878,559,558,561,562,563,890
1026,843,610,611,612,683,556,557,878,558,559,561,562,563,560,747
193,259,264,457,204,720,209,275,405,343,539,735,930,165,167,296,169,679,236,685,303,754,61,127
834,843,600,610,611,612,680,683,556,557,941,687,560,561,558,878,559,955
836,843,663,667,610,611,612,683,556,557,558,559,560,561,562,563,878,885
192,513,709,955,590,591,592,593,595,664,665,923,924,925,351,546,548,550,941,879,763
513,590,591,592,593,595,600,601,922,923,664,925,665,924,546,548,549,550,940,941,953,954,955
192,513,709,590,591,592,593,595,723,664,665,923,924,925,351,546,547,548,550,298,879,753
513,590,592,593,723,725,664,665,923,924,925,351,737,546,547,548,549,550,879,239,753,955
590,592,723,596,597,598,599,600,23,664,665,601,925,924,546,547,548,549,550,753
832,723,596,598,23,599,664,665,924,925,350,737,546,547,548,549,550,753
832,590,723,596,598,23,599,600,601,923,924,925,350,546,547,548,549,550,753
896,513,590,591,592,593,533,600,665,922,923,925,546,547,548,549,550,940,941,953,955
1024,324,457,395,204,720,209,275,404,405,539,92,930,163,166,167,296,168,492,685,303,947,828
451,200,404,405,855,608,1001,1068,1004,1005,1006,1008,432,434,1074,1010,373,374,950,1007,118,250,828
966,535,536,537,538,727,732,605,926,606,544,609,355,933,935,936,937,938,619
966,584,654,535,536,537,538,727,732,605,606,609,994,933,935,936,937,938,627,1018
966,654,535,536,537,538,727,605,541,606,609,994,933,935,936,937,938,619,627,1018
260,966,654,727,535,537,536,538,605,542,606,543,609,355,933,358,935,936,937,938,619
590,591,592,660,600,601,922,923,667,546,548,550,940,941,693,953,954,955
512,836,589,657,1041,1043,660,663,667,731,675,612,553,170,686,687,693,694,885,697,575
513,593,596,597,598,23,599,664,665,924,925,546,547,548,549,550,753,955
256,384,389,464,465,466,467,468,276,149,989,237,749,751,1069,241,242,116,568,190,191
256,198,903,1033,1034,981,855,154,862,865,738,740,741,806,293,1063,1069,750,1074,755,951
709,593,145,723,595,725,596,982,664,665,925,866,879,753,570,949,761,762,763,764
709,593,723,595,725,596,982,664,665,925,351,866,37,879,753,570,949,762,763,764
709,593,145,595,723,596,725,982,664,665,925,351,866,879,753,570,949,762,763,764
704,709,401,593,595,723,596,598,725,982,664,665,925,866,762,879,753,949,570,763,764
709,593,145,595,723,725,596,982,664,665,925,866,879,753,570,949,761,762,763,764
640,641,515,516,140,300,301,626,756,757,632,633,634,635,636,637,638,639
641,515,516,140,461,335,299,300,301,626,1075,632,633,634,635,637,638,639
641,515,139,140,460,141,335,57,300,301,302,626,756,757,632,633,635,638,639
129,195,201,844,398,911,401,339,595,598,1048,926,606,607,546,739,548,750,879,305,755,564,630,570
193,642,199,200,969,204,973,974,405,867,741,934,296,169,620,622,750,238,751,946,947,373,374,1082
640,193,1027,516,140,461,78,403,724,153,34,483,739,741,552,299,236,750,381,755,374,311,632,633,636,637
644,966,584,586,588,910,911,528,654,605,926,606,609,994,932,933,938,874,627,1012,1017,1018
513,590,591,592,593,600,601,922,923,665,925,664,546,548,549,550,940,941,953,954,955
835,650,716,652,912,723,595,725,982,596,597,924,925,351,737,879,239,753,761,764
1033,1034,855,154,865,738,739,740,741,806,673,1063,490,1069,750,1074,755,434,190
835,650,716,717,1036,913,914,154,797,286,1057,1060,759,881,692,949,758,887,760,886
323,650,716,717,912,914,594,595,596,597,599,598,723,863,759,887,753,692,949,758,567,761,831
650,716,717,1036,912,914,594,595,596,597,599,598,723,759,887,753,692,949,758,567,760,761,831
650,716,717,1036,912,914,594,595,596,597,599,598,723,863,759,887,753,692,949,758,567,761,831
192,513,709,590,592,593,594,595,725,664,665,924,925,866,546,548,550,879,753,570,763
192,709,716,593,594,595,723,725,598,596,597,599,664,665,925,351,866,879,753,762,763
320,321,322,325,326,327,521,522,76,77,524,144,875,876,877,319
192,709,716,593,594,595,723,725,598,596,597,599,664,665,925,866,762,879,753,570,763
446,459,845,212,918,984,860,868,869,870,871,872,873,425,247,378,1085,318,445
832,652,723,596,597,598,599,23,925,350,929,546,737,548,549,753,564,759,570
832,648,652,723,596,597,598,599,23,925,350,737,546,548,549,753,564,759,570
193,391,203,205,15,145,22,730,155,286,481,356,106,107,433,243,436,502,122,123
71,72,74,90,411,92,412,158,159,160,287,157,611,614,42,46,307,52,308,59,447
832,648,652,912,401,594,723,596,597,598,599,23,595,925,350,929,546,737,548,549,753,759
832,648,912,401,594,723,596,597,598,599,23,595,925,350,929,546,737,548,549,175,753,759
128,11,273,17,19,342,24,25,283,480,484,485,489,171,759,110,115,371,1013,439
1026,843,668,611,612,683,556,557,558,878,559,561,562,563,560
512,836,649,589,1041,1043,915,663,600,728,667,675,612,553,687,693,694,885,697,575
650,1036,716,717,914,1051,734,863,1064,759,692,949,758,887,760,761,886,699,1021,831
832,709,1036,716,912,210,723,725,982,925,350,351,866,550,313,879,753,949,761,762,763,764
832,709,1036,716,912,210,723,725,982,924,925,350,351,866,550,313,879,753,949,761,762,763,764
832,1036,716,912,210,723,725,598,982,925,350,351,866,313,239,879,753,564,949,761,763,764,62
832,643,1036,716,912,210,723,725,598,599,982,924,925,350,351,313,239,753,564,949,761,58,763,764,62
647,649,651,719,657,658,915,660,916,663,728,666,667,668,731,675,680,686,693,694,695,697
899,900,646,647,649,651,657,658,1041,660,916,915,728,667,668,731,675,680,690,695,697,894
646,647,649,714,719,657,658,915,660,916,663,728,666,667,668,731,675,680,686,690,693,695,697
646,647,649,714,719,657,658,915,660,916,663,728,666,667,668,988,731,675,680,690,691,697
899,900,646,647,649,651,719,657,658,1041,660,915,916,663,728,666,667,668,731,675,680,690,691,697
897,71,520,447,79,659,983,280,279,729,159,160,287,743,558,46,179,182,183,889,700,63
646,647,649,714,719,657,658,915,660,663,728,667,668,988,731,675,680,686,690,697,890
832,195,196,709,710,197,70,201,206,208,594,595,608,866,165,879,1009,53,1013,1014,763,380,381,62
577,581,582,967,966,586,844,588,661,662,791,792,538,992,993,609,418,419,1000,874,619,880,497,249,573,574
576,577,578,579,132,580,134,581,585,330,459,399,80,415,674,615,616,554,247,444,445,446
960,961,653,654,605,926,606,992,993,994,607,541,542,991,1000,936,937,627,1017,1018
960,961,653,654,911,605,926,606,992,993,994,607,541,542,991,1000,936,627,1017,1018
1025,837,711,904,717,855,730,989,416,673,417,1060,1061,1063,1064,809,942,692,886,758,568,54
647,651,719,657,915,660,663,600,728,983,667,668,731,675,680,686,693,694,695,696,697
834,646,647,649,719,657,658,915,660,663,728,667,731,610,675,680,686,693,694,695,697
646,647,840,649,714,1083,719,657,658,915,663,728,666,667,731,675,680,686,693,695,697,891
647,649,651,915,660,600,920,728,667,668,731,675,680,746,683,878,558,560,561,690,691,697,698
1026,646,649,651,657,660,600,920,666,667,668,675,999,680,744,746,683,560,690,691,697,698,890
647,649,651,657,915,660,920,728,667,668,731,675,680,746,683,556,558,878,560,690,691,697,698
64,66,451,259,263,264,200,266,15,274,856,282,27,29,286,735,608,30,164,430,382,127
131,205,80,145,401,216,411,155,412,157,30,286,674,356,617,618,106,107,45,433,436,182
3,14,794,859,795,413,545,229,230,231,997,38,104,814,815,816,817,818,820,1014,823,825,826
3,14,794,859,795,413,545,229,230,231,997,38,104,814,815,816,817,818,819,820,821,1014,825
3,14,794,859,795,413,545,229,230,231,997,38,104,814,815,816,817,818,820,821,1014,825,826
711,650,716,914,722,734,863,1064,760,692,949,758,887,886,761,888,831
646,649,843,719,657,660,663,920,667,675,805,680,744,686,561,690,691,885,694,697,698
646,649,1034,651,971,719,657,915,660,920,728,731,988,675,805,680,744,690,691,884,694,697,1083
132,134,585,330,459,399,80,790,414,415,421,615,616,235,247,445,446
640,641,515,516,140,300,301,626,756,757,632,633,634,635,636,637,638,639
644,584,727,605,926,606,607,609,929,992,994,933,355,991,936,937,938,619,1012,1018
584,727,732,606,607,992,609,929,994,355,933,991,936,937,938,619,627,1012,1017,1018
833,449,450,519,265,332,333,401,220,1054,671,289,291,437,1081,570
576,577,388,645,648,528,401,339,596,597,598,599,980,607,929,674,486,487,1003,619,302,430,1009,503,570
3,14,18,20,413,545,676,677,229,230,231,997,38,235,814,815,816,817,819,820,821,1014,823,824,825,826
711,906,458,150,471,602,603,154,604,478,27,864,29,30,286,292,440,1064,1069,368,760,434,950,759,568,379
896,512,899,836,841,589,663,667,675,612,1065,686,560,693,885,697,1020,894,895
896,899,836,841,777,651,920,667,668,675,553,1065,683,746,557,686,560,563,697,698,1020,894,895
776,845,917,918,984,985,281,860,861,222,870,811,314,812,1073,377,378,1084,1085
320,321,322,325,326,327,521,522,523,524,525,144,875,876,877,319
320,321,322,325,326,327,521,522,523,524,525,76,77,144,875,876,877,319
320,321,322,325,326,327,521,523,524,525,76,77,144,227,170,875,876,877,494,319
1025,194,835,764,713,650,1036,716,207,912,913,914,723,982,1057,239,881,753,949,758,761,572
649,651,591,719,657,915,660,916,663,728,666,667,731,675,680,686,693,694,695,696,697
647,649,651,657,660,663,920,728,667,668,731,675,680,746,683,557,686,560,690,563,697,698,1020
1025,902,711,903,904,721,722,989,416,673,1060,1064,684,949,54,887,888,761,831
649,651,719,657,915,660,663,600,728,667,731,675,680,686,693,694,695,696,697
1091,132,134,585,330,459,399,80,790,414,415,615,616,247,444,445,446
897,257,520,447,76,79,659,279,729,90,411,412,159,160,743,40,495,240,306,182,183,569,700,63
640,641,515,140,300,301,302,626,756,757,632,633,634,635,636,637,638,639
640,641,515,140,300,301,302,626,756,757,632,633,634,635,636,637,638,639
388,5,645,518,975,288,929,486,487,104,1066,1003,430,369,1009,1014,503,504,1023
647,649,719,657,658,915,660,663,728,667,731,675,680,686,693,694,695,697,1083
646,647,651,719,657,658,915,660,663,728,667,668,731,675,680,686,690,691,695,697,698,1083
650,1036,716,717,914,1051,796,734,863,568,759,887,692,949,758,567,760,761,886,699,1021,831
836,647,719,657,658,915,660,916,663,728,666,667,668,731,675,680,686,693,694,695,697
832,652,912,723,596,597,598,599,925,350,737,546,547,548,549,753,564
527,676,677,814,815,816,817,818,819,820,821,823,824,825,826
577,581,582,967,966,586,587,844,588,846,791,792,793,538,926,993,1058,609,880,573,574
193,711,1033,1034,1035,914,468,855,472,154,416,673,417,865,292,740,806,364,1069,750,368,1074,565,886,758,568
832,650,1036,716,717,914,1051,734,863,759,887,692,949,758,567,760,761,1021,831
193,323,717,463,468,471,472,473,602,603,864,292,1061,742,684,1069,174,434,565,757,759,568,124
193,323,717,463,468,471,472,473,602,603,864,292,742,684,1069,174,434,565,759,568,124,253
193,717,463,468,471,472,473,154,602,603,604,157,864,292,742,684,1069,174,565,757,568,124
776,1085,212,918,919,984,860,353,868,869,870,871,872,873,425,426,378,314,317,318
717,468,471,473,602,154,153,796,797,734,864,673,292,742,759,684,1069,692,565,886,567,568,699
323,1036,717,914,796,797,734,863,864,568,759,887,760,882,692,949,758,567,886,761,54,699,831
711,717,468,341,150,471,473,602,154,26,478,864,33,292,742,684,1069,492,368,565,54,568,574
1024,324,457,395,204,1038,209,275,405,343,90,539,92,165,167,42,46,303,47,124,308,310,120,828
320,321,322,325,326,327,521,523,524,525,77,76,144,875,876,877,319
512,836,647,714,657,915,660,663,728,666,667,731,675,680,686,693,694,695,697
650,716,717,656,849,914,734,863,673,1064,759,692,949,886,887,760,758,761,699,831
1088,705,706,707,708,68,70,704,80,337,865,37,429,496,444,380,701,702,703
900,839,840,1036,1021,983,1051,611,553,882,1076,885,1077,889,890,891,892,893
1027,70,331,78,849,914,403,22,151,150,857,154,221,927,613,552,364,1070,368,758,311,379,380,381,62
704,705,706,707,708,68,70,446,267,715,80,37,429,445,247,380,701,702,703
1088,705,706,707,708,704,70,68,573,80,337,543,995,37,429,1006,380,701,702,703
956,142,272,20,917,726,29,226,36,869,230,487,360,361,234,873,362,233,169,1008,821,825,378,316
640,641,515,516,140,335,300,301,626,1075,756,757,632,633,634,635,636,637,638,639
640,641,515,140,300,301,302,626,756,757,632,633,634,635,636,637,638,639
1025,902,711,903,904,721,722,730,989,416,673,417,1060,684,54,886,888
1033,1034,1035,718,404,855,862,735,865,613,741,1001,490,759,1069,1074,434,1015,950,951,374
1033,1034,1035,718,404,855,862,735,865,741,1001,490,759,1069,750,1074,1015,434,950,951,374
1091,132,1029,134,1030,1031,585,458,330,1032,1033,969,527,976,851,669,672,998,1001,432,370,435,309,247,826,445
646,649,714,719,657,658,915,660,916,663,920,728,666,667,731,988,675,680,690,691,694,697
646,647,649,714,651,719,657,915,660,916,663,920,728,666,667,668,731,675,680,686,693,694,695,697
897,898,901,838,842,651,660,667,675,805,744,560,752,690,563,884,691,889,890,1021
897,898,901,838,842,651,660,667,889,675,805,744,560,690,563,884,691,697,890,1021,703
897,898,901,838,842,651,660,667,675,805,744,687,560,690,563,884,691,889,890,1021,703
1026,843,651,920,668,611,612,683,556,557,558,878,560,561,562,563,559
388,5,645,518,648,1029,333,289,929,486,487,1066,1003,430,369,1009,503,504,1023
194,643,195,837,902,711,197,201,716,848,730,154,989,739,1060,741,1061,1063,809,750,942,886,758,54
640,641,515,516,140,335,301,302,626,1075,756,757,632,633,634,635,636,638,639
265,329,332,401,27,220,669,670,671,672,121,621,431,496,113,435,628,1081,570
265,329,401,27,28,669,1054,670,672,671,220,291,621,496,113,49,435,121,570,1081
265,329,332,401,27,28,220,669,670,672,289,671,621,496,113,49,435,121,570
265,329,332,401,27,28,220,1054,669,672,670,671,621,496,113,435,628,121,570
519,265,329,332,401,27,28,220,1054,669,672,670,671,621,496,113,435,1011,1016,121,570
963,964,965,271,272,83,84,85,86,87,88,89,1050,97,98,99,100,101,939,366,255
640,641,515,516,140,300,301,302,626,756,757,632,633,634,635,636,638,639
640,641,515,140,300,301,302,626,756,757,632,633,634,635,636,637,638,639
899,900,646,649,714,651,719,657,1041,915,660,916,663,920,728,666,667,668,731,675,680,686,690,697
963,968,271,84,21,85,88,89,409,540,99,100,101,934,551,232,939,365,366
194,711,650,722,148,149,150,284,989,416,673,352,740,741,1060,809,747,748,749,750,751,755,949,887
582,966,586,587,588,844,846,535,791,793,792,732,605,926,609,937,938,880,1012,629,1018,574
676,677,814,815,816,817,818,819,820,821,823,824,825,826
676,677,814,815,816,817,818,819,820,821,823,824,825,826
968,907,908,973,909,974,401,408,409,220,934,551,810,365,1071,304,121,570,1022
322,772,782,783,784,785,786,787,788,789,344,345,347,799,800,801,1079
834,900,839,1021,983,600,612,556,557,882,563,1076,693,885,1077,889,890,891,892,893
834,900,839,840,1021,660,983,600,667,889,610,675,680,553,941,882,885,1077,697,890,891,892,893
768,769,770,771,772,773,774,776,845,781,785,344,217,218,1072,375,765,766,767
900,839,843,1021,983,988,889,675,680,559,882,562,1076,885,1077,697,890,891,892,893
193,642,1027,328,720,336,343,990,930,679,296,169,685,173,943,625,946,947,945,948,566
193,642,1027,328,720,336,343,930,357,679,296,169,685,237,943,173,625,946,947,945,948,566
834,900,839,840,719,1021,983,889,675,611,553,882,885,1077,697,890,891,892,893
193,642,1027,328,720,336,343,930,679,296,169,685,237,943,173,625,946,947,945,948,566
900,646,839,714,1021,658,915,660,983,1051,988,889,680,559,882,1076,885,1077,697,890,891,892,893
899,900,649,651,1021,657,1041,660,728,667,731,680,687,560,882,1077,885,889,890,893,894,575
899,900,839,649,893,657,1041,660,728,731,889,675,680,882,885,1077,697,890,892,1021
586,844,846,791,792,793,732,926,609,994,936,937,938,880,627,629,631,1018,574
1025,837,711,730,989,673,1060,1061,1063,1064,809,568,684,942,886,54,758,441
446,586,459,844,846,791,792,793,732,926,936,937,938,880,629,631,573,574
576,577,578,131,580,70,585,1038,528,401,80,415,929,674,931,615,616,617,618,45,1008,628,1081
453,781,782,783,784,785,786,787,788,789,347,799,800,801,424,108,109
322,772,782,783,784,785,786,787,788,789,344,345,347,799,800,801,1079
768,769,781,782,783,784,785,786,787,788,789,349,223,800,801,799,1079
770,781,782,783,784,785,786,787,788,789,347,349,799,800,801,1079,767
768,769,770,771,772,773,774,776,781,344,217,218,346,345,347,422,40,1072,375,765,766,767
1025,902,711,903,904,650,721,722,730,989,863,416,673,417,1060,684,54,887,888,886,831
649,651,719,657,660,663,920,667,668,675,805,680,744,746,560,690,691,694,697,698
768,769,770,771,772,773,774,845,781,217,218,422,425,1072,375,766,767
768,769,770,771,772,773,774,845,781,217,218,422,1072,375,765,766,767
768,769,770,771,772,773,774,776,845,344,217,218,345,347,422,40,1072,375,766,767
768,769,770,771,772,773,774,781,217,218,422,1072,375,765,766,767
382,387,391,331,78,147,958,927,35,555,300,1070,177,50,179,372,57,830
194,195,197,199,1033,1034,201,848,981,855,862,865,739,740,741,750,1074,755,62
768,769,770,771,772,773,774,845,781,217,218,422,425,1072,375,765,767
768,769,770,771,772,773,774,845,781,217,218,422,1072,375,765,766,767
768,769,770,771,772,773,774,776,845,781,344,217,218,346,345,347,422,40,1072,375,767
576,578,579,580,835,520,528,656,980,23,732,605,733,926,1056,929,674,32,554,699,627,507,1083,508,957
256,1033,1034,981,855,862,865,356,741,806,740,489,813,750,751,1074,116,439,190,191
896,899,836,840,841,777,719,667,675,680,1065,686,693,694,697,891,1020,894,895
837,711,716,717,849,914,467,730,796,989,734,673,1060,1063,1064,809,759,942,242,692,949,886,758,568,699
834,900,839,840,719,1021,983,667,889,675,680,553,882,885,1077,697,890,891,892,893
899,646,649,651,915,660,920,728,666,667,668,731,675,680,746,683,556,558,878,560,697,698,894
322,326,780,781,782,783,784,785,786,787,788,789,347,349,799,800,801,425,109,319
326,327,780,781,782,783,784,785,786,787,788,789,347,348,349,799,800,801,109,319
194,650,716,1036,717,656,849,914,796,734,863,568,239,753,692,949,758,759,760,761,699
322,326,327,782,783,784,785,786,787,788,789,344,345,347,800,801,319
650,716,656,849,914,797,989,734,863,1064,887,692,949,758,886,760,761,699
394,780,781,340,344,345,347,348,349,798,799,800,801,170,811,108,109,812,178,1079
394,780,781,783,340,344,345,347,348,349,798,799,800,801,170,811,108,109,812,178,1079
772,780,781,340,344,345,346,347,348,349,798,799,800,801,170,811,108,109,812,178
780,781,784,785,786,340,344,345,347,348,349,798,799,800,801,811,108,109,812,1079
780,781,783,784,785,786,340,344,345,347,348,349,798,799,800,801,811,108,109,812,178,1079
896,899,836,900,649,841,657,1041,728,667,731,675,680,1065,686,697,1020,1021,894,895
772,780,781,340,344,345,346,347,348,349,798,799,800,801,811,108,109,812,178,1079
896,899,836,455,456,841,649,777,778,779,781,667,675,680,553,1065,686,697,1020,894,895
832,323,835,650,652,1036,725,598,599,925,350,351,737,547,549,879,564,761
512,834,590,591,592,912,723,660,597,596,923,667,351,610,675,313,680,553,941,687,753,690,693,697
148,149,150,471,472,151,602,154,603,604,477,478,352,284,292,740,747,748,1069,749,47,751,752,755,379,126
257,193,79,659,729,411,412,293,743,40,39,759,47,48,240,306,182,183,568,569,63
71,72,74,90,411,412,92,158,159,160,287,614,743,42,46,307,52,308,447
320,321,322,325,326,327,521,76,524,77,144,875,876,877,319
773,775,776,777,778,779,845,918,215,984,281,860,222,869,870,421,424,425,426,378,314
773,775,776,777,778,779,845,918,214,984,281,860,869,870,421,424,425,378,314
773,775,776,777,778,779,845,918,214,984,215,281,219,860,222,869,424,425,426,378,314
650,716,717,914,734,863,864,673,567,742,1064,887,760,692,886,759,54,761,699,831
322,772,775,776,777,778,779,918,214,984,281,344,860,870,40,426,314,378,251,1085
773,775,776,777,778,779,845,214,918,984,985,281,860,870,424,425,426,378,314
900,839,1036,893,589,983,667,1051,612,882,1076,1077,885,889,890,891,892,1021
900,839,1036,893,983,1051,611,553,557,882,1076,1077,885,889,890,891,892,1021
1025,835,837,902,650,1036,913,914,723,722,725,925,1057,673,1060,684,239,753,881,949,758,888,761,572
204,334,720,209,930,163,166,167,168,169,622,943,624,625,944,946,947,945,1082
900,839,843,893,660,983,1051,988,559,882,562,1076,885,1077,889,890,891,892,1021
900,839,1036,893,1043,983,1051,557,882,1076,885,1077,889,890,891,892,1021
768,769,770,771,772,773,774,845,344,217,218,345,422,1072,375,765,766,767
1091,132,330,334,80,720,343,415,162,930,36,166,679,295,998,296,685,444
899,836,900,649,841,657,1041,660,916,728,667,731,675,680,1065,686,693,697,1020,894,895
651,149,150,151,600,668,553,746,683,747,556,557,558,752,560,561,563,878,751
651,843,660,148,149,150,151,553,683,747,556,557,558,752,560,561,563,884,749,751,878,559,562
966,584,535,727,536,537,538,605,926,606,609,355,935,936,937,938,619,627,1012
576,580,388,645,648,528,401,596,597,598,599,980,607,929,674,486,103,487,937,1003,619,430,1009,503,570
641,515,516,140,724,300,301,302,626,756,757,632,633,634,635,638,639
1024,324,457,395,204,209,275,404,405,215,217,218,184,163,167,296,303,688,47,569,252,376,185,251,828
896,899,836,764,841,590,591,592,912,723,596,597,595,667,351,675,313,553,1065,879,753,693,697,1020,894,895
897,898,901,838,649,842,651,889,675,805,744,553,683,560,752,690,691,884,697,890,1021,703
897,898,901,838,842,587,589,1041,889,675,805,744,683,686,560,690,563,884,693,691,697,890,1021
832,652,912,401,595,723,596,598,599,982,597,925,350,351,674,546,879,753,564
843,915,660,920,668,611,612,746,683,556,557,558,687,560,561,562,563,559,878
514,516,517,392,137,393,138,140,460,141,146,301,302,756,757,632,635,638,639
896,841,843,590,591,719,592,611,612,675,553,683,556,557,560,561,882,563,697,955
71,72,74,79,90,411,92,412,158,159,160,287,614,42,46,307,52,308,59,447
832,709,201,652,912,401,723,596,597,982,599,598,595,925,351,674,548,879,753,564,761,763
256,902,715,718,850,467,851,469,534,216,221,865,356,741,998,490,237,750,1074,434,501,1014
896,832,323,1036,652,590,591,592,531,533,599,600,922,923,350,547,805,549,553,683,687
704,448,382,387,68,69,70,1028,267,718,830,273,852,283,608,484,37,1070,51,371,249,380,381,702
382,1028,331,78,958,927,35,555,1070,943,944,945,50,179,372,311,57,830
641,515,516,140,724,300,301,302,626,757,632,633,634,635,636,637,638,639
198,903,71,905,1044,1047,538,860,416,736,1058,867,741,37,491,492,622,750,625,946,947,574
1024,324,457,395,204,334,209,275,405,539,166,167,296,169,303,624,625,1082,828
643,649,714,719,657,915,660,663,920,667,675,805,680,744,1070,686,690,691,694,697,698
72,74,79,90,411,92,412,158,159,160,287,157,614,42,46,307,52,447
324,204,334,720,930,163,166,168,169,622,943,624,625,944,947,946,945,1082
204,334,720,930,163,166,296,169,168,622,943,624,625,946,947,944,945,1082
650,1036,717,914,154,796,734,863,864,742,568,759,887,692,949,886,567,760,761,54,699,831
1025,902,903,904,711,721,722,154,730,989,797,416,417,673,1060,1064,949,886,887,888
848,272,339,725,924,29,670,995,613,741,807,808,552,230,1002,750,431,435,1011,1015,1016,957
835,265,848,339,725,924,670,737,995,739,613,741,807,808,1002,750,431,435,1011,1015,1016,957
835,650,716,1036,717,656,849,914,913,734,863,759,692,949,758,887,886,761,699,831
776,845,212,918,984,985,281,345,860,861,222,344,347,349,870,314,1072,1073,378,1085
641,515,516,140,147,34,300,301,302,626,883,756,757,632,633,634,635,638,639
963,964,6,83,84,85,86,87,88,89,97,98,99,100,101,232,939,366,304,255
67,260,971,653,654,655,661,662,991,992,609,419,355,933,358,105,874,497,246,249
448,202,11,10,17,273,81,25,480,484,485,489,171,172,813,110,115,439
193,200,1033,403,148,149,150,151,284,221,352,740,165,741,38,747,748,749,750,751,752,755,373,374
512,776,394,268,589,1040,1041,402,1043,726,32,290,226,361,234,233,314,553,170,495,687,375,377,378,575
512,776,394,268,589,1040,1041,402,1043,726,860,290,226,360,361,234,873,170,553,378,687,377,314,575
963,965,6,968,653,654,974,973,271,408,89,409,540,97,98,934,551,810,939,365,304,511
265,329,401,1048,220,669,670,671,672,807,621,496,113,49,435,628,121,1081
1027,1028,331,78,398,849,958,927,483,552,1070,944,951,50,179,372,311,57,381,830,255
256,3,387,390,14,143,274,403,19,276,282,284,94,38,748,237,174,241,116,373,374
961,582,584,653,654,846,910,605,606,926,992,609,994,607,932,933,935,936,937,619,627,1012,629,1017,1018
516,517,392,137,138,460,461,140,335,141,724,299,300,301,302,1075,633,635,638,639
584,586,653,846,911,910,654,535,732,605,606,926,607,993,994,933,936,937,619,627,1012,629,1017,1018
323,72,74,717,468,471,472,473,602,603,158,864,292,742,684,1069,174,434,565,759,568,59
1025,902,711,903,904,716,721,722,730,989,416,673,1060,684,887,888,949,54,886,760,758
960,961,130,132,134,585,459,653,654,790,470,88,1049,541,991,992,162,421,247,442,445,446,511
676,677,814,815,816,817,818,819,820,821,823,824,825,826
676,677,814,815,816,817,818,819,820,821,823,824,825,826
64,66,259,258,963,583,328,511,653,336,86,87,152,88,410,357,294,236,60,61,127
64,66,259,963,965,583,328,511,336,87,152,88,236,173,948,60,61,127
64,258,66,259,583,328,653,654,336,152,88,541,357,294,173,127,948,566,312,443,60,511
130,132,134,585,459,653,654,399,80,790,470,88,1049,541,415,162,421,615,309,247,248,445,446,511
67,644,653,654,655,661,662,541,991,736,992,419,355,358,105,874,497,246,249,1018
64,66,259,963,583,328,511,336,86,87,152,88,357,294,236,173,60,61,127
832,513,652,723,595,598,599,924,925,350,351,547,549,550,879,239,753,564
646,647,651,719,657,660,663,728,983,920,667,668,731,675,680,686,693,694,695,696,697
646,719,657,658,915,660,663,920,728,667,668,731,675,680,686,690,691,693,694,695,696,697
130,132,134,585,459,399,470,790,1049,542,544,162,421,166,295,309,247,248,442,444,445
130,132,134,585,459,399,790,470,1049,542,415,544,162,421,166,295,309,247,248,442,444
130,963,132,134,653,654,399,80,470,790,88,1049,87,86,541,415,162,421,615,248,442,511
64,963,259,583,328,653,654,336,152,88,541,357,294,173,127,948,245,566,312,443,60,509,510,511
193,200,715,718,848,849,850,851,405,534,1046,855,469,216,221,867,739,741,740,998,169,1001,750,1074,755,501
200,1033,458,203,718,851,469,855,23,216,284,221,613,1002,107,1003,749,431,1009,1015,1011,373,374,53,1016,190
1025,902,903,904,711,721,722,730,797,416,417,673,1060,1061,1064,684,886,887,888
1025,323,902,903,904,711,721,722,730,416,673,417,1060,1061,1064,684,886,887,888
387,1028,520,331,78,830,849,657,403,915,728,731,927,35,1070,50,179,372,311,696,57,380,381,958
704,705,706,707,68,708,70,69,715,844,976,337,721,1051,605,606,926,607,37,299,429,496,630,379,380,701,702,703
704,705,706,707,708,68,70,69,1032,715,271,792,793,1051,987,414,994,37,938,429,496,818,51,380,701,702,703
704,705,706,707,708,68,70,1088,902,267,715,205,37,429,949,380,701,702,703
704,705,706,707,708,68,70,1088,267,715,349,865,37,429,444,380,701,702,703
576,577,258,583,648,328,528,401,336,1055,929,674,803,804,33,357,294,937,173,948,566,312,570,509,510
576,577,258,583,648,328,528,401,336,925,1055,929,33,803,804,357,294,937,173,948,566,312,570,509,510
704,705,706,707,708,68,70,69,446,701,267,715,852,37,429,49,247,380,445,702,703
704,705,706,707,708,68,70,69,387,574,573,267,981,732,926,37,429,880,629,630,380,701,702,703
516,715,140,718,850,403,851,469,534,855,216,853,221,57,735,998,299,179,373,374,951,632,633,501,380,958
193,195,451,391,201,205,15,400,22,539,27,29,286,30,481,802,739,867,122,682,367,243,58,123,382,383
256,386,387,200,266,848,403,469,981,855,534,282,735,865,739,740,741,806,1001,490,750,755,501,951
582,967,966,905,588,653,535,536,793,538,475,926,736,609,1058,418,936,937,874,1017
387,516,392,1033,202,140,81,274,19,342,857,282,283,480,1057,484,165,1066,110,1014,439,632,633,635,638
388,5,518,710,202,220,288,929,165,486,487,103,1066,430,369,371,1013,1014,503,504
200,1033,1034,1035,849,404,1046,855,154,1053,613,1001,364,1004,1005,1006,1007,1008,434,1010,1074,373,950,951,379
646,651,719,657,658,915,660,920,728,667,668,731,675,680,744,746,683,560,690,691,694,697,698
833,450,449,518,519,332,333,220,1054,288,289,291,621,437,121,1081
513,1036,590,591,592,593,723,725,664,665,923,924,925,351,546,547,548,549,550,879,753,955
576,65,577,578,448,580,581,648,585,1038,596,597,598,599,23,925,929,103,616,554,49,564,570,509,510,511
1091,391,458,330,715,718,527,850,851,469,853,534,216,921,998,816,820,821,822,823,824,825,826,827,501
11,81,17,273,24,25,480,484,485,489,171,172,813,110,115,439
200,1033,1034,1035,718,849,981,1046,855,853,311,735,865,1001,490,1074,434,950,951
1033,1034,1035,203,718,850,853,1046,855,921,735,865,490,1003,1006,1008,1009,1074,434,1011,1010,1015,759,1016,950,951
833,450,449,519,265,332,333,220,669,1054,288,289,121,291,437,1081
676,677,814,815,816,817,818,819,820,821,823,824,825,826
527,676,677,814,815,816,817,818,819,820,821,823,824,825,826
676,677,814,815,816,817,818,819,820,821,823,824,825,826
582,966,967,586,653,654,661,662,535,793,732,926,736,418,1058,1059,419,936,874,627,1017,1018
676,677,814,815,816,817,818,819,820,821,822,823,824,825,826
676,677,814,815,816,817,818,819,820,821,823,824,825,826
676,677,814,815,816,817,818,819,820,821,823,824,825,826
676,677,814,815,816,817,818,819,820,821,822,823,824,825,826,827
676,677,814,815,816,817,818,819,820,821,822,823,824,825,826,827
646,647,649,714,719,657,658,915,660,916,663,920,728,666,667,731,988,675,999,680,686,690,694,697
676,677,814,815,816,817,818,819,820,821,822,823,824,825,826,827
899,646,647,649,970,651,714,719,657,658,1041,660,915,916,920,728,666,667,668,731,675,680,686,690,697,894
676,677,814,815,816,817,818,819,820,821,822,823,824,825,826,827
676,677,814,815,816,817,818,819,820,821,822,823,824,825,826,827
676,677,814,815,816,817,818,819,820,821,822,823,824,825,826,827
646,647,649,714,651,971,719,657,658,915,660,916,663,920,728,666,667,668,731,675,680,686,690,693,697
388,645,5,4,10,474,1052,93,929,486,487,1066,1067,430,369,503,504,1023
1025,837,711,904,903,730,989,416,673,1060,1061,1064,809,684,942,886,758,54
1025,837,711,904,730,989,416,673,1060,1061,1064,684,942,886,758,54
582,584,586,653,846,654,727,475,732,606,607,926,994,936,938,619,627,1012,629,1018,574
1026,843,660,611,612,746,683,556,557,558,878,559,561,562,563,560
1025,903,904,711,713,721,730,796,989,797,416,417,673,1060,1062,1064,684,175,886,54,571
1029,1030,1031,1032,975,976,977,18,857,858,859,987,990,1080,1087
1029,1030,1031,1032,975,976,977,18,857,858,859,987,990,1080,1087
1025,902,711,903,904,650,716,462,722,854,730,1051,476,416,673,417,1060,742,684,884,888,886,760
388,5,518,710,645,664,288,929,486,487,103,1066,1003,430,369,1009,503,504,957
388,5,518,710,645,648,220,288,929,486,487,1066,1003,430,369,1009,1014,503,504,957
966,584,727,535,536,538,537,732,605,606,609,355,933,935,936,937,938,627,1018
966,584,727,535,536,537,538,732,605,606,926,609,994,355,935,936,937,938,619,627
1033,458,1034,1035,404,1046,855,735,995,997,1001,1002,1003,1004,1008,1009,432,1011,434,951,1074,1015,1016
966,905,846,535,792,793,536,537,732,727,538,475,609,994,355,935,936,937,938,627,629
1029,1030,1031,1032,969,975,976,977,857,858,859,987,990,1087
1042,794,795,545,676,677,295,814,817,818,819,820,821,309,823,824,826
3,14,1042,794,795,1052,672,36,295,1067,814,815,816,309,822,823,824,825,826,827
451,707,1029,1030,1031,1032,969,909,977,18,1021,20,404,859,987,990,608,104,1074,434,1080,125
1025,837,711,904,730,989,416,673,1060,1061,1063,1064,809,684,942,886,758
966,910,654,727,535,536,537,538,605,926,606,609,994,933,935,936,937,938,619,627
1025,837,711,904,730,989,416,673,1060,1061,1064,809,684,942,886,758,568,441
260,582,967,966,905,586,399,536,538,475,993,609,931,932,358,1000,937,936,938,112,245,246
646,649,714,651,719,657,658,915,660,916,663,920,728,666,667,668,731,988,675,680,690,693,694,697,890
194,903,904,711,650,713,207,848,154,796,797,863,416,417,673,1057,739,740,742,741,1062,750,881,755,887,831
900,839,649,1036,1021,983,1051,988,559,882,562,1076,1077,885,889,890,891,892,893
1091,132,330,718,399,850,851,853,470,414,162,36,421,998,166,295,309,248,827,444
899,900,839,649,1036,893,1041,983,1051,882,1076,885,1077,889,890,955,892,1021,575
258,644,910,911,336,605,606,607,543,932,933,935,936,937,619,173,627,1012,948,61,1017,573
960,644,910,911,727,605,926,606,607,992,932,933,935,936,937,1000,619,627,1012,248
1091,850,851,853,855,921,986,677,998,814,815,432,817,818,820,821,822,823,825,827,444
644,582,967,966,586,587,588,846,535,792,793,732,605,926,541,418,936,937,938,880,629,1017,574
257,74,75,914,659,183,120,422,743,41,43,46,47,688,689,307,308,52,182,55,310,59,124
576,580,648,329,269,1038,528,339,733,929,674,803,804,932,616,174,1081,250,507,509,510
576,580,581,648,528,401,978,979,980,23,88,992,929,674,1003,1009,505,506,508,510,511
576,580,581,648,1038,528,401,978,979,980,23,88,992,929,674,505,506,507,508,510,511
6,968,973,974,84,85,408,409,540,97,98,99,100,101,934,551,365,304
193,200,715,204,718,848,850,851,405,534,855,469,216,221,867,739,740,741,164,998,490,622,750,755,501
643,837,711,403,730,989,416,673,417,33,1060,1061,1063,1064,809,942,886,54,380
768,705,770,769,773,711,906,717,150,471,472,473,602,154,603,604,478,292,742,440,297,48,434,886,568,767
513,590,591,592,593,600,601,922,923,665,925,664,546,548,549,550,940,941,953,954,955
204,334,930,163,166,295,296,169,168,622,943,944,625,946,624,945,947,1082
324,204,334,720,930,163,166,296,169,168,622,943,944,625,946,624,947,945,1082
324,204,334,720,930,163,166,168,169,622,943,944,625,946,624,947,945,1082
896,512,899,836,841,657,663,667,675,553,1065,941,686,560,698,697,954,953,1020,894,895
324,204,334,930,163,166,296,169,168,622,943,944,625,946,624,947,945,1082
446,582,586,459,844,846,792,793,732,926,937,880,627,629,630,631,1018,573,574
960,961,653,654,911,541,542,926,544,736,992,991,606,543,994,993,936,1000,619,1018
960,961,584,653,654,535,541,926,543,544,993,542,991,992,994,936,1000,627,1018
960,961,964,653,654,535,541,542,543,992,993,994,544,991,935,936,937,1000
644,584,653,910,911,654,535,732,605,606,993,932,933,936,937,1000,235,619,627,1012,629,61
260,966,967,582,584,586,905,588,661,662,535,537,475,606,609,993,355,358,936,937,874,627,1018
966,967,582,905,588,654,535,536,538,475,606,736,609,993,994,418,1058,1000,937,936,938,627,1017,1018
642,204,334,930,163,166,296,169,168,622,943,944,625,946,624,947,945,1082
590,591,592,593,531,600,664,922,923,665,925,546,547,548,549,550,553,940,941,949,953,955
6,968,973,974,271,84,85,408,409,540,99,100,101,934,551,939,365,238,304
832,129,128,579,3,972,398,14,599,600,862,94,674,548,549,612,935,106,427,370,371,564
1052,995,808,1001,1002,1003,1004,1005,1006,1007,1008,1009,1010,1011,1067,1068,431,1015,1016
995,997,1001,1002,1003,1004,1005,1006,1007,1008,1009,1010,1011,1068,431,1015,1016
920,995,997,1001,1002,1003,1004,1005,1006,1007,1008,1009,1010,1011,1068,431,1015,1016
995,808,1001,1003,1004,1005,1006,1007,1008,1009,1010,1011,431,1068,1015,1016
995,37,808,1001,1002,1003,1004,1005,1006,1007,1008,1009,1010,1011,619,1068,431,1015,1016
995,676,808,1001,1003,1004,1005,1006,1007,1008,1009,1010,1011,1068,431,820,1015
995,808,1001,1002,1003,1004,1005,1006,1007,1008,1009,1010,1011,1068,431,1015,1016,827
272,995,230,1001,1002,1003,1004,1005,1006,1007,1008,431,1010,1011,1068,1009,1015,1016
272,995,230,808,1001,1002,1003,1004,1005,1006,1007,1008,1009,1010,1011,1068,431,1015,1016
995,808,1001,1003,1004,1005,1006,1007,1008,1009,1010,1011,1068,431,1015,1016
458,976,995,1001,1066,1003,1004,1005,1006,431,1008,1009,1007,1010,1068,1015,1016
458,995,1001,1066,1003,1004,1005,1006,1007,1008,1009,1010,431,1002,1068,1015,1016
474,995,807,808,1001,1003,1004,1005,1006,431,1007,1008,1009,1010,1011,1068,820,1015
902,711,904,903,721,722,730,154,603,604,477,478,673,1060,742,684,887,888,949,886,54,568,761,959
838,1036,717,462,657,983,1051,889,863,759,560,760,882,885,1077,887,693,761,890,949,892,1021
6,968,973,974,271,84,85,408,409,540,97,98,99,100,101,934,551,232,304
963,6,968,973,974,909,271,85,408,409,540,993,99,100,101,934,551,1000,810,939,304
891,955,840,1083,590,591,592,600,601,922,923,675,548,553,940,941,882,697,954,953
1029,1030,1031,1032,969,975,976,977,18,857,858,859,987,990,286,1087
704,1029,1030,1031,1032,969,975,976,977,857,858,859,987,990,1087
1029,1030,1031,1032,969,975,976,977,857,858,859,987,990,1080,1087
1029,1030,1031,1032,969,975,976,977,857,858,859,987,990,1080,1087
704,1029,1030,1031,1032,969,975,976,977,857,858,859,987,990,1080,1087
1029,1030,1031,1032,969,975,976,977,857,858,859,987,990,1080,1087
1029,1030,1031,1032,969,975,976,977,18,857,858,859,987,990,1087
841,651,589,590,591,592,657,1043,663,600,728,675,612,553,681,683,940,557,558,298,560,563,1076,1077,693,953,1019
576,577,578,579,388,581,648,584,528,401,339,732,929,674,1003,430,1009,570,1012,503,505,1018,1081
192,258,583,328,648,336,528,1042,31,357,294,173,948,566,312,443,60
204,334,148,149,150,471,151,472,602,154,603,604,477,478,352,284,292,164,747,748,1069,749,751,368,752,379
644,966,967,653,654,661,662,535,732,736,609,1058,994,993,418,419,936,937,874,629,1017,1018
644,966,967,586,654,661,662,535,732,736,609,1058,994,419,992,418,937,874,1017,1018
903,650,1036,716,717,721,914,154,1051,797,863,864,673,568,760,435,692,949,758,887,886,761,1021
382,1028,331,267,78,338,958,31,927,483,552,555,44,300,1070,299,429,372,311,56,830
590,591,592,1043,600,601,922,923,546,675,548,550,553,940,941,557,563,953,954,955
900,649,893,590,591,592,1041,660,600,601,923,675,548,940,941,1077,953,954,955,1021,894,575
960,961,653,654,535,541,926,991,992,993,994,609,933,936,937,1000,627,1017,1018
960,961,584,653,654,541,926,606,992,993,994,609,991,936,1000,937,938,627,1017,1018
960,961,588,653,654,846,732,541,991,992,993,994,1000,936,937,938,627,1017,1018
960,961,653,654,605,542,926,992,993,994,541,606,607,991,1000,936,937,938,1017
582,266,12,339,856,665,792,94,484,485,807,808,745,428,1004,1006,1007,1008,1005,500,693,187,380
835,582,266,12,339,856,665,792,94,484,485,807,808,745,428,1004,686,1008,500,693,187,380,957
640,641,12,911,594,595,339,856,665,605,94,807,808,745,428,1004,686,500,693,187,636,637
640,641,898,266,12,594,595,339,856,665,94,866,808,745,872,428,879,500,693,628,187,636,637
130,1091,132,134,330,459,399,470,1049,415,162,421,166,998,295,815,816,309,248,825,826,444
832,1036,716,1039,1040,913,914,723,912,286,351,1057,753,881,949,758,760,761,572
835,582,266,12,594,339,856,665,792,94,484,485,807,808,745,428,1004,686,1007,500,693,187,380
382,1028,331,78,830,338,147,927,483,555,1070,179,372,311,56,57,958
0,1,2,4,8,9,10,13,19,341,24,25,26,91,474,93,480,439,1080
382,1028,331,267,78,830,338,147,927,37,1070,177,372,311,56,57,380,958
963,964,965,968,973,974,271,84,85,88,89,409,540,99,100,101,551,232,939,366,255
963,964,965,968,973,974,271,83,84,85,88,89,409,540,97,99,100,101,551,939,366,255
963,964,965,968,973,974,271,83,84,86,87,88,89,1050,409,97,99,100,101,551,939,255
963,964,965,968,973,271,83,84,85,86,87,88,89,1050,97,98,99,100,101,232,939,366,255
964,6,968,973,974,909,271,85,408,409,540,99,100,101,934,551,939,365,304
71,72,74,90,92,158,159,160,46,688,48,307,52,308,120,59,63
961,964,1034,404,995,1001,1068,1005,1004,1007,1006,1008,1010,1011,432,431,374,1015
835,837,650,1036,716,1040,913,914,723,725,925,1056,1057,673,1060,684,239,881,753,949,758,761,570,572
322,451,1030,7,1031,330,977,18,404,216,857,987,1052,94,95,96,608,990,735,38,359,748,114,499,373,309
198,903,269,910,1044,1047,473,538,416,736,867,739,678,682,491,492,619,625,946,947,565,1082,574
198,391,712,202,526,15,400,976,402,22,95,96,928,608,678,682,367,382
835,520,652,594,595,725,22,1048,733,351,1056,737,807,808,103,1002,879,1011,692,1015,1016,570,1083,957
391,712,526,400,402,22,990,95,96,608,928,678,682,367,243,122,382
391,712,526,15,400,402,22,95,96,608,928,802,678,682,367,243,122,382
1029,1030,1031,1032,969,975,976,977,857,858,859,987,990,1080,1087
1029,1030,1031,1032,969,975,976,977,857,858,859,987,990,1080,1087
1029,1030,1031,1032,969,975,976,977,857,474,987,859,990,608,1080,1087
391,712,526,400,402,22,95,96,608,678,682,367,243,502,122,123,382
130,132,134,585,459,399,470,790,1049,991,162,421,166,295,309,247,248,442,444,445,446
1025,903,904,713,1036,716,207,912,913,723,416,1057,239,881,753,949,758,761,572
1029,1030,1031,1032,969,1037,975,977,857,474,987,1052,858,990,1067,1080,1087
1089,1029,1030,1032,1037,975,977,857,474,858,987,1052,990,1066,1067,1087
1029,1030,1031,1032,969,1037,975,977,474,859,987,1052,858,990,1067,1080,1087
834,590,591,592,600,601,922,923,610,548,680,553,940,941,687,953,954,955
512,835,1036,589,1039,1040,913,1041,723,1043,914,726,1057,553,170,239,881,753,949,758,761,572,575
960,582,584,653,846,911,605,606,926,736,609,607,992,993,933,936,937,1000,619,627,1012
899,900,646,649,970,651,714,719,657,1041,915,660,916,920,728,666,667,668,731,675,680,686,690,691,697
960,961,653,654,911,605,542,926,992,993,994,606,607,544,541,991,1000,936,1017
577,580,581,907,908,844,909,210,1022,791,792,538,28,672,1058,1071,880,496,1074,117,121,1019,573,574
577,581,907,908,844,909,210,1022,791,792,538,28,672,1058,1071,880,496,1074,117,62,121,1019,573,574
512,899,900,649,651,589,1041,1043,916,915,728,667,731,675,680,553,687,690,697,893,575
590,591,592,600,601,922,923,546,675,548,940,941,686,695,953,954,955
590,591,592,600,601,922,923,889,546,675,548,553,940,941,686,953,954,955
67,260,586,653,654,655,661,662,541,992,355,419,358,105,874,497,246,249,1018
644,584,910,911,535,541,606,991,609,932,933,936,937,235,305,627,1012,248,1017,1018,61
3,899,1019,970,590,591,592,14,600,922,923,667,94,681,553,298,940,941,697,693,953,955,894,895
512,835,837,1036,589,1039,1040,913,1043,982,351,1057,553,687,239,881,949,758,761,572,575
960,961,653,846,654,910,793,605,541,607,992,993,994,544,543,542,991,935,1000,936,938,629,1017
645,712,202,404,342,1053,735,1004,1005,1006,1007,1008,1068,1010,115,431,1013,374,1015,373
641,515,516,140,335,34,35,301,302,626,1075,756,757,632,633,634,635,638,639
584,653,846,910,535,605,926,606,607,609,544,993,933,936,937,1000,619,938,627,1012,1017
644,966,967,905,846,654,661,662,793,732,607,736,993,994,1058,418,419,1000,874,629,1017,1018
130,67,260,588,846,655,654,271,661,662,992,355,419,358,105,874,497,246,249
0,1,2,4,8,9,10,13,341,24,25,26,91,860,93,480,104,369
449,450,265,401,28,220,669,670,672,671,621,496,113,435,628,121,570
193,203,848,849,914,726,855,279,1053,735,613,741,490,364,1069,750,951,1074,434,373,950,374,568
1091,132,458,330,459,399,851,853,470,415,162,421,166,998,295,814,816,819,821,309,823,248,825,826,444
453,782,783,784,785,786,917,214,215,353,423,424,425,426,252,376,377,378,251,316,317,318
1091,132,134,330,715,718,399,80,850,851,853,469,855,534,216,921,414,415,421,998,615,501,247,444,445
64,583,328,511,336,1042,978,979,980,152,88,1050,929,294,236,173,366,566,507,312,506,443,60,509,510,127
134,583,648,585,328,395,80,336,1042,415,929,1059,357,615,250,236,173,506,948,566,312,570,508,445,446
641,515,516,517,140,724,300,301,302,626,756,757,632,633,634,635,638,639
452,1030,391,712,526,15,400,595,22,95,928,96,608,802,481,1066,367,243,244,122,123
576,577,579,580,581,582,391,15,400,22,928,481,802,994,674,122,554,367,243,502,1017,1018,123,188,383
64,395,1042,661,662,152,736,609,993,1059,929,418,1058,419,1000,874,250,236,1018,60,510,511
449,329,332,333,653,401,27,220,542,1054,672,289,543,291,929,550,437,1081,570,572,510,511
1029,1030,1031,1032,969,975,976,977,857,859,987,990,487,1080,1087
512,899,649,589,1041,1043,915,916,726,728,667,675,680,553,170,557,686,687,563,697,575
11,17,273,342,24,25,480,484,485,489,171,172,813,110,115,371,439
11,17,273,18,342,24,25,480,484,485,489,171,172,813,110,115,439
10,11,17,273,81,24,25,26,480,484,485,489,171,172,813,110,115,439
128,202,11,17,273,342,480,484,485,104,489,171,813,110,115,371,1013,439
128,11,273,17,342,24,25,480,484,485,489,171,813,110,115,371,439
576,448,579,580,11,1038,463,273,17,480,802,484,485,489,171,172,813,110,175,174,115,439,1018,383
768,769,770,772,774,327,845,212,344,281,345,861,222,223,1055,1072,1073,752,884,375,314,124,766,767
0,1,2,4,8,9,10,11,13,463,19,341,26,91,93,480,369,115,439
0,1,2,4,8,9,10,13,463,273,19,26,91,93,480,485,172,813,110,115
0,1,2,4,8,9,10,11,13,463,273,19,341,26,91,93,480,489,115
0,1,2,4,8,9,10,11,13,273,19,341,26,91,93,480,489,115,439
212,214,919,215,860,356,869,868,871,360,873,362,106,234,425,378,618,426,617,45,499,436,122,123
833,450,449,519,265,332,333,401,220,669,1054,671,288,289,291,437,1015,1081
449,450,833,518,519,329,265,332,333,669,670,1054,288,289,291,437,1015,1081,1023
577,581,844,846,791,792,793,538,732,926,358,880,497,629,630,631,249,573,574
962,1091,331,718,399,850,851,853,470,855,1049,921,795,1016,1053,735,997,998,490,432,309,951,248
448,11,463,17,273,19,342,480,481,484,485,489,171,172,813,110,115,439,699
385,386,323,905,907,908,401,595,598,27,220,926,609,937,1071,1078,118,888,190,189,1022
576,258,580,583,648,328,1038,528,401,336,1048,1055,929,674,803,804,33,357,294,937,173,948,566,312,510
520,650,716,1036,717,656,849,914,796,797,734,863,737,568,759,1070,887,692,949,758,567,886,699,831
837,902,650,1036,716,913,914,722,863,1057,673,1060,684,879,692,949,758,887,886,761,888,831
963,964,965,968,974,83,84,85,86,87,88,89,1050,97,98,99,100,101,934,939,255
453,212,214,215,919,354,185,869,423,872,425,426,424,499,376,377,186,253,318
449,450,833,518,519,333,857,859,1054,288,289,291,486,1066,437,504,1023
705,707,68,69,70,330,267,715,588,266,338,852,920,473,222,37,422,39,743,40,617,429,947,56,380,703
704,1088,707,68,69,70,1028,267,702,715,830,80,852,413,31,37,229,429,51,823,826,380,382
646,647,649,714,719,657,658,915,660,916,663,920,728,666,667,731,988,675,680,686,690,694,697,890
391,712,526,400,976,402,22,95,96,608,678,682,367,243,244,122,123
1089,962,1090,452,712,202,1037,23,474,987,1052,990,928,802,38,1066,1067,244,1014,375
71,72,74,75,79,90,158,159,160,297,46,688,48,307,52,59
192,258,583,328,7,458,336,404,220,735,357,294,236,173,114,948,374,1015,312,566,443,60
1030,1031,391,526,15,400,595,22,990,286,928,96,608,95,481,367,243,244,502,122,123
833,449,965,519,329,265,332,333,87,1050,220,606,1054,671,289,929,103,939,49,1081,957
513,709,594,595,723,725,982,924,351,866,298,879,753,313,762,763,764
1033,1034,1035,1036,718,464,849,914,981,855,862,735,865,741,490,750,951,1074,434,949,759,761
258,583,328,336,535,727,537,357,294,936,173,948,245,566,312,443,60
1088,706,708,68,70,458,267,715,718,337,850,851,469,534,855,216,735,37,998,1001,490,1068,432,501,951,380,703
1029,1030,1031,1032,975,976,977,18,857,858,859,987,990,1080,1087
71,72,74,411,412,158,159,160,46,688,307,308,52,310,120,59
3,263,10,14,16,147,156,413,94,545,229,38,230,104,231,165,997,174,1014
1091,166,295,399,413,248,162,997,998,229,230,231,1001,421,1004,1005,1006,1007,432,1010,309,822,1015,1016,1014,827,444
897,520,79,279,280,729,90,411,92,412,157,287,614,743,42,46,307,182,183,700,447
960,582,966,654,661,662,793,732,992,993,1058,994,736,418,419,1059,1000,609,874,1017,1018
576,579,580,581,648,528,978,979,980,23,732,926,929,674,250,554,506,627,629,505,1018,507,508,1086,511
1091,458,330,853,986,997,998,615,677,1068,1004,1005,1006,432,1007,1008,1010,814,821,822,817,815,825,827,444
845,847,344,345,346,347,348,349,223,227,170,108,109,494,812,493,178,1079
768,705,769,3,770,773,390,1033,12,14,143,274,403,282,156,284,94,748,438,1014,374,441,767
640,515,516,137,140,460,204,335,461,146,724,33,34,996,299,301,50,1075,756,757,626,633,634,635,636,637,639
256,1025,903,904,711,713,717,914,730,796,989,797,416,417,673,738,1060,806,1062,1064,759,241,242,886,118,191
1089,1090,452,645,712,202,268,1037,408,474,735,551,1001,1066,1067,1068,365,1004,1005,1006,1010,180,181,1013,508
1089,1090,452,712,202,268,1037,408,474,987,1052,735,1001,1066,1067,1068,1004,1005,1006,49,1010,180,181,1013,508
449,450,833,5,518,519,333,1016,220,1054,288,289,291,486,487,808,1066,1011,437,503,504,1023
576,579,580,581,391,1038,15,400,401,22,599,925,95,929,802,674,481,367,243,244,502,122,188,382,383
65,513,201,652,912,528,594,595,596,597,598,599,723,351,103,49,564,313,763
1025,700,841,205,529,530,600,923,155,33,611,553,106,556,557,558,623,878,433,561,563,1020
709,201,330,593,594,595,597,664,665,414,351,415,866,615,1066,879,309,762,763,444
204,334,720,930,163,166,295,296,169,168,492,622,943,624,625,946,947,945,944,1082
257,71,79,659,729,90,411,412,92,158,159,160,163,612,293,743,40,39,46,307,52,569,59,63
391,712,526,400,402,851,22,95,96,928,678,682,367,244,122,123,382
897,898,900,901,838,71,520,842,279,287,805,743,744,884,182,183,700,447
382,68,69,391,267,715,331,15,400,338,402,852,958,22,928,481,802,37,555,367,243,244,179,56,122,380,830
711,391,15,22,471,150,154,478,928,673,481,802,292,809,123,367,368,243,244,886,54,758,502,122,379,382
9,11,17,273,81,24,25,480,484,485,489,171,172,813,110,115,439
