225,739,1251,1062,1273,538,1244,285
1282,741,1285,300,723,663,667,1212,1277
740,569,443,572,573
1216,676,742,1127,1193,497,1173,727,408
199,744,968,844,1046,217,862
357,747,589,941,437,1212,447
746,1194,43,849,1202,822,663,1212
102,743,172,749,467,789,22,539,1215
389,910,752,594,595,602,990,922
675,996,171,332,753,625,723,852,671
970,652,722,755,756,723,754,851
96,1250,1225,587,718,48,760,703
737,266,588,272,432,53,311,447
355,589,430,272,1212,86,796,734,447
357,454,714,1201,703,794,31,606,639
321,451,675,69,40,363,718,607
608,771,777,812,115,218
448,609,770,648,361,1102,52,1048,351
357,613,40,362,893,718,1202,1212,540
930,164,1258,45,1170,1268,410,411
614,6,779,972,975,178,628,885
934,969,976,497,1170,757,1109,1179
804,103,82,758,1278
482,706,201,1130,1197,1110,1111,217,410,411
1128,40,893,718,723,760,1211,1212,540
121,1145,579,550,976,401,1013,761,799
931,614,873,779,1267,828,318,767
772,777,109,1198,1075,404,115,664,956
1056,608,611,771,777,204,917,218
448,609,770,644,616,308,827,668
768,357,741,422,234,241,1212,125,350
32,1031,1004,785,914,852,860,830
614,779,972,885,313,828,767
1056,611,771,777,204,917,218
773,561,850,694,761,442,1279
110,495,118,791,1208,1209,826,1182,351
545,1282,451,1285,172,625,694,952,1279
419,837,1259,1261,433,787,1207,1177,893
1217,394,206,271,399,1233,786,794
1222,231,729,1211,1212,1117,798
1217,589,718,271,399,794,796
1248,231,1211,795,1212,1117,798
206,271,304,399,786,794,831
801,613,806,72,360,785,307,1212
802,425,777,305,247,728,665
121,709,1003,525,401,694,761,893,799
800,67,325,230,841,778,972,956
263,809,139,473,468,533,472,1209,475
1218,810,362,1234,661,1148
355,613,806,1194,822,663,1083,1212
1250,808,13,845,269,760,729,1211,606
1249,1218,683,1006,816,1168,954,349
676,589,974,206,1233,821,631,317,447
326,811,589,179,723,983,1212,509
418,194,549,814,847,310,55,1210
609,993,1238,827,637,575
1281,229,873,779,1210,828,1150,767
613,806,426,244,822,1083,1212
70,1098,300,460,178,371,723,825,509
613,669,1290,269,303,1112,604,29
960,609,585,586,618,300,725,730,671
259,580,877,366,1109,1210,988,670
708,1096,1064,1066,1067,727,667,1086
739,682,109,718,14,662,246,1272,665
963,420,682,906,460,597,1208,894
743,680,204,1075,534,55,310,218
322,685,525,144,626,1205,988,543
259,69,107,684,654,686
674,1219,1220,621,118,342,406,1119
672,1030,297,267,811,206,304
609,678,1133,814,627,1238,759,441,1182
323,675,69,840,107,684,654
131,356,268,1136,601,690,852,281,29
227,1124,691,693,918,309,760,666,700
2,1064,525,1037,497,692,727,1112,988
675,259,107,684,525,686,654,22
640,960,715,687,657,725,730
161,2,645,815,688,977,211,151,509
1113,801,322,153,8,689,280,281,543
1209,359,143,723,1111,697,1051
1190,711,428,237,1011,120,699,254
644,884,887,890,701,222
676,1284,1286,841,1228,1179,702,1183
1282,1285,300,718,16,626,723,187,1277,543
288,545,0,326,359,301,625,694
704,1092,1125,1039,213,696,954
96,453,1127,712,807,464,1272,379,318
710,326,300,336,627,435,179
708,679,1192,333,51,950,1208,667
705,1121,967,392,624,666,604
704,372,373,86,1080,1084,1055
619,1259,430,1207,1177,893,703
1220,361,110,754,851,755,342,406,351
1034,720,976,978,375,1179
1057,322,612,588,13,269,719,822,918
1032,1261,439,1272,1177,893,318,1207
69,840,40,718,654,787,607
1282,1287,716,525,1232,1233,1277
715,621,687,657,725,185,730
928,1,4,7,1226,367,1200,1041,1016
1217,454,1128,777,714,271,606
802,425,305,247,728,665
1249,322,8,1067,624,918,280,729
649,875,404,726,983,920
677,748,623,177,436,534,727,310
324,327,814,242,724,693,346,187
960,1284,618,715,687,657,725,730
1133,346,722,754,629,438,1016,1210,351
970,723,725,629,920,697,509,638
737,1157,646,746,783,1201,659,661
738,5,585,586,730,634,1021
996,357,1128,734,1140,1236,1207,606,31
1248,454,10,587,623,1265,1211,1021,735
738,1284,970,682,1040,725,629,733
864,1284,1286,874,715,687,657,725,730
1283,132,456,142,723,732,540
736,643,709,1190,720,122,894
225,98,709,234,525,46,946,1020
845,685,240,626,918,281,187,445
359,171,1195,143,178,723,628,1274
677,812,1037,623,727,1275
1121,967,1064,392,624,1112,666,604
1027,1100,751,629,634,636,478,415
418,771,1190,745,85,88,636,1149
1186,229,968,847,625,853,1046
257,1125,421,23,632
866,419,617,841,11,809,1073,1213
835,1286,618,874,1106,883,1183
674,485,585,970,586,621,883,698,638
0,869,622,943,1169,658,342,694,127
1252,619,1261,1207,893,703
481,677,620,1232,281,187,543
1155,1159,362,974,1167,659
448,770,648,906,1102,944,656
1184,1190,1132,655,120,218,1020
323,69,840,107,684,654
1248,970,812,109,270,852,662,665
1218,515,775,1234,20,661,22,535,1148
193,549,525,1198,781,660,916,1208
1216,676,645,935,211,631
736,643,707,709,1190,122
641,227,1127,427,429,685,175,1232,280
514,606,1170,823,1176,794,957,638,223
352,384,358,650,1163,1166
833,648,1002,1102,1169,593,1009,730
9,970,1100,721,723,629,697
649,875,46,726,983,920
224,37,232,968,411,1046,1111,410,155,1215
935,874,907,1043,1206,854
962,869,1195,12,1270,1273,989,799
13,1232,626,723,663,187,1212,540
1284,1286,751,1040,657,695,730
968,744,844,1046,862
738,290,1045,629,1016,1210,733
738,585,586,629,730,634,415
199,968,1130,466,1046,1110,1111,410
484,133,968,458,17,1110,1111,410,411,1215
6,614,972,975,1042,859,863
1034,720,976,978,375,1179
1154,70,1290,525,723,1077,187,540,604
640,1187,292,839,1195,1228,1203,854,1183
964,872,878,1108,1017,924
928,0,5,1226,620,973,1041
933,1256,439,1272,1207,893,318
1250,1260,1261,1207,1272,1177,893,703
608,771,777,812,1198,917
871,1262,1264,819,856,959
1157,297,334,1233,1266,317
33,67,100,1255,814,789,952,1114,765
224,37,871,1262,1264,856,959
929,1253,6,1223,1139,436,1115
832,1249,448,355,741,816,216,729,445
262,525,468,117,533,58,1276
804,103,82,758,1278
260,773,1098,621,625,371,799,694,1279
1280,1089,1061,1070,1110,1111,1213,351
35,293,652,369,851,118,342,58
1219,652,851,406,118,1274,1119
1282,1287,1232,1233,1266,1205,1277,382
962,869,1158,839,973,942,93
934,1288,970,171,460,77,1209,1150
930,872,1258,878,976,720,1170,1171,1268
1282,1287,525,941,1233,317,1277
616,974,783,1202,663,1242,1212
1282,1285,525,1199,336,723,852,187,540
389,911,658,595,602,922,990
968,744,1130,844,1046,862
1251,675,451,335,16,1199,178,1267
737,769,776,1194,784,790,1271,797
673,770,293,359,647,1014,634,58
290,1219,1220,621,118,1182
1218,102,264,1006,1234,306,498,535,539,1148
1216,98,676,408,525,718,631,1208,893
1217,76,206,271,786,382
161,1130,815,688,410,1111,217,122,411
674,99,1219,361,621,594,826,1214
929,1253,6,1223,436,1115
929,1253,6,1223,614,436,1115
1282,1222,1287,525,1232,1277
674,290,1220,838,621,343
899,934,903,1160,1000,1224,398,1199,599
1056,608,418,194,772,812,1198,310,55
772,1189,1196,172,1230,531,957,254
1218,355,1193,1194,43,849,663,1242
1157,806,746,43,1202,822,663,1212,349
795,225,70,231,109,525,310,55,1211
1281,934,173,18,55,1210,828,1150
1034,976,720,978,1179,124
1282,1287,297,1233,1266,1205,1277
355,612,1157,1189,43,306,1266,663,1212
1218,1194,1167,849,1234,306,661,1148,349
737,1157,1189,1194,589,1201,437,663,1212
834,1189,646,272,53,86,796
935,874,907,1106,1043,854
197,1190,655,120,699,1020
320,101,1288,1265,184,1178,348
290,1219,293,361,118,1182
257,1125,421,1065,23,632,1086
965,1126,782,948,347,60
674,1219,1220,118,406,1119
1121,967,402,1077,666
1057,642,1129,1002,841,908,408,121,446
290,36,293,396,1135,80,594,915,58
704,1127,423,236,814,272,245,187,445
482,872,744,968,844,815,1046,862
1282,1287,1128,525,1232,1208,1277
1252,1254,1032,619,1261,1207,1177,318
1218,849,1234,306,1148,349
1282,1285,1287,525,1232,1277
0,1273,1226,942,1200,1014,1049,93
960,1251,1189,614,172,1196,1230,335
899,931,934,1224,44,463,178,124
482,706,199,815,977,664,217,410,411
96,676,454,1225,587,48,631,440
225,836,1227,178,723,1208,314,703
1188,974,334,1232,1233,1266,1205,630
970,586,460,723,179,662,1210,1213
960,326,966,488,460,46,179,723,509
864,960,676,874,618,1106,883,631,668,1183
679,717,1072,950,345,954,1053
674,1102,944,656,723,725
322,227,200,268,760,918,1112,281
994,838,908,909,911,594,659
1284,1286,751,1040,657,695,702
899,931,903,178,627,1150,95
899,934,903,1224,264,463,124,1150
682,906,780,525,723,792,763,894
1163,1164,1165,1166,25,889
231,169,874,302,83,886,854,988,543
771,292,777,1037,404,888,793
234,525,974,882,1206,630,792,989
581,584,852,567,1241,574
864,960,640,1284,1286,687,1209,730
1218,1006,849,1234,306,661,1148,349
576,560,850,825,761,283,223
280,1218,808,845,718,760,1272,1211
229,847,976,978,82,758,185,1179,1278
321,69,840,40,107,718
800,1124,932,1126,773,841,778,239
836,964,934,1224,779,1227,627,1150,767
290,1220,838,945,343,1245,1182
482,199,968,844,1046,1111,217,862
357,266,810,304,1201,661,831
834,612,215,1212,540
390,391,72,1076,1078,950
771,1062,777,956,115,1075,1244,285
795,356,231,85,1211,1117,798
1285,550,812,814,1199,404,56,793,1114
290,361,909,911,368,594,1045,826,922
896,359,40,427,173,1039,335,696,861
386,1060,1005,13,525,912,379,892,1151
715,143,687,657,725,697,1051
672,1030,447,267,399,304,831
1124,1029,71,265,1005,528,309
161,706,199,968,202,1130,1197,815,410,411
832,0,1194,974,336,663,1242,1212
225,143,1265,694,1270,1273,1021,638
418,707,999,1034,14,720,246,375
864,1027,715,687,16,497,629,634,415
325,1001,276,284,1023
1024,1286,1002,1040,1010,1018
460,621,145,818,49,1012,1208
930,583,615,1004,1015,568,1017,985
1218,1006,849,1234,659,661,1148,349
748,237,1037,1008,177,88
993,1238,602,667,637,575
994,1092,267,908,594,1143,1245
614,1034,1258,976,720,978,375,1179
996,1259,974,430,1207,1177,734,703
673,385,833,106,1002,593,1009,826
1187,649,875,726,983,920
1113,167,301,79,150,984,153
227,486,207,1232,340,1113,988
609,514,841,1131,1137,1176,731,895
992,801,1160,398,464,341,599,538
706,1123,420,1197,210,597,249,1180
421,901,880,723,895,151,509,639
1185,642,516,292,73,695,698
640,1187,935,874,907,731,668
1059,1192,843,782,1047,829
833,673,1002,1009,593
677,1285,812,623,115,500,1075
225,418,290,835,359,874,883,854,1111
1248,677,748,623,177,727,1275
964,872,878,1108,1017,924
1219,293,652,621,851,1209,58
3,168,265,1263,309,854,700,1183
707,325,70,359,206,304,625,694,983
160,258,709,30,151,217,122,509,158
385,1284,966,1286,267,1100,751,687,415
355,1157,1194,43,783,1201,849,659,663
98,642,676,293,969,106,408,1209
1059,1192,843,782,1047,829
1250,1254,1032,1259,430,1207,1272,1177,703
162,706,2,1130,458,815,688,977,506
163,1130,466,1110,1111,536,410,411,92
835,874,1106,883,467,1043,854
676,76,206,271,821,317,989,382
609,1284,1253,1286,906,1137,820,1176,731
1187,1221,1228,1263,1041,1203,731,668
1185,642,516,839,73,106,121,698
131,504,238,1136,112,600,1146,1116
1124,1029,71,265,528,309
1034,976,720,978,1179,124
928,1158,973,1200,346,93,254,927
967,392,1064,489,683,1077,1112,184
194,355,771,805,777,1194,43,1005,220
1284,1286,494,1040,695,702
0,928,483,1041,1049,93,927
773,777,1037,115,404,888,793,1114
194,418,1034,14,720,55,246,375,414
896,963,904,818,1208,249,635
545,879,1235,249,346,635,861
928,0,1041,1049,93,927
865,938,1044,313,863
1187,1221,869,1228,1041,1204,254,1183
896,65,904,249,346,635,62
163,1130,466,1110,1111,536,410,411,92
121,98,642,293,106,408,1209
418,1034,720,976,978,375,1179
1187,1221,869,1228,1204,1183
928,0,1041,1016,1049,93,927
418,3,1124,1029,194,265,299,310,55
1254,1261,718,119,1207,1177,90,893
776,1066,269,1231,464,1141,1078,822,376
933,1254,1032,1256,439,1272,1177,318
482,968,815,977,1046,410,411
1252,1259,1261,703,439,1272,1177,893,1207
512,706,130,295,1110,1111,664,410,411
962,869,1158,973,942,1273
512,706,130,295,1110,1111,664,410,411
936,817,881,1048,1050
161,482,706,1130,1197,815,977,410,411
546,1103,403,1174,154,219
936,881,817,1048,1050
34,229,614,1258,45,878,1171,1108,860
1216,384,98,676,407,408
1187,1263,1041,1203,1204,731,668,1183
512,706,130,295,1110,1111,664,410,411
418,1124,265,299,309,700
1185,957,1265,698,668,1021,735
962,869,1158,839,973,942
1187,907,1228,1263,407,731,668,93,1183
936,881,817,1048,1050
928,942,1041,1016,1049,93,927
1028,679,1095,717,950,376,345,954
546,123,1103,818,1174,154,219
289,931,873,15,975,1267,828,767
1185,642,516,292,839,73,1048,698
1153,932,6,972,1042,436
928,942,1041,1049,93,927
1187,1228,1263,1106,883,1204,407,1183
161,482,1130,815,688,410,1111,122,411
962,869,1158,839,973,942,1270,93
896,546,219,1103,1174,154,123
896,963,879,1235,249,861,94
482,199,968,844,1046,1111,217,862
484,133,968,458,410,17,1110,1111,506,411
3,1124,168,309,854,630,700
67,420,745,906,1197,339,597,315
227,777,429,749,816,245,409,346,827
161,706,458,1130,815,688,977,410,411
513,484,709,745,723,122,347,1215
1250,1252,1254,1032,1272,1177,893
896,65,963,818,1011,1208,249,861
1218,1157,775,1006,849,1234,306,661,1148,349
161,122,199,458,1130,815,410,1111,506,411
418,1001,1130,777,1136,115,89,346,862
1187,292,1228,1263,912,1151,1011,892,93,1183
935,874,907,1106,883,1206,854
835,935,874,1106,883,1043,854
1056,611,204,917,956
256,161,2,706,199,1197,815,977,410,411
962,869,1158,973,942,1041,465,1273
1059,1192,843,1047,829,766
928,0,942,1200,1041,1016,1049,93,927
3,739,265,309,313,859,926
161,122,199,1130,815,410,1111,506,411
1185,642,516,293,73,106,267,408,698
293,652,1135,369,851,342,58
290,110,495,1135,910,752,851,1214
194,100,109,789,310,55,88,952
930,1258,45,1170,410,411
108,460,525,1197,718,628,1208,1274,541
323,259,69,107,684,654
704,520,632,1006,114,280,954,1212,349
833,878,113,1009,593,49,1073,1213
131,238,112,1136,601,1146,1116
866,772,877,846,111,403,54,1175
320,101,1288,1231,1265,1178,348
33,100,1230,115,789,534,1114,765
99,1220,1260,110,911,594,1214
936,881,817,1048,1050
385,98,642,293,106,267,408,1209
704,227,424,328,105,777,338,604
418,104,1001,651,81,1110,413,1023
804,103,82,758,1278
1059,1192,843,782,1047,829
129,280,1028,650,632,1164,242,1078,376
131,238,112,1136,600,601,1116
642,1161,204,141,753,1174,503,311,126
448,289,770,548,261,74,827,127
135,457,268,78,338,83,287
482,199,968,1130,1197,977,1110,1111,410,411
486,136,141,464,918,538,606
1283,132,773,456,142,732
293,134,874,267,273,883,854,408,121
419,119,90,893,703
197,1190,711,428,120,1180,1208
545,262,460,525,621,117,475,1276
290,1219,1220,621,118,1182
1248,1224,525,178,1267,340,124
422,234,241,125,350
579,260,550,807,371,761,1013,121,283
160,258,709,199,30,217,122,411,158
1248,1188,68,100,1198,1232,21,952,88
1249,66,227,194,612,1094,632,664,29
675,323,451,69,40,107,684
640,67,709,966,359,651,723,1045,374
646,423,72,390,391,1202,307
70,231,1288,302,1267,340,1141,825,571
2,1257,75,977,279,410,411,509,479
1284,870,1286,905,906,364,1040,657
548,485,74,267,494,753,1208,1180
1216,325,359,1039,497,852,727,56,667
1248,451,173,525,1109,55,1210,988
1249,705,709,362,1212,825,59,1148,540
679,72,233,235,950,215,57,954,476
2,200,457,278,248,59,988,61
965,1126,782,948,347,60
64,6,39,777,1170,210,27
452,613,520,72,777,427,538,221,63
1218,646,1194,1006,849,1202,663,1212
930,195,549,968,777,875,852,85,346
266,272,432,53,86,311,447
748,109,1230,177,310,952,88
418,1001,1130,878,720,115,1111,346,157,375
676,1284,1257,713,267,1097,1071,1207
419,1254,1259,119,439,1272,90,318
480,356,231,777,338,436,340,886,91,190
544,899,903,531,1210,507,446,95
96,612,1127,683,115,52,378,190
960,97,326,300,16,1169,179,435,723,1173
355,1193,1194,395,76,397,26,381
547,102,1288,264,77,333,147,539,508
135,268,78,83,698,287
153,79,150,984,1113
481,293,517,361,1135,80,1045,535,826
418,195,104,1001,878,81,860,830
804,103,82,758,1278
135,457,268,543,78,529,83,287
1161,1162,683,781,1168,951
1248,357,198,109,718,208,178,852,885
352,358,650,1163,1164,1166,889
898,195,771,968,777,1258,299,1046
1155,1159,811,1167,659,311
194,418,324,549,748,109,310,55
326,1161,1162,460,525,1168,145,723,1208,541
192,418,194,324,276,310,55,476
193,98,326,70,46,179,340,723
287,135,457,268,78,83,191
96,771,454,777,683,302,378,190
770,809,1037,271,1232,531,788,732,189
1155,70,326,1162,525,1168,625,626,178,723
548,1132,209,19,21,312,188,1118
230,913,979,1237,566,1145,991
1113,322,620,693,918,281,187,543
1163,1164,1166,889,955,25
1127,693,245,1141,886,186,187,543
994,1155,1159,1167,659,311
1121,967,392,624,1077,184,666
804,103,1193,82,185,1278
449,805,843,1005,1047,373,949,183
1113,167,169,180,532,245,984,153
1164,1165,1166,889,667,252,25
992,323,196,198,403,181,1174,670
1153,98,709,359,1191,329,540,541
801,487,200,491,242,216,59
834,612,1157,215,1212,540
679,72,717,338,213,954
1186,709,359,745,778,300,625,371,501,285
964,229,1134,639,182,214,985,924,351
1153,866,964,1191,877,111,1108,1175,924
676,645,631,907,211,407
416,742,844,366,1169,1173,1046,895
300,460,210,723,178,509,671
1219,368,1169,1173,475,759,827,444
290,707,359,460,46,209,723,312,1020
573,869,367,208,500,569,698,572,541
227,1253,520,205,301,814,691,760,316
1152,207,982,1239,984,187,988,1240,543
933,1256,439,1272,1177,318
322,165,319,167,203,496,83,543
739,1062,784,1076,1244,285
1217,362,206,718,304,849,399,1212
355,805,1194,43,1202,663,1242
2,199,968,815,977,410,411
707,163,1001,1130,466,1110,1111,92,375
1056,611,803,204,917,218,764,765
197,1190,655,120,699,1020
200,491,1232,529,242,278,216
224,815,977,411,151,410,155,509,1215
153,301,79,693,150,984,1113
160,736,258,709,122,647,946,30,634,158
907,1134,182,282,156
292,147,1204,189,59,1212,540,639
1123,996,5,460,525,146,638,1215
153,79,150,984,1113
521,489,683,777,148,378,190
963,460,143,273,85,695,697,1051,732
1283,132,456,525,142,1208,732
359,234,555,46,145,274,404,408,252
65,322,518,140,685,144,116,62,543
676,645,631,874,883,854,407,408
1219,139,909,911,851,1209,475,1119
166,138,44,531,470,539
1113,486,136,141,464,153,538
1113,129,203,140,460,144,1232,153,1052
707,906,525,176,468,533,1208,988,541
677,748,237,177,310,534
35,652,909,911,369,179,406
514,1131,1137,855,1176,731
931,463,178,1267,885,124,1150
153,1127,173,689,20,984,1113
193,66,227,8,777,174,690,252,29
1089,169,492,429,175,1231,337,1141,543
322,771,452,167,777,1232,984,543
1089,771,452,1061,227,169,777,918,543
865,418,171,847,1136,976,1267,1111,1179
1056,100,777,172,204,1230,109,1075,952
961,524,48,497,468,500,475,159
224,37,968,1130,1046,1111,410,411,1215
835,935,874,883,1206,854,630
160,258,709,199,410,30,122,411,158
165,294,301,429,532,918,795,316
544,166,138,526,273,470,507,923
832,613,1094,1193,429,785,690,52,1087
257,1125,1065,717,950,632,345,1086
260,807,1098,371,121,283,1085
1090,1091,1028,1096,633,1074,950,345
835,935,874,907,1043,854,1206
1090,1091,1028,679,633,950,345,954
865,1251,614,1107,313,859,863
1089,322,452,1061,1097,497,950,543
1088,832,808,616,1066,115,950,958
355,771,1193,777,1067,393,365,1080,185
1028,1095,1096,717,1078,950,376,345
679,1095,717,1078,950,376,345
129,1028,717,1074,1078,950,345
355,1193,1194,723,372,373,1080,1084,1055
1028,1095,679,1078,950,376,345,954,1083
129,355,613,1194,235,663,1212,540
1099,717,338,950,345,1082
954,1097,365,1071,1081,378,383
1248,1102,944,656,725,697,1051
865,418,3,614,938,1044,313
546,1103,1174,154,219
1028,1099,717,338,950,345,1082
1027,1114,1255,1100,629,122,1020,415
865,938,1107,313,859,863
1251,902,136,937,940,1104,1107,538
482,199,968,1130,1110,1111,410,411,511
584,574,876,1105,860,1149,830
1092,1028,679,1095,1039,950,696,345,954
1093,390,679,1094,775,1052,1087
1281,6,218,1005,885,727,1210,828
260,1098,371,121,283,1085
679,1065,950,345,954,1086
1097,365,1071,1081,383
1249,1093,1094,261,712,377,1087
1120,651,1172,1243,412,413
137,525,1012,468,533,472,541,1118
553,554,237,1037,274,404,793
1184,551,1132,789,375,217,414
514,1131,1137,855,1176,731
963,1134,1106,182,1208,249,827
1282,709,745,970,460,525,1138,723,1179
1059,1192,843,782,1047,829
355,805,1194,43,362,784,663
355,805,1194,43,663,1242
1058,1064,525,402,1112,377,666,184
548,874,1106,467,1043,1206,854,505,1183
1248,6,1223,436,1115
1248,929,1153,6,436,1115
32,923,964,1147,813,599,1241,891
923,1147,846,592,1105,54,921,891,1149
418,934,873,972,18,124,1150
1248,1153,359,1191,745,329,723,541
1124,1029,71,265,299,528
1154,1188,1290,624,1205,604,669
1155,1159,811,1167,659,447
576,1122,560,401,980,566,570,605
1248,929,1253,6,1223,1139,436,1115
1255,1128,714,882,307,1236,1140,734
320,1156,974,1231,1266,1141,1083
199,968,1130,466,1110,1111,217,410,92
644,884,887,890,701
482,199,968,1130,1046,1110,1111,217,410
1248,964,6,1139,436,1115,639
525,912,1011,1019,892,1151
65,41,684,654,592,1174,62,607
1248,196,325,173,852,1109,1210
1220,1133,1007,369,438,351
579,230,550,1003,1013,1237,405
1248,964,1000,1160,398,599
325,999,1001,1034,720,276,375
0,1217,359,1193,525,46,723,187,541
931,934,1224,44,463,627,1267,1150
865,3,938,1107,1044,313
567,1031,1033,1035,876,855
1221,869,1228,1263,1041,1204,254,1183
1184,610,551,1132,276,414
896,65,904,249,346,635
193,773,972,781,916,404,797
1031,1033,876,846,592,54,855,985,1147
897,846,596,54,1175,1241
357,272,849,1202,723,659,53,663,447
567,1031,1035,876,592,855
359,525,1199,336,16,1267,52,852
576,560,570,762,1022
225,451,326,589,1212,51,723,540,1215
649,875,726,983,920,1176
1024,353,1028,1095,1010,787,1018
546,219,1103,1174,154,123
928,1,4,5,1226,367,1200,1041,1016
50,569,443,572,573
1024,418,292,1133,1010,695,1018
34,968,1197,1015,1017,410,411,511
833,49,1009,113,593
961,525,48,468,500,151,475,509
580,583,615,568,985
1057,805,1194,235,13,947,247,986,1247
1056,803,777,204,917,218,764
1121,1058,967,392,1077,184,666
482,968,815,977,1046,410,411
193,4,329,10,46,1011,1016,346,1213
738,610,359,11,878,751,1073,1268,953
931,68,1224,463,178,1267,124,767
1090,1028,679,633,950,345,954,1054
1194,372,373,1080,1084,1055
1252,619,1261,787,439,1177,893,318
460,525,19,117,375,1208,188,541
930,1258,45,1170,410,411
322,227,70,688,20,245,24,543
100,488,525,500,21,311,1215
679,717,1072,950,345,954,1053
257,1125,421,23,632
2,968,815,977,217,410,411
954,452,327,383,1194,365,345,1082,1052,1081
610,999,953,1243,412,413
1216,648,1064,16,178,885,727,1112,543
1248,196,580,583,615,1109,639
1059,1192,843,782,1047,829
130,163,1224,178,18,1267,536,92,1150
195,771,549,968,875,878,601,858,28
355,1097,365,1071,1073,1081,378,383
679,1095,717,1072,345,954,1053
64,1222,39,1011,436,404,27
422,423,1128,454,734,1140,1236,606,31
482,2,199,968,1130,1110,1111,410,411,511
66,227,281,1127,24,729,29,319
385,759,1073,117,343,121,1213
356,472,1289,24,58,541,1208
776,1068,365,51,950,1081,383
609,196,1160,939,332,1264,852,441,925
358,1163,1164,1069,1166,25,955,889
1193,1098,394,395,786,371,185,26
833,909,1070,911,593,1009,339,1171,351
1163,1164,1165,1166,25,889
290,709,460,525,1070,143,178,723,351
547,613,38,808,41,746,492,495,624
1121,1058,1064,402,1112
224,37,199,232,968,1046,1111,410,411,1215
257,679,1065,717,696,632,345,1086
840,40,363,718,592,1272,318
1088,1091,679,1066,633,950,345,954
64,1216,835,39,630,408,27
355,388,393,777,1067,76,365,374,1080
33,292,168,777,204,346,623,627,1114
706,1130,493,462,815,1170,1111,249,410,411
32,567,1031,1035,431,852,855,985
36,809,396,909,911,915,1238
1089,452,1061,327,1232,760,1113,543
35,80,369,179,342,406,1182
1251,614,1107,313,859,863
1113,322,227,452,1063,712,1141,153
449,1059,843,271,404,949,1047,766
1191,1258,914,858,860,830
704,450,520,393,620,429,632,59,540
389,909,910,911,594,595,602
675,323,451,69,40,107,684,654
1113,322,452,327,153,445,543
36,809,396,915,788,826,956
1282,1188,453,1287,525,1232,1233,1277
769,803,611,956,917,790,218,764
454,714,525,1199,16,178,1267,52
608,193,781,115,916,1075,797
294,455,525,113,818,1238,55,251,287
416,923,1229,219,1101,591,921,891
1283,132,456,142,694,442,732
1026,418,1191,335,820,919
1248,609,525,814,759,664,441,1210,1119
964,709,647,745,946,1045,151,924,509
2,773,460,525,1232,723,1208,442
416,923,1229,219,591,921,891,985
50,569,443,572,573
1184,163,551,1001,1130,1132,466,276
448,609,423,1169,1238,1048,346,827,444
451,675,335,943,625,22,823,185,925
929,1253,6,1223,370,436,1115
452,173,685,626,693,187,445,543
5,11,715,366,143,113,178,723,446
272,432,53,311,447
934,828,18,627,1210,284,1150,511
448,1249,525,145,49,628,629,1274,478
1059,1192,843,782,1047,829,766
1153,932,6,779,972,976,1042,436
1250,1193,525,434,787,178,53,1207,90
644,884,887,890,701,222
619,430,433,787,1177,893,703
614,779,972,975,178,562,885
644,884,887,537,890,701,222
929,1153,1253,6,1223,436,1115
644,884,887,890,701
545,326,525,336,627,435,179
290,1133,525,46,1007,723,438,187
612,1157,747,941,1266,437,663,1212
544,546,923,219,921,154,891
808,1225,777,1067,268,440,729,287
933,1256,439,1272,90,318
912,1011,1019,892,1151
802,425,305,247,728
418,676,645,880,214,631,249,346,895
1125,421,424,1065,1066,338,632,1086
897,877,846,813,596,54
679,72,1194,427,173,950,221,543
930,898,195,1258,45,1073,1111,1213
389,426,718,178,340,922,1212,703
900,549,872,745,847,601,858
619,1259,430,433,119,1177,703
902,872,937,940,1104,601
928,1158,942,367,1041,1011,1016,93,927
544,837,711,428,655,627,507,120,699
833,870,905,170,364,1009,593
357,432,272,1233,723,659,53,447
682,906,460,170,364,848,723,1208
389,909,911,594,658,595,1238,602,990,922
32,291,939,431,115,852,598,59
965,1126,1062,782,948,347,60
610,549,1111,953,1243,413
545,417,1101,1229,591,921,923
1216,384,359,907,46,407,408
871,1262,1264,819,856,959
1217,1122,355,1127,712,1194,245,409,316
768,350,1250,741,422,241,125,606
1220,293,652,1135,851,406,118,58
191,228,646,423,72,298,1202,31
289,614,969,873,972,178,757,859,828,863
417,1229,1101,591,921
257,1125,421,424,23,632
1121,967,392,1077,184,666
1193,1194,43,76,394,395,26
291,939,943,981,823,925
1217,718,399,271,248,1273,796
419,709,525,718,625,787,119,90,703
393,650,1067,777,365,950,632,1080
1248,225,418,359,871,971,1262,1264,959
1193,394,395,76,26,380
777,878,847,1170,404,888,793
674,970,621,179,406,727,1081,1119
1121,1058,392,1064,402,727,184
576,995,560,947,570,566,986,1247
111,403,1108,598,760,891,1181
902,937,940,1104,601
257,387,1028,1095,137,365,950,345
291,939,943,823,925
954,386,418,454,1127,1194,812,1082,379
902,937,940,1136,1104
385,1097,1071,1073,727,1213
291,867,939,943,823,925
384,1216,352,1163,1069,407,955
1121,1058,967,392,1064,1077,1112,184
449,613,843,1047,949,822,183
388,390,391,72,1069,1076,1079
390,391,646,1193,1194,72,1076
965,1126,948,347,60
355,388,1067,76,365,1080,827
100,172,1005,109,952,88,956
355,1194,43,115,693,1080,345,954,379
610,549,325,551,953,1243,413
1097,365,1071,1081,378,383
1028,679,1095,950,1078,376,345
1125,712,1065,683,378,377,1082,1086
1121,801,193,109,402,1213,951,797,351
1028,1095,393,365,950,374,1081,954,383
1097,365,1071,1081,378,383
1062,807,1098,784,371,1244,957
1193,1194,43,76,395,26,381,382
805,1157,1194,941,589,784,317,958,447
1193,395,76,26,380,381,382
384,358,1164,1069,1166,950,889,955
394,76,26,380,381,382
769,611,803,204,917,790,218,956
472,780,525,792,763,894
800,354,67,249,841,778,784,121
769,290,776,784,788,1076,826,764
355,805,1194,43,784,663
1056,769,803,764,765
193,225,1218,8,1194,427,429,689,1234
1056,769,803,1075,115,917,764,765
704,776,1068,365,950,1078,376,1081,383
1121,1058,774,967,392,402,1077,666
450,679,328,105,72,954,1212,540
804,103,82,758,1278
869,1191,329,525,46,468,1208,541
1056,769,803,218,764,765
899,754,115,660,789,757,346,124,542
260,807,1098,371,121
704,547,708,549,1064,685,501,918,1112
355,805,1194,43,362,784,663,1242
487,263,777,1258,468,533
98,780,525,792,763,894
677,748,237,177,469,534,88
608,769,611,803,812,115,917,790,764,765
481,129,1099,717,338,535,345,474
1056,965,969,495,784,1011,916,797
801,486,136,1067,464,497,538,63
1062,999,487,137,304,530,115,861
32,1033,850,403,598,825,891
135,457,268,78,529,83,287
98,1160,460,398,599,1208,1209,154
1089,771,1061,167,301,180,532,245,984
131,504,1136,112,600,1146,1116
326,40,74,138,113,531,117,1208,541
1121,967,392,522,624,666,510
833,870,905,364,593,1009
389,908,909,911,594,602,990,922
231,521,489,777,378,148,918,346,508,190
389,909,911,559,594,595,922,990
961,875,524,48,1110,1111,159
897,877,846,596,54,985
704,612,520,523,783,816,918,29,255
1184,610,549,953,1243,413
515,1188,453,716,1232,1205,760,252
576,1038,400,560,565,762
514,112,1137,852,567,1176,601,731,574
359,780,1197,792,763,894
1090,1186,520,121,442,283,1054,223
518,460,333,525,178,723,1208,475,988
1056,803,771,204,917,218,764
131,238,112,1136,601
96,521,683,492,114,691,148,378,508
544,546,923,219,507,921,891
389,909,911,594,595,1269,602,990,922
576,1038,400,560,570,405,762,603
675,522,139,1005,686,784,184,1209,510
1121,1154,1290,624,1077,604,669
482,199,968,1110,151,1111,217,410,411,509
833,870,905,170,364,1009,593
1217,296,1232,1233,1234,437,502,540
613,426,525,147,501,1174,503,540
545,963,868,1257,682,460,1208
292,677,237,1230,274,115,500,21,959
867,291,140,1262,1264,531,22,823,539,959
98,707,709,745,720,151,122,509
613,13,1232,501,503,540,351
897,866,567,877,596,852,1175,1241
460,525,113,498,49,723,1208,988,509
1004,753,914,1105,1022,860,830
162,2,1257,815,977,279,410,479
900,229,549,777,814,847,815,858
771,452,167,393,203,496,144,319
968,844,1136,116,857,601,858,862
486,136,235,141,464,497,538
936,881,817,1048,1050
490,74,267,494,753,113,1180,127
897,583,877,596,852,1175,985
324,459,748,495,177,339,791,1208,315
1031,1035,876,592,276,855
545,707,900,490,879,1235,1180
676,645,199,880,211,339,631,122,315
649,1258,875,978,1170,983,1046,726,920
646,840,41,492,718,852,1241,1212,607
935,874,1106,883,1206,854
608,488,461,113,21,789,1208,1215
704,547,708,489,683,1168,378,508
871,971,1262,1264,856,959
481,129,1028,233,1074,535,474
486,136,141,685,464,538
361,909,911,368,788,826,1182
480,929,460,302,207,1136,691,91
448,770,255,261,827,478,127
291,939,943,823,925
930,968,1258,1116,1046,600,858,476,862
1248,418,610,549,1191,1132,276,824
166,139,460,533,472,58,475
481,609,520,717,338,535,474
1026,934,1191,335,820,919
487,906,848,465,212,533,1180
1258,1036,525,1041,1149,1208,473,861
32,923,964,1033,1147,813,1241,891
263,139,848,472,1017,444,475,732,637
321,291,323,69,1160,363,398,1264,819
100,1221,44,1197,495,471,952,1118
567,1031,1035,876,592,855
132,166,777,138,44,526,273,470
871,971,525,1262,1264,856,541,959
1056,771,777,237,469,310,534,88
897,877,846,596,54
609,614,263,468,757,533,952
486,136,269,464,497,538,606
484,133,968,458,17,1110,1111,410,411,1215
487,906,848,465,212,533,1180
899,934,102,264,710,463,539,1150
835,874,907,1043,854,630,1206
291,196,675,840,842,654,592,567,154
1283,132,461,525,142,1208,732
1004,830,914,852,985,860,574
324,549,326,969,1130,459,495,21,1215
1120,651,1172,1243,412,413
135,457,268,78,83,287
98,113,178,723,628,1209,1274,284,1023
260,560,121,570,283,1085,1022,223
161,482,706,968,1130,1197,815,410,411
1251,739,1062,727,1244,285
549,1258,875,844,814,276,824,346
288,1185,640,642,676,631,407,698
579,550,1038,400,913,561,979,1013,1145,991
135,457,268,78,529,83,287
290,1219,361,117,118,1182
1184,771,549,551,681,1132,115
289,969,873,972,15,178,313,859,863
1152,552,557,1038,560,400,982,762,991
292,1193,237,271,786,404,698,794,957
545,1217,291,675,525,925,943,22,823,989
928,1,4,1226,367,1200,1041,1016,927
512,130,706,295,977,664,410,411,509
801,294,236,242,180,537,251,316,222
1282,1287,297,1232,1233,1205,1277
834,1157,296,235,502,663,1212,540
1124,1029,71,968,299,528,115,1075,1046
1188,228,1222,356,298,152,87,24,1117
261,166,138,44,16,732
994,262,621,814,110,117,1276
454,999,263,777,468,533,952
899,931,934,264,1224,44,463,178,1150
357,266,810,272,304,53,86,757
672,932,1030,713,267,525,1273
1186,969,393,875,270,495,85,310,249
1217,76,589,271,399,796,317,447
642,869,1158,839,1195,12,1273,989
974,272,432,1233,53,311,796,447
289,770,963,648,1258,814,273,851,827
801,294,198,712,492,301,275,503
448,1249,70,231,340,277,351
1248,931,6,108,847,1136,436,278,827,639
129,845,760,280,729,445,958
1113,153,693,918,984,281,187,445
930,902,937,940,1134,1011,282
1210,139,651,525,988,244,663,1242,1212
581,584,852,567,1241,574
1092,299,1084,336,272,243,885,796,1055
581,582,852,567,1241,574
487,200,491,1232,242,216,59
577,578,707,872,1130,375,151
422,234,241,125,350
513,865,229,709,872,745,841,1108,375
580,583,615,568,985
271,304,399,248,250,794
544,545,891,460,1101,1229,591,507
707,709,325,999,1034,14,720,246,375
581,1031,1033,363,876,592,855,1241,574
934,425,777,305,665,247,728,1177
580,583,615,568,985
225,460,723,852,245,409,187,540
581,584,852,567,1241,574
962,869,1158,839,1196,942,254
740,50,569,443,572,573
167,489,945,532,245,251,316,1245
740,569,443,572,573
359,234,12,525,46,723,252,538,540
740,569,443,572,573
742,619,331,304,119,248,250
1248,582,823,852,567,1241,571,925
993,1238,727,637,575
259,69,107,684,654,686,366
160,258,707,709,199,30,217,122,158
577,578,872,1130,847,1110,375,1111
257,1125,421,1065,23,632,1086
832,1249,1093,810,523,1168,52,1212,255
581,584,852,567,1241,574
1028,1125,679,72,427,1072,950,221,1053
576,260,560,825,570,283,223
1152,590,563,564,982,1239,1240
1056,771,204,218,764
675,1193,525,178,562,723,759,187,988
3,931,614,972,975,1267,859,863
2,199,968,1130,1197,47,1110,1111,410,411
1184,194,968,1132,844,862,375,220,414
579,550,913,979,1013,1145
227,427,460,178,723,664,1212,540
580,583,615,568,985
1188,228,1156,1231,1232,1233,1205,1141,760,670
581,584,852,567,1241,574
576,560,566,570,1022
1248,225,486,1227,718,178,314
224,226,900,133,17,858,28,479
1152,590,982,1239,1144,1240
34,964,615,815,1015,1017,985,511
481,517,233,460,525,178,723,1208,988
995,947,371,566,986,1246,1247
768,234,241,187,125,350
553,554,555,1037,145,274
229,1191,878,847,976,124,978,1171,828
553,554,555,274,93
70,231,525,302,340,886,1211
553,554,555,1037,274,93
482,199,968,844,1046,1111,217,862
418,67,677,841,239,597,249
576,550,1038,560,400,1237,570
200,491,173,240,113,818,278,543
559,911,945,1238,1143,1245
579,550,401,561,1013,566,991
294,236,430,175,497,280,445,543
748,237,1008,177,115,1075
1152,552,557,1038,400,982,1239,762
806,360,492,12,718,303,495,785
1216,325,359,234,525,46,178,723
1218,362,784,849,1234,1148
361,911,368,52,118,826,1214,1182
1121,356,1222,1289,24,1117
354,234,778,241,667,125,350
352,358,650,1163,1164,1166
357,582,455,264,426,266,463,467,53
929,6,1223,370,436
290,35,1220,1133,1135,369,594,342,58
704,372,373,950,1084,1055
704,1194,372,373,1084,1055
259,582,366,302,303,942,93,670
323,675,69,363,107,684,654,686
290,621,1199,368,16,1267,723,1045,1182
962,1158,839,973,942,367
992,198,41,303,1231,341,1141,599
1220,293,361,1135,594,118,342,1182
1219,1220,838,361,559,1143,343,1245
1121,1058,967,392,624,666
646,72,525,336,1202,723,540
1061,167,527,1231,337,691,1141,251
328,1099,717,338,213,950,345,1082
70,427,812,497,723,340,988,543
768,354,422,234,241,125,350
229,1133,1070,627,438,214,1210,351
352,384,362,1163,1135,1039,727,1212
353,1250,933,1260,1261,787,119,1207,893
225,67,40,141,718,346,1211,1212,893
965,1126,948,347,60
320,101,77,1231,1265,1141,348
1218,1006,1234,659,661,1148,349
322,452,327,685,693,374,187,606,543
326,300,336,179,435
837,1254,1032,330,1261,787,1177,893
610,325,999,14,720,276,246,953,1023
1248,194,611,324,520,297,1232,723,1212
323,69,107,684,654
704,322,203,685,144,1113,543
321,451,675,40,718,626,607
320,101,1288,1265,1141,1178,348
1026,359,335,723,820,919
334,974,1233,1266,1201,317
1064,333,525,49,113,497,727,1208,667
0,867,291,939,332,943,178,852,185
331,619,119,1207,1272,893,703
353,837,330,1260,428,787,734
548,329,525,498,180,156,541,1118
704,227,328,105,338,86,540
1218,775,849,306,1234,661,1148,349
353,423,1128,72,297,1106,307,734
206,974,304,271,399,831
1248,425,305,497,727,1273,667
482,706,968,1130,1197,815,217,410,411
195,231,423,302,19,340,825,188
259,646,840,492,366,303,1202,1177
227,1127,650,300,685,429,588,281,187
933,1256,439,1272,1177,318
153,165,167,301,532,150,984,1113
297,334,1233,1266,786,317
832,227,760,280,729,379,29,319
1248,225,739,614,1227,314,859
67,420,745,906,1197,339,597,315
1217,70,362,460,589,1232,723,311,540
418,841,304,787,19,309,312,188
1248,448,770,519,308,827,189
225,1037,177,469,310,55,88
