0,1,194,3,324,5,133,202,11,12,16,214,22,218,27,222,30,32,95,35,229,232,234,43,170,237,44,52,54,59,190
324,261,262,199,7,329,11,12,269,207,16,81,210,87,280,88,26,219,28,221,222,31,40,106,43,236,109,46,303,116,56,61
3,198,7,327,6,9,12,16,18,24,220,29,94,222,224,226,293,41,42,299,43,234,238,47,50,313,58,187,317,127
322,3,7,12,205,15,18,85,22,217,219,221,94,31,289,38,295,41,42,299,236,46,48,307,61,53,56,57,60,317,255
64,194,66,5,197,200,201,137,13,20,216,218,222,30,32,33,35,37,230,231,40,233,234,44,237,45,303,113,52,54
3,324,4,198,330,75,12,207,209,275,213,214,24,281,223,162,34,122,39,233,43,173,239,47,315,242,118,55,312,186,251,189
0,129,66,196,5,7,9,17,21,27,221,222,159,224,32,30,166,230,105,234,43,44,45,46,238,178,51,54,187,62,63
192,0,1,3,64,134,11,12,15,16,17,18,19,21,90,27,157,94,32,225,33,36,229,41,42,233,44,238,51,252
198,327,72,264,6,267,9,207,213,24,90,220,222,224,226,35,58,293,317,234,43,299,187,238,50,316,313,186,315,188,189
0,66,3,5,134,198,8,329,12,78,216,281,222,223,289,227,230,231,167,233,234,39,43,237,41,303,238,54,118,59
1,194,323,195,196,260,135,66,5,203,206,23,89,155,222,224,32,34,228,294,230,233,234,45,115,51,309,54,255
64,1,0,324,134,202,13,208,17,213,22,215,152,89,218,27,30,32,34,35,229,232,59,42,234,43,238,52,54,315,188,190,319
194,66,5,134,329,13,78,214,222,30,224,289,33,32,228,230,167,234,44,237,45,51,54,62,59,188,190,319
194,66,260,5,197,262,200,329,137,10,16,216,218,222,224,230,231,233,234,43,237,238,303,239,113,54,58,59
64,321,194,3,1,8,266,75,12,207,15,209,213,22,23,217,218,27,94,30,33,227,228,229,35,104,232,52,59,188,189,255
0,194,3,4,5,329,12,207,24,222,223,289,34,100,101,230,231,295,233,234,39,43,237,175,47,239,54,55,188,190,255
194,66,5,329,9,11,78,207,209,213,214,21,222,30,224,32,230,295,234,43,45,238,303,187,51,54,315,62,319
194,66,5,197,329,20,216,218,222,32,224,37,230,231,233,234,235,44,237,174,113,49,50,51,54,59,190,127
130,66,131,319,6,7,136,267,141,145,25,219,221,287,96,289,97,31,230,38,232,300,236,302,47,46,48,61,56,123,125,127
194,66,5,200,329,137,266,81,216,218,222,160,32,224,230,231,295,233,234,44,237,303,113,49,51,53,54
320,5,198,327,136,6,9,208,17,24,222,224,226,229,230,231,41,42,43,234,299,238,50,54,313,187,317
0,3,4,329,12,207,16,209,210,213,214,22,216,24,27,311,223,34,292,39,233,43,303,239,47,55,186,315,188,189,63
129,194,196,5,132,7,202,83,20,19,216,218,154,285,222,31,289,162,230,231,105,234,237,111,240,113,112,117,54,53,57,59,190,127
69,71,264,265,74,72,203,263,269,271,79,81,84,277,87,89,282,283,97,106,109,241,114,243,119,123,252,253,254
68,69,5,7,264,261,75,268,269,15,271,81,211,87,89,94,96,98,104,299,172,109,127,305,242,248,123,188,317,255
256,194,5,70,262,69,264,267,269,270,79,81,87,89,283,222,32,98,228,101,36,104,106,109,241,243,251,252,253,254,255
71,264,8,202,77,270,271,269,17,81,79,208,21,23,216,282,27,92,283,32,99,166,105,241,178,114,244,245,187,253
257,258,260,5,262,71,136,329,202,77,269,16,208,84,280,89,282,219,283,32,225,98,36,229,101,187,114,244,245,123,188,127
324,69,262,198,73,266,267,269,270,80,81,16,275,87,88,93,94,101,103,104,109,111,114,243,51,116,246,251,255
256,257,258,68,325,261,327,72,7,266,75,71,268,15,276,213,277,215,278,86,282,219,93,291,292,101,104,242,116,247,120,121,319
69,70,264,265,203,76,205,269,208,81,84,277,119,89,282,91,283,92,32,97,106,42,109,110,114,243,247,248,252,253,254
256,257,258,260,325,69,262,72,265,202,264,200,267,81,277,213,215,87,89,282,248,97,101,249,109,114,245,247,120,121,122,319
256,260,261,69,135,72,73,266,75,264,263,270,269,81,277,85,87,89,92,93,97,121,101,104,107,109,111,120,249,250,251
257,194,260,69,262,263,264,73,202,75,269,270,81,209,275,214,87,216,89,283,228,104,237,109,303,239,246,250,251,255
69,72,265,264,203,76,328,269,208,273,84,277,217,282,91,284,89,97,101,41,106,304,241,114,50,308,119,252,253
256,69,72,265,264,203,269,271,277,215,217,282,283,97,289,99,227,101,41,106,114,50,243,182,119,121,253,254,319
68,69,264,72,267,269,79,80,81,275,277,86,152,88,282,281,97,100,101,39,40,106,47,241,114,51,116,246,119,120,121,254
194,325,262,69,261,264,75,267,269,270,81,84,214,87,217,89,284,94,222,97,98,100,101,228,104,109,243,248,251,190,255
256,69,262,72,264,202,203,269,143,208,271,79,81,254,277,213,215,87,282,283,97,101,106,109,241,114,243,119,120,252,253,190,319
256,257,258,322,261,199,72,264,266,75,267,201,270,271,13,81,277,88,89,282,120,93,30,32,34,35,101,37,104,44,114,116,52,248
257,258,261,199,72,264,265,74,13,271,81,277,88,89,282,93,30,32,97,35,249,37,122,44,45,241,116,117,180,247,248,121,52,253
257,258,259,260,70,262,264,75,267,270,15,271,81,213,214,278,89,93,287,101,230,295,104,108,109,114,245,248,249,122,251,255
256,260,262,72,264,73,75,267,269,271,275,86,87,88,89,281,94,185,39,104,111,47,48,116,245,246,248,249,122,253
256,257,258,261,69,327,72,265,264,266,269,79,81,277,278,215,87,282,283,93,97,101,104,106,111,243,247,120,121,252,253,254,319
256,257,258,260,69,70,262,72,264,265,203,267,271,81,277,213,87,89,282,247,248,97,101,249,106,109,112,114,245,119,120,121,122
65,66,259,3,260,263,264,266,268,12,270,271,272,211,278,25,31,96,99,232,41,47,48,241,251,250,123,125,255
256,260,69,263,72,264,265,202,269,270,79,84,277,215,87,282,91,247,283,96,97,101,106,114,243,119,120,121,250,251,252,253,254
256,66,68,71,72,265,264,74,271,79,277,213,86,282,90,283,95,97,101,103,41,106,302,241,114,50,116,117,119,120,121,253
256,2,70,263,72,199,266,202,201,271,207,81,213,277,215,217,282,62,92,160,97,100,101,36,237,49,114,120,121,190,319
257,260,69,262,71,264,73,267,75,269,270,80,275,87,88,89,94,184,287,97,104,241,243,51,245,246,248,249,122,251,253
66,259,69,263,74,268,272,81,274,211,87,25,31,96,99,232,47,48,124,242,127,125,255
194,69,70,71,326,11,269,270,15,271,77,208,275,276,214,281,283,32,163,100,101,39,104,42,172,109,47,114,243,119,121,255
257,258,260,262,263,264,267,75,270,15,271,81,207,213,214,89,282,93,104,250,114,242,116,117,245,248,249,122,251,255
256,192,259,323,69,261,263,200,264,12,269,142,271,15,81,84,214,151,87,153,89,98,101,234,43,109,177,114,248,315,255
66,259,68,263,71,74,268,271,272,211,84,86,25,31,99,102,232,41,106,47,48,116,121,122,125
69,71,264,265,72,74,203,328,77,269,79,273,277,87,282,283,97,106,176,241,114,304,243,117,308,248,121,252,253,254
192,66,7,263,268,78,15,142,274,211,18,83,82,19,90,29,94,96,32,102,103,232,41,42,299,39,108,47,113,125,317
256,324,73,266,267,75,202,269,81,209,275,86,87,88,89,281,93,94,36,39,104,172,111,47,48,246,185,251,189
256,68,325,70,327,72,7,266,75,267,71,269,207,79,276,213,86,87,219,289,121,292,100,101,40,106,116,247,249,186,316,319
256,325,261,69,72,264,266,75,269,81,275,84,277,86,85,87,89,282,92,93,248,97,98,101,104,109,116,119,120,121
256,0,1,261,69,263,72,264,266,75,73,141,270,81,275,19,277,86,84,85,281,278,87,27,93,92,94,185,104,111,120,249,253
0,71,74,203,142,79,81,210,84,277,20,279,119,281,282,91,157,95,97,225,101,39,104,170,106,301,175,116,117,118,247,120
256,197,262,69,264,202,11,269,271,16,79,81,214,87,280,216,283,36,101,229,234,43,106,241,114,243,244,54,119,252,253,254
69,261,133,264,73,198,75,204,269,142,275,276,85,279,281,285,94,159,225,34,39,104,47,241,245,118,250,124,253,254
65,194,259,68,5,197,262,200,71,70,270,271,79,86,282,222,223,228,104,106,108,109,177,243,116,121,251,255
69,326,71,264,72,265,75,269,77,271,208,81,213,214,282,283,32,101,104,42,187,241,114,116,244,121,251,253,254,191
255,69,70,198,264,202,11,203,205,269,79,208,81,84,87,282,91,284,283,106,43,42,109,110,241,114,243,119,252,253,254,191
128,130,131,132,133,134,135,136,139,140,285,286,287,288,289,290,122,123,125,126,127
128,130,131,132,133,326,134,136,135,139,140,285,286,287,288,289,290,123,125,126,127
128,130,131,132,5,134,3,136,133,139,140,285,286,287,288,289,290,123,188,126,127
128,130,131,132,133,134,136,201,137,330,140,12,139,207,217,285,286,222,288,289,290,291,305,123,188,125,127
128,66,131,259,3,130,263,136,132,133,137,12,268,138,139,140,213,286,287,289,232,125,122,123,188,189,126,127
128,130,131,132,133,134,135,136,139,140,12,285,286,287,288,289,290,107,123,125,126,127
128,130,131,132,133,134,136,139,140,78,210,213,150,215,152,286,288,290,291,295,167,303,310,314,123,124,125,126,319
325,330,142,209,81,147,148,214,216,154,184,95,158,292,295,167,170,299,172,174,303,239,175,306,307,116,316,310,312,188,189
325,6,327,209,145,148,149,215,154,158,160,292,293,294,167,295,296,234,171,172,173,174,303,175,179,307,310,184,316,319
324,330,16,145,208,144,214,150,155,158,293,294,295,296,41,42,299,171,173,297,301,174,175,306,307,179,308,246,180,184,313,315,316
195,326,330,267,12,207,209,148,214,154,90,184,158,292,295,168,167,170,299,172,173,174,175,303,110,307,179,309,310,312,315,189
192,65,195,135,328,330,77,206,144,82,153,155,158,293,294,295,296,297,171,299,301,175,177,307,308,179,180,55,184,315,316
326,265,203,208,144,213,151,215,88,154,155,157,158,293,294,295,296,297,173,301,175,178,307,179,180,181,310,312,186,315,316,189,319
202,330,78,207,208,144,20,214,90,155,157,158,160,161,36,295,167,234,298,170,172,174,303,175,173,307,179,180,310,181,186,315,316
1,195,326,265,330,206,207,208,142,148,154,92,158,292,295,105,170,299,172,173,174,175,303,307,115,308,310,184,315,316,63
329,141,148,213,150,215,152,153,149,154,157,158,99,167,295,234,171,300,172,174,303,175,177,306,179,311,315,319
1,195,71,75,207,144,146,154,155,158,164,293,294,295,104,297,170,168,44,301,173,296,302,304,115,307,53,179,312,315,316,189
65,2,66,7,144,18,211,274,146,217,155,221,157,223,96,160,158,164,232,170,299,301,302,47,175,304,173,179,180,181,123,317,255
68,330,270,207,142,148,22,283,184,158,288,292,166,295,167,170,299,172,174,303,239,305,175,307,310,183,312,186,251,191
3,196,197,134,135,11,12,16,208,146,147,144,90,155,156,29,222,158,225,289,164,229,169,43,171,301,302,175,304,308,181
3,5,330,12,141,142,15,270,207,144,217,154,155,28,222,223,288,160,34,98,158,170,299,174,175,305,179,180,186,251,127
324,202,11,141,208,16,82,147,148,150,151,152,216,153,154,158,160,289,292,295,167,171,43,300,172,303,175,177,306,179,190
324,326,328,330,207,209,148,213,214,215,149,154,158,292,294,295,296,171,299,172,174,303,175,307,308,309,316,310,184,179,188,189
192,323,195,135,328,330,77,206,82,148,158,292,294,296,169,297,170,172,174,175,49,307,308,309,310,55,184,57,179
195,323,196,135,328,330,77,206,142,147,148,155,158,294,296,297,170,172,174,175,176,115,308,309,182,307,184,180
134,202,330,208,148,213,214,215,152,158,292,36,295,167,170,299,172,174,303,175,179,307,309,310,316,184,315,188,319
329,202,330,16,209,210,144,146,213,214,215,216,23,155,156,158,160,292,167,295,169,170,171,303,239,175,49,178,180,179,311,319
191,322,194,324,197,326,199,328,201,202,204,205,207,209,210,213,214,215,103,187,316,312,186,315,188,189,319
66,259,194,195,197,263,7,199,201,202,268,205,208,209,274,211,210,213,215,31,99,232,41,47,48,124,125,313,187,316,317,191
193,191,194,325,134,197,199,201,202,205,208,209,210,213,214,215,152,157,167,187,188,316,314,315,60,190,319
192,322,324,326,199,200,201,202,205,207,208,209,210,213,214,215,24,22,30,32,35,187,52,316,312,313,186,315,188,189,319
320,191,194,324,198,327,199,328,202,203,76,205,207,208,209,210,213,214,215,96,162,165,187,313,186,315,316,189,319
191,322,194,324,197,199,328,201,202,205,206,207,208,209,14,210,213,214,215,24,217,187,316,189,315,188,317,318,319
320,318,322,194,324,195,134,199,328,202,203,13,205,208,209,81,210,211,213,215,152,36,181,186,187,190,319
191,322,194,324,325,197,199,328,201,202,203,205,207,208,209,210,213,214,215,314,187,316,186,315,188,189,319
320,191,322,194,197,134,199,201,202,203,205,207,208,209,210,213,214,215,152,282,91,187,186,315,316,318,319
321,322,193,324,194,68,203,12,204,205,207,209,81,210,212,213,214,215,28,95,166,171,114,312,185,186,316,189,319
322,324,134,199,200,201,202,203,327,205,209,210,211,213,215,216,217,30,32,289,35,52,316,315,188,189,318,319
194,323,260,197,199,200,329,137,201,202,205,207,208,209,210,213,214,215,280,218,156,222,231,233,237,303,177,186,187,191
191,194,324,197,198,199,328,201,202,11,203,13,205,208,209,210,213,214,215,94,43,114,186,187,316,190,319
191,194,68,261,69,325,197,73,266,75,12,327,199,201,202,205,207,208,209,210,213,87,215,93,98,228,187,111,242,249,250,251,61,255
192,191,194,323,195,326,199,200,330,202,12,205,207,208,209,210,213,214,215,32,295,235,187,307,53,315,316,189,255
65,322,194,191,325,327,199,201,202,205,208,209,210,213,214,215,216,190,187,316,315,188,189,318,319
192,195,323,196,135,328,330,205,206,209,210,215,155,94,296,297,49,115,308,309,182,55,184,57,307,316,191
191,194,134,199,262,329,202,11,205,16,209,210,213,214,215,216,90,26,104,234,303,311,187,188,189,319
194,3,323,197,5,262,200,69,12,77,269,271,81,85,87,89,223,98,228,101,36,295,104,41,109,177,116,54,246,251,255
256,69,72,264,73,202,269,271,16,81,275,277,86,87,280,89,282,93,97,98,101,104,237,109,111,116,246,119,120,121,251
256,257,69,262,261,72,73,202,75,267,269,270,16,81,275,277,87,89,93,248,98,101,104,109,111,48,114,246,120,251
0,64,194,3,5,134,8,329,10,12,16,19,216,218,222,230,231,39,232,234,43,237,303,54,183,120,59,127
64,3,7,8,11,12,15,16,18,274,85,21,22,23,90,26,221,29,159,225,33,227,39,232,41,42,299,238,59,317,63
322,2,3,263,75,12,268,15,16,145,18,22,223,161,34,226,35,289,58,229,232,104,122,301,242,312,185,250,60,317,63
195,6,9,12,15,207,145,18,85,24,217,222,287,224,227,230,317,233,234,299,43,236,238,187,59,307,313,315,189,255
194,66,2,5,197,199,200,201,207,216,217,218,157,222,35,228,230,231,233,234,41,43,237,173,303,238,53,54,255
321,3,324,4,7,330,12,207,209,276,213,214,88,24,219,247,223,34,295,233,43,173,239,47,188,51,55,312,186,316,189,319
64,194,66,5,329,10,13,20,216,218,222,30,32,33,35,37,230,231,40,234,44,237,45,303,113,52,54,59,190
194,67,5,7,329,10,16,216,218,222,31,230,231,38,233,234,42,237,46,303,48,113,50,53,54,56,57,59,60,61,190
194,3,255,5,66,9,265,11,12,267,13,207,213,214,222,32,289,224,230,234,43,44,187,238,51,54,313,315,190,319
192,65,195,196,135,328,9,77,207,144,146,211,84,216,91,222,224,102,234,43,238,46,112,115,180,55,59,63
194,3,66,5,13,23,217,218,222,30,32,289,224,228,230,231,295,40,234,44,237,45,51,54,59,188,190,127
194,66,5,197,200,329,13,20,218,222,32,224,37,230,231,234,43,44,237,177,51,54,118,190,127
194,131,255,5,66,13,217,284,222,224,289,32,228,37,230,231,234,44,237,45,51,54,123,188,189,190,127
64,194,66,5,197,200,201,137,16,21,22,280,218,222,224,162,230,231,233,234,43,237,238,303,113,51,54,63
192,66,195,4,323,326,135,67,7,79,143,149,214,22,56,221,31,38,230,168,42,46,176,48,50,307,53,62,60,61,126
192,65,135,328,9,203,76,77,16,273,274,22,24,90,218,222,224,296,233,42,43,234,187,238,49,308,55,57,59,63
3,4,5,197,200,137,12,205,16,22,280,216,218,24,221,222,223,34,230,231,233,234,42,43,237,238,303,47,113,239,54,55,59
321,3,4,329,12,207,16,209,15,213,214,22,216,24,28,93,223,34,295,233,42,171,43,303,239,47,55,186,315,189,63
192,64,1,3,324,5,134,0,202,11,12,13,208,16,22,152,89,218,27,30,32,34,35,229,232,234,43,42,238,52,54,59,190
194,3,66,5,9,10,12,18,218,222,223,224,289,230,231,233,234,43,237,238,304,113,54,59,188,127
134,9,202,139,11,205,142,271,208,275,215,152,24,282,91,157,30,222,224,36,230,231,40,234,43,45,238,187,54,310,314,59,62
0,1,194,5,197,200,137,329,13,142,22,218,27,222,30,32,35,229,230,231,37,233,234,232,43,237,44,113,52,54,59,127
194,66,5,197,262,200,137,70,199,201,280,217,218,222,224,36,230,231,233,234,237,173,303,113,51,53,54,121,189
3,324,4,202,203,12,11,208,16,213,214,215,151,24,26,223,34,58,39,233,42,43,47,239,55,186,315,316,189,319
66,3,263,7,268,12,16,17,274,211,22,25,26,223,289,225,161,39,232,168,42,43,238,47,48,63,60,125,127
192,64,66,3,5,134,263,8,11,12,16,22,23,90,222,30,32,225,33,227,165,232,41,234,42,43,233,238,59
0,194,66,5,134,329,10,16,279,216,218,157,222,227,230,167,295,231,234,39,233,237,43,303,41,238,54,59,188,253,190
64,194,2,3,5,135,329,10,73,74,12,207,16,81,216,218,222,292,230,231,232,233,234,43,237,303,239,54,59
192,0,66,323,4,196,135,206,79,16,20,149,22,90,218,156,27,100,38,39,233,42,234,43,238,239,176,55,62,63
320,64,3,198,7,326,9,136,204,12,15,208,82,24,90,222,224,230,231,232,41,42,43,106,234,238,59,50,244,313,187,317
194,2,5,135,329,10,216,218,222,98,230,231,233,234,43,237,238,303,113,244,54,58,59,188,190,127
1,194,5,197,200,329,8,12,16,17,22,280,216,26,218,28,222,225,227,230,231,233,234,42,43,237,238,54,63
64,194,3,5,200,12,16,22,23,217,218,222,289,33,230,231,232,233,234,43,237,110,303,238,113,54,59,63,255
192,194,3,5,134,329,12,142,16,17,22,218,222,287,225,289,34,230,231,232,233,234,42,43,237,238,309,54,59,63
64,66,5,134,329,10,202,12,78,16,216,222,224,289,228,230,231,233,234,43,237,238,303,51,54,59,254
192,66,323,195,196,259,263,135,328,5,268,206,272,23,91,155,222,32,224,230,232,234,235,44,176,49,115,51,54,122,125
192,5,134,133,8,329,202,78,218,222,30,224,289,227,230,167,231,59,234,43,170,237,45,238,233,54,62,315,188,190
192,64,2,3,5,134,135,8,329,12,78,218,222,289,33,227,230,167,231,232,234,43,233,237,238,54,59,190,127
66,131,5,134,329,13,78,20,215,222,287,32,289,224,30,37,230,167,234,43,44,237,49,51,54,188,190,319
66,259,3,4,263,10,268,12,269,274,211,276,24,25,223,96,34,232,233,43,47,48,239,55,127,125,255
1,5,201,12,143,16,20,22,218,28,222,289,230,295,231,167,234,59,233,237,42,43,238,125,54,185,123,188,189,190,63
192,66,5,134,328,329,77,13,79,153,222,32,289,224,37,230,167,296,234,44,237,49,51,308,54,55,122,59,60
2,67,6,7,263,135,268,15,274,211,219,57,31,38,232,41,42,299,172,43,46,47,48,240,50,61,125,53,56,313,60,317,127
5,12,15,207,16,18,17,21,217,90,94,222,224,225,32,229,230,40,41,233,299,43,234,238,51,54,313,187,317,255
194,3,322,67,7,12,15,207,16,18,217,219,221,222,31,163,38,295,299,236,46,60,48,50,307,61,53,316,56,57,188,189,255
194,2,5,197,198,200,329,201,135,10,16,214,216,218,222,292,230,231,233,234,43,237,238,303,246,54,58,59
192,0,64,2,3,5,134,329,202,11,78,145,20,213,222,227,230,167,231,39,234,43,233,237,232,54,313,126,59,124,190
3,4,10,12,207,16,209,210,213,214,22,216,55,24,223,34,292,58,231,233,43,303,239,315,47,316,311,312,186,251,188,189,63
192,66,323,195,196,5,135,328,206,23,155,222,32,224,37,294,230,296,234,44,49,115,51,309,54,55,184,122,62
192,66,67,68,5,134,329,202,78,20,218,92,222,32,289,33,162,230,166,234,43,107,237,44,174,51,54,59,188,190
194,3,5,198,200,329,11,141,269,217,218,90,26,222,223,34,98,230,39,231,233,43,300,237,238,243,118,54,251,127,255
194,66,5,197,200,329,13,23,218,222,30,32,224,37,230,231,234,43,44,237,177,51,54,123,190,127
192,64,66,3,5,134,12,78,23,216,152,222,32,289,33,224,230,167,232,234,237,51,54,62,59,190,319
194,66,5,197,200,329,214,216,218,222,30,224,32,228,37,230,231,233,234,44,237,45,303,113,51,54,62
0,194,2,3,5,135,200,329,201,78,145,19,218,157,222,227,230,231,295,233,234,39,43,237,238,303,113,54,59
64,194,66,5,329,78,145,20,216,218,222,30,224,32,228,230,231,233,234,108,237,45,44,113,51,54,62,59,190
3,5,134,329,73,74,12,10,207,16,218,220,222,94,289,226,35,230,295,231,41,233,299,43,59,238,54,58,317,188,189,126
321,1,5,8,329,11,12,15,16,22,26,218,28,222,289,227,230,231,233,234,42,43,237,238,54,59,190,63
194,322,66,319,5,12,13,213,214,215,222,30,32,289,224,228,37,230,317,234,44,45,188,51,52,54,315,316,189,190,255
192,0,1,3,65,5,11,12,14,207,16,19,214,22,25,90,26,27,29,222,289,41,234,43,42,238,54,58,59,188,190
256,261,69,72,265,74,203,264,75,269,271,81,83,84,277,85,87,89,282,92,95,248,97,98,101,109,114,117,119,120,249
256,192,324,69,70,71,72,264,202,203,11,269,79,208,81,84,277,87,282,91,283,94,97,289,101,41,106,114,243,119,252,253,254
257,258,68,261,262,71,72,265,264,81,277,278,86,89,282,247,93,97,225,101,229,249,106,241,114,116,119,248,121,122,253
2,323,68,69,261,7,200,264,76,269,15,271,81,18,84,87,217,89,221,223,97,98,227,100,104,299,172,109,302,177,242,248,255
69,198,264,265,72,267,76,269,208,81,80,277,88,282,247,283,97,101,165,168,41,106,43,108,174,241,114,51,243,246,119,120
256,2,69,70,199,72,264,266,75,201,268,271,207,81,277,213,87,217,97,35,100,101,36,104,173,114,53,119,120,121,189
69,198,70,72,264,266,269,79,208,81,84,277,119,87,282,91,92,283,285,160,97,106,237,110,49,114,243,247,120,252,253,254
255,69,72,264,266,75,265,269,271,81,273,277,217,282,284,289,227,101,165,104,41,174,241,114,50,116,119,120,121,253,254,127
69,70,71,264,72,265,269,79,81,275,277,279,281,282,247,92,283,32,97,165,39,106,174,47,241,114,243,116,119,248,186,316
256,260,325,69,263,72,264,73,75,269,270,81,275,277,86,215,87,89,282,93,97,121,104,109,111,48,116,246,120,249,250,251
256,325,70,327,72,69,202,264,11,269,79,81,277,213,215,87,89,282,283,32,97,101,106,109,241,114,243,119,120,121,252,253,254,319
69,73,202,11,203,76,75,269,16,208,81,84,276,87,89,282,91,92,97,98,106,42,43,109,114,306,115,246,119,248,251
261,69,135,72,266,138,269,81,277,85,87,89,282,247,92,95,97,289,98,101,40,104,109,114,178,116,118,119,120,121,122,187,254,127
194,259,68,262,70,200,135,71,75,271,15,79,86,93,94,223,99,228,101,100,104,106,111,177,243,116,121,250,251,253,255
256,257,69,262,261,73,202,75,267,269,270,271,16,81,209,275,213,214,87,89,218,248,98,104,107,109,303,114,246,120,251,255
69,198,70,72,264,202,205,269,79,208,81,84,277,119,87,89,282,91,283,157,32,97,106,109,110,241,114,243,247,120,252,253,254
256,68,70,71,72,8,77,17,21,277,23,85,86,27,97,98,99,164,166,105,41,106,111,112,178,244,117,116,121,253
68,69,70,71,264,72,11,267,269,270,79,81,277,214,279,280,89,282,86,101,106,43,109,241,114,116,119,121,252
256,68,69,70,71,72,264,265,266,76,12,269,79,81,277,86,279,282,95,97,101,106,111,114,242,243,117,116,120,121,253
256,68,261,262,71,72,70,266,75,79,81,275,277,86,85,87,92,93,95,100,101,104,106,111,112,116,117,120,121,250
257,68,260,262,71,72,265,264,74,70,79,84,277,86,89,282,91,247,120,97,249,106,114,116,117,245,119,248,121,122,251
256,69,198,70,264,202,11,203,269,271,208,81,89,282,283,32,97,99,101,165,42,43,106,109,174,114,243,182,119,252,253,254
256,257,194,258,260,325,262,69,263,264,73,75,10,270,81,209,275,277,86,213,216,89,87,101,172,180,246,120,250,251,189,319
195,196,323,135,328,71,76,77,206,269,273,281,155,92,32,101,297,41,47,305,115,180,309,182,119,184,122,253
69,70,71,264,265,72,203,74,141,269,79,273,84,279,87,282,283,97,42,106,43,298,110,114,243,117,119,252,253,254
68,70,71,72,265,74,264,269,79,275,84,277,86,279,281,282,89,92,97,100,41,106,110,47,241,116,117,247,248,121,122
68,71,72,73,266,75,264,8,9,271,269,77,275,21,86,87,27,283,94,32,99,100,164,166,105,106,111,178,244,116,253,255
256,322,3,324,69,260,71,12,269,77,15,80,275,214,24,89,281,283,95,32,100,39,104,47,48,51,116,245,246,248,249,122,255
256,199,264,72,266,75,201,13,142,271,81,22,23,88,89,282,27,92,30,32,35,101,37,40,105,44,111,114,244,52,190,255
256,257,262,71,72,264,266,75,77,269,271,81,277,281,282,89,283,32,97,121,289,101,104,114,178,116,244,245,248,249,122,187
257,262,71,72,74,203,76,202,77,269,208,84,277,119,89,282,91,283,95,32,97,106,114,243,244,245,247,248,249,122,187
256,67,324,326,71,72,6,7,9,269,14,208,81,277,214,282,56,221,31,32,248,289,60,47,48,114,307,116,178,53,312,57,316
256,192,194,259,324,323,326,71,200,266,75,12,11,202,271,15,77,269,208,214,218,283,32,101,104,43,114,244,245,187,190,255
192,196,69,8,269,206,17,81,21,23,87,89,27,92,99,164,166,105,42,44,109,178,244,182,188,253,63
192,256,196,68,70,71,72,8,202,206,79,17,21,86,23,282,27,92,97,99,164,166,105,106,111,178,244,116,117,121,188,253
256,257,258,324,260,262,69,72,264,202,73,267,76,81,277,213,87,89,282,247,92,120,94,97,101,114,245,119,248,249,122,188,319
192,0,196,69,8,73,206,17,19,21,23,87,154,27,94,99,164,229,166,39,105,44,178,244,182,120,188,253,63
0,196,69,8,138,17,21,85,23,87,27,289,99,164,166,168,105,44,127,46,178,244,182,122,188,253,62,63
256,192,64,69,134,8,329,202,73,13,78,81,210,20,21,215,89,91,94,97,98,99,101,166,168,105,109,178,188,253,190,319
256,257,69,262,261,72,329,73,75,266,267,202,271,269,16,210,275,81,214,87,89,98,101,105,237,109,246,120,251,188,254,255
256,257,258,260,69,262,71,265,74,203,76,273,81,84,213,89,282,91,92,97,98,106,42,43,109,110,241,117,245,119,248,249,122
66,259,68,263,71,74,203,268,271,272,211,84,86,87,282,31,97,99,101,232,41,42,43,106,107,48,116,119
257,67,71,264,199,200,75,201,13,270,271,81,18,275,22,88,89,283,30,96,32,35,37,104,107,44,241,114,116,52,248,249,251,253
256,128,66,261,6,72,73,266,75,264,265,271,81,85,87,217,92,57,289,99,104,41,111,241,50,116,182,119,248,249,250,253,254
256,257,258,260,69,262,72,264,265,73,267,14,81,277,213,215,87,89,282,247,94,97,101,106,241,114,245,119,248,249,122,317,319
256,257,194,261,262,69,263,264,266,75,269,270,81,84,85,278,87,89,92,93,248,97,98,101,104,109,111,120,251,255
256,258,69,198,72,264,266,267,265,269,271,81,277,213,217,282,283,95,97,289,227,101,104,41,106,114,50,243,119,120,253,319
257,258,259,260,262,72,265,264,74,267,81,277,213,87,89,282,90,92,97,313,106,108,109,241,116,245,248,249,122,253
256,257,325,262,69,72,329,266,202,261,73,269,16,81,82,275,277,87,216,89,248,97,98,101,109,111,54,246,120,251
72,8,265,329,208,17,21,277,23,87,282,27,92,97,99,164,166,40,105,49,178,244,182,189,188,253,63
68,71,72,8,266,9,269,77,271,17,21,86,23,280,27,92,32,99,164,166,105,111,178,243,244,117,116,119,253
192,196,326,71,8,9,77,269,17,274,21,214,23,280,27,92,283,32,99,164,166,105,178,307,244,114,253,187,63,255
0,129,66,69,261,73,202,269,16,81,18,275,85,21,87,89,159,224,225,98,36,229,166,105,109,46,246,251,63,62,255
256,196,69,70,8,266,75,269,271,17,81,21,87,89,282,27,92,99,164,101,166,105,109,178,114,244,182,253,190,255
256,66,197,262,69,200,329,73,267,269,271,80,81,275,87,280,216,218,88,89,91,222,101,103,234,43,109,303,251,114,51,246,59,255
320,257,258,260,69,262,71,74,203,330,267,81,84,277,213,279,152,89,282,91,87,97,249,109,309,245,248,121,122,318,319
66,259,3,68,263,71,74,203,268,272,211,86,279,95,31,99,232,41,106,47,48,176,116,125
198,71,264,265,72,76,269,77,208,81,80,88,281,282,283,92,32,97,96,106,47,241,114,51,244,119,248,186,316
2,70,71,199,201,74,266,76,267,207,208,80,84,277,119,88,217,282,91,92,284,97,106,173,110,114,51,53,247,184,121
68,69,70,198,264,72,71,11,269,79,208,84,277,85,119,86,279,282,91,92,97,165,106,110,174,114,243,116,247,121
68,69,262,70,261,264,75,267,269,270,81,275,84,85,278,87,89,92,93,248,97,98,104,109,237,111,243,120,249,251
256,69,70,264,72,11,267,269,79,80,87,88,282,247,283,94,97,101,103,104,106,43,109,111,114,51,244,243,246,119,120,249
68,261,326,71,72,264,9,75,269,77,15,271,13,85,86,90,283,92,94,32,225,104,105,106,114,307,244,116,245,187,255
0,1,69,73,266,267,75,202,270,141,81,275,19,86,89,281,27,93,94,98,100,104,237,109,111,242,114,116,249,251,254
66,262,72,264,265,75,267,74,200,80,81,209,212,277,88,89,282,97,225,249,241,114,51,245,246,248,121,122,316,253,254
256,257,258,260,69,262,71,72,265,74,264,203,267,273,81,84,277,213,87,89,282,97,106,109,110,241,117,245,248,249,122,253
256,69,198,327,72,264,202,203,263,266,269,79,208,81,277,215,87,282,247,283,97,101,106,109,241,114,243,119,251,252,253,254,319
257,258,194,260,197,262,71,135,329,9,11,269,77,79,16,208,280,89,90,219,153,283,284,32,225,229,296,233,106,42,177,116,245,255
256,257,324,262,71,72,73,202,75,267,269,77,271,16,80,81,277,213,88,282,283,32,101,104,301,111,114,51,244,246,319
192,68,69,198,71,264,265,72,70,329,79,208,81,274,84,86,279,282,247,92,97,101,106,301,111,114,116,119,121,188,189
256,68,69,70,71,72,265,264,74,269,79,81,84,277,86,279,282,247,91,97,36,101,106,111,112,114,116,117,119,120,121,122
66,259,69,263,74,268,15,272,271,274,211,87,88,31,99,232,297,47,48,178,313,124,125,255
256,318,69,135,72,73,264,266,75,267,8,208,275,85,21,156,94,99,164,36,166,104,169,111,304,178,181,121,250,253,190
256,0,1,69,134,72,265,202,264,141,269,208,19,215,281,282,90,92,27,283,157,94,97,225,229,105,106,241,114,243,120,122,190,255
257,194,323,260,197,262,258,200,329,69,261,73,202,269,207,16,81,275,84,87,280,89,216,98,231,237,109,303,245,246,248,251,255
325,69,327,72,264,75,267,269,270,81,89,282,281,283,32,100,101,165,40,168,106,109,174,114,243,116,120,121,252,253,254
256,257,322,258,324,4,262,260,72,264,73,75,267,131,213,277,89,225,249,104,297,116,245,310,248,121,122,253,319
71,264,72,266,75,267,8,77,271,269,80,88,89,27,94,32,99,166,105,111,178,51,244,245,246,248,122,60,253,255
256,257,194,258,324,68,262,70,71,73,202,75,10,270,79,81,209,213,86,216,89,99,106,111,116,117,120,121,251,253,255
256,68,261,70,71,72,264,266,75,329,270,79,81,275,277,21,87,86,85,92,93,97,101,104,234,106,109,111,244,116,120,121,188,189
2,70,71,72,199,202,201,266,79,208,207,84,277,119,217,282,91,92,95,97,35,36,101,106,173,110,114,116,53,247,120,121,189
256,69,198,70,72,264,11,77,270,269,208,81,84,85,89,282,283,92,97,98,101,106,42,241,114,243,116,117,119,252,254
66,259,69,263,74,203,268,271,272,81,211,87,25,31,99,102,232,43,47,48,124,125
256,260,69,262,263,72,264,266,75,73,269,270,271,81,18,275,277,213,215,87,89,93,97,101,104,109,111,246,120,250,251,319
256,257,68,69,70,71,72,264,266,265,75,267,269,79,277,86,87,279,282,97,101,104,106,111,116,117,120,121,122,254
261,69,72,73,264,75,267,266,269,271,80,81,275,277,86,85,87,88,89,91,92,249,103,104,168,109,111,242,51,116,246,121,253
256,320,66,325,262,69,329,202,73,77,269,16,209,210,81,275,213,85,215,216,87,94,97,98,101,109,116,246,311,120,251,318,319
256,0,69,72,264,75,204,268,270,271,142,81,20,277,279,281,282,157,95,97,227,101,39,104,175,114,242,116,178,118,120,186,124
259,69,326,263,264,71,12,269,77,271,15,208,274,214,283,30,32,225,101,165,41,42,43,299,305,114,244,245,313,186,187,317,255
195,196,323,262,135,328,76,77,206,79,147,155,92,296,297,105,106,112,176,115,309,182,184,122
256,69,72,264,202,73,269,208,81,277,213,215,89,282,247,283,94,32,97,101,249,106,109,114,243,119,120,121,251,252,253,254,319
196,69,263,72,73,266,75,12,74,267,135,264,269,79,274,87,24,28,92,95,97,101,103,104,40,106,241,114,243,116,53,118,123
256,257,258,325,262,199,69,73,202,75,267,269,270,81,275,87,216,89,281,39,104,109,111,47,48,246,120,185,251
0,129,1,2,69,261,7,73,202,269,80,17,18,274,81,85,21,16,275,87,89,221,159,224,98,227,237,46,109,246,248,251,62
69,70,71,72,264,265,267,269,80,81,277,88,217,282,92,94,97,289,227,101,41,106,114,50,51,246,119,248,253
256,257,69,261,264,73,75,269,270,271,15,81,275,84,85,86,87,89,92,93,248,97,98,104,301,109,111,242,116,120,250,251,255
324,71,8,202,11,76,205,77,269,208,21,215,23,87,282,91,27,283,32,97,99,166,105,42,114,178,244,245,187,253
256,69,264,72,266,267,75,269,270,271,79,81,87,89,282,283,100,101,104,106,107,109,241,114,242,116,243,120,252,253,254
256,257,258,260,262,263,72,264,75,267,270,271,81,277,213,87,89,282,97,104,250,241,114,245,119,248,249,122,251,253
256,257,261,133,69,266,75,269,270,271,81,275,85,86,87,279,89,218,92,93,284,162,104,170,301,109,111,242,116,251,255
256,261,69,72,264,202,203,267,269,81,84,277,85,87,89,282,91,92,284,95,248,97,98,101,106,109,114,116,119,120,255
256,69,72,264,265,202,269,79,208,81,83,84,277,215,87,282,247,26,283,97,101,106,107,109,241,114,243,119,120,252,253,254
69,198,264,265,330,269,270,207,15,209,81,22,214,217,89,284,222,288,289,227,41,106,303,305,114,241,50,243,119,313,186,251,252,253
256,257,258,260,69,198,71,264,72,262,203,267,269,271,81,277,213,87,89,282,247,97,106,109,241,114,116,245,119,248,249,122
256,67,68,70,71,72,264,265,74,200,271,79,18,84,277,86,279,282,95,96,249,106,110,111,241,116,117,248,121,253
257,258,260,262,72,264,74,265,73,16,277,213,89,282,247,92,97,34,229,122,106,110,241,116,117,245,119,248,249,58,253
257,258,260,69,198,71,72,262,203,76,75,267,208,81,84,277,150,213,87,89,282,91,92,97,106,110,114,245,119,248,249,122
256,257,258,322,199,72,264,201,75,267,13,270,271,81,277,88,89,282,93,30,32,34,35,100,37,104,44,114,116,52,119,248,249
195,196,323,135,328,77,206,81,147,86,23,155,92,294,297,176,112,115,309,182,184,122
261,69,73,266,267,75,202,270,269,16,81,275,87,89,283,98,104,107,237,109,242,243,116,246,248,249,251,61,254
67,69,71,72,265,264,74,267,200,80,81,209,18,212,277,21,87,88,282,96,97,103,168,106,110,241,51,117,246,248,249,253
256,257,258,259,260,325,262,327,72,202,267,81,209,213,215,87,89,282,287,248,97,101,230,295,114,115,245,120,249,122,319
257,194,259,261,262,69,266,75,267,269,270,81,84,85,278,87,89,217,92,222,287,98,230,295,104,237,109,243,248,251,255
256,192,259,196,69,70,8,266,271,208,81,17,21,214,87,154,282,90,27,287,160,99,101,166,295,105,234,109,178,182,253,190
257,258,259,260,70,71,72,264,265,74,262,267,271,277,213,89,282,247,92,91,287,97,230,295,41,106,110,114,245,119,248,249,122
256,259,69,73,266,75,203,202,269,81,209,275,277,213,215,152,87,89,287,97,98,101,230,295,104,109,111,116,246,120,121,251,319
66,259,69,71,72,265,74,264,203,269,79,81,84,277,87,282,247,283,97,295,106,107,241,114,243,117,119,252,253,254
257,259,260,262,71,264,72,265,74,81,277,89,282,287,96,97,230,295,106,109,241,114,117,245,119,248,249,122,252,253
259,68,69,70,71,72,264,265,74,329,79,277,86,279,282,247,92,311,97,230,169,106,241,114,49,116,119,120,121,188,189,254
260,68,71,264,72,265,75,269,271,275,277,86,89,282,281,249,39,104,105,106,47,48,241,242,116,117,248,121,122,253
256,69,264,72,266,75,11,269,270,271,79,81,84,277,87,281,282,283,100,101,106,114,243,116,119,120,252,253,254
0,1,68,69,71,72,265,264,74,141,79,273,19,277,86,281,282,27,94,97,41,106,110,241,116,117,119,248,121,122,253
66,325,69,264,72,74,267,269,80,81,84,277,87,88,89,282,91,283,97,101,106,109,241,114,51,243,246,119,120,59,254
66,259,263,74,267,268,271,272,80,274,211,88,25,31,99,232,41,47,48,51,246,124,125,255
68,69,71,72,265,264,74,329,79,273,189,277,86,279,281,282,247,223,97,289,39,41,106,110,241,116,117,119,248,121,188,253
256,68,70,71,72,73,266,75,10,79,81,275,277,86,97,121,101,313,104,168,106,111,116,117,120,249,251
256,65,198,71,72,265,264,263,9,12,269,271,208,81,77,79,277,282,283,156,95,32,97,101,106,42,114,116,119
320,195,68,69,261,72,73,264,75,265,269,81,146,275,85,87,281,89,92,94,98,166,104,109,178,311,249,250,253,318
256,257,194,258,260,69,262,75,267,269,270,81,277,213,87,89,93,100,228,101,104,107,109,242,243,245,248,249,122,251,255
256,68,70,71,72,264,265,266,75,8,271,79,277,21,86,282,97,99,164,166,105,106,111,178,116,117,247,121,253
256,69,198,264,72,76,269,79,208,81,84,277,87,89,90,282,247,283,97,101,106,109,46,241,114,243,119,252,253,254
68,69,198,71,72,265,264,70,76,11,269,79,208,84,277,86,279,282,91,247,97,165,106,110,174,111,114,243,116,119,121
257,260,261,262,69,200,264,75,269,270,271,81,275,84,85,278,87,89,217,92,222,223,288,97,98,233,109,243,248,251,255
255,196,326,71,8,265,330,77,269,271,17,21,23,27,32,99,164,166,40,105,178,307,244,182,253,63
256,258,69,134,263,264,202,11,12,268,269,79,81,254,87,282,283,94,289,97,99,100,101,42,43,106,242,243,54,182,252,253,190,255
256,68,69,261,71,72,264,73,75,70,269,143,79,275,277,86,85,92,97,121,100,104,106,111,116,117,247,120,249,253
68,133,70,69,72,265,264,71,76,269,79,208,84,277,86,119,279,282,91,92,218,97,165,106,170,110,174,114,116,247,121
69,326,71,264,265,74,72,9,77,269,79,208,81,214,282,283,92,32,97,106,42,241,114,244,117,116,248,122,187,253
256,68,261,69,72,264,266,269,81,277,85,87,282,91,92,184,95,97,162,101,166,103,104,107,174,111,114,116,119,120,125
256,261,69,72,264,266,75,73,269,271,81,84,277,85,87,88,89,92,93,97,98,101,104,109,111,114,115,116,243,248,249,253
256,69,72,264,266,202,8,269,271,17,81,277,21,215,87,89,282,154,27,94,97,99,101,166,105,109,305,114,178,182,120,121,253,190
256,64,325,69,327,72,264,202,267,205,141,269,80,215,88,282,247,101,165,167,168,234,106,300,174,48,114,51,179,243,246,119,120,59
256,257,259,69,262,261,72,73,266,75,202,269,270,16,81,275,277,87,89,93,248,98,104,107,109,111,114,116,246,120,251
257,194,325,262,69,261,73,202,75,269,270,16,209,81,275,213,214,87,216,89,284,98,104,109,303,114,246,248,251,255
256,69,261,72,264,266,75,269,271,143,81,84,277,213,85,87,89,282,92,248,97,98,101,104,109,111,116,247,120,121
2,261,69,7,264,73,75,268,269,270,15,81,274,211,275,84,85,87,89,91,92,223,248,97,98,104,109,242,116,120,250,251,189
256,257,194,259,260,69,262,329,73,202,269,270,81,275,278,214,216,89,87,282,292,228,108,237,109,303,114,117,246,251,255
67,260,68,70,263,264,72,265,75,71,269,270,271,81,18,277,86,282,96,104,106,241,114,116,248,121,250,251,253
257,194,260,197,262,199,200,329,69,261,73,202,270,78,269,16,81,275,87,216,89,218,98,231,237,109,303,113,246,249,251
320,318,68,69,71,264,72,265,75,269,271,79,275,277,86,279,281,121,100,165,39,104,106,111,47,242,116,248,249,253,254
68,262,71,72,264,74,265,269,81,275,84,277,86,89,282,281,95,97,39,106,47,48,241,114,116,119,248,249,122
256,69,72,265,202,203,264,269,79,208,81,84,277,87,89,282,91,283,32,97,101,106,109,241,114,243,119,252,253,254
256,261,69,72,73,266,75,264,269,271,81,275,84,85,277,87,89,91,92,93,94,97,98,100,231,104,109,111,248,249,255
67,68,69,70,71,72,264,73,75,267,269,265,271,76,79,18,275,82,86,87,93,94,96,100,249,104,106,111,243,116,117,121,253
256,319,198,69,264,72,202,11,269,271,16,15,17,213,21,215,87,282,283,94,225,101,229,233,106,238,114,243,252,254,255
256,68,69,70,263,264,72,266,267,75,71,270,271,269,81,79,275,278,86,279,94,100,101,313,104,106,107,114,243,116,121,255
68,326,71,72,265,264,9,77,269,271,79,81,208,86,279,282,283,92,95,32,97,106,42,301,241,114,116,248,316,253
65,68,325,70,71,264,72,74,327,69,269,271,81,84,277,282,247,97,162,290,101,166,103,106,107,45,174,241,114,119,184,59,125
256,261,69,72,264,265,74,75,269,271,81,84,277,85,87,89,282,247,92,248,97,98,163,101,109,241,119,120,121,252,253
67,69,261,72,264,266,75,267,73,269,271,81,18,275,84,277,86,87,89,56,94,96,97,290,98,100,101,104,109,116,248,121,255
68,261,69,266,75,267,269,270,81,213,86,85,88,87,283,92,160,104,298,107,109,237,49,242,243,116,120,251,254,191
68,5,70,71,72,264,74,265,76,271,79,81,277,86,282,247,121,98,312,100,104,106,111,116,117,119,248,249,188,253,127
256,260,70,199,72,264,266,75,201,263,270,207,277,213,215,280,217,282,97,101,104,173,111,114,53,119,120,121,250,251,189,319
259,69,72,265,74,203,76,8,264,270,208,269,84,277,119,87,282,91,283,97,106,108,109,110,241,114,243,117,247,59,252,254
0,66,69,261,73,202,269,15,16,17,81,275,85,21,87,89,90,159,224,225,98,227,36,229,166,105,109,46,246,248,251,62,63
64,68,69,261,73,202,203,11,205,268,269,16,81,275,84,277,86,87,88,282,91,97,101,106,43,42,109,114,116,246,119,251
195,68,72,265,74,264,203,81,211,84,277,19,282,91,92,94,97,290,162,101,166,103,106,107,110,174,114,119,184,121,59,125,318
256,69,72,73,202,75,268,205,271,81,209,275,210,277,213,87,280,215,93,104,109,111,242,116,246,119,251,189,319
256,68,319,70,71,72,73,266,75,8,271,79,275,21,86,27,94,99,164,166,104,105,106,111,178,244,116,117,121,253,255
65,196,68,69,71,76,77,79,144,17,146,84,86,279,282,92,29,95,105,106,42,112,180,244,182,116,121,188
66,259,263,265,74,268,271,272,211,25,217,31,289,99,102,232,41,47,48,50,119,253,125,255
256,69,72,264,265,11,269,271,79,81,277,215,87,89,282,91,247,283,32,97,101,106,109,241,114,243,119,120,121,252,253,254
323,68,197,326,69,9,330,269,79,209,275,214,86,280,281,90,247,156,222,99,39,168,234,171,106,303,239,47,114,307,116,182,55,253
256,69,71,72,264,203,269,79,81,84,277,87,281,282,247,91,283,97,101,106,124,241,114,243,119,121,126,252,253,254,319
256,261,69,263,72,264,265,75,266,269,81,84,277,85,87,89,282,92,248,97,98,101,104,109,114,116,119,120,121
257,194,68,325,262,71,70,329,202,10,73,16,81,84,86,216,91,290,292,102,234,106,46,303,239,116,311,121,251,319
195,196,135,265,203,76,77,206,208,147,23,282,155,92,91,97,289,99,41,42,106,110,176,115,309,182,248,122,253
68,70,7,71,75,267,268,270,207,271,209,276,213,277,86,282,219,121,292,295,104,106,303,242,116,117,247,249,250,251,316,189
66,259,68,263,71,74,268,12,271,272,79,211,86,31,95,99,232,41,106,47,48,116,125,255
192,261,198,326,72,265,74,264,203,71,202,77,208,81,269,277,85,282,283,92,95,32,97,101,106,114,116,244,245,119,187,62
69,71,264,8,74,269,142,271,17,81,21,23,87,89,282,27,92,97,98,99,166,168,105,106,109,178,114,244,247,124,253,126
256,257,258,261,69,72,73,266,75,264,269,81,275,84,277,85,278,87,89,92,93,95,248,98,101,313,104,109,111,116,120,249
256,68,69,70,71,72,264,202,11,10,75,269,79,81,209,213,86,215,279,282,28,97,101,165,234,106,114,116,120,121,188,190,319
256,68,70,71,72,74,202,141,77,79,19,84,277,85,119,86,282,91,94,97,98,101,106,110,111,113,116,247,120,121,122
5,69,71,264,265,74,72,269,142,271,79,81,212,277,87,89,282,95,98,106,109,110,241,305,119,248,123,188,253,127
255,196,8,266,75,142,271,17,275,20,21,85,23,279,27,157,225,164,36,166,105,178,244,118,119,253,63
3,69,263,12,142,15,271,79,18,80,20,85,279,88,217,281,221,94,157,225,227,295,104,39,299,241,51,244,118,246,123,317,255
322,194,324,68,70,71,73,202,10,75,270,79,81,210,277,86,215,282,100,101,228,106,111,116,117,121,316,189,190,255
256,69,262,261,73,202,266,269,16,81,275,277,213,215,216,87,282,91,89,220,98,36,101,109,114,244,310,246,248,251,319
69,198,71,72,265,264,203,202,269,271,208,81,146,277,21,217,282,283,91,32,97,289,101,41,106,42,114,50,243,119,253
256,257,324,69,262,8,266,75,269,270,207,271,209,17,275,81,21,214,23,87,89,27,99,164,101,166,109,114,178,244,116,182,253,255
256,258,259,261,69,72,266,75,269,81,84,277,85,87,89,92,93,95,248,98,101,104,108,109,111,114,243,180,120,250,251
67,68,70,71,269,77,79,144,146,275,18,85,86,92,93,96,162,105,106,107,111,112,114,115,180,116,121,190
69,72,265,264,74,203,330,269,79,80,81,19,84,277,87,282,283,97,106,110,60,241,114,243,117,309,119,252,253,254
196,68,70,71,8,76,271,79,17,21,86,23,282,27,92,97,99,164,166,105,106,43,42,111,114,178,244,116,117,119,121,253
256,257,194,324,319,262,69,264,202,11,74,203,269,272,209,210,213,214,215,216,87,283,165,168,234,106,174,114,243,120,252,253,254,255
257,69,70,198,326,71,269,77,208,81,84,214,151,89,282,91,28,283,32,101,106,43,42,187,241,114,244,245,119,186,59,252,254
69,72,264,202,11,76,203,269,79,208,81,84,277,119,87,153,282,91,283,97,106,42,109,110,241,114,243,182,247,252,253,254
256,69,72,265,202,264,268,269,79,208,81,84,277,215,87,282,247,91,283,97,289,101,106,241,114,178,242,243,119,120,121,252,253,254
66,259,69,263,264,265,74,72,268,12,269,271,79,81,274,87,283,94,104,106,299,241,243,253,123,252,317,254
256,0,1,69,70,72,264,266,137,75,269,141,81,19,277,281,282,247,218,27,94,97,289,100,101,41,106,114,243,119,120,121
256,194,68,325,262,70,71,200,266,75,76,271,79,277,86,87,93,228,101,100,104,105,106,111,177,116,117,121,251,255
68,261,69,264,75,269,270,81,84,213,278,86,85,87,89,283,92,98,168,298,107,109,241,242,243,116,249,251,253,254,191
69,70,72,264,202,267,269,208,81,80,84,277,88,282,91,247,92,283,32,97,101,105,106,109,114,51,243,246,119,248,252,253,254
208,145,209,146,144,213,214,215,155,156,157,158,160,292,164,36,295,167,169,171,173,301,303,302,175,304,307,180,181,311,189
194,2,197,135,330,11,207,16,209,144,145,18,214,216,90,155,157,222,158,160,161,295,167,234,171,170,172,303,175,307,179,180,315
321,193,198,330,11,203,15,16,212,149,214,151,148,90,154,158,159,160,295,167,171,43,173,172,303,175,114,307,179,182,185
327,11,78,207,16,209,148,214,153,90,222,158,289,36,229,292,295,293,294,234,171,296,170,172,303,301,174,175,307,177,179,310,184
66,195,326,263,9,330,268,15,144,274,211,147,148,149,153,154,155,158,31,99,167,232,296,170,172,174,47,48,176,175,177,179,313,125
322,324,5,134,267,11,141,16,208,272,150,152,153,155,157,94,158,295,296,170,299,172,127,300,301,175,177,306,307,308,305,188,317,319
329,202,10,330,141,16,148,214,216,184,158,292,295,167,234,171,170,172,174,303,239,175,306,300,299,179,310,311,307,315,319
194,3,5,200,201,330,12,142,271,148,217,155,222,223,96,289,158,292,295,170,172,174,303,175,177,180,309,310,184,251,189
321,198,202,11,203,330,208,148,149,150,151,152,22,90,282,159,160,32,162,165,40,168,42,171,43,175,114,182,186
65,194,324,202,11,330,207,16,209,144,20,213,214,215,155,156,157,158,160,292,295,169,170,171,173,302,303,175,179,180,181,188,189,319
2,3,323,200,330,12,271,148,217,158,223,227,292,293,295,104,167,170,235,172,301,173,299,174,177,175,303,179,307,310,184,189
324,68,261,71,201,73,267,12,269,207,209,273,81,213,86,87,24,216,89,88,158,31,292,295,109,303,188,116,118,119,253,315,316,189
3,198,7,75,12,142,144,145,18,217,281,155,157,94,158,96,289,226,160,100,295,39,168,296,299,175,178,307,308,118,188,317,190,255
1,195,323,196,135,328,206,146,147,148,88,154,155,158,294,167,297,299,172,175,176,178,115,179,309,182,184
194,3,7,137,11,12,142,15,16,18,148,90,157,158,225,292,295,296,41,299,43,172,300,175,174,307,308,179,310,184,127,255
330,142,15,144,145,146,18,85,90,154,155,157,158,159,160,227,228,295,168,170,299,172,173,300,175,304,305,178,179,52,180
326,330,11,13,15,208,16,144,148,149,214,90,154,155,158,160,293,294,295,167,296,42,43,171,297,172,301,174,175,307,179,313,186
1,195,4,323,135,206,79,142,146,147,149,155,92,311,158,161,38,297,105,169,44,170,172,175,174,115,309,182,54,184,310,63
320,65,198,72,73,202,203,11,205,208,144,150,151,152,90,282,159,160,161,162,163,165,40,41,42,168,174,175,182,185,186,318
3,12,141,207,271,18,147,146,150,152,153,90,154,155,158,289,295,167,299,171,300,172,175,177,306,307,179,305,316,189,188,317
321,324,327,330,142,144,209,81,148,213,151,155,157,158,160,292,101,295,167,168,170,172,301,173,303,175,174,116,309,310,184,189,191
194,3,200,201,330,12,270,271,142,148,217,222,223,96,289,158,292,295,170,299,172,237,174,303,175,177,307,308,53,310,184,251
128,194,330,75,270,142,148,217,158,223,228,292,295,104,167,170,299,172,301,173,303,175,174,242,307,179,310,184,251,189
134,329,202,142,16,213,150,215,151,153,90,152,30,32,35,229,165,167,168,171,300,44,174,303,175,306,52,182,311,315,316,318,319
320,65,3,202,203,11,12,208,213,150,215,151,152,90,282,159,160,161,34,162,165,168,41,171,43,111,112,175,306,182,185,318,319
195,7,15,144,274,18,148,149,153,154,220,221,29,159,160,158,227,167,41,42,299,172,171,238,174,175,305,179,182,183,313,317
194,3,130,5,200,330,141,142,148,217,158,223,96,292,167,170,299,300,172,174,175,303,305,243,179,307,310,184,251,188,317,127
1,65,195,323,196,4,135,328,206,144,88,155,157,158,160,38,294,297,170,169,173,302,175,176,178,115,179,309,180,181,184,255
69,7,15,80,145,18,146,147,85,144,281,155,28,221,94,159,29,158,98,227,294,299,172,110,174,175,304,307,308,180,179,184,317
322,195,329,266,207,16,275,19,85,150,151,152,154,94,159,292,229,165,295,167,168,299,172,173,303,175,47,307,179,182,186,315,316
321,2,324,330,142,208,144,151,154,155,28,157,94,93,158,290,100,101,38,295,40,105,106,43,296,298,173,175,114,307,308,181,180,61
130,3,5,200,330,141,142,148,278,217,222,223,96,30,158,292,167,295,170,299,300,172,302,174,175,305,303,179,307,310,184,317,127
3,6,329,330,12,142,271,207,144,148,151,88,90,155,28,222,158,289,225,229,295,40,297,234,170,172,174,175,178,307,309,310,184,59
194,329,209,210,147,148,213,214,215,216,149,154,158,292,36,294,295,167,234,171,172,174,239,303,175,307,308,179,311,184,315,319
65,129,195,196,135,330,206,144,146,153,155,157,158,160,229,105,42,41,169,173,302,175,112,306,179,180,181,182,311,63
330,13,141,208,209,144,213,214,215,151,154,90,155,157,158,160,161,295,41,170,169,300,173,175,179,180,181,310,186,315,316,189,319
321,330,144,209,213,214,155,157,158,160,161,228,101,166,295,167,170,171,172,173,301,303,175,114,179,180,181,311,185,315,316,189
193,321,203,209,212,213,150,215,151,153,90,154,158,95,162,292,165,295,167,168,171,173,301,303,175,114,179,50,311,61
1,321,195,68,261,71,269,144,146,147,85,86,87,281,154,155,31,161,162,297,106,174,110,112,115,180,117,116,250,63
322,324,69,7,73,148,149,153,154,158,312,166,295,167,170,299,236,173,171,172,301,174,242,175,177,179,310,248,249,250,317,316,189
66,259,4,263,7,268,274,211,18,147,146,150,151,152,155,29,159,99,165,232,41,168,299,47,175,50,179,125,182,317,62
326,330,11,12,207,15,208,148,149,214,153,90,154,158,225,295,167,41,296,299,171,172,174,175,177,307,179,310,184,313,188,317
330,75,12,270,207,142,146,147,148,214,88,217,283,155,29,222,158,289,295,297,170,299,172,301,174,303,175,178,307,310,251,189,255
194,3,130,5,330,141,142,148,217,222,223,96,158,292,295,167,170,299,300,172,174,175,303,305,243,179,307,310,184,127,317,255
128,130,131,132,5,134,133,136,329,202,139,140,135,16,210,214,216,286,288,289,291,303,122,123,124,126,127
128,192,130,131,132,133,134,135,136,139,140,285,286,287,288,289,290,42,122,123,125,126,127
128,130,131,132,133,134,136,139,140,78,210,150,215,152,154,285,286,287,288,290,291,295,314,310,122,123,124,126
128,194,130,131,5,134,133,136,201,132,139,140,12,214,216,222,287,288,289,290,291,286,295,237,303,123,124,126
128,130,131,132,5,134,133,136,135,202,139,140,285,286,287,288,289,290,122,123,125,126,127
192,65,128,130,196,131,134,135,8,133,202,137,138,136,139,140,208,17,21,23,27,289,166,105,42,178,122,123,127
128,130,131,132,5,133,136,138,139,140,141,285,286,287,288,289,290,123,125,127
128,65,130,67,131,4,134,132,133,9,136,135,139,13,140,79,208,90,285,286,288,33,290,41,42,45,123,125,126,127
192,128,65,131,196,132,134,135,130,133,136,139,140,206,23,285,286,287,288,290,166,42,122,123,125,126,127
128,130,131,324,133,134,132,136,202,139,140,78,210,213,215,152,285,286,288,290,291,314,124,310,122,123,188,126,319
192,128,130,131,196,195,134,135,132,133,136,139,140,206,23,27,285,286,287,288,290,291,166,178,122,123,125,126,127
128,130,131,132,133,134,135,136,139,140,20,214,151,216,285,286,287,288,289,290,291,239,303,123,189,126,127
128,130,131,132,133,134,136,202,139,140,78,210,213,150,215,152,154,285,286,288,290,291,167,295,310,314,123,124,126,319
128,130,131,132,133,134,135,136,265,139,140,213,215,152,154,285,286,288,289,290,122,167,40,41,127,188,314,123,316,125,126,319
128,130,131,132,133,134,135,136,139,140,12,285,286,287,288,289,290,123,125,126,127
128,130,131,132,133,134,136,201,330,139,140,207,22,285,222,286,288,289,290,291,40,303,305,307,123,125,126,127
128,129,2,130,68,131,326,132,133,136,330,134,12,139,140,15,19,22,285,286,288,290,40,235,301,307,53,312,123,125,127
128,130,131,132,133,134,135,136,137,138,139,12,140,78,207,209,213,214,151,90,286,288,289,290,295,40,234,122,123,127,126,319
128,129,130,131,132,133,134,135,136,3,139,140,12,285,286,287,288,289,290,41,123,125,126,127
128,194,131,130,5,134,132,133,136,202,139,140,137,78,138,20,216,286,288,289,290,126,37,234,122,123,190,127
128,130,131,132,133,134,136,201,330,139,140,270,207,209,22,214,285,222,286,288,290,291,303,239,305,307,312,123,124,189,126
128,130,131,132,133,134,136,139,140,217,285,286,287,288,289,290,173,123,125,127
192,65,128,130,196,131,134,135,132,133,202,197,136,139,206,140,208,17,23,27,285,286,160,288,290,166,105,42,44,178,122,123,125,127
128,130,131,132,133,134,136,138,139,140,285,286,287,288,289,290,123,125,126,127
128,129,130,131,3,5,194,132,136,133,139,12,140,212,217,285,222,287,288,289,290,286,125,123,188,189,190,127
192,65,128,131,196,130,134,135,8,132,133,136,139,140,206,17,23,27,285,286,287,288,290,166,42,180,55,57,122,123,125,127
128,130,131,132,133,134,136,139,140,285,286,287,288,289,290,291,122,123,124,125,126,127
128,129,130,131,132,133,134,135,136,139,140,207,210,213,214,285,286,287,288,289,290,125,123,189,126
128,130,131,324,133,134,132,136,329,202,139,140,78,210,215,152,285,286,288,290,291,122,303,124,310,316,314,123,188,126
128,130,3,131,133,134,135,136,132,139,12,140,152,90,285,286,287,288,289,290,40,41,42,123,125,126,127
320,191,194,325,198,327,197,199,202,11,200,205,206,9,208,201,209,210,212,213,214,215,282,27,92,32,40,105,187,319
194,323,197,199,200,137,329,201,202,205,207,208,209,210,212,213,214,215,216,218,222,231,235,237,303,311,186,187,191
191,194,324,197,198,199,328,201,202,11,203,205,207,208,80,209,210,213,215,282,91,42,43,187,186,315,316,319
194,324,325,197,327,199,201,202,267,205,270,207,208,209,81,210,212,213,215,216,283,40,116,312,186,187,316,189,191
256,322,194,324,323,260,71,259,199,202,203,328,205,207,208,209,210,145,213,215,287,236,187,316,315,188,189,319
256,191,322,194,324,197,134,199,136,201,202,203,205,208,209,210,145,213,214,215,234,187,316,315,188,189,319
256,191,194,322,324,325,197,199,72,328,202,11,74,201,205,207,209,210,213,214,215,216,221,234,187,314,315,190,319
191,322,194,197,327,199,329,202,201,205,207,208,209,210,213,214,215,216,292,295,187,303,239,188,186,315,316,189,319
192,191,194,324,197,326,199,201,202,205,207,208,209,210,213,214,215,216,187,303,316,315,188,189,319
192,194,322,324,319,326,199,327,201,202,205,207,208,209,210,213,214,215,216,217,295,167,234,187,303,315,188,189,190,255
191,322,195,324,194,198,327,328,199,202,205,271,207,208,15,209,210,213,211,215,217,226,234,43,187,245,313,315,316,317,319
191,194,324,197,134,199,72,201,202,11,203,13,205,78,208,16,209,210,213,215,152,216,282,91,94,114,186,187,319
194,324,325,134,199,327,197,202,11,9,205,201,207,208,209,210,213,214,215,216,292,40,105,303,187,188,190,191
256,191,194,199,329,202,201,205,78,207,208,209,210,213,214,215,216,217,167,234,187,316,314,315,188,189,319
192,191,194,197,199,328,329,201,202,12,205,208,209,210,82,213,214,215,216,90,94,229,295,167,234,171,187,303,315,316,319
191,322,194,324,3,134,199,328,201,12,205,207,208,209,210,213,215,88,24,221,287,187,51,245,316,189,312,313,186,315,188,317,319
318,191,194,67,197,198,199,201,266,267,12,205,78,209,18,275,210,213,215,217,94,223,96,289,299,243,187,188,317,190,255
64,65,68,261,134,69,71,202,203,204,13,269,205,208,79,210,81,213,150,215,152,153,86,87,88,89,98,102,106,109,306,116,319
191,322,195,324,194,326,197,199,328,201,202,205,207,208,209,210,213,214,215,32,295,40,105,187,307,312,186,315,316,63
191,194,324,197,199,328,329,202,201,205,207,208,209,210,212,213,214,215,216,295,187,303,188,186,315,316,189,319
192,321,322,194,324,191,134,326,199,202,203,11,204,205,208,209,210,213,214,215,152,90,32,167,187,316,315,188,319
192,194,195,323,196,197,135,199,201,202,205,207,208,17,18,209,148,85,210,213,215,90,155,221,159,225,227,176,115,183,187,191
2,194,197,7,199,73,135,201,12,202,205,207,208,209,18,210,213,215,88,217,223,34,38,299,236,187,189,312,123,316,317,191
191,194,322,324,3,195,199,201,12,269,205,207,15,209,81,210,211,213,214,215,217,222,107,187,243,182,251,188,189,318,255
191,194,324,197,198,199,201,202,11,203,205,207,208,209,210,213,214,215,282,42,43,314,187,114,186,315,319
191,66,259,194,197,263,199,201,268,12,205,209,210,211,213,215,216,217,289,232,41,187,125,316,189,313,315,188,317,319
194,67,69,198,7,199,73,201,267,12,205,78,209,18,275,210,213,215,88,217,94,96,34,104,299,187,51,246,317,188,189,191
321,322,194,324,197,191,199,328,329,202,201,204,205,207,208,209,210,213,214,215,188,187,316,189,190,319
321,322,194,324,197,191,199,201,202,205,207,208,209,210,213,214,215,89,187,316,312,186,315,188,189,319
318,191,322,194,324,197,199,201,202,205,207,209,145,210,213,214,215,216,287,236,187,303,315,316,189,190,319
64,191,194,324,197,134,199,201,202,203,204,13,205,207,208,81,210,209,213,215,152,91,42,237,187,186,59,319
2,194,324,68,326,74,203,202,13,205,208,209,210,213,214,151,215,282,92,28,290,166,103,41,106,42,43,107,59,114,53,186,187
191,194,324,197,199,200,137,328,201,12,202,205,207,16,209,208,210,212,213,214,215,217,218,222,235,303,186,187,189,190,255
321,194,322,324,197,191,199,201,202,204,205,207,208,209,210,213,214,215,216,89,187,303,61,316,315,188,189,319
321,194,191,324,197,199,328,201,202,203,11,13,205,208,209,210,213,215,151,282,156,41,43,186,187,188,189,190,319
318,191,322,194,324,197,199,329,202,201,10,205,16,209,210,213,214,215,216,28,187,305,186,315,188,189,190,319
191,322,194,324,197,199,72,73,201,202,9,77,206,205,207,273,208,209,210,213,215,154,100,101,104,187,116,248,121,250,315,316,319
191,194,324,325,199,329,202,11,201,205,16,209,210,213,214,215,216,222,40,234,42,187,303,177,114,315,188,189,319
191,322,194,324,197,198,199,328,201,202,12,205,207,208,209,210,275,213,214,215,94,295,104,187,316,189,315,188,317,319
321,322,194,324,197,191,199,201,202,205,207,208,209,210,213,214,215,187,316,312,186,315,188,189,319
191,322,194,324,197,199,265,201,203,202,205,207,208,209,210,213,214,215,25,90,94,317,41,187,47,316,315,188,189,319
193,194,191,325,197,199,201,202,205,207,208,209,210,213,214,215,216,295,60,303,188,314,187,316,189,319
2,67,194,197,198,7,199,201,12,205,15,209,18,274,210,85,213,215,217,281,221,94,159,96,34,227,41,299,302,187,317,191
191,66,259,3,194,197,263,199,328,201,202,268,12,205,207,208,209,210,211,213,215,222,223,232,43,47,48,186,187,127,125,255
194,195,196,197,135,7,199,201,202,12,205,207,208,209,18,210,148,213,215,155,159,225,227,41,42,299,187,176,183,315,317,191
192,194,3,196,323,324,7,197,199,202,203,12,11,328,271,208,200,201,205,209,210,213,215,90,94,41,42,43,172,316,187,252,190,191
191,322,194,324,319,197,199,201,202,12,205,15,208,209,210,213,214,215,295,104,317,299,301,187,52,315,316,189,255
320,191,322,194,324,325,134,327,199,9,202,201,205,206,208,209,210,213,214,215,98,40,187,316,318,319
191,194,322,324,197,326,199,201,202,205,207,208,209,210,213,214,215,216,217,295,187,303,188,186,315,316,189,319
0,322,194,324,3,198,327,325,328,202,12,205,208,209,210,213,214,215,85,223,289,234,187,60,316,315,188,189,190,319
194,324,197,199,200,137,329,201,12,202,205,207,16,208,209,210,212,213,214,215,216,217,222,237,187,303,239,186,315,189,191
191,194,322,324,197,199,329,202,201,205,207,16,209,210,208,212,213,214,215,216,303,186,187,188,189,319
191,322,194,324,197,134,199,328,201,202,203,13,205,207,208,209,210,213,214,215,216,152,187,186,315,316,319
194,324,325,198,327,197,199,201,11,202,205,207,208,81,209,210,213,214,215,282,283,40,241,114,313,186,187,316,191
321,194,191,324,197,326,198,199,201,202,203,205,206,207,208,209,210,213,214,215,216,171,114,313,186,187,316,189,319
191,194,323,197,5,199,200,137,329,201,202,205,207,208,209,210,213,214,215,218,156,222,295,186,233,235,237,303,314,187,255
191,194,322,197,199,201,202,11,205,207,208,209,210,213,214,215,36,295,234,237,187,314,315,316,190,319
191,194,324,325,197,199,327,201,202,205,207,208,209,210,213,214,215,216,292,303,188,186,187,316,189,319
194,324,198,134,199,202,203,75,205,76,208,209,145,210,213,214,215,150,287,41,42,236,187,186,315,316,189,319
192,322,195,324,194,323,7,202,203,205,207,208,209,210,275,213,214,215,24,185,39,317,187,47,48,316,313,315,188,189,319
191,194,323,5,319,199,200,329,197,201,202,328,205,207,208,209,210,213,214,215,216,237,187,303,311,315,188,189,255
192,191,194,197,134,199,201,202,203,205,207,208,209,210,213,214,215,216,279,167,187,188,314,315,316,319
192,191,194,324,198,326,202,203,11,205,208,209,210,213,214,215,279,32,234,187,316,182,186,315,188,189,319
192,194,67,324,198,7,326,266,202,12,205,208,209,18,275,210,213,214,215,217,282,94,96,289,317,299,187,313,315,188,189,190
128,321,194,192,326,200,137,202,12,269,270,15,204,209,205,208,210,213,214,215,22,217,222,223,34,299,123,187,243,251,255
191,322,194,325,197,327,199,201,202,205,270,15,208,209,210,213,214,215,216,101,234,187,316,313,126,315,188,190,319
191,66,259,194,195,263,199,268,205,209,210,211,275,213,215,217,222,31,96,232,299,172,47,48,125,189,313,187,317,255
194,323,322,197,324,199,200,137,329,328,12,201,202,205,207,209,208,210,213,214,215,222,295,233,235,300,187,303,315,189,191
191,322,194,324,197,199,329,201,202,205,207,208,209,210,212,213,214,215,216,295,187,303,316,312,186,315,188,189,319
256,321,322,194,324,197,191,199,201,202,204,205,207,208,209,210,213,214,215,89,187,316,186,315,188,189,319
191,194,323,325,197,199,328,329,200,201,12,202,205,207,209,210,213,214,215,216,156,292,167,187,303,239,315,59,189,319
191,322,194,324,197,326,199,329,202,201,205,207,208,209,210,213,214,215,295,187,316,186,315,188,189,319
191,322,194,324,195,199,329,202,201,205,207,209,210,81,211,213,214,215,295,187,303,188,312,315,316,189,318,319
191,194,319,197,326,199,329,202,201,205,16,209,208,210,213,214,215,216,234,187,303,53,118,315,188,189,190,255
256,191,322,194,324,325,197,199,201,202,205,207,208,209,210,212,213,214,215,216,188,186,187,316,189,319
256,191,194,325,134,197,199,329,202,201,13,78,205,207,209,210,208,212,213,214,215,216,167,234,186,187,319
191,194,2,67,197,199,200,201,269,205,78,209,18,275,210,213,215,217,282,94,223,96,34,317,299,187,243,251,189,255
193,194,324,325,319,327,328,201,199,205,207,209,145,210,213,214,215,216,217,222,223,287,289,101,236,187,315,251,189,190,191
256,191,322,194,324,199,72,201,12,205,207,208,209,210,213,214,215,217,101,167,295,187,117,316,315,188,189,319
192,194,323,195,324,262,199,326,329,200,9,202,205,206,208,209,210,213,214,215,217,219,40,105,187,303,315,190,255
