0,1,5,133,6,9,13,22,27,30,32,35,37,170,43,44,46,52,57,58,317,66,198,199,201,87,88,89,218,222,95,224,225,229,230,231,232,233,234,237,238
135,7,267,16,275,23,28,158,31,32,160,163,37,38,168,42,46,48,49,50,51,53,56,315,60,61,323,67,71,73,202,214,87,219,221,225,229,236,122
6,9,10,12,16,17,22,23,24,28,158,32,163,37,293,166,42,43,50,51,179,57,313,187,58,317,63,323,198,327,200,205,210,87,220,221,222,224,225,234,238
256,257,258,262,7,13,16,22,23,158,287,31,32,163,38,168,42,46,48,51,53,312,56,57,315,60,61,318,62,64,319,322,323,324,71,200,205,213,87,219,221,225,236,248,122
0,5,6,9,266,13,20,22,30,32,33,35,36,37,40,43,44,45,46,51,52,54,57,189,64,66,323,199,200,201,87,88,89,222,224,230,231,234,237,121
256,257,258,3,4,262,12,16,24,158,32,34,39,43,47,51,310,55,312,58,315,318,322,323,324,198,200,210,213,87,89,221,223,225,233,239,118,248,249
0,5,6,7,9,13,27,30,158,32,37,43,44,45,46,51,54,313,57,187,317,62,66,194,327,87,222,224,230,231,234,237,238
0,1,5,9,13,15,16,17,19,21,23,27,30,158,32,33,163,37,168,41,42,43,44,51,64,323,198,214,87,220,222,94,96,225,224,229,233,234,238
0,130,6,9,10,12,16,17,20,22,24,28,158,32,289,35,163,37,293,166,43,46,50,51,179,313,58,187,317,63,198,205,210,87,220,222,224,226,232,234,238
0,5,8,9,13,16,22,281,157,158,32,163,37,39,42,43,46,51,54,56,57,58,187,317,62,64,66,198,214,87,222,224,227,231,233,234,237,118,124
5,6,7,135,9,13,19,23,155,158,32,37,43,44,45,51,54,57,64,66,195,323,194,206,207,87,218,222,224,228,230,231,232,234,237,240,122
1,258,131,5,13,16,17,22,28,30,287,32,34,35,163,37,43,44,312,58,315,318,63,64,322,323,324,200,213,88,89,218,221,222,224,225,229,230,231,232,234,237,238,122
257,258,260,5,7,13,23,155,158,287,30,32,33,163,37,43,44,45,51,54,312,57,315,318,62,319,64,322,66,324,194,213,87,221,222,224,225,229,230,234,237,245,122
5,6,135,7,9,266,138,10,16,275,22,28,158,32,163,37,42,43,44,46,51,54,58,63,323,200,73,202,329,205,81,210,215,87,222,224,231,234,237,239,251
128,1,3,132,6,8,9,266,12,13,16,19,275,22,23,30,32,33,35,163,37,41,44,46,54,58,59,64,85,88,218,220,222,225,227,228,229,231,232,234,238,240,121
0,3,4,5,6,9,266,12,16,22,24,28,34,163,37,39,41,42,43,175,47,55,313,58,63,66,323,198,327,207,222,224,100,101,231,233,234,237,238,239
0,5,6,7,9,13,30,158,32,37,43,44,45,46,51,54,57,313,187,317,62,191,66,323,194,198,327,87,220,222,224,230,231,234,237,238
0,5,6,9,13,20,157,158,32,163,37,43,44,45,46,174,49,50,51,54,57,313,189,64,66,327,199,205,208,210,87,222,224,230,231,234,235,237,240,118
256,5,6,7,9,16,145,287,31,163,37,38,168,46,48,51,53,312,56,315,60,61,318,319,322,324,200,213,87,219,221,222,224,225,97,230,231,234,236,237,122
5,135,138,10,266,13,16,275,158,160,32,163,37,43,44,45,46,49,51,53,54,64,66,323,200,73,202,329,205,81,210,87,222,224,230,231,234,237,239,251
5,6,7,136,9,10,16,17,22,158,163,37,43,50,51,54,57,313,314,187,189,317,191,58,66,194,198,327,200,87,220,222,224,229,231,234,237,238
0,3,4,10,138,140,266,12,16,275,22,24,27,28,34,163,39,42,43,46,47,303,51,311,55,58,63,200,73,202,329,81,87,94,231,233,237,239,251
0,129,132,5,7,19,154,158,31,162,49,51,53,54,56,57,60,61,192,66,195,196,208,210,83,87,218,222,224,230,231,105,234,235,237,111,240,112,117,124
259,261,263,264,268,269,275,281,283,284,158,32,163,51,58,68,69,71,75,205,81,210,86,87,88,89,98,106,109,110,241,242,243,244,116,248,251,252,253,254
259,261,5,264,268,269,274,275,281,283,284,158,32,163,44,51,58,68,69,71,75,205,81,210,86,87,88,89,215,94,98,106,109,110,241,242,243,116,248,249,250,251,127
261,264,268,269,274,275,281,283,284,158,32,163,44,51,58,68,69,71,75,205,79,81,210,84,86,87,88,89,215,94,98,106,109,110,241,242,243,116,248,249,250,251
259,264,268,269,274,22,281,283,284,158,32,163,166,51,187,68,71,72,76,77,205,79,80,81,210,84,86,87,88,216,89,91,98,99,100,101,106,109,241,243,244,116,253,254
256,257,258,259,260,261,262,5,267,269,276,22,283,158,32,163,51,187,68,71,74,202,76,77,205,81,210,86,87,88,89,98,109,241,244,245,116,248,249,253,254,127
256,261,264,268,269,16,275,283,284,158,32,163,51,58,68,198,71,73,74,205,80,81,210,84,86,87,88,89,91,94,98,106,109,241,243,116,246,248,249,251,253
257,259,261,263,7,268,269,15,276,283,284,158,163,51,65,194,68,70,71,72,76,77,80,81,84,86,119,87,88,91,93,100,101,102,106,107,109,242,244,116,246,247,121,253
259,261,263,264,268,269,272,275,281,283,158,32,163,44,51,68,69,75,205,81,210,86,87,88,89,215,92,94,97,98,106,109,110,241,242,243,114,116,248,250,251,253
256,257,258,259,260,261,262,264,267,269,275,283,158,32,163,44,51,58,322,68,71,200,205,81,210,213,86,87,88,89,215,225,98,106,109,242,243,116,248,249,122,251
261,135,264,268,269,270,275,281,283,158,32,163,51,68,69,71,75,205,81,210,85,86,87,88,89,92,94,98,104,106,107,109,241,242,243,116,117,250,251,253
256,261,264,268,269,270,16,275,281,283,284,158,32,163,51,68,69,71,73,75,205,81,210,86,87,88,89,91,94,98,106,109,242,243,116,246,248,249,250,251
259,261,264,265,268,269,273,274,281,283,284,158,32,163,51,68,69,71,72,76,205,81,210,84,86,87,88,89,98,100,101,106,109,241,242,243,244,116,119,252,253
259,261,263,264,268,269,272,283,284,158,32,163,51,58,68,69,71,72,76,77,205,79,80,81,210,84,86,87,88,89,98,99,100,101,106,109,241,243,244,116,119,253,254
259,261,263,264,7,268,269,272,274,281,283,284,158,32,51,194,68,69,70,71,76,79,80,81,210,86,87,88,89,98,106,109,241,242,243,244,116,248,121,251,253,254
259,261,264,268,269,272,274,281,283,284,158,32,163,44,51,58,68,69,325,71,74,75,76,205,81,210,85,86,87,88,89,215,98,100,101,106,109,242,243,116,253,255
256,261,264,268,269,271,275,281,283,284,158,32,163,44,51,58,68,69,71,75,205,81,210,84,85,86,87,88,89,215,94,98,106,109,110,241,242,243,116,250,251
256,257,258,260,261,262,264,267,269,13,275,22,283,158,30,32,35,37,44,45,51,52,64,322,324,199,73,201,81,87,88,89,93,225,106,109,242,243,248,249,251
256,257,258,259,260,261,262,264,267,269,13,275,22,283,30,32,35,37,44,45,180,52,322,68,199,201,81,86,87,88,89,93,98,106,242,243,116,245,248,249,122,251
256,257,258,259,260,261,262,264,267,269,275,278,283,158,32,163,51,312,58,322,324,68,71,205,81,210,213,86,87,88,89,225,98,106,108,109,243,116,245,248,249,122,251
256,257,258,260,261,262,267,269,275,281,158,32,163,51,58,322,324,68,71,205,79,81,210,213,86,87,88,89,221,225,98,106,109,243,116,245,248,249,122,251
256,257,258,259,261,264,268,269,270,275,281,283,158,32,163,51,58,68,69,71,75,205,81,210,86,87,88,89,93,94,98,106,109,241,242,243,116,248,249,250,251
256,257,258,260,261,262,264,267,269,270,275,158,32,163,44,51,58,322,68,71,73,205,81,210,213,86,87,88,89,215,225,98,106,109,112,242,243,116,246,248,249,122,251
259,261,263,264,266,268,269,272,276,25,283,284,158,31,32,163,47,48,51,65,68,74,76,77,81,210,84,86,87,88,89,98,99,101,106,109,241,242,243,244,116,250,251,253
259,261,264,268,269,275,281,283,284,158,32,163,51,68,69,71,75,205,81,210,84,86,87,88,89,94,96,98,106,109,110,241,242,243,116,248,250,251,252,253
261,7,264,265,268,269,272,275,281,283,284,158,32,163,51,194,68,70,71,75,76,79,81,84,213,86,87,88,91,94,98,101,103,106,109,110,242,243,116,119,121,251,253
2,263,264,266,268,272,275,158,160,32,36,51,53,189,62,70,199,201,74,73,207,81,210,87,88,217,89,92,94,97,106,237,109,243,121,251
256,257,258,259,260,261,262,264,267,269,283,158,287,32,163,51,184,58,322,68,71,205,80,81,210,213,86,87,88,89,225,98,97,106,109,243,116,245,246,248,249,251
259,261,263,264,268,269,272,274,281,283,284,158,31,32,163,51,58,68,71,74,76,205,79,81,210,84,86,87,88,89,215,92,98,99,101,106,109,242,243,116,251,253
261,264,268,269,274,275,22,281,283,284,158,32,163,42,47,51,187,68,69,71,75,76,79,208,81,210,84,86,87,88,89,98,100,101,106,109,241,242,243,244,116,121,251,253
256,257,258,260,261,262,264,267,269,270,275,282,283,158,32,163,51,322,324,68,71,205,81,210,213,86,87,88,89,225,106,109,242,243,116,117,248,249,250,251
259,261,263,264,268,269,142,271,272,275,158,32,163,44,51,58,68,69,71,200,73,74,205,81,210,86,87,88,89,215,91,94,98,106,109,241,242,243,116,246,248,251
259,261,263,264,7,268,269,272,281,283,284,158,31,32,168,51,65,194,68,71,72,74,76,79,81,210,86,87,88,89,98,99,100,101,106,109,241,243,244,116,121,122,253
261,264,268,269,273,274,275,281,283,284,158,32,163,176,51,58,68,69,71,77,79,80,81,210,86,87,88,89,92,96,98,101,106,109,110,241,242,243,244,117,118,116,253
259,264,268,269,142,272,273,274,281,283,284,157,158,32,168,51,187,192,66,71,76,77,78,79,208,82,83,87,90,94,96,98,101,102,103,106,108,110,113,242,243,244,253
261,264,266,268,269,16,275,281,283,158,163,36,172,51,189,194,68,71,73,202,205,79,81,210,85,86,87,88,215,91,94,106,237,110,109,242,243,116,246,248,121,251
259,261,263,264,7,268,269,276,283,284,158,32,289,168,51,194,68,71,72,74,76,77,80,81,84,86,87,88,89,91,92,100,101,106,107,109,243,244,116,247,121,253
261,264,268,269,270,275,277,281,283,284,158,32,163,44,51,58,68,69,71,75,205,81,210,85,86,87,88,89,215,92,94,98,106,109,110,242,243,116,117,249,250,251
1,261,263,264,268,269,275,278,281,283,284,158,32,163,51,185,68,71,75,205,81,210,84,85,86,87,88,89,92,94,98,106,109,110,241,242,243,116,117,250,251
261,7,264,268,269,142,274,275,279,281,283,284,157,158,32,168,51,194,68,69,71,75,79,81,210,84,86,87,88,89,98,106,109,110,241,242,243,116,117,118,248,249,251,253
261,264,268,269,275,280,281,283,284,158,32,163,51,58,68,69,71,75,205,81,210,85,86,87,88,89,216,92,98,106,109,110,241,242,243,244,116,119,250,251,253
259,261,264,268,269,142,274,275,281,283,284,157,158,159,32,39,168,51,69,198,75,204,81,87,88,94,98,106,109,110,241,242,243,244,116,245,118,250,251,124,253,254
259,261,262,263,264,7,268,269,272,275,281,282,283,155,158,163,51,65,194,68,70,71,200,75,81,86,87,88,94,98,106,108,109,110,241,242,243,116,248,121,250,251
259,261,264,268,269,274,281,283,284,158,32,42,51,187,191,68,69,71,76,77,79,208,81,210,84,213,87,88,89,98,101,106,109,241,242,243,244,116,251,253
261,264,268,269,274,275,281,283,284,158,32,163,51,58,191,68,69,71,75,205,81,210,84,86,87,88,89,215,94,98,106,109,110,241,242,243,116,248,249,250,251,252
128,129,130,131,132,133,134,135,136,138,139,140,266,285,286,288,289,290,291,234,122,123,124,125,126,127
128,129,130,131,132,133,134,135,136,137,138,139,140,285,286,288,289,290,291,172,122,123,124,125,126,127
128,129,130,131,132,133,134,135,136,138,139,140,285,286,287,288,289,290,291,37,222,122,123,124,125,126,127
128,129,130,131,132,133,134,135,136,137,138,139,140,285,286,288,289,290,291,122,123,124,125,126,127
128,130,131,132,133,134,135,136,137,138,139,140,286,288,289,290,291,323,86,100,116,121,122,123,124,125,126,127
128,129,130,131,132,133,134,135,136,137,138,139,140,285,286,288,289,290,291,59,103,233,107,122,123,124,125,126,127
128,129,130,131,132,133,134,135,136,137,138,139,140,285,286,287,288,289,290,291,323,122,123,124,125,126,127
142,144,147,148,153,155,156,157,158,292,293,166,167,296,169,295,299,172,300,170,303,175,304,306,307,308,180,309,311,179,310,184,330,174
141,142,144,148,149,153,154,155,158,160,292,293,294,167,296,166,299,172,300,301,303,175,171,306,307,308,179,310,183,184,180,330,174
141,142,144,150,153,155,157,158,160,32,161,292,293,294,167,296,297,299,172,301,300,303,175,174,306,307,308,179,178,183,180,51,184,330,87
256,257,258,142,144,145,148,149,154,155,158,160,34,292,293,37,295,166,297,168,167,170,172,174,303,175,307,179,309,310,311,180,184,62,322,324,330,213,221,225,110,248
142,144,148,153,155,157,158,160,32,161,293,294,167,296,297,299,172,300,301,175,177,306,307,308,180,178,183,184,179,51,330,87
257,258,7,143,144,145,155,157,158,160,161,34,292,293,294,295,167,297,169,296,172,301,173,303,175,178,179,180,309,310,181,312,51,318,322,324,330,213,87,88,89,221,225,248
141,142,144,146,148,153,154,155,157,158,160,32,161,163,293,294,166,296,167,298,299,300,172,173,175,304,174,306,178,308,180,307,183,179,51,181,58,330,87
141,142,144,146,148,153,155,157,158,160,292,293,167,295,170,299,172,300,302,303,175,301,306,307,308,178,180,183,311,179,310,184,330,173,174,126
141,142,144,146,148,149,150,152,153,154,155,157,158,160,293,294,166,296,167,299,300,301,172,175,304,177,306,307,308,178,174,179,184,180,330,87,99
142,144,146,153,154,155,157,158,160,164,293,294,167,296,168,297,299,172,301,300,171,175,303,306,179,307,308,302,183,311,180,181,71,330,87,170,173,104
7,141,142,143,144,146,148,150,153,155,157,158,160,161,163,164,293,167,299,300,301,302,172,304,175,306,178,307,308,173,183,179,180,181,51,194,330,87,255
142,146,148,155,156,158,32,292,293,37,167,296,166,170,299,172,300,174,303,175,304,306,307,308,180,309,311,184,179,310,183,68,330,88,44
141,142,143,144,146,147,153,155,156,157,158,159,160,164,293,167,169,298,300,301,302,175,304,173,306,307,180,308,178,311,309,179,181,51,197,330,208,87
5,141,142,144,146,153,154,155,157,158,160,32,161,293,294,168,170,299,300,301,172,175,302,305,306,178,308,304,307,311,180,179,51,186,330,205,210,87,98,174,127
141,142,144,146,147,148,149,150,152,153,154,155,157,158,160,292,293,166,167,169,299,300,301,172,175,304,303,306,307,308,180,177,311,179,330,82
141,142,144,146,148,149,153,155,157,158,160,32,292,293,294,167,296,166,298,299,300,172,170,175,304,174,306,307,308,178,180,309,184,179,310,330
141,142,144,146,148,153,155,157,158,160,292,293,294,167,296,166,298,299,300,172,170,175,304,174,306,307,308,178,180,309,184,179,310,328,330
142,144,146,147,148,153,155,157,158,160,161,294,167,296,169,298,170,300,299,172,175,174,306,307,308,180,178,309,184,179,310,330
257,258,142,144,145,148,149,154,155,158,160,292,293,166,295,167,297,170,172,300,174,303,175,306,307,308,309,310,311,179,180,51,184,318,322,324,330,87,225,249
10,138,142,144,16,146,275,23,155,156,157,158,160,161,32,292,293,37,167,169,172,301,173,303,175,177,306,178,180,179,51,311,181,73,330,81,210,87,94,237,239,251
256,257,158,51,312,313,314,187,315,317,318,319,191,186,322,323,324,194,197,327,200,328,202,199,201,204,205,207,208,209,210,212,213,214,87,215,216,221,225
158,31,43,51,313,186,314,187,188,317,191,192,66,323,195,197,326,327,200,198,202,194,204,205,199,201,208,207,209,211,210,213,214,87,215,124
158,32,43,51,313,314,187,188,317,189,190,192,320,191,323,324,60,198,327,200,201,199,326,319,193,197,202,208,194,210,205,207,213,214,209,87,215
256,257,258,13,22,30,32,37,44,52,312,315,187,317,318,319,192,191,322,323,324,194,326,199,200,328,201,202,205,208,210,213,214,215,88,89,221,225,122
158,32,165,43,51,313,314,186,316,189,187,188,192,317,190,323,324,191,326,327,200,198,194,197,204,205,199,328,208,201,202,76,207,213,214,209,210,215,87
14,158,51,312,313,314,315,186,187,190,319,192,317,322,323,324,318,191,327,200,328,194,197,199,201,202,205,208,206,207,209,210,213,214,87,215,217,216,221,225
256,258,158,36,51,181,312,313,314,315,187,317,318,319,192,191,322,323,324,194,195,327,200,328,197,199,201,202,205,207,208,81,210,211,209,213,214,215,87,221,225
256,258,158,51,312,313,314,315,187,317,318,319,191,186,322,323,324,194,197,327,200,328,202,329,199,201,205,207,208,209,210,212,213,214,87,215,216,225
158,32,43,51,313,314,186,187,316,317,190,320,192,191,323,324,197,326,327,200,198,194,199,204,205,201,202,208,207,209,210,212,213,214,87,215,216
278,28,163,166,171,51,187,190,191,321,193,195,196,323,194,68,197,199,201,203,204,205,206,209,210,212,85,214,215,213,90,95,111,112,240,114,115
256,257,258,13,30,32,34,37,44,312,313,315,187,318,319,191,322,323,324,194,197,327,200,328,199,201,202,205,208,210,211,213,214,215,88,89,217,221,225,248
138,158,43,51,312,313,314,187,186,189,317,190,192,191,322,323,324,194,198,327,200,329,202,326,197,199,201,205,208,206,207,209,210,213,214,212,87,215,216
158,34,186,51,312,313,314,315,187,317,318,191,190,319,322,323,324,194,198,327,200,326,197,199,201,202,205,207,208,209,210,212,213,214,87,215,216,221,94,225
277,278,158,32,179,51,54,186,187,61,191,193,194,323,196,325,197,199,327,201,202,203,200,205,207,208,209,210,83,212,213,214,87,215,216,93,97,228,109,112,120
13,158,32,53,313,314,187,186,315,316,317,192,190,191,323,324,197,326,327,200,198,202,194,204,205,199,201,208,207,209,210,213,214,215,87
158,32,51,312,313,314,187,186,189,317,190,192,320,322,323,324,191,326,327,200,198,199,329,202,325,197,201,208,194,205,207,209,213,214,210,87,215
155,307,308,309,313,186,314,188,187,316,317,192,190,191,323,194,197,326,327,328,200,202,198,204,205,199,201,208,330,206,209,210,213,214,195,215,94
138,11,275,26,158,46,51,312,313,314,187,188,189,191,322,323,324,194,197,327,200,329,202,73,199,201,205,207,208,209,210,213,214,87,215,231,104,237,239,251
256,259,261,264,268,269,272,275,283,158,32,163,41,51,54,58,68,69,71,200,73,74,75,77,205,81,210,85,86,87,88,89,94,98,106,109,241,242,243,116,246,248,251
256,261,264,268,269,16,275,277,280,283,158,32,163,51,58,68,69,71,73,74,75,205,81,210,86,87,88,89,215,91,94,98,106,237,109,242,243,116,246,119,248,249,251
256,261,264,268,269,16,275,277,283,284,158,32,163,44,48,51,58,68,69,71,73,75,205,81,210,84,86,87,88,89,215,91,94,98,106,109,242,243,116,246,248,249,251
0,5,135,10,138,266,16,275,19,22,28,158,33,163,37,39,43,46,51,54,183,57,58,59,64,323,200,73,202,329,81,87,222,224,230,231,234,237,239,120,251
1,3,8,9,12,16,17,18,19,22,281,26,27,28,29,158,159,32,33,163,38,39,168,41,42,51,182,58,59,63,64,198,87,96,225,227,232,234,238
0,131,3,6,9,10,12,16,145,22,23,28,158,287,32,289,34,35,161,37,163,43,46,50,51,58,60,63,205,210,213,87,89,220,222,225,226,229,230,234,238,122
0,2,5,6,135,9,16,145,27,158,287,37,43,46,50,51,54,57,313,187,58,317,191,66,195,198,327,200,72,207,87,222,224,230,231,233,234,237,238
2,5,266,16,157,158,32,35,36,37,43,173,51,53,54,57,58,189,66,70,199,201,207,210,87,217,222,224,231,234,237,121,124
3,4,7,12,269,16,274,275,24,281,283,158,32,34,163,41,42,43,47,51,311,55,58,323,202,80,210,214,87,88,223,233,106,239,242,243,246
5,135,10,138,266,13,275,20,22,30,32,33,35,36,37,40,44,45,46,51,52,54,311,64,323,199,200,73,329,202,201,81,87,88,89,222,224,231,234,237,239,121,251
5,6,135,7,266,138,140,16,275,158,31,160,163,37,38,167,168,42,173,46,48,50,51,53,54,311,56,57,60,189,61,67,200,73,81,87,222,224,231,234,237,239,121
0,5,6,9,267,13,23,27,158,32,163,37,43,44,45,50,51,54,57,187,317,192,64,66,323,327,71,208,210,214,87,218,222,224,230,231,234,238
0,2,5,6,9,144,16,23,27,158,43,46,51,180,57,313,187,59,317,58,63,192,64,66,195,198,327,211,84,87,216,218,91,222,224,102,231,234,238
0,5,6,7,9,13,23,155,158,30,32,163,37,40,43,44,45,51,54,57,313,314,187,189,191,64,66,323,194,327,199,208,214,87,222,224,230,231,234
5,6,135,7,9,266,138,13,275,20,158,32,163,37,43,44,45,46,51,54,57,58,62,64,66,323,200,205,210,87,88,215,222,224,230,231,234,237,121,124
128,131,132,5,6,7,9,266,13,155,284,158,32,163,37,41,43,44,45,51,54,189,190,64,66,194,199,200,87,88,222,224,230,231,105,234,237,238,124
128,0,1,132,5,6,9,13,16,19,22,28,285,158,32,33,162,163,37,168,41,42,43,44,51,54,57,58,63,64,66,198,327,87,222,224,231,234,237,238,240
4,5,7,9,13,16,149,22,23,27,158,31,32,163,37,38,168,42,43,46,48,49,51,53,54,56,57,187,59,60,61,192,66,67,323,208,214,87,222,224,234,124
1,5,6,9,16,17,22,23,24,27,28,158,163,168,42,43,50,51,308,54,57,58,187,59,317,63,192,66,323,328,214,87,218,220,222,224,231,233,234,238
3,4,5,6,9,266,12,16,22,24,28,32,34,163,168,41,42,43,47,48,51,55,313,58,63,66,201,205,87,222,224,231,233,234,237,238,239,124
3,4,10,12,16,275,22,24,28,158,34,163,292,168,41,42,43,47,303,51,311,55,58,63,200,73,202,329,81,87,93,94,231,233,237,239,251
1,131,5,9,13,16,22,27,28,30,287,32,34,35,163,37,43,44,52,312,57,58,315,62,318,63,64,322,323,324,200,213,88,89,218,221,222,225,229,230,231,232,234,237,122
132,5,7,9,10,16,18,19,22,27,155,28,158,32,163,37,43,51,54,57,58,63,66,195,194,87,218,220,222,224,98,230,231,233,234,237,238,240,116,127
0,5,6,7,9,10,12,142,16,17,275,23,27,158,30,40,43,45,50,51,54,57,58,187,60,66,194,198,327,87,220,222,224,226,230,231,234,238
1,132,5,6,135,9,266,13,16,275,22,30,32,35,37,43,44,173,45,51,52,57,58,189,199,200,201,87,88,89,218,222,224,229,231,232,234,237,239,121,124
2,5,6,266,13,158,32,35,36,37,44,173,45,51,53,54,57,189,66,70,199,201,207,87,217,222,224,230,231,234,237,121
3,4,12,16,275,22,24,281,158,32,34,163,37,39,41,42,43,47,51,182,55,313,58,190,191,198,205,210,85,87,223,233,106,110,239,242,243
1,3,6,9,12,16,17,22,26,28,158,32,289,161,163,37,168,41,42,43,48,51,313,57,187,58,60,190,63,323,198,327,87,222,223,225,232,234,238,124
0,5,8,9,11,12,13,16,22,23,26,27,28,158,32,33,163,168,42,43,46,51,57,58,187,59,63,192,64,66,323,214,87,218,222,224,227,230,231,234,237,238
0,5,135,7,9,10,13,16,275,279,157,158,32,39,42,43,46,51,54,56,57,58,64,66,323,194,202,208,81,87,218,222,224,227,230,231,233,234,237,238,124
2,5,135,10,266,138,16,275,22,158,33,163,37,43,46,51,54,311,58,59,64,323,200,73,329,202,74,207,81,87,222,224,231,233,234,237,239,121,251
0,4,5,9,13,16,149,22,27,28,158,163,38,39,168,42,43,51,52,54,55,56,57,186,187,59,317,58,63,192,64,66,70,204,87,217,218,222,224,100,234,239,124
0,5,6,9,13,16,19,22,27,28,158,33,163,37,43,46,50,51,54,57,58,187,59,317,64,66,198,327,326,204,82,87,218,222,224,231,234,238
0,2,5,6,135,9,266,10,16,22,27,28,30,158,32,163,37,43,46,51,54,57,58,189,317,63,66,198,327,201,205,210,87,216,222,224,98,231,234,237,238,244,127
128,1,132,5,6,9,139,15,16,17,22,26,28,158,160,32,163,37,168,41,42,43,51,54,57,313,58,317,63,66,198,327,210,87,222,224,231,234,237,238,124
128,1,3,132,5,6,9,16,19,22,23,27,28,158,160,33,163,37,168,42,43,51,54,57,58,59,63,64,66,195,327,87,222,224,230,231,234,237,238,110,124
1,131,5,9,142,16,17,22,28,158,287,34,163,37,168,42,43,51,309,54,57,58,315,62,63,322,323,324,200,213,87,221,222,224,225,230,231,232,234,237,238,122
5,135,138,140,13,16,275,158,32,33,163,37,168,43,44,45,46,51,54,64,66,323,200,73,202,81,87,218,222,224,228,230,231,234,237,239,251
5,135,9,13,23,155,158,31,32,37,43,44,45,51,54,57,187,192,64,66,195,323,206,207,208,214,87,91,222,224,99,230,231,234,235,237,122,124
0,5,6,133,7,9,10,13,16,22,27,158,30,32,163,37,41,170,43,42,45,46,51,54,57,58,62,64,66,194,207,87,218,222,224,230,231,234,237
2,5,6,135,9,266,10,16,275,22,28,158,32,33,163,37,41,42,43,46,51,54,313,57,58,59,191,63,64,66,323,198,327,205,210,87,222,224,231,234,237,238
5,6,7,9,266,13,20,158,32,163,37,43,44,45,49,51,54,57,313,58,189,64,66,323,198,327,199,201,205,210,215,87,222,224,230,231,234,237,121
3,4,263,7,10,12,16,275,24,281,25,158,32,34,41,42,43,47,48,51,55,313,58,190,191,194,323,198,200,85,87,223,96,233,106,239,242,243
0,1,5,9,13,143,16,15,20,22,23,26,27,28,30,158,160,163,37,168,41,42,43,51,54,313,185,58,62,63,66,87,222,224,225,230,231,234,238,124,125
0,5,6,9,13,20,23,27,158,32,163,37,43,44,45,46,51,54,57,58,60,64,66,323,327,205,79,208,210,87,215,222,224,230,231,234,237,122,124
2,3,7,135,9,274,23,151,281,158,31,32,163,37,293,167,38,41,42,43,173,46,48,50,51,53,182,56,57,58,60,61,62,64,67,198,205,210,87,222,224,225,232,234,124
0,5,6,9,13,15,17,21,27,158,32,37,40,43,44,45,50,51,54,313,57,187,317,66,198,327,87,218,220,222,224,225,231,233,234,238
256,7,10,138,16,275,158,31,160,163,37,38,168,41,46,303,48,50,51,53,311,56,57,60,61,323,67,200,73,329,202,74,81,87,219,221,225,231,236,237,239,251
2,5,6,135,9,266,10,16,275,22,28,158,32,163,37,42,43,46,51,54,57,58,63,66,323,198,200,329,73,202,205,81,210,87,222,224,231,234,237,239,246,251
0,2,3,5,9,266,13,16,157,158,32,37,39,42,43,46,51,54,56,57,313,59,58,317,191,64,66,207,213,87,218,222,224,227,231,234,237,124,126
3,4,10,138,12,16,275,22,24,158,32,34,163,292,43,303,47,51,311,55,58,200,73,202,329,74,205,81,210,87,94,223,231,233,237,239,242,246,251
5,6,135,9,13,23,155,158,32,37,43,44,45,51,54,57,187,192,64,66,323,195,194,205,206,207,208,210,214,87,215,218,222,224,230,231,234,237,240,122,124
5,9,13,23,27,158,32,33,162,163,37,166,43,44,45,174,51,54,57,62,192,64,66,323,67,68,198,205,208,210,87,218,92,222,224,230,231,234,107,237,124
5,6,9,11,16,22,26,28,158,32,163,37,39,43,51,54,313,57,58,189,317,66,323,198,327,200,199,205,210,87,222,223,224,98,230,231,234,237,240,118,121,127
5,6,9,138,266,13,275,20,23,158,30,32,163,37,41,43,44,45,46,51,54,313,57,58,64,66,323,327,200,205,208,210,87,215,222,224,230,231,234,237,121
128,5,6,9,266,139,13,16,22,23,158,32,289,33,160,163,37,168,41,42,43,44,45,51,54,56,57,59,62,64,66,198,87,222,224,230,231,234,237,238,123,124
5,6,7,9,138,266,140,10,13,16,275,158,30,32,163,37,43,44,45,46,51,54,62,64,66,194,200,329,73,81,87,222,224,230,231,234,237,239,121,251
128,129,2,132,5,135,266,16,19,20,278,22,28,285,157,158,32,163,39,43,175,51,54,58,59,63,195,196,83,85,215,87,222,224,231,233,234,237,111,240,112,118
128,0,5,6,7,9,266,13,155,158,30,32,163,37,43,44,45,46,51,54,57,62,64,66,195,194,198,87,222,224,230,231,234,108,237,238,240,124
5,6,134,9,138,10,266,140,16,275,22,28,158,32,35,163,37,166,43,46,51,179,54,311,58,63,200,73,329,202,74,81,210,87,222,224,226,231,234,237,239,251
128,1,132,5,6,9,10,15,16,19,22,26,27,28,158,160,289,32,163,37,168,41,42,43,46,51,54,313,58,191,63,198,210,87,222,224,225,231,234,238,124
5,6,7,9,266,13,155,30,158,32,163,36,37,167,41,43,44,173,46,45,51,53,54,58,189,64,194,68,199,201,210,87,222,224,228,231,232,105,234,106,237,116,121
0,1,5,6,9,11,14,16,22,23,25,26,27,28,29,32,163,37,41,42,43,46,51,57,58,187,63,65,66,323,214,87,222,224,230,231,234,237,238,124
261,264,268,269,274,275,281,283,158,32,163,44,51,68,69,71,75,205,81,210,83,84,85,86,87,88,89,215,92,94,96,98,106,109,110,241,242,243,116,117,249,250,251,253
261,264,268,269,274,275,281,283,284,158,32,163,51,58,192,68,69,324,71,75,205,81,210,84,86,87,88,89,215,94,98,106,109,110,241,242,243,116,248,250,251,253
256,257,258,260,261,262,7,264,269,275,281,283,158,32,168,51,322,194,324,68,71,81,213,86,87,88,89,93,225,98,121,229,106,109,242,243,116,248,249,251
261,264,268,269,271,272,275,281,283,284,158,32,163,44,51,58,68,69,71,200,75,76,205,81,210,86,87,88,89,215,94,98,106,109,110,241,242,243,116,248,250,251,253
261,263,264,268,269,270,275,281,283,284,158,32,163,168,41,51,68,69,71,75,76,205,80,81,210,86,87,88,89,94,98,106,108,109,241,242,243,116,246,250,251,253
2,261,264,266,268,269,275,158,32,36,37,173,51,53,189,68,70,199,201,207,81,210,86,87,88,217,89,231,106,237,109,243,116,121,251
261,264,266,268,269,274,275,281,283,284,158,32,160,163,51,58,68,69,71,75,205,81,210,84,86,87,88,89,215,120,94,98,106,109,110,241,242,243,116,248,250,251,253
261,264,268,269,270,273,275,279,281,283,284,158,32,163,168,51,68,69,71,76,205,79,81,210,85,86,87,88,89,96,98,101,106,109,241,242,243,116,119,251,253,127
261,7,264,268,269,274,275,281,283,284,158,32,165,39,168,51,186,316,194,68,69,71,75,79,81,84,86,87,88,89,94,98,106,109,110,241,242,243,116,248,250,251,253
256,257,261,264,268,269,16,275,281,283,158,32,163,48,51,68,69,71,73,74,205,81,210,86,87,88,89,91,94,98,104,106,109,242,243,116,246,248,249,250,251
261,264,11,268,269,274,275,281,283,284,158,32,163,44,51,58,68,69,71,75,205,79,81,210,84,86,87,88,89,215,94,98,106,109,110,241,242,243,116,121,250,251
256,261,264,268,269,16,275,281,283,284,158,32,163,44,51,68,69,71,73,74,202,205,81,210,84,86,87,88,89,215,91,94,98,106,109,242,243,115,116,246,248,251
261,135,138,269,270,275,277,278,158,32,289,163,178,51,68,71,205,81,210,83,85,86,87,88,89,92,93,95,97,105,106,109,111,112,114,115,116,117,118,120,122,127
259,261,135,264,7,268,269,272,275,281,283,284,155,158,163,51,194,68,69,70,71,200,75,79,81,86,87,88,94,98,99,106,109,110,241,242,243,116,248,121,250,251,253
256,259,261,264,268,269,272,16,275,284,158,32,163,44,51,58,68,71,73,74,205,79,81,210,84,86,87,88,89,215,91,94,98,106,107,237,109,242,243,116,246,248,251
259,261,264,268,269,275,281,283,284,157,158,32,163,51,58,68,69,71,75,76,205,81,210,84,85,86,87,88,89,215,94,98,106,109,110,241,242,243,116,250,251,252
259,263,264,7,268,269,274,281,283,284,155,158,163,166,41,51,194,68,70,71,72,76,77,81,84,85,86,87,88,91,98,99,100,101,106,109,241,243,244,116,121,253,254
259,261,7,264,268,269,274,275,277,280,281,283,284,158,32,51,194,68,69,70,71,75,79,81,214,87,88,89,86,94,98,106,109,110,241,242,243,116,119,248,121,250,251,252,253
261,7,264,266,268,269,272,275,281,283,158,32,163,51,194,68,69,70,71,75,76,79,81,210,85,86,87,88,89,94,96,98,106,109,241,242,243,116,248,121,250,251
261,262,7,264,268,269,275,281,283,155,158,32,163,51,194,68,70,71,75,79,81,85,86,87,88,89,90,92,94,95,96,98,104,106,109,110,112,242,243,116,117,121,250,251
256,257,258,259,260,261,262,7,264,267,269,275,283,284,155,158,32,163,51,322,194,324,68,70,71,205,81,210,213,86,87,88,89,225,121,106,109,242,243,116,248,249,251
259,261,264,268,269,272,275,281,282,283,284,158,32,163,168,44,51,68,69,71,75,205,81,210,84,86,87,88,89,215,94,98,99,106,109,110,241,242,243,116,250,251,253
256,258,261,264,10,268,269,16,275,283,284,158,32,172,51,180,189,68,69,73,74,75,81,210,86,87,88,89,91,94,98,106,109,242,243,116,246,248,249,250,251
259,261,263,264,135,268,269,272,274,275,281,283,284,155,158,32,41,47,51,187,195,71,72,76,77,206,208,81,84,87,88,98,101,106,109,241,243,244,115,119,122,253
261,264,268,269,141,274,275,281,283,284,158,32,163,42,51,58,68,69,70,71,75,205,79,81,210,85,86,87,88,89,94,98,106,109,110,241,242,243,116,117,248,250,251
256,257,258,259,260,261,262,7,264,268,269,144,275,281,283,155,158,31,41,51,194,68,69,70,71,79,81,86,87,88,89,121,98,100,106,109,241,242,243,116,117,248,249,251
256,259,7,264,9,268,269,274,275,22,281,283,284,155,158,32,163,166,51,187,194,68,70,71,72,76,77,80,81,84,86,87,88,91,99,100,101,106,109,241,243,244,116,121,253
256,257,258,260,261,262,264,268,269,272,275,22,281,283,158,32,163,47,51,58,187,68,71,79,81,210,213,86,87,88,89,225,106,109,241,242,243,116,248,249,251
256,259,268,269,13,142,271,274,275,22,23,283,158,30,32,35,37,44,45,51,52,187,64,71,72,199,74,201,76,77,81,84,87,88,89,91,99,100,101,241,243,244,253,254
256,257,258,260,261,262,267,22,281,158,32,163,295,178,51,310,312,315,187,318,322,324,68,71,202,205,77,81,210,213,86,87,88,89,221,225,98,109,116,245,248,249,122
256,257,258,259,260,261,262,264,267,269,22,283,158,32,163,51,315,187,322,68,71,202,76,205,77,79,208,81,210,213,86,87,88,89,98,106,109,243,116,245,248,249,251
256,259,261,263,264,7,9,268,269,14,272,275,281,283,155,158,31,32,48,53,56,57,60,194,68,69,70,71,86,87,89,94,121,98,106,241,242,243,244,116,248,249,251,253
256,259,261,264,268,269,272,275,281,283,284,158,32,168,44,51,187,68,71,200,202,76,205,77,79,208,81,210,86,87,88,89,215,98,101,106,109,241,242,243,244,116,248,251,253
256,259,264,268,269,274,275,281,283,284,158,32,163,166,44,51,58,188,68,71,72,76,77,205,80,81,210,84,86,87,88,89,215,91,98,99,106,109,241,243,244,116,248,253
256,7,268,269,275,23,281,283,284,155,158,32,163,166,168,51,188,64,194,68,70,71,76,79,80,81,86,87,88,89,91,225,99,101,106,109,244,116,246,118,248,121,253
256,257,258,259,261,262,264,268,269,272,275,281,283,284,158,32,163,51,58,188,68,71,73,76,205,81,210,213,86,87,88,89,91,94,225,98,109,241,243,244,116,246,248,249,122,251
0,259,263,264,268,269,274,275,281,283,284,158,32,163,166,39,51,188,68,71,72,73,76,77,205,81,210,84,86,87,88,89,91,94,98,99,106,109,241,242,243,244,116,120,253,254
256,259,264,138,268,269,272,274,275,281,283,158,32,163,166,168,46,51,188,68,71,72,76,77,205,79,80,81,210,86,87,88,89,91,99,100,101,106,109,241,243,244,116,122,253,127
256,259,264,268,269,274,275,283,284,158,32,166,168,44,51,192,68,71,72,73,76,77,205,80,81,210,84,86,87,88,89,215,91,94,98,99,100,109,241,243,244,116,246,251,253
256,257,258,261,262,264,269,16,275,158,32,163,44,51,58,188,68,71,73,202,74,329,205,81,210,84,86,87,88,89,215,91,94,98,237,109,242,243,116,246,248,249,251,254
256,257,258,260,261,262,264,268,269,275,281,283,158,32,163,42,43,44,51,68,69,71,205,81,210,213,86,87,88,89,215,225,98,106,109,242,243,116,248,249,122,251
259,7,264,268,269,272,274,279,281,283,284,158,31,32,168,51,194,68,71,74,76,77,79,81,210,84,86,87,88,89,92,98,99,100,101,106,107,109,243,116,121,253
256,261,264,266,268,269,13,18,275,22,281,283,158,30,32,35,37,41,44,45,51,52,64,67,199,200,201,75,81,85,87,88,89,94,96,98,106,109,110,241,242,243,248,250,251
261,6,264,268,269,272,275,281,283,284,158,32,163,51,57,66,68,75,205,81,210,85,86,87,88,89,92,94,96,98,99,106,109,110,241,242,243,116,119,250,251,253
256,257,258,259,260,261,262,264,267,268,269,14,283,284,158,32,163,51,58,68,71,73,76,205,81,210,213,86,87,88,89,215,94,225,98,106,109,241,243,116,248,249,122,251
261,263,264,268,269,275,278,283,284,158,32,163,44,51,58,68,69,71,75,205,81,210,85,86,87,88,89,215,92,94,98,104,106,109,242,243,116,117,249,250,251,253
258,261,264,268,269,275,277,278,283,284,158,32,163,51,58,68,69,198,71,75,205,81,210,85,86,87,88,89,92,98,100,101,105,106,109,112,242,243,116,117,119,250,251,253
256,257,258,259,260,261,262,264,267,269,281,283,284,158,32,163,51,312,313,58,322,324,68,71,205,81,210,213,86,87,88,89,90,98,106,108,109,242,243,116,248,249,122,251
256,257,261,264,269,16,275,158,32,163,44,51,54,311,58,68,71,73,74,202,329,205,81,82,210,84,86,87,88,89,215,91,94,98,106,237,109,242,243,116,246,248,249,251
264,268,269,274,277,281,283,284,158,32,163,166,40,49,51,58,188,189,68,71,72,76,77,79,80,208,81,210,84,86,87,88,89,91,92,99,101,102,106,109,243,244,116,246,253,254
7,9,266,268,269,274,275,23,280,281,283,158,32,166,51,187,192,194,68,70,71,72,74,202,76,77,208,81,84,214,86,88,87,91,99,106,109,243,244,116,119,121,253
7,264,9,268,269,274,276,23,280,283,284,158,32,166,168,51,187,192,194,68,71,72,76,77,79,80,81,84,86,87,88,89,91,99,100,101,106,109,243,244,116,253
256,261,264,268,269,16,275,281,283,284,158,32,163,44,46,51,58,68,71,73,75,205,81,210,84,85,86,87,88,89,215,91,94,98,106,109,110,242,243,116,246,248,251
261,264,268,269,274,275,281,283,284,158,32,163,166,44,51,58,68,70,71,75,76,77,205,81,210,85,86,87,88,89,215,98,99,101,106,109,241,242,243,244,116,250,251,253
256,261,264,268,269,16,275,283,284,158,32,163,51,58,68,69,71,73,74,205,80,81,210,84,86,87,88,89,215,91,94,98,106,109,241,242,243,116,246,248,251
256,257,258,260,261,262,264,267,269,283,158,32,163,44,51,309,312,58,322,324,68,71,330,205,81,210,213,86,87,88,89,215,225,98,106,109,242,243,116,245,248,249,122,251
259,261,263,264,7,268,269,272,274,276,279,281,283,284,158,31,32,168,176,51,194,68,71,74,76,77,81,210,84,86,87,88,89,92,98,99,100,101,106,109,243,116,121,253
259,261,263,264,268,269,275,276,281,283,158,32,47,51,187,316,65,69,71,76,77,205,80,81,208,210,87,88,89,92,96,97,98,106,109,241,242,243,244,117,114,251
2,261,264,266,267,268,269,275,281,283,158,36,173,51,53,184,68,70,199,201,74,207,80,81,86,87,88,217,91,92,97,98,106,109,243,116,246,121,251
261,7,264,268,269,274,275,281,283,284,158,32,168,51,194,68,69,70,71,75,79,81,210,85,86,87,88,89,94,98,106,109,110,241,242,243,116,248,121,250,251
261,269,270,275,277,278,158,32,163,44,51,58,68,71,205,81,210,83,84,85,86,215,87,88,89,92,93,95,96,97,98,105,106,109,111,112,242,243,116,117,120,251
259,261,264,268,269,275,281,283,284,158,32,163,51,58,68,69,71,75,76,79,80,81,210,84,86,87,88,89,94,98,106,109,111,241,242,243,244,116,246,249,250,251,253
261,7,264,9,268,269,13,274,275,281,283,284,158,32,168,51,187,194,68,70,71,75,76,79,81,210,85,86,87,88,89,92,98,100,101,106,109,242,243,244,116,121,250,251,253
256,1,259,261,262,263,264,268,272,16,275,158,32,163,44,51,68,71,73,74,205,79,81,210,86,87,88,89,215,91,93,94,98,237,109,242,243,116,246,248,249,251
256,257,258,259,260,261,262,264,267,269,275,283,158,32,163,168,51,316,322,68,71,200,73,205,80,209,81,210,212,213,86,87,88,89,225,106,109,243,116,245,246,248,249,251
256,257,258,259,260,261,262,264,267,269,275,283,158,32,163,44,51,58,322,68,71,205,81,210,84,213,86,87,88,89,215,98,106,109,241,242,243,116,245,248,249,122,251
261,263,264,266,268,269,275,281,283,284,158,32,163,51,58,68,69,71,75,205,81,210,86,87,88,89,215,94,98,106,109,110,241,242,243,116,248,249,250,251,253
261,263,264,7,135,9,268,269,274,276,281,153,283,284,158,32,296,42,177,51,187,68,69,71,76,77,79,208,81,84,86,87,88,98,100,101,106,109,241,242,243,244,116,253
256,257,261,264,267,268,269,271,16,275,22,283,284,158,32,163,51,58,187,68,71,73,74,202,76,80,81,84,86,87,88,89,91,94,106,109,243,116,246,248,251
261,7,264,268,269,274,275,281,283,284,155,158,32,163,51,188,189,192,194,68,69,70,71,75,79,81,84,86,87,88,94,98,106,109,110,241,242,243,244,117,116,248,121,251
261,7,264,268,269,275,281,283,284,155,158,32,163,36,51,194,68,69,70,71,74,75,79,81,84,86,87,88,94,121,98,122,106,109,110,112,241,242,243,116,248,249,250,251
259,261,263,264,268,269,272,274,281,283,284,158,31,32,163,178,51,58,68,71,74,76,77,205,81,210,84,86,87,88,89,215,92,98,99,106,109,241,242,243,116,251,253
256,257,259,261,135,264,268,269,274,275,281,283,284,158,32,164,36,166,169,51,181,318,68,69,76,79,208,81,210,84,86,87,88,89,99,101,106,109,241,243,244,116,248,249,250,253
1,259,261,263,264,268,269,272,275,281,283,157,158,32,163,51,68,69,75,81,210,86,87,88,89,92,120,94,98,122,106,109,110,241,242,243,116,248,250,251
256,261,264,268,269,16,275,284,158,32,163,44,51,58,68,71,73,74,75,205,207,81,210,84,86,87,88,89,215,91,94,98,106,237,109,242,243,116,246,248,249,251
259,261,263,264,268,269,272,274,281,283,284,158,32,163,168,44,51,68,69,71,76,205,81,210,86,87,88,89,215,98,106,109,110,241,242,243,244,116,248,251,253,254
256,257,258,259,260,261,262,4,7,267,268,269,283,284,158,32,168,51,315,322,194,324,68,71,76,79,81,210,213,86,87,88,89,121,101,104,106,109,116,245,248,249,122
256,257,258,259,260,262,267,268,269,276,22,283,158,32,163,166,168,51,187,60,68,71,72,76,77,80,81,210,213,86,87,88,89,99,100,101,109,244,245,116,248,253
256,261,7,264,10,268,269,16,275,283,284,158,32,51,194,68,70,71,73,74,202,81,210,84,86,87,88,89,91,94,99,106,109,241,242,243,116,246,248,121,251,253,255
261,7,264,268,269,275,281,283,284,155,158,163,51,188,189,194,68,69,70,71,75,79,81,85,86,87,88,92,94,97,98,106,234,109,241,242,243,116,117,244,121,250,251
2,261,264,266,269,275,158,36,37,168,173,51,53,189,68,70,71,199,73,74,201,79,207,81,85,86,87,88,217,94,95,106,237,109,242,243,116,121,251
259,261,264,268,269,270,274,281,282,283,284,158,32,163,51,68,69,75,77,205,81,210,84,85,86,87,88,89,98,106,109,110,241,242,243,244,116,117,248,251,252,253,254
259,261,263,264,268,269,272,275,281,283,284,158,31,32,163,44,51,58,68,71,74,76,205,79,81,210,86,87,88,89,215,91,92,98,99,101,106,109,242,243,116,251,253
256,261,262,264,268,269,16,18,275,281,283,158,32,163,51,68,69,71,73,205,81,210,86,87,88,89,91,94,98,106,109,110,241,242,243,116,246,248,249,250,251
257,261,7,264,268,269,270,275,281,283,284,155,158,32,163,51,194,68,69,70,71,75,79,81,86,87,88,89,94,121,98,101,122,106,109,110,241,242,243,116,248,249,250,251,254
261,263,264,268,269,275,281,283,284,158,32,163,168,51,58,68,71,75,205,80,81,210,86,87,88,89,215,91,92,98,104,106,109,241,243,116,117,246,248,250,251,253
261,264,268,269,16,275,281,283,284,158,32,163,51,58,68,69,71,73,75,77,205,81,210,84,85,86,87,88,89,215,91,94,98,102,106,109,242,243,116,246,248,251
261,264,268,269,270,275,20,281,283,284,157,158,32,163,51,68,69,75,204,81,210,86,87,88,89,94,96,98,104,106,109,110,242,243,114,117,116,118,248,250,251,124
259,261,263,264,268,269,274,22,281,283,284,158,32,163,42,51,186,187,68,69,71,72,76,77,205,208,81,210,84,86,87,88,89,91,98,101,106,109,241,242,243,244,116,253
259,261,262,263,264,7,135,268,269,272,281,283,284,155,158,32,168,51,65,195,68,71,76,77,206,79,81,84,86,87,88,91,98,100,101,106,109,112,241,243,244,115,116,122,253
259,261,264,268,269,275,281,283,284,158,32,44,51,68,69,73,75,205,81,210,84,86,87,88,89,215,94,98,106,109,110,241,242,243,116,248,249,250,251,253
259,261,263,264,135,268,269,272,273,274,275,281,283,158,32,163,51,58,65,196,68,71,81,86,87,88,89,92,97,98,101,106,109,241,242,243,244,116,118,251,253
261,264,268,269,16,275,281,283,284,158,32,163,51,58,68,69,71,73,205,81,210,84,86,87,88,89,215,91,120,94,98,106,109,110,242,243,116,246,248,249,251
256,259,261,264,268,272,16,275,281,283,158,32,163,44,46,51,58,68,71,73,74,205,81,210,86,87,88,89,215,91,94,98,106,109,241,242,243,116,246,248,249,251
259,261,264,268,269,272,275,281,283,284,158,32,163,51,58,68,69,71,75,205,80,81,210,86,87,88,89,94,98,101,106,109,241,243,116,246,119,248,250,251,253
261,264,268,269,274,275,281,283,284,158,32,163,44,51,58,68,69,71,75,205,81,210,84,85,86,87,88,89,215,92,94,98,106,109,110,241,242,243,116,248,250,251,253
261,264,268,269,274,276,22,281,283,284,158,32,163,166,51,187,68,71,72,202,76,77,205,79,208,81,210,84,86,87,88,89,98,99,100,101,106,109,241,243,244,116,253,254
261,264,266,268,269,275,281,283,158,32,163,44,51,58,68,69,71,73,74,75,205,81,210,85,86,87,88,89,215,94,98,104,106,107,109,242,243,116,121,250,251
256,257,258,260,261,262,264,267,269,270,275,158,32,163,51,312,58,318,322,324,68,71,205,81,210,213,86,87,88,89,225,98,106,109,242,243,116,248,249,250,251
261,264,268,269,270,278,283,284,158,32,163,301,51,58,68,71,75,205,81,210,85,86,87,88,89,215,92,94,98,104,106,109,241,242,243,116,117,250,251,253,255
261,264,267,268,269,275,281,283,284,158,32,163,51,58,68,71,75,205,81,210,84,85,86,87,88,89,215,92,94,96,97,98,106,109,110,241,242,243,116,250,251,253,255
261,264,268,269,275,281,26,283,284,158,32,163,51,58,68,69,71,75,205,81,210,83,84,85,86,87,88,89,215,94,98,106,107,109,110,241,242,243,116,248,250,251
259,261,264,268,269,281,283,284,158,32,163,51,58,68,69,71,72,75,76,77,205,81,210,84,86,87,88,89,98,106,109,110,241,242,243,116,119,250,251,252,253
256,257,258,260,261,262,264,267,269,275,283,158,32,163,44,51,312,58,322,324,68,71,205,81,210,213,86,87,88,89,215,225,98,106,109,242,243,116,245,248,249,122,251
261,7,264,268,269,271,18,275,281,283,284,158,163,51,194,67,68,69,70,71,200,75,81,84,86,87,88,94,96,98,249,106,109,110,241,242,243,116,248,121,250,251,253
256,257,258,260,261,262,264,267,269,16,275,22,283,158,32,163,51,58,322,324,68,71,72,73,205,81,210,213,86,87,88,89,225,98,106,109,242,243,116,245,248,249,251,253
256,257,258,260,261,262,264,267,269,275,150,283,158,32,163,51,58,322,324,68,71,75,76,205,81,210,213,86,87,88,89,215,225,98,106,109,242,243,116,248,249,122,251
256,257,258,260,261,262,264,267,269,13,22,158,30,32,35,37,44,45,51,52,312,318,64,322,324,199,200,201,81,213,87,88,89,93,225,106,109,243,245,119,248,249,122,251
256,261,135,264,7,10,268,269,16,275,281,283,284,155,158,51,194,195,68,70,71,73,74,76,206,79,81,84,86,87,88,91,94,106,109,242,243,115,116,246,248,121,122,251
256,261,264,268,269,270,16,275,158,32,163,44,51,58,68,69,71,73,74,205,81,210,86,87,88,89,215,91,94,98,106,107,237,109,241,242,243,116,246,248,249,251
261,263,264,268,269,18,281,283,158,32,163,168,51,65,67,68,69,71,200,75,205,80,209,81,210,212,86,87,88,89,94,96,98,100,101,106,109,241,242,243,244,116,246,250,251,253
256,257,258,260,261,262,264,267,269,283,158,32,163,44,51,312,58,318,322,68,71,205,81,210,213,86,87,88,89,215,225,98,106,109,242,243,115,245,116,248,249,122,251
261,262,264,268,269,274,281,283,284,158,32,163,44,51,58,68,69,71,75,205,81,210,85,86,87,88,89,215,92,94,98,104,106,109,242,243,116,117,248,249,250,251,253
259,261,264,268,269,274,281,283,284,158,32,163,166,44,51,58,68,70,71,72,76,77,205,81,210,84,86,87,88,89,215,91,98,99,100,101,106,109,241,243,244,116,253,254
256,257,258,259,260,261,262,264,267,268,269,275,281,283,158,32,163,41,44,51,58,68,71,205,81,210,213,86,87,88,89,215,91,225,98,106,109,241,243,116,248,249,122,251
256,257,258,261,264,269,16,275,281,283,284,158,32,163,44,51,58,68,71,73,74,205,81,209,210,86,87,88,89,215,91,94,98,106,109,242,243,116,246,248,249,251
256,257,258,259,261,262,264,268,269,275,283,284,158,32,163,44,51,58,66,68,69,71,205,81,210,86,87,88,89,215,94,98,106,107,109,241,242,243,116,248,249,251
256,257,258,260,261,262,264,267,269,275,283,158,32,163,51,312,58,322,324,68,71,205,81,210,213,86,87,88,89,215,96,225,98,106,109,242,243,116,245,248,249,122,251,252
261,7,264,268,269,274,275,281,283,284,155,158,32,163,169,51,188,189,194,68,69,70,71,75,79,81,84,86,87,88,89,94,121,98,106,109,110,241,242,243,116,248,249,250,251
256,257,258,260,261,262,7,264,267,269,275,283,155,158,32,163,51,312,322,194,324,68,70,71,79,81,213,86,87,88,89,225,121,105,106,109,242,243,116,245,248,249,251
259,261,264,11,268,269,271,274,281,283,284,158,32,163,51,68,69,71,75,76,77,205,81,210,84,86,87,88,89,91,92,98,106,109,110,241,243,244,116,253,254
1,261,263,264,7,268,269,270,273,275,281,283,158,32,41,51,194,68,69,71,75,79,81,210,86,87,88,89,94,98,122,106,109,110,241,242,243,244,116,248,121,250,251,253
259,261,264,268,269,275,281,283,284,158,32,51,68,69,71,75,205,80,81,210,84,86,87,88,89,91,94,97,98,106,109,110,241,242,243,116,246,248,250,251
259,263,264,268,269,272,283,284,158,31,32,163,51,58,65,68,71,72,74,76,205,79,80,81,210,84,86,87,88,89,91,92,99,101,106,109,241,243,116,125,246,253
261,7,264,268,269,274,275,281,283,284,158,32,163,39,51,188,189,194,68,69,70,71,75,79,81,84,86,87,88,94,223,98,106,109,110,241,242,243,116,248,121,250,251,253
256,261,7,264,10,268,269,16,275,277,283,158,32,168,51,313,194,68,69,71,73,74,75,81,210,85,86,87,88,89,91,94,121,98,106,109,242,243,116,246,248,249,251
261,263,264,7,9,268,269,12,271,275,276,281,283,156,158,32,42,51,187,65,68,71,76,77,79,81,84,86,87,88,98,100,101,106,109,241,242,243,244,116,251,253
261,264,266,268,269,272,146,275,281,283,284,158,32,163,166,178,51,58,195,68,69,71,75,205,81,210,85,86,87,88,89,215,92,94,98,104,106,109,242,243,116,117,250,251
256,257,258,259,260,261,262,267,268,272,275,158,32,163,44,51,58,324,68,71,73,74,205,81,210,213,86,87,88,89,215,93,221,94,98,106,107,109,116,248,249,122,251
256,259,261,7,264,268,269,274,281,283,284,158,32,163,166,51,194,68,70,71,72,76,77,205,79,81,210,84,86,87,88,89,98,99,101,106,109,241,243,244,116,248,121,253
261,264,268,269,275,281,283,284,158,32,163,44,46,51,58,68,69,71,75,205,79,81,210,84,85,86,87,88,89,215,94,98,106,109,110,242,243,116,248,250,251
261,7,264,11,268,269,274,275,281,283,284,158,32,168,51,194,68,69,70,71,75,79,81,210,84,86,87,88,89,94,121,98,106,109,110,242,243,116,248,249,250,251,253
261,264,269,270,275,278,283,158,32,288,163,44,51,58,68,71,75,205,81,210,85,86,87,88,89,215,92,94,95,98,100,101,104,106,109,242,243,244,117,116,250,251
259,263,8,265,268,269,17,274,276,22,283,284,158,32,163,166,178,51,187,68,71,72,76,77,81,210,84,86,87,88,89,91,99,100,101,107,109,241,243,244,116,253,254
258,259,263,264,11,268,269,272,273,274,281,283,158,32,163,51,68,69,71,75,76,205,80,81,210,86,87,88,89,91,92,98,99,101,106,109,241,242,243,244,116,253,254
261,7,264,268,269,143,275,281,283,284,155,158,163,51,194,68,69,70,71,75,79,81,85,86,87,88,89,92,94,121,98,106,109,110,241,242,243,116,248,249,250,251
261,7,264,268,269,275,276,281,283,284,158,32,163,168,170,51,194,68,69,70,71,76,79,81,210,84,86,87,88,89,92,98,100,101,106,109,241,242,243,116,248,121,251,253
261,263,264,7,9,268,269,274,275,281,283,284,158,32,42,51,187,194,68,71,75,76,77,79,208,81,210,84,86,87,88,89,98,106,109,241,242,243,244,116,248,121,122,251,253
261,264,268,269,275,278,281,283,284,158,32,166,51,68,69,71,75,80,81,84,85,86,87,88,89,91,92,94,97,98,106,107,109,241,242,243,116,117,250,251,253
259,261,264,268,269,272,275,281,283,284,158,32,168,51,68,69,71,75,80,81,84,85,86,87,88,89,92,94,97,98,106,109,110,241,242,243,115,117,116,250,251
264,268,269,274,275,281,154,283,284,158,32,163,166,44,51,58,68,71,76,77,205,79,80,81,210,84,86,87,88,89,215,91,98,99,100,101,106,109,241,243,244,116,118,253
259,261,263,264,268,269,275,281,283,284,158,32,163,168,48,51,179,58,68,69,71,75,205,80,81,210,86,87,88,89,94,98,106,109,110,241,242,243,116,246,248,251,253
256,259,261,264,268,269,16,275,283,284,158,32,163,44,51,58,68,69,71,73,75,205,81,210,84,86,87,88,89,215,91,94,98,106,107,109,242,243,116,246,248,249,251
256,257,261,264,268,269,16,275,283,284,158,32,163,44,51,58,68,69,71,73,205,81,210,84,86,87,88,89,215,91,94,98,106,109,242,243,116,246,248,249,251,255
261,264,268,269,270,275,281,283,158,32,163,44,51,58,68,69,71,75,205,81,210,85,86,87,88,89,215,92,94,98,104,106,109,241,242,243,116,117,250,251
261,264,268,269,274,275,281,283,284,158,32,163,44,51,58,68,69,71,75,205,81,210,85,86,87,88,89,215,91,92,94,98,106,109,110,241,242,243,116,117,248,250,251
256,259,261,264,268,269,270,16,275,282,158,32,163,51,68,69,71,73,74,202,205,81,210,84,86,87,88,89,91,94,98,106,108,237,109,242,243,114,116,246,117,248,249,251
261,7,264,268,269,270,18,275,281,283,284,158,32,168,51,194,67,68,71,75,81,85,86,87,88,94,96,98,104,106,109,110,242,243,116,117,121,250,251
256,257,261,264,10,269,16,275,158,32,163,51,58,68,69,71,200,73,74,205,78,79,81,210,84,86,87,88,89,215,91,94,98,106,237,109,242,243,116,246,248,249,251
261,7,264,268,269,270,275,281,283,284,158,32,168,51,194,68,69,70,71,75,79,81,210,85,86,87,88,89,94,98,106,109,110,241,242,243,116,248,121,250,251,254
256,257,258,259,261,262,7,264,268,269,275,281,283,155,158,32,163,51,194,68,69,70,71,79,81,213,86,87,88,89,121,98,106,109,241,242,243,244,117,116,119,248,249,251
259,261,264,268,269,275,281,283,284,158,32,163,44,51,58,68,69,71,75,205,79,81,210,86,87,88,89,215,92,94,98,106,109,110,241,242,243,116,119,248,250,251,253
261,264,268,269,275,278,281,283,158,32,163,44,51,58,68,71,75,205,81,210,85,86,87,88,89,215,91,92,94,96,98,231,104,106,109,110,242,243,116,117,250,251
261,7,264,268,269,270,18,275,281,283,155,158,163,51,194,67,68,69,70,71,75,79,81,82,85,86,87,88,94,96,98,106,109,110,111,241,242,243,116,248,121,250,251
261,263,264,268,269,15,272,17,275,21,281,283,284,158,32,163,51,58,68,69,198,71,75,205,81,210,85,86,87,88,89,94,96,98,106,109,110,241,242,243,116,250,251
261,7,264,263,268,269,275,281,283,284,158,32,51,313,194,68,69,70,71,75,79,81,210,84,86,87,88,89,94,121,98,106,107,109,241,242,243,116,248,249,250,251,253
256,261,7,264,9,268,269,274,281,283,158,32,163,42,51,187,194,68,70,71,76,77,79,208,81,84,86,87,88,95,98,100,101,106,109,241,242,243,244,116,248,121,251,253
261,264,268,269,281,283,284,158,32,163,166,45,174,51,68,69,71,75,205,81,210,84,86,87,88,89,94,98,101,106,107,109,241,242,243,244,117,116,248,250,251,253
261,264,268,269,272,274,275,281,283,158,32,163,44,51,58,68,69,71,75,205,81,210,85,86,87,88,89,215,92,94,98,106,109,110,241,242,243,116,117,250,251
261,264,268,269,272,274,275,18,279,281,283,284,158,32,163,44,51,56,58,67,68,69,71,75,205,79,81,210,86,87,88,89,215,92,94,98,106,109,110,242,243,116,248,251
261,264,266,268,269,270,275,281,283,158,160,32,163,51,58,191,68,69,71,75,205,81,210,85,213,86,87,88,89,92,120,94,98,104,106,109,110,241,242,243,116,117,248,250,251
259,261,5,7,264,268,269,144,274,275,281,283,284,155,158,51,188,194,68,69,70,71,75,76,79,81,84,86,87,88,121,98,106,109,110,241,242,243,116,117,248,249,251,127
2,261,264,266,268,269,275,280,158,36,168,173,51,53,189,68,70,199,71,201,74,75,207,81,86,87,88,217,94,106,109,242,243,116,119,121,251
259,261,264,268,269,270,274,275,281,282,283,284,158,32,163,51,59,68,69,71,75,205,81,210,84,86,87,88,89,94,96,98,106,108,109,110,241,242,243,116,117,248,250,251
256,261,264,268,269,16,275,281,283,158,32,163,44,46,51,58,68,69,71,73,75,205,81,210,84,86,87,88,89,215,91,94,98,106,109,110,242,243,116,246,248,251
256,257,261,7,264,268,269,16,275,281,283,284,158,32,163,51,58,68,71,73,205,79,80,81,210,86,87,88,89,91,94,98,106,237,110,109,242,243,116,246,248,249,251
259,265,268,269,272,280,283,284,158,32,290,166,168,174,51,195,68,72,74,76,77,205,79,80,81,210,211,84,86,87,88,89,91,92,94,98,100,101,103,106,107,109,244,116,253
256,261,264,268,269,16,275,280,283,158,32,51,187,194,68,73,74,202,205,81,210,84,86,87,215,88,89,91,94,98,106,237,109,242,243,116,246,119,248,249,251
259,263,264,7,268,269,274,281,283,284,155,158,32,163,166,51,58,194,68,70,71,72,76,77,79,81,84,86,87,88,89,98,99,101,106,109,110,241,243,244,116,248,121,253,254
259,261,7,264,268,269,144,275,281,283,284,158,32,51,180,188,194,68,70,71,76,79,81,84,86,87,88,92,95,121,98,101,106,109,112,241,242,243,116,244,248,249,251,253
259,263,264,268,269,272,283,284,158,31,32,163,51,58,65,66,68,71,72,74,76,205,79,80,81,210,84,86,87,88,89,91,92,98,99,100,101,109,243,116,119,253
259,261,264,11,268,269,270,275,281,283,284,158,32,163,44,51,58,68,69,71,75,205,79,81,210,85,86,87,88,89,215,94,98,106,109,110,241,242,243,116,248,250,251
256,258,259,261,7,264,9,269,270,279,281,283,284,158,32,168,51,194,68,71,75,79,81,86,87,88,89,90,121,98,99,106,109,110,241,242,243,116,117,247,248,249,250,254
259,261,264,268,269,270,275,281,283,284,158,32,163,51,58,68,69,71,75,205,81,210,84,86,87,88,89,215,94,98,106,109,110,241,242,243,116,250,251,126
261,263,264,266,268,269,275,278,283,284,158,32,163,44,51,58,68,69,71,75,205,81,210,85,86,87,88,89,215,92,94,95,98,104,106,109,242,243,116,117,250,251,253
256,259,261,263,264,7,10,268,269,272,16,275,158,32,46,51,194,68,71,73,74,79,81,84,86,87,88,216,89,91,94,102,106,109,241,242,243,116,246,251
259,261,264,268,269,274,281,283,284,155,158,32,168,51,182,195,69,75,76,205,206,81,210,87,88,89,91,98,99,101,106,109,110,241,242,243,244,115,248,122,253
259,263,264,7,268,269,270,272,276,277,282,283,284,158,163,51,194,68,70,71,72,76,77,80,81,84,86,87,88,91,92,99,100,101,106,107,109,242,244,116,117,247,121,253
259,263,264,7,268,269,272,281,283,155,158,31,163,51,194,68,70,71,72,74,76,79,80,81,84,86,87,88,89,92,95,98,99,101,106,107,109,242,243,116,121,253,255
261,263,264,268,269,272,275,281,283,158,32,168,51,187,62,68,71,202,75,76,205,77,79,208,81,210,85,86,87,88,89,92,98,101,106,109,241,242,243,244,114,116,250,251,253
256,259,261,264,268,269,274,281,283,284,158,32,163,166,168,44,51,68,71,76,77,205,79,81,210,84,86,215,87,88,89,98,99,100,101,106,109,241,242,243,244,116,126,253,254
257,258,261,264,268,269,275,278,281,283,284,158,32,163,51,313,58,68,69,71,75,205,81,210,85,86,87,88,89,92,93,94,98,106,109,241,242,243,116,117,250,251,253
261,7,264,10,268,269,270,275,281,283,284,28,158,32,168,51,188,194,68,69,71,75,79,81,210,85,86,87,88,89,94,121,98,104,106,109,242,243,116,249,250,251
256,261,7,264,268,269,141,275,281,283,284,155,158,163,51,194,68,70,71,75,76,77,81,84,85,86,87,88,94,121,98,106,109,110,113,242,243,116,246,248,249,251
256,258,259,261,5,263,264,268,269,142,275,281,283,158,32,163,51,58,68,69,71,205,79,81,210,212,86,87,88,89,95,98,101,106,109,241,242,243,244,116,248,249,251,253,127
259,264,8,268,269,142,274,275,20,21,281,283,284,157,158,36,166,168,178,51,68,71,72,76,77,80,81,84,86,87,88,91,92,99,100,101,109,241,243,244,116,118,119,253,254
261,263,264,268,269,142,275,20,281,283,157,158,32,168,51,65,68,69,79,80,81,210,86,87,88,89,98,100,101,106,109,110,241,242,243,244,116,246,118,251,253
256,261,7,264,10,268,269,270,16,275,281,282,283,158,163,51,194,68,69,70,71,73,75,81,86,87,88,91,94,121,98,106,109,241,242,243,116,117,246,248,249,251
256,261,264,268,269,16,275,283,284,158,32,163,44,51,58,68,69,71,73,74,75,205,81,210,86,87,88,89,215,91,94,98,106,109,242,243,244,116,246,248,249,251
259,263,264,265,268,269,272,146,281,283,284,158,32,163,44,51,68,69,72,76,77,205,81,210,84,86,87,88,89,215,91,98,100,101,106,107,109,241,243,244,116,119,253
256,257,259,260,261,264,268,269,274,281,283,284,158,32,163,166,44,51,58,68,71,76,77,205,81,210,84,86,87,88,89,215,98,99,106,109,241,243,244,116,248,249,253
258,259,261,264,268,269,275,278,283,158,32,163,51,180,58,68,71,75,205,81,210,85,86,87,88,89,90,92,94,95,98,104,105,106,108,109,112,242,243,116,117,249,250,251
261,7,264,269,270,144,18,275,281,283,284,155,158,163,51,180,194,67,68,70,71,75,79,81,85,86,87,88,94,96,100,101,106,109,112,242,243,116,121,251,253
261,264,268,269,275,281,283,284,158,32,163,51,309,58,60,68,69,71,330,75,205,80,81,210,84,86,87,88,89,94,98,106,109,110,241,242,243,116,248,249,250,251,253
256,259,7,264,268,269,274,275,281,283,284,155,158,32,163,166,51,194,68,70,71,72,73,74,76,205,79,81,210,84,86,87,88,89,91,99,106,109,243,244,116,246,121,251,253
259,261,264,268,269,272,275,281,283,284,158,32,163,168,51,58,68,69,71,74,75,205,81,210,86,87,88,89,120,94,98,106,109,110,241,242,243,116,248,250,251,253
257,259,261,264,268,269,274,275,22,281,283,284,158,32,163,42,51,187,68,69,71,75,76,205,79,208,81,210,84,86,87,88,89,98,106,109,241,242,243,244,116,248,251,252,253
261,264,268,269,275,281,153,283,284,158,32,163,51,182,58,68,69,71,75,76,205,81,210,84,86,87,88,89,215,94,98,106,109,110,241,242,243,116,248,249,250,251
261,264,268,269,274,275,281,283,284,158,32,163,178,51,58,68,69,71,75,205,81,210,85,86,87,88,89,215,94,98,106,109,110,241,242,243,116,248,249,250,251
259,261,263,264,268,269,272,273,274,275,281,283,158,32,163,51,58,65,66,68,69,71,205,81,210,86,87,88,89,98,106,109,241,242,243,244,116,250,251,253,254
1,259,261,263,264,137,268,269,272,281,283,284,158,32,163,51,68,69,71,72,75,76,77,205,81,210,84,86,87,88,89,91,94,98,100,101,106,107,109,241,242,243,244,116,253
261,7,264,268,269,272,275,281,283,284,155,158,32,163,51,58,194,68,69,70,71,200,75,79,81,210,86,87,88,89,94,121,98,106,109,110,241,242,243,116,248,249,250,251
261,264,268,269,274,275,281,283,284,158,32,163,168,51,191,68,69,71,75,205,81,210,85,213,86,87,88,89,92,94,98,106,109,110,241,242,243,116,117,250,251,253
261,264,268,269,270,275,281,283,158,32,163,44,51,68,69,71,73,75,205,80,81,210,84,85,86,87,88,89,215,94,96,98,106,109,110,241,242,243,116,246,248,251
7,141,142,143,144,146,155,156,157,158,160,161,292,293,164,167,295,169,36,300,301,173,303,304,177,306,307,180,309,310,311,175,179,181,51,330,208,87,302
2,135,142,144,146,147,148,18,153,154,155,157,158,160,161,32,163,294,166,296,167,298,172,173,174,175,304,178,307,180,308,306,183,184,179,51,181,330,87
141,142,144,148,149,153,154,155,157,158,159,160,162,293,166,167,171,300,301,172,175,304,305,306,179,308,307,180,183,311,182,185,193,330,203,212,87,90,95,114
141,142,146,148,149,153,154,157,158,292,293,294,167,296,166,170,299,172,300,301,303,175,304,306,307,308,178,174,311,177,179,310,184,330,171
141,142,144,146,147,148,149,153,154,155,157,158,160,161,293,294,166,296,167,298,170,300,172,171,175,174,177,306,307,308,178,180,183,179,187,330
5,141,142,144,272,146,148,150,152,153,155,157,158,160,161,293,296,170,299,300,172,301,175,304,177,306,307,308,178,179,183,180,51,330,87,98
142,144,275,148,149,154,155,156,158,160,292,293,294,167,296,169,298,295,166,170,171,303,175,172,306,307,180,309,308,311,179,51,310,184,73,330,202,87,91,174
142,271,144,148,153,155,156,157,158,160,161,292,293,294,167,169,170,299,300,172,174,303,175,177,306,307,308,180,179,183,311,51,310,184,200,330,87
141,142,16,144,146,148,150,22,151,153,152,155,157,158,159,32,160,163,165,168,41,42,299,300,43,172,302,304,47,306,178,308,307,182,183,180,51,187,71,330,208,87
7,10,142,143,144,16,155,156,157,158,160,161,163,292,293,167,295,169,297,299,300,301,172,303,304,177,306,307,180,309,310,311,175,179,181,51,194,330,81,87,173,302
141,142,144,148,149,153,154,155,158,160,292,293,294,167,295,166,170,299,300,172,301,303,175,177,306,307,308,179,310,311,309,180,184,330,87,174
141,142,144,148,153,154,155,157,158,160,161,32,163,293,294,167,166,169,298,299,300,301,172,175,173,306,307,180,178,308,183,184,179,51,181,58,330,210,87,118
142,143,144,16,281,154,155,157,158,160,161,163,293,37,167,296,39,168,299,172,300,173,303,304,175,306,307,308,179,182,183,311,178,180,51,190,330,87,118
141,142,144,146,147,148,149,153,154,155,157,158,159,160,294,167,296,166,297,299,300,172,175,304,176,306,178,307,308,180,179,184,330,87,88
141,142,144,148,150,153,154,155,157,158,160,292,293,166,167,296,295,170,299,172,300,301,303,175,174,306,307,308,179,309,183,310,180,184,330
5,141,142,144,148,153,154,155,156,157,158,160,161,292,167,296,169,168,299,172,300,170,303,304,175,306,307,180,308,173,183,311,178,179,181,330,87
142,144,146,148,149,153,154,155,157,158,160,293,294,167,296,166,297,299,300,172,302,175,301,173,178,307,180,308,306,183,184,179,181,330,87,174
4,141,142,144,146,147,148,149,153,155,157,158,159,160,161,294,169,298,299,300,172,297,175,304,170,306,178,308,309,307,180,179,54,310,330,92,105,174
141,142,144,16,146,150,151,152,153,22,155,28,157,158,159,160,161,163,165,296,168,299,300,172,302,175,304,178,306,308,307,180,183,51,179,182,72,73,330,87
141,142,144,146,147,148,149,150,152,153,154,155,157,158,159,160,293,294,166,296,167,299,300,172,301,175,174,177,306,307,308,178,179,183,180,330,87
51,142,144,16,146,148,153,155,157,158,160,161,163,294,296,169,298,170,168,172,173,175,304,174,178,307,180,306,308,183,184,179,309,181,310,330,87
141,142,144,148,153,155,157,158,292,293,166,167,295,170,299,172,300,301,303,175,304,306,307,308,309,310,183,311,177,179,180,184,330,174
128,141,142,144,148,149,153,154,155,158,160,292,293,294,167,296,166,170,299,172,300,301,175,303,174,306,179,308,307,180,183,184,51,310,330,87
10,13,275,150,151,152,22,30,158,32,159,34,35,292,165,37,167,168,300,44,46,303,304,177,306,174,308,180,175,311,179,52,199,73,202,81,88,89,94,225,237,239,246,251
3,144,19,150,151,152,154,155,157,158,159,160,161,34,163,32,37,293,167,165,41,168,43,300,173,299,172,303,46,306,179,308,175,51,311,180,313,330,87,234,111,112
142,144,146,148,149,153,154,155,157,158,159,160,161,294,166,296,167,298,299,171,172,174,175,305,178,307,180,308,306,183,184,179,51,182,330,87
135,141,142,144,148,149,150,153,154,155,157,158,160,292,293,166,167,169,170,299,172,300,301,303,175,304,306,307,308,179,173,311,180,310,184,330,87,174
7,142,143,144,148,155,156,157,158,160,161,163,164,293,294,167,169,298,297,172,173,302,303,304,177,306,307,180,179,175,183,311,178,181,51,194,330,87,88
2,141,142,144,146,147,153,155,157,158,159,160,161,293,294,167,296,299,300,172,301,175,304,174,306,307,308,178,180,183,179,51,184,181,330,87
7,269,16,144,275,148,150,151,152,281,154,155,158,159,292,37,293,167,168,165,166,172,46,303,175,306,179,308,51,182,311,180,186,73,330,81,87,94,225,237,243,251
2,7,142,143,144,148,153,155,157,158,160,161,293,294,38,296,167,298,300,173,302,175,306,307,180,308,178,183,309,179,181,51,61,330,87,93,94
5,141,142,144,148,149,150,153,154,155,158,160,292,293,166,167,169,170,299,172,173,300,303,175,301,306,307,308,304,177,183,179,180,51,310,184,330,87,174
51,141,142,144,146,148,153,155,157,158,160,32,292,293,296,297,170,299,300,172,301,303,175,304,306,307,308,178,302,183,311,179,180,181,310,330,87,88,173,174
142,144,275,147,148,149,153,154,155,156,158,160,292,293,37,167,294,169,166,171,300,173,301,303,172,177,306,179,307,180,308,311,310,51,184,330,87,174,175
129,7,141,142,144,146,153,155,157,158,160,32,161,293,294,167,296,169,298,299,300,172,173,175,304,302,306,307,308,178,180,183,184,179,181,51,311,330,87,112
7,142,143,144,146,148,149,153,154,155,157,158,160,33,161,32,163,293,294,166,296,167,298,172,173,302,175,176,174,307,180,179,181,183,184,51,58,194,330,87,108
141,142,144,146,148,153,154,155,157,158,160,161,32,163,293,166,167,171,172,301,299,300,303,173,306,179,308,307,175,183,311,180,51,181,185,58,330,210,87
1,4,142,148,150,151,153,158,159,32,162,165,294,168,41,171,172,47,175,304,50,179,51,183,55,61,193,321,323,203,209,212,85,214,87,95,232,233,114,115
7,141,142,144,146,147,153,155,157,158,159,160,161,163,294,167,296,298,299,172,300,173,175,304,306,307,308,180,178,183,179,181,51,194,330,87,110,112
257,258,262,144,145,148,149,153,154,155,157,158,160,161,34,292,293,166,295,167,297,170,171,300,172,301,303,174,175,179,180,309,310,311,312,51,318,322,324,213,87,221,225,248,249
4,141,142,144,146,147,148,150,151,152,153,155,157,158,159,160,165,167,296,41,168,299,300,172,302,175,304,306,178,308,307,179,183,51,182,62,330,211,87,99
141,142,144,148,149,153,154,155,157,158,160,32,161,293,166,167,296,298,299,300,172,301,175,304,171,306,307,178,180,308,183,184,179,51,187,330,87,174
141,142,144,146,147,148,153,155,157,158,159,160,294,169,297,299,172,300,170,175,304,174,306,307,308,180,178,309,184,179,51,310,330,87,88
5,141,142,144,148,149,150,153,154,155,157,158,160,292,293,166,295,296,167,170,299,172,300,301,303,175,304,306,307,308,174,179,183,184,180,310,330,87
128,129,130,131,132,133,134,135,136,138,139,140,10,16,275,286,288,290,291,46,323,200,73,202,329,81,213,231,123,237,246,122,251,124,126,127
128,129,130,131,132,133,134,135,136,138,139,140,144,285,286,288,289,290,291,180,56,122,123,124,125,126,127
128,129,130,131,132,133,134,135,136,138,139,140,285,286,287,288,289,290,291,37,195,234,122,123,124,125,126,127
128,129,130,131,132,133,134,135,136,137,138,139,140,275,25,286,287,288,290,291,37,46,323,200,73,202,329,81,225,231,123,237,121,122,251,124,126,127
128,129,130,131,132,133,134,135,136,138,139,140,275,285,286,288,289,290,291,231,237,239,122,123,124,125,126,127
128,130,131,132,133,135,8,137,138,139,140,136,17,21,23,27,286,289,161,291,164,168,44,178,57,192,323,208,92,122,123,124,125,127
128,129,130,131,132,133,134,135,136,138,139,140,285,286,287,288,289,290,291,122,123,124,125,126,127
128,129,130,131,132,133,134,135,136,137,138,139,140,285,286,288,289,290,291,161,37,75,76,222,234,122,123,124,125,127
128,129,130,131,132,133,134,135,136,137,138,139,140,285,286,288,289,290,291,44,63,122,123,124,125,126,127
128,129,130,131,132,133,134,135,136,138,139,140,266,285,286,287,32,289,288,291,290,323,95,122,123,124,125,126,127
128,129,130,131,132,133,134,135,136,137,138,139,140,285,286,288,289,290,291,44,122,123,124,125,126,127
128,129,130,131,132,133,134,135,136,138,139,140,275,151,286,288,290,291,165,46,50,311,73,202,81,231,123,237,239,121,122,251,124,126,127
128,129,130,131,132,133,134,135,136,137,139,140,285,286,287,288,289,290,291,168,192,323,213,214,118,122,123,124,125,126,127
128,129,130,131,132,133,134,135,136,138,139,140,285,286,287,288,289,290,291,32,39,122,123,124,125,126,127
128,129,130,131,132,133,134,135,136,137,138,139,140,285,286,288,289,290,291,122,123,124,125,126,127
128,129,130,131,132,133,134,135,136,138,139,140,285,286,288,289,290,291,122,123,124,125,126,127
128,129,130,131,132,133,134,135,136,137,138,139,140,13,285,286,287,288,289,290,291,37,168,51,64,323,87,122,123,124,125,126,127
128,129,130,131,132,133,134,135,136,137,138,139,140,285,286,287,288,289,290,291,122,123,124,125,126,127
128,129,130,131,132,133,134,135,136,137,138,139,140,285,286,287,288,289,290,291,37,48,56,323,221,107,122,123,124,125,126,127
128,129,130,131,132,133,134,135,136,137,138,139,140,285,286,288,289,290,291,37,323,198,222,234,122,123,124,125,126,127
128,129,130,131,132,133,134,135,136,138,139,140,278,285,286,288,289,290,291,54,203,210,83,215,240,122,123,124,125,126,127
128,129,130,131,132,133,134,135,136,266,139,140,138,285,286,288,289,290,291,173,189,70,199,201,217,121,122,123,124,125,127
128,129,130,131,132,133,134,135,136,137,139,140,17,23,27,286,288,289,290,291,44,178,57,63,197,122,123,124,125,126,127
128,129,130,131,132,133,134,135,136,138,139,140,266,285,286,288,289,290,291,37,121,122,123,124,125,126,127
128,129,130,131,132,133,134,135,136,138,139,140,285,286,287,288,289,290,291,37,49,315,62,323,200,212,87,221,230,122,123,124,125,126,127
128,129,130,131,132,133,134,135,136,137,138,139,140,285,286,287,288,289,290,291,44,122,123,124,125,126,127
128,129,130,131,132,133,134,135,136,137,138,139,140,285,286,288,289,290,291,238,122,123,124,125,126,127
128,129,130,131,132,133,134,135,136,138,139,140,275,285,286,287,288,289,290,51,200,87,231,237,251,122,123,124,125,126,127
128,129,130,131,132,133,134,135,136,266,139,140,138,285,286,288,289,290,291,173,53,189,199,201,207,217,121,122,123,124,126,127
128,129,130,131,132,133,134,135,136,137,138,139,140,285,286,287,288,289,290,291,37,56,57,64,323,122,123,124,125,126,127
9,27,158,32,43,51,312,313,186,314,187,317,189,190,192,320,191,323,324,194,326,327,200,198,202,197,204,199,201,205,208,207,209,210,212,213,214,87,215
138,275,158,51,312,313,314,187,186,317,319,191,192,322,323,324,194,197,327,200,329,202,73,199,201,205,206,208,207,209,210,212,213,214,87,215,216,231,237,239
43,312,313,186,314,187,317,318,190,192,320,322,323,324,191,198,327,200,326,194,195,197,199,201,202,208,205,206,207,80,213,214,209,210,212,215,216,225
9,158,186,43,51,313,314,187,316,317,189,190,320,192,191,323,324,194,198,327,200,326,197,203,199,201,202,205,208,206,207,209,210,213,214,212,87,215,216,234
256,260,145,158,287,51,312,313,314,315,187,317,318,319,192,191,322,323,324,194,197,327,200,328,202,199,201,205,207,208,209,210,213,214,87,215,221,225
158,32,43,51,312,313,186,314,187,317,189,190,192,320,191,323,324,194,326,327,200,198,197,199,204,205,201,202,208,207,209,210,212,213,214,87,215,216
256,257,258,158,186,51,312,313,314,187,315,317,318,319,190,191,322,323,324,194,197,327,200,328,199,72,201,202,74,205,208,207,209,210,212,213,214,87,215,221
138,10,275,158,51,312,313,186,187,191,322,323,324,194,197,327,200,73,202,329,199,201,205,207,208,81,209,210,212,213,214,87,215,216,231,237,239,246,251
138,275,158,32,51,312,313,186,187,315,317,191,192,319,322,323,324,194,326,327,200,329,202,73,197,199,201,205,208,207,209,210,212,213,214,215,87,237
9,266,32,167,313,186,315,314,189,187,317,192,190,191,323,194,322,197,199,200,201,327,202,204,326,205,207,208,209,210,213,214,215,217
158,49,51,313,186,315,187,188,317,319,192,191,66,323,195,197,322,194,328,199,202,201,204,205,207,208,209,210,211,213,214,215,216,87,217,230,245,126
138,275,152,158,51,312,313,314,187,186,317,191,192,322,323,324,194,326,327,200,329,202,73,197,199,72,201,208,205,78,207,209,213,214,210,87,215,94,231,237
9,158,32,43,51,313,314,187,188,317,189,190,192,191,186,323,324,194,198,327,200,201,202,199,197,205,207,208,209,210,212,213,214,87,215,216
9,266,167,51,313,186,314,187,189,317,190,192,191,319,323,194,197,70,199,327,201,200,202,204,205,207,208,209,210,213,214,87,215,217,121
158,32,186,190,51,313,314,187,316,315,318,319,192,188,322,323,324,317,326,327,200,329,202,191,197,199,328,201,208,194,205,207,209,213,214,210,82,87,215,94
256,258,262,134,267,158,51,312,314,315,187,186,318,191,192,319,322,323,324,194,197,199,200,328,202,201,205,207,208,209,210,80,212,213,214,215,88,87,245,122
18,275,158,37,41,51,312,313,314,187,186,190,318,191,322,323,324,194,198,327,200,326,67,197,199,201,202,205,208,207,209,210,213,214,87,215,221,96,225,106
158,32,51,313,186,187,316,314,315,188,192,320,317,323,324,197,326,327,200,191,194,199,204,205,201,202,208,209,207,210,212,213,214,87,215,216
43,312,313,314,186,187,316,317,191,320,192,189,323,324,194,326,327,200,198,202,195,204,205,197,199,208,201,206,207,209,213,214,210,212,215,216
158,43,51,312,313,186,314,187,317,190,191,192,320,194,323,324,197,198,327,200,326,199,203,201,202,205,206,208,209,207,210,212,213,214,87,215,216,234
158,32,186,43,51,312,313,314,315,187,189,188,317,192,190,322,323,324,191,326,327,200,198,202,194,197,199,201,204,208,205,207,209,210,213,214,215,87
9,148,158,176,51,313,186,315,314,187,188,317,192,191,194,323,195,197,326,327,200,198,199,201,204,205,202,207,208,209,210,211,212,213,214,87,215,216
2,6,9,158,38,43,51,313,314,187,186,189,317,190,320,192,191,323,194,197,326,327,200,201,199,202,205,207,208,209,210,212,213,214,87,215,216,222,234
137,13,290,51,182,313,186,187,315,314,59,317,192,191,189,323,318,197,326,194,328,200,195,199,204,205,201,202,208,207,81,211,210,209,214,213,87,215,107
158,32,43,51,312,313,186,314,187,189,316,317,192,320,190,323,324,197,198,327,200,326,191,194,199,201,202,205,208,207,209,210,212,213,214,87,215,216
13,158,31,289,51,313,186,315,314,187,188,317,192,320,190,323,191,197,326,327,200,194,199,201,204,205,202,207,208,209,210,211,213,214,87,215,216,217
138,267,18,275,51,313,314,315,187,191,192,194,323,324,67,197,198,200,329,202,199,201,205,207,208,80,209,210,213,214,215,88,87,96,225,100,101,246
16,278,158,163,168,51,187,191,192,321,193,195,196,323,63,194,197,199,201,203,202,204,206,205,208,209,210,83,212,85,214,215,207,213,87,111,240,112
278,158,51,312,186,187,190,191,321,193,195,196,323,324,194,200,197,199,203,201,202,206,205,208,209,210,83,212,85,207,215,213,87,89,216,111,240,112
138,145,275,158,51,312,313,314,315,187,186,191,319,322,323,324,194,197,327,200,329,202,73,199,201,205,207,208,209,210,212,213,214,87,215,216,231,237,251
135,138,10,275,158,37,46,51,311,312,186,187,191,322,323,324,194,197,71,200,73,202,329,199,201,205,206,208,81,207,210,209,213,212,87,215,216,231,237,239,251
2,137,13,290,166,53,186,187,315,59,317,191,192,194,323,196,197,326,68,328,199,201,202,204,205,208,209,210,211,213,214,215,216,103,107
43,313,314,186,187,317,190,191,320,192,189,323,324,197,326,327,198,200,194,195,204,205,199,201,208,202,206,207,209,213,214,210,212,215,216,234
16,277,32,163,168,51,54,186,187,61,191,192,63,194,323,196,325,197,199,201,202,204,205,206,207,208,209,210,213,214,87,215,89,93,97,228,109,120
7,156,158,43,51,312,313,314,187,186,189,317,190,192,320,322,323,324,191,198,327,200,326,194,203,197,199,328,201,208,202,205,207,209,213,214,210,87,215,216,225
138,10,275,28,158,37,43,46,51,312,313,186,187,188,317,191,194,323,324,197,198,327,200,329,202,73,199,201,205,207,208,81,209,210,212,213,214,87,215,216,237,251
9,158,41,43,313,314,187,186,317,190,191,192,194,323,195,196,326,198,200,328,197,203,199,201,206,202,208,77,210,205,212,207,214,209,213,87,215,216,220
138,10,275,158,37,40,42,177,51,311,312,313,187,188,189,318,191,322,323,324,194,197,327,200,329,202,73,199,201,205,207,208,81,209,210,213,87,215,237,239,251
158,186,51,312,313,314,315,187,317,190,191,318,319,322,323,324,194,198,327,200,328,326,197,199,201,202,205,208,207,209,210,212,213,214,87,215,216,221,225
158,51,312,313,314,187,186,317,318,189,192,190,322,323,324,191,198,327,200,326,194,197,199,201,202,205,208,206,210,207,212,213,214,215,209,87,216
25,158,32,43,51,312,313,314,186,316,187,188,317,320,192,190,323,324,191,326,327,200,198,194,197,199,205,201,202,208,207,209,210,212,213,214,87,215,216
9,158,43,51,313,314,187,60,189,317,190,191,193,186,323,324,194,197,327,200,201,199,202,205,207,208,209,210,212,213,214,87,215,216,222,234
18,158,159,34,163,41,51,313,314,187,190,191,322,323,324,68,198,327,200,194,67,203,197,199,206,78,208,201,202,205,212,85,214,213,207,209,210,215,87,221,96,225
13,158,31,168,51,313,186,187,315,188,317,191,192,64,194,323,197,326,198,200,199,202,201,204,205,207,208,209,210,211,212,213,214,87,216,215
148,158,176,51,313,186,315,314,187,188,319,192,317,191,323,194,197,326,327,200,199,201,202,204,205,206,207,208,209,210,211,212,213,214,87,216,215
158,43,51,313,186,314,187,189,316,317,192,320,190,323,324,191,326,327,200,198,329,202,197,199,328,201,208,194,205,207,209,213,214,210,87,215,94
158,163,51,52,313,314,187,186,317,189,190,320,191,194,323,324,197,198,327,200,326,199,203,201,202,206,205,208,209,207,210,212,213,214,215,87,216
9,158,32,51,313,314,186,187,188,318,317,192,320,322,323,324,190,326,327,200,191,202,194,204,205,197,199,208,201,207,209,210,213,214,87,215,98
138,275,158,51,311,312,313,186,187,191,322,323,324,194,326,327,200,329,202,73,197,199,201,205,208,81,207,209,210,213,214,212,215,87,216,231,237,239,251
0,3,12,158,289,60,312,313,314,187,315,317,190,319,192,318,322,323,324,195,191,327,200,328,194,325,197,199,201,202,208,205,210,209,213,214,215,85,87
138,275,158,51,312,313,314,186,187,318,319,191,192,322,323,324,194,197,327,200,329,202,73,199,201,205,206,208,81,207,209,210,213,212,87,215,216,231,237,239,251
138,275,158,51,311,312,313,186,187,318,319,191,192,322,323,324,194,197,327,200,329,202,73,199,201,205,206,208,81,207,209,210,213,212,87,215,216,231,237,239,251
256,257,258,158,51,312,313,314,315,187,186,318,319,192,191,322,323,324,194,197,327,200,328,199,201,202,205,206,207,208,209,210,212,213,214,87,215,216,221,225
158,32,186,43,51,312,313,314,187,316,317,190,191,320,192,322,323,324,197,198,327,326,200,194,325,199,205,201,202,208,207,209,210,212,213,214,87,215,216
313,314,187,188,317,190,191,192,186,194,323,195,324,198,327,200,326,202,328,197,199,206,201,208,209,210,205,207,213,214,212,215,216,87
158,32,43,51,313,314,186,187,317,188,189,320,192,190,323,324,191,198,327,200,326,199,194,197,205,201,202,208,207,209,210,212,213,214,87,215,216
158,32,43,51,313,186,314,187,317,189,190,320,192,191,323,324,194,326,327,200,198,201,197,204,199,202,207,208,205,209,210,212,213,214,87,215,216
275,158,51,313,314,187,186,189,317,190,191,194,323,324,325,198,327,200,326,329,203,202,197,206,199,208,201,205,207,212,213,214,209,210,87,215,216
138,158,51,312,313,314,187,186,315,188,319,192,317,322,323,324,191,194,327,200,329,202,197,199,201,75,76,208,205,207,209,210,213,214,212,216,87,215
275,32,39,47,48,51,312,313,314,187,186,315,318,317,192,190,322,323,324,191,326,198,200,327,194,197,204,205,199,201,208,202,209,210,213,214,215,87
138,266,158,37,51,53,313,314,187,186,317,189,190,191,192,322,323,324,194,197,199,200,201,327,202,329,205,206,207,208,209,210,212,213,214,87,215,216,237
9,158,32,43,51,313,314,187,186,317,190,191,192,320,194,323,324,197,198,327,200,326,202,329,199,201,205,207,208,209,210,212,213,214,87,215,216,222,234,238
32,51,182,313,314,187,186,315,188,317,192,318,191,323,324,189,326,327,200,328,202,198,204,205,197,199,208,194,201,207,209,213,214,210,215,87,71
18,32,168,51,313,186,187,314,315,188,317,192,191,322,323,324,189,326,327,200,194,202,67,204,205,197,199,208,201,209,210,213,214,215,87,221,96,71
128,22,32,163,42,313,186,314,187,188,317,190,192,191,321,323,195,197,326,327,200,198,202,194,204,205,206,199,208,209,201,210,213,214,215,87,123
261,270,15,275,158,51,312,313,314,186,187,190,318,191,322,323,324,194,197,327,200,328,199,201,202,205,207,208,209,210,212,213,86,214,87,215,216,106,242,116
13,158,31,172,313,186,187,317,189,191,192,66,323,195,197,326,327,200,194,199,201,204,205,202,207,208,209,210,211,213,214,215,216,217,87,124
158,34,186,51,312,313,314,315,187,317,318,191,192,320,322,323,324,319,194,327,200,328,197,199,201,202,205,206,208,207,209,210,212,213,214,87,215,216,221,225
158,43,51,313,314,187,186,317,189,190,320,192,191,323,324,194,326,327,200,198,197,203,199,201,202,205,208,209,210,206,212,213,214,207,87,215,216
205,16,158,163,168,51,313,314,187,317,190,191,63,321,193,323,196,195,198,327,200,324,194,203,197,199,206,201,208,209,210,202,212,204,214,215,207,213,87,89
275,158,43,51,313,314,187,188,317,190,191,192,320,186,323,324,189,198,327,200,326,202,329,197,199,328,201,208,194,210,205,207,213,214,209,212,87,215,216
138,10,275,158,51,311,312,313,186,187,318,191,322,323,324,194,197,327,200,73,202,329,326,199,201,205,208,81,207,209,210,213,214,212,215,87,216,237,239,251
138,10,275,158,51,312,313,186,187,189,318,191,319,322,323,324,194,195,197,200,329,202,73,199,201,205,207,208,81,210,211,209,213,214,87,215,231,237,239,251
158,32,43,51,53,313,314,186,187,317,189,190,192,191,194,323,324,197,326,327,200,198,329,202,204,205,199,201,208,207,209,210,213,214,215,87,118
158,51,313,314,187,186,317,190,191,192,193,321,195,196,323,324,327,200,194,197,203,199,201,206,202,208,209,210,205,212,207,214,215,213,87,216,240
9,158,51,313,314,187,186,189,317,190,192,191,194,323,197,198,327,200,326,199,203,204,201,202,205,208,209,210,206,212,213,214,85,207,87,215,216
18,282,158,51,313,186,187,314,315,317,189,192,191,194,323,196,197,195,67,200,199,74,202,204,205,206,201,208,209,207,210,212,213,214,87,215,221,96,124
256,145,158,287,51,312,315,187,318,190,319,193,194,322,324,325,323,327,200,191,197,203,199,201,206,202,208,209,205,207,212,213,214,215,210,87,221
266,158,32,36,167,43,173,53,313,314,187,189,317,190,191,194,323,197,70,199,200,201,327,202,205,207,208,209,210,213,215,87,217,222,234,117,121
9,158,32,313,186,187,314,315,188,317,192,191,194,323,195,197,326,327,200,199,202,201,204,205,207,208,209,210,213,214,215,87,217,221,124
