0,1,130,5,133,7,134,13,276,22,26,282,27,30,32,34,35,37,170,43,44,306,52,313,316,191,320,324,69,198,199,201,88,218,219,222,95,229,230,231,232,238,240,243,117,249
2,261,6,7,138,266,12,269,275,276,26,283,28,31,34,42,46,47,56,61,324,68,69,71,329,79,80,81,84,86,87,88,89,91,219,221,92,98,106,236,237,109,116,247
130,3,131,6,136,9,12,16,17,22,24,287,288,289,290,293,166,167,43,172,47,50,179,308,55,58,187,316,317,63,320,198,327,328,200,220,222,224,226,230,233,234,236,238,117,123
258,3,4,131,6,7,10,11,12,145,22,287,32,31,34,163,38,40,297,42,46,47,48,50,53,56,57,315,60,61,322,67,71,205,213,89,219,221,229,230,236,237,245,122
0,130,5,6,136,13,20,23,24,26,30,32,33,35,36,37,40,43,44,45,47,49,51,52,54,55,313,57,316,317,62,320,64,66,198,200,218,219,220,222,224,229,230,231,234,238,243,117,252
257,258,129,260,4,262,3,10,12,16,22,24,281,285,287,34,39,42,43,47,310,55,58,315,317,318,63,322,324,198,213,89,221,223,229,230,233,239,240,245,118,248,122
0,130,5,6,9,13,30,32,37,38,43,44,45,46,50,51,52,54,313,187,316,60,62,320,66,69,198,327,88,219,222,224,228,229,230,105,234,237,238,240,117
0,1,130,3,2,5,13,15,17,19,21,23,24,281,26,27,158,30,32,33,163,37,42,43,44,45,51,54,55,313,320,64,69,198,222,94,224,225,229,233,234,106,238,239,243,117,121,251,252
4,5,134,6,8,136,10,9,16,22,23,24,35,293,166,167,40,41,43,46,47,50,179,53,55,58,187,317,191,320,63,198,199,200,327,220,222,224,226,232,234,238,239
0,2,3,5,6,8,265,137,13,144,19,20,281,284,157,160,289,290,39,41,42,299,43,175,50,54,58,59,317,64,66,198,204,205,218,223,227,230,231,233,238,118,119,253
128,1,261,6,5,135,12,13,19,147,23,155,32,37,297,44,45,176,51,54,184,61,63,321,193,323,195,66,203,206,209,210,87,215,92,222,224,228,230,232,105,234,109,237,112,114,115,122
0,257,258,1,260,5,262,261,12,13,16,17,19,22,27,30,288,32,34,33,35,37,43,44,47,52,310,312,318,64,322,324,213,89,218,222,224,229,230,232,233,236,238,248
257,258,260,5,262,267,12,13,145,30,287,32,33,34,37,295,43,44,45,51,52,310,54,312,315,317,318,62,64,322,66,89,218,221,222,224,225,228,229,230,233,105,234,236,237,245,248,122
4,5,9,10,138,140,266,16,275,276,22,26,28,34,42,43,46,303,54,311,58,59,63,320,66,199,329,73,202,81,218,219,91,222,224,230,231,233,234,237,238,239,246,251
128,1,0,3,261,8,138,12,13,142,16,19,22,23,27,30,32,33,34,35,43,44,47,52,54,59,60,61,63,64,321,194,324,325,87,218,92,226,227,228,229,232,233,109,238,117,120
0,130,3,4,5,136,12,16,17,19,22,279,24,26,34,39,42,43,47,175,55,316,317,63,320,324,198,207,218,223,100,101,229,231,233,238,239,117,252
130,261,5,6,136,9,138,10,13,271,21,26,30,32,34,37,43,44,45,177,50,51,52,54,55,57,187,62,320,66,324,198,329,222,224,226,228,230,231,234,237,238,239,243,246,251
0,257,130,258,260,5,262,261,134,12,13,142,20,26,157,30,32,34,37,39,43,44,174,175,49,50,51,54,312,313,317,318,66,324,89,222,224,225,229,230,233,234,235,237,243,245,249
256,257,258,5,6,7,267,12,145,287,31,34,38,295,297,46,47,48,50,53,56,57,315,60,61,319,322,67,324,71,328,329,72,213,89,219,221,97,229,230,236,122
5,135,138,10,140,11,266,13,16,275,276,20,160,32,33,292,37,36,40,43,44,45,303,49,51,53,54,64,66,73,74,81,84,91,219,221,222,224,228,230,231,234,236,237,239,246,126
130,3,5,6,136,9,10,17,18,277,24,38,43,47,50,54,55,313,58,187,60,59,63,320,66,198,200,218,220,222,224,226,100,229,230,231,232,233,234,238,121
0,1,3,4,134,135,10,138,140,12,11,271,16,15,17,275,22,24,26,27,28,34,163,39,42,43,46,47,55,63,327,329,73,81,216,91,223,231,233,234,237,239,246,251
128,1,129,132,5,6,7,12,19,278,23,154,285,31,162,38,50,53,56,57,60,61,63,321,195,196,67,206,209,83,215,92,223,230,105,236,111,240,112,114,115,117,122
261,6,263,264,269,273,274,279,281,283,32,39,41,307,308,313,69,328,330,79,81,84,87,89,97,98,99,230,106,109,241,243,117,248,123,252,253,254
130,5,261,263,264,268,141,269,271,273,277,300,47,177,305,308,313,188,68,69,75,77,81,84,87,89,248,97,98,123,109,127,241,242,243,246,120,249,251,252,253,255
0,257,5,261,264,10,269,273,275,279,281,26,283,32,292,312,313,322,324,69,75,79,81,84,87,89,120,97,98,249,106,109,239,241,243,246,248,121,251,252,253,254
257,6,8,11,12,269,17,274,21,22,27,283,32,166,40,297,42,47,178,182,57,187,188,192,323,69,326,71,202,77,79,208,87,216,89,99,114,244,245,246,253
257,258,260,261,262,5,136,267,12,269,11,271,274,22,283,32,34,305,315,188,187,192,323,69,326,71,202,77,208,81,214,87,89,98,229,109,114,244,245,249,123,253,254,127
257,5,134,135,261,10,138,267,269,16,275,276,26,306,51,311,324,68,69,198,71,73,329,202,80,81,83,84,86,87,88,89,91,102,103,237,109,239,111,116,246,247,248,251
257,258,259,261,7,267,268,269,15,275,276,278,280,283,291,65,324,68,70,71,72,73,74,76,79,80,84,86,119,87,219,91,92,93,100,102,103,105,106,237,111,242,116,117,246,247,121,253
256,257,258,260,261,262,264,267,269,276,283,32,34,310,318,324,69,200,73,75,79,81,84,87,89,92,120,97,98,229,106,109,110,241,114,243,245,246,248,249,251,252,253,254
256,257,130,259,260,5,262,258,131,261,264,267,269,271,274,276,43,312,317,318,322,324,69,200,81,84,213,87,89,97,98,100,109,243,245,117,247,248,249,122
128,260,261,135,264,263,269,270,277,278,171,63,193,321,69,73,75,81,83,212,85,84,87,89,90,92,93,94,95,248,97,98,104,107,109,112,114,115,243,117,120,249,250,251
260,261,134,135,263,264,138,10,266,140,269,271,270,16,275,283,292,303,311,322,69,73,74,329,202,75,81,84,87,89,91,248,97,98,249,231,237,109,239,243,246,120,121,250,251
263,264,265,269,273,276,281,283,284,289,39,41,304,50,308,317,66,69,72,328,79,87,217,89,227,100,230,106,107,241,243,117,119,252,253,254
263,264,265,269,273,274,276,280,281,283,284,289,41,42,302,50,182,66,69,72,77,79,81,87,217,90,247,227,99,106,107,109,241,243,119,252,253,254
263,264,265,267,269,273,274,275,276,279,280,281,282,283,284,39,42,47,48,51,308,185,68,69,70,71,72,328,330,79,80,86,119,88,218,230,106,111,241,243,116,117,246,247,121,252,253,254
128,130,261,134,263,264,265,266,268,269,14,282,283,284,41,43,177,190,324,325,69,71,73,75,81,84,87,88,89,90,91,92,248,97,98,100,101,107,109,110,241,114,243,117,120,249,255
256,130,261,264,269,143,271,273,274,276,277,279,281,26,283,30,32,43,313,314,316,62,320,324,69,76,79,81,84,87,89,224,98,106,109,110,241,243,116,117,248,249,252,253,254
256,257,258,259,260,261,262,10,267,13,271,20,278,22,30,287,32,34,35,37,167,297,44,45,52,312,318,64,322,199,200,73,201,213,88,89,93,229,230,231,245,246,248,122
256,257,258,260,261,262,10,267,12,269,13,145,276,20,278,22,30,287,32,34,35,37,295,44,45,180,52,310,312,57,318,64,322,324,199,200,201,213,88,89,93,229,230,245,248,122
256,257,258,259,260,5,262,261,267,269,271,145,275,278,287,34,295,310,312,315,318,319,322,324,69,81,213,87,89,98,230,108,109,245,248,249,122
256,257,258,131,260,261,262,267,12,269,275,281,283,34,39,47,48,310,312,185,317,318,322,324,69,81,213,87,88,89,229,230,109,245,248,249,122,252
256,257,130,258,260,261,262,5,264,267,269,270,271,273,277,278,279,281,283,32,43,310,324,69,79,81,87,89,93,98,234,106,109,241,243,245,246,248,249,251,252,253,254
256,257,258,131,260,261,262,264,267,269,271,287,34,310,318,322,324,69,203,81,84,213,87,89,98,229,230,109,239,112,243,245,246,248,249,122,251
259,3,260,263,264,266,268,270,272,276,278,280,25,31,47,48,65,66,69,328,74,211,87,119,99,100,101,232,123,109,241,247,253,250,251,124,125,254
130,260,261,263,264,269,141,270,273,276,277,279,283,32,43,313,314,316,320,324,69,79,81,86,87,89,96,98,106,109,241,243,117,248,249,250,251,252,253,254
2,265,266,12,269,276,279,283,284,286,289,39,41,42,299,302,50,66,68,69,70,199,72,201,71,79,209,254,213,86,217,90,227,103,106,111,116,117,119,121,253,126
2,263,265,266,10,276,160,35,36,167,173,49,53,181,189,62,324,69,70,71,199,73,201,74,207,81,84,213,88,217,89,91,92,97,98,237,109,114,246,121,251,253
256,257,258,131,260,261,262,267,269,271,275,276,287,288,34,51,310,312,184,318,324,69,80,81,213,87,88,89,97,229,230,103,243,245,246,247,248,249,122
259,261,263,264,266,268,269,272,276,31,41,47,48,313,66,324,69,74,81,211,84,87,89,92,97,98,99,100,232,109,242,252,247,248,124,125
256,264,11,12,269,274,275,276,281,283,32,163,39,42,47,48,307,185,315,187,69,326,71,72,330,202,76,77,208,214,114,244,245,121,253,254
256,257,258,260,261,262,5,263,264,267,269,270,271,277,282,310,312,318,324,69,81,213,86,87,89,98,122,234,109,239,243,245,246,117,248,249,250,251
256,257,258,261,262,134,263,264,10,267,12,269,142,271,275,43,177,323,69,200,73,75,81,84,87,88,89,120,92,97,98,229,230,234,107,109,239,242,243,245,246,248,249,251
3,259,263,268,272,276,31,168,48,177,313,66,68,70,71,74,79,211,86,87,91,121,99,100,101,232,106,109,110,111,116,117,246,247,253,122,124,125
3,263,264,12,269,273,279,281,283,288,47,176,304,307,308,68,69,198,328,77,79,81,86,87,88,220,225,233,106,109,241,243,116,117,118,252,253,254
256,0,259,6,263,11,268,269,142,274,19,20,283,157,32,39,42,47,175,178,192,66,323,71,72,77,78,208,82,83,214,90,94,96,225,99,102,103,108,113,114,244,245,253,254
135,10,138,140,269,16,275,276,281,26,36,39,172,303,47,48,311,185,317,189,322,69,200,73,329,74,202,328,205,81,209,210,84,87,216,88,215,91,231,237,109,239,246,247,251
7,10,138,269,275,276,280,283,289,168,68,69,70,71,72,73,74,76,77,79,84,86,87,216,119,219,91,92,95,100,101,102,105,106,237,110,111,116,117,246,247,121,253
128,130,261,264,269,277,283,43,54,63,69,73,75,81,83,84,85,86,87,88,89,91,92,222,248,121,97,98,100,105,106,234,107,109,110,243,115,117,116,120,249,250,251,252,254
128,0,1,261,263,264,141,269,19,278,281,283,27,51,185,61,321,193,69,72,75,81,210,83,212,85,84,215,87,89,90,92,94,248,97,98,105,109,111,112,240,114,115,117,120
0,3,264,269,142,273,274,20,279,281,26,283,157,162,165,39,170,43,301,47,175,178,314,316,191,320,324,69,68,71,79,210,84,86,225,227,104,106,110,241,116,117,118,249,252,253,254
130,5,262,261,264,141,269,273,276,277,279,280,281,26,283,32,43,306,324,69,79,81,87,216,89,218,98,105,106,109,241,243,244,117,246,119,248,249,252,253,254
0,133,263,265,269,142,273,274,145,276,275,20,279,281,283,285,157,159,165,39,42,47,175,178,195,69,198,71,72,204,79,89,90,247,223,225,227,230,124,241,117,245,119,118,252,253,254
130,3,259,5,134,262,138,10,269,271,276,280,26,282,27,41,42,43,177,306,55,65,323,324,68,70,71,200,76,79,84,86,87,218,91,219,95,100,105,106,108,237,109,111,116,117,246,247,121,253
264,269,274,276,283,32,296,42,47,307,315,187,188,191,324,69,326,71,72,330,202,77,208,213,214,105,106,241,114,243,244,245,251,253,254
130,5,261,264,269,273,276,279,281,282,26,284,283,32,43,308,182,313,316,191,324,69,79,81,84,87,89,218,98,106,109,110,241,243,246,248,252,253,254,255
128,129,130,131,132,261,134,5,133,135,138,136,137,139,140,19,278,285,286,287,288,289,290,291,43,171,190,63,321,193,324,203,83,212,85,223,240,112,117,122,123,124,125,126,127
128,129,2,130,131,132,133,134,135,265,137,136,138,139,140,148,285,286,287,288,289,290,291,39,296,169,42,172,173,47,178,52,181,55,56,70,72,201,205,122,123,124,125,126,127
128,257,130,131,258,129,134,5,262,260,137,267,132,133,135,136,138,139,140,285,286,287,288,289,34,290,291,324,89,220,229,230,236,248,122,123,124,125,126,127
128,129,130,131,132,5,134,3,136,137,133,139,135,141,138,140,285,286,287,288,289,290,291,43,177,308,320,220,229,122,123,124,125,126,127
128,130,131,132,133,134,135,263,137,265,136,268,138,139,140,276,285,286,287,31,289,290,291,288,41,48,66,209,211,86,217,99,116,125,119,122,123,124,253,126,127
128,129,130,131,132,133,134,135,136,137,138,139,140,276,280,153,285,286,287,288,289,290,291,294,39,170,55,59,218,100,101,103,233,107,119,122,123,124,125,126,127
128,129,130,259,131,133,5,263,135,137,132,134,268,136,138,139,140,285,286,31,287,289,290,291,288,41,48,58,66,211,218,100,232,119,122,123,124,125,126,127
135,10,138,142,16,145,275,276,147,148,149,153,154,156,158,292,167,295,170,299,172,171,174,303,175,177,306,307,308,309,310,311,179,184,330,91,231,237,243,246,251
141,144,145,147,148,149,153,154,156,157,158,292,293,294,167,295,169,297,299,296,166,174,303,304,177,172,171,308,309,175,179,184,307,310,190,330,170,110,123
130,141,144,147,148,150,153,282,155,157,158,159,160,161,165,294,167,296,293,297,299,171,170,172,175,304,305,306,307,308,301,174,179,180,181,184,330,173,110
257,258,260,262,267,142,143,145,148,149,153,154,158,287,34,292,295,168,297,167,299,170,172,171,175,174,303,177,307,308,309,310,179,184,318,322,330,89,229,230,110,245,248,122
141,142,143,144,145,146,147,148,149,153,155,156,157,158,160,161,293,294,295,296,167,170,299,297,172,174,175,302,301,178,307,308,309,180,177,184,179,181,330,82,173
257,258,260,262,267,144,145,155,157,158,287,32,160,34,161,292,164,293,295,294,297,167,296,170,169,172,303,301,173,175,307,178,309,310,179,312,180,181,322,330,88,89,221,229,230,243,245,248
141,142,144,145,146,147,148,149,276,153,154,155,156,157,158,160,161,293,167,296,169,298,299,300,170,174,302,304,172,178,307,180,308,309,175,184,179,181,330,171,173
141,142,143,144,145,147,148,149,153,154,283,156,158,160,292,294,295,296,297,170,299,167,172,302,175,173,174,178,307,308,309,303,310,184,179,330,171,227,253,126
141,144,145,147,148,149,150,152,153,154,155,156,157,158,159,292,293,294,166,296,167,298,299,300,171,302,175,304,177,305,307,308,309,178,174,184,306,179,180,310,330,172,99
128,0,141,144,146,147,149,22,155,157,158,160,163,164,293,294,296,168,297,171,172,301,170,169,304,305,178,179,306,302,175,180,181,71,330,203,76,75,94,95,173,104,250,124
265,142,143,144,145,146,147,148,155,156,157,158,160,161,164,294,167,296,169,170,299,297,173,302,175,176,172,178,301,304,309,179,180,184,181,65,66,330,90,255
10,138,141,142,145,147,276,148,156,158,30,32,35,292,166,167,295,297,170,299,172,174,303,175,177,307,308,309,310,311,184,183,179,52,329,330,84,231,237,251
141,142,143,144,145,146,147,149,155,156,157,29,158,159,161,160,164,293,166,36,296,297,298,42,299,169,174,301,304,302,178,307,180,308,309,175,179,181,59,197,330,208,173,110
130,5,141,142,143,144,146,147,150,282,154,155,157,158,159,160,161,165,294,167,296,170,299,172,300,302,174,304,305,178,306,308,307,175,179,180,186,330,98,127
0,130,5,135,10,141,142,144,145,147,276,148,149,150,152,153,26,27,154,155,158,292,166,167,296,170,171,300,172,174,175,304,177,306,178,179,180,310,55,184,324,330,82,218,246
141,142,269,145,146,147,148,149,153,154,283,158,164,292,294,295,296,297,42,299,170,167,172,175,304,171,178,307,308,309,174,303,184,310,179,328,330
263,141,142,145,146,147,148,149,153,154,158,290,292,294,295,296,297,170,299,300,167,172,175,304,177,178,307,308,309,174,303,184,310,179,328,330,171,100,241
141,142,144,145,147,148,155,156,158,160,161,292,294,295,296,297,170,299,169,300,302,175,174,177,178,307,308,309,303,305,184,180,310,179,328,330,172
257,258,260,262,267,141,142,145,148,149,153,154,155,158,287,34,292,166,295,167,297,170,299,172,171,174,175,303,177,179,307,309,310,308,312,184,318,322,324,330,89,229,230,248,122,251
135,138,10,140,142,16,145,144,275,276,146,148,23,26,155,156,157,158,160,161,292,167,297,169,170,172,173,303,175,177,49,178,179,180,181,311,73,329,330,81,216,91,231,237,239,246,251
257,258,260,10,138,275,34,43,310,312,186,187,315,317,318,319,191,322,194,324,197,199,200,328,201,202,204,205,206,207,208,209,210,212,213,215,216,229,103,239,243,245,248,249
263,268,31,289,47,48,313,186,187,316,317,191,320,321,66,323,195,196,192,327,200,194,74,197,199,201,202,328,205,209,206,211,207,208,210,212,216,213,215,99,124,125,126
186,43,60,47,313,314,187,188,317,316,189,320,193,191,323,324,325,198,327,200,328,201,199,329,319,192,326,208,194,210,202,205,213,214,206,207,209,212,215,216,197
257,12,13,22,283,30,287,32,34,35,44,52,312,187,315,317,318,319,192,322,323,324,194,326,71,328,200,199,201,202,205,208,209,210,213,214,215,89,221,230,236,245,122
26,162,165,47,313,314,186,187,317,316,189,320,321,190,191,324,196,198,327,328,200,199,194,204,197,201,202,208,209,76,205,207,213,210,212,214,215,216,222,96,117
257,14,287,34,312,186,315,187,189,316,317,320,318,322,323,324,319,198,71,328,200,329,199,191,197,201,202,205,194,206,207,208,213,209,210,212,89,215,216,217,230,236,122
257,258,260,262,156,287,34,36,164,169,181,312,315,187,317,318,319,191,320,322,323,324,194,195,197,200,328,329,203,199,201,202,205,207,208,81,210,211,213,209,215,89,229,230,245,248,122
4,158,186,310,312,314,315,316,317,187,191,320,188,322,189,324,325,318,327,200,328,199,203,319,192,197,201,208,194,202,205,206,213,195,207,209,210,212,215,216,251
6,264,276,26,43,47,55,313,314,187,316,317,189,191,320,186,318,323,324,192,198,199,200,327,328,194,197,326,201,202,208,205,210,206,207,213,209,212,214,215,216,117
128,1,278,28,290,166,171,185,187,316,61,317,63,191,321,193,195,196,324,68,323,328,194,197,203,199,201,206,204,205,209,210,212,213,215,90,92,223,95,105,114,115
257,258,260,13,275,30,32,34,35,37,44,52,312,315,187,317,318,319,191,322,323,324,194,197,199,200,329,328,201,202,327,205,208,209,210,211,213,215,216,89,217,236,245,248,122
3,12,41,43,47,55,313,314,187,188,189,316,317,320,190,186,323,324,191,198,199,200,329,328,192,195,197,201,202,208,194,204,205,206,213,207,209,210,212,214,215,216,234,110
10,26,287,42,43,55,186,187,315,316,190,317,318,191,322,319,324,325,198,199,200,329,328,203,192,205,197,201,208,194,202,206,207,213,209,210,212,215,216,94,106
135,186,63,314,187,316,317,61,189,320,321,194,193,324,325,196,198,327,329,191,192,195,197,199,201,202,209,210,205,206,207,208,87,212,213,215,216,92,93,97,228,109,200,328,120,255
11,283,32,47,53,186,187,316,315,188,317,192,319,191,323,324,196,326,197,200,328,202,194,204,205,199,201,208,209,206,211,207,210,214,195,212,213,215,216
275,26,186,47,313,314,187,316,317,188,189,320,193,322,191,324,325,326,327,199,329,200,202,198,65,197,201,208,194,205,206,207,213,209,210,216,212,214,215
263,155,156,289,42,47,307,308,309,314,315,316,186,187,188,317,319,191,323,196,324,194,195,328,200,330,201,197,199,205,206,208,209,210,213,214,215,94,236
6,10,138,11,16,275,26,303,311,186,187,188,317,189,191,322,323,324,194,198,199,200,73,329,197,328,202,201,205,207,81,208,209,210,213,212,215,216,90,91,231,104,236,239,246
256,261,263,264,10,267,268,266,138,271,269,275,276,26,41,177,54,323,324,69,200,73,74,75,77,81,84,85,87,89,91,248,97,98,100,101,109,239,241,243,116,246,120,249,251
257,261,135,264,10,138,266,140,269,16,275,276,277,280,26,292,303,311,69,73,74,329,202,75,81,84,87,89,91,248,97,98,102,231,237,109,239,243,246,119,120,249,251
261,264,266,10,138,269,16,275,277,26,292,43,303,48,311,324,69,73,74,329,202,75,81,84,87,89,91,92,93,248,97,98,231,107,237,109,239,113,243,246,120,249,251
0,3,5,135,8,10,138,140,12,16,275,276,19,23,33,39,43,46,303,54,55,311,183,58,59,64,200,73,329,81,84,216,218,91,219,221,227,230,231,232,233,236,237,238,239,246,120
0,1,3,5,8,11,12,15,16,273,17,21,22,23,281,26,27,28,33,163,39,42,43,47,50,54,55,59,60,318,63,320,64,69,80,218,224,226,227,100,229,101,230,232,233,238,117,252
257,258,1,260,5,262,3,9,10,12,14,271,16,145,22,25,28,161,34,289,35,40,42,43,310,312,185,58,60,318,63,322,213,89,221,222,223,226,229,230,234,239,243,248,122,251
256,1,2,4,5,6,7,135,9,267,12,145,23,24,287,43,47,50,54,55,315,187,317,59,320,66,195,323,72,207,219,221,222,224,226,230,231,232,233,234,236,238
2,5,265,266,157,289,35,36,167,41,42,43,173,47,50,53,181,54,58,59,317,189,66,70,199,71,201,207,217,218,227,230,231,233,238,121,253
3,4,7,11,12,269,16,17,276,24,26,28,34,39,41,42,43,46,47,51,55,314,58,317,320,324,80,88,219,221,223,230,233,236,239,246,247
4,5,7,10,138,13,16,275,276,20,23,26,28,30,32,33,35,36,37,40,43,44,45,46,49,51,52,54,55,62,320,64,66,324,198,199,200,329,218,219,221,222,224,229,230,231,234,237,238,239
131,5,7,10,138,140,266,16,275,276,26,28,31,163,38,42,43,46,48,50,53,54,55,56,57,60,189,61,320,67,324,199,329,213,218,219,91,221,222,229,230,231,233,236,238,239
5,6,9,265,11,12,267,13,20,21,22,27,32,34,37,40,42,43,44,47,50,51,54,187,315,188,317,192,66,323,195,198,327,329,77,213,214,221,222,224,228,230,231,234,236,237,238,244
0,2,3,4,6,7,135,9,138,12,144,146,276,24,28,40,43,46,50,180,55,56,313,187,59,317,63,64,66,195,211,84,216,219,91,221,222,224,102,231,230,234,236,238
129,130,5,134,136,269,13,20,23,26,282,30,32,33,37,40,42,43,44,45,51,52,54,55,313,316,62,191,320,64,66,324,198,199,218,222,224,228,229,230,231,105,106,234,237,238,241,254
0,3,5,136,265,12,13,271,20,32,33,34,36,37,43,44,45,46,177,51,54,313,320,64,66,323,69,200,219,220,222,224,226,228,229,230,231,232,234,237,238,239
128,130,3,5,12,13,14,19,21,284,30,159,32,35,293,37,40,43,44,45,304,51,52,54,55,190,62,320,64,66,198,71,88,222,224,228,229,230,231,233,105,234,237,110,238,117,255
128,0,1,261,5,16,19,21,22,28,32,33,162,42,43,44,51,54,55,63,320,193,321,64,324,66,203,75,210,83,212,85,215,218,92,222,224,230,231,233,234,237,238,240,117
1,2,4,5,7,8,9,11,12,148,149,21,23,22,28,286,31,32,38,42,43,46,47,48,50,53,54,55,56,57,187,60,61,192,66,323,67,208,218,219,221,230,233,236,238
1,3,5,6,137,9,12,15,16,274,19,276,22,24,26,28,290,39,42,43,47,50,308,55,59,187,317,63,320,66,328,203,218,220,222,224,229,230,231,232,233,234,236,238,117,252
128,130,3,4,5,263,136,11,12,268,16,22,279,24,26,28,31,34,39,42,43,47,48,55,313,60,316,63,320,66,69,198,205,218,221,223,230,231,233,238,239,241,123
1,3,4,5,135,10,138,140,11,12,15,16,17,275,22,24,26,27,28,34,163,39,42,43,46,47,311,55,63,327,73,329,81,216,93,223,231,233,234,237,238,239,246,251
128,257,130,258,1,5,134,261,260,0,138,12,13,271,16,17,19,276,22,27,285,30,32,33,34,35,37,43,44,52,55,318,64,324,89,218,222,229,230,232,233,238,240,249,122
128,130,3,5,261,9,10,16,273,18,19,278,285,288,289,162,290,43,304,308,54,58,59,188,66,328,88,218,222,224,98,229,230,231,233,234,238,240,241,117,123,252,253,127
0,130,131,132,5,3,7,136,6,9,10,142,271,17,275,24,30,288,40,43,45,47,50,54,313,187,60,62,320,66,69,198,219,222,95,224,226,229,230,231,233,234,238,240
0,1,130,5,6,7,134,10,13,142,276,22,23,26,27,29,30,32,34,35,37,43,44,46,52,309,54,312,191,320,69,198,199,201,330,88,218,219,222,224,229,230,231,232,240,249
128,2,5,266,13,27,32,33,35,36,37,167,43,44,173,45,47,51,53,181,55,56,54,189,317,66,70,199,71,201,198,207,213,88,217,222,224,228,230,234,237,121
0,2,130,4,5,3,9,10,11,12,16,276,22,24,26,27,28,32,34,38,39,41,42,43,47,55,313,58,315,316,191,320,63,66,324,198,223,225,232,233,239,117,124
0,1,2,3,7,11,12,15,16,17,22,26,27,28,289,161,163,38,39,168,41,42,47,48,55,313,185,316,317,60,191,63,66,324,198,204,211,218,219,223,225,238,124,125
2,3,5,8,9,11,12,269,16,17,21,22,23,26,283,32,33,34,39,42,43,47,307,308,55,59,316,63,64,71,330,218,221,227,229,230,231,232,233,236,238,241,253
0,3,133,6,135,5,265,138,9,12,10,16,19,279,157,289,290,39,41,42,170,43,301,175,54,55,57,59,66,84,218,91,224,227,230,231,233,234,236,237,238,119,122,253,126
2,3,4,5,135,8,138,10,266,140,12,16,275,276,23,33,292,40,43,46,303,54,311,59,64,73,74,329,207,81,216,218,91,221,227,230,231,232,233,237,238,239,246,251
0,1,2,4,133,5,7,265,15,16,149,22,23,26,27,28,29,284,289,290,38,39,41,42,43,48,52,55,56,59,63,65,66,70,204,205,218,100,230,231,233,238,239,119,253
1,130,3,5,7,8,9,12,13,23,24,27,28,29,33,38,43,50,54,55,187,316,59,63,320,64,324,198,204,82,218,219,222,224,226,227,229,230,231,232,233,234,238,110
0,130,2,5,134,7,135,138,16,145,22,23,282,26,27,29,30,290,41,43,54,55,56,58,59,188,317,190,63,64,320,66,324,198,216,218,222,224,98,229,230,231,233,234,238,244,123,127
256,128,130,3,0,261,5,1,8,11,15,16,17,22,23,26,27,28,288,163,39,42,43,46,47,54,55,313,314,60,63,320,198,218,219,222,224,225,227,228,230,231,232,233,238,240,117
128,0,257,3,1,261,5,8,12,15,16,17,19,278,22,23,26,28,33,34,42,43,47,54,59,316,317,63,64,324,200,203,210,215,218,227,229,230,231,232,233,236,110,238,117
257,258,3,260,131,1,5,12,142,15,16,17,22,26,28,287,288,34,39,295,42,43,47,309,310,54,312,317,318,63,200,330,213,89,218,221,222,225,229,230,231,232,233,236,238,245,122
4,5,135,138,10,140,13,16,275,276,23,32,33,163,37,43,44,46,303,51,54,311,55,64,66,73,329,81,84,218,91,219,221,222,224,225,228,230,231,233,234,236,237,238,239,246,251,254
128,1,5,6,135,12,13,19,147,22,23,155,31,32,37,43,44,48,176,51,54,61,321,66,195,323,196,203,206,209,90,91,92,221,222,224,230,232,233,234,235,236,237,114,115,122,125
130,5,133,7,261,8,9,10,18,276,26,27,30,170,43,42,45,47,306,54,55,58,59,316,62,320,66,324,69,198,218,222,224,227,229,230,231,233,234,110,238,117,252
130,2,3,5,134,135,8,12,141,13,16,145,23,26,282,27,30,159,33,165,39,42,43,171,306,54,55,58,59,316,191,320,64,66,324,69,198,218,227,230,231,232,233,106,238,241,252
130,5,134,6,13,20,26,30,32,33,36,37,43,44,45,47,49,51,52,54,313,316,317,191,320,64,66,69,198,327,200,208,215,222,224,226,228,230,231,234,106,237,238,239,243,121
130,3,4,5,263,9,10,11,12,268,269,16,18,276,22,24,25,26,34,39,42,43,47,48,55,313,314,58,316,191,320,324,69,198,223,229,233,106,238,239,117
1,130,131,5,11,143,16,15,17,19,20,22,26,27,28,30,159,288,34,35,163,165,39,42,43,310,55,54,185,63,66,324,69,198,88,218,222,224,229,230,231,233,236,238,125
0,3,5,6,12,13,19,276,20,30,32,289,34,37,39,41,42,43,44,47,50,51,308,54,55,316,317,60,66,328,79,218,219,222,223,224,230,231,233,234,236,237,238,122,252
130,2,5,134,6,7,135,145,26,29,285,31,32,165,38,41,42,43,46,48,306,50,53,55,56,57,59,316,60,61,63,191,321,67,324,198,203,208,83,212,218,219,221,105,234,106,236,110,240,124
3,5,6,9,12,13,15,17,21,32,34,37,40,43,44,46,47,50,51,54,187,317,66,198,200,329,218,219,221,222,223,224,225,229,230,231,233,234,236,237,238,239
6,135,7,10,138,11,140,16,275,22,26,31,160,163,292,38,168,46,303,48,50,53,56,57,60,61,63,64,67,327,329,73,81,216,91,219,221,231,236,237,239,240,246,251
2,5,135,136,10,138,266,16,145,275,22,26,292,42,43,54,58,59,63,66,324,198,327,200,73,329,199,81,213,218,222,224,230,231,233,234,237,238,239,243,246,251
0,2,130,3,5,133,7,135,137,8,12,145,19,276,23,28,284,29,157,289,290,33,37,39,42,43,54,55,56,313,59,64,76,207,213,218,219,227,230,231,232,233,108,238,124,126
1,3,4,9,10,138,11,12,14,16,18,275,22,24,25,28,34,292,41,42,43,46,47,54,55,58,63,324,200,329,73,202,81,223,226,231,232,233,234,237,239,251
128,1,2,5,6,135,265,12,13,19,147,23,155,32,37,43,44,176,51,54,184,61,63,321,66,195,196,323,68,201,206,209,87,217,90,92,222,224,230,232,105,234,237,114,115,122
2,133,5,7,13,142,284,29,159,32,33,162,37,166,41,42,170,43,44,174,51,52,182,55,56,57,54,59,184,65,66,67,324,68,204,205,80,218,92,222,224,230,105,234,107,237,119
0,130,3,261,5,10,138,12,11,16,276,281,26,34,39,41,43,47,305,54,55,58,59,188,317,320,66,324,198,329,213,90,91,218,223,98,229,230,231,232,233,238,239,118,123,127
3,4,5,136,12,13,271,20,23,30,32,36,37,43,44,45,46,47,177,51,54,313,320,64,66,323,69,200,81,222,224,228,229,230,231,232,234,237,238,239,121,251
0,130,3,132,5,136,264,12,13,21,23,30,32,33,37,43,44,47,51,54,55,313,59,316,60,62,320,64,66,69,198,218,222,224,227,229,230,232,233,234,237,238,241,252,254
5,134,138,10,140,266,13,16,275,276,20,30,32,33,37,40,43,44,45,46,303,51,52,54,311,55,62,64,66,199,329,73,81,213,219,91,222,224,226,228,230,231,105,234,237,239,246
128,0,1,2,3,261,5,135,12,142,16,17,145,19,20,278,22,285,157,39,43,175,178,51,54,58,59,63,321,66,210,83,212,85,215,218,223,227,229,230,231,105,233,238,111,240,112,114,117,118
128,0,1,130,5,261,134,138,13,145,19,20,26,285,30,32,37,40,43,44,45,51,52,54,55,62,63,64,321,66,324,198,203,83,212,85,215,92,222,223,224,228,230,231,105,234,108,237,240
5,6,135,134,10,138,140,16,275,26,35,292,166,43,46,303,179,54,311,58,59,66,73,329,74,81,213,218,91,221,224,226,230,231,233,234,236,237,238,239,246,251,126
128,1,0,2,5,8,11,12,269,15,16,17,276,22,26,283,27,28,163,38,39,42,43,47,54,55,58,316,63,321,324,204,80,83,218,219,92,227,230,231,105,233,238,117
2,130,5,266,13,20,21,26,30,32,33,36,37,167,40,43,172,44,45,51,52,181,53,55,54,317,62,320,64,66,69,198,199,88,222,224,226,228,229,230,231,105,234,237,110,238,121,251
0,1,2,3,4,6,8,9,11,12,269,14,16,17,19,22,25,26,283,27,29,32,34,39,41,42,43,47,55,58,187,317,63,65,323,200,218,221,230,231,233,236,238
128,261,263,264,269,276,278,283,43,316,320,324,69,198,72,73,75,81,83,84,85,87,89,91,92,94,248,97,98,105,106,107,109,112,241,243,117,246,247,120,249,252,253,254
130,261,264,141,269,273,276,279,283,32,289,41,43,314,316,317,320,192,324,69,79,81,87,89,94,98,100,101,106,109,110,241,243,117,246,247,248,249,252,253,254
256,257,258,260,5,262,261,267,269,271,278,288,34,168,43,310,312,318,322,68,70,71,79,213,86,89,93,225,121,229,230,106,111,243,116,245,117,248,249,122,251
130,5,261,264,265,138,268,269,271,275,276,277,282,283,43,177,313,323,324,69,200,73,75,76,81,84,87,88,89,91,92,248,97,98,100,106,107,109,242,243,246,120,249,251
130,261,264,267,268,269,273,277,283,30,165,168,41,43,174,51,313,316,320,324,69,76,79,80,81,87,88,95,249,103,104,106,108,109,241,243,246,120,121,252,253,254
2,261,264,265,266,268,269,283,286,35,36,167,39,173,53,181,188,316,189,69,70,199,71,201,72,205,207,81,84,87,217,89,97,98,109,119,248,121,253,254
3,5,261,264,266,269,273,276,279,281,283,285,160,32,42,43,47,49,316,320,324,69,198,72,79,81,87,89,120,225,98,229,230,106,237,109,241,243,117,248,252,253,254
131,263,264,265,269,273,274,276,281,283,284,289,165,168,41,42,174,50,308,66,69,71,72,328,76,77,79,217,227,106,107,109,127,241,243,119,122,252,253,254,255
264,269,273,274,275,276,279,281,26,283,32,165,39,41,42,174,47,48,308,313,314,186,316,324,69,68,71,79,83,86,106,241,243,116,117,252,253,254
257,260,261,263,264,10,138,140,269,270,16,275,276,26,292,48,311,312,317,322,324,69,73,329,74,202,75,81,84,213,87,89,91,248,97,98,231,104,237,109,239,243,246,120,250,251
130,5,261,264,265,11,269,273,276,279,281,26,283,32,39,41,43,308,313,316,324,69,198,75,79,81,84,87,89,97,98,106,109,241,243,117,248,121,252,253,254
5,134,135,261,264,138,10,266,140,269,16,275,276,26,292,303,311,324,69,73,329,202,75,81,84,87,216,89,91,92,248,97,98,231,107,237,109,239,115,243,246,120,249,251
128,0,261,135,264,138,269,278,283,289,178,51,69,73,75,81,83,212,85,84,215,87,89,92,95,223,97,98,248,104,105,109,111,112,240,114,115,243,117,241,118,120,249,122,252,127
257,258,263,135,265,138,10,12,269,271,276,282,283,287,34,40,41,42,177,182,323,324,68,70,71,200,76,79,86,87,89,95,99,100,229,230,105,106,250,236,237,111,241,243,116,117,121,122,253,254
261,135,264,138,10,140,11,266,269,16,275,276,292,40,303,311,69,73,329,202,75,81,84,87,216,88,89,91,218,92,248,97,98,231,106,107,109,239,113,243,246,120,249,251
130,3,5,134,261,264,138,269,273,276,279,281,26,283,284,157,32,43,55,313,316,191,320,324,69,198,75,79,81,84,87,89,218,97,98,106,109,110,241,243,117,246,248,249,252,253,254
8,12,269,17,274,276,21,27,283,32,164,166,40,41,42,47,178,307,182,187,188,324,68,326,71,70,76,77,79,80,85,86,87,98,99,100,105,106,111,244,116,117,121,253,254
130,5,134,264,269,276,277,279,280,26,282,283,30,41,43,306,186,316,191,64,324,68,198,69,70,71,76,79,80,83,214,86,87,89,218,95,100,105,106,110,111,241,116,117,119,121,252,253,254
2,264,265,266,10,12,269,279,26,283,167,39,42,47,53,313,316,189,317,324,68,70,199,71,69,76,79,86,87,88,95,100,105,106,111,241,242,243,116,117,252,121,124,253,254,255
128,1,261,262,272,276,278,279,280,282,63,321,193,324,68,70,71,203,76,79,209,83,212,85,86,87,90,92,94,95,100,101,105,106,109,110,111,112,114,115,116,117,120,121,250
257,258,259,260,5,262,261,267,269,276,26,297,43,318,324,69,68,70,71,76,79,81,213,86,87,89,121,100,230,106,239,111,243,116,245,246,117,248,249,122,251
264,265,269,142,145,276,281,282,26,283,29,284,32,289,165,168,41,42,174,182,65,324,68,70,71,72,198,69,76,79,81,84,87,89,218,97,98,99,106,109,241,243,119,248,252,253,254
257,258,260,261,135,263,264,10,138,140,269,270,16,275,276,26,292,172,303,180,312,189,69,73,329,74,202,81,84,87,89,91,98,102,231,237,109,239,243,246,248,249,250,251
2,6,135,265,12,269,273,274,147,276,275,281,283,284,155,32,289,39,41,42,297,47,176,305,307,182,323,195,71,72,330,76,77,206,80,208,101,115,119,122,252,253,254
130,261,264,269,141,273,276,279,281,26,283,42,43,298,54,313,314,60,316,320,68,69,198,70,79,81,213,86,87,88,106,109,241,243,116,117,247,249,252,253,254
257,3,260,261,7,264,269,273,275,276,280,281,283,41,297,43,47,320,324,69,198,68,70,71,76,79,86,89,95,225,121,100,229,101,105,106,110,111,241,116,117,247,248,249,122,252,253
8,9,11,12,269,274,276,21,27,283,32,164,166,40,297,42,47,315,187,188,323,68,70,71,202,77,79,208,84,86,87,221,99,106,111,244,116,245,117,121,253
256,257,258,260,261,262,267,12,269,145,274,275,22,281,283,287,32,34,39,47,48,185,315,187,322,195,324,71,77,87,89,236,114,244,245,248,249,122
256,257,258,267,12,269,11,13,142,271,274,20,21,22,23,283,27,30,32,34,35,37,167,40,297,42,44,45,178,52,315,187,188,64,322,323,71,199,200,201,77,214,88,89,99,244,245,253
256,257,258,260,262,267,269,145,281,283,287,32,289,34,295,297,178,310,315,187,318,192,322,326,71,202,77,208,213,89,114,244,245,248,249,122
256,257,258,260,262,267,12,269,145,283,287,32,34,297,312,315,187,318,192,322,326,71,202,77,208,213,87,89,230,114,243,244,245,248,249,122
256,257,258,6,7,9,11,12,269,267,14,145,276,283,31,32,289,34,40,297,46,47,48,178,50,53,56,57,315,187,188,60,322,323,67,68,71,77,86,89,221,106,236,240,244,245,116
265,266,11,12,269,267,271,274,283,32,34,40,168,42,47,177,55,315,187,188,317,192,322,323,324,69,326,71,200,74,202,77,208,81,214,89,218,221,98,109,114,244,245,251
261,8,264,11,12,269,17,21,23,27,283,164,166,40,297,42,47,304,178,307,182,187,188,324,69,198,71,330,202,75,77,81,84,87,89,248,97,98,99,109,244,120,253
257,8,10,11,269,17,275,276,21,280,283,164,166,40,42,178,182,187,188,323,324,68,70,71,73,202,329,76,77,79,86,87,91,95,99,100,105,106,237,111,244,245,246,116,117,121,253
256,257,258,260,261,262,267,12,269,145,283,27,32,34,297,42,315,187,188,322,324,69,71,73,76,81,84,213,87,89,94,98,230,109,244,245,248,249,122,253
0,257,261,8,10,11,12,269,17,275,19,21,23,27,283,164,166,39,40,297,42,303,178,182,187,188,69,71,73,202,77,81,84,87,89,91,94,98,99,237,109,244,246,120,253
257,8,10,11,266,269,138,142,17,275,276,21,23,283,27,289,164,166,40,168,42,46,47,178,182,187,188,69,71,73,202,77,81,87,89,91,98,99,237,109,244,245,246,122,253,127
257,262,8,11,12,269,142,17,275,276,21,283,27,166,40,168,42,178,182,187,188,192,69,71,73,202,75,77,81,84,87,89,91,94,97,98,99,237,109,244,245,246,248,253,254
257,261,135,264,10,11,138,269,16,275,276,283,303,311,187,188,69,73,202,329,75,81,84,87,216,89,91,248,97,98,107,237,109,239,243,244,245,246,120,249,251,254
256,257,258,260,261,262,267,12,269,145,283,287,34,297,42,43,315,318,319,322,324,69,71,75,81,84,213,87,89,120,97,98,229,230,236,109,245,248,249,122
259,133,263,265,268,272,276,280,284,31,289,168,41,48,66,68,70,71,72,74,79,211,86,87,247,121,99,101,232,105,106,107,111,116,117,119,253,124,125,254
128,257,258,3,1,261,269,13,18,20,22,283,30,32,33,34,35,36,37,167,42,43,44,45,52,316,317,64,322,67,324,69,198,199,200,201,88,89,96,225,229,233,106,110,241,117,252,253
128,2,261,6,265,12,269,19,283,289,41,42,302,50,182,57,63,321,66,323,196,195,69,207,80,209,81,85,87,217,90,89,92,223,98,99,227,236,109,114,117,119,253,254
256,257,258,259,260,5,261,262,267,12,269,14,287,34,315,317,318,322,324,69,73,81,84,213,87,89,94,225,98,229,230,109,245,117,248,249,122
128,256,261,263,264,269,278,283,171,44,63,193,321,325,69,73,75,81,83,212,85,84,87,88,89,91,92,93,95,248,97,98,104,105,107,109,240,112,114,115,243,117,120,249,250
258,264,265,269,274,276,277,278,280,283,284,289,41,50,66,196,69,198,72,79,81,83,85,87,217,90,92,227,105,106,109,111,112,241,243,117,119,252,253,254
256,257,258,259,260,261,262,264,267,269,275,276,283,310,312,313,318,322,324,69,81,84,213,87,89,90,98,108,109,243,245,117,248,249,122
257,258,261,264,10,266,138,269,271,16,275,276,26,46,303,54,69,73,74,329,202,75,81,82,84,213,87,88,89,91,92,248,97,98,102,231,107,237,109,239,243,246,120,249,251
8,11,269,17,274,276,21,277,23,27,283,32,161,164,166,40,297,42,49,178,182,188,189,65,68,69,71,329,202,77,208,81,84,87,88,99,109,244,116,253
257,8,9,266,11,12,269,10,274,21,280,283,27,32,164,166,40,297,42,315,187,188,68,70,71,199,202,77,79,213,86,119,99,106,237,111,243,244,116,246,245,121,253
8,9,12,269,17,274,276,21,280,283,32,164,166,40,42,174,178,187,188,192,65,68,326,71,72,70,202,77,208,86,99,106,244,245,116,121,253
261,134,264,10,138,266,269,16,275,276,26,282,46,303,311,317,66,69,198,73,329,74,202,75,81,84,85,87,216,89,91,248,97,98,231,107,237,109,239,243,246,120,249,251
256,257,261,6,8,264,267,269,145,17,276,21,23,27,283,164,166,40,297,42,178,182,188,69,70,72,73,75,77,81,84,87,89,91,248,97,98,99,237,109,244,246,247,120,253
261,264,10,138,266,267,268,271,269,16,275,276,177,51,66,69,73,329,202,75,80,81,84,87,88,89,91,97,98,100,231,103,106,109,110,239,113,246,248,121,251,252
256,257,258,131,260,261,262,264,267,269,275,276,34,309,310,312,317,318,322,324,69,330,81,84,213,87,89,98,229,109,243,245,117,247,248,249,122
2,259,263,268,272,274,276,279,280,31,168,41,48,176,66,68,70,71,72,74,79,211,86,90,219,247,121,99,100,232,106,109,111,116,117,119,253,124,125,254
256,267,269,274,275,276,281,283,287,32,39,42,47,51,187,316,324,69,326,71,72,76,77,208,80,214,88,92,96,97,103,114,244,245,246,247,253,254
2,5,266,267,269,21,282,26,283,35,36,41,42,173,51,53,55,184,189,324,69,70,199,71,201,198,207,80,87,88,217,218,91,97,103,110,241,246,121,253
130,5,134,264,269,276,279,26,283,282,165,168,41,42,43,174,316,62,191,324,69,198,68,70,71,76,79,85,86,87,100,106,110,111,241,243,116,117,246,121,252,253,254
128,261,264,269,276,277,278,283,51,61,321,69,73,75,76,81,210,83,212,85,84,87,215,88,89,91,92,248,97,98,105,107,109,111,112,240,114,115,243,117,120,249,252,253,254
130,5,264,267,269,273,276,279,281,282,26,283,43,306,51,316,317,191,64,324,69,198,79,80,81,83,84,87,88,218,91,103,106,109,110,111,241,243,244,246,249,252,253,254
1,261,9,11,12,269,13,274,22,278,283,32,168,42,47,187,195,196,68,70,71,72,202,76,77,79,208,83,85,86,90,92,105,106,111,112,114,244,117,116,245,121,253
0,1,261,135,10,138,140,11,141,269,16,275,276,19,281,27,292,303,311,69,73,74,329,202,75,81,84,87,216,89,91,93,94,248,97,98,102,231,237,109,239,246,247,120,251
257,258,259,260,5,262,264,267,269,270,15,275,276,283,168,51,312,316,317,318,322,66,324,69,200,80,209,81,212,213,86,87,88,89,225,103,243,245,246,248,249,122,251
256,257,258,131,260,5,262,261,264,10,267,269,271,275,277,37,310,312,318,322,324,69,73,75,81,84,213,87,89,97,98,100,249,109,239,243,245,246,248,121,122,251
256,261,263,264,266,11,269,273,274,276,279,281,26,283,32,308,313,316,69,79,81,83,84,87,89,98,104,106,109,241,243,117,246,247,248,251,252,253,254
3,135,9,12,269,273,17,276,279,281,153,283,284,32,34,296,42,47,177,307,308,316,324,68,69,326,328,71,330,70,77,79,208,86,214,229,230,233,106,241,116,117,244,247,121,252,253,254,255
256,135,138,11,10,267,269,271,16,275,276,22,283,32,42,301,303,51,311,187,188,71,73,202,74,77,80,81,84,87,216,88,91,102,231,103,237,239,114,244,245,246,251,126
264,266,269,141,274,276,279,280,26,283,43,301,308,316,188,189,192,324,69,198,68,70,71,329,76,79,86,119,87,95,121,100,105,106,107,111,241,116,117,247,249,252,253,254
130,5,264,269,141,273,276,279,280,26,283,36,39,43,313,314,316,320,324,69,68,70,71,74,76,79,86,87,95,121,100,105,106,110,111,112,241,243,116,117,246,249,122,252,253
259,261,263,268,269,272,276,284,31,41,297,48,178,186,66,69,74,203,209,81,211,84,87,88,89,247,98,99,101,103,232,107,109,114,115,125,119,248,124,253
256,257,258,262,135,8,267,12,269,17,274,21,23,27,283,156,34,164,36,166,40,169,304,178,181,182,187,315,318,322,323,69,71,77,208,81,87,89,99,230,109,244,245,248,250,253
0,1,261,5,264,269,141,271,273,19,276,279,281,283,27,157,32,191,320,324,69,329,79,81,87,89,120,94,225,100,104,106,109,110,241,243,117,246,248,249,122,252,253,254
257,261,135,264,138,10,266,11,140,271,16,269,275,303,311,322,69,73,74,329,202,75,207,81,84,87,88,89,91,92,248,97,98,231,107,237,109,239,243,246,120,249,251,126
264,265,269,142,145,274,276,281,283,284,32,165,295,296,41,42,168,174,186,187,319,324,69,326,72,328,75,79,209,81,84,119,87,89,97,98,106,107,109,241,243,247,248,252,253,254
256,257,258,259,260,131,4,262,267,269,145,276,283,284,287,34,297,310,312,315,318,322,324,68,72,213,86,119,89,225,230,104,107,116,245,247,248,249,122,253,254
256,257,258,262,8,267,12,269,145,274,21,283,32,166,295,297,42,178,51,315,187,188,60,326,71,77,80,88,89,225,99,230,244,245,246,248,249,122,253,254
4,135,265,138,11,10,269,266,275,276,283,40,297,303,182,188,319,322,68,69,70,71,73,76,79,81,84,213,86,87,216,91,95,99,100,105,106,111,116,117,246,121,251,253,126,255
128,1,261,276,277,21,280,26,60,61,188,63,189,194,324,325,68,70,71,329,76,79,80,83,85,86,87,92,93,95,97,228,100,105,234,106,109,110,111,240,112,244,117,116,120,121
128,2,130,134,266,10,282,35,36,167,168,41,43,173,53,181,55,189,317,324,68,70,199,198,201,71,76,79,207,86,87,88,217,95,100,106,110,111,113,116,117,121,251
257,130,5,134,261,264,10,138,269,270,276,279,26,283,282,32,43,306,191,324,69,198,77,79,81,84,85,87,89,218,91,98,106,109,241,243,116,117,246,248,252,253,254
259,261,263,135,264,138,10,268,269,16,272,275,276,26,31,48,66,69,73,74,81,211,84,87,89,91,247,97,98,99,102,232,237,109,246,119,248,124,125,126
257,260,261,262,263,264,10,269,270,271,16,18,275,276,24,282,283,292,303,324,69,73,329,202,75,80,81,84,87,89,91,248,97,98,237,109,239,243,244,246,247,120,250,251
257,130,264,269,270,141,273,277,279,280,283,43,313,316,320,324,69,198,68,70,71,76,79,86,87,95,100,249,101,105,106,110,111,241,243,116,117,120,121,122,252,253,254
128,0,3,261,264,267,12,269,142,273,19,276,278,283,165,168,51,69,75,80,81,83,84,85,87,88,89,91,92,248,97,98,229,103,104,105,109,110,241,117,246,120,253,254
257,261,264,10,138,266,269,16,275,276,26,46,303,318,320,66,324,69,73,329,74,202,75,77,81,84,213,85,87,89,219,91,94,97,98,231,236,237,109,239,116,246,247,248,251
0,3,263,264,137,267,268,269,142,271,273,20,279,281,283,157,288,39,175,177,178,308,69,328,204,220,225,227,100,101,230,229,233,106,235,124,241,242,114,243,117,118,252,253,254
259,263,264,265,11,12,269,273,274,276,281,283,32,296,42,47,305,307,308,309,186,187,316,192,69,326,71,72,330,202,77,208,214,106,241,114,243,244,245,252,253,254
256,262,263,135,265,12,269,274,147,23,283,155,165,294,39,41,42,297,47,176,309,182,184,323,195,196,69,71,72,68,330,76,77,206,79,86,100,101,106,112,241,114,115,116,117,122,252,253,254
130,5,264,266,141,269,276,26,283,32,41,43,316,320,324,69,198,73,75,79,81,84,86,87,89,94,248,97,98,106,109,110,241,243,117,120,249,251,252,253,254
3,263,264,135,268,269,273,274,278,279,281,283,39,307,308,196,69,328,79,81,87,88,92,97,99,100,101,106,241,114,243,117,118,123,252,253,254
257,261,135,264,138,10,140,266,269,16,275,276,281,26,292,39,303,47,48,311,185,69,73,329,74,202,75,81,84,213,87,89,91,120,97,98,231,237,109,239,246,247,248,249,251
257,261,264,10,138,140,266,269,271,16,275,276,26,292,46,311,69,73,329,74,202,75,81,84,213,87,89,91,92,248,97,98,231,107,237,109,239,243,246,247,120,249,251
2,264,265,266,267,269,274,283,284,289,167,39,41,42,173,302,50,51,53,181,66,69,70,71,199,201,79,80,87,88,217,227,103,106,241,243,246,119,248,252,253,254
128,261,264,269,276,22,278,283,285,313,324,69,72,73,203,76,75,77,81,83,84,85,215,87,89,91,92,120,94,95,97,98,104,105,107,109,111,112,114,243,117,247,248,249,252,254
8,12,269,17,274,276,21,22,283,27,32,164,166,42,47,178,307,182,187,188,192,65,324,69,326,71,72,330,202,77,208,81,214,87,99,105,114,244,245,247,253,254
2,261,264,265,266,268,269,273,274,276,279,281,283,32,161,167,173,181,313,316,189,324,69,70,199,71,79,81,84,87,88,89,97,98,106,107,109,241,242,243,246,248,121,252,253,254,255
256,257,258,260,261,262,5,263,264,267,269,270,287,34,43,310,312,318,322,324,69,81,84,213,87,89,98,229,230,250,109,243,245,248,249,122,251
128,261,133,264,269,277,278,279,284,162,163,170,301,69,75,76,81,82,83,84,85,87,89,90,218,92,94,95,248,97,98,104,105,109,112,114,115,117,120,249,250,255
128,261,264,267,269,278,283,284,285,42,321,324,69,73,75,76,80,81,83,84,85,215,87,88,90,218,92,89,91,120,97,98,105,107,109,110,111,112,240,114,115,243,117,248,249,253,255
130,5,261,264,269,273,275,276,279,281,26,283,30,32,43,316,320,69,198,79,81,83,84,87,89,218,91,98,106,107,109,241,243,117,246,248,249,252,253,254
256,263,264,265,269,274,276,280,283,284,289,39,41,302,50,66,69,72,76,77,79,209,81,84,87,217,90,89,227,106,107,109,241,243,119,252,253,254
256,257,258,131,260,261,262,264,267,269,145,275,276,34,310,312,318,322,324,69,75,81,84,213,87,89,97,98,229,230,106,109,243,245,248,249,122
256,257,258,260,261,5,262,267,269,271,18,276,279,280,283,34,312,318,322,67,324,68,70,71,200,76,79,84,86,87,89,95,96,121,100,229,230,105,106,110,111,243,116,245,117,249,252
257,258,260,261,262,267,271,16,22,26,287,34,43,310,312,58,315,317,318,63,322,324,69,200,72,73,81,213,87,89,229,230,109,243,245,248,249,122,253
256,257,258,131,260,5,262,261,10,267,269,275,276,150,34,310,312,318,322,324,69,75,76,81,84,213,87,89,98,229,230,109,239,243,245,246,248,249,122
256,257,258,259,260,261,262,5,267,12,269,13,145,276,20,22,30,287,32,34,35,36,37,167,297,44,45,52,318,64,322,324,199,200,201,88,89,93,229,230,245,119,248,249,122
135,265,10,138,16,275,276,147,23,155,156,294,297,303,176,309,182,184,195,196,68,323,71,70,73,74,329,206,81,84,86,216,91,247,102,231,230,106,236,237,239,115,116,246,119,121,122,126
257,261,135,264,10,138,140,11,269,16,275,276,292,37,303,311,69,73,329,74,202,75,81,84,87,216,88,89,91,92,248,97,98,102,231,107,237,109,239,243,246,120,249,251
130,261,5,264,267,268,269,142,18,276,21,168,43,51,67,324,68,69,200,80,209,81,212,84,87,88,89,94,96,248,98,249,103,106,109,110,241,117,246,120,121,252,255
256,257,258,259,260,261,262,267,269,271,145,287,288,34,295,310,312,318,322,324,69,200,81,84,213,87,89,98,229,230,109,115,245,248,249,122
128,257,259,261,262,264,12,269,274,19,278,283,287,34,295,321,324,69,73,75,81,83,84,85,215,87,89,88,92,248,97,98,229,230,107,109,112,114,115,243,117,245,120,249,253,254
257,259,261,8,12,269,145,17,21,23,281,27,283,287,32,164,166,295,297,42,304,178,307,182,315,188,324,69,70,71,330,81,84,87,89,98,99,230,109,244,248,253,254
256,257,258,259,260,261,262,267,269,287,34,295,41,310,312,315,317,318,322,324,69,71,81,213,87,89,91,98,229,230,236,109,245,248,249,122
257,258,259,261,134,135,264,10,138,267,266,140,269,16,275,276,287,295,303,311,324,69,73,329,74,202,75,81,209,84,87,89,91,248,97,98,230,231,237,109,239,246,120,249,251
256,257,258,259,260,5,262,261,264,267,269,276,279,283,287,32,34,295,318,66,324,69,79,81,87,89,98,229,230,106,107,109,241,243,245,247,248,249,122,252,253,254
256,257,258,259,260,261,262,264,267,269,271,276,287,288,34,295,297,312,318,322,69,81,213,87,89,96,98,229,230,109,241,243,245,248,249,122,252
257,130,258,260,261,262,5,264,259,267,269,276,279,283,295,169,43,49,310,311,316,188,318,189,324,68,69,71,70,329,76,79,86,87,89,121,100,229,230,105,106,111,116,245,246,247,117,249,253,254
256,257,258,260,261,262,267,12,269,145,275,281,283,287,34,39,297,47,48,310,185,318,322,324,68,70,71,79,86,89,121,100,229,230,105,106,111,116,245,117,248,249,122,252,253
256,261,263,264,11,269,271,273,274,145,276,279,281,283,284,32,289,42,307,308,316,69,326,328,72,330,79,81,84,119,87,89,98,230,106,109,241,243,247,248,252,253,254
0,1,264,266,269,141,273,19,276,277,279,281,26,283,27,167,41,43,313,316,324,69,68,70,71,79,86,88,94,106,110,239,111,241,243,116,117,246,120,121,122,252,254
3,264,267,269,273,276,279,281,282,283,42,307,308,51,316,66,324,69,198,328,330,75,79,80,81,84,87,88,89,218,91,225,97,98,229,233,106,109,241,243,246,247,252,253,254
259,263,267,268,269,272,276,280,31,290,48,51,66,68,69,74,79,80,81,211,87,88,247,99,103,232,107,109,114,115,116,246,119,253,124,125,254
264,269,141,273,275,276,279,281,26,283,282,289,39,41,43,308,314,316,188,189,324,69,68,70,71,329,76,79,86,87,223,100,105,106,111,241,116,117,246,247,121,252,253,254
257,135,10,138,140,266,11,16,275,276,277,280,292,168,303,311,313,68,69,70,71,200,73,329,74,76,79,81,84,86,87,216,91,95,100,231,105,106,237,239,111,116,117,246,121,251
256,263,9,11,12,269,271,274,276,279,283,156,32,42,47,307,65,324,68,326,71,72,69,330,70,76,77,79,208,214,86,105,106,114,244,245,116,121,253,254
128,261,264,12,269,146,276,278,283,166,178,311,61,318,320,321,195,324,69,73,75,80,81,83,212,85,84,87,89,90,92,248,97,98,101,105,109,112,114,115,243,117,120,249
256,257,258,131,260,261,5,262,264,267,269,271,275,276,277,322,324,69,329,81,83,84,213,87,89,120,94,97,98,228,104,234,106,107,109,113,243,117,246,245,248,249,122
256,257,258,8,267,12,269,17,145,276,21,23,283,287,164,166,40,42,178,309,182,323,324,68,69,70,328,71,76,79,86,87,95,99,100,230,105,106,236,111,244,245,116,247,117,121,122,253,254
256,130,261,264,269,141,273,276,279,281,26,283,32,43,46,306,313,316,324,69,198,79,81,84,86,87,89,97,98,100,106,109,241,243,248,249,252,253,254
130,5,264,10,138,11,269,275,276,279,282,26,283,165,168,41,43,174,314,316,317,191,320,324,69,198,68,70,71,76,79,81,84,86,87,91,121,100,106,110,111,243,116,117,246,249,252,253,254
128,257,261,263,264,10,267,268,269,275,276,278,283,288,69,73,75,81,84,85,87,88,89,91,92,248,97,98,100,101,104,232,107,109,239,114,115,243,117,246,120,249,254
257,8,265,11,12,269,17,274,21,23,283,27,32,164,166,40,297,42,178,182,187,188,192,323,326,71,73,202,330,77,208,214,99,114,244,245,246,253
258,261,263,264,11,12,269,268,273,274,279,281,282,283,32,289,42,182,316,324,69,326,72,75,79,80,81,84,87,89,98,99,106,109,241,114,242,243,117,248,252,253,254
261,5,267,269,271,143,272,276,277,279,280,26,43,324,69,68,70,71,203,76,79,83,85,86,87,218,92,95,121,100,101,105,106,109,110,111,243,116,117,246,247,120,249
130,133,5,261,264,269,276,279,26,283,282,165,168,170,43,174,306,324,69,68,70,71,79,83,84,86,87,218,100,105,106,110,111,241,243,116,117,246,247,121,252,253,254
264,9,12,269,274,276,279,281,283,32,42,47,307,187,316,324,68,326,71,72,69,330,70,76,77,202,79,80,208,214,86,105,106,110,241,244,116,245,121,122,252,253,254
128,261,263,264,269,278,283,162,166,174,51,184,61,321,65,68,324,69,209,81,83,212,85,215,87,88,89,91,92,223,98,103,105,107,109,111,112,114,115,243,117,125,248,249,253
1,261,263,264,268,269,276,278,280,283,44,63,68,69,72,75,80,81,83,84,85,86,87,88,89,92,248,97,98,101,105,109,111,112,114,115,243,117,116,247,120,249,253,254
261,8,9,264,12,269,17,274,276,21,23,281,154,27,283,164,166,40,42,305,178,307,182,187,188,69,71,72,75,77,81,84,87,89,97,98,99,109,241,244,245,248,253,254
3,263,264,267,268,269,141,15,273,276,280,283,165,168,300,174,48,51,308,179,69,79,80,81,86,87,88,100,230,103,106,241,243,117,246,120,249,252,253,254
259,261,135,264,10,138,266,268,269,16,275,276,26,292,303,322,69,73,74,329,202,75,81,84,213,87,216,88,89,91,92,248,97,98,107,237,109,239,243,246,120,249,251
257,261,134,135,264,138,10,140,269,16,275,276,282,284,292,303,311,324,69,73,74,329,202,75,81,84,87,216,89,91,92,248,97,98,231,107,237,109,239,243,246,120,249,251,255
128,256,261,264,268,269,143,277,278,283,44,185,63,193,69,73,75,81,83,84,85,87,215,88,89,91,92,93,94,248,97,98,107,109,240,112,114,115,243,117,120,249,250,254
128,1,261,264,268,12,269,277,283,289,43,47,313,60,316,63,320,324,69,327,73,203,75,81,212,84,85,87,88,89,91,92,223,248,97,98,105,107,109,238,243,117,120,249,252,253,254
259,261,135,264,10,138,140,11,269,270,16,275,276,26,282,292,303,311,69,327,73,74,329,202,75,81,84,87,216,89,91,248,97,98,102,231,108,237,109,239,114,117,246,120,251
130,260,261,5,263,264,267,269,270,15,18,277,168,43,67,324,68,69,70,71,75,76,79,86,87,94,95,96,100,249,104,105,106,110,111,243,116,117,120,121,250,251
257,261,135,264,10,138,140,266,269,16,275,276,26,292,303,311,69,200,73,74,329,202,75,78,81,84,87,89,91,92,248,97,98,102,231,107,237,109,239,243,246,247,120,249,251
261,264,266,267,10,269,274,275,279,281,26,283,165,167,39,174,47,48,53,185,189,318,320,324,69,68,71,199,73,70,79,86,88,234,106,237,111,241,243,116,117,246,121,251,253,254
256,257,258,262,263,267,269,273,145,275,276,281,283,39,297,47,48,185,324,69,68,70,72,71,79,86,119,89,248,225,121,100,229,230,106,236,111,241,116,117,245,247,246,249,122,252,253,254
130,5,261,264,269,273,274,276,279,281,26,283,32,43,306,313,316,191,324,69,75,79,81,84,87,119,89,97,98,104,106,109,110,241,243,117,245,246,248,249,252,253,254
128,261,264,12,269,278,283,42,321,324,69,73,75,81,83,212,85,84,215,87,88,90,89,92,91,95,223,248,97,98,231,105,107,109,111,112,241,114,115,243,117,120,249,252,254
130,261,264,269,270,15,272,273,18,276,277,278,279,280,282,283,43,67,324,69,68,70,71,76,79,82,86,87,95,96,121,100,101,105,106,110,111,112,241,116,117,246,247,120,249,252
3,132,131,263,264,12,268,269,15,273,17,21,279,281,283,288,32,43,47,48,69,198,79,81,87,89,225,98,100,229,101,233,106,109,238,241,243,117,118,252,253,254,255
257,130,258,261,263,264,266,267,269,273,276,278,279,283,43,53,313,324,69,68,71,70,76,79,86,87,88,100,229,249,106,107,111,241,243,116,117,246,120,121,252,253,254,255
8,9,11,12,269,274,276,279,283,32,42,301,47,307,315,187,188,323,324,68,326,71,69,70,76,77,79,208,80,214,86,95,106,111,244,116,245,117,121,253,254
264,269,141,270,274,276,279,26,283,162,290,166,43,45,174,47,184,314,59,316,191,65,321,324,69,68,327,325,87,103,104,106,107,241,114,243,117,125,249,252,253,254
261,263,264,268,269,274,283,163,43,54,313,60,69,73,75,81,83,212,85,84,87,88,89,91,92,93,95,248,97,98,104,105,107,109,240,114,115,243,117,120,249,252,254
257,258,260,261,264,269,270,15,18,276,279,283,290,56,67,324,69,73,75,80,81,84,86,87,88,89,92,96,97,98,248,229,104,106,107,109,110,241,243,117,246,120,249,252
261,264,266,269,273,276,278,281,283,160,42,298,49,308,316,191,324,69,68,71,330,81,83,213,85,87,88,86,89,92,120,100,101,105,106,237,109,111,241,116,117,247,248,252,253,254
257,130,258,5,261,7,264,267,269,141,272,280,155,37,303,306,312,188,318,194,324,69,68,70,71,76,79,86,89,95,121,98,100,229,101,105,106,110,111,241,243,116,117,246,248,249,252,253,254,127
2,260,263,264,265,266,10,270,280,283,35,36,167,41,173,53,181,55,189,324,68,70,199,71,201,329,207,86,88,217,231,106,110,116,246,119,121,250,251
130,259,5,134,261,264,8,10,269,270,276,279,26,282,283,32,41,43,55,59,191,324,69,198,79,81,83,85,87,88,89,218,98,106,108,109,110,113,241,243,117,246,252,253,254
5,261,134,264,138,10,269,270,16,275,276,26,43,46,66,324,69,327,73,74,329,202,75,81,84,87,89,91,92,248,97,98,106,107,109,239,243,246,247,120,249,251
5,134,135,261,264,138,10,266,140,268,269,16,275,276,26,303,311,324,68,69,71,73,329,74,202,203,81,84,86,87,216,88,89,91,98,102,231,106,237,109,239,111,116,246,248,251
133,269,142,19,276,280,283,284,29,290,162,166,168,170,42,174,184,59,318,65,321,195,324,68,69,72,204,76,80,81,211,119,89,218,91,94,98,101,230,103,105,233,107,109,114,125,247,253
261,135,138,10,140,11,266,268,16,269,275,276,280,26,303,311,187,69,328,73,329,74,202,205,81,210,209,84,213,87,216,215,89,91,119,98,231,237,109,239,242,246,247,248,251
8,11,12,269,17,274,275,276,21,280,282,27,283,26,164,166,40,42,178,182,188,319,324,68,70,71,202,76,77,79,81,84,86,87,91,95,99,100,105,106,237,111,244,116,246,117,121,253
264,269,144,145,146,276,23,279,283,29,41,42,180,55,188,65,324,68,198,69,72,70,71,76,79,208,80,86,87,247,92,95,100,230,105,106,110,111,112,114,244,116,117,119,121,253,254
259,263,265,268,272,276,280,284,31,289,41,302,48,50,66,69,72,74,81,211,87,217,90,99,102,103,232,107,109,119,253,124,125,126
5,261,263,264,11,269,273,276,277,279,281,26,283,32,43,47,313,316,324,69,75,76,79,81,84,87,89,97,98,104,105,106,109,241,243,117,246,248,252,253,254
263,264,9,269,273,274,275,276,279,281,282,283,26,165,39,174,47,48,308,182,185,316,324,69,68,70,72,328,71,79,83,86,90,99,105,106,241,116,117,247,121,252,253,254
261,264,10,138,269,273,275,276,279,281,26,283,32,313,314,317,324,325,69,329,202,79,81,84,213,87,216,89,91,97,98,106,109,239,241,243,252,246,254,248,121,251,124,253,126
128,261,263,264,266,269,278,283,285,43,54,63,320,69,73,75,81,83,84,85,87,88,89,91,92,96,248,97,98,104,105,106,107,109,111,112,114,115,243,117,120,249,250,254
4,135,265,10,138,266,275,276,156,290,46,303,311,323,68,69,70,71,73,329,76,79,81,84,86,87,216,91,100,102,231,105,106,237,239,111,116,117,246,247,121,251
263,135,265,264,269,145,274,147,276,23,280,283,284,155,289,294,39,295,41,42,297,47,176,309,182,184,66,323,195,196,69,72,206,208,91,92,99,105,114,115,243,119,248,122,253,254
135,7,10,268,269,270,16,275,276,277,280,282,283,68,70,71,72,73,74,76,79,81,84,86,119,87,219,91,92,95,100,101,102,103,105,106,237,110,111,242,116,117,246,247,121,253
2,259,263,265,268,272,276,280,26,284,31,48,313,316,66,68,70,71,74,76,79,211,86,87,95,121,99,100,101,106,111,115,116,117,119,253,124,125
1,261,12,269,274,283,32,168,42,315,187,62,192,323,324,68,326,69,72,71,202,330,76,77,208,80,81,85,214,89,90,92,98,105,109,112,114,115,244,245,253
257,258,5,262,261,8,267,12,269,11,271,142,17,21,27,283,166,40,168,42,304,178,182,324,69,73,75,77,81,84,87,89,120,97,98,99,109,110,244,245,246,248,124,253,126,255
128,257,258,261,263,264,269,19,276,278,285,51,313,321,69,73,75,80,81,83,84,85,215,87,88,90,89,92,93,223,248,97,98,101,107,109,111,240,112,114,115,243,117,247,120,249
128,261,264,10,269,274,276,277,279,283,28,165,168,41,174,313,316,188,324,69,68,70,71,203,75,79,86,87,94,95,100,106,109,111,241,243,116,117,120,121,250,252,253,254,255
261,5,10,266,141,275,276,19,279,280,282,26,41,43,55,318,191,324,68,198,70,71,329,76,77,79,213,85,86,87,94,95,121,98,100,231,105,106,110,111,113,116,117,246,248,249,122
257,130,5,261,263,264,267,269,141,142,273,275,276,283,42,300,177,305,308,316,188,324,69,71,328,75,79,81,212,84,87,89,95,97,98,100,106,109,241,117,248,123,252,253,254,127
8,11,12,269,142,17,274,275,276,21,20,23,279,281,27,283,157,32,36,164,166,39,40,42,175,178,187,188,68,71,72,202,77,86,119,225,99,105,114,244,245,116,118,253,254
0,3,263,264,137,267,269,142,273,145,274,20,279,281,283,157,165,39,175,304,177,178,307,308,309,51,316,69,330,79,80,88,225,227,100,101,106,110,241,244,117,118,246,123,252,253,254
257,135,138,10,140,266,270,16,275,276,280,282,292,303,311,68,70,71,73,329,74,75,76,79,81,84,86,87,216,91,219,95,100,231,105,106,237,110,239,111,116,117,246,247,121,251
261,135,264,138,10,140,266,269,16,275,26,292,303,311,69,73,329,74,202,75,81,84,213,87,89,91,220,92,248,97,98,102,231,107,237,109,239,243,244,246,120,249,251,126
263,264,265,269,274,146,276,21,280,281,283,284,32,289,41,42,50,317,66,69,72,328,76,81,119,217,89,91,98,227,101,106,107,109,241,243,247,252,253,254
256,257,258,261,8,264,267,12,269,17,276,21,23,27,283,287,32,34,164,166,40,42,178,182,315,324,69,71,75,76,77,81,84,87,89,248,97,98,99,230,109,244,245,120,249,253,254
128,258,259,261,264,269,277,278,283,285,51,180,63,193,321,69,73,203,75,81,210,83,212,85,84,215,87,88,89,92,93,248,97,98,105,107,108,109,111,240,112,114,115,243,117,120,249
2,265,266,269,144,18,274,276,146,279,280,283,41,42,180,190,67,68,324,70,71,76,79,80,86,87,247,92,94,95,96,100,105,106,110,111,112,114,115,116,117,119,121,253,254
130,261,5,264,269,273,19,276,279,26,283,32,43,309,313,314,316,60,191,320,324,69,198,330,79,80,81,86,87,89,98,106,109,241,243,117,246,248,249,252,253,254
257,258,8,10,12,269,17,276,21,27,283,28,34,164,166,40,297,42,178,182,188,324,68,69,71,70,73,202,76,79,84,86,87,91,95,99,100,230,105,106,237,111,244,245,116,247,117,121,253
264,267,269,142,272,276,277,279,282,26,283,32,165,168,43,174,311,313,316,324,69,329,74,203,79,81,87,88,89,120,222,224,98,249,106,234,109,113,241,243,116,246,248,121,252,253,254
257,2,264,266,11,12,269,274,276,26,283,32,161,167,40,41,42,307,187,189,317,323,324,69,70,199,71,201,202,326,330,77,208,214,89,106,241,114,243,244,245,252,253,254
130,5,134,261,264,138,10,269,273,276,279,153,282,26,281,283,32,39,43,306,182,313,64,324,69,70,76,79,81,84,87,89,218,91,97,98,102,106,109,241,243,246,248,252,253,254
130,261,264,268,269,270,271,15,273,276,277,279,281,283,32,289,43,178,313,69,79,81,86,87,89,248,98,106,109,241,242,243,116,117,247,120,249,252,253,254
261,263,264,268,269,273,274,279,281,283,32,39,41,47,177,313,66,69,79,81,83,87,89,95,98,99,106,109,241,242,114,243,117,248,123,252,253,254
0,1,259,133,263,264,137,267,268,269,141,19,276,280,281,283,284,27,289,290,41,170,69,72,75,79,81,87,218,247,94,99,100,101,103,106,107,109,241,243,119,252,253,254
128,261,266,271,272,277,278,279,280,282,44,177,63,323,324,69,68,70,71,200,76,79,83,86,87,93,95,100,101,105,234,106,109,110,239,240,111,112,116,117,246,120,121,251,255
1,261,264,12,269,276,278,283,168,42,298,191,324,69,198,73,75,80,81,83,84,85,213,87,88,89,90,92,248,97,98,105,107,109,112,241,114,115,243,117,116,247,120,253,254
3,263,264,267,268,269,270,273,276,277,283,32,43,51,320,69,75,79,80,81,84,86,87,88,89,248,121,97,98,100,106,109,110,241,243,117,246,120,249,251,252,253,254
141,144,145,146,147,148,155,156,157,158,160,161,164,293,36,167,169,298,171,170,172,174,301,304,177,178,179,180,309,181,310,184,305,308,318,330,208,173,302,175
2,135,13,142,143,144,145,146,147,148,18,149,153,154,155,284,157,156,159,160,158,161,294,167,296,170,299,171,172,302,175,176,173,178,174,52,179,180,181,184,186,330,204
128,142,143,144,145,146,147,148,149,278,153,154,155,157,158,159,162,294,167,171,172,174,175,304,305,178,177,308,309,179,182,184,310,185,321,193,330,203,209,83,212,95,114,115
130,5,141,142,144,147,148,149,153,282,154,156,158,159,160,292,165,294,293,167,296,166,43,172,299,174,171,170,305,306,301,308,175,303,177,179,307,310,184,330,295,246
268,141,142,143,144,145,147,148,149,150,276,153,154,155,156,158,31,160,161,292,294,167,296,169,170,299,171,172,174,175,48,176,306,178,177,179,180,183,307,310,184,187,330,211,125
130,5,141,13,144,272,146,147,149,150,151,152,153,155,157,158,159,160,161,164,296,170,299,300,301,174,175,304,305,306,307,308,178,177,180,179,330,74
135,10,138,11,141,142,16,275,276,148,149,153,26,154,156,158,292,167,295,297,170,299,172,300,174,303,175,171,306,177,179,307,308,311,310,309,184,73,329,330,81,84,216,91,102,231,237,239,246,251
135,10,138,141,142,271,144,145,147,276,275,148,155,156,158,160,161,292,295,170,299,172,174,303,175,177,306,307,180,309,310,311,184,179,308,323,200,329,72,73,330,239,246,251
11,269,141,143,16,145,147,148,149,150,151,22,152,26,283,156,158,159,32,160,162,163,164,165,295,296,297,298,299,169,168,302,42,304,170,178,307,308,309,180,175,184,182,330,208,214,47
134,10,138,16,145,144,275,148,26,154,156,155,157,158,160,161,292,164,167,297,169,170,172,173,302,303,304,175,306,301,179,180,310,311,55,181,65,324,329,73,330,231,237,110,239,113,246
128,130,141,13,142,145,147,148,149,153,154,158,292,293,295,296,169,170,299,300,172,167,175,304,177,305,307,308,309,310,311,184,179,330,220,171,174,303,123,252
261,265,141,142,269,144,145,273,147,149,156,28,158,31,160,294,296,169,170,299,173,302,175,304,303,178,307,308,309,184,68,70,71,330,80,81,84,86,87,88,89,97,98,106,109,116,118,119,121,253
0,2,3,266,141,13,142,144,145,147,276,281,27,155,157,158,160,161,164,167,296,39,42,168,170,173,300,47,304,175,178,307,308,181,180,55,179,190,70,198,71,330,88,118
141,142,143,145,146,147,148,149,153,154,155,156,29,158,161,294,295,296,169,297,299,298,167,302,175,304,176,178,171,180,309,174,177,184,179,182,310,166,330,88,172
137,141,142,144,145,146,148,149,154,155,157,158,159,160,164,292,294,295,296,167,170,299,172,300,174,175,304,305,306,307,308,178,309,55,303,179,310,184,324,198,330
141,142,144,145,146,147,148,149,279,154,155,156,157,286,159,158,160,161,164,167,296,169,42,299,168,170,300,303,304,305,178,307,308,309,181,55,175,179,180,190,330,172,173
142,143,144,145,146,147,148,149,153,154,155,284,29,157,156,160,161,158,293,294,167,296,297,170,299,166,173,302,175,171,172,178,301,174,177,179,181,310,184,204,209,108
4,141,142,143,144,145,146,147,276,149,148,155,156,29,158,159,161,294,295,296,297,298,299,169,170,174,172,304,175,178,180,309,310,54,184,311,330,92,105,122
142,143,144,145,146,147,148,16,150,151,152,22,155,284,29,158,159,160,161,162,163,165,294,295,296,168,170,299,173,302,174,304,175,178,307,308,309,182,184,185,63,72,73,330,225
265,141,143,144,145,146,147,148,149,150,152,153,154,155,284,156,29,158,160,289,159,294,166,296,169,170,299,167,171,302,300,176,172,178,174,175,177,306,179,184,305,310,66,107,119,126
1,142,144,145,147,148,149,155,156,157,158,160,164,292,294,295,296,168,170,299,172,173,174,175,304,303,178,307,308,309,180,310,184,181,179,324,330,83,92,232,105,112,114
130,141,142,144,145,147,148,149,153,154,155,156,158,161,292,293,166,295,167,169,170,299,172,43,174,175,303,177,305,307,308,309,310,179,184,316,200,330,171,251
128,130,141,142,148,277,149,153,154,158,162,292,167,295,170,299,300,171,172,175,304,177,174,307,308,309,303,179,184,310,61,63,321,330,87,220,109,114,117,120,123,252
135,13,142,145,150,151,152,22,156,30,287,159,32,290,35,292,165,37,295,167,297,170,42,300,168,44,303,304,177,174,307,308,309,175,55,184,179,52,182,199,328,201,330,218,172,230,233,236,237
3,12,141,143,144,273,149,150,151,152,155,285,158,159,160,161,162,163,164,34,294,295,296,165,168,299,171,170,43,175,304,306,307,178,308,179,180,184,182,185,330,83,92,105,111,112
142,143,144,145,146,147,148,149,153,154,155,284,157,29,159,160,33,158,292,293,294,166,296,167,170,299,171,173,302,175,172,174,178,305,308,309,177,179,184,180,182,183,310,330
134,135,141,142,145,148,149,153,154,156,157,158,159,161,292,293,166,167,295,170,299,172,173,174,303,304,177,305,300,175,181,310,55,184,309,179,307,308,330,88,171,121
143,144,145,146,147,20,148,154,155,156,157,158,160,161,164,294,167,296,297,41,299,169,173,302,303,304,170,172,175,180,309,181,178,184,179,65,71,330,88,255
2,135,141,13,143,144,145,146,147,155,29,158,159,160,161,157,164,166,295,296,297,170,299,294,167,174,175,304,306,307,308,309,180,178,184,179,324,330,218,110
134,10,266,141,145,19,276,148,149,150,151,152,275,154,156,159,162,292,164,165,167,168,297,171,172,174,46,303,304,177,178,307,308,309,55,180,311,310,306,179,182,186,316,330,237,47,175,246
1,2,142,143,144,145,146,147,148,149,19,155,156,157,158,160,161,164,294,295,296,38,42,299,170,167,302,169,298,173,178,307,308,309,175,181,184,180,179,61,330,93,94,105
130,141,142,147,148,149,153,154,158,292,293,167,296,169,295,299,300,172,174,175,43,177,178,307,308,306,179,55,309,184,310,330,170,171,106,117,303
141,142,144,145,146,147,148,149,155,157,158,161,164,292,165,167,296,295,297,299,170,172,174,173,304,305,178,306,180,309,179,183,184,310,307,308,181,330,79,88,175,303
135,10,138,140,141,16,144,275,147,148,149,153,26,154,156,155,158,160,292,293,294,167,166,171,172,174,303,175,177,306,307,308,179,310,311,180,184,73,329,74,81,216,91,231,237,239,243,246,251
129,142,143,144,145,146,147,283,155,156,157,158,160,161,164,294,295,296,297,170,299,167,169,302,303,304,172,178,307,308,309,180,175,184,49,179,181,311,65,330,173,174,112,253,254
265,141,142,143,144,145,146,147,148,149,153,154,155,284,29,157,159,160,156,290,158,161,164,294,167,296,41,170,299,169,173,302,175,300,172,297,301,179,309,180,181,184,330,227,108,119
128,141,142,144,147,148,149,153,154,155,285,157,158,160,161,164,166,167,296,170,171,299,301,172,173,304,305,178,179,174,181,175,180,185,193,321,330,83,212,215,228,105,240,114,115
1,142,145,146,147,148,149,150,151,152,156,158,159,162,165,294,296,168,170,299,171,172,175,178,50,185,61,321,193,196,330,203,209,212,87,90,95,105,109,114,115,249
261,141,142,143,144,145,146,147,148,149,269,281,155,156,158,31,160,294,295,296,298,299,170,302,304,178,307,180,309,184,68,70,71,330,79,81,86,87,88,100,106,109,110,112,116,117,121
257,258,141,143,144,145,146,148,149,153,154,155,158,287,160,34,292,293,166,295,296,297,167,299,294,170,171,172,304,177,305,307,308,309,310,174,175,179,180,184,318,322,324,330,89,301,248
4,142,143,144,145,146,147,148,149,150,151,152,153,154,155,29,31,160,159,162,165,294,295,296,167,170,299,168,172,302,175,304,178,307,308,309,179,182,62,211,99,110,125
269,142,143,144,145,146,147,148,149,141,153,154,283,156,155,286,158,32,164,292,166,293,296,169,167,299,171,172,174,302,304,175,178,307,180,177,306,179,184,310,308,330
142,143,144,145,146,147,20,148,155,156,157,29,159,160,158,292,294,295,296,297,170,299,172,301,302,174,304,175,303,307,180,309,178,310,184,308,330,88,125
141,142,145,147,148,149,150,153,154,156,158,292,293,167,296,169,295,171,172,301,174,300,170,177,305,307,308,306,310,179,184,309,330,299,175,303
128,129,130,131,132,5,134,135,133,136,138,10,140,139,16,275,276,26,285,286,288,289,290,291,43,306,324,329,73,81,84,213,216,91,231,237,239,246,122,123,124,125,126,127
128,129,130,131,132,133,134,135,136,137,138,139,140,144,146,23,284,29,286,287,285,289,290,291,288,52,55,56,64,196,204,205,119,122,123,124,125,126,127
128,1,129,0,132,130,131,133,134,135,136,138,139,140,19,278,285,286,287,288,289,290,291,61,63,321,193,195,203,206,83,212,215,90,92,95,223,105,240,117,122,123,124,125,126,127
128,257,129,130,131,5,134,135,132,133,138,10,140,136,137,139,16,275,276,282,26,285,286,287,288,289,290,291,303,324,329,81,84,91,219,239,246,122,123,124,125,126,127
128,129,130,131,132,5,134,135,133,136,138,10,140,137,139,16,275,276,26,285,286,287,288,289,290,291,303,311,73,329,81,84,216,91,102,231,123,237,239,246,122,251,124,125,126,127
128,130,131,132,133,135,8,137,138,139,12,269,136,140,17,21,23,27,28,283,286,287,285,288,289,290,164,166,40,42,44,47,178,307,187,188,192,71,244,122,123,125,127
128,129,130,131,132,133,134,135,5,137,263,139,267,138,136,140,145,285,286,287,288,289,290,291,39,55,328,230,236,125,122,123,124,253,126,127
0,129,130,128,131,5,133,132,134,137,265,135,136,138,139,140,144,18,150,284,285,286,288,289,290,291,33,52,56,64,67,75,76,227,107,253,122,123,125,126,127
128,129,130,131,4,132,133,134,135,137,136,138,12,139,140,17,276,21,23,285,286,287,288,289,290,291,42,52,55,57,186,64,65,324,197,70,71,204,205,122,123,124,125,126,127
128,129,130,131,132,133,134,135,136,137,138,11,12,269,139,140,145,22,283,285,286,287,32,289,34,288,290,291,40,42,47,55,187,315,324,71,208,214,95,122,123,124,125,126,127
128,129,130,131,132,133,134,135,8,137,138,11,12,10,136,139,140,17,21,23,27,285,286,287,288,289,290,291,40,42,47,55,57,71,221,236,244,122,123,124,125,126,127
128,129,130,131,132,133,134,135,136,138,10,140,139,16,275,276,151,26,28,285,286,288,289,290,291,292,165,46,303,50,324,73,329,81,84,216,91,219,231,237,239,246,122,123,124,125,126,127
128,129,130,131,132,133,134,135,136,265,137,139,138,140,19,285,286,287,288,289,290,291,48,55,213,122,123,124,125,126,127
128,129,130,131,132,3,133,135,136,137,134,138,139,140,273,281,285,286,287,288,289,290,291,39,308,316,220,223,241,117,125,122,123,252,253,126,127
128,129,130,131,132,133,134,135,136,137,138,139,265,140,19,285,286,287,288,289,290,291,55,122,123,124,125,126,127
128,129,130,131,132,3,134,133,136,137,138,135,139,140,19,278,285,286,287,288,289,290,291,43,313,316,320,321,203,83,232,110,240,117,122,123,124,125,126,127
128,129,130,131,132,133,134,135,136,137,265,139,138,140,19,147,285,286,287,288,289,290,291,169,176,48,122,123,124,125,126,127
128,129,130,131,132,133,134,135,136,137,265,139,138,140,285,286,287,288,289,290,291,48,308,309,328,220,233,122,123,124,125,126,127
128,129,130,131,132,133,134,135,136,137,138,139,140,280,285,286,287,288,289,290,291,39,170,175,48,308,55,58,59,218,227,101,233,107,119,122,123,124,125,126,127
128,129,130,131,132,261,134,5,133,135,138,136,137,139,140,277,285,286,287,288,289,290,291,43,55,318,63,324,198,203,83,215,92,229,106,234,110,240,113,117,122,123,124,125,126,127
128,129,130,131,132,261,133,134,135,137,136,138,139,140,17,19,278,285,286,287,288,289,290,291,51,316,320,321,203,78,83,212,85,215,229,240,112,117,122,123,124,125,126,127
128,129,2,130,131,132,133,135,134,137,265,266,136,138,139,140,285,286,287,288,289,290,39,41,42,173,52,53,55,189,70,199,71,201,207,217,122,123,124,125,126,127
128,129,130,131,4,132,133,134,135,137,136,8,139,140,17,21,23,27,28,285,286,287,288,290,164,40,42,44,47,178,52,55,57,186,192,65,64,197,198,204,205,208,122,123,125,127
128,1,130,129,132,261,134,131,136,133,138,10,135,137,139,140,277,26,285,286,287,288,289,290,291,43,46,54,61,63,324,83,219,92,232,238,239,120,122,123,124,125,126,127
128,129,130,131,132,5,134,261,136,137,138,133,135,139,140,277,285,286,287,288,289,290,291,43,324,200,212,100,229,238,122,123,124,125,126,127
128,129,130,131,132,133,134,135,8,137,5,136,138,139,140,17,276,23,28,285,286,287,288,289,290,291,42,47,55,56,57,65,70,204,122,123,124,125,126,127
128,129,130,131,132,3,134,133,135,137,136,139,138,140,19,285,286,287,288,289,290,291,293,198,220,230,110,122,123,124,125,126,127
128,129,130,131,132,3,134,135,136,137,138,10,140,133,139,16,285,286,287,288,289,290,291,164,43,200,329,231,233,123,239,246,122,251,124,125,126,127
128,129,2,131,130,132,134,133,136,265,266,138,135,139,140,285,286,287,288,289,290,35,291,52,53,55,189,324,70,199,201,207,217,122,123,124,125,126,127
128,129,130,131,132,133,134,135,136,137,138,139,140,17,23,285,286,287,288,289,290,291,41,170,52,55,56,59,64,65,218,101,230,233,107,119,122,123,124,125,126,127
264,9,26,27,43,47,313,314,187,316,317,189,191,320,186,194,192,324,325,198,327,200,329,201,328,197,326,199,202,208,209,210,205,206,213,214,207,212,215,216
135,10,138,16,275,314,187,188,317,189,191,186,192,322,194,324,195,197,327,199,329,200,73,202,198,201,328,204,81,205,206,207,213,208,209,216,210,212,91,214,215,231,239,246
10,138,16,275,276,26,186,315,188,317,187,319,316,189,191,192,324,194,198,199,328,329,202,200,195,197,201,204,205,206,207,80,209,213,210,208,216,212,214,91,215,246
261,207,283,47,313,186,187,316,317,191,192,193,321,323,196,325,326,324,327,198,197,203,320,319,199,200,208,209,194,202,204,205,195,206,216,210,212,213,92,214,215,328,201
259,260,6,267,145,278,287,312,186,315,187,317,318,319,191,322,323,196,324,195,194,328,200,201,197,199,202,205,207,208,209,210,213,214,215,216,236,122,126
136,269,145,26,43,47,313,186,314,316,317,187,188,320,189,194,191,324,325,198,327,199,69,202,200,192,197,326,201,208,205,206,207,209,213,214,210,212,215,216
10,275,34,47,310,312,314,315,187,317,318,319,186,191,322,323,324,325,194,197,200,329,73,202,199,72,328,74,208,201,205,207,209,213,210,212,215,216,221,239,243,251
204,135,10,138,16,275,26,303,311,186,187,188,317,189,191,192,322,194,195,197,199,200,73,329,202,327,201,328,205,206,81,207,208,84,213,209,210,216,212,214,91,215,231,237,239,246
135,10,11,138,275,32,47,186,315,187,188,317,319,192,191,322,323,196,194,195,199,200,329,202,201,328,197,326,205,208,206,207,209,210,213,214,212,216,215,244
2,266,283,32,167,42,47,53,186,187,315,317,188,189,192,314,191,323,324,322,326,199,71,201,202,200,329,197,327,207,208,194,205,209,210,213,214,215,217
6,9,12,287,313,186,315,187,316,317,318,320,321,322,323,196,195,324,199,328,200,319,191,197,201,202,205,208,209,194,207,210,213,211,212,215,216,217,230,236,245,122
137,138,10,206,275,152,186,187,316,317,315,191,188,189,322,323,324,319,198,327,328,329,199,200,202,192,197,72,201,194,205,78,207,213,208,209,216,210,212,91,215,94,236
264,9,268,276,283,47,313,314,187,316,317,188,189,320,191,186,323,324,69,192,327,200,329,201,328,197,326,199,202,208,194,205,206,207,213,209,210,212,214,215,216,106,247
2,5,26,167,42,43,173,47,53,55,313,186,314,316,189,317,190,320,191,187,319,324,194,198,199,70,201,328,197,204,205,326,202,207,208,209,210,213,214,215,217
6,263,47,48,313,314,186,316,189,317,190,320,187,191,192,324,69,198,326,328,200,199,194,197,201,202,205,206,209,210,211,212,207,214,208,82,213,215,216,94,236,241,123
257,3,260,262,134,267,12,287,34,51,312,314,187,315,317,318,319,320,186,322,191,324,194,197,199,328,200,329,201,202,205,207,208,209,210,212,213,215,89,221,229,230,236,245
11,18,26,282,186,41,42,313,314,187,316,317,189,190,320,321,191,323,324,318,198,199,200,192,202,194,67,197,201,205,208,209,210,78,207,213,206,212,215,216,96
261,269,28,31,47,186,187,315,188,317,191,192,215,323,196,197,326,195,328,201,202,200,204,205,198,71,208,209,75,79,81,213,214,68,216,217,210,84,69,86,87,88,89,97,98,106,109,116,120
12,276,314,187,186,317,315,191,320,316,322,323,324,189,198,327,328,200,329,202,199,319,192,201,208,209,194,205,206,213,195,207,216,210,212,214,215,197,104
3,12,269,17,281,42,298,47,308,55,186,187,316,317,189,190,320,321,191,192,324,196,198,194,328,195,197,199,204,201,202,200,205,209,206,207,208,213,210,212,214,215,216,225,233,117
257,6,12,269,283,287,32,34,42,47,314,315,187,188,317,319,186,191,322,323,324,192,321,71,328,200,202,194,197,326,199,201,208,204,205,207,209,213,214,210,212,215,216,236
4,9,148,176,48,183,186,187,316,317,189,191,192,194,195,323,197,196,198,200,199,328,201,204,205,202,206,208,209,207,211,210,213,214,212,215,217,216
2,3,135,12,269,281,38,42,47,48,313,314,187,316,317,61,189,320,321,186,323,195,324,198,191,328,200,192,194,197,199,201,202,205,209,210,206,207,208,212,213,215,216,223,117
133,7,137,276,280,290,291,170,42,182,55,186,59,187,188,189,191,318,65,194,195,324,197,198,199,328,201,202,204,205,207,208,209,81,210,211,213,212,215,216,218,100,101,233,107,119
130,5,134,138,26,284,43,306,313,186,314,316,317,189,190,320,191,187,192,324,194,198,199,195,197,326,200,204,205,201,202,328,209,206,83,207,213,208,210,212,214,218,215,216,127
289,41,48,186,187,315,188,317,191,319,192,66,323,196,324,198,197,328,201,194,199,204,205,200,207,208,209,202,211,206,210,212,213,215,217,216,119
264,18,282,43,51,313,314,186,316,317,189,187,320,321,191,323,324,69,198,68,200,194,67,203,197,199,78,328,201,209,202,205,212,213,86,207,208,210,215,216,96,106,117,246,253
128,12,278,47,63,186,187,316,317,189,191,320,321,193,195,196,324,323,198,328,192,194,203,197,199,206,201,202,209,210,83,212,204,205,215,207,208,213,216,223,200,114,117
128,262,12,278,47,312,313,314,187,316,317,190,186,320,321,191,195,196,324,198,192,328,200,194,203,197,199,201,202,205,209,210,206,212,213,207,215,208,214,216,89,223,117
6,11,145,275,287,186,315,187,317,189,319,191,192,322,323,196,194,197,199,328,200,202,329,74,72,201,205,208,209,206,211,207,213,214,210,216,212,215,236
135,10,138,16,275,26,311,186,187,188,317,189,191,192,322,194,324,195,197,199,200,329,202,73,201,328,204,205,206,81,207,208,84,213,210,209,216,212,214,91,215,231,237,239,246
2,133,137,276,280,290,166,170,53,55,186,59,187,191,192,65,321,323,196,197,194,68,328,326,199,201,204,205,202,207,208,209,210,211,213,214,215,218,91,247,101,103,233,107,119
26,29,55,314,186,187,317,316,189,320,192,190,191,324,197,198,326,328,327,196,199,204,205,202,201,208,209,194,206,207,210,195,212,213,214,215,216,200
1,2,262,48,186,187,61,317,191,192,321,194,323,196,195,324,197,328,198,326,201,204,205,199,202,200,209,206,211,207,208,210,87,212,217,213,215,216,89,232,105,109
128,276,26,156,42,43,55,189,186,187,316,317,318,190,320,321,191,323,324,188,198,199,200,329,328,203,192,197,201,202,208,194,205,206,207,213,195,209,210,212,215,216,228,106,110
135,138,10,16,275,26,28,303,305,186,187,188,189,317,191,192,322,323,324,194,198,195,197,329,73,202,199,200,201,328,205,81,206,207,84,213,208,209,216,210,212,91,215,231,237,239
128,9,12,273,278,288,186,187,316,61,190,191,192,321,193,195,196,323,324,194,328,197,199,203,201,202,206,200,77,209,210,205,212,207,208,215,87,213,216,92,105,109,114,117,120
10,138,140,16,275,276,40,42,303,177,311,186,187,188,189,317,191,322,194,324,197,327,200,73,329,199,328,202,201,205,206,81,207,208,209,213,210,212,216,215,91,231,237,239,246,251
257,258,260,269,275,283,287,34,312,186,315,188,187,316,317,318,319,322,191,324,192,194,197,200,328,198,199,201,202,205,206,207,208,209,210,212,213,215,216,89,229,230,236,245,122
261,12,206,283,186,47,312,314,187,315,316,317,318,320,321,322,323,196,324,195,199,200,328,319,203,191,192,197,201,202,209,210,194,204,213,205,215,207,208,212,214,216
269,281,25,283,47,313,186,315,314,317,187,316,320,189,191,323,324,192,198,327,328,200,329,194,197,326,199,201,208,202,210,205,206,213,214,207,209,212,215,216,117
128,43,60,179,314,186,316,189,187,63,320,321,193,194,324,325,191,199,200,329,192,203,195,197,201,207,202,328,210,205,212,206,208,215,87,209,213,214,92,216,232,117,120
205,18,281,282,159,34,43,186,187,316,189,317,191,320,321,193,67,68,325,324,198,200,69,323,203,197,199,78,201,202,209,210,194,212,213,86,215,207,208,216,96,106,120
133,31,289,41,170,42,48,186,187,317,189,191,192,66,323,324,196,194,195,328,197,202,74,204,199,201,207,200,209,205,211,206,208,210,212,213,217,218,91,214,215,216,119,124
148,31,47,48,176,183,314,186,187,316,317,191,320,192,194,323,196,197,324,198,200,328,72,195,204,205,199,201,208,209,202,211,206,207,210,212,213,214,215,216,232
276,26,31,289,48,55,186,315,316,317,187,188,189,191,192,323,324,196,198,326,200,194,202,197,204,205,199,207,328,209,201,211,206,208,195,210,212,213,215,216,94
261,206,301,187,52,313,314,186,316,189,317,61,320,321,193,190,324,325,198,196,328,191,192,203,195,197,199,200,201,209,210,194,212,213,205,215,207,208,216,94,104,114,117,202
264,9,269,276,26,283,43,47,313,314,187,188,317,316,189,320,191,186,318,324,325,198,327,200,326,328,329,197,199,201,202,208,194,205,207,209,213,322,210,212,214,215,216,98
135,138,10,275,311,186,187,188,189,317,319,320,191,322,323,192,194,198,327,200,329,73,195,197,326,199,201,202,81,204,205,206,213,207,208,216,209,210,212,214,215,231,237,239,328,246,251
0,3,12,289,186,60,47,314,187,316,315,190,188,317,321,322,323,318,319,191,327,328,200,194,324,325,197,206,199,201,209,202,205,212,213,207,208,210,85,215,220,223,236,117
135,10,138,16,275,311,186,187,316,189,317,191,192,322,194,324,195,197,327,200,329,73,202,199,198,201,328,204,205,206,207,84,213,208,209,216,210,212,91,214,215,231,237,239,246
6,135,10,138,140,16,275,303,311,186,187,317,191,192,322,323,194,195,197,198,200,329,73,202,199,201,328,204,205,81,206,207,84,208,209,210,216,212,213,91,214,215,231,236,237,239,246
4,5,6,10,138,275,276,28,34,43,312,186,315,187,317,318,319,191,192,322,194,324,197,195,327,200,329,328,199,201,202,205,206,207,208,209,210,212,213,215,216,249
5,276,26,283,313,314,186,316,317,189,191,320,187,322,192,324,197,198,327,328,329,194,325,204,205,199,200,208,201,202,206,207,213,209,210,212,214,215,91,216,326,106,246,247
3,12,269,283,29,289,42,47,186,187,316,317,189,191,192,321,194,195,324,196,198,323,328,197,199,200,201,202,204,205,206,209,207,208,212,210,213,214,215,216,223,233,236,241,253,254
2,132,6,264,24,26,43,47,50,55,56,313,57,314,316,60,317,191,320,186,187,192,324,69,198,327,199,194,195,197,326,200,201,202,328,205,206,207,208,209,210,212,213,214,215,219,216,243
264,276,26,283,27,47,313,186,314,316,189,187,188,320,317,191,192,324,194,198,327,326,199,200,197,328,201,202,207,208,205,206,209,210,213,212,214,215,217,216,237,254
204,206,207,188,189,313,314,186,60,317,316,187,320,193,194,321,324,325,198,327,196,329,191,203,192,197,199,201,208,209,202,205,212,213,195,215,216,210,214,200,328
6,135,10,138,145,275,276,150,287,186,315,187,188,317,319,191,322,323,324,194,197,199,328,329,202,73,200,72,201,75,208,76,205,207,209,213,210,212,216,215,91,236,237
12,269,275,23,281,283,32,39,42,47,48,185,314,315,188,187,316,317,192,319,322,323,324,196,326,191,328,200,194,197,199,201,202,205,208,209,210,213,214,215,236
10,12,47,48,313,314,315,316,317,187,188,320,189,186,323,324,191,198,199,200,328,329,202,327,192,197,201,204,194,205,206,207,213,195,208,216,209,210,212,214,215,236,239
3,279,281,47,48,313,186,314,187,317,316,189,320,190,191,192,194,197,198,327,328,200,201,326,329,202,199,205,208,209,206,207,210,213,214,212,215,216
12,269,279,283,32,186,42,47,182,314,187,188,189,315,316,192,317,319,323,196,324,326,195,328,201,200,198,191,197,199,202,208,209,194,205,207,210,214,213,215
11,12,269,18,282,283,42,47,315,187,188,317,319,189,191,322,323,324,68,326,198,200,328,202,192,67,197,199,201,208,209,194,205,78,213,214,207,210,215,96,105,253
128,12,269,22,283,42,47,48,186,187,316,315,188,317,192,321,191,323,196,195,326,194,328,201,197,199,202,204,206,205,208,209,207,210,213,214,215,114,123
270,15,275,26,186,313,314,315,316,189,187,188,317,318,322,194,324,325,191,327,200,329,202,199,192,197,201,328,205,206,207,208,209,213,195,215,210,212,216,228,109,126
263,268,275,31,289,172,48,313,186,315,187,317,189,319,191,321,66,195,196,323,197,194,328,201,199,200,204,202,205,207,208,209,210,211,212,213,215,216,217,119,124
3,12,186,42,43,300,314,315,187,317,190,316,320,189,322,318,324,191,198,199,328,200,327,329,319,192,197,201,208,194,210,202,205,213,195,206,207,209,212,215,216,236
128,204,261,205,206,186,313,314,187,316,317,190,191,320,321,193,195,196,189,198,327,192,201,194,203,197,199,200,202,208,209,210,83,212,85,213,215,207,214,216,328
128,204,262,278,51,186,187,316,317,191,320,321,193,195,196,324,198,325,192,194,197,203,199,328,206,201,202,209,210,83,212,85,205,215,207,208,213,216,92,89,223,105,200,240,117
3,263,12,14,271,156,43,47,313,314,187,316,61,189,188,320,317,186,323,324,191,198,192,200,329,194,195,197,199,328,201,202,205,206,207,208,213,209,210,212,214,215,219,216,223,242,118
135,10,138,140,11,16,275,26,311,186,187,188,189,317,191,192,322,194,195,197,326,327,200,73,329,202,199,201,328,204,205,81,206,207,208,213,209,210,216,212,214,215,231,239,246
135,10,138,140,11,16,275,276,311,186,315,187,188,189,319,318,191,322,323,194,195,197,199,328,329,73,202,200,201,205,207,208,81,210,211,209,213,212,215,216,91,231,237,239
130,269,26,43,47,53,313,314,186,316,189,317,190,320,191,187,192,324,69,198,327,199,194,197,326,200,205,201,207,208,202,206,209,212,210,213,214,216,215,106,328,117,118
128,205,206,19,278,285,187,313,314,186,316,317,190,191,320,321,193,194,196,325,189,192,195,197,198,199,200,201,202,328,204,209,210,83,212,85,213,215,207,208,214,216,223,240,117
128,269,206,278,283,186,187,60,316,190,191,320,193,321,189,324,192,326,198,194,195,197,199,204,200,201,202,328,209,210,83,212,85,205,215,207,208,213,214,92,216,223,105,117,253
2,265,18,282,41,186,187,315,317,188,189,191,321,194,67,323,196,195,68,200,324,201,328,326,197,206,199,80,209,208,202,205,78,207,210,212,217,213,215,92,216,96,105,115,253
6,267,12,145,287,186,315,187,317,61,319,192,321,191,323,324,196,195,194,328,201,200,322,325,197,327,207,208,209,202,205,210,213,215,221,199,236,109
2,265,266,167,42,47,53,181,55,314,186,187,189,317,191,194,323,324,197,70,199,71,201,198,329,326,200,202,207,208,205,206,209,210,213,212,214,215,217,216,231,117,121
9,11,186,187,315,189,188,317,192,319,191,323,196,195,194,199,200,201,202,328,197,205,326,207,208,209,206,211,210,213,214,212,216,217,215,91
