0,1,3,5,133,11,12,13,16,20,22,27,30,32,289,34,35,37,295,170,43,44,52,54,315,59,188,190,194,324,199,201,202,214,216,88,218,222,95,229,230,231,232,234,237,127,255
257,261,262,7,11,12,269,15,16,280,26,28,31,34,295,40,43,46,303,56,61,324,68,69,199,71,329,202,207,79,80,210,81,214,86,87,89,88,219,221,222,98,229,106,236,109,114,116,245
3,6,7,136,9,12,141,15,16,18,274,22,24,28,29,293,166,167,41,42,299,43,172,47,50,179,313,58,187,317,63,320,69,198,327,220,221,94,222,224,226,234,238,252,127
3,131,6,7,11,12,15,18,22,31,32,289,34,163,38,295,40,41,42,299,46,48,50,307,53,56,57,316,317,60,61,322,67,324,68,205,85,217,219,221,94,96,225,227,100,236,122,123,255
255,5,137,12,13,20,23,30,32,289,33,35,36,37,295,40,44,45,303,49,51,52,54,57,59,190,62,64,194,66,197,200,201,329,214,216,218,222,224,230,231,233,234,237,113,127
3,4,266,10,12,271,16,275,22,24,281,162,34,295,39,42,43,173,47,55,312,186,315,316,189,58,63,322,324,198,73,330,75,207,209,213,214,89,223,229,104,233,239,242,118,122,251
0,129,1,5,6,7,9,13,17,21,23,27,30,159,32,37,166,42,43,44,45,46,178,50,51,52,54,187,317,62,63,66,196,198,85,90,221,222,224,225,228,230,105,234,237,238
0,1,3,5,134,11,12,13,15,16,17,18,19,21,23,153,281,27,157,30,32,289,33,163,36,37,41,42,172,44,45,51,317,319,192,64,202,215,90,94,225,229,233,238,252,255
6,264,136,9,267,271,16,22,24,35,293,166,295,167,43,299,50,179,313,186,315,316,317,188,189,320,319,58,187,324,63,198,327,72,207,213,215,90,220,222,224,226,234,238
0,3,5,134,8,12,19,20,152,281,157,289,167,295,39,41,42,43,303,175,54,58,59,188,192,66,198,329,78,214,216,218,90,222,223,227,230,231,233,234,237,238,113,118
1,260,4,262,135,5,13,275,147,23,155,32,34,37,294,297,44,45,176,51,309,54,184,194,323,195,196,66,203,206,85,89,222,224,227,228,230,104,233,234,237,115,122,251,255
0,1,5,134,11,12,13,16,17,19,22,151,152,27,30,32,33,34,35,37,41,42,43,44,52,54,59,316,315,188,190,192,319,64,324,202,208,213,215,89,90,218,222,229,230,232,233,234,238
5,134,12,13,30,287,32,289,33,37,167,295,43,44,45,51,52,54,59,188,189,190,319,192,62,194,64,66,329,202,78,209,213,214,215,216,222,224,225,228,230,105,234,237,122
257,260,5,262,4,137,9,10,16,22,26,28,42,43,303,54,58,59,63,194,66,197,199,200,329,202,81,216,89,218,222,223,224,230,231,233,234,237,238,239,113,251,255
0,1,3,8,266,138,12,13,142,15,16,19,22,23,27,30,32,33,34,35,295,41,44,52,59,188,189,317,319,64,321,194,324,75,207,209,213,217,218,94,227,228,100,229,104,232,255
0,3,4,5,12,16,19,20,22,24,26,289,34,295,39,42,43,175,47,54,55,59,188,189,190,63,194,329,207,214,216,217,218,222,223,100,101,230,231,233,234,237,238,239,255
5,6,9,11,13,21,30,32,37,295,167,43,44,45,303,50,51,52,54,315,59,188,187,319,62,194,66,198,327,329,202,78,207,209,213,214,215,216,222,224,228,230,234,237,238
0,5,262,137,13,142,20,26,157,32,289,37,39,43,44,174,303,175,49,50,51,54,59,190,194,66,197,200,329,78,214,216,218,222,224,225,230,231,233,234,235,237,113,118,127
130,131,3,5,134,6,136,7,267,12,141,145,274,25,286,287,31,289,38,295,299,300,302,47,48,46,50,53,56,57,315,60,61,319,66,67,72,219,221,96,97,230,232,236,123,125,127
5,262,137,266,13,20,160,32,33,292,36,37,295,43,44,45,303,49,51,53,54,59,64,194,66,197,199,200,329,201,81,214,216,217,218,222,224,228,230,231,233,234,237,113,255
3,5,6,7,136,265,9,11,12,10,17,18,24,41,42,43,299,50,54,313,58,315,316,188,317,187,320,59,66,198,327,208,218,222,224,226,229,230,231,233,234,106,238
0,1,3,4,10,11,12,15,16,17,22,24,26,27,28,34,163,292,295,39,42,171,43,303,47,311,55,186,315,316,188,189,319,63,321,199,329,207,209,210,213,214,216,223,233,234,239
129,132,5,6,7,10,19,20,278,154,285,31,289,162,43,50,53,54,56,57,59,188,60,190,61,194,67,324,196,329,202,83,216,218,222,228,101,230,231,105,234,237,111,240,113,112,117,127
256,261,263,264,265,269,271,273,277,279,281,282,283,32,69,71,72,74,203,79,81,84,87,89,90,91,95,97,98,106,109,241,114,243,116,117,119,248,123,252,253,254
130,259,3,5,261,7,264,263,266,268,269,141,15,271,299,172,300,305,188,317,68,69,72,73,75,81,211,84,87,89,93,94,96,97,98,248,100,104,109,242,243,120,249,123,127,255
256,5,262,261,264,267,11,269,270,273,279,281,283,32,36,43,190,194,325,70,69,75,79,81,84,87,89,222,94,248,97,98,228,101,100,104,106,109,241,114,243,120,251,252,253,254,255
264,8,269,270,271,17,21,22,23,282,27,283,32,166,178,182,186,187,192,69,326,71,72,74,75,202,77,79,208,81,87,216,92,99,105,106,241,114,244,117,245,248,253,254,255
257,258,260,5,262,136,269,271,16,15,22,280,282,283,32,36,305,187,188,192,197,70,325,69,329,202,326,71,77,208,81,84,214,87,89,219,225,98,100,229,101,109,114,115,244,245,123,127,255
256,261,262,266,10,267,269,270,271,16,275,51,194,324,68,69,71,198,73,202,75,80,81,86,87,88,89,93,94,100,101,103,104,109,111,114,243,116,246,248,251,255
256,257,258,261,7,264,266,267,268,15,276,277,278,282,291,292,316,319,68,325,70,327,72,71,202,75,76,79,213,86,215,87,219,93,100,101,104,234,106,111,114,242,116,117,247,120,121
261,264,265,11,269,277,282,283,32,42,320,69,70,198,71,72,202,203,76,205,73,75,208,79,81,84,119,87,89,91,92,248,97,98,101,106,109,110,241,114,243,247,120,252,253,254
256,257,258,131,260,261,262,264,265,266,267,269,271,277,282,319,322,324,325,69,72,200,202,81,84,213,215,87,89,91,247,248,97,121,98,101,104,109,114,116,245,119,120,249,122
256,260,261,135,264,263,266,269,270,271,275,277,282,69,72,73,75,81,84,85,86,87,89,92,93,248,97,121,98,101,104,107,109,111,114,243,116,247,120,249,250,251,253
257,260,261,262,263,264,267,269,270,271,16,275,283,292,303,194,325,69,200,73,202,75,81,209,84,214,87,216,89,222,248,97,98,228,104,237,109,239,114,243,246,120,249,250,251,255
256,264,265,11,269,271,273,277,282,283,284,289,41,42,43,304,50,308,66,69,198,72,328,74,203,76,202,79,208,81,84,87,217,89,91,97,227,101,106,241,114,243,119,252,253,254
256,264,265,269,271,277,282,283,289,41,302,50,182,319,66,69,71,72,202,203,79,208,81,84,213,215,87,217,90,97,99,227,101,104,106,109,241,114,243,117,119,121,252,253,254
256,264,265,266,267,269,271,275,277,151,152,279,282,281,39,40,47,48,51,185,68,325,69,327,72,70,74,71,79,80,81,86,88,97,100,101,106,111,241,114,243,116,246,119,120,121,254
257,3,261,262,264,266,267,12,269,270,15,271,275,283,284,36,190,194,325,69,73,75,81,84,214,87,88,217,89,91,92,120,94,222,97,98,100,101,228,104,107,109,243,248,249,251,255
256,261,262,264,11,269,143,271,273,277,279,281,282,283,32,190,319,325,70,69,72,202,203,79,208,209,210,81,84,213,214,215,87,89,248,97,98,101,104,234,106,109,241,114,243,119,120,252,253,254
256,257,258,261,264,266,267,13,270,271,20,277,278,22,282,30,32,34,35,37,167,44,45,52,64,322,70,199,72,200,201,75,81,213,119,88,89,120,93,97,121,100,101,229,104,111,114,116,247,248,249,122
257,258,261,264,265,13,271,20,277,278,279,22,282,30,32,34,35,37,44,45,180,52,57,64,322,71,72,199,74,75,200,201,81,119,88,89,93,95,97,249,122,104,106,111,241,116,117,247,248,121,250,253
256,257,258,259,260,261,262,264,267,269,270,15,271,277,278,287,295,186,319,324,69,70,72,75,207,81,209,213,214,87,89,93,98,100,101,230,104,108,109,114,245,248,249,122,251,255
256,257,258,131,260,262,264,266,267,269,271,275,277,281,39,47,48,310,185,324,69,72,73,74,75,81,213,86,87,88,89,94,95,121,104,109,111,114,116,245,246,248,249,122,253
256,257,258,261,264,265,266,269,271,273,277,278,279,281,282,283,32,316,319,69,327,72,202,75,79,81,213,215,119,87,89,93,248,97,98,101,104,106,109,111,241,114,243,116,247,120,121,252,253,254
256,257,258,131,260,261,262,264,265,267,269,271,277,282,322,324,69,70,71,72,74,203,81,84,213,87,89,247,92,248,97,98,101,249,104,106,109,112,241,114,245,119,120,121,122,253
259,3,260,263,264,266,268,12,270,271,272,278,25,31,289,41,43,47,48,313,190,319,65,66,69,74,211,213,87,96,99,101,232,123,124,241,250,251,127,125,255
256,260,261,263,264,265,11,269,270,271,277,279,282,283,32,319,69,70,327,72,198,202,203,79,208,81,84,215,87,89,91,247,96,97,98,248,101,106,109,241,114,243,119,120,121,250,251,252,253,254
256,264,265,269,271,273,277,279,282,283,41,302,50,66,68,69,70,71,72,74,79,81,213,86,119,217,90,95,248,97,227,101,103,104,106,111,241,114,116,117,247,120,121,253
256,2,263,264,266,267,271,277,282,160,35,36,173,49,53,189,190,319,62,324,69,70,199,72,201,202,75,207,81,213,215,217,89,92,97,98,100,101,104,237,109,111,114,120,121,255
256,257,258,131,260,262,264,266,267,269,270,271,275,282,287,51,310,184,68,69,71,72,73,75,80,81,213,87,88,89,93,94,97,100,103,104,241,114,243,245,246,248,249,122,251,253
259,3,261,263,7,264,268,269,271,272,274,25,31,41,47,48,313,60,317,66,69,74,81,211,84,87,89,94,96,97,98,99,232,109,124,242,248,127,125,255
256,264,11,267,269,270,15,271,274,275,276,281,282,283,32,163,39,42,43,172,47,48,185,187,194,69,70,71,326,330,202,77,208,81,214,94,100,101,228,104,109,114,243,244,245,119,121,255
256,257,258,259,260,261,262,263,264,267,269,270,15,271,282,194,69,70,75,207,81,209,213,214,87,89,93,98,100,122,104,109,114,242,116,243,117,245,248,249,250,251,255
256,259,261,263,264,11,12,269,142,271,15,151,280,153,43,177,55,315,319,192,323,196,69,200,73,202,203,75,81,84,214,87,88,89,92,248,97,98,101,104,234,107,109,114,243,120,249,255
256,259,3,263,135,268,12,271,272,25,31,289,168,41,47,48,192,66,196,68,70,71,74,79,211,84,86,87,99,100,101,102,232,106,111,116,117,121,122,124,125
256,264,265,269,273,277,279,281,282,283,176,304,308,68,69,71,72,328,74,203,76,77,79,81,84,86,119,87,88,92,95,97,106,109,110,241,114,243,116,117,247,248,121,252,253,254
0,7,263,136,265,268,12,142,15,274,18,19,20,29,157,32,39,41,42,299,172,302,47,175,178,313,317,192,66,78,208,82,211,83,214,90,220,94,96,225,99,102,103,232,108,113,125
256,266,267,269,270,16,275,281,36,39,172,47,48,185,188,189,194,322,324,69,328,73,202,75,329,205,81,209,210,86,87,88,89,215,93,94,223,104,109,111,243,116,246,251,255
256,7,266,267,269,276,280,282,289,292,40,168,313,186,59,316,319,68,325,198,327,72,73,69,75,70,71,76,207,79,210,213,86,215,87,219,95,121,100,101,104,105,106,110,111,114,116,117,247,249
256,261,264,266,269,271,275,277,282,283,325,70,69,72,73,75,81,84,85,86,87,88,89,247,91,93,92,95,248,97,98,100,101,249,104,107,109,111,243,116,119,120,121,251,252,254
256,0,1,261,263,264,266,267,141,270,271,269,275,19,277,278,281,27,185,69,72,73,75,81,84,85,86,87,89,92,93,94,95,248,121,97,98,104,109,111,242,116,120,249,250,251,253
256,0,264,265,142,271,20,277,279,281,282,157,162,165,39,170,301,175,178,68,69,71,72,74,203,79,81,210,84,86,119,91,95,248,97,225,227,101,104,106,110,114,116,117,118,247,120,121
256,261,262,264,11,269,271,16,15,273,279,280,281,283,32,36,43,54,59,319,194,197,70,69,202,78,79,209,81,214,87,216,89,222,98,101,229,234,106,109,241,114,243,244,119,248,252,253,254,255
0,261,133,264,269,142,275,276,20,279,281,285,157,159,34,165,39,47,175,178,68,69,198,73,75,204,207,85,94,223,225,98,227,104,111,112,241,243,245,118,248,249,250,124,253,254
259,5,262,269,270,271,280,282,177,65,194,323,68,197,70,71,200,75,76,79,86,87,217,218,89,93,222,223,95,228,100,104,105,106,108,109,237,111,243,116,117,121,251,255
264,265,266,269,271,274,277,282,283,32,42,307,186,187,191,69,326,71,72,330,75,202,77,208,81,213,214,97,101,104,106,107,241,114,243,116,244,245,119,248,121,251,253,254
261,264,11,269,273,277,279,281,282,283,284,32,42,43,186,191,324,69,70,198,202,203,76,205,79,208,81,84,87,89,91,247,97,98,101,106,109,110,241,114,243,119,248,252,253,254,255
128,129,130,131,132,133,134,135,136,137,138,139,140,20,285,286,287,288,289,290,291,188,190,324,202,215,122,123,124,125,126,127
128,129,130,131,132,133,134,135,136,137,138,139,140,12,285,286,287,288,289,290,291,172,307,188,189,190,326,207,214,122,123,124,125,126,127
128,129,130,131,132,5,134,3,136,255,133,139,140,141,12,135,137,138,285,286,287,288,289,290,291,295,299,188,194,217,122,123,124,125,126,127
128,129,130,131,3,133,132,134,135,137,136,138,140,12,270,139,22,285,286,287,288,289,290,291,303,305,307,188,199,201,330,207,217,222,237,122,123,124,125,126,127
128,130,131,259,3,134,263,136,132,255,133,12,268,140,135,137,138,139,276,285,286,287,288,289,290,188,189,190,319,66,324,213,86,232,116,122,123,124,125,126,127
128,129,130,131,132,133,134,135,136,138,139,140,12,285,286,287,288,289,290,291,41,319,322,324,210,213,215,103,107,122,123,124,125,126,127
128,129,130,131,132,133,134,135,136,137,138,139,140,150,152,285,286,287,288,289,290,291,295,167,303,310,314,315,188,316,319,193,322,324,78,210,213,214,215,94,122,123,124,125,126,127
135,142,147,148,149,153,154,158,292,295,167,170,299,172,171,174,303,175,306,307,308,309,310,179,312,184,316,188,189,318,319,321,324,325,327,330,207,209,81,213,214,216,95,101,239,116
6,145,148,149,151,153,154,157,158,160,292,293,294,167,295,296,166,171,299,173,172,303,174,175,177,170,179,307,310,308,184,185,314,316,191,319,325,327,209,213,215,297,90,226,234
11,15,16,145,144,148,150,24,155,157,158,160,161,293,294,295,167,41,42,299,171,173,172,303,296,297,306,307,301,174,175,179,308,313,180,315,316,317,181,319,184,324,330,208,214,170,94,246
267,12,142,15,148,149,153,154,158,292,295,168,167,170,299,171,173,172,303,174,175,177,307,179,309,310,308,312,184,315,316,189,195,324,326,330,75,207,209,213,214,90,226,104,110
135,144,151,153,154,155,157,158,160,161,293,294,295,296,167,42,171,299,297,170,172,301,174,306,307,308,175,182,55,184,177,179,315,316,180,181,192,65,195,328,330,77,206,207,82,90,173,115
265,144,145,151,154,155,157,158,160,161,164,293,294,295,167,296,297,171,170,173,169,172,301,175,306,307,178,179,180,181,312,310,186,315,316,189,309,319,324,326,330,203,208,213,214,215,88,116
13,142,144,147,20,148,149,153,154,155,157,158,160,161,36,295,167,296,298,170,172,173,174,303,175,171,307,179,180,310,181,186,315,316,190,324,202,330,78,207,208,209,210,214,215,217,90,105,234,114
1,265,142,148,149,153,154,283,158,292,295,167,170,299,172,173,174,175,303,171,307,308,309,182,310,179,184,315,316,63,195,324,196,326,72,330,75,206,207,208,214,92,104,105,115,248,126
134,141,144,148,149,150,152,153,154,155,157,158,292,293,166,167,295,171,300,172,174,303,175,177,306,179,180,310,311,184,315,316,319,192,329,78,209,213,214,215,216,99,234,126
1,15,144,146,154,155,157,158,160,164,293,294,295,168,297,170,296,44,301,173,169,302,175,304,307,179,53,180,181,312,315,316,189,63,321,322,195,324,71,330,75,207,100,104,105,115,116,250,124
2,3,7,12,268,141,144,18,274,146,148,155,156,157,286,158,160,161,34,164,167,169,170,299,297,172,302,47,301,175,304,173,179,180,181,189,317,65,66,330,211,217,221,223,96,232,236,123,127,255
267,270,142,145,148,22,283,158,30,288,32,35,292,166,295,167,170,299,172,173,174,303,175,305,307,308,309,310,183,312,184,186,179,52,189,191,321,68,330,75,207,81,214,217,222,239,251
3,5,134,135,262,11,12,16,144,146,147,26,155,156,157,29,158,159,289,160,164,36,295,169,43,171,301,302,175,304,173,306,179,308,181,180,59,194,196,197,330,208,90,222,225,229,105,110,255
3,5,12,141,142,15,270,16,144,146,278,154,155,28,157,158,288,289,34,160,161,165,295,167,170,299,43,300,172,174,175,305,178,179,180,186,61,330,207,217,222,223,98,236,243,251,127
134,11,141,16,144,147,148,149,150,151,152,153,154,155,158,160,289,292,166,295,167,171,43,300,172,303,174,175,306,177,179,180,310,184,189,190,191,324,198,202,203,208,82,215,216,90,91,114
12,142,148,149,153,154,158,292,294,295,167,296,170,171,299,173,172,303,174,175,307,308,309,310,179,184,313,186,316,188,189,190,319,324,326,327,198,328,330,207,209,213,214,215
135,142,144,148,149,153,154,156,158,292,294,167,296,169,297,171,295,170,299,172,174,49,175,303,308,309,180,55,184,57,307,310,179,192,65,323,195,196,328,330,76,77,206,82
4,179,135,142,144,147,148,155,158,160,161,292,294,296,297,170,172,174,175,176,49,303,307,308,309,182,55,312,184,305,180,310,192,195,323,196,328,330,77,206,207,92,115
134,11,142,148,149,152,153,154,155,157,158,292,36,166,295,167,170,299,172,171,174,303,175,177,179,307,309,310,308,184,186,315,316,188,319,322,327,202,330,208,209,213,214,215,90,226
10,142,16,144,146,148,23,153,155,156,157,158,160,161,292,167,295,169,170,171,172,173,303,175,49,178,179,180,181,311,315,189,319,193,194,199,329,202,330,209,210,213,214,215,216,234,239,126
256,151,295,167,173,312,313,186,315,316,188,189,319,187,191,322,194,324,325,326,327,198,197,202,199,328,201,200,207,204,209,210,205,206,213,214,215,208,212,216,103
259,263,7,136,268,272,274,31,41,43,299,47,48,50,313,186,187,316,189,317,191,192,66,195,194,197,199,200,201,202,328,205,206,207,208,209,210,211,212,213,215,216,96,99,232,124,125,126,127
134,152,157,167,186,41,314,315,188,316,60,190,320,193,322,319,187,325,191,327,194,201,202,192,197,326,199,200,208,209,205,206,207,213,214,215,210,212,216,234,126
13,22,24,30,32,35,295,44,173,303,307,52,312,313,186,315,316,188,189,319,187,192,322,194,324,326,198,327,199,200,201,202,328,205,207,208,209,210,213,214,215,89,114
11,271,162,165,314,313,186,315,188,316,189,190,320,319,322,187,324,191,198,327,326,194,202,203,197,199,328,207,208,209,201,76,205,213,214,215,210,212,216,96,101,200,114
256,14,24,295,187,313,186,315,316,189,190,188,317,321,322,194,324,318,319,191,197,199,202,203,328,201,200,207,208,209,210,205,206,213,214,215,212,216,217
134,13,151,152,156,36,164,169,181,186,187,318,190,320,65,322,319,324,325,191,194,195,197,202,203,199,328,78,201,208,209,210,205,207,213,214,215,216,81,90,211,229
256,153,167,186,315,316,188,189,319,314,187,322,194,324,325,191,327,192,197,202,203,195,199,328,207,208,209,210,205,206,213,214,215,216,212,101,234,200,201
134,13,152,282,41,42,314,187,186,315,188,316,190,318,320,65,322,319,324,191,198,192,194,197,202,203,326,205,206,199,208,200,201,207,209,213,210,215,212,214,216,91,328
256,12,151,28,290,166,295,171,312,185,186,315,316,188,189,319,187,321,322,191,324,193,326,194,68,197,199,203,75,201,204,207,205,209,81,210,212,213,214,215,90,95,104,114,115
134,12,13,30,32,289,35,36,37,44,52,186,315,316,188,190,189,318,319,322,187,324,191,194,197,199,329,202,203,200,201,327,207,208,209,210,205,211,213,214,215,216,89,217,328
260,262,137,280,156,295,171,303,177,186,187,191,192,194,323,195,197,198,199,200,329,201,202,328,204,205,206,207,208,209,210,212,213,214,215,216,218,222,227,229,231,233,234,235,237,255
134,11,13,16,151,152,282,42,43,186,315,188,316,190,319,187,191,322,192,324,194,198,197,199,328,202,203,201,200,205,206,208,209,207,210,212,213,214,215,216,94,114
3,261,135,264,266,12,275,186,187,61,317,191,192,322,194,68,69,195,325,197,73,327,75,199,201,202,200,328,205,206,207,208,209,210,87,212,213,215,216,93,98,228,100,104,107,111,242,248,249,250,251,255
12,15,143,271,18,32,295,307,53,312,313,186,315,316,189,187,191,192,194,323,195,324,326,196,197,199,330,200,201,202,328,207,205,209,206,208,210,212,214,213,215,217,216,235,255
36,167,314,187,303,186,315,316,188,190,189,318,319,322,194,324,325,191,327,199,65,202,197,201,200,326,207,208,209,210,205,206,213,214,215,216,212,234
4,135,155,156,296,297,169,176,49,307,308,309,182,55,184,57,180,187,316,191,192,65,194,195,323,196,197,199,328,201,330,76,77,206,79,205,208,209,210,213,214,215,94,115
134,262,10,11,16,26,167,295,303,311,186,315,188,189,187,319,191,194,322,197,199,328,329,202,201,200,205,207,208,209,210,212,213,214,215,216,90,104,234,239
256,3,5,262,261,264,12,269,271,15,280,36,295,41,177,54,190,194,323,197,69,200,75,77,81,84,85,87,217,89,222,223,248,97,98,228,101,104,109,237,243,116,118,246,120,249,251,255
256,261,264,265,266,269,271,16,275,277,280,282,69,72,73,202,75,81,84,86,87,89,247,93,95,248,97,121,98,101,104,237,109,111,114,243,116,246,119,120,249,251
256,257,261,262,264,266,267,269,270,271,16,275,277,48,325,69,72,73,202,75,81,84,86,87,89,92,93,248,97,98,101,104,107,109,111,114,243,116,246,120,249,251
0,3,5,134,8,10,12,16,19,23,33,295,167,39,43,303,54,183,58,59,190,64,194,329,202,210,216,218,222,227,230,231,232,233,234,237,238,113,120,127
0,129,1,3,7,8,11,12,15,16,17,18,274,21,22,23,26,27,28,29,159,33,163,39,41,42,299,50,182,55,59,317,318,63,64,195,80,85,90,221,225,227,229,232,238
1,2,3,263,7,9,10,12,268,14,15,16,145,18,22,25,28,161,34,289,35,42,43,301,173,312,185,58,60,189,317,63,322,195,73,75,211,213,223,226,229,122,232,104,236,242,250
2,3,5,6,135,136,9,267,12,15,145,18,24,287,295,41,299,43,50,307,54,313,315,316,317,189,187,59,195,72,207,85,217,222,94,224,226,227,230,231,233,234,236,238,255
2,5,137,157,289,35,36,295,41,43,173,303,53,54,58,59,188,189,190,194,66,197,70,199,200,201,329,207,216,217,218,222,223,227,228,230,231,233,234,237,238,121,255
3,4,7,11,12,16,276,24,26,34,295,167,39,41,43,171,173,42,303,47,307,51,55,312,313,186,315,188,316,189,319,58,321,324,326,330,207,80,209,213,214,88,219,223,233,239,246,247
5,134,10,13,20,23,30,32,289,33,35,292,36,37,40,44,45,303,49,51,52,54,59,188,190,62,64,194,66,329,202,78,214,216,218,222,224,230,231,233,234,237,113,127
3,5,262,7,137,10,12,16,31,289,163,38,42,43,46,303,48,50,53,54,56,57,59,188,60,190,61,194,67,329,202,214,216,218,219,221,222,230,231,233,234,236,237,238,113,127
3,5,9,265,11,12,267,13,20,32,289,37,43,44,50,51,54,313,315,188,187,190,319,194,66,324,198,327,207,209,213,214,217,222,224,228,101,230,231,234,236,237,238,114,255
256,2,3,135,9,144,146,24,153,41,43,46,180,182,55,313,59,187,63,192,65,321,195,196,64,328,77,207,211,84,85,216,91,222,224,102,231,230,105,234,238,112,114,115
3,5,134,11,12,13,20,23,30,287,32,289,33,36,37,295,167,40,43,44,45,51,52,54,59,188,190,62,64,194,66,216,217,218,222,224,228,230,231,105,234,237,113,127
3,255,5,134,12,13,271,20,287,32,289,33,36,37,167,43,44,45,177,51,54,190,64,194,66,323,197,200,329,216,218,222,224,228,230,231,233,234,237,238,118,127
131,255,5,13,20,284,30,32,289,37,295,40,43,44,45,51,52,54,188,189,190,62,64,194,66,200,201,214,217,218,222,223,224,228,230,231,233,234,105,237,123,127
1,5,262,137,16,21,22,280,26,28,32,33,162,295,42,43,44,303,51,54,59,63,64,194,66,197,200,201,329,78,209,214,216,218,222,224,230,231,233,234,237,238,113
1,4,5,135,7,143,20,149,148,22,31,38,168,42,43,44,46,176,48,50,307,53,54,56,57,60,61,62,192,66,195,323,196,326,67,206,79,214,90,218,219,221,230,233,234,236,238,125,126
1,5,135,9,11,15,16,273,274,22,151,24,26,28,160,296,42,43,49,50,308,180,182,55,57,59,187,63,192,65,195,196,328,203,76,77,206,90,218,222,224,230,231,233,234,238
3,4,5,137,10,11,12,16,22,280,24,26,28,34,39,42,43,303,47,54,55,59,63,194,197,200,329,201,205,214,216,218,221,222,223,230,231,233,234,237,238,239,113,127
1,3,4,10,11,12,15,16,17,22,24,26,27,28,34,163,295,39,42,171,43,303,47,55,186,315,188,316,189,319,63,321,194,329,202,207,209,213,214,216,93,223,233,234,239,114,255
0,1,3,5,134,11,12,13,271,16,19,22,151,152,27,30,32,33,34,35,37,40,41,42,43,44,52,54,315,59,190,319,192,64,324,202,205,78,208,214,89,90,218,222,229,230,232,233,234,238
3,5,262,9,10,12,16,273,18,278,289,295,43,303,304,308,54,58,59,188,194,66,200,329,328,216,217,218,222,223,224,98,230,231,233,234,237,238,113,123,127
5,134,6,9,10,139,11,142,271,275,152,24,282,157,30,289,36,167,40,43,45,306,50,54,310,314,59,187,190,319,62,66,198,202,205,78,208,84,215,91,222,224,226,101,230,231,233,234,238
0,1,3,5,137,10,12,13,142,22,27,30,32,289,34,35,37,295,43,44,303,52,309,54,59,190,194,197,199,200,329,201,330,216,88,218,222,228,229,230,231,232,233,234,237,113,127
257,2,260,5,262,137,13,280,32,36,37,44,173,45,303,51,53,54,189,190,194,66,197,70,199,200,201,329,207,216,217,218,222,224,228,230,231,233,234,237,113,121,251,255
256,0,3,4,9,10,11,12,13,16,22,151,24,26,28,32,34,295,39,41,42,43,47,55,186,315,188,316,189,319,58,63,324,196,202,203,207,208,209,213,214,215,223,233,239,114
0,1,3,255,263,7,136,11,268,12,15,16,17,274,18,22,25,26,27,28,289,161,163,39,168,41,42,43,299,47,48,55,185,60,317,63,66,211,223,96,225,232,238,125,127
3,5,134,263,8,9,11,12,16,22,23,26,30,32,289,33,165,39,41,42,43,47,54,59,188,317,319,192,63,66,64,90,218,222,225,227,229,230,231,232,233,234,238,127
0,3,5,134,9,10,16,19,279,157,287,289,167,295,39,41,170,43,301,303,175,54,59,188,190,192,194,66,329,201,78,216,218,222,224,227,230,231,233,234,237,238,253,127
2,3,5,262,135,8,10,12,16,23,33,292,295,167,43,303,54,311,59,188,64,194,329,73,74,78,207,81,210,214,216,218,222,227,230,231,232,233,234,237,238,239
0,1,4,5,135,15,16,20,149,22,26,27,156,28,38,39,296,41,42,43,44,176,49,182,55,62,63,192,65,66,323,196,195,326,206,79,214,90,218,100,230,231,233,234,238,239
3,5,6,7,136,9,8,12,15,18,24,33,41,42,43,172,50,54,313,186,187,59,317,320,64,195,198,326,204,208,82,90,221,222,224,226,227,230,231,232,233,106,234,238,244
2,3,5,262,135,137,10,16,145,22,43,303,54,58,59,188,190,63,194,66,197,199,200,329,202,214,216,218,222,224,98,230,231,233,234,237,238,113,244,123,127
0,1,3,5,8,137,11,12,15,16,17,22,280,26,27,28,287,163,39,42,43,303,54,55,59,63,192,194,197,200,329,216,218,222,225,227,230,231,233,234,237,238,118,127,255
1,3,5,8,137,12,15,16,22,23,26,28,289,33,295,42,43,303,54,59,188,190,63,64,194,200,201,329,214,217,218,222,227,230,231,232,233,234,237,110,238,113,255
1,3,5,134,12,142,15,16,17,22,26,28,287,289,34,167,295,39,42,43,309,54,59,190,319,192,63,194,329,330,78,216,90,218,222,225,229,230,231,232,233,234,237,238,127
5,134,10,12,13,16,20,23,32,289,33,163,37,167,43,44,303,51,54,59,188,190,192,64,194,66,329,202,78,216,218,222,224,225,228,230,231,233,234,237,238,113,254,127
259,4,131,5,263,135,268,13,272,147,23,155,31,32,37,294,296,43,44,176,49,51,309,54,192,66,323,195,196,328,206,211,91,222,224,230,232,234,235,237,115,122,125,255
5,134,133,8,9,10,11,12,18,20,26,30,289,167,295,170,43,42,45,54,58,59,315,188,190,319,192,62,194,66,329,202,78,214,216,218,222,224,227,230,231,233,234,237,238
2,3,5,134,135,8,139,12,16,145,20,23,26,289,33,167,39,42,43,303,54,58,59,188,190,192,64,66,329,202,78,216,218,222,227,230,231,232,233,234,237,238,127
131,5,134,13,20,30,287,32,289,33,36,37,167,295,43,44,45,49,51,52,54,188,190,319,192,64,194,66,329,78,210,214,215,216,222,224,228,230,231,234,237,238,126
259,3,5,4,263,9,10,11,268,12,141,269,16,274,18,276,22,24,25,26,31,289,34,39,41,42,43,47,48,55,58,60,188,317,190,66,211,223,96,232,233,239,127,125,255
1,3,5,267,12,11,143,16,15,17,20,22,26,27,28,289,163,295,167,39,42,43,303,54,55,185,59,188,189,190,63,194,201,207,209,214,217,218,222,230,231,233,234,237,238,123,125
3,5,134,135,12,13,20,153,30,32,289,37,167,296,169,43,44,49,51,308,54,55,57,59,60,319,192,66,328,329,77,78,79,214,216,222,223,224,230,231,234,237,122
2,6,7,263,136,135,268,15,145,274,18,29,159,31,32,165,38,41,42,299,172,43,46,47,48,50,53,56,313,57,59,60,317,61,191,320,67,203,208,211,219,220,221,96,232,106,236,240,125,127
3,5,264,9,12,13,15,16,17,18,21,32,289,37,40,41,299,43,44,50,51,54,313,187,188,189,317,66,195,198,207,217,90,94,222,224,225,226,229,230,233,234,237,238,255
3,6,7,12,140,15,16,18,22,31,160,289,163,38,295,40,168,299,46,303,48,50,307,53,56,57,316,188,189,60,61,63,194,322,324,64,67,75,207,209,210,217,219,221,222,100,236,239,240,255
2,5,135,137,10,16,145,22,292,295,42,43,303,54,311,58,59,63,194,66,197,198,199,200,329,201,78,214,216,218,222,224,230,231,233,234,237,238,239,113,246
0,2,3,5,134,135,8,11,12,16,145,19,20,157,289,33,167,295,39,42,43,54,313,59,190,319,192,64,194,329,202,78,213,214,216,222,227,230,231,232,233,234,237,238,124,126
1,3,4,9,10,12,14,16,18,22,24,25,28,34,292,295,42,171,43,173,303,47,311,312,55,186,315,316,188,189,319,58,321,63,324,330,202,207,209,210,81,213,214,216,223,231,233,239,251
4,5,135,13,147,23,155,156,32,37,294,296,43,44,176,49,51,309,182,55,184,54,62,192,66,323,195,196,328,329,206,207,222,224,230,105,234,237,115,122,255
5,134,11,12,13,20,32,289,33,162,37,166,42,43,170,44,174,51,54,184,59,188,190,192,194,66,67,68,329,202,78,214,216,90,218,92,222,224,230,234,107,237,127
130,3,5,11,12,141,269,16,281,26,289,34,39,299,300,43,305,54,58,59,188,190,194,66,198,200,329,217,218,90,222,223,96,98,228,230,231,233,123,237,238,243,118,251,127,255
255,5,137,12,13,271,20,23,30,287,32,289,36,37,43,44,45,177,51,54,190,64,194,66,323,197,200,329,201,218,222,223,224,228,230,231,233,234,237,123,127
3,5,134,139,12,13,23,152,30,32,289,33,37,167,43,44,51,54,59,188,190,319,192,62,66,194,64,329,202,78,213,214,216,218,222,224,230,232,233,234,237,238
5,262,137,10,13,20,30,32,289,33,37,295,40,43,44,45,303,51,52,54,311,190,62,64,194,66,197,200,329,201,78,214,216,218,222,224,228,230,231,233,234,105,237,113
0,2,3,5,135,137,142,16,145,19,20,157,289,295,39,43,303,175,178,54,58,59,194,66,197,200,329,201,78,214,216,218,222,227,230,231,233,234,237,238,113,118,123
5,134,10,13,145,20,26,30,32,289,37,167,40,43,44,45,303,51,52,54,59,190,62,192,64,194,66,329,202,78,214,216,218,222,224,228,230,231,233,234,105,108,237,113
3,255,5,134,10,267,12,16,289,35,292,166,295,41,299,43,303,179,54,58,59,188,317,189,322,194,66,329,73,74,207,210,213,218,220,222,94,224,226,230,231,233,234,237,238,239,126,127
0,1,5,8,11,12,15,16,17,22,26,27,28,289,163,39,40,42,43,303,54,55,58,59,190,63,192,321,329,202,216,218,90,222,227,230,231,233,234,237,238
256,5,12,13,20,21,30,32,289,33,36,37,40,299,44,45,51,52,54,315,188,317,316,189,190,319,194,322,324,62,64,66,202,207,213,214,215,217,222,94,224,100,228,230,105,234,237,255
0,1,3,5,9,11,12,14,15,16,19,22,25,26,27,29,32,289,295,39,41,42,43,47,307,54,58,59,188,190,63,192,321,65,78,207,208,209,214,90,218,222,230,231,233,234,238,255
256,261,264,265,269,271,277,279,282,283,69,70,71,72,73,74,203,75,81,83,84,85,87,89,91,92,95,248,97,98,101,249,107,109,110,114,243,116,117,119,120,121,252,254
256,261,264,11,269,16,273,277,279,282,283,32,289,41,43,64,192,324,69,70,71,72,202,203,76,79,208,81,84,215,87,89,91,247,94,248,97,98,101,106,109,241,114,243,119,120,252,253,254
256,257,258,260,261,262,264,265,271,277,278,282,168,68,70,71,72,327,79,81,213,86,89,247,92,120,93,97,121,225,101,229,106,111,241,114,116,117,245,119,248,249,122,253,254
2,3,261,7,264,269,15,271,18,283,299,172,302,175,177,317,323,68,69,200,73,75,76,81,84,87,88,217,89,92,221,223,248,97,98,227,100,228,104,107,109,242,243,120,249,251,255
256,264,265,266,11,267,269,277,282,283,165,168,41,43,174,51,69,198,72,74,76,79,208,81,80,84,87,88,91,247,248,97,101,103,106,108,109,241,114,243,246,119,120,121,252,253,254
256,2,261,264,266,268,269,271,277,282,35,36,43,173,53,189,319,325,69,70,72,199,201,75,207,81,84,213,215,87,217,89,93,94,248,97,98,100,101,104,109,111,114,119,120,121
261,264,265,266,11,269,277,279,282,283,285,160,32,42,43,49,69,198,70,72,74,203,202,79,208,81,84,119,87,89,91,92,248,97,98,101,106,237,110,109,241,114,243,247,120,252,253,254
256,131,264,265,266,267,269,271,273,277,282,283,284,289,165,168,41,174,50,66,69,72,73,74,75,81,217,248,97,227,100,101,104,106,127,111,241,114,243,116,119,120,121,122,252,253,254,255
256,264,265,269,275,277,279,281,282,283,32,165,39,174,47,48,186,316,68,69,70,71,72,74,79,81,84,86,247,92,248,97,101,106,111,241,114,243,116,119,120,121,252,253,254
256,260,261,262,263,264,266,269,270,16,275,277,282,48,319,325,69,72,73,202,75,81,84,86,215,87,89,93,248,97,121,98,101,104,109,111,116,246,120,249,250,251
256,261,264,266,11,269,273,277,279,281,282,283,32,316,190,319,325,70,327,72,69,202,75,79,208,81,84,213,215,87,89,247,248,97,98,101,104,106,109,241,114,243,119,120,121,252,253,254
261,264,11,269,271,16,275,276,277,151,282,42,43,306,324,69,198,73,202,203,76,75,208,81,84,87,89,91,92,248,97,98,229,101,105,106,107,109,110,114,115,243,246,119,120,249,251
261,135,264,265,266,138,269,277,282,289,40,178,187,69,72,73,74,75,81,84,85,87,89,247,92,95,248,97,98,100,101,249,104,107,109,111,114,243,116,117,118,119,120,121,122,254,127
256,259,5,262,135,266,12,270,271,15,40,177,182,194,323,68,70,71,200,75,76,79,86,87,93,94,223,96,95,99,228,101,100,104,105,106,109,111,115,243,116,117,121,250,251,253,255
256,257,261,262,264,266,267,269,270,271,16,275,277,303,319,194,69,72,73,202,75,81,209,84,213,214,87,216,88,89,218,92,248,97,98,101,104,107,109,114,243,246,120,249,251,255
256,261,264,11,269,273,277,279,281,282,283,157,32,42,69,198,70,72,202,74,76,205,203,75,208,81,79,84,119,87,89,91,95,248,97,98,101,106,109,110,241,114,243,247,120,252,253,254
256,8,265,266,271,17,21,277,23,282,27,154,164,166,40,41,178,182,68,70,71,72,76,77,79,85,86,87,92,94,97,98,99,100,105,106,111,112,244,117,116,120,121,253
264,11,267,269,270,271,277,279,280,282,43,186,68,69,70,71,72,74,76,79,81,214,86,87,89,247,92,95,97,100,101,104,105,106,109,111,241,114,244,116,117,119,248,121,252
256,264,265,266,12,269,271,277,279,282,283,68,69,70,71,72,74,76,79,81,86,87,247,95,248,97,100,101,104,105,106,111,241,114,242,116,117,243,119,120,121,252,253,254
256,261,262,264,266,271,272,275,277,279,280,282,68,70,71,72,73,75,76,79,81,85,86,87,92,93,95,97,121,100,101,104,105,106,110,111,112,242,116,117,247,120,249,250
256,257,258,260,262,264,265,267,277,282,297,68,70,71,72,74,203,76,79,81,84,213,86,215,87,89,91,92,247,120,97,100,101,249,106,110,111,241,114,116,117,245,119,248,121,122,251
256,264,11,269,142,271,282,283,32,165,168,42,43,174,182,190,319,69,198,70,72,71,202,203,79,208,81,84,214,87,89,94,97,98,99,100,101,105,106,234,109,241,114,243,119,248,252,253,254
256,257,258,260,261,262,263,264,10,269,270,16,275,277,292,172,180,189,319,194,324,325,69,329,202,75,73,81,209,84,213,86,87,216,89,93,248,98,101,104,109,116,246,120,250,251
135,265,269,273,17,147,275,281,155,283,32,39,297,41,47,176,305,180,309,182,308,184,192,195,196,323,71,328,74,76,77,206,208,92,101,105,241,115,119,248,122,253
261,264,265,11,141,269,271,273,277,279,281,282,283,42,43,172,298,68,69,198,71,72,70,74,203,79,208,81,84,86,87,88,94,97,106,109,110,241,114,243,116,117,119,252,253,254
7,264,265,269,275,276,277,279,280,281,282,41,297,47,68,70,71,72,74,203,76,79,208,84,86,119,89,91,92,95,97,121,100,105,106,110,111,241,114,116,117,247,248,249,122,253
256,264,8,266,9,269,271,17,275,21,23,27,283,32,164,166,40,178,187,190,324,68,70,71,72,73,75,77,207,79,85,86,87,94,99,100,105,106,111,244,116,245,117,121,253,255
256,257,3,260,262,267,12,269,15,271,18,275,22,24,281,283,32,34,39,41,172,47,48,51,185,187,315,322,324,69,71,77,80,85,214,87,89,90,95,100,101,104,114,116,244,246,245,248,249,122,255
256,257,258,264,266,267,13,142,271,20,277,22,23,282,27,30,32,35,37,167,40,44,45,52,186,190,64,324,199,72,200,201,75,71,81,88,89,92,248,99,100,101,104,105,111,114,244,120,253,255
256,257,258,260,262,264,265,266,267,269,271,277,281,282,283,32,289,178,187,319,192,326,71,72,202,75,77,208,81,213,86,89,120,97,121,100,101,104,111,114,116,244,245,119,248,249,122
257,258,260,262,264,265,267,269,277,279,282,283,32,187,315,192,198,71,72,326,74,203,76,205,202,77,208,81,84,213,119,87,89,91,92,95,97,106,110,241,114,243,244,245,247,248,249,122
256,6,7,264,265,9,11,269,14,277,282,31,32,289,46,47,48,178,307,50,53,312,56,186,57,316,60,322,67,324,68,326,71,72,198,208,81,214,86,89,92,221,101,106,240,114,116,245,248,249
256,259,3,266,11,12,269,270,271,15,274,283,32,168,43,177,315,187,189,190,192,194,323,324,69,326,71,200,202,75,77,208,81,213,214,89,218,222,98,100,101,104,109,114,244,245,251,255
261,8,264,269,271,17,20,21,23,282,27,160,164,166,42,44,178,182,188,63,192,196,69,75,206,81,84,87,89,92,248,97,98,99,229,105,109,115,244,120,253,255
256,8,266,271,17,21,23,280,282,27,164,166,40,42,178,182,188,63,192,196,68,70,71,72,202,76,206,79,86,87,92,95,97,99,100,229,105,106,111,115,244,117,116,247,121,253
256,257,258,260,261,262,264,265,267,269,277,282,186,188,319,322,324,69,72,73,202,74,203,76,208,81,84,213,215,87,89,247,92,120,94,97,98,101,249,109,241,114,245,119,248,121,122
256,0,261,8,13,269,271,17,19,20,21,23,154,27,164,166,39,42,44,178,182,188,62,63,192,196,69,73,206,81,85,87,89,94,98,99,229,105,109,115,244,120,253,255
0,1,8,138,269,142,17,20,21,23,154,27,289,164,166,168,42,44,46,178,182,188,62,63,192,196,69,206,81,85,87,89,90,92,98,99,229,105,109,244,122,253,127
256,134,262,8,13,269,142,17,20,21,282,154,166,168,178,54,182,188,190,319,192,64,196,69,329,202,73,75,78,206,81,210,84,215,87,89,91,94,248,97,98,99,101,229,105,234,109,120,253
256,257,258,261,262,264,266,267,269,271,16,275,20,303,188,189,69,72,329,73,75,202,207,81,210,84,214,87,216,89,248,97,98,101,105,107,237,109,111,243,246,120,249,251,254,255
256,257,258,260,261,262,265,267,269,273,277,279,282,42,43,324,69,71,72,74,203,76,77,75,208,81,84,213,87,89,91,92,247,120,97,98,106,109,110,241,114,244,117,245,119,248,249,122
259,263,264,268,271,272,282,31,168,41,42,43,48,313,192,66,196,68,70,71,74,203,76,79,211,84,86,87,90,97,99,101,232,106,107,111,241,114,116,117,119,121,124,125
257,258,1,264,269,270,271,13,18,275,20,277,22,283,30,32,33,35,36,37,167,44,45,52,64,322,67,68,71,72,199,200,75,201,81,86,88,89,93,96,104,107,111,241,114,242,116,119,248,249,251,253
256,128,261,6,264,265,266,269,271,277,282,289,41,302,50,182,57,66,69,72,73,75,81,85,87,217,90,89,92,121,98,99,227,101,104,107,109,111,241,114,242,116,119,248,249,250,253,254
256,257,258,260,261,262,264,265,266,267,269,14,277,282,317,319,322,324,69,72,73,74,202,208,81,84,213,215,87,89,247,92,120,94,97,98,101,249,106,109,241,114,245,119,248,121,122
256,257,261,262,263,264,266,269,270,271,278,283,194,325,69,73,75,81,209,84,85,87,88,89,91,92,93,223,248,97,98,228,101,104,107,109,111,114,243,120,249,251,255
256,258,264,265,266,267,13,269,271,277,282,283,289,41,50,319,66,324,69,198,72,202,75,79,208,81,209,213,215,87,217,90,94,95,97,227,101,104,106,109,241,114,243,116,119,120,252,253,254
256,257,258,259,260,261,262,264,265,267,269,271,277,282,313,322,324,69,71,72,73,74,81,84,213,87,89,90,92,97,121,98,106,108,109,110,241,114,116,117,245,247,248,249,122,253,254
256,257,258,261,262,264,266,269,16,275,277,282,54,319,325,69,72,329,202,73,75,81,210,82,84,213,215,216,89,87,92,248,97,98,101,104,107,109,111,243,246,120,249,251
256,8,265,266,264,269,17,21,277,23,282,27,164,166,40,42,49,178,182,188,189,63,196,68,69,72,329,208,81,87,88,92,97,99,105,109,114,244,117,116,121,253
264,265,266,8,9,269,271,17,21,23,279,280,282,27,283,32,164,166,178,187,196,69,68,71,72,70,74,77,79,86,119,92,99,105,106,111,112,243,244,117,116,245,248,121,253
256,8,9,266,269,271,17,274,20,21,23,280,27,283,32,164,166,44,178,307,187,63,192,196,68,326,70,71,202,75,77,207,208,214,86,92,99,105,106,114,244,116,245,121,253,255
0,129,261,264,269,15,16,17,18,275,21,159,36,166,46,62,63,194,66,69,73,202,75,81,84,85,87,217,90,89,221,94,224,225,97,227,98,229,248,105,233,107,109,243,246,120,249,251,255
256,261,262,8,264,266,269,271,17,275,21,23,282,27,164,166,178,182,190,196,324,70,69,202,75,81,84,214,87,89,92,248,97,98,99,100,101,104,105,109,111,114,244,120,253,255
256,257,5,262,263,261,264,267,269,271,16,275,278,280,43,171,303,51,59,194,66,197,69,200,329,202,73,75,80,81,84,214,87,216,88,218,89,91,222,97,98,101,103,234,109,114,246,248,251,255
256,257,258,3,131,260,261,262,264,266,267,269,277,279,152,282,154,309,318,319,320,65,322,324,69,71,74,203,330,81,84,213,215,87,89,91,120,97,98,249,109,117,245,248,121,122
259,3,263,268,12,271,272,279,25,31,168,41,42,43,47,48,176,313,60,317,66,324,68,70,71,74,203,79,211,86,95,99,100,232,106,111,116,117,121,124,125
264,265,267,269,271,275,281,282,283,287,32,39,47,51,186,187,316,69,198,71,72,70,327,74,76,326,77,208,81,80,214,88,247,92,96,97,106,241,114,244,116,246,119,248,253
2,264,266,11,267,269,277,21,282,284,35,36,43,173,51,53,184,189,69,70,71,72,199,74,203,76,201,207,208,81,80,84,119,87,88,217,91,92,97,101,103,106,110,241,114,246,247,248,121
256,264,11,269,277,279,282,283,165,168,43,174,68,69,70,198,72,71,202,203,76,79,208,81,84,85,86,119,87,91,92,97,100,101,106,110,111,114,243,116,117,247,120,121,252,253,254
257,258,260,261,262,264,266,267,269,270,275,278,283,194,68,69,70,73,75,81,84,85,86,87,88,89,91,92,93,120,97,98,100,228,104,107,109,237,111,243,248,249,251,252,253,254,255
256,264,11,267,269,270,271,16,273,277,279,281,282,283,43,51,69,70,72,202,79,80,81,84,87,88,247,94,97,101,103,104,106,109,111,241,114,243,244,246,119,120,249,252,253,254
261,264,265,9,267,12,269,13,15,271,282,283,32,168,307,187,68,326,70,72,73,71,75,202,77,79,208,85,214,86,90,92,94,225,100,101,104,105,106,111,114,244,116,245,117,121,253,255
0,1,261,264,266,267,141,270,271,269,275,19,281,283,27,68,69,72,73,202,75,81,84,86,87,89,93,94,248,97,98,100,104,237,109,111,242,114,116,243,246,120,249,251,253,254
256,257,258,260,262,264,265,267,271,277,282,283,168,51,316,66,69,72,200,74,75,80,81,209,212,213,87,88,89,120,97,225,249,103,104,106,107,241,114,116,117,245,246,248,121,122,253,254
256,257,258,131,260,261,262,264,265,267,269,271,273,277,279,282,322,324,69,71,72,74,203,75,81,84,213,87,89,91,92,247,97,121,98,106,109,110,241,114,117,245,119,248,249,122,253
256,261,263,264,265,266,11,269,271,273,277,279,281,282,283,32,316,190,319,69,198,327,72,202,203,79,208,81,84,213,215,87,89,247,248,97,98,101,106,109,241,114,243,119,120,121,251,252,253,254
257,258,260,262,135,9,11,269,16,279,280,153,26,283,284,32,296,42,303,177,194,68,197,325,69,326,329,71,70,77,78,79,208,212,86,214,216,89,90,219,225,229,233,234,106,237,114,116,245,244,121,255
256,257,262,266,267,269,271,16,275,277,22,282,283,32,42,301,51,315,187,319,194,324,325,71,72,73,202,75,77,80,81,213,215,87,89,88,97,101,103,104,111,114,244,245,246,251
264,265,11,269,274,277,279,280,282,43,301,188,189,192,68,69,198,71,72,70,74,203,76,329,79,208,81,84,86,87,247,92,95,97,100,101,105,106,111,241,114,116,117,119,248,121
256,264,265,266,269,277,279,280,282,36,68,69,70,71,72,74,76,79,81,84,86,215,87,91,247,95,248,97,100,101,105,106,110,111,112,241,114,243,116,117,119,120,121,122,253
259,4,261,263,268,12,269,15,272,271,274,25,31,41,297,43,47,48,178,313,66,67,195,69,74,81,211,84,87,88,89,96,98,99,232,109,115,248,124,125,255
256,135,264,8,266,267,269,17,275,277,21,23,27,156,164,36,166,169,304,178,181,182,188,316,190,318,69,72,73,75,208,81,85,215,87,217,89,94,248,99,104,109,111,243,120,121,250,253
256,0,1,134,264,265,141,269,271,19,151,281,282,27,283,157,32,42,190,196,69,72,329,202,206,79,208,81,215,87,89,90,92,94,97,225,229,101,105,106,109,241,114,115,243,120,122,252,253,254,255
257,258,260,261,262,264,269,16,275,278,280,292,303,194,323,197,325,69,200,329,73,202,75,207,81,84,87,216,89,218,88,92,222,248,97,98,229,231,233,234,107,237,109,113,243,245,246,120,249,251,255
256,264,266,267,269,270,271,142,277,281,282,283,32,165,40,168,174,325,69,327,72,75,207,79,81,209,84,87,89,248,97,98,100,101,104,106,109,241,114,243,116,120,121,252,253,254
256,257,258,131,4,260,262,264,266,267,271,277,34,297,310,312,318,319,322,324,68,72,73,75,213,86,89,93,94,225,100,249,122,104,114,242,116,245,248,121,250,253
257,262,264,8,266,267,269,270,271,275,21,27,283,32,166,178,51,187,60,71,72,73,75,77,207,80,88,89,92,94,225,99,100,104,105,111,114,244,245,246,248,249,122,253,255
256,257,258,260,262,266,10,270,275,40,182,319,194,324,325,68,69,70,329,202,75,71,73,76,79,81,209,213,86,87,216,89,95,99,100,104,105,106,111,114,116,117,246,120,121,251,253,255
256,261,262,264,266,270,275,277,21,280,188,189,68,325,70,71,72,73,329,75,76,79,81,85,86,87,92,93,95,97,121,100,101,104,105,234,106,109,110,111,114,116,244,117,120,249,251
2,264,265,266,11,277,282,284,35,36,168,173,53,189,68,70,71,72,199,202,74,76,203,205,201,208,79,207,84,86,119,87,217,91,92,95,97,100,101,106,110,111,114,116,117,247,120,121
256,261,264,11,267,13,269,271,270,277,279,282,283,32,42,43,69,198,70,72,202,203,77,79,208,81,84,85,87,89,247,92,97,98,101,105,106,109,241,114,243,116,117,119,248,252,253,254
259,3,261,263,264,268,269,271,272,274,25,31,41,42,43,47,48,66,69,74,203,81,211,84,87,89,97,98,99,102,232,106,109,124,119,248,252,125,127
256,260,261,262,263,264,266,269,270,271,16,18,275,277,282,319,194,325,69,72,73,202,75,81,209,84,213,215,87,89,93,94,248,97,98,101,104,109,111,116,246,120,121,250,251
256,257,264,265,266,267,269,277,279,280,282,68,69,70,71,72,73,75,76,79,86,215,87,94,95,248,97,100,101,249,104,105,106,110,111,243,116,117,247,120,121,122,253,254
261,264,266,267,269,270,271,142,275,277,283,165,168,51,69,72,73,74,75,80,81,84,85,86,87,88,89,91,92,120,94,97,98,249,103,104,109,111,241,242,116,246,248,121,251,253,254
256,257,261,262,134,264,269,16,275,153,282,167,171,311,318,319,320,66,325,69,329,202,203,73,75,77,209,210,81,84,213,85,215,216,87,89,94,248,97,98,101,229,109,114,116,246,120,251
256,0,3,264,137,266,267,268,13,270,271,269,142,20,277,151,279,281,282,283,157,39,175,178,186,69,198,72,75,204,81,209,95,97,225,227,101,104,106,235,241,114,242,116,243,118,119,120,124,254
3,259,263,264,11,12,269,271,15,274,283,30,32,165,41,42,43,299,172,305,307,313,186,187,316,317,192,69,326,71,330,202,77,208,214,90,225,100,101,229,106,114,243,244,245,255
4,262,135,271,147,23,155,165,294,296,297,176,308,309,182,184,192,195,196,323,69,71,328,68,76,77,206,79,86,92,105,106,112,115,116,122
256,264,265,266,269,271,277,151,282,283,32,316,319,320,69,327,72,73,202,203,75,79,208,81,84,213,215,87,89,91,247,94,248,97,98,101,249,106,109,241,114,243,119,120,121,251,252,253,254
3,263,264,265,266,267,12,135,269,273,274,279,24,281,283,28,40,53,324,196,69,72,73,74,75,79,81,87,88,92,94,95,97,100,101,103,104,106,107,241,114,243,116,118,248,123,252,253,254
256,257,258,260,261,262,264,267,269,270,16,275,277,281,292,39,303,47,48,185,324,325,69,199,72,73,202,75,81,209,84,87,216,89,248,97,98,104,109,111,246,120,249,251
0,129,1,2,261,7,264,269,15,16,17,18,274,275,21,281,29,159,35,166,46,62,63,69,73,202,75,80,81,84,85,87,89,92,221,94,224,225,97,227,98,248,105,107,237,109,243,246,120,249,251
264,265,266,267,269,271,277,282,283,289,41,50,51,66,69,70,71,72,198,74,79,208,81,80,87,88,217,247,92,94,97,227,100,101,103,106,241,114,243,246,119,248,252,253,254
256,257,261,262,264,266,269,270,271,15,275,283,295,301,194,69,72,73,75,77,209,81,84,213,86,85,87,89,91,92,93,120,97,98,228,101,104,107,109,111,242,243,116,248,249,250,251,252,254,255
8,265,11,269,17,21,22,23,282,27,284,283,32,166,40,42,178,182,187,192,324,69,326,71,202,203,76,205,77,208,81,84,214,215,87,91,92,97,99,105,114,244,245,119,253
256,261,264,266,267,269,270,271,273,277,279,281,282,283,32,69,70,327,72,75,79,81,84,86,87,89,248,97,98,100,101,104,106,107,109,111,241,114,242,116,243,119,120,121,252,253,254
256,257,258,260,261,262,263,264,265,267,269,270,271,277,282,324,69,71,72,74,75,81,84,213,87,89,120,97,98,101,122,104,107,109,241,114,116,245,119,248,249,250,251,253,254
256,257,261,262,133,264,266,267,269,270,271,275,279,284,162,170,301,69,73,75,81,84,85,86,87,89,218,92,93,95,248,97,98,101,104,109,111,242,114,116,243,120,249,250,251,255
256,261,264,267,13,269,277,282,283,284,324,325,69,72,73,202,203,74,75,208,81,84,85,87,88,89,91,247,92,95,248,97,98,101,106,107,109,110,114,243,116,119,120,249,255
256,261,264,265,266,269,273,277,279,281,282,26,283,32,319,69,70,72,202,203,79,208,81,83,84,215,87,89,91,247,95,248,97,98,101,104,106,107,109,241,114,243,119,120,121,252,253,254
264,265,267,269,270,15,22,24,283,284,288,289,41,43,302,303,305,50,307,313,186,191,66,69,198,326,330,75,207,79,209,81,214,87,217,89,90,222,227,106,109,241,114,243,244,119,251,252,253,254
256,257,258,131,260,261,262,264,265,267,269,271,277,282,322,324,69,198,71,72,70,74,203,76,75,208,81,84,213,87,89,247,92,97,98,101,249,106,109,241,114,116,245,119,248,121,122
256,264,265,271,18,277,279,280,282,67,68,70,71,72,73,74,200,76,79,81,84,86,87,247,94,95,96,97,121,100,104,105,106,110,111,241,114,116,117,119,248,249,253
257,258,260,262,264,265,267,16,276,277,22,279,282,26,34,43,58,63,69,70,71,72,73,74,76,81,213,87,89,247,92,97,229,122,106,107,109,110,241,114,116,117,244,119,248,249,245,253
256,257,258,131,260,261,262,264,265,267,269,277,150,282,42,322,324,69,198,71,72,70,74,203,76,202,75,208,81,84,213,119,87,89,91,92,97,98,101,106,109,110,114,245,247,248,249,122
256,257,258,264,266,267,13,270,271,15,275,20,277,22,282,30,32,34,35,36,37,167,44,45,52,64,322,324,199,72,73,200,75,201,81,213,88,89,93,100,101,229,104,114,116,119,248,249,122,251,253
258,135,10,271,146,147,23,155,294,296,297,176,49,308,309,182,184,192,195,196,323,68,71,328,70,73,77,206,81,86,92,121,105,106,112,115,116,249,122
261,264,266,267,269,270,16,275,276,283,292,61,68,69,73,202,75,81,84,86,87,88,89,92,248,97,98,104,107,237,109,111,241,242,243,116,246,120,249,251,253,254
261,264,265,267,269,142,271,18,276,277,21,282,168,51,67,69,71,72,73,74,75,200,80,81,209,212,84,87,88,89,92,96,97,121,98,103,106,109,110,241,114,116,117,246,248,249,253,254
256,257,258,259,260,261,262,264,11,267,269,271,277,282,287,295,319,324,325,69,327,72,202,81,209,84,213,214,215,216,89,87,248,97,98,101,230,109,114,115,245,120,249,122
257,259,261,262,264,266,267,12,269,270,278,287,295,303,194,69,200,73,75,207,209,81,84,85,87,88,89,217,92,222,223,94,97,98,248,230,104,107,237,109,114,243,120,249,251,255
256,259,261,8,266,13,269,271,17,21,151,23,154,282,27,287,160,164,166,295,178,182,190,192,196,324,69,70,202,206,208,81,84,214,87,89,90,97,226,98,99,101,230,105,234,109,114,244,248,253
256,257,258,259,260,261,262,264,265,266,267,269,271,277,282,287,295,41,320,324,69,70,71,72,74,81,213,87,89,247,92,91,97,121,98,101,230,106,109,110,241,114,116,117,245,119,248,249,122
256,3,259,261,264,266,13,269,16,275,277,152,282,154,287,295,318,319,69,72,73,202,75,203,81,209,84,213,215,87,89,94,248,97,98,101,230,249,104,109,111,114,116,246,120,121,250,251
259,261,264,265,269,271,277,279,282,283,287,32,295,66,69,71,72,74,203,79,81,84,87,89,91,247,95,248,97,98,230,106,107,109,110,241,114,243,117,119,120,121,252,253,254
256,257,258,259,260,262,264,265,267,269,271,277,279,282,287,295,69,71,72,74,81,213,87,89,247,92,96,97,98,249,230,104,106,109,110,241,114,116,117,245,119,248,121,122,252,253,254
259,264,265,269,277,279,282,283,295,169,49,311,188,189,68,69,70,327,72,71,74,329,76,79,81,86,87,247,92,120,97,100,101,249,230,105,106,111,241,114,116,117,119,248,121,253,254
260,262,264,265,269,271,275,277,281,282,39,297,47,48,185,68,70,71,72,73,74,75,79,81,86,89,93,97,100,249,122,104,105,106,111,241,242,114,116,117,248,121,250,253
256,261,264,266,267,11,269,270,271,273,277,279,281,282,283,32,325,70,327,72,69,75,79,81,209,84,213,87,89,248,97,98,100,101,104,106,109,241,114,243,116,119,120,252,253,254
0,1,264,265,141,269,271,273,19,277,279,281,282,27,283,41,68,69,70,71,72,74,203,79,81,84,86,247,94,95,97,106,110,111,241,114,243,116,117,119,248,121,122,253
256,264,265,267,269,271,277,282,283,51,59,66,325,69,72,74,75,79,80,81,84,87,88,89,91,247,95,97,98,101,106,109,241,114,243,116,246,119,120,121,252,253,254
259,3,263,7,267,268,12,269,271,272,15,274,25,31,41,42,43,47,48,51,313,66,68,69,74,80,81,211,87,88,96,99,103,232,109,116,246,124,125,255
264,265,269,271,273,277,279,281,282,289,39,41,188,189,68,69,70,71,72,329,74,76,79,81,86,87,247,92,95,223,97,121,100,105,106,110,111,241,114,116,117,119,248,249,253
256,264,265,266,10,271,275,277,280,282,168,313,68,69,70,71,72,73,75,76,79,81,213,86,87,93,94,95,97,121,100,101,104,105,106,111,116,117,246,120,249,250,251,253
256,263,264,265,9,12,269,271,277,279,282,283,156,32,42,65,68,69,198,71,72,326,74,70,77,79,208,81,86,214,92,95,97,101,104,106,241,114,116,117,244,119,248,121,253
1,261,264,265,269,271,15,18,275,146,281,166,178,311,316,318,320,195,68,69,72,73,75,81,84,85,87,89,92,120,94,121,98,97,104,109,242,243,116,248,249,250,253
256,257,258,131,260,261,262,264,267,269,270,271,15,277,194,322,324,69,72,75,81,84,213,86,87,89,93,94,97,98,100,228,101,122,104,107,109,242,243,116,245,248,249,250,251,255
256,264,265,266,8,271,17,277,21,282,164,166,40,178,182,68,69,70,327,72,71,74,75,76,79,86,87,92,95,97,99,100,101,249,104,105,106,111,116,117,244,247,248,121,253
256,261,264,11,269,271,273,277,279,281,282,283,32,43,46,186,69,198,71,72,327,74,76,79,208,81,84,87,89,90,91,92,247,97,98,101,106,109,241,114,243,119,248,252,253,254
256,264,265,11,269,277,279,282,283,165,168,43,174,68,69,198,70,72,71,76,79,208,81,84,86,87,91,92,247,97,100,101,106,110,111,241,114,243,116,117,119,120,121,252,253,254
257,258,260,261,262,264,266,269,270,271,15,275,278,283,288,194,69,200,73,75,81,84,85,86,87,88,89,217,91,92,120,222,223,97,98,100,228,104,233,107,109,243,248,249,251,254,255
8,265,266,269,271,17,21,23,27,283,32,164,166,40,44,178,307,182,187,63,192,196,326,71,330,202,77,208,214,92,99,105,112,114,244,117,245,253,255
256,258,3,261,134,263,264,11,12,268,269,271,279,282,283,32,289,36,42,43,172,54,182,188,190,69,202,203,79,208,81,87,89,94,97,98,99,100,101,106,109,241,242,243,252,248,127,253,254,255
256,261,264,265,266,269,143,272,275,277,279,280,282,68,69,70,71,72,73,75,76,79,85,86,87,92,93,95,248,97,121,100,101,104,105,106,110,111,116,117,247,120,249,250,253
133,264,265,269,277,279,282,283,284,165,168,170,174,68,69,70,71,72,74,203,76,79,208,81,84,86,119,87,218,91,92,97,100,101,106,110,111,241,114,243,116,117,247,120,121,252,254
264,265,9,269,271,274,277,279,282,283,32,42,186,187,68,69,326,71,72,70,74,203,330,77,202,79,208,81,214,86,92,97,121,106,107,241,114,244,117,116,119,248,245,122,253
256,261,264,266,269,271,277,282,162,166,174,184,65,68,69,72,75,81,85,86,87,88,89,247,91,93,92,95,248,97,98,100,101,249,103,104,107,109,111,114,243,116,119,120,121,125
256,261,264,266,267,269,271,275,277,282,283,68,69,72,73,75,81,84,85,86,87,88,89,92,93,94,120,97,121,98,100,101,104,109,111,114,115,116,243,248,249,253,254
256,261,262,264,265,266,267,8,269,271,17,277,21,23,282,154,27,36,164,166,305,178,182,190,319,69,72,202,75,208,81,84,215,87,89,91,94,248,97,98,99,101,105,109,114,247,120,121,253,255
256,264,11,267,141,269,271,151,282,283,36,165,167,168,300,174,48,51,179,59,319,64,325,69,327,72,202,205,78,79,80,81,215,87,88,91,247,97,101,103,234,106,241,114,243,246,119,120,252,253,254
256,257,259,261,262,264,266,267,269,270,271,16,275,277,325,69,72,73,202,75,81,84,86,87,88,89,92,93,248,97,98,101,104,107,109,111,114,243,116,246,120,249,251
256,257,261,262,264,267,269,270,15,16,275,284,292,303,194,325,69,199,73,202,75,207,209,81,210,84,213,214,87,216,89,92,222,248,97,98,104,107,109,114,243,246,120,249,251,255
256,261,264,266,269,271,143,275,277,282,283,69,72,73,75,81,84,213,86,87,119,85,88,89,91,93,94,92,248,97,98,100,101,249,104,107,109,111,243,116,247,120,121,250,254
2,261,7,264,266,268,269,270,15,274,275,283,34,312,189,69,73,75,81,211,84,85,86,87,88,89,91,92,93,94,223,120,97,98,104,107,109,242,243,116,248,249,250,251,252,253,254
256,257,258,259,260,261,262,264,269,270,16,275,278,282,292,303,194,197,325,199,69,329,73,202,75,81,210,84,214,87,216,89,217,93,248,97,98,228,101,108,237,109,114,117,246,120,251,255
256,260,263,264,265,266,267,269,270,271,18,275,277,282,168,67,68,69,70,71,72,75,76,79,81,86,87,96,121,100,101,104,105,106,111,241,114,116,117,119,248,249,250,251,253,254
257,260,5,262,261,264,137,269,270,16,275,278,280,292,303,311,194,197,325,199,200,329,69,73,202,75,78,81,84,87,216,89,218,92,222,248,97,98,231,107,237,109,239,113,243,246,120,249,251
256,264,265,266,267,269,271,275,277,279,281,282,283,165,39,174,47,48,185,318,320,68,69,70,71,72,73,75,79,81,86,121,100,101,104,106,111,241,242,243,116,117,248,249,253,254
262,264,265,267,269,271,275,277,281,282,39,297,47,48,185,68,70,71,72,74,79,81,84,86,89,247,92,95,97,121,100,101,106,110,111,241,114,116,117,119,248,249,122
256,261,264,265,269,271,273,277,279,281,282,283,32,186,319,69,71,72,202,203,74,76,75,79,208,81,84,215,87,89,91,92,248,97,98,101,106,109,241,114,243,119,120,252,253,254
256,261,264,266,269,271,275,277,282,283,69,72,73,75,81,84,85,87,88,89,91,92,93,94,120,97,98,100,101,231,104,107,109,111,115,116,243,248,249,250,252,253,254,255
264,265,266,267,269,271,272,18,275,277,279,280,282,67,68,69,70,71,72,73,74,75,76,79,82,86,87,93,94,95,96,100,249,101,104,105,106,110,111,112,242,243,116,117,121,251,253
256,264,11,269,271,16,15,17,21,279,282,283,32,36,42,43,190,319,69,198,72,202,203,79,81,213,215,87,89,90,94,225,97,98,101,229,233,234,106,109,238,241,114,243,252,253,254,255
256,263,264,266,267,269,270,271,15,275,278,279,283,313,68,69,70,71,72,75,76,207,79,81,86,87,217,93,94,100,101,104,106,107,111,114,243,116,117,121,251,252,253,254,255
256,264,265,9,269,271,277,279,282,283,32,42,301,186,187,316,68,69,326,71,72,70,74,77,79,208,81,86,214,92,95,97,121,106,107,111,241,114,116,117,244,119,248,245,253
256,264,265,269,271,277,282,283,162,290,166,45,174,184,59,65,321,68,325,70,71,72,69,74,327,81,84,87,247,92,95,97,101,103,104,106,107,241,114,243,116,117,125,119,248,252,253,254
256,261,264,265,269,271,273,277,282,283,163,69,72,73,74,75,81,84,85,87,88,89,247,120,93,94,91,92,97,98,101,249,104,107,109,241,114,243,117,119,248,121,252,253,254
256,261,264,266,267,269,271,18,275,277,282,283,290,56,316,319,67,69,72,73,75,81,84,213,86,87,88,89,92,94,96,97,98,248,100,101,249,104,107,109,111,243,116,120,121,253,255
261,264,266,267,269,270,271,275,283,160,298,49,191,68,69,71,75,81,213,86,85,87,88,89,92,93,120,223,104,106,107,109,237,111,241,242,243,116,248,249,251,254
256,5,7,264,265,266,271,272,277,280,282,155,312,188,194,68,70,71,72,74,76,79,81,86,247,120,95,97,121,98,100,101,104,105,106,110,111,241,116,117,119,248,249,253,254,127
256,2,260,263,264,266,267,270,271,277,280,282,35,36,173,53,189,319,68,325,70,327,72,199,202,75,71,201,207,81,213,86,215,119,217,97,101,104,106,111,114,116,247,120,121,250,251
259,261,264,265,8,269,270,277,279,282,283,284,32,42,59,69,70,71,72,74,203,76,79,208,81,84,119,87,89,91,92,95,97,98,106,108,109,110,241,114,243,117,247,252,253,254
0,129,261,264,13,269,15,16,17,18,275,21,159,36,166,46,304,178,62,63,66,69,71,73,202,75,80,81,84,85,87,89,90,92,224,225,97,227,98,229,248,105,107,109,243,246,120,249,251,255
261,264,10,11,268,269,16,275,277,151,282,42,43,186,59,64,68,69,71,73,202,203,76,205,208,81,84,86,215,87,88,90,91,89,248,97,98,101,106,109,111,114,116,246,119,120,251
256,264,265,269,142,271,19,277,151,282,290,162,166,168,174,184,59,318,65,321,195,68,69,72,74,203,202,76,208,81,211,84,89,91,92,247,94,97,98,101,103,106,107,109,110,114,117,119,248,121,125
256,261,262,266,268,269,271,16,275,277,280,187,316,189,319,324,69,72,73,328,75,202,205,81,209,210,213,86,87,215,89,93,248,98,101,104,109,111,114,242,116,246,119,120,249,251
256,264,8,266,271,17,275,21,23,280,27,164,166,40,178,182,190,319,196,68,70,71,72,73,75,76,207,79,85,214,86,87,94,95,99,100,104,105,106,111,112,115,244,116,117,121,253,255
264,269,144,17,146,273,279,282,29,166,42,180,182,188,65,196,68,69,71,70,74,203,76,77,79,84,86,87,92,95,97,100,105,106,110,111,112,114,115,244,117,116,121
256,259,263,265,268,12,271,272,274,25,31,289,41,42,43,47,48,50,313,319,66,69,74,203,81,211,87,217,90,99,102,232,109,119,253,124,125,255
256,261,264,265,11,269,271,273,277,279,281,282,283,32,69,327,72,74,202,76,75,79,208,81,84,215,87,89,91,247,248,97,98,101,104,106,109,241,114,243,119,120,121,252,253,254
264,9,269,271,275,279,280,281,156,160,165,295,168,39,171,174,303,47,48,307,182,55,185,323,68,197,326,69,200,329,330,70,71,79,209,212,214,86,216,90,222,99,234,235,106,239,114,116,247,121,253
256,261,264,267,269,271,273,277,279,281,282,283,32,319,69,71,72,202,203,79,208,81,84,213,254,87,89,91,247,248,97,98,100,101,104,106,109,241,114,243,252,119,120,121,124,253,126
256,261,263,264,265,266,269,271,277,282,283,69,72,73,74,75,203,81,84,85,87,88,89,91,92,95,248,97,98,101,249,104,107,109,111,241,114,243,116,117,119,120,121,253,254
256,257,262,10,16,153,290,292,46,303,311,319,194,68,325,69,70,71,329,202,73,76,79,209,210,81,84,213,212,215,216,89,86,87,91,100,101,102,105,234,106,239,111,116,117,246,121,251
135,264,265,269,273,147,23,282,155,289,294,41,42,297,176,309,182,184,192,195,196,69,323,72,74,203,76,77,206,208,84,91,92,97,99,105,106,110,115,243,119,248,122,253
256,7,266,267,268,270,271,276,277,280,282,292,295,303,316,189,319,68,325,70,327,72,73,71,75,76,207,79,209,213,86,87,219,95,121,100,104,105,106,110,111,242,116,117,247,249,250,251
259,3,263,264,268,12,271,272,15,31,41,43,47,48,66,68,70,71,74,76,79,211,86,87,95,96,121,99,100,232,106,111,241,242,116,117,253,124,125,255
256,261,264,265,269,271,274,277,151,282,283,32,168,42,187,62,192,324,69,198,326,72,71,74,203,202,330,77,208,81,85,214,89,92,95,97,98,101,106,109,110,114,116,117,244,119,248,245
261,264,8,266,269,142,271,17,277,21,23,282,27,166,168,178,182,186,69,70,71,72,73,74,75,208,81,84,119,87,89,92,248,97,98,99,105,106,109,114,244,117,247,120,124,253,126
256,257,258,261,264,266,267,269,270,271,275,277,278,313,69,72,73,75,81,84,85,86,87,88,89,92,93,95,248,97,121,98,101,104,107,109,111,243,116,120,249,253
256,264,266,11,10,269,279,282,283,28,165,168,174,188,190,319,68,69,198,327,72,70,202,71,75,79,81,209,213,214,215,86,94,97,100,101,104,234,106,111,114,243,116,117,119,120,121,252,254
256,264,266,141,19,277,279,280,282,324,68,70,71,72,74,202,76,77,79,84,85,86,215,119,87,91,94,95,97,98,100,101,104,105,106,110,111,113,114,116,117,247,120,121,122
130,5,261,264,265,269,142,271,141,273,277,282,28,300,305,188,317,69,71,72,74,75,79,81,212,84,87,89,95,97,98,104,106,109,110,241,114,117,119,248,121,123,253,127
256,8,266,142,271,17,275,20,21,23,279,281,27,157,164,36,166,39,175,178,63,196,68,71,72,73,75,85,86,119,92,94,225,99,105,111,112,244,117,116,118,253,255
0,3,263,264,137,267,12,269,142,15,271,18,275,20,279,281,157,159,165,295,39,299,172,175,178,51,317,69,75,79,80,85,88,217,221,94,222,225,227,104,241,244,118,246,123,255
256,266,10,270,15,16,275,277,280,282,316,189,190,322,194,324,325,68,70,71,73,202,75,76,79,81,210,86,215,87,94,95,100,101,228,104,105,106,110,111,116,117,246,121,251,255
256,261,262,264,266,13,269,16,275,277,282,36,310,319,64,325,69,73,202,75,81,210,84,213,215,216,87,89,91,220,92,94,248,97,98,101,249,107,109,114,243,244,246,120,121,251
256,264,265,11,269,271,146,277,21,282,283,32,289,41,42,43,50,316,319,66,69,198,71,72,202,203,74,208,81,84,217,89,91,247,97,98,227,101,106,109,241,114,243,119,252,253,254
256,257,261,262,8,264,266,269,270,271,17,275,21,23,282,27,164,166,178,182,194,324,69,72,73,75,207,209,81,84,214,87,89,248,97,98,99,101,104,109,111,114,244,116,120,249,253,254,255
256,258,259,261,264,266,269,275,277,283,180,69,72,73,75,81,84,85,86,87,88,89,92,93,95,248,97,121,98,100,101,104,107,108,109,111,114,243,116,120,249,250,251
256,269,144,146,275,18,279,280,155,161,162,180,190,67,68,69,70,71,75,76,77,79,85,86,87,92,93,95,96,100,104,105,106,107,110,111,112,114,115,116,117,248,121
261,264,265,269,273,19,277,279,282,283,32,309,60,69,71,72,74,203,330,79,80,81,84,87,89,91,92,247,120,97,98,106,109,110,241,114,243,117,119,248,121,252,253,254
256,8,11,271,17,21,23,282,27,28,160,164,166,40,42,43,178,182,192,196,68,69,70,71,74,76,79,208,84,86,87,92,95,97,99,100,101,105,106,111,114,244,116,117,119,121,253
256,257,262,264,11,13,269,142,16,272,279,26,283,32,165,168,174,303,190,319,194,324,325,69,329,202,74,203,78,79,209,210,81,213,214,215,216,87,89,98,101,234,106,109,241,114,243,120,252,253,254,255
257,264,11,269,271,274,277,151,152,282,283,28,32,42,43,307,186,59,187,69,70,198,327,326,71,330,202,77,208,81,84,214,89,91,97,101,106,107,241,114,243,244,245,119,252,254
261,264,265,11,269,273,277,279,153,282,281,284,283,32,42,43,182,69,70,72,202,203,76,205,74,79,208,81,84,119,87,89,91,92,248,97,98,106,109,110,241,114,243,247,120,252,253,254
256,261,264,265,266,268,269,273,277,279,281,282,283,32,289,178,319,69,70,72,202,74,79,208,81,84,215,87,89,91,247,95,248,97,98,101,106,109,241,114,242,116,243,119,120,121,252,253,254
259,261,263,264,265,268,12,269,271,273,274,18,279,281,283,32,42,299,43,313,317,66,69,72,73,74,79,81,87,89,94,96,226,98,104,106,109,241,243,248,123,252,253,254
256,0,1,264,265,266,267,137,269,141,271,19,277,281,282,283,27,289,41,69,70,72,202,75,79,208,81,87,218,91,92,247,94,248,97,100,101,104,106,109,241,114,243,119,120,121,252,253,254
256,262,266,271,272,277,279,280,282,177,194,323,68,325,70,71,72,200,75,76,79,86,215,87,93,223,95,228,101,100,104,105,106,109,110,111,112,116,117,120,121,251,255
259,261,264,267,269,270,271,278,283,168,298,61,191,68,69,73,330,75,81,84,213,86,85,87,88,89,92,248,97,98,104,107,109,241,242,243,116,114,120,249,251,253,254
256,264,265,267,269,277,282,283,32,43,51,69,70,198,72,202,203,76,74,75,79,208,81,80,84,87,88,89,91,92,247,248,97,98,101,105,106,109,241,114,243,246,119,120,252,253,254
144,145,146,148,151,155,156,157,158,160,161,292,164,36,295,167,169,170,171,172,173,301,303,302,175,304,307,179,180,181,311,315,316,189,318,319,326,327,330,78,208,209,213,214,215,90,234
2,135,11,12,142,15,16,144,145,18,148,149,153,154,155,157,158,160,161,295,167,170,171,172,173,174,303,175,307,179,180,181,313,186,315,194,197,327,329,330,207,209,214,216,217,90,222,234,114
11,15,16,148,149,151,153,154,155,158,159,160,295,167,171,43,173,172,303,174,175,306,307,177,179,182,310,184,185,186,59,321,193,198,330,203,202,209,212,214,90,222,95,104,234,114,115
11,12,16,148,149,153,154,158,160,289,36,292,293,295,294,167,296,171,166,170,299,303,172,301,174,307,175,177,179,308,310,184,189,194,198,327,329,330,78,207,209,214,90,222,229,234,114
263,7,9,135,268,15,144,274,18,147,148,149,153,154,155,158,31,160,161,292,167,296,41,170,299,171,172,174,47,48,176,175,177,179,180,307,310,184,313,187,316,66,195,326,330,206,211,99,232,125,255
3,5,134,267,11,12,141,15,16,272,144,150,152,153,155,157,158,160,161,295,296,41,170,299,172,300,301,175,177,306,307,308,305,180,179,315,316,188,317,319,322,324,202,74,330,208,213,94,127
10,11,141,142,16,148,149,151,152,153,154,158,292,36,295,167,170,171,299,172,300,303,174,175,306,177,179,307,310,311,308,309,184,315,319,324,329,202,330,209,213,214,215,216,234,239
3,5,12,142,271,144,148,155,158,160,289,161,292,295,167,170,299,172,301,174,303,175,177,307,180,53,309,310,179,184,308,315,189,190,194,200,201,330,217,222,223,96,228,251,127,255
134,11,16,148,149,150,151,152,22,282,26,158,159,160,32,162,163,165,40,168,42,171,43,170,175,47,306,307,182,186,320,321,65,324,198,202,203,330,205,208,214,90,106,114
11,12,13,15,16,144,20,148,154,155,156,157,158,160,161,292,164,295,167,169,170,171,297,172,173,303,302,175,301,307,179,180,181,313,188,189,190,319,65,194,322,324,329,202,330,207,209,213,214,215,255
128,2,3,12,142,271,18,148,149,153,154,158,292,293,295,167,170,299,172,301,173,171,174,177,175,307,303,53,179,308,310,184,189,323,200,330,75,217,223,227,228,104,235,123,251,255
3,261,265,267,12,269,273,24,28,158,31,289,292,295,167,299,173,303,315,188,316,189,324,68,70,199,71,201,73,207,80,209,81,84,213,86,87,216,217,89,88,97,98,106,109,116,118,119,121,251,253
0,3,7,264,266,12,142,144,145,18,281,155,157,158,160,289,161,295,39,168,296,299,170,167,300,175,178,307,308,180,179,188,189,317,190,198,73,330,75,207,217,94,96,226,100,118,123,253,255
1,135,146,147,148,149,153,154,155,29,158,34,294,167,166,297,299,171,172,174,175,176,177,178,179,309,182,310,312,184,316,317,195,323,196,328,73,206,207,85,88,115,249
3,134,7,263,137,11,12,141,142,15,16,18,148,149,154,157,158,289,36,292,295,296,41,167,299,43,172,170,300,174,175,303,307,178,308,179,310,184,190,194,330,214,90,222,96,225,127,255
3,7,12,141,142,15,144,145,146,18,148,149,154,155,157,158,159,160,161,166,295,167,41,168,299,172,173,171,170,304,300,175,179,52,307,305,178,180,181,330,85,90,225,227,228
11,12,13,15,16,144,148,149,153,154,155,157,158,160,293,294,295,167,41,42,43,171,296,297,166,172,301,174,307,175,173,177,179,181,313,186,310,184,324,326,198,330,207,208,209,214,90,229,114
1,4,135,142,146,147,148,149,23,155,29,158,159,161,38,295,297,169,170,44,172,174,175,176,178,180,309,182,54,184,310,311,63,195,323,196,330,77,206,79,92,105,115
134,11,142,144,16,150,151,152,22,282,155,284,158,159,160,161,162,163,165,40,41,42,43,168,170,174,175,306,182,185,186,318,63,320,65,198,327,72,73,202,203,330,205,208,215,90,225,106,114
3,12,141,271,15,18,146,147,148,149,150,152,153,154,155,29,158,159,289,166,295,167,299,171,300,172,303,174,175,177,307,306,179,305,310,184,316,189,188,317,321,330,207,209,217,90,222,226
142,144,148,151,155,157,158,160,292,295,167,168,170,299,172,301,173,303,174,175,307,180,309,310,181,184,179,316,189,190,191,321,193,324,325,198,327,330,75,207,209,81,213,226,101,104,232,116
2,3,137,12,270,271,142,148,149,153,154,155,158,289,292,166,295,167,170,299,172,171,174,303,175,177,307,308,53,309,310,179,184,189,194,68,200,201,330,75,217,222,223,96,237,251,255
128,12,270,15,142,148,149,153,154,158,292,295,167,170,299,172,301,173,303,175,171,174,307,177,179,308,310,309,184,189,194,200,330,75,207,86,217,223,228,100,101,104,123,242,251,255
134,11,13,142,16,150,151,152,153,22,30,159,32,35,292,165,37,167,168,171,300,44,174,303,175,172,306,179,52,182,311,315,316,318,319,192,65,327,199,329,202,203,201,213,215,216,90,229,234
3,134,11,12,16,144,273,150,151,152,153,282,155,157,158,159,160,161,34,162,165,168,41,42,171,170,43,175,306,179,180,182,185,186,318,319,320,65,202,203,330,208,213,215,90,229,111,112,114
7,135,136,12,15,144,274,18,148,149,153,154,155,29,158,159,160,292,293,166,167,294,41,42,299,172,171,174,175,305,177,179,180,182,183,310,313,184,315,316,317,195,69,85,220,221,94,226,227,238
130,3,255,5,135,267,12,141,269,142,148,149,153,154,158,34,292,295,167,170,299,300,172,174,175,303,305,171,179,307,308,310,309,184,188,317,194,199,200,201,330,217,222,223,96,243,251,127
1,131,4,135,144,147,148,154,155,156,157,286,158,160,161,164,38,294,167,297,170,169,44,173,172,302,176,49,175,178,179,309,182,180,184,312,181,63,65,195,323,196,328,330,206,88,115,255
2,3,7,135,269,15,144,145,18,146,147,281,155,28,29,158,159,160,161,157,294,167,170,299,172,174,175,304,307,308,180,179,184,317,69,71,330,80,85,217,221,94,98,227,100,104,106,110
134,135,266,16,275,19,148,149,150,151,152,154,159,162,292,165,295,167,168,299,171,173,172,303,174,175,47,307,179,182,186,315,316,189,65,322,195,196,69,329,73,206,207,85,94,229,115
2,11,12,142,144,19,151,154,155,28,157,158,160,161,290,164,38,295,40,167,296,43,169,298,170,173,175,307,308,181,180,179,59,189,190,61,321,324,198,330,208,90,93,94,100,101,105,106,114
130,3,5,12,141,269,142,18,148,149,278,153,154,30,158,34,292,167,295,170,299,300,172,302,174,175,305,303,171,177,179,307,308,310,309,184,317,194,200,330,217,222,223,96,227,243,123,127,255
3,6,12,142,271,16,144,148,151,155,28,157,158,160,289,292,165,295,40,297,170,43,299,172,173,174,175,303,50,178,307,180,309,310,308,184,181,59,327,329,330,206,207,88,90,222,225,100,229,234,114
134,16,144,147,148,149,153,154,155,158,160,292,36,293,295,167,294,166,171,172,174,303,175,177,307,308,179,310,311,180,184,315,189,319,194,322,325,329,202,209,210,213,214,215,216,234,239
129,135,144,17,146,153,154,155,156,157,158,160,161,164,167,41,42,169,170,172,173,302,175,174,306,49,180,179,182,181,311,63,192,65,320,195,196,202,203,330,206,208,90,229,105,112,115
13,141,144,148,149,151,153,154,155,156,157,158,160,161,164,295,167,41,170,171,169,300,173,172,175,297,301,179,180,181,310,186,315,188,316,189,319,320,322,198,327,202,330,207,208,209,213,214,215,90
142,271,144,147,148,149,153,154,155,157,158,160,161,166,295,167,170,171,172,173,301,303,174,175,178,179,180,181,311,185,315,316,189,319,321,194,330,207,209,213,214,215,228,101,104,114
148,150,151,152,153,154,158,159,162,292,165,295,167,168,170,171,172,173,301,303,175,50,179,311,185,189,318,319,61,193,321,325,330,203,209,212,213,215,216,90,95,101,234,114,115,249
1,261,135,269,144,146,275,147,281,154,155,158,31,161,162,297,174,180,63,321,65,195,68,70,71,328,77,79,81,85,86,87,88,92,100,105,106,109,110,112,115,116,117,248,121,250
7,265,144,276,148,149,153,154,155,158,160,292,293,166,295,167,294,170,299,171,173,172,301,174,175,177,179,180,310,312,184,316,317,189,322,324,69,73,75,207,296,213,226,104,236,242,248,249,250,253
259,3,4,263,7,136,268,12,15,274,18,146,147,148,149,150,151,152,154,155,29,31,159,162,165,167,168,41,299,43,172,47,48,175,50,304,179,182,313,317,62,66,211,226,99,232,110,125
3,11,12,15,144,18,148,149,153,154,155,158,32,292,293,166,295,167,41,42,299,172,43,296,171,174,175,177,307,306,179,180,310,308,313,184,316,188,317,322,195,324,326,330,207,208,214,90,225
259,267,12,270,271,142,146,147,148,283,155,29,158,159,289,292,295,297,170,299,43,172,301,303,174,175,178,307,180,309,310,308,184,313,189,68,324,330,75,207,209,214,88,217,222,104,251,125,255
130,3,5,267,12,141,269,142,148,149,153,154,30,158,292,295,167,170,299,300,172,174,175,303,305,171,177,179,307,308,310,309,184,188,317,194,200,201,330,217,222,223,96,243,251,127,255
128,129,130,131,132,5,134,133,135,136,138,139,140,16,20,285,286,287,288,289,290,291,303,188,190,194,324,329,202,210,213,214,215,216,237,122,123,124,125,126,127
128,129,130,131,132,133,134,135,136,137,138,139,140,285,286,287,288,289,290,291,41,42,319,192,65,202,78,215,90,122,123,124,125,126,127
128,129,130,131,132,133,134,135,136,138,139,140,150,152,154,285,286,287,288,289,290,291,295,167,303,307,310,314,188,319,322,195,324,329,78,210,213,215,122,123,124,125,126,127
128,129,130,3,131,5,134,132,133,135,136,139,140,12,137,138,16,285,286,287,288,289,290,291,295,40,303,194,201,329,209,214,216,222,234,237,122,123,124,125,126,127
128,129,130,131,132,5,134,133,136,135,137,139,140,11,138,285,286,287,288,289,290,291,188,190,319,202,210,215,216,122,123,124,125,126,127
128,130,131,132,133,134,135,8,137,138,136,139,140,17,20,21,23,27,285,286,287,288,289,290,164,166,42,44,178,180,55,192,65,196,324,202,206,208,105,122,123,125,127
128,129,130,131,132,5,3,134,136,133,135,139,140,141,137,138,285,286,287,288,289,290,291,60,188,217,222,96,122,123,124,125,126,127
128,129,130,131,4,132,134,133,136,9,135,138,139,13,140,146,150,285,286,288,33,289,290,291,41,42,45,319,320,65,63,67,326,203,75,76,78,79,208,90,108,122,123,125,126,127
128,129,130,131,132,4,134,135,136,133,137,139,138,140,17,20,23,285,286,287,288,289,290,291,166,42,306,55,57,62,192,65,196,202,206,105,122,123,124,125,126,127
128,129,130,131,132,133,134,135,136,138,139,140,150,152,285,286,287,288,289,290,291,37,167,295,303,310,314,316,188,319,324,202,78,210,213,214,215,95,122,123,124,125,126,127
128,129,130,131,4,132,134,135,133,136,137,139,140,138,17,20,23,27,285,286,287,288,289,290,291,166,178,63,192,195,196,323,206,105,122,123,124,125,126,127
128,129,130,131,132,133,134,135,136,138,139,140,12,20,151,285,286,287,288,289,290,291,165,295,303,50,311,188,189,329,210,214,216,234,239,122,123,125,126,127
128,129,130,131,132,133,134,135,136,138,139,140,150,152,154,285,286,287,288,289,290,291,167,295,303,306,310,314,316,188,319,322,324,329,202,78,210,213,215,122,123,124,125,126,127
128,129,130,131,132,133,134,135,136,265,137,138,139,140,151,152,154,285,286,287,288,289,290,291,167,40,41,42,39,314,188,316,319,324,208,210,213,215,90,223,121,122,123,125,126,127
128,129,130,131,132,133,134,3,136,135,137,139,140,12,138,285,286,287,288,289,290,291,40,189,326,78,209,214,232,122,123,124,125,126,127
128,129,130,131,132,133,134,135,136,137,138,139,140,22,285,286,287,288,289,290,291,40,168,303,305,307,189,326,201,330,207,209,214,222,122,123,124,125,126,127
128,129,2,130,131,132,133,135,134,136,137,138,12,140,139,15,19,22,285,286,288,289,290,162,291,40,168,301,173,307,53,312,68,326,330,207,235,242,122,123,124,125,126,127
128,129,130,131,132,133,134,135,136,137,138,139,12,140,20,151,152,285,286,287,288,289,290,291,295,40,42,307,186,188,319,321,326,78,207,209,213,214,215,90,234,122,123,124,125,126,127
128,129,130,131,132,133,134,135,136,3,137,138,140,12,13,139,151,285,286,287,288,289,290,291,40,41,48,321,322,195,324,68,122,123,124,125,126,127
128,129,130,131,132,5,134,133,135,136,137,139,140,138,20,285,286,287,288,289,290,291,36,37,303,190,319,194,324,202,78,213,214,215,216,234,113,122,123,124,125,126,127
128,129,130,131,132,133,134,135,136,138,139,140,270,22,285,286,287,288,289,290,291,292,295,303,305,307,312,186,188,189,326,199,201,330,78,207,209,214,222,237,239,122,123,124,125,126,127
128,129,130,131,132,133,134,3,136,135,138,139,140,12,285,286,287,288,289,290,42,43,173,188,190,199,201,217,122,123,125,126,127
128,129,130,131,132,133,134,135,8,136,139,140,17,23,27,285,286,160,288,290,164,166,42,43,44,178,306,180,182,55,63,192,65,196,324,197,202,76,206,208,105,122,123,125,127
128,129,130,131,132,133,134,5,136,135,137,139,140,12,138,285,286,287,288,289,290,291,188,190,194,222,122,123,124,125,126,127
128,129,130,131,3,5,132,133,136,134,135,137,12,140,138,139,285,286,287,288,289,290,291,36,295,188,317,189,190,194,199,212,217,222,223,237,124,122,123,127,125,126,255
128,129,130,131,132,133,134,135,8,136,138,139,140,17,23,27,285,286,287,288,289,290,291,166,296,42,49,306,180,182,55,57,192,65,195,196,202,206,208,105,122,123,124,125,126,127
128,129,130,131,132,133,134,135,136,137,138,139,140,20,285,286,287,288,289,290,291,36,319,78,213,215,234,122,123,124,125,126,127
128,129,130,131,132,133,134,135,136,137,138,139,140,20,285,286,287,288,289,290,291,164,303,188,189,194,207,209,210,213,214,234,122,123,124,125,126,127
128,129,130,131,132,133,134,135,136,138,139,140,150,152,285,286,287,288,289,290,291,303,306,310,314,315,316,188,190,319,324,329,202,78,210,213,214,215,217,94,122,123,124,125,126,127
128,129,130,3,131,132,134,135,136,133,137,138,12,139,140,152,154,28,285,286,287,288,289,290,291,40,41,42,43,59,65,324,90,225,122,123,124,125,126,127
9,11,282,27,32,40,42,186,187,316,314,319,320,192,191,194,324,325,198,327,326,197,202,199,76,205,206,200,208,201,207,209,210,213,214,215,212,216,92,97,105,328
5,137,156,292,303,175,311,186,187,191,192,194,323,195,197,198,199,200,329,201,202,328,204,205,206,207,209,208,210,212,213,214,215,216,217,218,222,231,233,235,237,239,255
11,16,152,282,42,43,172,313,186,315,188,316,187,319,320,189,191,192,324,194,198,195,197,199,202,203,328,205,201,200,208,209,204,206,207,213,80,215,210,212,214,91,216,106,114
267,270,283,295,40,53,312,186,187,316,189,191,192,194,195,324,325,197,327,199,201,198,75,200,202,328,207,204,209,81,205,206,213,214,208,210,217,212,215,216,116,251,254
256,259,260,134,267,13,145,275,278,287,313,186,315,316,317,188,189,319,187,322,191,324,194,323,71,197,199,202,203,328,201,205,207,208,209,210,213,214,215,94,104,236
256,134,136,11,145,36,186,315,316,188,189,190,319,187,322,314,324,191,198,327,192,194,202,203,197,326,78,207,208,209,210,205,206,213,214,215,212,216,234,199,200,201
256,11,36,186,314,315,316,188,189,190,319,187,194,322,324,325,191,327,197,199,202,72,328,74,201,207,208,209,210,205,212,213,214,215,216,221,101,234,200,114
204,292,295,167,303,311,186,315,188,316,189,319,187,321,322,194,324,191,192,195,197,329,202,327,199,201,200,207,328,209,210,205,206,213,214,215,216,208,212,239,126
32,295,171,303,307,186,315,316,188,189,319,187,321,194,322,324,191,326,192,323,329,202,195,197,199,200,207,201,209,210,205,206,213,214,215,216,208,212,234,239,328
256,12,32,36,295,167,314,303,186,315,316,188,189,190,319,187,194,322,324,191,192,323,197,329,202,326,199,327,201,207,205,209,208,210,213,214,215,216,217,222,234,255
264,11,271,15,43,313,186,315,316,189,317,319,187,191,322,195,324,194,198,327,197,199,202,203,328,201,200,207,208,209,205,210,211,213,214,215,212,216,90,217,226,234,114,245
134,137,11,13,16,152,282,42,43,186,187,188,190,319,191,192,322,194,324,197,199,72,329,202,203,201,205,200,78,208,209,207,210,206,213,214,215,216,212,91,94,114
134,9,11,152,32,292,40,303,313,314,187,188,186,190,319,191,192,194,324,325,197,199,327,329,202,326,200,205,206,201,208,328,210,207,209,212,214,215,213,216,92,101,105
256,2,167,295,186,173,187,53,314,59,316,315,188,189,190,319,194,322,324,325,191,197,326,329,202,199,328,201,78,207,205,209,210,208,213,214,215,216,217,101,234
11,12,16,295,167,171,303,186,315,188,316,187,319,192,314,191,194,197,326,199,328,329,202,201,200,205,78,207,206,209,208,210,82,213,214,215,216,212,90,94,225,229,234
3,134,267,12,24,287,295,51,312,313,186,315,316,189,188,317,319,321,322,187,324,191,326,194,197,73,199,203,328,201,202,207,208,209,205,210,212,213,215,88,221,245,246,248
7,264,266,267,12,18,275,289,299,313,186,187,188,317,189,190,318,191,194,192,324,67,197,198,199,73,200,201,202,205,78,207,208,209,210,206,212,213,215,216,217,94,223,96,104,243,251,127,255
261,134,13,269,150,152,153,28,157,31,167,306,314,59,319,64,65,322,192,324,191,68,69,71,202,203,204,75,205,79,208,81,210,209,84,213,86,215,216,87,88,91,89,97,98,102,106,109,116,120
32,295,40,44,307,312,186,187,188,315,316,189,63,314,322,195,324,191,326,199,192,194,330,197,328,201,206,207,208,202,210,205,209,212,214,213,215,216,92,229,104,105,200
292,295,298,187,303,312,186,315,188,316,189,190,319,321,194,322,324,191,192,199,195,329,202,197,328,201,200,207,204,209,210,205,206,213,214,208,216,212,215,237,113
134,11,151,152,32,167,42,186,315,316,188,187,319,192,314,322,191,324,321,194,323,197,326,202,203,199,200,78,201,208,209,204,205,207,213,214,215,210,212,90,216,97,234,114
4,135,12,17,18,148,155,159,287,166,299,176,183,186,315,187,189,62,191,192,194,195,323,196,197,199,328,201,202,200,205,206,207,208,209,210,212,85,213,215,216,217,90,221,225,227,115
2,7,135,12,18,275,289,34,38,299,173,312,186,315,316,189,188,317,187,191,322,192,324,194,195,197,199,73,328,75,201,202,200,207,205,206,208,209,210,212,213,215,88,217,216,223,104,236,123
3,11,12,269,270,15,13,34,295,182,186,187,316,188,189,319,318,191,194,322,324,195,197,199,328,201,202,205,207,208,209,81,210,211,213,214,212,215,217,216,222,228,107,243,251,255
11,13,16,282,42,43,313,186,315,316,314,190,319,320,187,191,192,324,194,198,327,195,197,202,203,326,205,199,200,208,209,201,206,207,213,214,215,210,212,216,234,114,328
259,3,263,268,12,271,289,41,187,313,186,315,316,189,188,317,190,319,66,322,324,191,192,194,197,199,202,203,200,201,328,205,206,209,207,211,208,213,210,215,212,216,217,232,125
2,7,267,12,18,275,282,289,34,295,299,302,51,186,315,316,317,188,189,187,191,194,67,69,197,198,199,73,328,201,202,205,78,207,208,209,210,212,213,215,88,217,216,94,223,96,104,236,246
256,134,206,16,187,186,315,188,316,189,190,192,321,322,319,324,191,194,195,63,329,202,203,197,199,328,207,208,209,210,204,205,213,214,215,212,216,90,229,101,200,201
256,262,303,312,186,315,316,188,189,319,187,321,322,194,324,325,326,199,191,192,202,195,197,200,78,207,201,209,210,205,206,213,214,215,216,208,212,89,114,328
13,145,287,36,295,187,303,186,315,316,188,318,189,190,321,322,194,324,319,191,192,197,329,202,199,72,201,200,207,205,209,210,206,208,213,214,215,216,212,234,236,239
134,13,151,152,40,41,42,306,186,59,316,187,319,64,321,322,191,324,192,194,195,197,199,202,203,204,205,200,201,208,328,210,206,207,213,81,215,216,209,212,91,214,237
2,13,142,151,152,282,28,290,166,41,42,43,53,186,187,59,191,65,321,322,324,194,198,71,68,197,74,203,202,326,199,201,208,205,207,209,210,213,214,215,92,103,106,107,110,114,248
5,137,11,12,16,295,303,186,315,187,189,190,191,192,194,322,324,197,195,199,200,329,202,198,328,201,204,205,206,209,207,208,210,212,214,213,216,217,218,215,222,235,255
262,292,295,187,303,186,315,316,188,189,190,319,321,194,322,324,61,191,199,192,329,202,197,328,201,200,207,204,209,210,205,206,213,214,215,216,208,212,89,234,239
134,11,13,151,152,282,156,41,42,43,186,59,316,188,318,190,320,319,322,187,324,189,191,192,321,194,202,203,195,197,199,328,208,209,201,205,206,213,207,215,210,212,216,101,200
256,10,13,16,28,187,303,305,186,315,316,188,318,189,190,319,322,194,324,325,191,199,192,329,202,203,195,197,200,207,201,209,210,205,206,213,214,215,216,208,212,328
265,9,273,278,154,288,186,315,316,187,319,191,192,322,195,324,194,197,71,72,73,199,75,328,201,206,202,200,77,205,207,208,213,209,215,210,212,216,97,100,101,249,104,111,116,248,121,250
5,11,16,40,42,303,177,186,315,188,189,190,319,187,191,194,324,325,198,199,197,329,202,328,201,200,205,207,208,209,210,206,212,213,214,215,216,222,234,114
267,12,13,15,275,295,187,312,313,186,315,316,189,188,317,319,321,322,194,324,191,192,197,198,199,328,75,201,202,200,207,205,209,206,208,210,213,214,215,212,216,94,104
13,206,303,312,313,186,315,316,188,189,318,319,321,322,187,324,191,326,199,198,192,202,194,195,197,200,207,208,209,210,204,205,213,214,215,216,212,328,201
134,264,265,12,25,154,295,41,299,187,47,313,314,315,316,317,188,189,319,186,322,195,324,191,192,194,197,326,199,203,200,201,202,207,208,328,205,206,209,213,210,215,212,214,90,216,94,225
5,289,292,295,167,187,303,314,186,60,188,316,189,319,193,194,322,324,325,191,199,192,201,195,197,200,202,328,207,205,209,210,206,208,213,214,215,216,212
2,3,7,136,12,15,18,274,281,29,286,159,34,41,299,302,186,187,317,191,194,195,67,69,197,198,199,200,201,202,205,78,207,208,209,210,212,85,213,215,216,217,221,94,96,225,227,232,255
259,3,5,263,268,12,272,25,31,43,47,48,313,186,187,189,191,192,66,194,324,195,197,199,328,201,202,200,205,206,207,208,209,210,211,212,213,214,215,216,217,222,223,96,228,232,127,125,255
135,7,136,12,15,18,148,155,159,41,42,299,172,176,182,183,186,315,187,317,191,192,194,195,196,323,197,199,200,201,202,328,205,206,207,208,209,210,212,213,214,215,216,90,225,227,115
3,255,134,7,11,12,271,15,41,42,43,172,186,315,187,317,190,316,192,191,194,323,196,324,197,195,199,328,202,203,200,201,205,206,208,207,209,210,212,213,215,216,90,94,225,238,252,127
12,15,18,295,299,301,307,52,312,186,315,188,316,189,319,187,317,322,194,324,191,326,192,195,197,199,200,201,202,328,207,205,209,210,206,208,213,214,215,212,216,94,104,255
134,9,11,152,157,32,292,40,186,315,188,187,316,318,320,319,314,191,324,325,322,327,199,194,202,197,326,205,206,200,208,201,210,207,209,213,214,215,212,216,98
206,208,292,295,303,186,315,188,316,189,319,187,191,194,322,324,325,192,199,195,329,197,326,200,201,202,207,328,209,210,204,205,213,214,215,216,217,212,222,234,251,255
256,0,3,12,289,295,186,315,316,188,189,190,319,187,322,194,324,60,198,327,191,325,202,197,328,199,201,207,208,209,205,210,213,214,215,216,85,223,101,234,114
3,137,12,16,303,311,186,315,187,189,191,192,194,323,324,197,195,199,200,329,198,201,202,328,204,205,206,209,207,208,210,212,214,213,216,217,218,215,222,223,233,237,239,255
256,206,16,295,303,311,186,315,316,188,189,319,187,191,194,322,324,325,192,199,195,329,202,197,198,200,201,207,328,209,210,204,205,213,214,215,216,208,212,234,239
256,134,13,152,153,41,312,313,186,315,316,188,189,319,64,187,322,191,324,192,194,197,195,199,202,203,328,201,200,207,208,209,210,205,206,213,214,215,216,212
264,11,282,283,40,43,313,186,314,316,189,187,191,320,192,194,324,325,198,327,197,199,200,203,201,205,202,326,208,81,209,206,207,210,212,213,214,215,216,241,114,328,116,119,254
206,171,43,307,312,313,186,315,316,188,189,319,187,321,191,192,324,194,326,198,327,195,202,203,330,197,199,207,208,209,201,204,205,213,214,215,210,212,216,200,114,328
5,137,280,156,295,303,175,177,313,314,315,186,187,191,192,194,323,195,197,326,199,200,329,201,202,328,205,206,207,208,209,210,212,213,214,215,216,217,218,222,231,233,235,237,239,255
256,134,11,13,15,153,36,295,187,313,186,315,188,316,189,190,319,314,194,322,324,191,192,197,326,199,202,203,328,201,200,207,208,209,205,206,210,213,214,215,212,216,234,237
204,292,295,303,312,186,315,188,316,189,319,187,191,194,322,324,325,192,199,195,201,329,197,327,202,200,207,328,209,210,205,206,213,214,208,216,212,215,222,234,237,239
134,11,13,16,145,150,152,287,41,42,43,313,186,315,188,316,189,319,187,191,322,194,324,197,198,199,72,201,202,203,75,76,205,207,208,209,210,212,213,214,215,216,236
7,269,275,24,281,154,39,41,299,187,47,48,312,313,186,315,316,317,188,189,319,185,322,195,324,191,326,192,194,323,197,203,199,328,206,207,208,201,202,205,209,213,210,215,214,217
5,24,295,303,311,186,315,188,189,190,319,187,191,194,322,324,197,192,199,200,329,201,323,195,202,328,204,205,209,210,206,207,213,214,208,216,217,212,215,237,255
134,279,157,167,187,313,314,315,188,316,318,190,192,319,322,186,324,325,191,194,197,329,202,203,326,205,199,328,208,209,210,206,207,213,214,215,216,212,234,200,201
11,279,32,167,182,313,314,186,316,315,188,189,192,190,319,187,324,325,198,326,327,191,202,203,323,205,197,199,208,209,194,207,210,213,214,215,234,328,201
3,7,264,266,267,12,18,275,282,28,289,299,43,313,315,188,317,316,189,190,187,191,192,324,194,198,67,323,73,197,326,199,328,201,202,205,78,207,208,209,210,213,214,215,217,94,96,104,255
128,259,3,137,12,269,270,15,18,22,34,42,299,186,187,189,191,192,321,194,323,197,326,199,200,201,328,202,204,205,207,208,209,210,213,214,215,217,222,223,96,233,235,123,243,251,255
11,270,15,36,187,313,186,315,316,188,318,189,190,319,322,194,324,325,191,327,192,195,202,197,199,205,200,207,208,209,210,206,212,213,214,215,216,101,234,328,201,126
259,3,263,268,12,15,272,18,275,31,299,43,172,47,48,313,186,187,189,317,191,66,194,195,197,199,200,201,202,205,207,208,209,210,211,212,213,215,216,217,222,96,99,232,125,255
137,12,295,300,303,312,186,315,187,189,319,191,192,194,323,322,197,324,199,200,329,330,195,328,201,202,207,205,209,206,208,210,213,214,212,215,216,222,233,235,239,255
256,206,295,167,303,312,186,315,316,188,189,319,187,191,322,194,324,192,326,199,195,329,202,197,198,200,201,207,328,209,210,204,205,213,214,215,216,208,212,234
256,262,295,312,313,186,315,316,188,189,319,187,321,322,194,324,191,198,326,192,195,202,203,197,199,328,207,201,209,204,205,206,213,214,215,216,208,210,212,89,104,200,114
12,156,289,292,167,295,171,303,311,186,315,59,316,189,319,187,191,194,192,324,325,323,195,197,329,202,199,328,200,201,207,205,209,210,206,208,213,214,212,216,215,234,239
256,206,208,295,303,311,312,313,186,315,316,188,189,190,319,187,322,194,324,191,192,199,195,329,202,197,326,200,201,207,328,209,210,204,205,213,214,215,216,217,212
289,292,295,167,303,311,312,186,315,188,316,189,319,187,321,322,194,324,318,191,199,195,329,197,328,202,201,205,207,208,209,210,81,211,213,214,215,216,212,237,239
5,262,11,12,16,171,314,303,53,186,315,188,316,189,190,192,319,194,187,324,191,197,326,199,329,202,200,201,328,205,206,207,209,208,210,212,213,214,215,216,229,234,118,255
256,206,303,312,186,315,188,316,189,319,187,321,322,194,324,325,191,199,192,329,202,203,195,197,198,207,200,209,210,204,205,213,214,215,216,208,212,114,328,201
256,134,13,206,207,153,167,171,303,311,186,59,187,189,319,64,193,194,322,191,325,192,195,197,329,202,198,199,200,78,201,328,209,210,204,205,213,214,215,216,208,212,234,126
2,7,266,267,12,269,18,275,282,34,299,186,187,188,317,189,191,194,67,69,197,199,200,328,201,75,202,205,78,207,208,209,210,212,213,215,216,217,94,223,96,222,104,243,251,255
3,266,267,12,145,287,289,315,186,187,188,316,189,190,319,193,194,322,324,325,191,197,327,201,328,199,202,205,207,208,209,210,213,214,215,216,217,222,223,228,101,236,251
256,266,267,12,275,167,295,312,186,315,316,188,189,319,187,314,322,191,324,194,197,326,72,73,199,203,200,201,202,207,205,209,206,208,210,213,214,215,212,216,217,101,104,117,121
257,262,9,40,303,186,187,315,190,63,191,192,194,323,195,324,325,199,197,329,202,326,200,201,206,328,205,209,207,208,210,212,214,215,213,216,217,219,100,229,101,105,255
