32,130,26,35,5,133,69,198,229,232,43,170,218,30
236,46,61,276,87,247,56,26,219,28,221,31
290,3,226,293,328,233,9,43,187,238,308,117,24,123,220
34,230,38,12,236,46,47,205,61,56,57,315,221
0,224,32,37,231,40,43,44,45,238,243,52,30,316,222
34,322,260,229,230,3,4,39,43,12,55,24,318,223
224,320,229,5,230,234,43,45,238,54,30,313,222
320,225,224,130,0,1,32,43,238,15,17,21,121
320,226,35,5,293,199,9,43,46,239,47,238,55,24,187
64,289,66,227,39,8,265,41,233,43,50,118,281,253
321,1,66,228,5,230,232,109,209,51,54,23,155,92,61
224,257,34,1,260,229,230,35,232,43,238,17,22,218,318
224,257,258,34,260,229,230,33,5,234,45,54,30,89,318
5,230,231,329,73,10,138,237,43,239,238,81,16,54
128,1,64,33,3,229,232,44,12,22,120,59,61,63
34,3,100,101,4,233,43,12,238,47,175,55,24
224,261,5,230,329,234,43,45,239,271,177,246,30,222
32,257,130,34,324,5,229,43,235,174,49,50,20,54
34,230,6,12,236,46,145,61,56,122,219,221,287
160,292,5,230,73,138,10,237,303,81,49,275,53,54
224,226,5,229,136,232,9,43,234,238,17,222,63
34,3,4,231,39,10,138,43,239,81,275,246,55,24,251
128,1,321,129,196,7,105,111,240,19,117,154,92
69,263,123,269,241,273,308,89,283,252,253,254
130,98,68,5,263,268,271,177,242,241,313,123,188,127
121,292,69,264,106,269,243,275,312,249,283,252,254
32,99,71,27,8,12,269,187,77,79,244,21,216,283
32,257,258,98,260,5,71,136,267,269,77,245,283,127
198,73,10,138,267,80,81,275,276,51,246,88,91
257,291,261,7,72,247,73,15,276,84,119,91,92,93
257,97,324,69,264,106,267,269,114,243,248,89,92,318
89,257,248,5,262,200,43,243,245,312,249,122,317
260,135,264,263,107,109,270,114,115,117,277,120,250,251,95
260,231,263,73,138,264,270,239,303,81,283,246,250,251
289,264,265,41,241,273,308,284,119,89,252,253
289,99,69,265,41,269,241,182,119,283,253,254
39,269,47,80,241,273,51,276,88,281,283,253,254
325,69,263,71,268,109,110,81,117,87,88,284,190,255
256,320,69,264,106,43,269,143,271,243,313,26,30
32,257,258,34,260,35,262,267,52,245,89,93,30
32,257,258,260,230,180,245,52,248,89,122,30,287
257,258,259,260,5,295,267,108,109,245,278,248,89,122
256,257,34,260,261,262,281,267,269,47,275,245,89,122
257,258,260,261,262,69,264,267,269,243,278,248,93
257,258,34,260,249,262,203,112,245,248,89,122
99,259,263,264,266,268,47,48,241,278,25,253,31
320,96,260,69,263,264,43,269,270,241,252,250,251,316
289,2,227,103,265,42,41,106,79,213,119,217,283,253
160,97,70,71,199,73,201,266,167,263,53,217,92,62
257,258,97,260,267,271,80,51,246,248,89,88,184,287
66,99,259,263,74,268,48,272,242,211,31
32,121,163,77,269,47,274,276,245,214,281,283,253
89,258,260,261,69,263,264,267,282,270,243,117,249,250,251
256,257,323,229,262,69,200,267,142,239,271,177,246,87,251
99,259,263,74,268,272,48,313,122,31
3,69,328,106,269,77,176,273,241,308,87,281,252,254
96,192,102,103,11,108,77,269,113,274,114,90,283,253
36,73,329,10,138,172,269,47,81,275,246,281,91,189
121,100,101,7,73,269,276,84,246,247,119,116,86,91,87
128,261,69,109,81,277,54,85,120,121,87,92
128,1,185,261,263,19,83,85,117,278,84,281,27,92,94
69,264,104,269,110,142,273,210,84,117,118,279,281,283,157
69,5,264,269,306,243,276,244,119,280,26,253,216
39,72,269,124,274,275,245,118,281,283,252,253,254,159
65,26,324,5,259,262,200,43,108,109,271,84,276,282
32,69,42,269,77,251,208,241,274,213,283,253,254,191
255,69,264,282,43,269,243,252,316,26,284,253,191
128,130,131,133,136,138,139,240,112,83,123,285,223
128,289,290,2,130,131,133,136,265,137,140,173,55,125,286
288,257,130,131,34,128,133,134,267,122,123,127,287
288,289,130,290,131,132,128,133,136,137,139,123
289,66,290,130,131,137,138,48,122,124,125,126,127
128,289,290,291,131,133,130,136,137,233,107,139,123,59
288,290,291,259,133,130,131,48,124,125,126,31
292,172,237,142,303,174,175,148,246,311,310,251,156,158
293,294,169,299,172,141,174,175,304,144,145,147,179,148,158
294,296,299,141,174,144,305,147,179,307,150,184,158,159
257,258,295,297,172,174,175,145,148,309,310,184,89,122,158
293,294,296,299,177,178,307,148,149,179,184,153,158
257,34,260,229,293,295,294,297,301,145,178,179,89,155,158
298,330,141,175,304,145,144,147,180,179,155,156,158
295,296,330,299,172,173,302,174,144,175,148,309,310,184,158
299,300,141,302,175,304,177,306,179,308,149,150,184,153
163,164,71,104,297,170,171,172,301,146,147,179,95
66,164,294,265,299,301,302,144,304,146,147,184,155,158
292,167,330,172,174,303,175,145,308,309,148,184,156,158
164,197,166,169,330,141,304,178,147,180,146,181,155,156
160,186,299,172,141,142,175,144,305,178,174,180,154,158,159
324,292,300,141,174,177,306,178,147,246,150,153,26
295,296,330,174,145,178,307,308,309,148,184,158
296,328,330,141,174,175,307,308,309,184,158
330,141,142,175,307,308,309,147,184,155,158
258,34,295,172,141,174,175,145,179,148,309,310,248,158,184
73,138,169,140,303,175,178,275,146,23,246,311,216,180,158
322,10,204,205,209,210,243,213,215,312,186,315,317,318
66,195,263,268,205,48,209,210,211,213,215,313,124,31
320,193,215,319,327,200,201,205,60,210,189,314,316,317,191
32,322,34,199,200,201,315,213,187,317,318,319
320,215,165,198,327,328,186,205,210,189,314,316,317,191
322,324,328,205,206,14,209,210,213,312,217,315,317,318
257,322,195,229,205,208,81,210,211,213,248,89,315,318
322,187,205,209,210,213,215,312,314,315,317,318,319
320,198,199,200,43,205,208,209,210,215,314,316,317,318,191
321,193,196,203,171,209,114,115,212,28
322,199,200,201,202,327,187,211,213,217,315,317,318,319
320,323,197,198,200,329,205,209,210,215,313,187,317
322,324,198,200,329,43,205,187,209,210,213,215,315,317,191
321,194,228,325,327,109,205,209,210,87,215,187,316,61
192,323,326,200,202,208,209,315,210,214,187
322,215,325,327,202,205,188,210,189,313,314,316,317,191
323,195,328,330,206,208,209,307,308,309,316,317
194,324,231,200,73,329,10,138,202,205,210,275,26,188,189
98,263,41,267,77,239,271,81,241,116,85,246,54,251
73,10,237,251,16,81,275,277,246,119,280,91
292,69,73,266,48,81,275,243,277,246,87,251
0,135,39,73,10,138,231,237,59,239,16,19,183,120,91
64,33,3,227,69,232,233,8,12,238,117,218,59,252
257,34,226,312,229,262,161,3,35,12,271,145,248,60,223
320,6,230,233,9,43,12,236,238,207,145,55,317,221
2,66,35,199,231,201,265,266,43,173,217,157
34,3,4,7,233,42,43,12,47,276,55,24
32,231,40,10,43,138,44,46,238,45,13,52,30,219,222
38,199,231,329,10,138,7,42,46,239,48,16,56,219,61
32,224,5,6,234,11,236,12,43,47,244,54,187,222
102,6,59,43,46,219,238,144,84,216,91,317,63
32,66,324,5,198,230,40,43,238,241,54,23,26,30,191
320,32,66,5,230,231,200,234,43,44,238,177,51,54,222
128,224,66,229,5,230,234,43,110,238,51,54,88,190,255
128,0,162,1,261,5,230,234,203,43,238,240,51,117,54
192,1,66,67,4,38,7,12,46,47,149,56,187,61
320,290,230,328,233,9,234,12,43,238,16,19,308,55,24
34,3,4,136,233,43,12,205,238,47,55,24,313,223
34,3,4,135,233,10,138,43,140,239,275,55,24,251
1,34,35,324,229,5,230,232,43,30,22,55,218,318
288,128,229,5,230,231,43,238,240,241,18,188,278,54,252,127
224,320,132,69,230,9,234,43,45,238,313,222,30
32,130,35,5,229,7,232,218,43,52,22,249,26,30,191
2,35,66,36,70,199,71,201,266,5,230,234,51,53,54,217
34,3,324,5,4,41,43,47,55,24,26,124,223
289,225,3,198,38,41,42,12,238,48,17,211,55,60,223
64,227,3,8,59,42,330,12,269,47,307,22,55,283
289,66,227,230,135,231,233,265,39,43,119,218,279,253
231,73,138,10,233,237,74,207,16,81,311,59
0,289,2,66,4,38,39,265,204,239,52,149,55,56,27
320,224,130,324,198,38,7,9,234,43,204,238,82,59
64,130,2,5,198,230,231,218,59,43,244,216,26,27
320,224,256,225,228,261,227,8,233,43,238,16,17,54
128,64,34,33,3,229,261,230,232,43,12,110,19,215,59
288,257,34,225,229,230,232,43,12,238,16,17,309,221,287
224,66,228,5,230,231,73,138,10,329,237,234,303,54,91
1,66,321,195,5,230,232,203,12,235,51,54,23,155,92
224,130,227,324,5,133,230,218,170,43,234,45,26,30
64,130,26,2,5,134,198,227,3,230,43,231,282,59,30
320,224,32,66,5,198,230,234,43,49,51,54,215,316,222
320,3,4,263,43,238,47,48,55,24,313,314,316,25
288,1,34,229,43,238,143,20,310,22,185,125
32,5,230,6,39,37,42,236,12,47,79,50,51,54,60
2,67,324,198,7,234,43,240,306,83,50,53,56,26,60,31
224,34,229,230,6,5,233,234,43,236,12,238,21,54,222
38,327,329,10,236,46,239,16,81,61,56,57,219,221
2,5,198,231,136,135,10,43,59,238,239,16,246,251
290,3,227,5,7,231,39,233,124,213,55,218,59,284,29
34,3,4,231,233,10,43,239,81,55,24,251
321,1,66,195,5,230,206,209,51,23,54,87,217,155,92
32,65,33,162,67,5,230,42,170,204,52,54,218,92,29
324,5,198,39,43,12,11,238,118,55,26,317,223
32,66,3,5,230,200,43,44,238,239,177,51,54,23,30
320,64,33,3,69,5,230,136,43,238,241,54,23,59,252,62
224,5,230,231,199,329,138,10,140,237,234,239,45,54,30,62
128,0,2,39,231,233,43,240,145,83,51,117,278,215,19,59
128,64,321,224,5,230,234,43,108,45,240,83,85,285,30
226,35,5,230,231,73,10,74,140,237,43,239,16,81,275
1,227,324,8,105,42,233,43,269,238,16,83,276,22,218,283
32,66,228,69,5,231,199,230,266,43,172,51,54,88,121,317
0,1,26,200,42,11,12,269,14,47,55,25,58,187,29
261,69,105,269,109,81,83,276,117,85,249,92
192,289,324,69,264,41,106,43,141,269,276,117,283,316,94
89,257,258,229,261,243,245,278,248,249,122,93,318
323,100,69,200,76,271,177,81,243,277,87,251
69,264,41,267,108,76,80,273,241,243,51,277,246,120,88,252
121,2,70,199,201,266,268,207,53,217,189
160,69,198,266,269,237,241,49,276,117,120,281,285,253,254
289,69,265,41,269,241,273,119,283,284,253,254,255
69,39,264,106,269,47,79,241,273,281,186,283,316,253
260,231,104,73,10,138,264,237,270,48,81,275,246,87,250,251
69,264,106,43,11,269,243,252,279,313,283,316,254
69,73,138,10,202,109,239,16,81,251,275,115,276,246,91
289,261,135,138,111,112,114,83,178,117,278,85,118,122,92,127
257,99,324,230,135,200,12,269,271,241,243,116,250,253
69,73,138,10,329,106,107,81,275,246,87,218,251
130,324,5,69,264,43,269,241,243,276,117,252,89,26,316,157
98,99,8,41,42,269,77,178,274,244,21,116,85,283,188
130,26,324,5,106,43,241,277,214,119,280,89,282,252,253
324,68,69,199,71,167,266,265,106,269,76,12,79,242,116,88
321,68,262,71,105,112,114,115,212,117,116,86,87,250,92
89,257,324,68,262,106,267,116,246,86,248,249,122,251
99,69,165,264,269,241,243,276,182,119,283,284,253,254
258,264,73,10,138,172,239,251,81,275,180,246,91,189
32,101,72,41,42,155,269,77,47,274,281,122,283,253,254
69,70,264,106,43,42,298,141,269,241,117,54,87,316
324,100,68,71,264,41,106,269,47,276,116,86,248,249
32,99,71,8,9,269,187,274,244,21,87,283,188,221
256,257,260,71,267,269,47,283,274,275,244,245,281,315
32,323,35,71,187,269,77,271,244,245,52,22,88,89,283,30
32,257,258,289,281,71,267,269,315,178,245,89,122,283
32,257,258,34,71,267,269,77,243,245,89,122,315
71,7,269,77,14,47,315,48,244,245,53,57,283,188,31
32,323,71,200,11,12,77,269,271,187,315,245,283
99,166,71,8,42,269,178,244,21,87,283,188,253
99,324,164,166,40,8,269,244,245,246,116,21,283,188,253
89,257,258,262,73,76,269,244,245,248,249,122,283,188,94
0,99,39,8,27,202,73,269,19,244,21,120,283,188,94
289,99,8,40,202,138,269,46,244,246,122,283,188,127
192,257,99,71,8,73,202,91,269,276,244,283,188,253,94
73,11,237,81,275,246,87,251,188,254
257,258,322,260,34,262,249,42,43,245,213,248,89,122
99,259,101,263,107,268,48,272,87,119,253,31
96,32,3,324,229,67,35,200,43,269,110,241,18,52,88,30
289,66,323,261,6,265,42,12,236,85,119,57,92,253
256,257,258,89,324,229,73,267,14,245,248,249,122,317,94
256,261,69,263,114,115,85,278,117,87,92,93
258,69,198,105,265,41,112,83,277,119,283,284,253
257,259,260,249,90,313,264,267,108,109,245,248,89,122
69,73,10,237,239,251,81,82,275,246,54,87,91
99,40,8,77,269,208,49,244,21,277,283,188,189
99,71,8,9,11,269,77,243,244,21,119,280,283,188
192,65,32,99,71,40,8,42,77,269,274,244,21,280,283
66,134,73,10,138,46,81,275,85,246,87,251
99,166,70,8,269,77,178,276,244,246,247,21,87,283,253
66,73,10,267,91,110,239,80,81,275,51,246,88,251
89,258,260,262,330,267,245,309,248,249,122,318
66,99,259,263,74,268,48,176,272,211,279,31
97,326,42,76,269,77,47,92,274,114,51,283,316,253
97,2,217,70,199,71,42,266,267,207,51,88,121,91,184
130,324,69,68,106,43,110,79,116,85,86,26,252
128,261,69,109,269,81,83,117,278,87,85,92
324,5,106,43,269,111,79,80,51,276,244,246,88,249,26
32,71,9,76,269,77,47,13,114,244,283,92
0,1,27,73,10,138,237,81,275,246,281,91,93,94
89,200,267,270,80,209,243,51,245,86,212,312,249,88,316
89,257,322,262,239,271,243,84,277,245,248,249,122,251
69,263,264,106,266,269,241,273,243,26,251,252,253
32,153,71,296,135,12,269,273,177,284,281,283,252,253,254,255
71,88,73,11,237,269,301,271,81,80,275,51,246,216,91
192,198,71,329,106,269,301,274,188,276,252,117,189,283,316,253
36,69,264,106,43,74,269,79,112,241,276,116,86,122,283
259,99,263,297,74,268,48,272,178,211,88,125,31
256,257,258,164,69,36,135,269,208,244,245,181,250,187,318
1,324,69,261,104,264,269,241,117,246,120,281,283,157,94
322,69,231,73,239,207,81,275,246,87,251
32,69,326,165,72,264,269,243,281,283,284,253,254
89,257,258,259,4,262,104,267,145,245,213,248,249,122,253
32,257,267,77,269,80,315,51,244,245,88,89,283,60
99,68,255,135,265,73,251,81,84,116,246,86,91,253,319
97,324,68,329,234,109,188,83,244,21,116,87,120,189,92,61
324,217,70,167,199,71,266,43,106,173,79,53,88,121,95
130,98,324,198,10,138,269,77,241,116,117,85,89,26,252,253
259,99,102,263,74,138,268,272,84,246,26,91,124,31
262,264,73,269,270,251,18,275,276,246,87,24,89,250,91
257,69,70,264,106,269,79,241,273,243,116,87,313,122,283,254
128,3,261,267,269,80,51,117,278,246,88,91,92,253
98,73,10,138,237,77,239,81,275,116,85,246,94,318
3,100,263,204,268,124,273,241,242,308,114,118,279,252,157,254
32,259,71,330,269,208,241,274,307,305,186,283,253,254
195,262,72,297,155,269,206,112,241,274,114,115,182,283,252,253
69,264,73,106,43,141,269,283,117,316,249,251,252,94
97,196,263,92,241,273,274,308,117,114,118,281,252,253
39,73,138,10,237,269,47,81,275,246,120,281,91
69,73,10,237,46,239,251,81,275,246,87,91
289,2,71,199,265,266,267,173,80,51,246,119,248,88,253
98,261,69,104,105,109,81,114,83,117,22,85,89,92
32,99,71,8,42,12,77,269,47,307,244,87,283,253
2,69,167,199,71,266,264,106,107,269,242,243,88,121,283,255
248,257,258,34,260,263,264,250,270,312,89,122,251,318
162,255,261,104,170,75,301,114,115,284,278,279,92,94,95
128,97,324,261,267,80,112,83,117,85,87,284,92,255
69,264,106,43,107,269,83,276,84,243,249,26,316
227,69,265,41,76,241,274,252,119,89,284,253,254
257,260,229,249,262,243,245,248,89,122,318
96,257,258,256,324,229,230,67,200,269,271,18,243,84,245,249
257,258,34,260,229,249,72,73,245,248,89,122,253,318
89,257,258,322,229,262,75,76,150,248,249,122,318
32,257,258,34,260,35,267,52,245,119,248,89,88,93,30
195,135,73,10,138,297,237,206,155,81,115,276,86,122,91
69,73,10,138,107,237,303,251,81,275,246,87,91
96,130,67,200,106,43,110,209,18,51,212,88,252
257,258,259,260,230,295,267,115,245,248,89,122,318,287
128,259,324,261,262,69,269,114,85,278,87,89,283,92
99,324,259,70,71,27,166,42,8,269,178,244,21,283,253,254
257,258,34,260,259,295,41,245,248,89,122,91,318,287
259,69,73,10,138,237,251,81,209,275,246,87,91
257,258,66,324,259,262,69,264,106,107,269,243,276,245,89,283
96,257,258,259,260,262,264,267,109,241,245,248,89,122,252
257,259,260,324,262,329,169,106,269,49,276,189,311,283,188,253
257,258,260,229,262,281,105,269,47,275,245,248,89,122
256,69,11,269,271,241,274,84,281,283,252,253,254
0,1,324,69,281,41,106,43,110,241,273,88,121,122,27,94
3,69,264,91,267,269,80,241,273,51,246,88,281,283,253,254
99,259,263,268,48,80,272,51,276,246,247,88,125,31
69,39,264,329,106,41,269,273,188,276,281,283,316,189,223
68,73,10,329,81,275,116,277,246,311,86,313,91
32,65,263,71,42,12,77,269,271,274,244,283,156,253,254
321,195,261,166,105,269,114,178,146,117,278,87,92,311,318
89,324,261,262,104,329,107,243,117,245,87,248,249,122,120
99,324,164,230,68,166,8,42,12,269,116,245,21,283,253
256,69,264,106,43,269,46,243,283,252,253
130,324,5,68,69,106,43,282,11,79,243,116,86,249,26
288,100,261,101,263,69,109,81,117,278,85,87,92
99,166,8,265,11,77,269,187,17,178,244,245,21,283,188,253
258,99,69,263,11,268,269,241,274,242,182,281,283,253,254
324,261,68,69,71,267,269,143,116,117,246,86,120,249,92
26,324,133,5,68,69,170,43,106,79,276,116,218
32,71,42,106,269,110,79,208,241,122,283,253,254
321,68,261,166,107,109,174,112,114,83,117,278,85,91,92
1,261,69,105,109,269,112,80,81,83,115,117,85,87,92
99,166,8,269,305,274,178,244,21,245,154,283,253,254
100,69,264,267,269,141,48,273,241,80,51,179,246,88,252,253
259,69,73,10,138,107,237,239,81,275,246,87,251
69,73,138,10,237,81,275,246,87,251,284,255
256,97,261,69,75,109,143,85,87,250,92,93,94,63
128,261,69,268,109,92,81,117,316,85,87,313,91,60,223
259,73,10,138,108,109,270,239,81,114,275,117,246,282,91
96,121,130,67,264,75,43,269,18,277,249,250,251
200,73,10,237,78,239,251,81,275,246,87,249,91
318,281,167,39,266,234,106,269,47,275,246,88,121,253,254
89,225,262,72,269,47,273,275,276,117,119,281,122,254
130,69,264,106,269,243,119,279,313,283,316,254
261,69,231,81,114,83,115,85,117,278,87,91,92
96,67,324,261,68,264,106,269,111,241,18,82,116,86,247,87
225,3,229,198,263,233,12,238,15,273,241,17,117,118,21,252
324,229,69,263,264,313,106,43,107,269,79,116,278,88,249
32,326,71,42,106,269,187,47,208,301,274,79,283,95
68,69,325,327,264,166,107,269,45,174,114,117,249,283,316
163,69,261,269,81,114,117,85,87,92,95
96,258,290,67,261,69,264,104,270,80,81,18,86,246,87,56
160,69,264,266,269,237,241,273,49,117,213,120,283,252,191
257,98,312,324,5,68,71,106,243,116,246,86,248,89,188
280,217,70,199,167,71,266,173,53,119,88,121
259,8,106,43,108,109,110,270,282,113,117,246,26,59,191
66,69,73,46,239,251,81,275,276,246,87,26,91
73,138,10,203,237,268,251,16,81,275,84,246,87,91
290,195,68,103,247,170,107,174,81,276,119,218,59,253,94
73,138,10,202,268,239,81,242,275,246,119,280,91
99,324,164,166,8,42,202,106,269,275,276,21,283,188,253,319
324,71,105,106,41,269,79,144,112,276,180,283,188,253,95
66,99,259,102,263,74,268,48,119,253,31
69,264,106,11,269,47,243,276,277,117,283,316,254
39,264,9,269,47,241,247,281,90,283,316,253,254
69,264,329,269,239,251,275,243,213,246,87,84,281,91,124,126
261,69,263,266,43,81,83,85,117,278,87,249,250,92
290,102,73,10,106,46,81,84,276,246,216,91
323,195,91,155,269,206,274,114,276,115,182,248,122,283,253,254
7,73,74,270,242,275,276,84,246,247,117,277,282,91
99,100,259,263,71,268,79,48,272,276,124,95,31
32,326,71,42,269,77,187,114,115,274,283,92,62
257,99,166,40,8,267,269,178,244,245,246,21,283,124,253,126
128,257,258,261,109,114,83,117,278,85,313,92,93
324,69,106,10,75,269,28,79,241,188,276,116,120,252
98,324,122,106,43,10,141,110,77,113,116,85,246,26,94
98,5,263,328,71,267,269,142,79,241,276,117,212,252,95,127
36,166,8,77,269,178,275,244,21,20,119,283,188
263,123,142,79,80,241,273,51,308,244,88,283,253,254
68,73,138,10,75,237,270,16,81,275,116,117,246,86,282
69,73,138,237,239,81,275,244,246,87,251,220
69,72,265,41,91,269,146,21,119,217,283,284,253,254
256,99,324,166,27,8,42,12,269,178,244,21,182,87,283,253
128,258,259,261,108,109,240,83,243,85,278,215,117,180,92
96,67,68,105,265,112,144,18,146,180,283,253,190
130,69,264,106,43,330,269,60,80,19,276,309,316,252
257,99,324,164,166,8,42,12,269,244,276,116,21,86,283,253
248,324,69,165,264,106,74,203,269,272,243,277,120,313
32,257,2,199,71,42,266,269,241,89,283,252,253
5,69,264,218,106,269,241,243,276,84,246,182,153,26,91,253
289,69,264,268,269,271,178,243,242,277,120,249,254
66,69,263,39,264,269,241,274,242,117,313,123
0,1,101,263,103,137,41,107,75,269,276,119,280,281,253,94
68,261,71,200,234,106,109,271,177,83,116,117,86,120,121,93
261,105,298,269,80,114,243,117,213,87,85,283,92,191
320,248,69,106,267,269,110,80,273,51,117,86,246,120,88
164,293,169,141,301,302,304,145,146,147,181,155,156
160,294,296,299,143,144,175,145,18,180,184,155,157,158
321,162,193,167,171,203,175,304,114,147,115,149,154
130,5,296,172,141,174,175,305,306,177,179,153,158,159
167,296,299,141,175,144,145,177,211,147,179,153,156,158,31
296,170,299,300,141,174,177,306,307,308,150,153,158
292,73,10,138,172,237,174,303,16,175,179,148,91,158
292,10,170,330,172,142,303,271,145,177,306,175,148,246,156,158
165,296,168,330,299,42,178,307,309,149,150,184,151,22,182,159
65,329,10,138,302,303,16,145,175,144,246,311,155,156,157,158
293,330,300,141,172,174,175,177,307,308,309,148,310,184,158
261,265,330,299,269,302,144,273,147,308,309,118,119,87,88,158
160,161,70,168,296,330,141,142,175,307,181,118,55,158,157,190
294,169,297,299,302,175,176,145,178,147,309,184,155
295,296,330,172,141,142,175,305,146,307,308,148,158,159
164,330,170,300,142,175,304,178,307,309,155,156,157,158
160,293,294,296,297,108,142,175,144,146,147,179,284
161,295,169,299,142,143,175,145,178,147,309,149,54,155,156,158
160,161,165,294,168,73,299,142,143,144,146,147,182,151
160,294,296,265,299,302,175,144,177,306,147,150,152,153,154,155
160,1,296,105,330,172,142,175,112,174,178,149,309,158
292,330,299,172,141,174,175,147,308,309,148,310,184,158
330,172,141,174,175,307,308,117,309,179,120,148,310,158,184,63
165,230,167,168,330,170,42,174,303,307,308,309,150,151,152
161,162,34,165,296,105,168,299,43,111,112,144,83,151
160,294,167,299,143,144,175,146,147,149,182,183,154,284
293,167,172,141,174,175,177,148,181,310,184,156,157,158
161,71,167,297,173,302,143,175,145,144,147,178,88,155,156,158
294,170,330,141,174,304,145,306,146,308,309,147,307,184,155,158
292,165,168,330,141,303,304,175,276,150,311,151,182,186,156,152
2,164,294,38,296,298,142,144,146,307,147,155,61,158
130,330,300,141,174,172,175,177,179,308,148,310,184,153,158
167,296,297,330,170,141,174,142,175,178,149,184,158
292,294,73,10,237,174,303,175,275,147,307,246,311,308,179,184
129,169,330,302,143,144,145,146,304,147,309,180,155,158
160,294,170,299,108,300,302,141,144,175,179,155,284,158
128,193,161,164,166,171,141,175,304,240,144,179,180,185,155,158
321,193,162,165,296,171,203,142,209,114,115,148,151,61,158
110,143,144,304,178,146,147,180,149,112,116,87,155
324,166,295,167,297,330,170,172,141,175,145,179,309,310,158
99,165,294,299,142,143,144,146,147,148,150,182,151,155,152,159
164,167,296,330,299,174,175,304,178,179,148,149,307,283,158
295,297,170,299,143,175,145,146,147,178,309,155,158
295,296,169,172,141,174,175,177,148,150,310,184,158
128,130,131,133,134,135,138,10,140,239,16,246,124,126
128,289,290,130,131,133,136,139,140,52,122,123,124,125,287
128,321,130,195,291,131,133,136,212,117,278,124,285,126,63
130,291,131,290,134,135,138,10,140,16,276,124,126,127
288,128,130,131,133,135,136,73,138,10,140,123,16,246,91
289,130,131,164,8,137,42,138,21,23,27,127,286,287
128,289,290,130,131,132,133,136,137,139,236,122,123,287
128,289,290,291,130,131,133,136,137,139,140,18,56,123,126
128,65,290,130,131,133,136,42,139,204,17,122,123,285,286,287
32,128,130,291,324,131,133,126,40,42,47,122,124,286,287
288,128,130,131,133,135,136,138,139,236,17,21,122,123,286,287
288,128,130,131,133,135,136,73,138,10,140,237,16,81,151,91
128,289,130,131,291,133,136,139,126,123,124,125,286,287
288,289,290,128,132,130,131,39,133,135,136,139,241,123,220
128,289,290,131,132,130,134,133,136,137,139,123,285,286
288,128,290,130,132,289,131,133,136,139,117,123,285
128,289,290,129,130,131,133,136,137,139,122,123,125,286,287
128,289,290,130,132,131,137,138,122,123,127,286,287
128,289,290,291,129,133,131,130,136,137,233,107,123,59
128,289,130,131,261,137,138,43,110,240,117,122,285,127
288,128,289,130,132,131,291,133,240,117,278,124,285,126
128,289,2,290,130,131,133,199,136,201,139,140,173,217,123,286
128,130,131,197,133,136,42,139,204,205,140,55,23,57,123,286
128,130,131,132,133,134,136,138,43,139,277,123,63
288,128,130,290,129,131,134,133,136,43,122,123,127,285,287
128,290,130,131,133,136,139,140,23,55,57,122,123,28,286,287
288,289,290,131,130,293,134,128,133,136,139,123
288,128,129,131,130,133,134,135,136,138,10,140,239,123
128,289,2,130,291,131,70,199,133,201,136,53,126,124,286
128,290,291,131,133,130,134,136,137,233,55,218,59,287
320,215,327,200,205,187,208,209,210,212,189,314,27,316,317,191
194,327,329,10,138,202,205,16,209,210,275,213,215,187,317
194,324,199,328,329,10,202,205,209,210,275,213,215,216,187,317
191,194,196,325,326,324,205,208,209,210,213,215,187,319
322,323,287,328,187,205,209,145,210,213,315,319
325,327,205,208,209,210,189,215,313,314,187,316,317,191
322,324,200,329,72,205,209,210,213,215,312,314,317,221,319
322,327,73,329,10,138,202,205,16,81,209,275,210,215,216,187
192,323,326,329,202,187,205,208,210,214,216,315,188
323,199,71,201,327,202,207,208,217,187,189
322,323,195,217,328,202,236,187,210,211,213,313,315,317,319
324,72,329,202,205,78,210,275,213,189,152,215,316,317,191
324,199,200,205,208,209,210,213,215,216,313,314,187,316,317,191
320,324,198,199,167,201,207,217,314,317,316,189,319
320,198,263,328,205,47,241,209,210,82,215,123,316,189,94,191
257,322,324,134,328,205,209,210,51,213,245,215,315,317,318
96,318,67,324,198,205,210,18,213,215,314,187,316,317,190
196,261,106,269,109,205,208,209,315,81,210,214,87,186,187,317
320,194,195,215,198,328,200,205,209,210,213,189,314,187,316,317
320,194,324,198,199,328,205,209,210,213,215,186,187,316,317
192,323,328,200,202,12,187,204,205,208,210,214,315,188,317
192,194,215,197,204,205,176,209,210,148,183,186,187
320,2,194,198,38,328,12,205,47,209,210,215,314,187,316,317
290,194,195,133,328,233,170,107,205,81,210,211,182,218,59,318
194,26,324,198,43,205,208,209,210,215,186,187,316,317,191
289,196,199,328,41,205,48,209,210,211,215,216,186,317
320,96,67,324,69,198,200,264,205,18,51,210,246,316,317
321,194,195,328,203,204,205,209,210,117,215,187,223
320,321,328,205,209,210,117,213,215,312,89,186,187,316,317
323,287,328,202,187,205,208,145,210,209,215,315,317,319
194,329,10,138,202,205,187,81,210,275,209,215,216,91
290,2,326,103,328,186,170,107,204,210,214,119,218,59
194,26,324,198,199,204,205,209,210,213,215,186,187,316,317,191
321,194,323,196,204,109,205,209,210,211,87,215,61
320,321,194,324,198,328,329,106,43,205,209,210,156,55,215,316
324,329,138,10,202,237,205,210,275,188,215,216,186,91,28
321,196,199,328,77,205,209,210,117,278,215,213,187,61
322,194,231,40,73,329,10,42,81,177,275,210,213,188,189
322,324,198,200,328,205,187,209,210,213,215,312,315,317,318
322,323,194,200,328,205,315,209,210,215,312,186,187,317
320,215,328,205,47,208,209,210,189,281,314,187,316,317,25,191
320,193,324,325,200,232,201,203,205,60,209,210,215,314,92
320,321,193,96,68,325,67,198,200,205,210,18,212,215,317,159
194,328,170,205,48,209,210,211,213,119,217,215,187,124
194,215,197,200,204,205,176,209,210,148,183,186,187,317
324,198,328,200,205,209,210,215,26,315,316,317,191
320,321,193,194,324,198,104,205,209,210,52,215,187,316,317
320,98,322,324,9,205,187,210,215,313,314,283,316,317,318,191
322,326,200,329,202,205,187,239,209,210,275,214,215,216,251,189
289,3,325,327,328,200,12,60,315,213,316,187,220,317,223
194,327,329,10,138,202,205,187,209,210,275,213,215,216,91,317
194,135,329,73,10,138,202,205,187,209,210,275,213,215,216,91
322,194,324,328,329,205,209,210,213,215,312,187,317,318,319
324,197,325,186,205,208,209,210,215,26,187,316,317,191
321,194,198,328,42,12,205,206,47,209,210,213,215,187,254
320,194,327,205,60,208,209,210,215,56,313,187,316,317,191
320,194,327,205,207,208,209,188,210,215,314,187,316,189,191
320,194,325,327,205,209,210,189,215,187,316,317
323,319,329,10,138,202,75,205,315,145,275,210,215,216,91,287
323,326,39,328,202,12,269,187,47,208,210,213,214,315
320,194,323,200,328,329,205,209,210,213,215,314,187,317
320,194,215,198,328,205,208,209,210,189,314,187,316,317,191
192,194,326,202,205,47,208,283,315,210,214,182,187
96,194,323,67,326,42,202,187,269,208,18,210,283,188
128,321,323,196,195,326,202,123,204,47,208,209,210,187
322,228,325,327,205,270,15,209,210,213,215,313,314,316,189
66,195,196,313,172,205,48,209,210,211,189,215,217,187,317
320,194,324,328,300,205,187,209,210,213,215,314,315,316,317
321,193,194,198,199,205,209,210,212,215,216,187,317
321,193,194,204,205,209,210,83,212,215,89,316
320,3,198,200,328,205,209,210,189,213,215,313,187,316,317
326,231,200,73,329,10,202,205,209,210,275,213,214,215,216,187
194,195,329,10,138,73,237,202,205,81,210,275,211,216,318
324,198,327,326,205,209,210,53,214,215,313,314,316,189,191
128,321,194,196,199,205,209,210,117,213,215,187,316
194,326,199,105,205,92,209,210,83,212,117,85,213,215,187,316
96,321,194,67,323,196,195,205,80,209,208,210,18,215
323,324,196,325,327,287,236,187,208,145,210,213,315,319
217,70,199,201,266,205,207,210,53,117,121,189
323,200,9,202,205,208,210,214,216,217,187
