195,196,197,710,201,206,208,912,28,862,496,53,55,952,58,444,62,831
267,397,150,151,153,602,283,154,603,604,155,292,742,41,43,434,567,379,381
832,1036,205,652,396,913,721,914,28,669,350,862,33,616,496,497,564,54,571,125,62
194,195,197,201,207,912,210,723,982,239,753,58,764,62
267,147,153,602,603,154,604,155,283,349,222,292,742,434,567,379,381
1025,196,903,904,713,207,208,796,797,862,416,417,1060,1062,806,1064,571,191
642,700,261,906,852,1045,213,278,343,345,227,870,422,743,876,175,1013,1084,1085
340,344,345,347,349,733,222,159,161,297,109,46,47,688,178,307,308,52,310,55,696
704,705,708,70,715,267,331,337,403,37,429,496,381,58,380,701,702,703
139,140,147,724,34,35,743,177,50,179,756,757,57,636
517,139,140,335,147,34,35,611,299,300,301,175,177,50,179,756,757,57,635
139,140,147,724,34,35,743,300,177,50,179,756,757,57
194,195,643,197,199,201,207,912,723,239,881,753,58,62
194,195,197,199,201,207,912,210,723,239,881,753,58,572,62
517,460,147,35,299,44,300,302,175,177,50,179,56,57,382
517,460,147,35,299,44,300,175,177,50,179,1075,56,57
847,211,344,345,347,348,349,223,227,228,170,108,493,494,109,178,1079
777,845,918,281,860,861,222,354,868,870,314,317,316,1085
454,780,847,211,917,219,348,349,223,227,228,102,424,233,493,494,318
257,74,79,659,92,159,293,39,40,47,48,688,240,306,52,569,59,124,63
257,74,79,659,92,159,293,39,40,43,47,48,240,688,306,569,124,63
196,709,713,778,206,207,208,796,797,1062,1064,239,53,55,888,571,191
194,195,643,197,764,199,201,912,848,723,924,739,881,753,58,572,62
386,198,1044,981,1047,95,96,163,931,678,489,682,491,492,112,947,627
838,79,90,411,92,348,412,287,614,42,46,307,308,447
65,963,968,268,21,408,409,88,540,95,96,934,551,678,682,365,238,175,176,883
194,195,197,201,912,401,210,848,723,982,739,753,564,58,764,62
602,603,159,39,40,41,43,46,47,48,124,688,307,308,52,120,380
602,603,159,39,40,41,43,46,47,48,124,688,307,308,52,120,59,380
120,39,41,297,43,46,47,48,688,307,308,182,183,310,379,124,447
120,39,41,297,43,46,47,48,688,307,308,182,183,310,379,124
194,643,195,197,199,201,713,207,730,989,1060,809,881,58,62
640,139,461,724,34,35,177,50,756,757,57,636,637
198,267,1044,1047,473,283,96,738,678,169,682,491,492,622,112,947,958
324,457,395,204,334,80,209,275,163,36,166,295,168,169,303,624,625,1082
194,195,643,197,199,201,713,207,912,210,239,58,62
322,847,211,918,344,223,225,227,228,102,488,233,40,493,494,495
394,780,344,345,347,348,349,798,799,800,801,170,811,108,812
192,592,593,664,665,925,1056,866,546,547,548,549,550,941,879,49,762,763
775,776,135,777,845,206,918,984,985,219,860,222,420,870,425,829
902,711,70,205,721,722,145,864,33,865,1063,809,107,54,887,888,379,380,381,831
780,781,340,347,798,799,800,801,170,811,812,108,1079,1084
780,781,340,345,347,798,799,800,801,170,811,812,108,109,1084
340,344,345,346,347,348,349,223,108,109,178,1079
194,195,197,199,201,912,721,210,848,982,739,740,750,755,58,62
775,776,845,918,984,985,281,222,868,869,870,871,872,314,1085,318
212,918,222,354,868,869,871,872,873,425,426,366,1072,1073,499,378,318
257,79,659,533,729,90,159,160,293,40,42,240,498,307,569,59,63,447
257,71,79,659,533,729,90,159,160,287,293,40,42,240,307,569,59,63,447
278,219,860,224,225,161,227,228,102,488,233,872,495,1073,765,766
954,71,531,533,120,41,43,46,687,48,688,498,307,52,308,182,55,310,698,124,63
453,917,215,919,353,354,868,424,425,377,378,316,317,318
64,258,910,911,336,339,932,933,235,173,305,248,60,61
6,968,907,908,909,268,1022,100,934,232,810,366,1071,304,117,889,126
64,259,583,336,152,357,236,173,948,245,566,60,61,127
278,219,222,224,225,161,227,228,102,488,233,872,495,1073,765,766
203,205,481,356,106,107,433,243,436,502,122,123
203,205,145,356,551,106,107,433,243,436,502,122,123
65,652,912,401,594,595,596,597,598,599,103,49,564,762
264,395,12,16,18,20,413,735,164,229,38,230,168,169,231,1013,374
71,72,74,158,159,160,46,688,307,52,308,59
320,321,322,325,326,327,521,76,77,144,875,876,877,319
71,72,74,158,159,160,46,307,52,308,120,59
576,579,580,581,401,598,599,23,28,862,929,674,554,496,497,54,890
71,72,74,158,159,160,46,307,52,308,120,59
71,72,74,158,159,160,46,688,307,52,308,120,59
453,845,917,861,353,354,423,424,316,376,377,252,317,318
1090,906,272,21,278,407,222,224,225,102,1062,488,361,998,366,495,49,56
775,776,777,212,918,984,985,281,219,860,222,870,1072,1073,314,1084,1085
258,259,963,6,583,511,336,1042,790,88,735,1059,296,236,250,60,61,127
1090,135,715,24,345,794,795,476,1050,735,224,166,103,366,175,113,49,372,1013,952,702
340,344,345,346,347,348,349,108,109,178,1079
320,321,325,326,327,521,76,77,144,875,876,877,319
845,918,984,985,281,860,222,353,868,869,870,871,872,1073,314,1085,318
845,918,984,985,281,860,861,222,353,868,869,870,871,1073,314,1085,318
320,321,325,521,524,847,144,211,344,345,349,223,227,228,233,876,877,493,494,1073
260,966,967,905,399,538,609,931,358,935,937,938,363,112,246
340,344,345,346,347,348,349,108,109,178,1079
574,585,459,846,80,414,415,615,616,631,247,444,445,446
386,389,148,149,150,862,352,747,684,749,750,751,752,118,119,189,190
71,73,75,297,46,47,688,48,307,52,308,310,120,59,124
257,961,964,79,659,216,729,411,412,287,422,743,40,48,240,306,569,63
704,1088,68,69,337,283,31,481,356,37,484,429,51,436,371,54,380,381,702
642,199,200,1033,1034,1046,855,284,1001,1002,1003,620,1009,1074,373,374,1015,1016
193,711,148,149,150,151,155,352,740,741,747,748,749,750,751,752,755,190
193,711,203,267,205,145,154,155,283,30,286,106,107,433,567
194,195,197,207,912,210,723,595,594,982,351,239,753,313,58,763,764,62
71,72,74,158,159,160,46,688,307,52,308,59
832,577,581,710,912,401,723,596,597,286,350,351,674,103,616,49,753,564,313
1029,1030,1031,1032,80,977,18,20,859,987,990,414,545,235,1080,1087
963,964,965,271,272,84,85,87,88,89,1050,99,101,939
963,271,272,83,85,86,87,88,1050,97,98,99,101,939,255
963,968,271,272,83,84,85,86,88,1050,98,99,101,939,255
963,271,272,84,85,86,87,88,89,1050,97,98,99,101,939,255
963,968,271,272,83,84,85,87,88,89,1050,97,98,99,101,939,255
963,965,271,272,83,84,85,86,87,88,89,1050,97,98,99,101,939
963,272,84,85,86,87,88,89,100,101,232,939,366
3,388,14,403,413,94,545,165,38,486,104,229,230,231,997,1014,504
832,193,386,195,197,145,148,149,150,151,155,352,747,748,749,750,751,752
1029,1030,1031,1032,977,18,20,857,987,990,545,164,235,1080,1087
0,1,2,4,8,9,10,13,341,24,25,26,91,93
898,901,135,842,843,970,206,984,985,411,163,420,612,42,691,307,52,700,829
324,457,395,204,209,275,405,539,167,169,303,947,1082
324,457,395,204,209,275,405,167,168,169,303,947,828
265,401,220,669,670,671,672,621,496,113,435,121,570
711,854,602,603,476,604,477,478,742,684,368,565,379,959
0,1,2,4,8,9,13,341,24,25,26,91,93,54
453,845,917,860,861,353,354,423,424,316,376,377,252,317,318
391,203,205,145,22,481,356,106,107,433,243,436,502,122,123
963,964,965,271,272,83,84,85,86,87,88,89,1050,99,100,101,939
963,964,968,83,84,85,86,87,88,89,97,98,99,101,939
260,966,586,588,537,609,355,358,935,936,937,627,246
704,387,68,69,718,17,852,283,608,481,484,37,806,555,51,371,54,380,702
847,211,278,225,227,228,102,488,233,40,493,494,495,1072
73,39,41,297,43,59,46,47,48,688,307,308,310,120,379,124
71,72,74,158,159,160,46,307,52,308,59
2,4,13,17,81,273,342,24,25,91,93,480,484,485,171,172,813,110,439
320,321,322,325,326,327,521,524,77,76,144,875,876,877,319
576,578,131,581,70,334,793,732,28,862,415,674,617,618,45,496,497
257,71,659,158,159,160,46,688,307,52,308,120,59,124,63
515,516,268,140,21,606,300,365,238,175,176,301,626,635,126,639
128,129,135,972,398,342,24,25,485,489,427,370,371,115,1013,829
514,392,137,393,138,460,141,335,146,34,35,296,236,177,756,757
382,68,1028,331,78,830,338,147,927,555,1070,372,311,56,958
454,7,136,266,396,15,82,27,28,29,30,672,33,492,621,496,760,62
128,129,972,398,530,155,733,737,546,547,548,549,106,427,370,371
196,582,7,200,15,208,530,27,28,29,30,286,672,621,496,49,628
265,329,27,28,669,670,671,672,29,121,220,30,286,621,496,435,1081
704,265,329,27,28,669,670,671,672,121,220,30,286,37,621,49,435,1081
212,918,215,919,353,868,869,870,871,872,873,425,378,1085,254
203,205,145,155,356,106,107,433,243,436,502,122,123
645,584,846,793,732,349,606,607,619,174,175,627,371,629,630,1012,883,573,574
148,149,150,151,153,602,603,604,477,478,284,352,292,747,748,749,751,368,752,565
515,516,645,712,202,139,19,724,165,1068,1004,1005,1006,1007,177,626,1010,756,757,1013
0,1,2,4,8,9,10,463,17,341,26,91,93,115
193,203,1036,205,145,148,30,286,33,356,106,107,433,243,436,502,62
954,956,142,14,1042,32,353,226,868,1063,360,873,234,872,679,1081,378,316,317
515,516,202,268,140,21,408,409,410,95,96,678,551,682,365,238,176
832,205,15,912,145,210,155,28,29,30,286,350,351,107,433
212,919,215,353,868,869,871,872,873,425,499,185,186,253,318
453,917,919,215,353,868,869,871,424,316,376,377,378,252,318
64,192,258,583,584,328,336,357,294,619,173,1012,948,566,312,443,60
64,258,584,336,1042,357,294,619,173,175,948,566,312,443,60
64,258,328,905,336,475,357,294,173,948,245,566,312,443,60
704,771,271,213,918,1045,278,860,225,102,870,488,233,561,690,818,375,314
640,515,139,461,724,34,35,300,177,50,179,756,757,626,57,636,637
641,515,516,140,335,177,626,50,632,633,634,635,638,639
640,515,516,139,140,141,461,335,147,724,35,299,50,626,57,636,637
260,966,971,655,537,538,609,355,358,935,936,105,938,246
327,845,270,406,344,345,538,219,860,281,222,223,224,868,870,872,40,108,1013,314,1085
191,196,710,713,207,208,796,797,417,741,1062,1064,53,571,831
386,389,149,862,676,677,750,751,111,815,817,820,118,119,699,189,190,191
640,515,516,140,268,461,335,724,299,301,176,632,633,634,635,636,637,639
585,459,80,790,414,415,615,616,496,247,444,445,446
257,79,659,729,293,39,40,42,240,688,306,569,63
7,136,266,396,781,780,15,82,27,28,29,30,798,672,33,811,812,496,49,435,56
389,1035,527,404,468,276,676,677,111,815,817,306,1074,432,820,118,821,189,190
194,195,643,197,713,201,207,912,210,1057,239,881,58,572,62
194,195,197,201,207,912,925,1057,239,881,58,572,62
713,912,210,725,982,286,351,350,1057,1062,107,879,239,881,313,764,572
0,1,2,4,8,9,13,341,24,25,26,91,93
256,384,389,464,465,466,467,468,285,482,236,237,241,242
389,390,143,189,602,603,420,106,107,237,174,111,116,118,119,829,190
132,644,459,910,911,399,80,790,545,932,933,235,61,247,248,445
71,72,73,158,159,160,46,688,307,52,308,59
576,577,580,585,909,401,1042,598,23,733,221,32,547,616,250,496,564,570,62
135,520,206,981,984,985,158,287,159,420,743,42,46,111,116,308,700,829
71,72,74,158,159,160,46,307,52,308,59
64,192,258,644,583,328,336,339,932,357,294,173,948,566,60,61
132,459,910,399,911,470,415,162,932,421,998,166,295,235,309,248,444
71,72,74,158,159,160,46,688,307,52,59
576,578,131,334,793,732,92,32,617,618,44,45,688,497,496,56,446
260,966,905,537,609,355,358,935,105,937,938,246,249
324,330,204,334,399,275,163,36,998,166,295,168,169,624,625,944,947,945,1082
897,520,659,279,280,287,675,611,743,182,183,891,700,1021,447
897,71,520,79,659,279,280,183,729,287,743,52,182,55,700,447
71,72,74,158,159,160,46,688,307,308,52,59
324,457,395,204,334,209,275,539,167,295,303,943,947
395,209,275,164,165,166,295,168,169,622,943,944,625,624,947,1082
324,395,209,539,164,165,295,168,169,167,943,944,625,946,947,624,1082
1091,132,133,134,585,330,459,399,790,414,415,162,615,880,309,247,445,446
132,133,134,585,330,459,399,80,470,790,421,615,616,235,247,445,446
324,457,204,334,209,275,405,534,469,163,165,166,303,943,947,1082
322,775,776,845,918,344,985,281,860,861,870,40,314,1085
324,457,395,204,334,209,275,539,167,295,303,947
453,917,919,353,868,869,872,873,316,378,252,317,318
1033,1034,203,526,402,469,285,96,865,481,356,106,107,490,433,243,436
902,330,716,722,340,277,344,345,347,348,349,222,109,175,178,309,949,887,888,315
318,212,918,868,869,870,871,872,873,425,426,378,1085,254
704,707,708,68,70,330,267,715,80,337,153,154,155,283,37,429,567,380,703
640,515,516,139,140,461,724,300,301,626,635,636,637,639
640,515,516,138,139,140,460,461,141,21,300,301,626,635,636,639
451,263,264,15,16,18,20,27,28,29,286,30,608,735,164,113,628,58
451,387,263,264,266,274,19,282,284,286,30,165,38,748,438,1014,441
11,81,273,17,480,484,485,489,171,172,813,110,115,439
642,68,267,79,19,342,153,154,283,155,797,434,51,54,567,379,380,381
6,907,908,909,268,1022,792,101,934,1071,304,880,176,117,573,126
391,203,205,15,400,145,402,22,481,226,367,433,243,502,122,123
963,964,965,271,272,83,86,87,88,89,100,232,366,255
64,66,259,583,152,88,735,31,1059,294,236,173,442,250,60,61,127
962,132,133,134,582,265,588,793,537,414,991,607,418,235,619,627,435,573,511
897,520,447,659,279,280,287,743,182,183,700,1021,575
256,384,389,464,465,466,467,285,482,237,241,242
324,457,395,204,209,275,539,165,166,167,295,169,303,947
3,387,451,1091,263,266,396,15,274,403,282,27,28,796,30,490,236,760,441
387,451,263,266,14,15,274,403,282,94,286,30,490,438,441
768,769,770,453,776,215,219,868,869,872,425,426,499,378,254,767
772,773,453,841,777,215,219,37,423,872,425,619,819,822,375,185,186,253
64,258,966,967,328,336,609,357,294,936,937,173,948,245,566,312,60
391,203,15,469,22,481,226,802,356,106,367,433,243,436,502,122,123
320,321,322,325,326,327,76,77,144,344,345,40,233,875,876,319
320,321,322,325,326,327,521,76,344,345,40,876,877,319
320,321,322,325,326,327,521,76,344,40,876,877,319
320,321,322,325,326,327,521,76,144,40,876,877,319
3,14,143,156,413,94,159,545,229,38,230,231,997,104,1014,441
642,199,200,1033,1034,1035,274,282,284,94,1001,748,620,431,434,373,374
642,199,200,1033,1034,274,404,282,156,284,1001,620,748,1009,1074,434,373,374,950
832,835,205,145,913,210,914,27,29,30,286,864,1057,433,881,761,62
768,769,770,578,264,394,12,652,16,849,340,346,94,223,168,169,109,767
256,390,143,465,466,467,276,469,468,285,482,163,490,749,237,242,116,119
322,775,776,845,918,344,985,281,860,861,870,40,314,1085
770,453,774,787,788,789,215,353,423,424,425,252,376,377,316,317
768,769,770,766,215,219,868,869,872,425,426,377,378,252,765,254,767
963,198,82,958,406,87,32,224,226,229,997,488,361,234,360,883,956,702
963,67,261,262,142,86,32,869,873,233,44,442,883,117,126,318
585,330,459,80,414,415,615,616,247,444,445,446
585,330,459,80,414,415,615,616,247,444,445,446
1029,1030,1031,1032,969,909,977,18,404,857,987,859,990,608,1080,125
320,321,322,325,326,327,523,76,524,875,876,877,319
320,321,322,325,326,327,521,76,144,876,877,319
716,912,913,210,723,725,982,350,351,863,313,239,879,753,949,761,764
453,214,215,919,219,423,872,425,426,186,424,499,185,378,253,254
836,455,456,777,778,779,841,780,781,219,799,800,801,423,184,185,1020,253,254
833,449,450,519,333,1054,672,289,291,435,437,1081
211,278,918,347,224,225,228,102,870,488,233,40,495,240,178
770,771,772,773,774,845,781,215,217,218,860,425,375,377,767
768,769,771,772,773,774,781,214,217,218,1072,375,377,766,767
768,705,770,3,14,274,156,413,94,229,38,230,231,1014,438,441
711,151,602,603,604,476,478,742,368,565,950,1013,440,379,124,381,959
968,202,268,973,974,408,409,540,934,551,365,238,176
704,705,706,707,708,70,701,267,337,37,429,379,380,957,702,703
585,459,399,80,414,415,615,616,309,247,248,444,445,446
200,1033,1034,1035,403,148,149,150,855,284,352,740,748,749,751,752,755,373,374
576,577,578,580,581,583,328,1042,674,173,49,629,566,312,443,60,1021
576,577,580,581,328,1042,732,674,554,173,49,629,247,312,443,60,1021
453,214,215,353,868,869,423,872,425,426,186,499,378,251,254
453,214,215,353,868,423,872,425,426,873,424,499,378,251,254
320,321,322,325,326,327,521,76,144,875,876,877,319
452,1029,1031,1032,977,408,409,987,990,551,180,181,887,1080,1087
320,321,322,325,326,327,521,76,875,876,877,319
641,515,516,140,461,335,299,626,632,633,634,635,638,639
585,459,399,80,414,415,615,616,309,247,248,444,445,446
832,652,723,598,599,982,925,350,351,32,753,564,313,764
574,585,459,846,80,414,415,926,615,616,631,880,630,247,444,445,446
261,262,6,268,142,917,278,471,281,985,861,58,424,495,176,304,117,314,126
453,919,353,354,868,869,871,872,873,426,425,378,254
640,641,139,140,147,724,300,301,302,1075,635,636,638,639
716,912,913,210,723,982,350,863,351,239,753,761,313,764
196,902,710,135,206,984,985,476,478,33,420,1069,750,53,55,379,380,829,959
519,265,27,220,669,670,671,672,28,486,487,621,942,113,435,121,126
265,27,220,669,670,671,672,995,807,808,621,431,496,113,435,628,121
192,258,644,583,328,336,357,294,173,948,245,566,443,60,61
715,1037,718,18,851,469,534,216,794,795,859,998,814,818,821,182,823,824,501
386,198,712,204,1044,1047,95,96,163,678,682,491,492,238,625,946,947
384,390,143,464,465,466,467,276,468,285,482,237,111,242,116
192,258,328,1035,336,1046,1053,613,1003,364,173,1009,948,373,374,1015,950,566,60
322,340,344,345,346,347,348,349,108,109,178,1079
340,344,345,346,347,348,349,108,109,178,1079
322,340,344,345,346,347,348,349,108,109,178,1079
340,344,345,346,347,348,349,108,109,178,1079
340,344,345,346,347,348,349,108,109,178,1079
453,774,787,788,917,789,215,353,423,424,425,376,377,378,252
768,769,770,453,766,215,868,869,872,425,426,873,499,378,765,254,767
963,964,965,511,87,88,1050,1058,418,249,874,363,366,112,1017,127,255
459,399,535,536,727,537,538,414,415,162,615,936,937,938,235,309,248,445,446
652,848,594,595,723,725,982,924,925,863,33,867,739,741,750,879,753,755,949
129,258,644,910,911,339,1048,546,548,933,235,305,370,248,61
897,520,657,183,733,1056,805,743,744,999,690,691,182,695,694,699,700,447
573,68,586,588,337,153,154,604,732,926,864,880,434,629,758,630,379,380,381,574,831
641,515,140,300,301,302,626,632,633,634,635,638,639
515,517,460,141,299,301,302,626,1075,632,633,634,635,638,639
897,520,79,659,279,280,472,729,287,683,63,182,183,700,1021,447
258,1030,7,1031,977,18,857,987,990,735,38,359,689,114,756,757,1013,61,127
531,532,533,86,87,600,33,556,557,878,558,561,498,563,182,700
265,401,220,669,670,671,672,621,496,113,435,121,570
517,724,277,344,345,347,348,349,606,607,161,108,175,178,883,1079,315,638
832,385,323,971,591,592,912,210,594,595,725,723,988,737,239,753,691,118,761,763,189
707,708,68,70,585,267,337,23,28,862,37,429,496,49,497,438,441,380,701,703
1,2,4,8,9,10,13,341,24,25,26,91,93
322,340,344,345,346,347,348,349,108,109,178,1079
394,780,340,344,345,347,348,349,798,799,800,801,170,811,108,109,812
387,266,267,274,403,852,855,282,995,37,1001,490,429,431,434,951,703
963,964,965,83,85,86,87,88,89,100,101,232,939,366,255
517,139,140,147,34,35,300,175,177,50,179,756,757,57
389,1033,1034,1036,721,468,981,23,855,989,862,864,865,1060,1061,1069,751,1074,761,191
1,8,9,10,11,17,273,24,25,480,485,489,171,172,115,439
453,774,917,215,353,423,424,425,316,376,377,252,317,318
453,774,782,785,786,917,215,353,423,424,425,376,377,252,317
964,453,783,784,785,786,917,353,422,423,424,425,376,377,378,252,318
453,782,783,784,785,786,917,353,423,424,425,252,376,377,316,318
322,772,773,774,327,915,344,217,218,345,861,40,694,375,696,251,766
768,769,770,453,766,215,219,868,869,872,425,426,873,378,186,765,254,767
770,964,453,214,215,219,868,869,422,872,425,426,378,254,767
329,332,398,531,532,533,600,923,33,39,40,683,556,557,878,561,498,55,1020
453,917,215,919,353,868,423,872,424,811,812,376,377,378,1084,317,318
128,129,710,648,972,398,592,529,530,94,548,549,935,427,370,371,564
385,386,389,467,111,241,242,118,119,1078,189,190
256,385,386,389,276,149,237,111,242,118,119,189,190
322,340,344,345,346,347,348,349,108,109,178,1079
1030,264,457,334,337,18,275,735,32,225,226,167,361,234,233,495,303,178,956
832,652,912,401,210,596,597,598,599,925,350,546,547,548,549,753,564,570
645,1029,1030,712,1032,1037,976,977,474,1052,990,1067,1003,431,1009
388,645,5,592,340,486,487,104,1066,430,369,1014,503,504
197,200,201,848,867,739,741,740,613,490,750,754,755,62
1025,903,904,711,796,797,416,417,673,1064,684,54,699,831
1025,903,904,711,796,797,416,417,673,1062,1064,684,942,54,887,571,831
1025,902,903,904,711,722,796,797,416,673,417,1064,684,949,887,888,761
1024,257,79,337,659,215,411,412,484,293,39,40,236,429,569,240,306,438,441,186,63
712,1037,400,402,474,95,96,678,682,1068,1004,1005,367,1010,1013,1016
1025,902,711,721,722,854,1051,476,478,416,673,417,1060,742,684,758,886,888,831
1029,710,1031,969,396,846,913,273,27,28,669,990,30,672,941,496,113,628,1080,121,955
711,854,603,604,476,478,479,477,742,47,48,368,828,959
1037,14,474,1052,156,608,1067,1068,113,1010,1013,438,1014,374,441,125
644,910,911,528,401,978,339,980,398,1048,33,418,932,548,933,235,305,248,61
642,650,267,279,153,154,155,283,796,863,417,742,1064,759,1069,886,567,831
832,652,912,210,596,597,982,599,598,925,350,351,753,564,764
995,807,1001,1002,1003,1004,1005,1006,431,1007,1009,1008,1011,1010,1068,1015,1016
135,776,829,845,206,984,985,219,860,861,222,868,420,870,1084,1085
641,515,516,140,299,300,301,302,626,1075,632,633,634,635,638,639
139,461,724,34,35,299,177,50,179,756,757,57,637
256,385,386,323,389,711,149,1063,237,111,118,119,1078,189,190
256,385,386,323,389,149,684,237,111,118,119,1078,189,190
256,385,386,389,468,149,237,111,689,118,119,1078,189,190
640,517,139,140,147,35,301,177,50,179,756,757,57,635,636,637,639
517,139,140,147,34,35,299,301,177,50,179,756,757,57,635,639
832,642,1036,398,591,912,210,982,1051,862,863,1057,753,564,758,761,570,62
514,392,393,137,140,146,301,1075,756,635,638,639
897,71,520,79,279,280,287,743,52,182,183,700,63,447
329,265,332,27,28,669,670,671,672,929,220,291,621,175,435,437,1081
322,772,327,657,915,916,1085,406,407,344,345,283,605,422,870,40,41,233,182,183,701
1088,771,839,459,1038,981,407,919,729,414,415,353,615,556,558,878,561,1074,889,701,446
960,961,582,968,844,974,911,980,661,408,88,410,605,736,992,1058,934,1017
644,967,654,661,662,736,418,419,1058,994,874,1017,1018
448,840,396,205,909,145,983,286,608,864,356,433,882,697,436,497,760,761,891,125
11,81,17,273,480,484,485,171,172,813,110,115,439
654,655,661,662,736,992,418,419,1058,994,874,1017,1018
203,909,145,981,469,92,798,481,356,490,106,107,811,433,436,123,829
576,577,579,580,581,403,23,282,926,94,674,554,306,438,441
968,973,974,271,84,408,409,540,99,100,934,551,365
200,1033,1034,1035,404,1046,855,154,865,995,1001,951,434,1074,950,567,568
446,459,1021,793,247,732,414,926,415,932,616,629,631,444,573,574,445
193,203,205,145,155,30,286,352,33,356,106,107,433,243,436,123
257,71,72,74,79,90,159,160,293,39,40,46,306,52,569,59,63
203,205,145,30,286,356,106,107,433,243,436,502,122,123
384,256,193,390,465,466,467,468,276,285,482,237,241,242,116,190
776,779,845,918,985,281,219,860,861,354,870,316,314,317,1084,1085
776,845,918,985,281,219,860,861,222,354,870,314,317,316,1085
458,330,527,853,986,676,997,998,677,1001,1003,814,815,432,1009,817,820
395,204,334,275,164,165,166,168,169,303,943,624,625,947,944,945,1082
71,72,74,158,159,160,46,688,307,308,52,59
260,966,971,655,537,609,355,933,358,935,937,938,246
711,854,602,603,476,477,478,604,673,742,684,368,565,959
384,193,386,256,389,464,465,466,467,468,482,620,237,241,242
968,973,974,271,408,409,540,99,100,934,551,365,238
583,328,844,336,791,792,926,357,294,173,880,948,566,312,443,60
11,273,17,81,484,485,489,171,172,813,110,115,371,439
845,275,278,88,219,860,224,225,161,228,102,488,233,495,1073,375
256,384,389,464,465,466,467,468,285,482,237,241,242
464,465,466,467,468,276,1046,404,283,285,482,242,116,118,950,190
256,384,464,465,466,467,468,285,482,620,237,241,242
966,967,905,586,846,399,535,727,536,475,609,418,937,938,619,1017,1018,574
833,449,450,519,332,333,220,1054,289,291,437,1081
960,584,846,724,793,732,926,607,606,929,484,619,174,175,371,1012,883,630
513,67,452,714,725,664,409,408,987,857,858,859,551,938,1003,940,1009,180,181
1033,1034,331,78,337,849,593,913,469,534,664,665,987,483,37,496,1074,311,380,381
340,344,345,346,347,348,349,108,109,178,1079
382,1028,68,331,78,830,338,927,37,1070,50,372,311,57,958
7,712,400,402,29,95,928,735,613,678,359,682,940,367,114,53
832,323,531,532,533,598,599,922,923,350,737,547,549,687,498,564
1024,129,577,579,583,265,1038,401,1042,978,220,33,929,484,305,628,566,1081,250
451,454,263,264,266,397,15,913,274,594,282,27,286,33,492,496,49
384,256,464,465,466,467,285,482,620,237,241,242
1033,1034,713,849,1046,855,154,796,797,417,1062,1064,434,1074,571,191
640,1027,516,517,637,461,724,153,154,483,741,299,236,50,311,250,636,381
576,577,579,580,581,3,846,274,403,23,282,732,929,674,554,306,438,441
453,454,455,456,782,783,784,785,786,219,424,425,499,376,377,252,253
453,454,455,456,782,783,784,785,786,219,424,425,499,376,377,252
453,454,455,456,782,783,784,785,786,219,424,425,499,376,377,252
453,454,455,456,782,783,784,785,786,219,424,425,499,376,377,252
193,7,848,796,1053,221,735,739,613,568,364,685,431,373,950,951,374,61,62
514,392,393,137,138,140,141,460,146,35,301,302,756,638,639
261,262,199,519,142,917,213,155,161,869,552,424,106,1073,628,117,126,318
963,964,965,83,85,86,87,88,89,1050,97,98,101,934,810,366,304
200,1033,1034,906,404,1046,153,154,283,440,1001,759,434,1074,371,373,950,374,565,381
194,195,201,848,725,924,925,867,739,741,740,750,881,754,755
576,577,578,579,580,581,391,15,400,22,481,802,674,554,243,244,122,188,383
768,769,770,453,774,766,215,219,868,869,872,425,426,499,378,252,254,767
449,450,833,518,519,333,1054,288,289,291,437,1015,1081,1023
390,135,11,780,206,143,529,984,985,224,420,42,111,751,116,829
79,90,411,92,412,157,287,614,743,42,46,52,447
641,515,516,140,301,626,632,633,634,635,638,639
384,464,465,466,467,468,276,285,482,620,241,242,116
391,712,526,400,402,22,95,96,928,678,682,367
388,645,202,14,413,545,229,38,486,104,487,230,231,997,369,1013,1014
977,858,987,220,669,670,671,672,35,552,621,174,496,177,50,113,628,1080,121,1087
977,857,858,987,220,669,670,671,672,552,621,174,496,177,50,113,628,1080,121,1087
388,645,5,1037,1052,929,486,487,1067,430,369,1014,503,504
2,4,11,13,17,81,273,341,24,25,91,93,484,485,171,172,813,439
716,717,462,590,147,920,1051,476,349,683,175,560,563,759,698,1020
712,526,400,402,95,96,928,678,682,367,244,122
388,645,712,1037,977,474,1052,929,484,487,1066,1067,1003,430,1009,503,504
388,645,712,1037,975,474,1052,929,484,486,104,1066,1067,1003,430,1009,503
1089,452,1037,1042,408,409,474,987,928,994,802,551,180,181,759
1033,1034,1035,203,849,404,1046,855,865,1001,1069,1074,434,950,951
193,195,148,149,150,155,352,740,741,1064,748,749,750,751,755,567
384,256,389,390,464,465,466,467,276,468,482,163,237,241,242,116
324,457,395,204,334,209,275,164,165,166,168,169,303,947,1082
324,457,204,334,275,36,165,166,295,167,168,303,625,947,1082
324,204,334,399,275,539,36,165,166,295,303,947,1082
324,457,204,334,209,275,405,166,167,169,622,303,943,625,624,947,944
324,457,395,204,334,209,275,405,539,166,167,303,947
324,457,395,204,209,275,539,167,168,296,169,233,303
832,193,195,205,145,210,148,149,150,155,351,352,747,748,749,107,751,752,564
384,256,389,465,466,467,468,284,285,482,741,749,750,751,242,116,119
468,149,148,150,862,352,741,747,748,749,750,751,752,755
384,256,464,465,466,467,468,285,482,620,237,241,242
659,90,411,412,92,157,287,614,743,42,46,307,182,447
640,641,515,138,139,460,461,141,140,21,301,302,1075,635,638,639
513,652,716,591,912,723,725,924,925,350,351,546,550,239,753,313,955
707,1042,917,726,348,481,226,354,360,361,234,108,109,243,502,122,123,956
704,192,1088,64,68,69,337,338,1042,31,37,743,173,51,245,566,60,702
71,72,74,158,159,160,46,688,307,308,52,59
963,965,271,272,83,86,87,88,89,97,98,99,100,101,939
963,271,272,83,85,86,87,88,89,97,98,99,100,101
963,272,83,84,85,86,87,88,89,97,98,99,100,101
0,1,2,4,8,9,13,341,24,25,26,91,93,54
193,195,201,848,148,150,352,739,740,741,748,749,750,751,755,567
193,195,201,848,148,150,352,739,740,741,748,749,750,751,755,190,831
193,195,197,201,848,148,150,352,739,740,741,1064,748,749,750,751,755
576,577,578,579,580,581,648,528,929,674,554
576,577,578,579,580,581,648,528,23,793,929,674,554
322,327,847,211,347,223,227,228,40,233,170,493,494,178,315,1085
576,577,578,579,580,581,648,528,793,929,674,554,1003,1009
576,577,578,579,580,581,648,23,732,929,674,554,506,508
844,846,791,792,793,732,926,880,629,630,573,574
844,846,910,791,792,793,732,926,880,629,630,573,574
907,908,909,791,792,793,732,28,1071,880,496,305,1078,121,573,1022
90,411,92,412,157,287,160,611,614,42,46,52,447
907,908,909,339,1048,793,732,28,993,97,98,1071,880,304,630,573,1022
206,848,16,22,150,151,602,154,603,604,863,867,739,292,364,236,754,1013
580,581,978,979,980,23,793,929,674,554,505,506,508,511
576,960,581,648,653,846,654,528,978,980,597,992,929,239,505,507,509,510,511
576,577,578,960,648,653,846,654,528,978,980,992,929,674,239,505,507,509,510,511
580,581,846,978,979,980,23,732,733,929,554,506,629,505,1018,508,1017
833,449,450,518,519,332,333,1054,288,289,291,437
960,844,978,979,980,926,607,992,929,736,1000,630,1017,507,509,510,511
960,844,980,542,926,736,992,995,807,808,554,1011,630,1016,507,509,510,511
960,579,980,991,736,992,994,995,807,808,431,630,1015,1017,1018,507,509,510,511
579,580,581,978,979,980,23,991,994,674,554,506,629,505,1018,508,511
384,256,386,464,465,466,467,276,209,285,482,620,241,242
512,899,649,589,1041,657,1043,916,728,731,553,687,575
320,321,322,325,326,327,521,144,40,875,876,877,319
0,1,8,9,10,11,17,273,484,485,489,171,110,115,439
902,711,903,650,721,722,863,673,742,1064,684,887,949,886,758,888,761,831
576,577,578,579,580,581,23,793,926,992,674,616,554,630
711,854,151,153,154,602,603,604,477,478,476,292,742,368,959
576,577,578,579,580,581,388,648,528,929,674,554,430,503
711,854,153,154,602,603,604,477,478,476,742,39,368,434,959
711,854,153,154,602,603,604,477,478,476,742,39,368,434,959
576,577,578,579,580,581,388,648,528,929,674,554,430,503
576,577,578,579,580,581,648,528,401,596,23,929,674,554
389,711,119,989,478,863,673,1060,1061,742,684,242,886,118,568,761,699,189,190
323,389,711,468,119,989,478,673,1060,1061,742,684,242,886,118,568,699,189,190
711,650,717,959,476,734,863,864,673,478,742,684,368,692,886,759,568,761,831
1089,1090,645,518,1037,402,1052,288,545,676,677,1066,1067,1068,1013,1015
457,275,213,1045,278,347,539,161,225,228,102,167,233,108,109,495,303,314,315
844,846,791,792,793,732,926,607,880,629,630,631,573,574
844,846,911,791,792,793,732,926,607,619,880,630,631,573,574
449,450,833,518,519,333,1054,288,289,291,437,1081,1023
446,844,846,791,792,732,926,619,880,629,630,631,573,574
844,846,791,792,793,732,926,414,938,880,629,630,631,573,574
844,846,791,792,793,732,926,619,880,629,630,631,573,574
844,846,911,791,792,793,732,926,607,880,630,631,573,574
704,844,846,791,792,793,732,926,414,938,880,629,630,631,573,574
260,966,967,588,661,662,535,536,537,609,355,358,935,936,937,874,246,1018
968,973,974,271,408,409,540,99,100,934,551,365,238
960,961,653,654,541,926,542,992,544,736,543,994,993,991,1000,630
960,961,653,654,541,542,991,544,992,994,736,543,993,1000,619
847,344,345,346,347,348,223,228,40,233,108,494,178,1079
960,961,653,654,541,542,991,992,993,994,1000,937,936,1017
387,200,1033,1034,718,274,403,1046,282,284,156,735,490,49,306,373,374,438,441
588,661,662,792,538,991,736,609,1058,418,419,1059,874,1017,1018
193,259,204,720,209,405,343,735,930,165,679,296,169,168,236,685,754
196,520,972,208,529,530,531,598,599,982,29,350,737,33,867,239,753,564,54,700
577,578,579,648,1038,529,530,156,1055,928,929,802,1003,1009,370,374,1014,700
446,459,844,846,791,792,732,926,415,880,629,630,631,573,574
843,683,556,557,878,559,560,561,562,563,558
835,713,207,912,913,723,725,598,982,350,1057,239,881,753,764,572
843,651,610,683,556,557,558,878,559,561,562,563
843,683,556,557,878,559,560,561,562,563,558
843,683,556,557,878,559,558,561,562,563,560,890
1026,843,612,683,556,557,558,878,559,561,562,563
512,841,589,719,1041,1043,915,728,675,553,687,882,697,575
843,612,683,556,557,558,559,560,878,562,563,561
843,658,988,683,556,557,558,559,878,561,562,563,890
1026,843,651,612,683,556,557,558,878,559,561,562,563
193,259,204,720,209,275,343,735,930,165,679,296,169,236,685,754
834,843,658,610,611,612,680,683,556,941,557,687,559,558,561
836,843,663,667,610,611,612,683,556,557,558,559,878,561,562,697
192,323,709,590,591,592,593,210,664,665,737,866,546,548,550,941,879
590,591,592,593,983,600,601,922,923,664,665,546,548,549,550,941,693,955
192,513,590,591,592,593,913,723,725,664,665,924,546,548,550,298,764
513,1036,590,591,593,725,664,665,923,924,925,737,546,547,548,549,550,239
832,590,592,596,597,725,599,600,665,601,924,925,546,547,548,549,550,564
832,599,665,924,925,350,737,546,547,548,549,550,753,564
832,652,598,599,600,601,924,925,350,546,547,548,549,550,753,564
896,323,590,591,592,593,600,922,923,925,546,547,548,549,550,941,955
324,457,204,334,720,209,275,404,405,930,166,167,296,685,303,947,828
1033,1034,404,405,1001,1004,1068,1005,1007,1006,1008,434,1011,1010,374,950,828
535,536,537,538,727,732,609,935,936,937,938,619,629,1017
966,588,535,536,727,538,537,732,609,933,935,936,937,938
966,727,535,536,537,538,609,933,935,936,937,938
966,727,535,536,537,538,609,933,935,936,937,938
590,591,592,983,600,601,922,548,940,941,693,694,953,954,955
512,836,589,1041,658,1043,663,667,675,612,553,687,697,575
513,652,1036,591,593,664,665,924,925,737,546,547,548,549,550,955
256,384,389,464,465,466,467,468,276,620,237,241,242,116,118,568,190
198,1033,1034,855,862,865,738,741,806,1063,1069,750,1074,951,571
709,594,723,725,982,664,665,866,879,753,762,763,764
709,594,723,725,982,664,665,866,37,879,753,762,763,764
709,593,594,723,725,982,664,665,866,879,753,762,763,764
704,709,594,723,725,982,664,665,866,879,753,762,763,764
709,593,594,723,725,982,664,665,866,879,753,762,763,764
641,515,516,139,140,724,300,626,632,633,634,635,638,639
641,515,516,140,461,300,626,632,633,634,635,638,639
640,641,139,140,460,141,300,301,302,626,1075,632,57,635,636,638,639
129,194,709,201,844,912,401,339,982,1048,926,606,546,548,879,305,630,763
642,199,200,204,973,934,169,620,622,238,624,625,944,947,373,374
640,193,1027,516,460,461,140,335,403,724,153,483,299,236,626,381,311,633,636,637
258,644,966,586,588,910,911,418,994,932,933,938,627,629,1017,1018
590,591,592,593,600,601,922,923,665,664,546,548,549,550,940,941,953,955
835,709,650,716,652,912,596,725,982,597,924,737,879,753,690,691,761,762,763
1033,1034,1035,1046,855,865,738,740,806,1063,1069,1074,755,950,951
835,650,716,1036,717,913,914,797,286,863,864,1057,692,758,759,760,761,831
832,323,650,716,717,594,595,596,597,598,599,863,742,759,758,887,761,831
323,650,716,717,594,595,596,597,598,599,863,742,759,758,887,761,831
323,650,716,717,594,595,596,597,598,599,863,864,759,758,567,761,831
192,513,709,590,592,593,725,982,664,665,924,925,866,546,548,550,879,762
192,709,593,594,595,210,725,982,596,597,664,665,866,879,753,762,763
320,321,322,325,326,327,521,76,144,875,876,877,319
192,709,593,594,595,596,725,982,597,664,665,866,879,753,762,763
318,446,212,918,868,869,870,871,872,873,425,247,378,445,254
832,596,597,598,599,925,350,737,546,547,548,549,564,759
832,723,596,597,598,599,350,737,546,548,549,753,564,759
193,203,205,145,22,481,106,107,433,243,436,502,122,123
72,90,411,92,412,157,287,160,611,614,42,46,307,52,447
832,648,401,723,596,597,598,599,595,737,546,929,548,759,764
832,912,401,723,596,597,598,599,725,737,546,548,753,759
128,273,17,19,342,24,25,283,484,485,489,171,115,371,1013,439
1026,843,651,683,556,557,558,878,559,561,562,560,563
512,836,589,1041,1043,663,667,675,612,553,885,697,575
650,1036,716,717,1051,863,759,882,692,949,758,887,760,761,1021,831
832,1036,912,210,723,725,982,350,351,737,879,753,881,313,763,764
832,1036,912,913,210,723,725,982,351,737,879,753,761,313,764
832,912,210,723,725,982,350,351,737,239,753,881,313,763,764,62
832,643,1036,912,723,725,982,351,737,1057,313,753,881,761,58,764,62
647,971,719,657,658,915,663,728,666,667,731,675,686,693,697
899,900,647,649,970,971,657,658,1041,916,728,667,731,675,697
647,649,719,657,658,915,916,663,728,666,667,731,675,691,694,697
646,649,714,719,657,658,915,916,728,667,988,731,675,999,690,691
899,649,714,719,657,658,1041,916,915,728,666,731,667,675,690,691,697
897,71,520,79,659,729,90,159,287,743,182,183,700,63,447
646,647,649,714,971,657,658,915,728,667,988,731,675,999,697
195,196,197,710,70,201,206,208,210,608,53,1013,58,380,381,62
582,966,586,587,588,844,846,661,662,791,792,793,609,418,874,880,497,630,249
576,577,578,580,581,134,585,330,459,80,414,415,615,616,554,247,445,446
960,961,653,654,541,542,926,992,993,994,736,543,991,1000
960,961,653,654,541,542,543,992,993,736,994,544,991,1000
837,717,855,730,989,673,1060,1061,1063,809,684,942,886,568
647,971,657,915,663,728,983,667,988,731,675,680,686,693,694,695,696
834,719,657,915,916,663,728,731,667,610,675,680,686,695,697
891,840,714,719,657,915,916,663,728,667,731,675,680,697,1083
647,651,971,657,660,916,920,667,668,731,746,683,878,558,560,561,698
1026,651,971,657,660,920,666,667,668,731,999,744,746,560,690,691,698
647,651,971,660,728,920,667,668,675,746,683,556,558,878,560,698
451,259,263,264,15,274,282,27,29,286,30,608,672,164,113,58
832,578,131,205,145,793,732,30,286,617,618,106,45,433,436,310
14,794,413,545,676,229,230,231,997,38,104,816,821,1014,825,827
14,794,795,413,545,676,229,230,231,997,38,104,816,1014,825,827
14,794,413,29,545,229,230,231,997,38,816,818,821,1014,825,827
711,650,716,656,849,914,734,863,1064,692,949,758,887,760,761,699,831
646,714,843,719,657,658,920,731,667,675,805,744,561,690,691,885,697,698
520,714,1034,719,657,658,915,920,728,731,988,805,744,690,691,1083
132,585,330,459,80,790,414,415,615,616,247,445,446
641,515,516,139,140,724,626,632,633,634,635,636,638,639
584,606,607,736,609,992,994,355,933,935,937,938,619,1012,1017,1018
584,732,606,607,992,609,994,355,933,936,937,938,619,1012,629,1018
833,449,450,519,332,333,401,220,1054,289,291,437,1081
576,579,580,581,388,645,648,528,339,980,597,607,929,674,486,1003,619,302,1009
18,20,413,545,676,677,997,229,230,231,38,235,814,819,820,821,1014,823,824,825
906,458,22,150,154,603,27,29,30,286,292,1064,368,434,565,950,440,379,124
896,899,836,841,589,663,667,675,612,1065,885,697,1020,894,895
896,899,836,647,841,777,1043,920,675,1065,683,557,560,563,698,1020,894,895
776,845,917,918,281,985,219,860,222,870,811,812,314,1084,1085
320,321,322,325,326,327,521,522,524,77,144,875,876,877,319
320,321,325,326,327,521,523,524,525,76,144,875,876,877,319
320,321,325,326,327,521,523,524,76,77,525,144,875,876,877,319
835,713,1036,590,591,207,913,912,723,923,1057,239,881,753,572
590,719,657,915,916,728,731,675,805,680,686,693,694,695,696
647,651,657,660,663,920,728,731,668,675,680,746,683,557,560,563,695,698,1020
902,711,721,722,989,863,673,1060,1064,887,1077,54,949,888,761,831
590,719,657,915,916,728,731,675,680,686,693,694,695,696,697
1091,585,330,459,80,790,414,415,615,616,247,444,445,446
897,257,76,79,659,279,729,743,495,240,306,182,183,569,700,63,447
641,515,140,301,626,1075,632,633,634,635,638,639
641,515,140,301,626,1075,632,633,634,635,638,639
388,645,5,975,1052,929,486,487,1067,430,369,503,504
647,971,719,657,658,915,916,663,728,667,731,675,697,1083
651,719,657,658,663,728,667,988,668,675,690,691,697,698,1083
900,1036,717,1021,1051,863,568,882,691,692,949,759,760,761,892,893,831
836,647,714,971,719,657,658,915,663,728,667,731,675,693,697
832,652,912,725,598,599,925,350,737,547,549,753,564
527,676,677,814,815,816,817,818,819,820,821,823,824,825,826
582,966,586,587,588,846,791,793,732,926,609,880,629,573,574
1033,1034,1035,468,855,602,154,283,865,292,1069,368,434,1074,565,950,568
1036,717,716,1051,863,759,882,692,949,758,887,760,761,890,892,1021,831
468,471,472,473,154,604,864,292,1069,565,757,568,124
468,150,471,472,473,154,864,292,1069,565,568,379,124,253
468,471,472,473,604,157,478,292,742,1069,565,757,568,124
212,918,353,868,869,870,871,872,873,425,378,1085,318
717,468,153,602,154,603,797,796,734,292,742,1064,1069,434,565,759,568
650,1036,717,797,734,863,864,742,568,760,692,886,887,758,761,54,831
468,341,150,154,26,604,477,478,292,492,1069,368,434,565,54,568,379,62
1024,257,324,457,204,1038,209,275,343,92,167,40,42,303,308,310,120,124
320,321,325,326,521,523,76,77,525,524,144,875,876,877,319
836,647,714,719,657,658,663,728,667,731,675,680,686,693,694,697
650,716,717,656,849,914,734,864,759,692,886,887,758,761,699,831
704,705,706,707,708,70,80,337,37,429,444,701,702,703
900,839,840,1021,1051,882,1076,885,1077,889,890,891,892,893
1027,70,331,78,337,849,150,283,221,37,741,1070,950,311,379,380,381,62
704,705,706,707,708,70,80,337,37,429,701,702,703
704,705,706,707,708,573,70,80,37,429,1006,701,702,703
272,917,29,353,226,870,231,360,872,234,873,230,233,1013,62,1081,956,318
641,515,516,140,301,626,1075,632,633,634,635,638,639
641,515,140,300,301,626,1075,632,633,634,635,638,639
1025,902,903,721,722,730,989,863,673,1060,684,888,54,887,760,761,886,831
1033,1034,1035,404,855,862,735,865,490,1074,434,373,950,951,381
1033,1034,1035,404,855,862,735,865,490,1074,434,373,950,951,381
1029,1030,1031,1032,1033,458,330,969,976,851,995,997,998,1001,1003,432,1009,370,1015
646,714,719,657,658,915,916,663,920,728,667,988,731,675,999,691
647,649,714,719,657,915,916,663,728,920,666,667,731,675,693,697
897,898,900,901,838,842,971,657,667,675,805,744,752,690,691,884
897,898,901,838,842,971,591,667,675,805,744,690,691,884,693,703
897,898,901,838,842,591,719,920,988,805,744,690,691,884,703
1026,651,843,920,683,556,557,558,878,560,561,562,559
388,645,5,474,1052,929,486,487,1067,430,369,1009,503,504
194,643,195,197,837,201,730,154,989,739,1060,1061,1063,809,942,434,886,54,831
641,515,516,140,301,626,1075,632,633,634,635,636,638,639
265,329,27,28,220,669,670,672,671,621,496,113,435,628,121
265,401,27,28,220,669,670,672,671,621,496,113,435,121
265,401,27,28,220,669,670,672,671,621,496,113,49,435,121
265,401,27,220,28,669,670,672,671,621,496,113,435,121,570
265,401,27,28,220,669,670,672,671,621,496,113,435,121,570
963,964,965,271,272,83,85,86,87,88,89,1050,97,99,101,939,255
640,641,515,140,301,626,632,633,634,635,636,638,639
640,641,515,140,300,301,626,1075,632,633,635,636,637,638,639
899,900,649,714,971,719,657,658,1041,916,915,728,666,731,667,675,697
968,84,85,88,89,409,99,100,101,934,551,232,939,365,366
193,195,711,148,150,284,352,740,741,747,748,749,750,751,755,567,831
582,586,587,588,844,846,791,732,926,938,880,629,574
676,677,814,815,816,817,818,819,820,821,823,824,825
676,677,814,815,816,817,818,819,820,821,823,824,825
968,907,908,973,909,974,401,540,993,934,810,1071,117,121,570,1022
322,772,782,783,784,785,786,787,788,789,344,799,800,801
834,839,840,1021,983,600,882,885,693,889,890,891,892,893
834,839,840,1021,983,610,680,882,1076,1077,885,889,890,891,892,893
770,771,772,773,774,781,344,217,218,375,686,695,696,765,766,767
900,839,840,843,893,988,559,882,562,1076,1077,885,889,890,892,1021
193,642,720,343,930,679,296,685,173,943,624,625,945,947,948
193,642,720,343,930,679,296,685,622,173,624,625,945,947,948,566
834,900,839,840,893,611,882,885,1077,889,890,891,892,1021
193,642,720,343,930,679,296,685,622,943,624,625,945,947,173,948
900,839,840,714,893,658,915,1051,882,1076,1077,889,890,892,1021
899,900,839,840,649,1021,657,728,731,882,1076,1077,885,889,890,892,893
899,900,839,840,649,893,657,1041,728,731,882,1076,1077,885,890,892,1021
844,846,791,792,793,732,926,994,938,880,629,630,573,574
837,914,730,989,673,1060,1061,1063,1064,809,684,942,886,54,568
844,846,791,792,793,732,926,880,629,630,631,573,574
578,131,581,70,585,1038,732,674,931,615,616,617,618,45,628,310,1081
782,783,784,785,786,787,788,789,799,800,801
322,772,782,783,784,785,786,787,788,789,344,799,800,801
782,783,784,785,786,787,788,789,799,800,801
782,783,784,785,786,787,788,789,799,800,801
771,772,773,774,776,845,781,344,217,218,345,422,40,375,377,765,766
1025,902,903,721,722,730,989,863,673,1060,684,54,887,888,761,886,831
714,651,657,663,920,667,731,668,675,805,744,560,690,691,697,698
768,769,770,771,772,773,774,845,217,218,860,861,422,425,375,376,377,767
768,769,770,771,772,773,774,845,781,217,218,860,861,422,1072,375,377,767
768,769,770,771,772,773,774,845,344,217,218,345,422,375,377,767
768,769,770,771,772,773,774,781,214,217,218,422,375,377,767
382,391,331,78,830,147,927,35,555,299,1070,177,50,372,57,958
194,195,197,1033,1034,201,848,981,855,865,739,1074,62
768,769,771,772,773,774,845,781,217,218,860,861,422,425,375,377,767
768,769,770,771,772,773,774,845,781,217,218,860,861,422,375,377,767
771,772,773,774,845,781,344,217,218,345,860,861,347,422,40,375,377
576,577,578,579,580,581,520,1083,656,23,733,926,605,1056,929,554,627,630,507,699,957
1033,1034,981,855,862,865,356,806,489,813,751,1074,54,951,380
896,899,836,891,840,841,719,675,1065,697,1083,1020,894,895
837,650,717,849,914,796,989,1060,742,1063,809,759,434,242,692,886,887,568,831
834,839,840,719,1021,983,882,885,1077,889,890,891,892,893
647,649,651,660,728,920,666,667,731,668,746,683,558,878,560,698
326,782,783,784,785,786,787,788,789,799,800,801
326,782,783,784,785,786,787,788,789,799,800,801
650,716,717,656,849,914,734,863,759,760,692,886,887,758,761,699,831
322,327,782,783,784,785,786,787,788,789,344,799,800,801
650,716,656,914,863,1064,760,692,949,886,887,758,761,699,831
780,781,347,348,349,798,799,800,801,170,811,108,109,812,1079
394,780,781,340,347,348,349,798,799,800,801,170,811,108,109,812,1079
780,781,340,344,345,347,798,799,800,801,170,811,108,812
780,781,340,344,347,349,798,799,800,801,811,108,109,812,1079
780,781,785,340,344,347,348,798,799,800,801,811,108,109,812,1079
896,899,836,900,649,841,657,1041,916,1065,697,1020,894,895
780,781,340,344,345,346,347,798,799,800,801,108,109,812
896,899,836,456,841,714,777,778,657,915,1065,1020,894,895
832,323,652,210,725,982,598,599,925,350,737,547,549,753,564
834,590,591,592,1041,658,912,723,351,610,680,941,687,753,693,697
148,149,150,151,472,153,602,603,154,604,352,292,747,748,749,751,752,565,379,126
257,71,79,659,729,411,412,293,743,39,40,240,306,182,569,63
71,79,90,411,412,92,287,159,743,42,46,691,884,52,447
320,321,322,325,326,327,521,76,77,144,876,877,319
773,775,776,777,778,779,845,215,984,985,281,219,860,222,421,870,378,1085
773,775,776,777,778,779,845,984,985,281,219,860,421,870,424,378,1084,1085
773,775,776,777,778,779,845,918,215,984,985,281,219,222,870,378,1085
650,717,914,863,864,742,1064,759,887,760,692,886,567,54,761,699,831
772,775,776,777,779,845,918,984,985,281,219,870,40,314,378,251,1085
773,775,776,777,778,779,845,918,215,984,281,219,860,870,424,1084,1085
900,839,840,1021,983,1051,612,882,1076,1077,885,889,890,891,892,893
900,839,840,893,1051,882,1076,885,1077,889,890,891,892,1021
1025,835,837,650,1036,716,1039,1040,913,914,725,737,673,1060,684,239,758,761,572
204,334,720,209,166,167,169,685,622,943,624,625,944,947,945,1082
900,839,1021,1051,988,559,882,562,1076,1077,885,889,890,891,892,893
900,839,893,1043,1051,557,882,1076,1077,885,889,890,892,1021
768,769,770,771,772,773,774,344,217,218,345,375,765,766,767
330,334,399,720,343,930,36,166,295,679,296,998,685,814,303
899,836,900,649,841,657,1041,916,728,731,675,1065,697,894,895
651,149,150,668,746,747,556,683,878,558,752,561,751,691
651,148,149,150,151,747,556,749,558,751,752,561,690,691,884,1077,878,557,889,1021
966,967,535,727,536,537,538,609,355,935,936,937,938
576,579,580,581,388,645,648,528,1048,607,929,486,935,487,937,554,1003,619,1009
641,515,140,724,300,301,626,632,633,634,635,638,639
324,457,204,209,275,404,405,215,218,163,296,303,688,47,569,252,376,185,828
896,899,836,841,719,912,723,596,597,351,675,313,1065,879,753,697,1083,894,895
897,898,901,838,842,915,728,667,675,805,744,690,691,884,1083,703
897,898,901,838,842,587,663,728,667,675,805,744,690,691,884
832,652,912,210,723,596,597,598,599,982,925,350,737,546,548,564,764
714,843,658,920,988,683,556,557,558,559,878,560,562,561
514,517,392,393,137,460,141,146,301,302,1075,635,638,639
896,841,590,719,610,611,612,675,683,940,557,556,560,882,563,697
71,74,90,411,92,412,159,287,614,42,46,307,52,447
832,652,912,401,210,723,596,725,982,599,597,598,351,737,674,548,564,764
256,68,715,204,718,850,851,469,534,216,806,998,490,434,501,373,311
832,896,323,590,591,531,532,533,599,922,923,350,737,549,687,564
704,387,68,69,718,338,852,283,864,608,484,37,1070,51,371,249,379,380,381
1028,331,78,830,337,958,927,1070,943,50,372,311,56,57,382
641,515,516,301,626,1075,632,633,634,635,636,637,638,639
198,71,204,1044,1047,538,860,163,37,491,492,622,946,947,565,1082,574
324,457,395,204,334,209,275,405,539,166,167,303,947
643,714,719,657,658,915,920,731,667,675,805,744,1070,690,691,697,698
90,411,92,412,157,287,614,743,42,46,52,182,447
204,334,720,166,168,169,622,943,944,625,624,947,946,945,1082
204,334,720,166,168,169,622,943,624,625,944,947,946,945,1082
650,1036,717,796,734,863,864,742,887,760,692,886,567,568,761,54,831
1025,902,903,904,721,722,796,797,416,417,673,1064,684,888,831
329,272,670,672,995,230,807,808,1002,431,435,1011,1015,1016,1081,957
835,329,725,27,670,672,737,995,807,808,1002,431,435,1011,1015,1016,1081,957
835,650,1036,656,849,914,913,734,805,744,692,758,887,699,831
776,212,918,344,985,345,281,860,349,222,869,870,872,1072,1073,314,1085
641,515,516,301,626,50,883,632,633,634,635,638,639
963,6,968,83,84,85,86,87,88,89,1050,98,99,100,101,232,810,366,304
67,260,971,653,654,655,992,419,358,105,874,497,246,249,1018,1017
8,9,11,17,81,25,480,484,485,171,172,813,110,115,439
200,1033,1034,148,149,150,151,284,352,165,747,748,749,750,751,752,373,374
512,394,589,1041,1043,726,32,226,290,361,234,233,553,170,687,377,956,575
512,394,845,1041,1045,726,224,290,226,868,361,234,170,553,378,687,314,575
964,965,968,973,974,271,408,89,1050,409,540,101,934,551,810,939,304,511
265,27,220,669,670,671,672,621,496,113,435,121,1081
1027,331,78,337,849,958,927,483,35,1070,951,50,311,57,381,830
256,3,390,781,14,143,274,276,282,798,94,481,420,237,174,241,116,441
582,588,653,846,654,793,605,926,607,992,932,933,936,619,880,627,1012,629,630
517,392,140,141,460,724,299,301,302,1075,635,638,639
520,586,588,653,846,910,791,536,605,926,607,993,994,933,937,619,880,627,574
468,150,471,472,473,154,602,603,158,292,39,1069,174,368,565,568
1025,902,903,721,722,730,863,673,1060,684,888,54,887,760,761,886,831
960,130,132,459,653,654,790,470,88,1049,541,992,162,421,235,442,445,446
676,677,814,815,817,818,819,820,821,823,824,825
677,814,815,817,818,819,820,821,823,824,825
64,66,259,963,583,511,1042,87,152,88,236,173,60,61,127
64,66,259,963,583,511,152,88,357,294,236,60,61,127
64,66,259,583,511,653,654,336,152,88,357,236,173,60,127
130,132,134,459,653,654,399,470,790,88,1049,162,421,615,248,511
67,653,654,655,661,662,1058,419,105,874,246,249,1018
64,66,259,963,583,511,87,152,88,97,236,173,60,61,127
832,513,652,591,210,725,982,598,599,924,925,350,737,547,549,239,564
646,971,719,657,658,663,983,728,920,988,680,686,690,691,693,694,695,696
714,719,657,663,728,920,731,680,686,690,691,693,694,695,696,697
130,132,134,459,653,399,470,1049,162,421,166,295,309,248,442
130,132,134,459,399,470,1049,414,162,421,166,295,309,248,442
130,132,459,653,654,399,470,790,88,1049,541,162,421,235,442,511
64,963,583,511,653,654,336,152,88,541,357,294,236,173,948,60,127
200,1034,715,718,850,851,469,534,1046,216,221,740,741,998,1001,1009,434,373,501
200,1033,203,718,851,404,469,23,216,284,221,1002,107,1009,434,1015,373,374,950,1016
1025,902,903,904,711,722,416,417,673,1064,684,886,888
1025,903,904,711,722,416,673,417,1060,1064,684,886,888,761
68,1028,520,331,78,830,849,657,403,927,1056,37,1070,50,51,311,380,381,958
704,705,707,708,68,131,715,337,1051,28,926,862,37,429,496,497,630,379,701,702,703
704,707,708,68,70,715,271,792,793,987,1051,414,37,938,429,818,380,701,702,703
704,705,706,707,708,70,715,267,337,37,429,702,703
704,705,706,707,708,70,715,267,337,37,429,702,703
583,328,910,1038,336,793,926,1055,33,803,804,937,173,948,566,312,505
134,583,328,588,1038,910,336,1055,33,803,804,936,937,619,173,948,566,312,505
704,705,707,708,70,267,715,337,37,429,49,701,702,703
704,705,706,707,708,387,70,574,337,981,37,429,880,629,701,702,703
200,715,718,850,851,403,469,1046,534,855,216,735,998,1001,434,373,374,501,958
195,451,391,15,22,27,29,30,286,481,802,367,243,628,122,123,382,383
387,200,266,403,469,534,855,735,163,741,806,1001,490,501,373,951,950
966,967,905,535,536,538,475,926,609,1058,937,938,874,1017,1018
387,9,202,463,17,81,19,274,342,282,283,480,484,813,110
388,5,518,645,202,288,486,487,430,369,1013,1014,503,504
1033,1034,1035,849,1046,855,154,1001,1003,1004,1005,1006,1007,1008,434,1010,950,951,379
651,971,719,657,915,660,920,728,731,668,746,683,560,690,691,694,698
833,449,450,518,519,332,333,220,1054,289,437,121
1036,590,591,592,593,664,665,923,924,737,546,547,548,550,953,955
576,577,578,580,581,585,401,596,597,598,599,23,674,103,616,49,438,570,510,511
1091,391,330,715,718,850,851,853,469,534,216,795,997,998,814,821,823
11,81,17,273,24,480,484,485,171,172,813,110,115,439
200,1033,1034,1035,849,1046,855,735,865,490,434,1074,950,951,374
1033,1034,1035,718,850,404,853,1046,855,735,1001,1074,434,950,951
833,450,449,519,332,333,220,1054,288,289,121,437,1081
676,677,814,815,816,817,818,819,820,821,823,824,825
527,676,677,814,815,817,818,819,820,821,823,824,825
676,677,814,816,817,818,819,820,821,823,824,825
960,588,653,661,662,793,991,736,1058,418,1059,419,874,1017,1018
677,814,815,816,817,818,819,820,821,822,823,824,825
677,814,815,816,817,818,819,820,821,823,824,825,826
676,677,814,815,816,817,818,819,820,821,823,824,825
676,677,814,815,816,817,818,819,820,821,822,825,826,827
676,677,814,815,816,817,818,819,820,821,822,823,825,826,827
646,649,714,719,658,915,916,728,666,731,988,675,999,680,690,697
676,677,814,815,816,817,818,819,820,821,822,823,825,826,827
899,649,714,970,719,657,658,915,916,1041,728,666,731,675,680,697
676,677,814,815,816,817,818,819,820,821,822,823,825,826,827
676,677,814,815,816,817,818,819,820,821,822,825,826,827
676,677,814,815,816,817,818,819,820,821,822,823,825,826,827
646,649,971,651,719,657,658,915,916,660,920,728,666,667,668,988,731,697
448,388,645,5,474,1052,929,486,487,1067,430,369,503,504
1025,837,914,730,989,673,1060,1061,684,942,886,758,54,831
1025,837,711,914,730,989,673,1060,1061,684,942,886,758
584,586,653,846,654,475,732,606,607,936,938,619,627,1012,629,574
1026,843,660,683,556,557,558,878,559,561,562
1025,903,904,796,797,416,417,673,1060,1062,1064,684,54,571
1029,1030,1031,1032,977,857,858,987,859,990,1080,1087
1029,1030,1031,1032,977,857,858,987,859,990,1080,1087
1025,838,711,902,903,722,854,730,1051,476,478,416,673,417,742,684,884,886,888,761
388,5,645,518,710,474,929,486,487,430,369,1009,503,504
388,5,645,518,474,929,486,487,1003,430,369,1009,503,504
535,792,536,538,727,732,537,609,355,933,935,936,937,938,880
905,588,727,535,536,538,537,609,994,355,935,936,937,938,629
1033,458,1034,1035,1046,855,995,997,1001,1002,1003,1004,432,1009,951,1074,1015,1016
727,535,536,537,538,732,475,609,935,936,937,938,629
1029,1030,1031,1032,975,976,977,857,858,987,859,990,1080,1087
1042,794,795,545,814,817,818,819,820,821,823,824
1042,794,795,1052,545,1067,814,815,816,822,824,825,826,827
1030,1031,969,975,976,977,18,1021,987,859,990,608,104,1080,125,1087
1025,837,914,730,989,673,1060,1061,1063,809,684,942,886,758
910,654,727,535,536,537,538,609,935,936,937,938,573
837,711,914,730,989,673,1060,1061,1064,809,684,942,886,758
260,966,967,905,399,536,538,475,609,931,358,935,937,938,363,112,627,246
646,649,714,971,719,658,915,916,728,666,667,988,731,999,691,697
713,207,848,914,154,796,797,417,739,740,741,1062,1064,750,881,755,568,831
900,839,840,1021,1051,988,882,1076,1077,885,889,890,891,892,893
1091,330,718,399,850,851,853,795,162,997,998,421,814,821,309,823,248
900,839,840,893,1041,1051,882,1076,885,1077,889,890,892,1021
961,258,644,910,911,336,607,992,543,932,933,935,937,619,627,1012,61
960,644,910,911,605,926,606,992,607,932,933,1000,619,627,248
1091,850,851,853,855,921,986,997,998,814,432,817,819,820,821,822,823
644,582,967,966,586,587,588,844,846,792,793,926,418,937,880,1017,574
72,73,75,159,297,41,43,46,47,688,689,307,52,308,310,55,120,59,124
648,329,269,1038,528,978,727,537,733,929,932,935,616,937,505,507,1081
576,581,978,979,980,23,793,732,926,929,1003,1009,505,506,508,511
576,581,978,979,980,23,88,793,732,926,992,929,505,506,508,511
968,973,974,84,85,408,409,540,99,101,934,551,304
715,204,718,209,850,851,469,534,855,216,221,998,492,622,944,945,947,501
643,837,711,730,989,1060,1061,1063,809,684,942,886,54,380
768,705,769,773,906,150,472,154,477,478,292,297,368,48,434,565,440,379
590,591,592,593,600,601,922,923,665,664,546,548,550,940,941,696,955
395,204,334,166,168,169,622,943,944,945,625,946,947,624,1082
204,334,720,166,168,169,622,943,944,625,946,624,945,947,1082
204,334,166,295,168,169,622,943,944,625,945,624,946,947,1082
896,899,836,841,657,663,675,1065,941,560,698,697,954,953,1020,894,895
204,334,163,166,169,622,943,944,945,946,625,947,624,1082
446,459,844,846,791,792,793,732,926,880,629,630,631,573,574
960,961,844,653,654,541,926,543,544,736,992,542,991,994,993,1000,630
960,961,653,654,541,926,991,544,542,543,992,993,994,936,1000,874,880,629
960,961,964,653,654,541,542,991,544,992,994,543,993,1000,937
644,653,910,911,654,339,535,538,732,991,993,994,932,933,936,1000,627,629,61
966,967,905,586,588,661,662,475,609,355,358,935,936,937
966,967,905,654,535,536,538,475,736,609,993,418,935,936,937,1000,938
204,334,166,295,168,169,622,943,944,625,946,947,624,945,1082
590,591,592,593,531,600,665,922,923,546,547,548,549,550,940,941,953,955
968,973,974,271,84,85,408,409,540,99,100,101,934,551,304
832,129,128,581,972,398,14,94,737,674,548,935,681,427,370,371,564
1001,1002,1003,1004,1005,1006,1007,1008,1009,1010,1068,431,1015,1016
1001,1002,1003,1004,1005,1006,1007,1008,1009,1010,1068,1011,431,1015,1016
1001,1002,1003,1004,1005,1006,1007,1008,1009,1010,1068,431,1015,1016
995,1001,1004,1005,1006,1007,1008,1068,1010,1011,431,1015,1016
37,1002,1003,1004,1005,1006,1007,1008,1068,1010,1011,619,431,1015
995,1001,1004,1005,1006,1007,1008,1068,1010,1011,431,1015,1016
995,1001,1002,1004,1005,1006,1007,1008,1068,1010,1011,431,1015,1016
272,1002,1004,1005,1006,1007,1008,1068,1010,1011,431,1015,1016
272,1002,1004,1005,1006,1007,1008,1068,1010,1011,431,1015,1016
995,1001,1002,1004,1005,1006,1007,1008,1068,1010,1011,431,1015,1016
1001,1002,1003,1004,1005,1006,431,1007,1009,1008,1010,1068,1015,1016
458,1001,1003,1004,1005,1006,1007,1008,1009,1010,1068,1015,1016
995,807,1001,1003,1004,1005,1006,431,1007,1008,1009,1010,1068,1015,1016
902,711,721,722,959,604,476,478,673,1060,742,684,888,949,886,887,568,831
900,840,1036,462,1051,889,863,560,882,885,949,760,761,890,1021,831
968,973,974,84,85,408,409,540,99,100,101,934,551,304
968,973,974,271,727,408,409,540,993,100,101,934,551,1000,304
891,955,840,1083,590,719,591,600,601,922,923,548,940,941,697,954,953
1029,1030,1031,1032,975,976,977,857,859,987,990,286,1080,1087
1029,1030,1031,1032,975,976,977,857,859,987,990,1080,1087
1029,1030,1031,1032,969,976,977,859,987,990,1080,1087
1029,1030,1031,1032,969,976,977,987,859,990,1080,1087
1029,1030,1031,1032,969,976,977,987,859,990,1080,1087
1029,1030,1031,1032,969,976,977,987,859,990,1080,1087
1029,1030,1031,1032,975,976,977,857,858,987,859,990,1080,1087
841,590,591,592,657,1043,663,728,923,731,805,681,298,1076,1077,1019
576,577,578,579,580,581,388,648,584,528,732,929,554,430,1012,629,503
583,328,648,336,528,1042,357,294,173,948,245,566,312,443,61
148,149,150,151,153,602,603,604,352,292,164,747,748,749,750,751,368,752,565,379
966,967,661,662,535,732,736,609,1058,418,419,874,1017,1018
966,654,661,662,732,736,1058,419,418,874,629,1017,1018
650,1036,1051,797,863,864,760,435,949,758,567,568,761,886,1021,831
1028,68,331,78,830,338,927,483,37,299,44,300,1070,372,311,56,958
590,657,1043,600,601,922,923,675,548,940,941,557,953,954,955
900,971,590,657,1041,916,600,601,731,940,941,1077,953,954,955,893,575
960,961,653,654,662,535,541,991,992,993,994,933,936,1000,874,938,629,1017,1018
960,961,653,654,535,536,541,991,992,993,994,936,1000,938,629,1017,1018
960,961,653,654,541,991,992,993,994,1000,936,938,880,629
960,961,653,654,541,926,542,992,993,543,994,607,991,1000,630
266,12,913,339,856,792,990,94,485,745,428,687,500,693,697,187,574
266,12,339,983,856,792,94,675,485,745,428,500,693,694,697,187,574
640,12,339,856,605,94,675,745,428,500,693,761,697,187,636,637,831
640,898,12,339,856,94,675,745,428,500,693,694,697,698,187,636,637
330,459,399,470,162,997,998,421,166,295,814,819,309,822,248,444
832,835,1036,1039,1040,913,912,1057,881,949,758,760,761,572
266,12,339,983,856,792,94,675,485,745,428,500,693,694,697,187,574
193,1028,331,78,830,338,147,958,927,1070,372,311,382
0,1,2,4,10,13,341,24,26,91,474,93,1080
382,1028,331,78,830,338,147,927,483,35,1070,372,311,381,958
963,964,965,968,973,974,271,84,85,88,89,1050,409,99,100,101,551,939,255
963,964,965,968,973,974,271,84,85,87,88,89,1050,409,99,100,101,551,939
963,964,965,968,973,974,272,85,87,89,1050,409,99,100,101,551,939
963,964,965,968,271,83,84,85,86,87,88,89,1050,99,100,101,939,255
968,973,974,408,409,540,99,100,101,934,551,939,304
71,72,73,74,158,159,160,46,688,307,52,308,59
964,1033,1034,1001,1068,1005,1006,1007,1008,1004,1010,1011,431
835,837,650,1036,716,1039,1040,913,914,725,1056,1057,673,684,881,758,761,572
1030,7,712,330,977,18,857,987,990,735,359,940,687,114,499,757,309,953,954
198,910,1044,1047,473,538,163,931,682,491,492,622,946,947,565,1082,574
391,712,526,400,402,22,95,96,928,678,682,367
835,520,913,594,914,725,22,737,741,807,808,103,1002,49,1011,1015,1016,1083,957
391,712,526,400,402,95,96,678,682,367,243,122
391,712,526,15,400,402,22,95,96,678,682,367,188
1029,1030,1031,1032,969,975,976,977,987,859,990,1080
1029,1030,1031,1032,969,975,976,977,987,859,990,1080
1029,1030,1031,1032,969,975,976,977,859,987,990,1080
391,712,526,400,402,22,95,96,678,682,367,243,122
130,459,399,470,790,1049,414,991,415,162,421,166,309,248,442
1025,835,713,1036,716,1039,207,913,912,723,596,725,1057,239,881,758,572
1029,1037,975,977,474,987,1052,858,990,1067,1080,1087
1029,1030,1032,1037,975,977,474,858,1052,987,990,1067,1080,1087
1029,1037,975,977,474,987,1052,858,990,859,1067,1080,1087
834,590,591,600,601,922,923,610,548,680,940,941,687,953,954,955
512,835,1036,589,590,1039,1040,913,1041,1043,600,601,553,687,758,761,575
960,584,844,846,911,605,926,606,607,929,992,1000,619,627,1012,630
899,649,714,971,970,719,657,1041,915,916,728,666,731,988,675,697
960,961,653,654,727,541,542,543,992,736,993,544,994,991,1000
577,709,907,908,909,792,28,672,879,1071,880,496,1074,629,1078,121,573,1022
577,907,908,909,1022,792,732,28,1071,880,496,629,630,62,121,573,574
512,899,900,649,589,1041,657,1043,916,915,728,731,553,575
590,591,592,600,601,922,923,548,940,941,696,953,954,955
647,590,591,592,600,601,922,923,889,675,548,940,941,953,954,955
67,260,653,654,655,992,355,419,358,105,874,497,246,249,1018
644,910,911,535,536,538,991,994,932,933,936,937,235,627,629,248,61
3,899,1019,714,590,591,14,531,922,667,94,999,681,298,691,697,954,955,894
512,835,1036,589,1039,1040,913,914,1041,1043,1057,553,687,881,758,761,572,575
960,961,653,654,910,541,542,543,544,992,993,994,991,1000,573
645,202,735,1001,1002,1003,1004,1005,1068,1006,1007,1009,1008,1011,1010,1013,374,1015,1016,115
641,515,516,140,335,34,301,626,1075,632,633,634,635,638,639
584,586,844,653,846,732,606,607,544,993,1000,619,174,627,1012,629
644,967,586,588,661,662,537,736,1058,994,418,419,874,1017,1018
130,67,260,654,655,271,662,992,1058,355,419,358,105,874,497,246,249
1,2,4,8,9,10,13,341,24,25,26,91,93
265,401,220,669,670,671,672,621,496,113,435,121,570
193,1033,1034,726,855,279,1053,735,613,490,1003,364,1069,1009,1011,950,951,374
1091,459,399,851,853,470,162,997,998,421,166,295,814,819,821,309,823,248,825,826,444
453,782,785,917,353,423,424,425,426,376,377,378,251,252,318
1091,132,330,459,718,399,850,851,20,853,469,534,216,921,998,235,821,248
64,259,583,328,511,1042,978,152,88,236,366,566,312,506,507,60,509,510,127
583,328,395,1038,1042,929,1059,236,173,174,175,948,566,312,250
641,515,517,140,724,299,300,301,302,626,1075,634,635,638,639
391,712,526,15,400,402,22,95,928,96,802,481,367,243,244,122
579,581,391,1037,15,22,1052,928,802,994,1067,367,243,502,1017,122,188,383
960,1018,395,661,662,991,736,418,1059,1058,874,236,1017,250,60
259,519,329,265,511,332,333,401,27,672,289,550,621,435,437,1081,570,572,127
1029,1030,1031,1032,969,975,976,977,987,990,1080,1087
512,589,1041,658,1043,916,728,675,553,170,557,687,563,697,575
11,17,25,484,485,489,171,172,813,110,115,439
11,17,273,25,484,485,489,171,172,813,110,115,439
9,11,17,81,25,480,484,485,489,171,172,813,110,439
11,17,273,342,484,485,489,171,110,115,371,1013,439
11,17,273,342,480,484,485,489,171,813,115,371,439
576,581,11,17,81,273,484,485,489,171,172,813,110,174,115,439
772,773,774,845,212,344,345,860,861,222,1055,102,488,1072,1073,884,375,377,124
0,1,2,4,8,9,10,11,17,19,341,26,91,93,172
0,1,2,8,9,10,13,463,17,91,93,485,172,115
0,1,2,4,8,9,10,13,463,17,341,26,91,93,115
0,1,2,4,8,9,10,11,17,341,26,91,93,489,813,439
1035,205,145,212,919,985,868,869,871,872,873,362,234,425,426,618,617,433,499,122
833,450,449,519,332,333,669,1054,288,289,291,437,1081
449,450,833,518,519,333,1054,288,289,291,437,1081
844,846,791,792,793,732,926,880,497,629,630,631,573,574
962,1091,330,718,399,850,851,20,853,659,855,921,735,998,235,951,248
448,11,463,17,273,342,156,484,485,489,172,813,110,115,439
385,386,905,907,908,844,791,792,793,220,926,1071,1078,118,190,189,1022
581,583,328,336,979,732,1055,33,803,804,935,936,937,619,173,948,566,312,505
520,650,717,656,849,914,797,734,864,568,1070,692,886,887,758,699,831
650,1036,716,913,914,722,863,1057,673,1060,684,888,949,758,887,886,761,831
963,964,965,968,272,84,86,87,88,1050,97,98,99,100,101,934,939
453,214,215,919,354,868,869,423,872,425,424,426,499,376,186,252
833,450,518,519,333,857,859,1054,288,289,291,437,1081,1023
68,69,1028,70,267,337,852,920,88,222,37,422,39,743,40,429,947,379,380
1088,704,68,69,70,708,267,337,413,37,229,429,51,823,826,380
646,649,714,719,658,915,916,728,666,731,988,675,999,690,691
391,712,526,400,402,95,96,678,682,367,244
962,452,712,1037,977,474,1052,375,928,802,38,1067,1014,119
71,73,75,90,158,159,160,297,46,688,48,307,52,59
583,328,336,735,357,294,1002,236,173,1007,1008,114,1011,948,1013,374,1015,1016,566,60,127
391,526,15,22,95,928,96,481,367,243,244,502,122,123
833,449,965,519,329,265,332,333,87,1050,669,1054,670,671,289,103,1081
709,594,595,723,725,982,351,866,298,879,753,762,763,764
1033,1034,1035,718,849,855,862,735,865,741,37,490,1074,373,951
258,336,535,536,537,538,727,357,294,935,936,938,173,948,245,566,60
458,715,267,718,337,850,851,469,534,855,216,735,997,998,1068,434,373,951
1029,1030,1031,1032,976,977,857,859,987,990,1080,1087
71,72,74,158,159,160,46,307,308,52,310,59
3,8,9,14,413,545,229,38,230,104,231,997,1014
1091,399,413,248,162,997,229,230,231,1001,1002,421,1005,1006,1007,1008,432,1010,309,1015,1016
520,651,279,90,411,668,412,157,287,614,743,42,687,182,183,697,700,447
587,588,661,662,538,736,992,1058,1059,418,419,874,1017,1018
576,580,581,648,978,979,980,23,929,874,554,629,505,506,508,1086
1091,853,986,998,1004,1005,1006,1007,1008,432,1010,1068,814
847,344,345,347,348,349,223,227,170,108,109,494,812,1079
768,705,770,3,1033,12,14,143,274,282,922,156,94,748,438,374,441,767
640,516,140,204,461,335,724,34,996,299,626,1075,50,757,632,633,636,637
1025,903,717,796,797,416,417,673,738,806,1062,1064,759,684,241,242,886,118,831
1089,1090,452,712,1037,474,1052,928,1001,1067,1068,1004,1005,49,1010,180,181,1013,508
1089,1090,452,712,202,1037,474,1052,928,1001,1067,1068,1004,49,1010,180,1013,508
449,450,833,518,519,333,1054,288,289,291,1011,437,1016,1081,1023
644,581,391,15,22,536,538,481,802,933,937,367,243,502,505,122,188,383
448,65,652,912,594,595,596,597,598,599,103,239,49,564
323,971,529,530,988,33,610,680,553,106,556,557,558,687,623,878,433,700
323,709,330,593,594,595,664,665,737,866,879,309,762,763
204,334,166,296,168,169,685,622,943,624,625,946,945,947,944,1082
257,71,72,74,79,659,90,92,159,160,163,612,293,743,40,307,52,569,63
391,712,526,400,402,851,95,96,678,682,367,244,122
897,898,901,838,520,842,287,743,884,182,183,700,447
391,331,526,15,830,338,402,958,22,928,802,555,44,367,243,244,179,56,122,382
711,391,650,15,22,150,154,476,481,742,123,367,368,243,244,565,886,502,122,379,831
11,81,17,273,24,480,484,485,171,172,813,110,115,439
