32,133,198,170,20,22,312,218,127
165,46,84,245,56,57,219,61,31
9,299,43,187,56,58,88,220
3,38,236,205,61,116,20,56,221
32,44,116,52,30,189,121,221,222
128,34,39,266,43,85,213,24,223
224,255,5,105,234,45,51,21,159
32,225,229,41,238,17,51,319
226,35,292,293,9,43,179,152,187
257,227,198,8,41,43,142,118,89,58
196,228,5,135,115,147,309,51,54,155
5,229,41,238,17,20,22,218,319
256,33,258,3,5,230,41,45,51
5,231,137,73,202,43,16,311,58
64,33,3,228,232,109,93,22,61
100,101,233,43,175,85,55,24
224,5,265,234,45,51,151,121,189
32,225,5,229,70,41,235,51,54
289,236,46,61,20,56,221,319
5,12,237,81,51,53,214,311,251
327,265,9,43,238,17,121,187,189
34,3,73,43,239,55,216,24
128,196,7,105,170,240,20,117,218
260,69,205,208,241,283,87,89,123
121,98,68,5,313,242,87,249,319
32,13,242,243,51,277,87,249,158
32,79,17,178,244,87,23,216,27
32,258,98,260,229,71,245,87,90
202,269,16,80,275,51,246,87,88
257,7,15,276,87,247,89,93
32,97,70,264,87,248,249,282,92
89,121,264,200,270,87,249,158,319
249,135,75,107,270,87,121,250,158
32,137,270,283,81,87,251,158,319
264,265,42,273,146,284,87,89,252
32,70,264,265,87,249,283,253,158
289,265,269,50,51,87,88,281,254
3,18,51,20,87,217,284,158,255
256,32,69,264,87,249,26,253,158
32,257,249,44,269,248,89,88
32,89,258,269,180,117,88,249,189
259,260,198,70,108,269,109,87,312,249
89,260,198,269,275,246,87,312,281
32,121,261,265,93,87,249,189,158,319
89,262,264,269,112,87,249,253,158
66,259,263,268,47,48,87,25,125
32,121,264,265,87,249,252,253,158
264,265,106,213,87,249,282,283,253
160,257,97,70,266,87,249,92
64,97,34,264,41,267,51,87,88
66,259,99,263,268,87,125,158,31
32,163,198,265,269,244,87,121,253
89,75,270,277,117,87,249,250,158
323,200,142,271,79,51,87,156,158
99,102,263,74,272,84,87,31
265,269,77,176,273,50,87,88,189
96,263,103,302,47,113,274,211,90
103,172,275,246,87,88,281,189
5,7,276,116,86,87,249,189
270,81,242,51,116,277,87,121,158
261,198,269,84,117,278,87,185,94
264,265,210,84,118,279,87,282,253
64,11,244,87,119,280,26,216
289,207,50,275,118,87,281,159
323,262,200,108,109,271,304,177,87,282
160,69,71,42,11,241,213,283,191
32,5,70,41,284,87,282,252,253,191
128,130,131,132,133,285
32,130,131,140,143,214,22,125,286
226,130,134,267,307,123,127,287
288,289,290,128,130,133,131,123,221
289,66,259,74,138,268,122,125,126,127
288,321,290,128,68,131,130,123,221
288,226,291,131,310,124,126
292,293,134,172,175,148,152,158,126
291,292,293,172,175,179,310,158,126
294,42,108,174,145,179,181,150,158
226,292,134,295,172,175,148,310,158
296,145,50,177,179,246,88,153,158
297,155,145,179,312,88,316,189,158,319
198,264,298,144,180,249,155,253,158
291,292,299,172,173,175,310,152,158,126
300,141,177,306,179,150,153
2,71,104,168,301,179,312,250,158
164,302,144,274,18,217,155,158,255
226,292,174,303,175,148,310,158,126
65,164,169,304,146,181,57,90,156
68,186,302,305,180,183,154,29,158
134,41,177,306,179,150,152,153,158
293,134,330,174,307,308,310,152,158
296,328,330,174,82,307,308,55,158
135,297,330,206,147,307,309,155,158
226,292,172,175,307,148,310,158
231,73,169,270,178,146,311,251,158
199,204,205,209,210,312,186,316,189
66,259,195,268,205,210,211,213,313,125
193,5,264,41,201,205,210,314
32,199,201,330,12,187,214,151,315
165,205,210,189,312,186,316,317,319
199,205,206,210,213,312,217,317,316,189
195,199,208,81,210,213,312,318,319
205,210,20,213,215,312,249,319
320,289,194,261,205,207,50,210,215
321,193,68,171,111,209,114,28
322,199,201,202,210,213,312,318,319
323,197,200,205,271,304,210
64,324,5,198,41,205,113,210,213
321,194,68,325,205,305,210,278,215,29
323,326,200,205,143,210,214,187
289,327,202,205,210,215,121,189,319
135,328,297,206,210,308,309
194,229,329,73,202,205,16,210,189
98,323,200,41,271,177,116,54,87,156
257,70,270,81,119,213,87,280,249,158
75,270,48,81,51,277,87,249,250,158
0,103,39,73,43,16,246,120,25,58
224,159,64,3,232,12,183,59,125,255
289,161,226,35,173,242,58,60,221,319
9,43,207,304,49,146,147,145,56,187
289,199,43,173,217,58,316,157,94,319
289,4,7,43,173,51,312,221,189,24
32,5,70,7,202,44,16,52,30,222
64,3,7,73,42,16,20,56,251,31
32,5,198,265,43,269,51,244,187,189
65,43,144,112,146,180,84,59,63
32,5,198,265,51,54,189,30,127
32,323,5,200,44,271,304,177,51,54
32,5,51,20,54,217,189,190,255
5,234,75,16,51,20,213,54,249,250
66,67,38,7,79,143,274,149,56
135,328,9,43,77,238,16,82,308,187
64,290,3,43,205,20,55,24,218
34,4,75,43,242,20,55,24,121,251
32,1,5,229,41,13,213,22,249,218
5,231,137,170,43,173,18,87,58,59
96,224,164,9,234,43,76,45,314,191
32,35,5,7,232,202,43,44,22,218
32,5,199,242,243,20,51,54,121,189
64,4,5,41,43,205,13,55,24,223
225,289,3,5,198,229,41,12,17,60
192,64,32,165,42,16,22,57,30
229,329,73,202,10,43,16,279,58
231,73,202,237,207,16,81,311,59
192,4,38,39,149,55,57,27,62
98,9,43,204,58,187,317,222
256,64,58,5,70,43,87,216,26
225,3,163,133,73,238,16,17,20,58
64,3,163,198,43,142,110,16,58,319
225,163,5,238,16,17,20,213,58,319
32,228,5,229,73,202,16,51,54
32,66,5,135,297,147,51,54,155
5,70,230,265,41,43,45,249,58,30
64,5,70,231,41,43,249,58,59
32,249,5,51,20,54,215,121,189,319
259,263,43,268,47,48,24,25
289,1,261,173,143,16,20,117,22,189
32,5,37,135,328,234,77,79,82,51
198,7,41,274,51,87,56,313,316,31
5,43,238,18,19,50,51,54,222,159
289,38,231,275,20,61,56,57,221
32,135,43,270,16,20,246,249,58,251
64,5,231,42,43,108,213,54,58,59
34,4,43,275,55,312,24,251,189,319
32,5,135,297,206,147,51,309,54,155
32,225,33,229,70,5,41,202,51,92
3,5,39,41,11,205,213,26,223
32,323,5,200,271,177,51,54,30,255
64,33,32,3,5,239,15,51,127
5,230,73,202,234,45,16,51,20,311
5,231,43,173,270,20,87,217,58,59
64,97,5,266,108,45,51,85,26
35,292,5,295,43,303,16,275,58,220
163,5,198,202,43,270,16,20,22,58
32,228,5,265,44,18,51,117,121,317
32,58,330,11,14,18,244,117,25,26
264,265,41,81,83,87,249,253,158
192,289,32,265,269,87,158,316,317,94
89,121,257,261,264,265,93,87,249,253
323,4,200,169,76,304,81,51,87,158
121,69,41,172,108,50,51,87,88,313
121,70,199,264,266,268,243,87,249
32,160,70,264,87,120,249,282,253,158
32,3,198,265,51,87,90,284,189,158
32,261,106,269,79,117,87,186,316,317
257,262,104,73,16,81,48,87,251
32,70,11,243,51,277,87,249,189,158
229,70,202,109,16,81,115,87,26,158
289,122,205,270,242,118,87,250,187,127
323,68,135,200,271,177,116,87,250,156
198,70,75,107,270,81,51,87,249,158
32,89,70,264,157,87,249,282,253,158
98,105,41,77,17,178,116,87,23,27
160,198,70,214,119,280,89,282,87,253
70,265,106,76,242,116,87,249,282,253
68,249,262,75,112,242,116,87,121,250
89,68,5,264,265,116,87,249,251,253
160,64,32,70,11,109,81,87,284,158
97,10,172,270,81,275,180,87,251
32,101,297,77,206,147,309,87,122,155
70,264,265,42,141,51,87,282,253
68,264,41,266,116,86,87,248,249,282
32,68,71,209,20,244,116,189,87,221
32,227,196,260,71,80,19,275,87,255
192,32,44,17,178,244,22,88,89,27
32,89,71,269,213,87,312,249,158,319
32,89,70,71,269,243,244,87,249,282
32,326,71,7,330,14,214,87,31
32,323,71,200,271,143,214,87,187,158
99,304,81,178,51,244,21,87,188,158
68,71,17,116,21,86,23,87,57,188
89,229,73,76,17,244,87,57,188,94
166,39,73,304,178,21,87,120,188,94
224,304,178,51,21,87,122,188,158,127
192,73,91,17,178,87,57,27,188,94
192,202,81,51,244,87,158,188,254,255
225,258,322,229,42,43,213,87,248,89
66,259,99,101,263,74,107,268,87,31
32,67,137,170,330,18,214,88,89,251
6,265,75,270,20,87,57,250,92,158
64,258,249,73,14,87,89,282,94
264,266,75,109,81,51,87,249,250,158
32,70,198,264,265,51,87,249,253,158
89,70,264,108,269,109,87,249,253,158
73,202,266,16,81,82,54,87,89,158
99,40,208,17,178,51,244,87
32,326,71,244,119,214,87,280
192,32,326,71,77,178,244,87,280
0,329,46,81,51,85,87,90,158
99,70,17,51,244,87,249,27,158
97,75,16,81,51,87,88,249,250,91
89,51,276,213,309,215,87,249,189,158
66,259,99,263,74,268,176,87,279,31
32,97,261,330,76,269,51,244,92
64,97,70,282,267,51,87,88,26,253
160,70,106,282,110,116,85,87,26,253
261,172,173,142,109,81,51,117,87,158
198,70,265,269,111,79,51,87,88,282
224,159,32,71,13,19,116,87,187,255
158,73,12,237,81,87,311,251,93,94
121,198,200,51,212,87,88,249,251,319
89,121,264,269,51,84,87,249,158,319
32,70,264,265,51,87,249,251,253,158
32,262,71,106,12,116,245,87,90,219
231,71,73,202,269,51,87,88,218,59
192,71,40,265,42,106,189,117,87,221
36,264,265,74,112,86,87,249,282,253
66,259,99,268,211,87,88,125,158,31
69,208,244,20,181,87,316,253,318,319
225,229,69,329,241,87,120,57,90,157
32,73,270,207,81,51,87,251,158
32,40,205,270,81,87,121,158,254
89,4,104,265,269,117,87,121,122,319
32,330,269,80,51,244,87,88,187,60
257,68,231,73,202,16,81,116,86,87
97,68,266,109,116,244,87,249,189
121,5,70,71,41,79,87,249,282
160,225,98,229,41,42,116,117,87,89
259,99,263,74,268,51,87,125,158,31
89,262,264,265,81,18,87,249,251,253
257,70,264,41,106,87,249,314,253,254
289,261,207,80,18,275,51,87,88,91
98,73,77,270,16,81,116,87,311
32,264,106,118,87,157,249,282,124,253
32,259,165,71,186,77,87,57,90,30
195,262,297,106,206,112,309,87,155
265,73,269,117,87,249,282,251,253,94
97,198,103,205,51,118,87,24,92,221
257,73,202,16,81,51,87,120,89,158
224,0,46,80,81,51,87,158,159
198,265,269,80,51,87,248,282,88,253
109,270,81,242,51,20,87,250,251,158
32,326,71,168,77,51,244,87,158
32,5,264,265,41,107,242,87,121,158
260,249,198,70,269,51,87,89,158
32,104,301,87,250,251,284,158
97,70,267,109,87,249,282,284,158
256,32,26,264,107,83,87,249,282,253
32,89,198,264,265,241,87,249,284,253
256,257,89,70,51,245,87,249,253,158
67,198,200,265,269,18,84,117,87,317
89,58,198,72,73,269,87,249,250,253
89,5,70,75,76,213,87,249,282,158
32,198,44,269,205,142,88,89,93,319
135,297,81,147,309,86,87,122,155
107,237,173,81,51,87,311,251,189,158
289,67,261,198,269,18,51,87,88
89,257,70,115,51,87,248,249,158
262,231,104,270,51,20,87,89,251,158
192,99,70,77,17,51,244,87,90,158
89,198,70,51,213,87,249,91,253,158
249,270,81,209,51,277,87,121,251,158
32,198,70,264,107,269,51,87,249,158
89,70,264,269,109,213,87,249,253,158
68,5,70,264,265,106,116,87,282,189
289,260,105,18,50,275,117,116,87,89
32,265,11,269,84,87,121,253,254
265,41,106,273,94,87,121,317,253
3,265,142,80,81,51,87,88,91,254
66,99,263,268,80,211,51,87,88,125
289,39,265,106,50,116,117,189,87,317
68,73,266,81,116,86,311,87,189
32,71,265,269,117,87,282,156
65,195,166,49,146,178,85,87,316
89,121,264,107,270,51,87,249,250,158
258,68,244,116,86,151,87,249,253
160,32,70,264,46,51,87,249,282,158
160,68,5,70,264,41,106,243,116,87
261,173,109,81,51,20,278,87,312,158
192,32,99,166,71,178,244,21,87,23
32,265,329,42,11,51,87,57,90,158
68,249,69,265,269,116,117,86,87,121
32,68,198,70,41,106,116,87,282,253
32,71,265,106,269,77,244,116,87
68,261,166,107,269,111,116,117,87,91
261,198,269,109,111,81,115,117,87,88
99,260,40,208,17,51,244,87,154,158
258,70,264,265,80,51,179,87,88,249
97,259,202,266,107,270,81,87,249,158
73,202,16,81,51,87,311,251,284,158
249,69,75,51,87,121,250,158,319
158,173,81,18,51,116,117,87,91,222
97,202,108,109,270,16,81,117,87,249
96,67,313,265,269,18,117,87,121
231,200,73,78,81,87,311,249,218,59
68,198,234,106,269,116,87,121,189,254
262,265,282,269,50,116,119,87,89,90
160,257,32,262,51,119,87,279,253,158
266,270,51,85,87,249,250,91,158
96,67,198,265,111,18,117,87,121,319
32,225,229,198,265,41,15,17,87,90
68,264,265,41,106,107,116,87,249,253
32,65,71,77,79,49,244,87,95
68,261,198,166,107,269,45,117,87,316
121,163,264,265,269,242,51,87,249,158
198,269,81,51,87,312,56,253,158,319
160,137,170,142,241,213,87,120,283,254
98,68,264,269,116,86,87,249,282,253
70,199,264,87,280,121,189,319
64,198,70,108,109,117,87,249,282,59
0,108,46,81,51,87,90,27,158
64,97,70,202,268,16,81,51,87,158
68,5,70,198,41,107,269,81,87,94
199,202,270,81,210,119,87,280,251,189
68,106,269,209,244,116,86,87,312,189
65,71,105,106,79,112,144,146,180
66,259,99,263,268,87,119,125,158,31
32,260,40,11,208,241,51,87,158,254
9,234,106,12,77,304,116,214,87,247
32,5,7,51,84,87,249,189,158,319
97,75,109,81,51,277,87,249,250,158
102,329,73,106,84,87,216,91
135,297,91,147,309,182,87,248,155
5,7,265,276,116,117,87,282,189,319
66,259,263,71,268,79,87,31,125,95
160,32,70,71,11,17,114,87,282,158
70,266,109,17,81,51,244,87,27,158
261,269,270,51,277,87,249,250,93,158
264,265,10,75,109,188,87,215,121,28
98,5,70,41,205,113,116,87,282,94
98,71,142,79,242,212,87,313,316,221
166,178,244,21,20,23,87,119
142,79,80,18,19,51,87,88,281,123
75,173,81,275,53,117,87,282,251,189
69,72,78,81,51,244,87,317,158
32,198,265,41,269,146,87,91,253,158
257,99,202,81,51,244,87,89,26,158
97,108,109,111,243,180,277,87,249,250
65,67,112,144,146,18,180,87
32,70,264,80,87,249,282,60,253,158
64,68,202,17,244,116,86,87,28,158
32,197,266,74,272,113,87,248,26,120
32,257,71,40,208,241,87,280,89,254
32,153,198,70,84,182,87,249,282,253
32,121,264,265,242,51,87,249,253,158
32,198,263,207,274,51,87,313,158
32,289,75,269,270,18,87,94,319
323,68,71,200,304,116,86,87,251,156
64,258,198,269,243,20,213,87,283,191
249,198,70,80,51,87,248,121,282,88
164,169,75,304,242,181,121,250,156,189
64,160,3,198,41,202,144,18,155,158
193,198,167,41,106,203,171,149,312,154
226,292,134,296,175,179,310,153,158,126
66,99,47,175,177,211,147,153,125,158
225,229,42,141,145,50,177,150,153,158
292,134,172,175,179,148,310,312,158
323,231,200,167,172,142,271,175,158
32,225,165,168,330,151,90,158
225,227,13,302,144,20,180,90,155,158
323,293,200,172,175,304,20,148,158,255
289,173,144,180,118,88,155,220,221,158
160,289,261,168,173,175,117,118,221,158
195,297,147,182,88,155,158
134,295,172,175,306,307,148,152,158
198,265,170,110,175,50,146,155,157,158
192,160,42,108,144,179,57,155,158
161,4,38,297,149,54,23,155,158
160,161,6,168,108,144,17,151,253
293,134,306,307,152,153,154,155,158
198,330,172,205,142,175,155,189,158
292,231,167,295,172,175,148,310,311,158
75,172,175,242,179,148,250,158
289,165,167,168,173,207,303,275,117,151
225,161,229,165,168,265,270,111,151,158
160,293,167,172,144,307,183,154,316,317
226,292,134,172,175,179,148,310,158
297,206,144,178,147,88,122,155,158
142,174,18,50,147,184,155,316,317,158
292,165,134,168,141,310,151,186,158,126
128,225,2,144,18,117,85,155,61,158
289,172,173,142,175,179,148,310,158
158,174,175,304,146,88,57,90,155,62
292,299,174,303,147,179,216,154,158,184
65,169,144,17,146,244,180,155,92,158
160,265,41,42,108,144,179,155,158
97,161,198,166,266,203,144,250,155,158
193,165,203,171,111,209,151,217,61,158
161,144,112,146,180,155,158
166,170,172,175,307,179,310,312,316,158
99,198,263,168,274,151,313,155,124,159
32,293,330,175,307,179,148,310,152,158
32,196,330,170,175,147,88,90,155,158
226,292,295,172,175,148,310,152,158
131,7,73,202,140,270,16,124,126
128,290,130,131,42,139,146,123
128,131,291,134,295,299,307,126,287
291,292,131,134,307,124,126
288,128,130,131,5,133,140
8,137,138,17,178,244,21,23,27,127
128,130,131,132,140,123,285
128,130,131,5,264,265,42,139,205,123
192,128,130,131,17,82,23,55,123,285
291,292,131,134,310,152,124,126
192,288,128,130,131,168,244,214,23,123
288,128,131,229,73,202,140,16,151,189
291,131,134,307,152,124,126
128,289,131,135,139,142,207,123,221,222
128,130,131,132,290,140,123
288,289,290,128,130,131,140,12,123
128,129,131,168,139,49,24,250,123,221
128,289,130,138,173,207,221,127
128,65,290,129,68,131,146,123,221
128,289,130,37,197,138,113,248,89,127
288,128,130,291,292,131,307,310,126
128,130,131,132,133,139,217,123
192,128,131,197,44,77,17,82,23,123
128,130,131,132,123,285
129,130,131,5,265,41,123,127,189,319
192,128,130,131,135,139,82,55,23,123
128,288,130,131,132,133,136,140
128,129,131,231,123,140,270,242,311,251
226,291,131,134,152,124,126
128,290,131,134,295,310,152,123,287
121,5,200,209,210,212,249,187,319
194,197,231,170,202,205,210,19,278,215
160,194,5,70,41,205,209,210,215,191
191,194,205,270,210,215,312,249,189,319
194,266,205,210,213,215,312,249,318
194,70,41,205,210,213,215,249,189,319
121,205,210,213,215,249,189,319
194,73,202,205,239,210,311,215,251
32,326,73,202,187,210,214,251,189
167,199,73,202,201,187,207,20,251
195,198,202,205,210,211,313,317,189
194,70,72,205,16,17,210,213,215
249,199,265,205,210,216,121,187,319
64,225,3,199,201,270,207,217,314,319
194,260,205,241,210,245,215,57,90,191
289,134,205,207,210,275,51,213,88
289,198,205,18,210,215,313,94,319
256,65,194,205,15,210,180,55,215,191
195,40,330,205,49,210,215,187,221
64,194,5,197,7,205,210,215,89,187
5,265,204,205,208,210,312,187,189,319
192,194,4,205,176,210,148,183,215,159
288,2,194,205,302,207,18,210,215
65,194,195,198,13,205,81,210,312,316
194,5,198,70,41,205,210,215,282,191
66,259,199,268,205,210,211,215,216,125
289,205,207,18,51,210,215,88,220
225,194,229,329,204,205,210,85,215,90
186,266,205,210,213,277,215,312,89,250
289,194,202,205,209,210,275,215,312,319
194,205,142,81,210,275,215,221,189
321,65,290,103,107,205,146,210,214
194,3,164,41,205,209,210,215,26
3,204,205,209,210,213,85,215,61
194,70,41,106,13,205,210,215,282,187
64,70,10,113,210,188,186,28,93,191
77,270,111,205,210,20,215,217,250,187
194,197,73,10,202,42,205,16,210,189
289,324,198,205,210,213,189,312,316,317
194,199,205,210,213,215,312,186,189,319
289,194,205,207,50,275,210,215,25,316
193,201,205,210,314,60,189
198,205,302,18,19,210,215,281,159
194,259,41,74,268,205,210,215,187,125
192,194,135,205,176,210,148,183,215,187
194,323,200,205,271,304,210,215,156
2,194,104,301,205,209,210,215,312,187
98,105,42,9,205,208,210,187,92
326,199,231,202,205,210,214,311,215,251
289,173,205,207,210,213,215,221,60,189
194,197,231,170,202,205,210,278,215
194,73,202,205,16,210,213,215,249,189
256,194,205,15,210,213,215,314,253
5,70,325,41,205,210,215,191
256,194,205,206,210,213,215,249,26,253
194,197,330,12,205,210,214,215,251,191
191,194,198,41,205,210,215,312,249,319
194,327,205,209,210,215,312,187,189,319
258,3,194,5,11,75,205,210,215,191
32,103,173,205,47,210,275,213,88,187
194,323,200,138,205,271,210,215,91
225,194,229,41,205,210,215,90,158,191
192,194,326,42,11,205,208,210,214,187
32,194,330,205,142,18,210,214,187
32,330,204,205,209,210,214,215,312,187
199,205,15,209,210,213,215,312,189,319
66,259,195,268,205,210,211,189,215,125
288,194,227,197,205,210,19,213,278,215
199,41,205,210,213,215,216,249,189,319
89,3,204,205,209,210,85,213,215,249
200,138,91,237,205,210,215,315,189
289,326,173,205,210,214,311,221,215,189
194,195,330,173,205,207,81,210,275,221
64,225,3,326,41,205,210,214,215,90
97,194,266,205,210,213,87,249,215,187
256,64,194,3,262,205,210,213,215,187
194,261,173,205,18,210,117,215,217
3,325,205,209,210,213,189,217,215,61
3,217,167,199,201,207,210,121,319
323,200,205,271,177,210,215,187,156
