1251,739,1062,1223,628,1273,538,1244
1282,741,1285,172,626,723,540,1277,543
740,50,569,443,572,573
742,1127,40,810,718,686,497,1173,727
744,968,844,1046,152,862,1215
1189,747,76,589,941,821,437,447
1157,746,1194,849,1202,822,663,1212,349
100,102,749,14,467,246,22,539,60
389,368,752,658,179,594,1045,595,922,990
1282,675,996,359,753,723,852,920,697
652,945,722,755,756,754,851,1143
1225,587,718,48,433,760,1275,93,703
960,966,40,362,266,588,432,983,311,447
1189,747,589,941,430,86,796,734,447
808,1161,845,1006,703,794,31,349,606,639
321,675,69,41,363,684,607
608,771,1126,777,812,115,347
609,648,908,1133,1102,1007,438,1048,351
357,613,40,362,718,1212,540,893
930,872,1258,410,1170,600,1146,411,1116
614,6,779,972,975,178,628,885
229,934,969,1227,686,497,757,1109,314
804,103,82,758,185,1278
130,706,199,1130,1110,1111,217,410,411,1215
40,811,718,464,723,983,760,893
121,1145,579,550,1098,371,1013,761,799
931,836,873,779,1267,828,767
676,772,777,791,1198,1075,115,631,956
608,1056,611,771,777,60,917,218,956
448,770,648,616,1169,308,668
768,1155,741,1157,1287,422,241,125,350
32,1031,1004,686,785,852,219,860
614,779,628,885,313,828,767
1056,611,771,777,1230,917,60
773,561,850,694,761,442,1279
908,909,911,495,594,791,1208,1209,826
1282,1285,7,172,952,920,697,1279
1250,419,1259,1260,1261,433,787,893
1121,453,394,206,1233,786,26,794,796,317
356,1222,231,24,1211,1117,798
1217,40,589,718,271,399,983,794,252
453,231,1211,624,795,252,1117,798
399,271,304,786,1205,794,831
801,613,806,616,360,497,785,669
289,802,425,777,1198,305,791,247
121,40,1098,1003,371,799,761,893,1279
800,67,230,841,778,812,972,597
1216,642,809,106,139,473,1209,475
1157,810,362,1234,468,661,474,1148
355,613,806,822,1083,1212,349
1121,808,845,13,269,760,1211
1249,227,1127,169,683,236,816,1168,954
835,676,589,1233,1235,821,317,447
362,811,589,656,723,983,185,1212,509
418,194,549,814,375,1210,412,1023
993,1238,759,827,637,575
1248,1281,836,229,779,1210,828,767
355,613,806,746,822,1083,1212
1282,1098,460,850,178,371,723,825,283,509
705,613,426,1290,303,624,604,669
960,609,585,586,715,12,618,725,989,671
259,41,1227,366,303,1210,988,670,607
708,1064,1066,173,727,221,1242,667,797
289,682,718,14,1205,246,439,1272,665,284
420,905,682,170,364,906,597,894
100,743,680,204,534,55,310,218,765
322,227,167,203,140,685,144,626,1205,543
323,259,69,107,684,654
674,1220,908,909,621,594,342,406,118,1119
672,1030,297,811,267,659,821,796
678,759,1133,814,1007,627,438,1238,441
675,69,840,107,684,654
131,356,491,268,690,23,601,379,29
227,1124,1063,760,691,309,918,280,700
1287,1064,618,1198,497,692,1205,727,1112
1281,675,259,107,684,686,654,852,1109
864,960,640,966,751,687,657,725
707,709,325,645,815,688,977,211,1215
1113,801,153,685,689,693,918,280,281,379
1209,715,780,143,723,792,697,1051
197,1190,711,237,1011,120,699,254
644,884,887,537,890,701,222
676,1284,1286,841,1228,1263,702,1183
641,1282,1285,718,626,723,983,187,1277,543
288,0,1124,773,301,1263,625,694
704,257,1092,1125,427,1039,213,696
453,1063,1127,712,807,464,409,379,318
960,710,359,326,336,435,179,723
898,227,708,1157,679,1192,427,950,667
705,1121,967,392,1098,371,1267,1109,1077,604
704,387,372,373,86,1080,1084
40,619,1259,430,433,893,703
1220,621,559,722,754,755,851,406
549,999,1001,1034,720,978,375,1179,157
322,612,1161,588,269,719,822,1271,918
1250,1032,1260,1261,1272,90,893,318
323,69,840,40,684,654,718,607
1282,359,1287,297,716,1232,723,468,1277
640,98,715,621,687,1040,657,185
928,1,46,1200,1041,1016,927
454,1128,777,714,606,845,798,958
802,425,305,247,728,665
322,8,1067,1231,624,1141,918,24,729
649,329,875,309,726,983,920
677,748,237,623,436,310,727
322,324,327,814,724,693,153,346
640,864,98,960,618,715,687,657,725
621,346,1007,944,722,629,1016,441,1210
960,673,359,723,179,920,697,509,638
737,834,355,646,1201,1202,659,661,349
98,738,5,359,585,586,715,1021,638
996,430,1140,1236,1207,1177,31,734,703
1248,1282,454,743,587,623,660,606,735
1027,1284,682,1040,629,634,1276,733
640,864,1284,1286,874,715,687,657,730
1282,1283,132,456,970,142,697,732
160,736,258,643,709,894,122,158
960,290,98,234,46,209,946,1012,1020
153,1127,685,845,626,693,918,281,445
1251,1195,143,1073,723,628,885,1274,1244
677,812,1037,1230,623,177,469,1275
705,1121,967,392,624,402,666,604
738,98,1100,1045,629,634,636,415
1184,1120,418,771,1190,1132,1172,952,636,1149
1186,968,844,625,853,1046,1052,639
257,1125,421,23,632
866,903,617,841,11,809,473,1213
1286,618,874,1040,1106,467,505,477,1183
960,674,485,585,970,586,621,883,697,698
0,869,622,1007,943,915,438,694,444
1252,40,619,1261,433,252,893,703
481,322,677,620,1232,626,187,543
1155,1157,1159,362,1167,1202,659,1212
770,648,906,1102,944,273,656
1221,1190,137,655,120,218,1020,1183
323,69,840,107,684,654
105,970,270,433,852,662,696,665
515,806,646,266,303,20,661,22,535
193,549,232,781,916,660,861
676,645,966,935,751,211,631
736,258,643,707,709,1102,122,158,894
641,1127,685,13,1232,280,281
606,1131,1137,823,1176,794,731,957,638,223
352,384,358,650,1163,1069,955
833,647,648,1002,1102,273,593,1009
1027,585,586,970,9,1100,721,723,697
649,1131,875,1263,1137,1203,726,983,920,731
482,199,968,1130,1046,1111,217,410,411,1215
835,935,874,907,1043,854
962,869,1226,1195,12,973,799,927
13,464,1232,626,723,538,187,540
640,1284,1286,359,715,1040,657,725,695
872,744,968,844,1046,862
738,1027,359,1210,629,1016,634,733,415
738,1027,585,586,634,415
199,968,1001,1130,276,1110,1111,217,410
130,37,968,458,499,1110,1111,410,411,1215
614,1258,972,975,976,859,863
872,1034,878,976,720,978,375,1179
1154,1290,464,179,723,1077,983,187,604
640,292,1255,839,1228,1263,1011,854,1183
34,964,872,1108,1017,924,830
928,0,5,839,620,1041,1016
1256,433,439,1272,893,318,703
1250,1260,1261,433,787,1272,893
608,611,771,777,812,917,347
871,1262,1264,819,959
1188,453,1157,297,334,1232,1233,1266,317
100,1255,812,1230,115,789,952,1114,765
224,37,871,971,1262,1264,819
1248,1253,6,1223,1139,436,1115,639
448,1249,355,624,816,626,216,729,445
674,1220,262,468,117,533,58,1276
804,103,82,758,185,1278
1279,260,773,1098,371,799,761,223
1280,1089,1061,1070,476,1213,351
35,293,652,369,851,342,58
1219,652,1007,945,851,406,1143,1274,1245,1119
1282,453,1287,1232,1266,1205,1277,382
962,869,1158,839,973,942
1284,934,1288,970,77,751,1209,1150
930,872,1258,878,1170,1268,600,1146,1116,639
1282,1188,1222,941,1232,1233,1266,1277,317
616,974,1167,783,1202,659,1242,1212,349
1282,1285,7,172,1199,723,852,440
389,658,595,602,922,990
968,744,1258,844,976,1046,862
1251,675,451,141,1199,178,1267,628
769,804,1194,784,788,1271,1242,1244,797
673,770,359,647,525,1014,634,58
290,1219,1220,1133,118,441,1182,1119
384,805,102,264,1161,426,1162,498,535,539
960,98,676,618,893,718,751,631,408,989
1217,206,271,399,786,794,382
224,1130,815,410,411,1111,122,155,956,1215
674,1219,99,361,621,1135,1045,826,1214
929,1253,6,1223,436,1115
1248,929,1253,6,614,1223,1139,1115
1282,1188,1222,1287,297,1232,1277
674,1220,838,359,621,1045,343
899,934,903,1160,1224,398,1199,599,219
418,194,999,1130,60,1198,310,55,155,956
772,1195,1196,531,957,254,1183
1218,355,1194,43,784,849,663,1242
1157,806,746,1202,822,663,1212
795,611,231,812,172,660,310,55,1211
1248,1281,934,1210,828,1150
1034,976,124,978,600,1146,1179,1116
1282,1188,1287,297,1232,1205,1277
834,612,1157,1189,1006,1266,663,1212,349
1194,1006,1167,1148,849,659,661,1212,349
834,1155,1157,806,1189,589,437,1212,349
834,1189,646,941,974,272,86,796,447
835,935,874,907,1043,854
197,1190,493,655,120,122,1020,158
320,101,1288,825,1178,348
290,1219,361,1133,1007,342,118,1182
257,641,1125,421,1065,632,1273,1086
611,965,1126,812,1198,782,660,948,347,60
1219,1220,908,559,118,406,1119
1121,967,1064,402,1077,1112,666
1024,642,1129,1002,841,1010,408,121,1018
36,293,396,1135,80,369,594,915,342
704,705,227,1127,423,169,814,918,445
1248,872,744,968,1108,1046,1179,862,639
1282,359,1287,297,1128,1232,1277,541
1252,1254,1032,619,1261,430,433
1218,1006,849,1234,659,663,1148,349
1282,1188,1285,1287,297,1232,1266,1277
0,1273,839,653,942,1014,1049,93
1189,614,172,1196,1230,469,1244,285
931,899,710,264,1224,44,463,124
130,482,706,199,815,977,217,410,411
1024,454,391,1225,587,48,440,223
960,225,836,40,1227,723,314
1188,297,334,974,1232,1233,1266,630
585,586,970,723,662,697,1210,1213
960,966,359,488,460,46,723,509
960,874,618,1040,1106,505,477,1183
1095,679,1072,950,954,1053
674,359,647,1102,944,656,723,725
322,227,1127,200,685,918,760,281
994,838,908,1007,594,659,602
1284,1286,1102,1040,1137,722,657,695
899,931,710,903,1265,627,95
899,710,264,1224,44,1199,463,124
682,906,780,751,723,792,1051,894,763
1163,1164,1069,1166,889,955,25
231,874,302,207,340,886,854,988,190
771,777,1263,404,917,630,888,793
640,974,882,1204,1206,630,218,989,1183
581,584,852,567,1241
864,960,1284,1286,1102,1137,695,1209,1018,894
834,1155,1218,1006,1167,849,306,661,349
576,560,850,825,283,1085,1022,223
1272,280,1252,808,845,718,760,1211
847,978,82,758,185,410,411,858,1278
321,69,840,40,107,684,654,718
800,932,773,841,778,850,597,761
34,836,964,779,1227,627,828,767
1220,838,559,945,1143,1245,343
968,844,880,1046,1111,862
266,810,588,304,53,661,831
834,612,357,811,1212,983,215,252,540
390,391,72,650,1164,1069,1076,373,950,955
224,771,1062,232,777,1075,115,789,155,956
356,1222,231,1211,795,1117,798
608,1285,550,812,60,814,1199,1114,412
361,909,910,911,368,1269,1045,602,826,922
896,40,105,1039,338,696,861
356,1060,426,525,912,1141,24,892,1151
1273,359,970,687,143,657,697,1051
672,1030,267,399,659,821,796,447
1029,71,265,528,276,309,1215
706,130,199,295,968,815,217,410,411
832,0,1189,589,941,336,821,1242,1212
225,618,12,1021,1265,725,1270,989,638
418,163,999,1001,1034,720,466,375,536,92
864,674,1027,738,687,497,634,415
418,325,1001,276,1110,375,284,414,1023
1024,1286,1129,1040,1137,1010,1018
460,525,621,49,818,468,1012,541
583,1160,615,1004,398,599,568,1017,985
834,806,1006,849,659,661,663,349
611,812,237,109,748,1008,1037,88
993,909,1238,667,637,575
994,1092,267,908,1007,594,438
614,872,1258,976,375,1179,639
996,1259,1260,430,787,53,1207,1177,734,703
385,673,833,1002,1102,1137,593,1009,695
329,649,875,726,983,920
153,169,301,79,150,984,1113
227,486,169,207,1232,20,1113,988
609,514,420,841,1131,1137,1176,895
992,801,198,686,464,341,661,538
706,67,420,1123,1197,597,1180
901,1004,723,895,151,923,509,639
1185,642,516,292,73,695,698
1187,935,874,1263,630,731,668
1059,776,843,829,782,1047,1242,797
833,673,170,1002,593,1009
1285,677,812,1230,177,1075,115,469,500,1275
161,98,418,835,359,874,371,883,854,631
677,748,623,177,727,1275
34,964,872,1108,1015,1017,924,830
293,1002,652,621,851,1209,58
168,265,1263,309,1206,854,1183
610,325,1098,651,206,304,625,371,983
160,258,709,151,217,122,158,509,30
385,1284,1286,267,687,1040,751,695,894
805,394,43,397,783,849,659,663,380,382
1216,642,293,969,106,505,1169,408,1209
1059,102,1192,843,782,1047,539,829
1254,1032,1259,430,1207,1177,703
482,130,706,2,199,1130,815,688,977,217
1184,1130,1132,276,1110,1111,536,410,411
835,874,467,883,1043,1206,630,854,505,477
76,397,941,271,1233,53,821,317,989,447
609,1284,1286,906,1102,1040,695,1176,731
554,1263,1041,1203,694,630,731,668
288,1185,642,516,839,73,106,121,698
131,504,238,1136,112,498,600,1146,1116
1029,71,265,528,276,309,536,1215
1034,976,124,978,600,1146,1179,1116
928,973,46,1200,346,254,927
705,967,392,1161,489,683,1168,1077,666
194,771,805,777,1005,1038,244,220,1246
1284,1286,1102,494,1040,1137,695,894
928,0,483,5,1226,1041,1049,927
611,777,1037,1008,404,309,888,793
1184,194,418,999,1130,1034,1132,276,55,375
963,818,1208,249,635
224,37,232,879,1043,1235,249,346,155,861
928,0,1200,1041,1016,1049,927
865,938,1107,1044,863,313,1146,639
1221,869,1041,467,1204,630,505,477,254
896,904,1208,249,346,635,1116
1184,1130,1132,276,1110,1111,536,410,411
1216,121,642,516,293,106,408,1209
418,549,1034,976,720,978,375,1146,1179,1116
1187,869,1228,1263,1204,630,505,477,1183
928,0,973,1200,1041,1016,927
418,194,265,1130,1001,276,310,55,1023
1254,40,718,433,119,90,893
1161,269,719,1231,464,1141,822,1271,669
933,1254,1256,1032,439,1272,318
1248,872,968,844,815,977,410,411,862,639
1259,1261,430,433,1207,1272,1177,893,703
512,706,130,295,1110,1111,217,410,411
962,869,839,973,942,1273
512,706,130,295,1110,1111,217,410,411
936,817,881,1048,1050
706,482,199,815,688,977,217,410,411
546,219,1103,403,154,123
936,817,881,1048,1050
34,860,1258,45,639,1171,1108,476,351
1216,384,98,407,676,631,408,698
1228,1263,1041,1203,630,1176,731,668
512,706,130,295,1110,1111,217,410,411
1184,1120,418,1124,265,1132,1172,309,700
1185,668,903,1265,1021,698,892,957,1151
962,869,1158,839,973,942
668,1187,907,1200,630,407,731,156
936,817,881,1048,1050
928,46,1200,1041,1016,93,927
1091,1095,679,950,376,633,954
546,219,818,1174,154,123
931,614,873,969,779,15,1267,828
1185,642,516,292,839,73,1048,698
1153,932,229,6,972,1042,628,639
928,973,1200,1041,1049,93,927
1106,467,883,1204,407,505,477,1183
224,1130,815,410,411,1111,122,155,956,1215
962,869,1158,839,973,942,1270
896,546,219,1103,1174,154,123
224,963,37,232,879,1235,249,155,861
1248,968,844,880,1046,1111,862
130,37,968,458,499,1110,1111,410,411,1215
1124,168,467,309,854,630,1020,1183
420,906,1197,47,339,149,597,315
227,777,429,749,816,245,409,346,827
706,458,815,688,977,499,410,411
224,513,484,37,709,232,723,122,155,1215
1252,1254,1032,439,1272,1177,893
963,818,1011,1208,249,1180
1157,775,1006,849,306,661,349
224,37,1130,815,410,1111,122,411,956,1215
1120,1184,418,777,1132,115,1172,89,346
292,1228,912,467,1011,630,505,892,477,1151
835,874,907,1106,883,854
835,935,874,467,1043,854,505,477
1056,611,204,917,956
130,482,706,199,815,977,217,410,411
962,869,839,973,942,1273
1059,102,1192,843,1047,829,766
928,973,1200,1041,1016,93,927
3,265,972,975,309,859,926
199,1130,815,410,1111,217,122,411,956,1215
1216,288,642,516,293,73,267,408,698
293,1002,652,369,851,342,58
1220,110,1135,910,752,851,1045,1214
194,100,109,660,789,310,55,952
930,872,1258,410,1170,411,600,1146,1179,1116
108,1197,718,468,533,1268,628,1274,541
259,69,107,363,684,654
704,387,227,650,632,114,691,280,954
870,905,878,49,113,1073,892,1213
131,238,1136,112,600,601,1146,1116
866,196,772,846,111,403,154,670
320,101,1288,77,1231,850,348
224,33,100,232,21,789,1114,155,60,765
99,1220,838,1260,1135,911,1214
936,817,881,1048,1050
1216,642,293,134,106,267,505,408,1209
704,705,227,328,105,777,245,604
1184,418,104,1001,651,1132,81,89,413
804,103,82,758,185,1278
1059,843,782,1047,829,766
129,280,1028,650,1163,1164,1074,632,221
131,238,1136,112,600,601,1146,1116
642,1222,201,875,204,141,919,311,126
448,289,770,548,74,622,308,127
135,457,268,78,83,191
482,199,968,1197,149,1110,1111,217,410,411
355,486,136,236,141,497,918,606
1283,132,773,456,461,1134,732
293,134,74,170,906,267,848,408,121
419,1254,119,90,893,703
963,197,1190,711,428,854,120,249
674,1219,262,621,1045,117,475,1276
290,1219,1220,1133,1007,438,118,1182
1224,108,178,1267,1268,340,538,124
354,422,234,241,125,350
579,260,550,761,1013,121,283,223
160,258,709,199,493,217,122,411,158
515,68,100,298,1232,1205,21,952,88
1249,66,386,194,612,1094,1006,29,349
323,451,675,69,40,107,684,852
640,98,67,715,651,621,723,1045,374
227,646,423,72,390,391,691
480,70,231,1288,302,1267,886,825,571,190
2,643,1258,977,1268,87,410,411,509
833,1284,1286,905,906,1040,1009,1010,593,657
963,548,485,74,267,494,273,17
325,751,1039,497,1109,727,56,667,797
451,359,651,525,1109,55,1210,988,1023
1249,1218,705,709,1193,59,849,825,1211
227,679,72,233,491,950,57,954,1212
2,708,200,233,278,23,248,59,61
1056,965,1126,782,60,948,917,956
64,1248,39,872,777,210,410,27
708,1252,613,1223,72,777,173,538,63
1218,806,646,72,1194,849,1202,349
1186,195,549,777,844,852,85,346,862
266,1197,272,1233,432,86,311,447
109,1230,48,789,310,952,88
1120,1184,418,1130,1132,115,1172,1111,346,375
676,1284,695,713,1097,1071,1040,631,1207
419,1254,1259,119,1272,90
480,356,231,777,207,340,886,1052,190
544,899,903,1265,1210,507,95
96,227,612,1127,236,690,115,378
1,97,359,525,46,16,1169,723,725,1173
1189,1193,395,76,397,26,381
547,102,1288,264,77,146,348,539,508
268,78,850,83,56,698,285,287
153,1223,108,79,150,984,1113
481,293,517,73,1135,80,342,535,826
418,860,104,81,310,410,411,220,830,1023
804,103,82,758,1278
135,457,268,543,78,529,83,191
1064,1161,1162,683,781,1168,1112
992,357,198,40,522,718,208,178,885
352,358,650,1163,1164,1166,889
898,195,771,777,875,844,299,862
1155,1159,811,941,1167,659,447
194,418,549,1130,844,310,55,862
1161,1162,460,173,495,464,1168,179,723,221
192,418,194,324,92,466,55,476,862
960,193,98,70,723,340,983,187
287,457,268,78,529,83,191
771,1156,454,777,683,377,378,190
1185,642,676,134,809,1037,1232,788,189
960,1027,1155,1162,1168,626,179,178,723,983
1250,548,1260,209,19,21,1047,188
750,913,979,565,566,1145,283,1085,1022,991
322,281,620,693,918,1113,187
1163,1164,1166,25,955,889
1089,167,207,245,886,1141,693,186
994,1155,1159,1167,659,821
1121,967,392,1077,1112,666
804,103,82,185,1278
449,1059,843,949,1047,183
1113,227,169,203,180,532,245,984,153
449,40,1164,1165,1166,1106,889,667,252
992,291,323,198,181,1174
0,1153,98,1191,329,1077,541,671
801,487,200,491,242,338,216
612,357,1157,811,1212,983,215,252,540,671
679,72,1072,338,213,954,1053
960,1186,585,586,778,625,501,697,285,638
964,262,924,47,273,214,985,284,639
1248,1153,34,964,1191,1108,1175,924,639
1187,676,645,907,211,1206,631
742,583,1004,844,1169,1173,1046,985
960,359,970,300,460,210,723,178,509
1219,1169,1173,1238,759,827,444,575
864,707,10,209,723,312,1020
4,1158,1226,208,1200,569,698,572,573
227,1253,520,203,205,814,691,278,760
1152,227,233,169,207,886,982,1240,1239
933,1256,1260,439,1272,318
165,203,685,144,496,83,693,1113,319
1251,739,1062,776,1073,628,1076,1244,285
1217,40,362,718,206,304,399,983,540
355,805,43,1202,663,1242,349
1248,872,968,815,977,411,410,1179,862,639
549,1001,1130,276,1110,1111,536,375
608,1056,803,764,812,204,917,60,765
197,1190,655,1047,120,1020
704,200,491,1232,529,242,216
643,707,709,815,977,151,410,411,509,1215
153,301,79,20,693,984,1113
736,258,643,647,946,634,122,158
1187,907,1134,182,407,282,156
292,517,1158,147,468,1204,249,540,189
1282,1123,996,5,618,970,146,1012,638
153,227,79,150,984,1113
705,227,521,489,777,683,148,822,378
519,648,460,1102,143,273,308,695,697,1051
1283,132,456,618,142,732
359,234,555,46,912,1137,145,252,892,223
65,518,167,203,140,144,116,1113,62
835,408,874,883,1206,631,854
1219,139,908,909,911,1209,475,1119
166,456,138,44,531,470,539
1113,613,486,136,141,497,822,153
1113,227,203,140,460,144,532,153,1052
618,906,176,497,468,533,541
677,748,237,623,177,469,534
35,652,945,369,179,406,1143,1245
1131,855,1040,1137,407,1176,731
931,904,463,178,1267,124,1150
153,1127,689,20,984,1113
193,66,1127,777,426,685,174,690,252,29
1089,227,169,492,429,207,1231,175,1141,886
1089,227,771,452,167,169,777,203,1232
1089,227,771,1061,169,777,918,984
865,418,931,229,1258,847,976,720,1267
739,100,999,1001,777,204,172,109,917,952
961,610,39,172,48,497,626,468,500,475
482,199,968,1130,1046,1111,217,410,411,1215
835,874,883,630,1206,854
160,258,709,199,410,411,122,158,30
227,294,1063,1127,203,301,429,180,918,795
544,289,166,138,526,212,507,923
832,613,1094,712,778,785,52,729,1087
257,1125,679,345,1065,632,633,1086
260,807,1098,850,371,283,1085,223
1090,1091,1096,1066,1074,950,376,633
835,1187,874,907,1043,854
1090,1091,1028,679,1072,950,633,954
1251,614,938,1107,313,859,863
1089,153,1061,169,1097,497,950,1113
1088,832,616,1066,115,379,958,319
771,712,1065,777,1067,393,338,1080
1028,1095,1096,679,1078,376
1095,679,950,1078,376,345
129,1028,679,717,1074,345
741,626,723,372,373,1080,187,1084,543
1095,679,1078,950,376,954,1083
129,355,613,426,235,1006,540,1212,349
1099,717,338,345,1082
954,1097,365,1071,1081,378,383
1248,966,359,715,525,1102,751,944,656,697
1248,865,418,614,938,1044,600,1146,1116,639
546,219,1103,1174,154,123
679,1099,717,338,950,345,1082
738,1114,1255,1100,629,504,634,415
865,872,938,1107,1146,859,1116,863
643,902,1223,937,940,1104,1107
968,815,410,977,411,1110,1111,600,1146,1179
546,196,574,1105,219,860,1149,830
1092,1125,679,1095,1039,696,345,954
1092,1093,1094,775,696,26,1052,1087
1281,776,1034,1073,436,885,727,1210,828
260,1098,371,121,283,1085,223
1028,679,1065,950,345,954,1086
1097,365,1071,1081,383
1093,1094,261,523,269,377,1087,255
1120,1130,651,1172,276,1243,412,157
472,137,468,533,182,184,1118,282,510
292,553,554,1037,237,274,692
1184,551,1001,1132,276,789,92,414
514,1131,855,1263,1137,407,1176
513,963,484,1134,17,182,249,827
641,1282,1290,460,1138,179,723,1077,1179
1059,1192,782,1073,1047,829
355,805,1194,43,362,1006,784,663,349
355,805,1194,43,663,1242,1212
1058,39,1064,1112,145,402,1077,184,377,27
874,1106,467,1043,854,505,477,1183
1248,6,1223,173,689,436,1268,1115
1248,929,1153,6,1139,1115,639
32,964,41,1147,813,1241,219,830
583,1147,1004,686,846,592,54,219,1149,830
418,934,972,1116,600,124,1150
1153,1191,329,723,1077,540,541,671
1029,71,999,1001,265,299,528,155
1121,1154,613,1290,624,604,669
1155,1159,811,1167,659,311,447
1122,556,401,947,980,566,986,605,1247
929,1251,1253,6,1223,1139,1115
1128,1106,307,1236,1140,1277,734
320,834,355,1156,806,1006,1231,1141,1083,349
199,968,1001,1130,276,1110,1111,217,410
644,884,887,537,890,701,222
482,199,968,1130,1132,1110,1111,217,410
1248,964,1253,6,1139,1115,639
892,912,1011,1019,1180,1151
321,41,107,684,654,592,219,607
196,580,325,852,1109,568,1210
1220,838,908,1133,1007,369,438
995,579,550,1003,556,561,1237,1013
1248,964,1000,1160,398,599
1184,1120,325,999,1034,1132,1172,276,375
1217,359,1193,234,46,1200,723,187,541
931,456,1224,138,44,463,1267
865,3,938,1107,1044,859
567,1031,1033,1035,876,855
1221,869,1041,467,1204,630,505,477,254
1184,610,551,1132,1172,276,414
896,904,1208,249,346,635,1180
773,972,781,850,660,916,347,797
1031,1033,876,846,592,54,855,985,1147
897,846,686,596,54,1241
357,849,659,723,821,53,663,26,447
567,1031,1033,1035,876,855
737,359,586,970,1199,16,723,1267,52,852
576,762,560,565,570,1022
960,225,451,464,435,723,51,983,1215
649,875,1263,1200,726,983,920,731
1024,385,353,1010,787,919,1018
546,219,1103,1174,154,123
928,1,46,1200,1041,1016,927
1,4,359,50,569,443,572,573
1024,418,292,1133,1137,1010,1018
34,583,968,1015,1017,410,411,830
833,870,905,364,113,49,1009,593
641,610,961,651,48,497,468,500,475
580,583,615,568,985,1181
1057,355,1161,1162,947,247,986,379,1247
1056,611,803,764,204,948,917,956
1121,1058,967,392,1098,371,1077,184,666
1248,872,968,844,815,977,410,411,862,639
928,193,329,10,46,1041,1011,346,1213,927
673,610,970,10,11,878,723,1268,953
931,68,1224,463,976,1267,628,124
1090,1028,679,1072,950,633,954,1054
1028,338,372,373,1080,1082,1084,797,1055
1250,419,1252,619,1261,787,893
1250,460,209,19,117,375,312,188
930,872,1258,410,1170,411,600,1146,1179,1116
1249,70,169,688,20,245,984,24
224,100,37,232,488,500,21,311,155
679,717,1072,950,345,954,1053
257,1125,421,23,632
1248,872,968,815,977,411,410,1179,862,639
1089,227,1063,327,169,365,1081,954,1052,383
1120,1184,610,1132,1172,953,1243,412,413
485,261,648,1064,16,885,727,1112,478
1248,580,196,583,615,844,1109,568,862,639
1059,1192,843,782,1047,829,766
130,931,163,92,18,885,919,536,1052
1186,226,195,771,549,844,601,28,862
960,290,365,1073,723,435,983,1081,378,383
679,1095,717,1072,950,954,1053
64,997,1222,39,1168,1011,27,1246,223
453,1222,454,1165,1140,1205,1236,734,31
1248,968,410,411,1110,1111,600,1146,1179,1116
66,227,1127,426,690,24,29,319
385,621,1073,117,759,1213,446,1119
192,642,132,356,1289,468,472,24,58
383,776,1068,365,1071,1078,376,633,1081
609,546,867,196,939,332,852,441,154
352,358,1163,1164,1069,1166,889,955
26,1193,394,395,1073,786,1242,380,957
1280,166,909,1070,911,1171,284,351
1163,1164,1166,25,955,889
674,166,10,460,1070,178,723,1045,351
992,1121,613,38,808,492,495,624
1121,1058,967,1064,402,1112
482,199,968,1130,1046,1111,217,410,411,1215
257,679,1065,717,696,632,345,1086
323,1254,840,40,363,718,592,433
1088,1091,679,1066,1099,633,950,345,954
1248,64,835,39,872,976,1138,630,27,639
388,393,777,1067,950,374,376,1080
33,292,168,346,623,627,469,1114,347
128,706,130,841,688,1111,249,410,411
32,1031,686,431,598,567,985,219
36,809,396,909,911,915,826
1089,227,1061,327,169,1232,760,1113
35,369,179,342,791,406
1251,614,938,1107,1044,313,859,863
1113,1089,153,227,452,1061,1063,1141,409
449,1059,843,53,949,1047
34,1191,1258,1004,914,860,830,639
704,450,227,393,491,620,816,632
389,909,911,594,595,922,990
451,675,40,107,684,718,654,852
1113,452,327,626,153,187,445,543
36,809,396,915,1079,826,956
1282,1188,453,1287,297,1232,1266,1277
1056,769,803,611,917,790,764,765
960,1,454,359,714,1199,178,1267,723
608,193,781,660,916,789,956,797
1157,294,455,135,113,55,150,1238,57
34,41,1004,1229,219,1101,591,921,923
224,1283,132,456,461,694,732
1248,1026,418,335,976,820,919,639
609,814,1135,1045,759,441,1210,1119
736,643,964,709,647,946,1045,151,924
773,460,1232,145,49,723,468,533,182,442
416,34,546,1004,1229,219,591,985,923
1200,50,569,443,572,573,927
1184,549,551,681,1130,1001,1132,276,536
609,993,263,423,1048,346,827,444,575
451,675,40,686,718,943,852,823,925
1248,929,6,872,370,1139,436,1115,639
452,1223,173,685,689,626,1109,693,538,445
673,5,10,11,715,366,723,1213,446
747,941,432,272,53,311,447
65,934,828,1210,627,1150,284,62
960,448,1249,359,525,179,628,1274,989,478
1059,1192,843,782,1047,829,766
1153,932,229,1258,779,972,1042,639
419,1193,619,1260,525,434,787,178,53
644,884,887,537,890,701,222
40,1098,619,718,430,433,893,703
614,972,975,178,562,628,436,885
644,884,887,537,890,701,222
1248,929,1153,6,872,1139,436,1115,639
644,884,887,537,890,701,222
326,300,336,435,179,627,541
586,1133,1007,723,1045,438,1274,187,1182
612,1157,746,1006,1266,437,1212,349
544,546,41,219,154,891
808,1032,1225,777,1067,119,440,729,348
933,1256,1260,439,1272,318
292,912,1011,1019,892,1151
802,425,305,247,728
1248,418,639,880,1108,214,249,346,895
257,1125,421,424,1065,632,1086
897,813,846,272,596,54
227,679,72,427,338,950,23,221
1184,898,195,1132,1073,1111,217,1213
389,40,426,718,497,703,538,922
1248,900,549,872,844,601,858,956,639
619,1259,430,433,1207,1177,734,703
902,937,940,1104,601,858
928,1255,1228,46,1041,1011,1016,927
544,197,837,428,461,627,507,1047,699
833,870,905,170,364,593,1009
357,432,1233,1202,659,723,821,26,447
682,139,460,170,906,364,848,468,475
389,658,595,922,990
32,546,291,492,686,431,115,852,598
803,965,1062,782,60,948,790,1242,764,765
610,999,1111,953,1243,412,413
545,417,359,525,1229,591,468,921,923
384,1,1216,1187,907,46,630,407,408
871,1262,1264,819,959
1217,1122,227,328,270,175,245,409,316,543
768,354,741,422,845,241,125,350
1220,293,652,851,1269,406,118,1119
191,228,646,423,72,298,1202,31
1248,859,614,972,627,863,1179,828,382,639
417,545,359,525,1101,1229,591,468,921
257,1125,421,424,23
1121,967,392,1077,1112,666
1193,394,395,76,26,380
867,291,939,943,981,823,925
1217,40,589,718,271,399,211,983,248,252
737,419,40,718,787,119,90,703
387,393,650,1067,777,950,376
643,359,871,651,971,1198,1262,1264,1073,959
394,395,76,26,380,381,382
292,777,847,404,309,917,888,793
674,35,179,1045,406,727,1081,1119
1121,1058,967,392,1064,402,727,1112
1247,995,998,556,560,561,947,566,986,991
196,111,403,598,760,154,1181,670
130,902,295,937,940,1104,601
704,387,1095,137,650,365,1071,950,955
867,291,939,943,823,925
386,418,454,1127,203,812,281,954,379
902,937,940,1104,1136,1108
385,1071,1073,727,952,1213,382
867,291,939,943,823,925
384,352,650,1163,1069,407,955
1121,1058,967,392,1064,402,1077,1112
449,613,806,843,1047,949,183,1212
390,391,72,1163,1164,1069,1166,1079,955
646,390,72,391,371,1076,1242,667,797
965,1126,60,948,917,347,956
96,388,1067,365,1080,377,827
1056,100,172,109,948,917,952,88,956
386,355,712,115,693,1080,377,954,379
610,551,651,953,1243,413
1097,365,1081,378,383
1095,679,1078,950,376
1125,424,1065,683,1039,632,377,378,1086
801,1121,193,967,109,624,1213,951,797
1091,1095,383,393,365,950,374,633,1081
1097,365,1071,1081,378,383
966,1062,807,1098,957,371,788,1244,797
1193,43,76,395,26,380,381,382
747,397,941,589,317,958,447
1193,394,395,76,26,380,381,382
358,650,1163,1164,1069,1166,950,955
805,394,26,380,381,382
1056,769,611,803,917,790,347,764,765
359,472,780,525,792,763,894
800,706,354,841,778,239,688,249
769,764,776,778,1073,788,1076,1242,826
355,1156,805,1161,43,1006,784,663,349
1056,769,803,790,764,765
193,225,227,1218,613,8,13,1234,1212
608,1056,769,803,764,60,1075,115,956,765
704,1068,365,372,373,1078,376,1081,383
1121,1058,774,967,392,402,666
450,679,72,169,105,954,1212,540
804,103,82,758,1278
1,963,869,1191,329,46,468,541
1056,769,803,790,764,765
899,709,1001,124,754,346,1179,956,509,542
260,807,1098,371,952,121,956,1085
704,355,547,708,549,685,240,624,918
355,805,394,362,784,952,1242,380,1055
263,487,777,600,468,533,952,1146,1116
98,359,780,525,792,763,894
677,748,237,177,469,534,1275
608,769,803,764,812,1075,115,790,60,765
491,1099,717,338,373,1078,376,345,474
997,965,969,395,495,1011,987,797,1246,223
801,136,1067,527,464,497,337,20,538,63
1062,487,137,1036,688,530,115,155,1020
32,546,196,686,850,403,598,825,219
287,457,268,78,529,83,191
98,291,1160,1004,460,398,785,852,1109,1209
1089,227,771,1061,169,180,532,245,984
545,131,618,1136,112,468,504,1146,475,1116
963,326,40,138,74,531,117,1208,541
1121,967,392,522,624,666,510
833,870,905,170,364,593,1009
389,908,594,595,922,990
387,135,231,521,393,777,378,148,918,346
389,559,594,595,602,990,922
961,1186,1001,844,524,48,1110,1111,476,862
897,1004,846,596,54,985
704,355,387,612,520,523,1006,918,255
1184,610,1172,953,1243,412,413
515,228,68,453,1232,628,760,252
576,762,1038,560,400,565,570,1022
706,514,1131,112,852,567,1176,601,223
359,780,525,1197,792,763,894
1090,1186,520,491,691,442,1054
518,631,460,270,178,723,1268,23,475
1056,803,771,764,956,204,60,917,412
131,238,1136,112,600,601,1146,1116
96,521,203,683,365,492,378,508
544,546,41,219,507,154,891
389,911,594,595,922,990
576,762,1003,556,558,560,561,566,570,603
675,522,139,686,1109,184,1209,510
705,1154,613,1290,624,666,604,669
1248,968,410,411,1110,1111,600,1146,1179,1116
833,870,905,170,364,1009,593
1217,1218,796,296,1232,437,502,1212,540
96,613,1231,497,147,1141,501,503,540
545,963,868,682,460,468,533,1208
292,237,1230,274,115,1075,500
867,291,41,140,531,22,539,154,219
643,707,709,744,493,720,151,122,509
547,613,489,1231,1232,1141,501,503,540
866,567,1160,877,398,852,596,599,1241
1098,108,460,498,1267,468,1268,723,988,509
41,1004,1105,914,1022,219,860,830
2,643,1257,815,977,946,1268,410
900,549,777,814,847,880,1104,858
771,1127,393,203,144,496,691,1113,319
900,968,844,601,857,862
486,136,235,108,141,464,497,278
936,817,881,1048,1050
138,74,267,494,113,212,635,127
897,866,583,877,1108,596,985
195,844,495,880,339,791,1208,858,315
1031,1033,1035,876,276,855
545,963,900,490,879,1235,1180,861
199,1197,880,339,149,86,217,122,315
968,649,875,844,983,1046,726,920,862
546,582,840,41,492,718,852,1241,154,219
935,874,1106,467,883,854,505,477
224,608,488,113,21,789,60,861
704,1161,489,683,457,1168,378
871,971,1262,1264,819,959
481,1028,1074,535,474,221
486,136,141,685,464,497,63
361,778,911,368,658,915,788,826
480,929,135,460,207,886,91,190
448,770,261,648,1102,915,827,478,255
867,291,939,943,823,925
968,1116,498,1046,600,1146,476
418,610,549,1191,1258,1132,375,824,1023
618,139,751,468,533,472,58,475
481,609,233,717,474,338,535,1082,221
1248,1026,934,969,335,820,919
963,487,906,848,465,533,1208,635,1180
160,1258,1036,461,1041,473,1149,30
32,964,41,1147,1004,813,1241,219
263,139,496,273,472,1017,475,444,637
321,323,69,1160,107,684,398,819,607
100,1221,488,495,1233,627,471,952
567,1031,1033,1035,876,855
132,166,456,777,138,44,526,470
737,1282,871,1262,1264,920,856,697,959
224,1056,771,37,232,777,237,917,469,155
897,866,877,846,596,54
609,614,263,648,308,885,468,533,952
1126,136,269,464,497,789,538,60,606
130,37,968,458,499,1110,1111,410,411,1215
487,906,848,465,533,1208,1180
710,102,264,44,463,539,62
835,874,907,1043,467,630,854,505,477
546,675,840,842,686,654,592,154,219
1282,1283,132,461,142,723,1012,732
583,1004,914,985,860,830
900,549,326,969,1130,459,495,115,21,60
1120,1184,651,1172,1243,412
287,457,268,78,529,83,191
960,864,1282,359,723,1012,628,1209,1274,284
260,560,850,825,570,283,1085,1022
706,130,199,295,968,815,217,410,411
1251,739,1062,776,1073,628,727,1244,285
1184,549,1130,1258,1132,814,276,824,346
288,1216,640,642,676,516,73,631,698
579,998,550,556,561,564,1013,991
287,457,268,78,529,83,191
290,1219,1135,117,342,118,1182
1184,771,549,551,681,1132,115,276
289,873,1004,972,600,313,859,1116,863
1152,552,1003,557,561,1237,566,982,991
611,292,168,1193,237,786,698,794,957
291,675,325,326,943,946,1268,22,823,925
928,1,46,1200,1041,1016,927
130,706,295,977,151,664,410,411,509
801,294,135,457,78,690,242,537,222
1282,1188,1287,297,1232,1266,1205,1277
834,355,296,43,235,1202,502,663,1212,540
1124,1029,71,968,1130,299,115,1075,1046
68,356,1222,426,298,1205,87,24,152
261,166,138,74,44,494,16,127
262,908,814,1007,110,117,1276
454,263,648,777,627,308,468,533,952
931,264,1224,1004,44,463,1199,178,1150
266,810,304,1202,659,757,86,1212,831
672,932,1030,40,267,983,1273,893
227,1063,969,393,270,495,691,532,249
747,941,589,271,399,796,317,447
962,869,1158,839,1195,12,973,927
357,1189,974,272,1233,659,821,796,447
97,289,963,648,74,814,273,308,827
801,198,294,492,527,337,275,503,29
448,193,1249,231,207,340,277,351
931,902,6,872,108,847,436,278,827
129,236,685,845,760,690,918,280,445
1113,153,227,1127,693,918,984,281
902,937,282,940,1011,600,1146,1116
326,1098,139,651,1198,179,244,1045,1210,988
581,584,567,1241,574
1092,397,941,1084,272,243,885,156,1055
581,582,244,852,567,1241,571,574
1157,487,200,1232,242,1267,216,1277
577,194,578,872,844,375,151,862,1215
354,422,234,241,125,350
865,706,130,295,841,745,493,1108,375,1020
580,583,615,568,985,1181
344,271,304,399,248,250,794
544,545,417,891,359,525,1101,591,723,507
2,707,325,709,999,1034,720,151,375
581,1031,1033,363,876,592,855,1241,574
802,934,425,777,305,247,665
580,583,615,568,985,830
1282,7,40,460,718,723,245,409,540
196,581,584,567,1241,574
869,1158,839,1196,942,254
740,50,569,443,572,573
227,1127,251,945,690,245,379,316,1245
928,740,569,443,572,573,927
960,12,1037,46,179,723,983,538,252
928,740,973,569,443,572,573
419,250,619,331,119,248,1080,794
581,582,584,852,567,1241,571,574
993,751,1238,727,888,1273,637,575
259,107,684,366,686,654,303
160,258,707,709,199,30,217,122,158
577,578,872,1130,844,276,1110,1111,375
257,1125,421,424,1065,23,632,1086
66,1093,775,810,523,719,1168,52,255
581,584,567,1241,574
679,72,427,1072,338,213,950,954,221
260,560,850,825,570,283,1085,223
1152,556,561,563,564,982,1239,991
1056,608,771,764,204,948,917,218,60
675,678,1193,621,562,179,723,1045,187
614,972,975,976,859,828,863
482,199,968,1197,149,1110,1111,217,410,411
1184,194,968,1132,844,862,276,375,220,414
579,590,913,979,1013,1240,1145
227,460,173,464,178,723,1212,221,543
580,583,615,567,568,985
515,68,228,1156,298,1231,1232,1141,760,670
581,584,852,567,1241,574
576,998,556,560,561,566,570,1022,991
225,1251,1223,1227,718,178,628,314
192,224,226,133,17,22,28,862
1152,998,1003,556,590,561,982,1239,1240,991
964,615,1108,1015,1017,985,830,639
481,517,233,234,460,178,723,468,474
1247,995,998,556,561,371,947,566,986,991
768,4,359,234,1226,46,241,125,350
292,553,554,555,1037,274
229,828,1258,124,978,1171,600,1146,1179,1116
292,553,554,555,274,93
325,70,231,1098,302,371,340,886,1211
292,553,554,555,1037,274
968,844,880,1046,1111,862
67,137,841,239,339,597,1175,249
576,550,1038,400,560,570,1237,762
227,491,173,240,113,818,822,23,543
994,559,911,945,1143,1245
579,550,556,561,1013,121,1085,991
227,294,1127,236,430,816,280,281,445
748,237,1230,1008,177,1075,115
1152,991,552,557,561,947,982,1239,986,1247
992,806,360,492,495,785,661,1212
1185,98,4,359,234,525,46,178,723
1218,1194,362,784,849,1234,1148,540
361,909,911,368,369,594,342,826,1214
1121,356,1222,1289,24,1117,798
354,1273,234,778,241,697,667,125,350
352,358,650,1163,1164,1166,955
355,357,646,455,264,266,463,467,53,663
225,929,1251,6,1223,370,1268,436,1244
35,1220,909,1135,369,594,342
704,1071,372,373,950,633,1084,1055
704,1028,1097,372,373,1084,1055
291,259,366,942,244,219,93,670
323,675,363,107,684,654
674,1199,368,16,658,179,1267,1045,723
1,962,4,548,839,973,1102,367,942
992,1121,64,198,686,1231,341,1141
35,1220,1135,80,369,594,342,1182,1119
1220,838,559,945,1143,1245,343
1121,1058,967,392,624,666
0,737,646,72,970,336,1202,723
227,1061,1127,527,1231,337,242,1141
1099,717,338,213,950,345,1082
70,231,812,207,497,723,340,277,988
768,354,422,241,125,350
229,1210,1070,627,214,410,411,351
352,384,325,40,1163,301,751,1039,1267,727
353,1250,1260,1261,433,787,119,1272,893,703
611,40,141,718,976,660,346,1211,893
1056,965,1126,1075,948,917,347,60
320,101,77,1231,1265,1141,348
834,355,806,1006,1234,659,661,349
322,227,327,169,685,374,187,606,543
326,300,336,179,435
1250,837,330,428,1261,787,893
610,707,325,999,720,1111,953,1023,375
194,611,324,297,1232,401,1266,723
323,69,107,684,654
704,322,167,203,140,685,144,1113,543
321,451,675,40,41,852,607
320,101,1288,77,850,1141,348
1026,1223,1198,335,723,628,820,919
334,974,1167,1233,1266,317
1064,618,333,301,751,497,727,888,667
0,451,325,40,939,332,943,852
1027,40,331,119,983,1272,893,703
353,837,330,428,787,312
928,548,869,329,1041,498,180,541
704,1125,424,328,105,338,86
1218,775,1006,849,306,661,663,1212,349
353,1128,297,1106,307,53,794,734
266,206,399,304,271,53,831
425,727,1230,305,497,247,1273,1275,667
706,130,199,295,968,815,217,410,411
193,70,231,423,302,19,340,188
867,259,69,840,492,686,303,852,1177
1089,1127,1063,650,203,300,685,429,588,20
933,1256,439,1272,318
153,618,301,1012,468,1268,150,984,1113
1282,1188,297,334,1233,1266,786,317
832,227,356,203,685,845,760,379,319
225,194,614,1227,1005,976,314,859
420,906,1197,47,339,149,597,315
1217,362,460,1232,849,723,821,663,540,311
1250,418,841,1260,19,309,312,188
448,770,519,308,827,444,189
970,300,1037,469,310,55,888,88
